0.6429008667555324
0.5809644718340293
0.5636859605632886
0.8762043573801606
0.6591322741632876
0.7452575110039822
0.750779682957055
0.8315397840460637
0.784301969419988
0.6920112112712509
0.7604446683762465
0.7957336056361453
0.6142019007050576
0.7839603445061331
0.8069168920927478
0.6199428955047817
0.12480539273393529
0.5569508146660425
0.31819744703614994
0.33530709123393126
0.017182831963632995
0.24687303008847722
0.053430628025678696
0.020666930341667923
0.03952820169808826
0.06848122336288051
0.14286854172116184
0.010447353948645316
0.2083102684673545
0.24184434584719944
0.4709957568995769
0.5056931732883422
0.26991002158563154
0.6452385319070625
0.7126793330080325
0.5263482574677018
0.0706302169104467
0.5989744354230139
0.3176885981128133
0.5595128064593591
0.021703616121528442
0.2931675049073642
0.4346403502022061
0.1293026312890778
0.010054955619509254
0.022880469952776827
0.24128556178259988
0.10453039071388578
0.6592050200733777
0.3416224469646555
0.45466961113458765
0.48474497479741574
0.37550994026951184
0.4992504760801519
0.18119643733486018
0.11016898889563945
0.005050227324270141
0.25887758946080924
0.5011655848412612
0.6689307003297428
0.07011476755556434
0.3230866367775126
0.46978297582735334
0.6859237430872205
0.32702374157863456
0.36633857743869813
0.5514992824187824
0.3495565777200431
0.7768900173496146
0.6793655181560133
0.38697170653955804
0.7414542424857032
0.6374594110383414
0.4969740228969085
0.25219378672179515
