0.320,0.215,0.619,1.42,0.221,0,0.0206,0.4872,0.757,-0.397,0.085,0.052,0.000,0.000,0.000,0.000,0,0,0,0,0.120,0.137,0.059,0.034,0.025,0.017,6,4,3,2
0.303,0.204,0.587,0.85,0.046,0,0.0173,0.3305,0.551,0.06,0.085,0.052,0.000,0.000,0.000,0.000,0,0,0,0,0.120,0.137,0.059,0.034,0.025,0.017,6,4,3,2
0.291,0.246,0.729,0.2,0.291,1,0.0141,0.2119,0.575,0.180,0.085,0.052,0.000,0.000,0.000,0.000,0,0,0,0,0.120,0.137,0.059,0.034,0.025,0.017,6,4,3,2
0.272,0.172,0.557,0,0.000,0,0.0113,0.1254,0.455,0.166,0.085,0.052,0.000,0.000,0.000,0.000,0,0,0,0,0.120,0.137,0.059,0.034,0.025,0.017,6,4,3,2
0.273,0.138,0.499,1.42,0.221,0,0.0091,0.0656,0.303,-0.397,0.085,0.052,0.000,0.000,0.000,0.000,0,0,0,0,0.120,0.137,0.059,0.034,0.025,0.017,6,4,3,2
0.278,0.140,0.457,-1.19,0.219,1,0.0077,0.0271,0.470,0.586,0.085,0.052,0.000,0.000,0.000,0.000,0,0,0,0,0.120,0.137,0.059,0.034,0.025,0.017,6,4,3,2
0.270,0.094,0.187,1.99,0.186,0,0.0070,0.0051,0.228,-0.326,0.085,0.052,0.000,0.000,0.000,0.000,0,0,0,0,0.120,0.137,0.059,0.034,0.025,0.017,6,4,3,2
0.264,0.063,0.001,0.85,0.046,0,0.0068,-0.0050,0.157,0.06,0.085,0.052,0.000,0.000,0.000,0.000,0,0,0,0,0.120,0.137,0.059,0.034,0.025,0.017,6,4,3,2
0.252,0.050,0.022,2.1,0.128,0,0.0072,-0.0069,0.094,0.02,0.085,0.052,0.000,0.000,0.000,0.000,0,0,0,0,0.120,0.137,0.059,0.034,0.025,0.017,6,4,3,2
0.249,0.036,0.007,2.53,0.140,0,0.0079,-0.0044,0.098,-0.121,0.085,0.052,0.000,0.000,0.000,0.000,0,0,0,0,0.120,0.137,0.059,0.034,0.025,0.017,6,4,3,2
0.235,0.047,0.038,2.53,0.140,0,0.0089,0.0007,0.071,-0.121,0.085,0.052,0.000,0.000,0.000,0.000,0,0,0,0,0.120,0.137,0.059,0.034,0.025,0.017,6,4,3,2
0.235,0.048,0.015,1.99,0.186,0,0.0097,0.0041,0.062,-0.326,0.085,0.052,0.000,0.000,0.000,0.000,0,0,0,0,0.120,0.137,0.059,0.034,0.025,0.017,6,4,3,2
0.235,0.045,0.036,2.53,0.140,0,0.0098,0.0035,0.067,-0.121,0.085,0.052,0.000,0.000,0.000,0.000,0,0,0,0,0.120,0.137,0.059,0.034,0.025,0.017,6,4,3,2
0.189,0.045,0.020,3.14,0.186,0,0.0096,0.0011,0.089,-0.486,0.085,0.052,0.000,0.000,0.000,0.000,0,0,0,0,0.120,0.137,0.059,0.034,0.025,0.017,6,4,3,2
0.189,0.041,0.005,2.1,0.128,0,0.0095,0.0012,0.042,0.02,0.085,0.052,0.000,0.000,0.000,0.000,0,0,0,0,0.120,0.137,0.059,0.034,0.025,0.017,6,4,3,2
0.183,0.048,0.079,1.42,0.221,0,0.0095,0.0010,0.071,-0.397,0.085,0.052,0.000,0.000,0.000,0.000,0,0,0,0,0.120,0.137,0.059,0.034,0.025,0.017,6,4,3,2
0.146,0.046,0.036,2.53,0.140,0,0.0098,0.0008,0.091,-0.121,0.085,0.052,0.000,0.000,0.000,0.000,0,0,0,0,0.120,0.137,0.059,0.034,0.025,0.017,6,4,3,2
0.154,0.039,0.003,2.53,0.140,0,0.0083,0.0005,0.123,-0.121,0.085,0.052,0.000,0.000,0.000,0.000,0,0,0,0,0.120,0.137,0.059,0.034,0.025,0.017,6,4,3,2
0.157,0.079,0.002,3.14,0.186,0,0.0081,0.0009,0.123,-0.486,0.085,0.052,0.000,0.000,0.000,0.000,0,0,0,0,0.120,0.137,0.059,0.034,0.025,0.017,6,4,3,2
0.156,0.091,0.011,0.85,0.046,0,0.0036,-0.0008,0.140,0.06,0.085,0.052,0.000,0.000,0.000,0.000,0,0,0,0,0.120,0.137,0.059,0.034,0.025,0.017,6,4,3,2
0.157,0.090,0.174,-1.14,0.131,0,0.0052,-0.0006,0.323,0.987,0.085,0.052,0.000,0.000,0.000,0.000,0,0,0,0,0.120,0.137,0.059,0.034,0.025,0.017,6,4,3,2
0.157,0.084,0.238,1.42,0.221,0,0.0122,0.0013,0.296,-0.397,0.085,0.052,0.000,0.000,0.000,0.000,0,0,0,0,0.120,0.137,0.059,0.034,0.025,0.017,6,4,3,2
0.150,0.081,0.207,0.85,0.046,0,0.0194,0.0027,0.375,0.06,0.085,0.052,0.000,0.000,0.000,0.000,0,0,0,0,0.120,0.137,0.059,0.034,0.025,0.017,6,4,3,2
0.157,0.092,0.253,-0.79,0.151,-1,0.0310,0.0064,0.557,0.736,0.085,0.052,0.000,0.000,0.000,0.000,0,0,0,0,0.120,0.137,0.059,0.034,0.025,0.017,6,4,3,2
0.155,0.096,0.330,0,0.000,0,0.0450,0.0119,0.319,0.166,0.085,0.052,0.000,0.000,0.000,0.000,0,0,0,0,0.120,0.137,0.059,0.034,0.025,0.017,6,4,3,2
0.150,0.105,0.334,0.85,0.046,0,0.0571,0.0170,0.282,0.06,0.085,0.052,0.000,0.000,0.000,0.000,0,0,0,0,0.120,0.137,0.059,0.034,0.025,0.017,6,4,3,2
0.151,0.122,0.226,3.14,0.186,0,0.0666,0.0219,0.218,-0.486,0.085,0.052,0.000,0.000,0.000,0.000,0,0,0,0,0.120,0.137,0.059,0.034,0.025,0.017,6,4,3,2
0.145,0.141,0.527,-0.52,0.062,0,0.0721,0.0262,0.339,0.341,0.085,0.052,0.000,0.000,0.000,0.000,0,0,0,0,0.120,0.137,0.059,0.034,0.025,0.017,6,4,3,2
0.149,0.127,0.703,2.1,0.128,0,0.0731,0.0290,0.183,0.02,0.085,0.052,0.000,0.000,0.000,0.000,0,0,0,0,0.120,0.137,0.059,0.034,0.025,0.017,6,4,3,2
0.152,0.084,0.616,0,0.000,0,0.0676,0.0287,0.264,0.166,0.085,0.052,0.000,0.000,0.000,0.000,0,0,0,0,0.120,0.137,0.059,0.034,0.025,0.017,6,4,3,2
0.144,0.082,0.569,0.85,0.046,0,0.0618,0.0313,0.253,0.06,0.085,0.052,0.000,0.000,0.000,0.000,0,0,0,0,0.120,0.137,0.059,0.034,0.025,0.017,6,4,3,2
0.134,0.086,0.158,2.53,0.140,0,0.0474,0.0258,0.279,-0.121,0.085,0.052,0.000,0.000,0.000,0.000,0,0,0,0,0.120,0.137,0.059,0.034,0.025,0.017,6,4,3,2
0.128,0.098,0.444,-0.08,0.108,0,0.0318,0.0188,0.282,0.059,0.085,0.052,0.000,0.000,0.000,0.000,0,0,0,0,0.120,0.137,0.059,0.034,0.025,0.017,6,4,3,2
0.122,0.114,0.676,-0.52,0.062,0,0.0150,0.0077,0.373,0.341,0.085,0.052,0.000,0.000,0.000,0.000,0,0,0,0,0.120,0.137,0.059,0.034,0.025,0.017,6,4,3,2
0.151,0.081,0.413,-1.1,0.105,-1,0.0121,0.0054,0.468,0.192,0.085,0.052,0.000,0.000,0.000,0.000,0,0,0,0,0.120,0.137,0.059,0.034,0.025,0.017,6,4,3,2
0.151,0.085,0.320,1.99,0.186,0,0.0310,0.0229,0.283,-0.326,0.085,0.052,0.000,0.000,0.000,0.000,0,0,0,0,0.120,0.137,0.059,0.034,0.025,0.017,6,4,3,2
0.144,0.105,0.665,-0.52,0.062,0,0.0634,0.0521,0.299,0.341,0.085,0.052,0.000,0.000,0.000,0.000,0,0,0,0,0.120,0.137,0.059,0.034,0.025,0.017,6,4,3,2
0.151,0.090,0.677,-1.14,0.131,0,0.0953,0.0849,0.375,0.987,0.085,0.052,0.000,0.000,0.000,0.000,0,0,0,0,0.120,0.137,0.059,0.034,0.025,0.017,6,4,3,2
0.137,0.100,0.412,2.1,0.128,0,0.1283,0.1163,0.162,0.02,0.085,0.052,0.000,0.000,0.000,0.000,0,0,0,0,0.120,0.137,0.059,0.034,0.025,0.017,6,4,3,2
0.140,0.086,0.368,1.99,0.186,0,0.1533,0.1407,0.160,-0.326,0.085,0.052,0.000,0.000,0.000,0.000,0,0,0,0,0.120,0.137,0.059,0.034,0.025,0.017,6,4,3,2
0.131,0.151,0.350,-0.08,0.108,0,0.1665,0.1555,0.280,0.059,0.085,0.052,0.000,0.000,0.000,0.000,0,0,0,0,0.120,0.137,0.059,0.034,0.025,0.017,6,4,3,2
0.127,0.227,0.464,1.37,0.298,0,0.1658,0.1568,0.259,-0.510,0.085,0.052,0.000,0.000,0.000,0.000,0,0,0,0,0.120,0.137,0.059,0.034,0.025,0.017,6,4,3,2
0.130,0.155,0.092,1.99,0.186,0,0.1518,0.1440,0.127,-0.326,0.085,0.052,0.000,0.000,0.000,0.000,0,0,0,0,0.120,0.137,0.059,0.034,0.025,0.017,6,4,3,2
0.141,0.185,0.500,-0.08,0.108,0,0.1307,0.1239,0.317,0.059,0.085,0.052,0.000,0.000,0.000,0.000,0,0,0,0,0.120,0.137,0.059,0.034,0.025,0.017,6,4,3,2
0.137,0.131,0.494,0,0.000,0,0.1039,0.0982,0.405,0.166,0.085,0.052,0.000,0.000,0.000,0.000,0,0,0,0,0.120,0.137,0.059,0.034,0.025,0.017,6,4,3,2
0.145,0.122,0.440,0,0.000,0,0.0762,0.0724,0.330,0.166,0.085,0.052,0.000,0.000,0.000,0.000,0,0,0,0,0.120,0.137,0.059,0.034,0.025,0.017,6,4,3,2
0.146,0.131,0.356,-1.14,0.131,0,0.0552,0.0528,0.589,0.987,0.085,0.052,0.000,0.000,0.000,0.000,0,0,0,0,0.120,0.137,0.059,0.034,0.025,0.017,6,4,3,2
0.170,0.143,0.490,0,0.000,0,0.0465,0.0456,0.286,0.166,0.085,0.052,0.000,0.000,0.000,0.000,0,0,0,0,0.120,0.137,0.059,0.034,0.025,0.017,6,4,3,2
0.216,0.162,0.423,-1.14,0.131,0,0.0567,0.0586,0.449,0.987,0.085,0.052,0.000,0.000,0.000,0.000,0,0,0,0,0.120,0.137,0.059,0.034,0.025,0.017,6,4,3,2
0.210,0.219,0.522,-0.52,0.062,0,0.0746,0.0785,0.374,0.341,0.085,0.052,0.000,0.000,0.000,0.000,0,0,0,0,0.120,0.137,0.059,0.034,0.025,0.017,6,4,3,2
0.210,0.172,0.539,-1.14,0.131,0,0.0946,0.1015,0.423,0.987,0.085,0.052,0.000,0.000,0.000,0.000,0,0,0,0,0.120,0.137,0.059,0.034,0.025,0.017,6,4,3,2
0.220,0.219,0.561,-0.42,0.180,0,0.1055,0.1144,0.464,0.318,0.085,0.052,0.000,0.000,0.000,0.000,0,0,0,0,0.120,0.137,0.059,0.034,0.025,0.017,6,4,3,2
0.245,0.220,0.540,2.1,0.128,0,0.1110,0.1199,0.137,0.02,0.085,0.052,0.000,0.000,0.000,0.000,0,0,0,0,0.120,0.137,0.059,0.034,0.025,0.017,6,4,3,2
0.247,0.200,0.495,2.1,0.128,0,0.1233,0.1299,0.177,0.02,0.085,0.052,0.000,0.000,0.000,0.000,0,0,0,0,0.120,0.137,0.059,0.034,0.025,0.017,6,4,3,2
0.223,0.179,0.574,0,0.000,0,0.1376,0.1392,0.343,0.166,0.085,0.052,0.000,0.000,0.000,0.000,0,0,0,0,0.120,0.137,0.059,0.034,0.025,0.017,6,4,3,2
0.210,0.111,0.689,0,0.000,0,0.1573,0.1528,0.263,0.166,0.085,0.052,0.000,0.000,0.000,0.000,0,0,0,0,0.120,0.137,0.059,0.034,0.025,0.017,6,4,3,2
0.197,0.097,0.412,2.53,0.140,0,0.1574,0.1459,0.169,-0.121,0.085,0.052,0.000,0.000,0.000,0.000,0,0,0,0,0.120,0.137,0.059,0.034,0.025,0.017,6,4,3,2
0.197,0.123,0.796,-1.19,0.219,1,0.1577,0.1411,0.428,0.586,0.085,0.052,0.000,0.000,0.000,0.000,0,0,0,0,0.120,0.137,0.059,0.034,0.025,0.017,6,4,3,2
0.186,0.127,0.594,-1.19,0.219,1,0.1637,0.1445,0.409,0.586,0.085,0.052,0.000,0.000,0.000,0.000,0,0,0,0,0.120,0.137,0.059,0.034,0.025,0.017,6,4,3,2
0.201,0.088,0.079,1.99,0.186,0,0.1625,0.1437,0.140,-0.326,0.085,0.052,0.000,0.000,0.000,0.000,0,0,0,0,0.120,0.137,0.059,0.034,0.025,0.017,6,4,3,2
0.186,0.094,0.313,1.99,0.186,0,0.1553,0.1382,0.174,-0.326,0.085,0.052,0.000,0.000,0.000,0.000,0,0,0,0,0.120,0.137,0.059,0.034,0.025,0.017,6,4,3,2
0.195,0.091,0.319,0.85,0.046,0,0.1505,0.1361,0.420,0.06,0.085,0.052,0.000,0.000,0.000,0.000,0,0,0,0,0.120,0.137,0.059,0.034,0.025,0.017,6,4,3,2
0.202,0.097,0.265,0.85,0.046,0,0.1435,0.1329,0.323,0.06,0.085,0.052,0.000,0.000,0.000,0.000,0,0,0,0,0.120,0.137,0.059,0.034,0.025,0.017,6,4,3,2
0.202,0.110,0.214,0.85,0.046,0,0.1318,0.1274,0.221,0.06,0.085,0.052,0.000,0.000,0.000,0.000,0,0,0,0,0.120,0.137,0.059,0.034,0.025,0.017,6,4,3,2
0.169,0.171,0.429,-0.48,0.134,0,0.1159,0.1175,0.448,0.007,0.085,0.052,0.000,0.000,0.000,0.000,0,0,0,0,0.120,0.137,0.059,0.034,0.025,0.017,6,4,3,2
0.170,0.191,0.692,-0.08,0.108,0,0.1050,0.1104,0.412,0.059,0.085,0.052,0.000,0.000,0.000,0.000,0,0,0,0,0.120,0.137,0.059,0.034,0.025,0.017,6,4,3,2
0.166,0.218,0.761,-0.08,0.108,0,0.0964,0.1048,0.351,0.059,0.085,0.052,0.000,0.000,0.000,0.000,0,0,0,0,0.120,0.137,0.059,0.034,0.025,0.017,6,4,3,2
0.203,0.174,0.540,-1.14,0.131,0,0.0913,0.1006,0.478,0.987,0.085,0.052,0.000,0.000,0.000,0.000,0,0,0,0,0.120,0.137,0.059,0.034,0.025,0.017,6,4,3,2
0.174,0.159,0.615,-1.1,0.105,-1,0.0931,0.1003,0.459,0.192,0.085,0.052,0.000,0.000,0.000,0.000,0,0,0,0,0.120,0.137,0.059,0.034,0.025,0.017,6,4,3,2
0.143,0.183,0.986,0.2,0.291,1,0.0989,0.1015,0.328,0.180,0.085,0.052,0.000,0.000,0.000,0.000,0,0,0,0,0.120,0.137,0.059,0.034,0.025,0.017,6,4,3,2
0.144,0.169,0.640,-0.42,0.180,0,0.1035,0.1023,0.425,0.318,0.085,0.052,0.000,0.000,0.000,0.000,0,0,0,0,0.120,0.137,0.059,0.034,0.025,0.017,6,4,3,2
0.148,0.116,0.326,0.85,0.046,0,0.1108,0.1066,0.269,0.06,0.085,0.052,0.000,0.000,0.000,0.000,0,0,0,0,0.120,0.137,0.059,0.034,0.025,0.017,6,4,3,2
0.154,0.111,0.010,0.85,0.046,0,0.1214,0.1151,0.111,0.06,0.085,0.052,0.000,0.000,0.000,0.000,0,0,0,0,0.120,0.137,0.059,0.034,0.025,0.017,6,4,3,2
0.150,0.134,0.313,2.1,0.128,0,0.1367,0.1294,0.133,0.02,0.085,0.052,0.000,0.000,0.000,0.000,0,0,0,0,0.120,0.137,0.059,0.034,0.025,0.017,6,4,3,2
0.142,0.150,0.443,-0.48,0.134,0,0.1314,0.1240,0.379,0.007,0.085,0.052,0.000,0.000,0.000,0.000,0,0,0,0,0.120,0.137,0.059,0.034,0.025,0.017,6,4,3,2
0.203,0.116,0.235,2.1,0.128,0,0.1266,0.1210,0.148,0.02,0.085,0.052,0.000,0.000,0.000,0.000,0,0,0,0,0.120,0.137,0.059,0.034,0.025,0.017,6,4,3,2
0.211,0.102,0.103,1.99,0.186,0,0.1174,0.1141,0.151,-0.326,0.085,0.052,0.000,0.000,0.000,0.000,0,0,0,0,0.120,0.137,0.059,0.034,0.025,0.017,6,4,3,2
0.190,0.142,0.617,-1.19,0.219,1,0.1062,0.1055,0.454,0.586,0.085,0.052,0.000,0.000,0.000,0.000,0,0,0,0,0.120,0.137,0.059,0.034,0.025,0.017,6,4,3,2
0.189,0.136,0.569,-0.52,0.062,0,0.0866,0.0871,0.446,0.341,0.085,0.052,0.000,0.000,0.000,0.000,0,0,0,0,0.120,0.137,0.059,0.034,0.025,0.017,6,4,3,2
0.168,0.112,0.319,0.85,0.046,0,0.0571,0.0592,0.303,0.06,0.085,0.052,0.000,0.000,0.000,0.000,0,0,0,0,0.120,0.137,0.059,0.034,0.025,0.017,6,4,3,2
0.138,0.080,0.412,0.85,0.046,0,0.0477,0.0485,0.391,0.06,0.085,0.052,0.000,0.000,0.000,0.000,0,0,0,0,0.120,0.137,0.059,0.034,0.025,0.017,6,4,3,2
0.144,0.077,0.423,0,0.000,0,0.0529,0.0524,0.344,0.166,0.085,0.052,0.000,0.000,0.000,0.000,0,0,0,0,0.120,0.137,0.059,0.034,0.025,0.017,6,4,3,2
0.144,0.119,0.311,-0.52,0.062,0,0.0699,0.0679,0.342,0.341,0.085,0.052,0.000,0.000,0.000,0.000,0,0,0,0,0.120,0.137,0.059,0.034,0.025,0.017,6,4,3,2
0.144,0.124,0.421,3.14,0.186,0,0.0940,0.0904,0.216,-0.486,0.085,0.052,0.000,0.000,0.000,0.000,0,0,0,0,0.120,0.137,0.059,0.034,0.025,0.017,6,4,3,2
0.139,0.162,0.469,-0.08,0.108,0,0.1233,0.1184,0.378,0.059,0.085,0.052,0.000,0.000,0.000,0.000,0,0,0,0,0.120,0.137,0.059,0.034,0.025,0.017,6,4,3,2
0.156,0.265,0.541,-1.19,0.219,1,0.1476,0.1431,0.452,0.586,0.085,0.052,0.000,0.000,0.000,0.000,0,0,0,0,0.120,0.137,0.059,0.034,0.025,0.017,6,4,3,2
0.155,0.204,0.584,1.99,0.186,0,0.1701,0.1648,0.218,-0.326,0.085,0.052,0.000,0.000,0.000,0.000,0,0,0,0,0.120,0.137,0.059,0.034,0.025,0.017,6,4,3,2
0.190,0.207,0.699,-0.48,0.134,0,0.1825,0.1753,0.308,0.007,0.085,0.052,0.000,0.000,0.000,0.000,0,0,0,0,0.120,0.137,0.059,0.034,0.025,0.017,6,4,3,2
0.160,0.145,0.565,-0.08,0.108,0,0.1912,0.1821,0.355,0.059,0.085,0.052,0.000,0.000,0.000,0.000,0,0,0,0,0.120,0.137,0.059,0.034,0.025,0.017,6,4,3,2
0.156,0.157,0.703,-0.48,0.134,0,0.1876,0.1770,0.475,0.007,0.085,0.052,0.000,0.000,0.000,0.000,0,0,0,0,0.120,0.137,0.059,0.034,0.025,0.017,6,4,3,2
0.155,0.130,0.610,-0.48,0.134,0,0.1728,0.1625,0.370,0.007,0.085,0.052,0.000,0.000,0.000,0.000,0,0,0,0,0.120,0.137,0.059,0.034,0.025,0.017,6,4,3,2
0.131,0.085,0.424,0.85,0.046,0,0.1520,0.1432,0.244,0.06,0.085,0.052,0.000,0.000,0.000,0.000,0,0,0,0,0.120,0.137,0.059,0.034,0.025,0.017,6,4,3,2
0.125,0.071,0.504,0.85,0.046,0,0.1300,0.1241,0.418,0.06,0.085,0.052,0.000,0.000,0.000,0.000,0,0,0,0,0.120,0.137,0.059,0.034,0.025,0.017,6,4,3,2
0.114,0.072,0.245,0.85,0.046,0,0.1111,0.1099,0.460,0.06,0.085,0.052,0.000,0.000,0.000,0.000,0,0,0,0,0.120,0.137,0.059,0.034,0.025,0.017,6,4,3,2
0.104,0.095,0.245,1.99,0.186,0,0.1052,0.1069,0.287,-0.326,0.085,0.052,0.000,0.000,0.000,0.000,0,0,0,0,0.120,0.137,0.059,0.034,0.025,0.017,6,4,3,2
0.136,0.097,0.563,-1.14,0.131,0,0.1151,0.1176,0.441,0.987,0.085,0.052,0.000,0.000,0.000,0.000,0,0,0,0,0.120,0.137,0.059,0.034,0.025,0.017,6,4,3,2
0.107,0.122,0.691,0,0.000,0,0.1212,0.1232,0.483,0.166,0.085,0.052,0.000,0.000,0.000,0.000,0,0,0,0,0.120,0.137,0.059,0.034,0.025,0.017,6,4,3,2
0.113,0.127,0.629,-1.19,0.219,1,0.1091,0.1130,0.496,0.586,0.085,0.052,0.000,0.000,0.000,0.000,0,0,0,0,0.120,0.137,0.059,0.034,0.025,0.017,6,4,3,2
0.127,0.094,0.299,2.1,0.128,0,0.1030,0.1075,0.204,0.02,0.085,0.052,0.000,0.000,0.000,0.000,0,0,0,0,0.120,0.137,0.059,0.034,0.025,0.017,6,4,3,2
0.127,0.092,0.417,0,0.000,0,0.0990,0.1056,0.369,0.166,0.085,0.052,0.000,0.000,0.000,0.000,0,0,0,0,0.120,0.137,0.059,0.034,0.025,0.017,6,4,3,2
0.142,0.103,0.435,2.53,0.140,0,0.1013,0.1110,0.248,-0.121,0.085,0.052,0.000,0.000,0.000,0.000,0,0,0,0,0.120,0.137,0.059,0.034,0.025,0.017,6,4,3,2
0.142,0.164,0.632,-0.48,0.134,0,0.0938,0.1040,0.445,0.007,0.085,0.052,0.000,0.000,0.000,0.000,0,0,0,0,0.120,0.137,0.059,0.034,0.025,0.017,6,4,3,2
0.145,0.139,0.492,3.14,0.186,0,0.0897,0.0962,0.165,-0.486,0.085,0.052,0.000,0.000,0.000,0.000,0,0,0,0,0.120,0.137,0.059,0.034,0.025,0.017,6,4,3,2
0.123,0.154,0.446,-1.14,0.131,0,0.0811,0.0827,0.330,0.987,0.085,0.052,0.000,0.000,0.000,0.000,0,0,0,0,0.120,0.137,0.059,0.034,0.025,0.017,6,4,3,2
0.116,0.231,0.598,1.37,0.298,0,0.0758,0.0742,0.264,-0.510,0.085,0.052,0.000,0.000,0.000,0.000,0,0,0,0,0.120,0.137,0.059,0.034,0.025,0.017,6,4,3,2
0.117,0.159,0.600,-1.19,0.219,1,0.0656,0.0656,0.429,0.586,0.085,0.052,0.000,0.000,0.000,0.000,0,0,0,0,0.120,0.137,0.059,0.034,0.025,0.017,6,4,3,2
0.151,0.168,0.515,3.14,0.186,0,0.0688,0.0788,0.223,-0.486,0.085,0.052,0.000,0.000,0.000,0.000,0,0,0,0,0.120,0.137,0.059,0.034,0.025,0.017,6,4,3,2
0.122,0.176,0.607,-0.52,0.062,0,0.0686,0.1012,0.301,0.341,0.085,0.052,0.000,0.000,0.000,0.000,0,0,0,0,0.120,0.137,0.059,0.034,0.025,0.017,6,4,3,2
0.096,0.180,0.567,-0.08,0.108,0,0.0748,0.1419,0.394,0.059,0.085,0.052,0.000,0.000,0.000,0.000,0,0,0,0,0.120,0.137,0.059,0.034,0.025,0.017,6,4,3,2
0.090,0.191,0.585,-0.08,0.108,0,0.0794,0.1965,0.398,0.059,0.085,0.052,0.000,0.000,0.000,0.000,0,0,0,0,0.120,0.137,0.059,0.034,0.025,0.017,6,4,3,2
0.085,0.176,0.452,-0.08,0.108,0,0.0834,0.2621,0.431,0.059,0.085,0.052,0.000,0.000,0.000,0.000,0,0,0,0,0.120,0.137,0.059,0.034,0.025,0.017,6,4,3,2
0.081,0.153,0.509,-0.48,0.134,0,0.0862,0.3355,0.433,0.007,0.085,0.052,0.000,0.000,0.000,0.000,0,0,0,0,0.120,0.137,0.059,0.034,0.025,0.017,6,4,3,2
0.097,0.100,0.306,2.1,0.128,0,0.0878,0.4136,0.244,0.02,0.085,0.052,0.000,0.000,0.000,0.000,0,0,0,0,0.120,0.137,0.059,0.034,0.025,0.017,6,4,3,2
0.097,0.086,0.421,-0.48,0.134,0,0.0890,0.4928,0.453,0.007,0.085,0.052,0.000,0.000,0.000,0.000,0,0,0,0,0.120,0.137,0.059,0.034,0.025,0.017,6,4,3,2
0.099,0.064,0.576,-0.08,0.108,0,0.0918,0.5703,0.423,0.059,0.085,0.052,0.000,0.000,0.000,0.000,0,0,0,0,0.120,0.137,0.059,0.034,0.025,0.017,6,4,3,2
0.115,0.043,0.275,2.53,0.140,0,0.0991,0.6435,0.384,-0.121,0.085,0.052,0.000,0.000,0.000,0.000,0,0,0,0,0.120,0.137,0.059,0.034,0.025,0.017,6,4,3,2
0.075,0.040,0.568,-1.19,0.219,1,0.1155,0.7107,0.560,0.586,0.085,0.052,0.000,0.000,0.000,0.000,0,0,0,0,0.120,0.137,0.059,0.034,0.025,0.017,6,4,3,2
0.073,0.048,0.307,1.69,0.290,0,0.1471,0.7717,0.572,-0.697,0.085,0.052,0.000,0.000,0.000,0.000,0,0,0,0,0.120,0.137,0.059,0.034,0.025,0.017,6,4,3,2
