0.073,0.135,0.655,1.42,0.221,0,0.1133,0.7843,0.757,-0.397,0.162,0.118,0.069,0.018,0.000,0.000,11,5,0,0,0.175,0.142,0.127,0.044,0.011,0.007,27,7,3,2
0.039,0.112,0.656,2.53,0.140,0,0.1163,0.7447,0.407,-0.121,0.162,0.118,0.069,0.018,0.000,0.000,11,5,0,0,0.175,0.142,0.127,0.044,0.011,0.007,27,7,3,2
0.064,0.245,0.673,-0.52,0.062,0,0.1086,0.6786,0.403,0.341,0.162,0.118,0.069,0.018,0.000,0.000,11,5,0,0,0.175,0.142,0.127,0.044,0.011,0.007,27,7,3,2
0.075,0.283,0.752,0.2,0.291,1,0.0967,0.5972,0.435,0.180,0.162,0.118,0.069,0.018,0.000,0.000,11,5,0,0,0.175,0.142,0.127,0.044,0.011,0.007,27,7,3,2
0.075,0.261,0.432,-0.52,0.062,0,0.0851,0.5096,0.337,0.341,0.162,0.118,0.069,0.018,0.000,0.000,11,5,0,0,0.175,0.142,0.127,0.044,0.011,0.007,27,7,3,2
0.076,0.309,0.587,-1.14,0.131,0,0.0769,0.4236,0.433,0.987,0.162,0.118,0.069,0.018,0.000,0.000,11,5,0,0,0.175,0.142,0.127,0.044,0.011,0.007,27,7,3,2
0.062,0.285,0.650,1.69,0.290,0,0.0738,0.3448,0.245,-0.697,0.162,0.118,0.069,0.018,0.000,0.000,11,5,0,0,0.175,0.142,0.127,0.044,0.011,0.007,27,7,3,2
0.054,0.307,0.438,-0.79,0.151,-1,0.0763,0.2777,0.493,0.736,0.162,0.118,0.069,0.018,0.000,0.000,11,5,0,0,0.175,0.142,0.127,0.044,0.011,0.007,27,7,3,2
0.059,0.378,0.418,-0.52,0.062,0,0.0839,0.2247,0.333,0.341,0.162,0.118,0.069,0.018,0.000,0.000,11,5,0,0,0.175,0.142,0.127,0.044,0.011,0.007,27,7,3,2
0.050,0.362,0.622,1.69,0.290,0,0.0954,0.1871,0.232,-0.697,0.162,0.118,0.069,0.018,0.000,0.000,11,5,0,0,0.175,0.142,0.127,0.044,0.011,0.007,27,7,3,2
0.056,0.712,0.403,-0.42,0.180,0,0.1040,0.1618,0.377,0.318,0.162,0.118,0.069,0.018,0.000,0.000,11,5,0,0,0.175,0.142,0.127,0.044,0.011,0.007,27,7,3,2
0.050,0.480,0.455,1.76,0.409,0,0.1212,0.1578,0.159,-0.884,0.162,0.118,0.069,0.018,0.000,0.000,11,5,0,0,0.175,0.142,0.127,0.044,0.011,0.007,27,7,3,2
0.048,0.732,0.616,-1.19,0.219,1,0.1363,0.1643,0.340,0.586,0.162,0.118,0.069,0.018,0.000,0.000,11,5,0,0,0.175,0.142,0.127,0.044,0.011,0.007,27,7,3,2
0.044,0.459,0.423,-0.52,0.062,0,0.1465,0.1744,0.284,0.341,0.162,0.118,0.069,0.018,0.000,0.000,11,5,0,0,0.175,0.142,0.127,0.044,0.011,0.007,27,7,3,2
0.041,0.377,0.255,-1.1,0.105,-1,0.1371,0.1699,0.323,0.192,0.162,0.118,0.069,0.018,0.000,0.000,11,5,0,0,0.175,0.142,0.127,0.044,0.011,0.007,27,7,3,2
0.032,0.349,0.133,3.14,0.186,0,0.1161,0.1526,0.149,-0.486,0.162,0.118,0.069,0.018,0.000,0.000,11,5,0,0,0.175,0.142,0.127,0.044,0.011,0.007,27,7,3,2
0.027,0.376,0.572,1.69,0.290,0,0.0946,0.1337,0.155,-0.697,0.162,0.118,0.069,0.018,0.000,0.000,11,5,0,0,0.175,0.142,0.127,0.044,0.011,0.007,27,7,3,2
0.030,0.355,0.318,-0.48,0.134,0,0.0739,0.1113,0.346,0.007,0.162,0.118,0.069,0.018,0.000,0.000,11,5,0,0,0.175,0.142,0.127,0.044,0.011,0.007,27,7,3,2
0.037,0.234,0.257,2.1,0.128,0,0.0570,0.0903,0.092,0.02,0.162,0.118,0.069,0.018,0.000,0.000,11,5,0,0,0.175,0.142,0.127,0.044,0.011,0.007,27,7,3,2
0.035,0.208,0.368,-0.79,0.151,-1,0.0429,0.0712,0.475,0.736,0.162,0.118,0.069,0.018,0.000,0.000,11,5,0,0,0.175,0.142,0.127,0.044,0.011,0.007,27,7,3,2
0.043,0.278,0.431,-0.52,0.062,0,0.0406,0.0640,0.314,0.341,0.162,0.118,0.069,0.018,0.000,0.000,11,5,0,0,0.175,0.142,0.127,0.044,0.011,0.007,27,7,3,2
0.036,0.306,0.347,-0.08,0.108,0,0.0444,0.0646,0.333,0.059,0.162,0.118,0.069,0.018,0.000,0.000,11,5,0,0,0.175,0.142,0.127,0.044,0.011,0.007,27,7,3,2
0.051,0.260,0.304,-1.1,0.105,-1,0.0538,0.0706,0.305,0.192,0.162,0.118,0.069,0.018,0.000,0.000,11,5,0,0,0.175,0.142,0.127,0.044,0.011,0.007,27,7,3,2
0.033,0.181,0.053,3.14,0.186,0,0.0744,0.0871,0.124,-0.486,0.162,0.118,0.069,0.018,0.000,0.000,11,5,0,0,0.175,0.142,0.127,0.044,0.011,0.007,27,7,3,2
0.032,0.217,0.258,-1.1,0.105,-1,0.0972,0.1037,0.403,0.192,0.162,0.118,0.069,0.018,0.000,0.000,11,5,0,0,0.175,0.142,0.127,0.044,0.011,0.007,27,7,3,2
0.032,0.310,0.332,-0.48,0.134,0,0.1137,0.1134,0.256,0.007,0.162,0.118,0.069,0.018,0.000,0.000,11,5,0,0,0.175,0.142,0.127,0.044,0.011,0.007,27,7,3,2
0.034,0.242,0.114,1.69,0.290,0,0.1305,0.1241,0.060,-0.697,0.162,0.118,0.069,0.018,0.000,0.000,11,5,0,0,0.175,0.142,0.127,0.044,0.011,0.007,27,7,3,2
0.042,0.336,0.338,1.37,0.298,0,0.1391,0.1257,0.155,-0.510,0.162,0.118,0.069,0.018,0.000,0.000,11,5,0,0,0.175,0.142,0.127,0.044,0.011,0.007,27,7,3,2
0.051,0.198,0.228,1.99,0.186,0,0.1452,0.1233,0.205,-0.326,0.162,0.118,0.069,0.018,0.000,0.000,11,5,0,0,0.175,0.142,0.127,0.044,0.011,0.007,27,7,3,2
0.052,0.174,0.177,1.99,0.186,0,0.1492,0.1202,0.099,-0.326,0.162,0.118,0.069,0.018,0.000,0.000,11,5,0,0,0.175,0.142,0.127,0.044,0.011,0.007,27,7,3,2
0.065,0.144,0.003,1.99,0.186,0,0.1455,0.1144,0.038,-0.326,0.162,0.118,0.069,0.018,0.000,0.000,11,5,0,0,0.175,0.142,0.127,0.044,0.011,0.007,27,7,3,2
0.049,0.131,0.067,-0.79,0.151,-1,0.1349,0.1049,0.256,0.736,0.162,0.118,0.069,0.018,0.000,0.000,11,5,0,0,0.175,0.142,0.127,0.044,0.011,0.007,27,7,3,2
0.065,0.182,0.177,-0.42,0.180,0,0.1265,0.0970,0.346,0.318,0.162,0.118,0.069,0.018,0.000,0.000,11,5,0,0,0.175,0.142,0.127,0.044,0.011,0.007,27,7,3,2
0.057,0.172,0.064,-0.79,0.151,-1,0.1126,0.0810,0.162,0.736,0.162,0.118,0.069,0.018,0.000,0.000,11,5,0,0,0.175,0.142,0.127,0.044,0.011,0.007,27,7,3,2
0.058,0.175,0.037,1.42,0.221,0,0.1152,0.0769,0.112,-0.397,0.162,0.118,0.069,0.018,0.000,0.000,11,5,0,0,0.175,0.142,0.127,0.044,0.011,0.007,27,7,3,2
0.062,0.245,0.592,-0.08,0.108,0,0.1344,0.0845,0.357,0.059,0.162,0.118,0.069,0.018,0.000,0.000,11,5,0,0,0.175,0.142,0.127,0.044,0.011,0.007,27,7,3,2
0.060,0.316,0.583,0.2,0.291,1,0.1705,0.1027,0.372,0.180,0.162,0.118,0.069,0.018,0.000,0.000,11,5,0,0,0.175,0.142,0.127,0.044,0.011,0.007,27,7,3,2
0.073,0.208,0.295,1.99,0.186,0,0.2169,0.1289,0.153,-0.326,0.162,0.118,0.069,0.018,0.000,0.000,11,5,0,0,0.175,0.142,0.127,0.044,0.011,0.007,27,7,3,2
0.084,0.233,0.401,0,0.000,0,0.2640,0.1551,0.279,0.166,0.162,0.118,0.069,0.018,0.000,0.000,11,5,0,0,0.175,0.142,0.127,0.044,0.011,0.007,27,7,3,2
0.106,0.210,0.484,1.42,0.221,0,0.3019,0.1762,0.175,-0.397,0.162,0.118,0.069,0.018,0.000,0.000,11,5,0,0,0.175,0.142,0.127,0.044,0.011,0.007,27,7,3,2
0.094,0.223,0.286,2.53,0.140,0,0.3201,0.1863,0.132,-0.121,0.162,0.118,0.069,0.018,0.000,0.000,11,5,0,0,0.175,0.142,0.127,0.044,0.011,0.007,27,7,3,2
0.118,0.266,0.348,-0.79,0.151,-1,0.3204,0.1869,0.276,0.736,0.162,0.118,0.069,0.018,0.000,0.000,11,5,0,0,0.175,0.142,0.127,0.044,0.011,0.007,27,7,3,2
0.144,0.375,0.626,-1.19,0.219,1,0.3084,0.1821,0.448,0.586,0.162,0.118,0.069,0.018,0.000,0.000,11,5,0,0,0.175,0.142,0.127,0.044,0.011,0.007,27,7,3,2
0.156,0.474,0.414,-0.48,0.134,0,0.2797,0.1662,0.323,0.007,0.162,0.118,0.069,0.018,0.000,0.000,11,5,0,0,0.175,0.142,0.127,0.044,0.011,0.007,27,7,3,2
0.189,0.316,0.341,1.99,0.186,0,0.2444,0.1476,0.182,-0.326,0.162,0.118,0.069,0.018,0.000,0.000,11,5,0,0,0.175,0.142,0.127,0.044,0.011,0.007,27,7,3,2
0.163,0.422,0.613,0,0.000,0,0.2081,0.1285,0.448,0.166,0.162,0.118,0.069,0.018,0.000,0.000,11,5,0,0,0.175,0.142,0.127,0.044,0.011,0.007,27,7,3,2
0.166,0.466,0.622,-0.79,0.151,-1,0.1973,0.1262,0.464,0.736,0.162,0.118,0.069,0.018,0.000,0.000,11,5,0,0,0.175,0.142,0.127,0.044,0.011,0.007,27,7,3,2
0.168,0.462,0.616,2.53,0.140,0,0.1980,0.1301,0.236,-0.121,0.162,0.118,0.069,0.018,0.000,0.000,11,5,0,0,0.175,0.142,0.127,0.044,0.011,0.007,27,7,3,2
0.161,0.530,0.520,0,0.000,0,0.2044,0.1378,0.303,0.166,0.162,0.118,0.069,0.018,0.000,0.000,11,5,0,0,0.175,0.142,0.127,0.044,0.011,0.007,27,7,3,2
0.159,0.695,0.731,-1.19,0.219,1,0.2229,0.1543,0.481,0.586,0.162,0.118,0.069,0.018,0.000,0.000,11,5,0,0,0.175,0.142,0.127,0.044,0.011,0.007,27,7,3,2
0.154,0.631,0.603,1.37,0.298,0,0.2510,0.1774,0.200,-0.510,0.162,0.118,0.069,0.018,0.000,0.000,11,5,0,0,0.175,0.142,0.127,0.044,0.011,0.007,27,7,3,2
0.188,0.746,0.674,-1.19,0.219,1,0.2727,0.1936,0.337,0.586,0.162,0.118,0.069,0.018,0.000,0.000,11,5,0,0,0.175,0.142,0.127,0.044,0.011,0.007,27,7,3,2
0.236,0.421,0.371,2.53,0.140,0,0.2914,0.2098,0.123,-0.121,0.162,0.118,0.069,0.018,0.000,0.000,11,5,0,0,0.175,0.142,0.127,0.044,0.011,0.007,27,7,3,2
0.199,0.518,0.544,-0.52,0.062,0,0.2884,0.2114,0.215,0.341,0.162,0.118,0.069,0.018,0.000,0.000,11,5,0,0,0.175,0.142,0.127,0.044,0.011,0.007,27,7,3,2
0.229,0.389,0.058,1.99,0.186,0,0.2718,0.2041,0.121,-0.326,0.162,0.118,0.069,0.018,0.000,0.000,11,5,0,0,0.175,0.142,0.127,0.044,0.011,0.007,27,7,3,2
0.222,0.548,0.625,1.37,0.298,0,0.2511,0.1935,0.181,-0.510,0.162,0.118,0.069,0.018,0.000,0.000,11,5,0,0,0.175,0.142,0.127,0.044,0.011,0.007,27,7,3,2
0.227,0.435,0.591,-0.42,0.180,0,0.2304,0.1831,0.348,0.318,0.162,0.118,0.069,0.018,0.000,0.000,11,5,0,0,0.175,0.142,0.127,0.044,0.011,0.007,27,7,3,2
0.270,0.333,0.474,-0.52,0.062,0,0.2142,0.1749,0.177,0.341,0.162,0.118,0.069,0.018,0.000,0.000,11,5,0,0,0.175,0.142,0.127,0.044,0.011,0.007,27,7,3,2
0.268,0.254,0.507,-1.14,0.131,0,0.1814,0.1532,0.423,0.987,0.162,0.118,0.069,0.018,0.000,0.000,11,5,0,0,0.175,0.142,0.127,0.044,0.011,0.007,27,7,3,2
0.259,0.177,0.512,0.85,0.046,0,0.1523,0.1335,0.375,0.06,0.162,0.118,0.069,0.018,0.000,0.000,11,5,0,0,0.175,0.142,0.127,0.044,0.011,0.007,27,7,3,2
0.224,0.127,0.464,0.85,0.046,0,0.1320,0.1209,0.315,0.06,0.162,0.118,0.069,0.018,0.000,0.000,11,5,0,0,0.175,0.142,0.127,0.044,0.011,0.007,27,7,3,2
0.249,0.198,0.593,-1.19,0.219,1,0.1254,0.1197,0.547,0.586,0.162,0.118,0.069,0.018,0.000,0.000,11,5,0,0,0.175,0.142,0.127,0.044,0.011,0.007,27,7,3,2
0.210,0.264,0.615,-0.52,0.062,0,0.1344,0.1307,0.475,0.341,0.162,0.118,0.069,0.018,0.000,0.000,11,5,0,0,0.175,0.142,0.127,0.044,0.011,0.007,27,7,3,2
0.176,0.230,0.448,0,0.000,0,0.1424,0.1388,0.433,0.166,0.162,0.118,0.069,0.018,0.000,0.000,11,5,0,0,0.175,0.142,0.127,0.044,0.011,0.007,27,7,3,2
0.179,0.210,0.350,1.99,0.186,0,0.1788,0.1699,0.122,-0.326,0.162,0.118,0.069,0.018,0.000,0.000,11,5,0,0,0.175,0.142,0.127,0.044,0.011,0.007,27,7,3,2
0.183,0.312,0.416,-1.14,0.131,0,0.2108,0.1965,0.227,0.987,0.162,0.118,0.069,0.018,0.000,0.000,11,5,0,0,0.175,0.142,0.127,0.044,0.011,0.007,27,7,3,2
0.169,0.339,0.468,-0.52,0.062,0,0.2404,0.2235,0.239,0.341,0.162,0.118,0.069,0.018,0.000,0.000,11,5,0,0,0.175,0.142,0.127,0.044,0.011,0.007,27,7,3,2
0.143,0.283,0.006,1.99,0.186,0,0.2667,0.2493,0.089,-0.326,0.162,0.118,0.069,0.018,0.000,0.000,11,5,0,0,0.175,0.142,0.127,0.044,0.011,0.007,27,7,3,2
0.143,0.230,0.007,1.99,0.186,0,0.2783,0.2625,0.069,-0.326,0.162,0.118,0.069,0.018,0.000,0.000,11,5,0,0,0.175,0.142,0.127,0.044,0.011,0.007,27,7,3,2
0.150,0.317,0.012,3.14,0.186,0,0.2875,0.2723,0.089,-0.486,0.162,0.118,0.069,0.018,0.000,0.000,11,5,0,0,0.175,0.142,0.127,0.044,0.011,0.007,27,7,3,2
0.152,0.424,0.208,-0.52,0.062,0,0.2894,0.2757,0.135,0.341,0.162,0.118,0.069,0.018,0.000,0.000,11,5,0,0,0.175,0.142,0.127,0.044,0.011,0.007,27,7,3,2
0.145,0.407,0.227,0.85,0.046,0,0.2743,0.2644,0.090,0.06,0.162,0.118,0.069,0.018,0.000,0.000,11,5,0,0,0.175,0.142,0.127,0.044,0.011,0.007,27,7,3,2
0.081,0.457,0.333,0,0.000,0,0.2364,0.2326,0.163,0.166,0.162,0.118,0.069,0.018,0.000,0.000,11,5,0,0,0.175,0.142,0.127,0.044,0.011,0.007,27,7,3,2
0.078,0.494,0.313,1.69,0.290,0,0.1965,0.1975,0.132,-0.697,0.162,0.118,0.069,0.018,0.000,0.000,11,5,0,0,0.175,0.142,0.127,0.044,0.011,0.007,27,7,3,2
0.076,0.456,0.581,0.22,0.230,0,0.1615,0.1647,0.291,0.303,0.162,0.118,0.069,0.018,0.000,0.000,11,5,0,0,0.175,0.142,0.127,0.044,0.011,0.007,27,7,3,2
0.076,0.347,0.310,0,0.000,0,0.1441,0.1448,0.230,0.166,0.162,0.118,0.069,0.018,0.000,0.000,11,5,0,0,0.175,0.142,0.127,0.044,0.011,0.007,27,7,3,2
0.086,0.269,0.441,-0.79,0.151,-1,0.1179,0.1182,0.432,0.736,0.162,0.118,0.069,0.018,0.000,0.000,11,5,0,0,0.175,0.142,0.127,0.044,0.011,0.007,27,7,3,2
0.067,0.281,0.420,-0.79,0.151,-1,0.0997,0.0984,0.433,0.736,0.162,0.118,0.069,0.018,0.000,0.000,11,5,0,0,0.175,0.142,0.127,0.044,0.011,0.007,27,7,3,2
0.067,0.354,0.429,-0.52,0.062,0,0.0991,0.0935,0.335,0.341,0.162,0.118,0.069,0.018,0.000,0.000,11,5,0,0,0.175,0.142,0.127,0.044,0.011,0.007,27,7,3,2
0.071,0.343,0.150,0.85,0.046,0,0.1190,0.1080,0.337,0.06,0.162,0.118,0.069,0.018,0.000,0.000,11,5,0,0,0.175,0.142,0.127,0.044,0.011,0.007,27,7,3,2
0.058,0.474,0.219,0,0.000,0,0.1466,0.1309,0.180,0.166,0.162,0.118,0.069,0.018,0.000,0.000,11,5,0,0,0.175,0.142,0.127,0.044,0.011,0.007,27,7,3,2
0.056,0.366,0.225,-1.14,0.131,0,0.1680,0.1487,0.219,0.987,0.162,0.118,0.069,0.018,0.000,0.000,11,5,0,0,0.175,0.142,0.127,0.044,0.011,0.007,27,7,3,2
0.058,0.535,0.477,1.76,0.409,0,0.1867,0.1647,0.229,-0.884,0.162,0.118,0.069,0.018,0.000,0.000,11,5,0,0,0.175,0.142,0.127,0.044,0.011,0.007,27,7,3,2
0.057,0.389,0.224,0,0.000,0,0.1932,0.1695,0.120,0.166,0.162,0.118,0.069,0.018,0.000,0.000,11,5,0,0,0.175,0.142,0.127,0.044,0.011,0.007,27,7,3,2
0.068,0.321,0.065,1.99,0.186,0,0.1940,0.1700,0.067,-0.326,0.162,0.118,0.069,0.018,0.000,0.000,11,5,0,0,0.175,0.142,0.127,0.044,0.011,0.007,27,7,3,2
0.062,0.251,0.023,1.99,0.186,0,0.1790,0.1569,0.086,-0.326,0.162,0.118,0.069,0.018,0.000,0.000,11,5,0,0,0.175,0.142,0.127,0.044,0.011,0.007,27,7,3,2
0.050,0.226,0.541,0.22,0.230,0,0.1544,0.1354,0.212,0.303,0.162,0.118,0.069,0.018,0.000,0.000,11,5,0,0,0.175,0.142,0.127,0.044,0.011,0.007,27,7,3,2
0.050,0.274,0.097,1.69,0.290,0,0.1265,0.1109,0.078,-0.697,0.162,0.118,0.069,0.018,0.000,0.000,11,5,0,0,0.175,0.142,0.127,0.044,0.011,0.007,27,7,3,2
0.064,0.228,0.004,1.99,0.186,0,0.1004,0.0881,0.063,-0.326,0.162,0.118,0.069,0.018,0.000,0.000,11,5,0,0,0.175,0.142,0.127,0.044,0.011,0.007,27,7,3,2
0.061,0.218,0.339,-0.52,0.062,0,0.0830,0.0724,0.188,0.341,0.162,0.118,0.069,0.018,0.000,0.000,11,5,0,0,0.175,0.142,0.127,0.044,0.011,0.007,27,7,3,2
0.051,0.195,0.182,-0.79,0.151,-1,0.0651,0.0570,0.428,0.736,0.162,0.118,0.069,0.018,0.000,0.000,11,5,0,0,0.175,0.142,0.127,0.044,0.011,0.007,27,7,3,2
0.050,0.180,0.042,0.85,0.046,0,0.0498,0.0443,0.220,0.06,0.162,0.118,0.069,0.018,0.000,0.000,11,5,0,0,0.175,0.142,0.127,0.044,0.011,0.007,27,7,3,2
0.055,0.209,0.178,-0.52,0.062,0,0.0381,0.0342,0.139,0.341,0.162,0.118,0.069,0.018,0.000,0.000,11,5,0,0,0.175,0.142,0.127,0.044,0.011,0.007,27,7,3,2
0.080,0.146,0.155,0.85,0.046,0,0.0403,0.0358,0.366,0.06,0.162,0.118,0.069,0.018,0.000,0.000,11,5,0,0,0.175,0.142,0.127,0.044,0.011,0.007,27,7,3,2
0.078,0.187,0.024,-1.1,0.105,-1,0.0420,0.0364,0.409,0.192,0.162,0.118,0.069,0.018,0.000,0.000,11,5,0,0,0.175,0.142,0.127,0.044,0.011,0.007,27,7,3,2
0.075,0.140,0.006,1.99,0.186,0,0.0504,0.0430,0.088,-0.326,0.162,0.118,0.069,0.018,0.000,0.000,11,5,0,0,0.175,0.142,0.127,0.044,0.011,0.007,27,7,3,2
0.075,0.180,0.422,1.69,0.290,0,0.0671,0.0555,0.089,-0.697,0.162,0.118,0.069,0.018,0.000,0.000,11,5,0,0,0.175,0.142,0.127,0.044,0.011,0.007,27,7,3,2
0.070,0.199,0.063,-0.79,0.151,-1,0.0878,0.0714,0.468,0.736,0.162,0.118,0.069,0.018,0.000,0.000,11,5,0,0,0.175,0.142,0.127,0.044,0.011,0.007,27,7,3,2
0.072,0.229,0.425,0.2,0.291,1,0.1076,0.0871,0.381,0.180,0.162,0.118,0.069,0.018,0.000,0.000,11,5,0,0,0.175,0.142,0.127,0.044,0.011,0.007,27,7,3,2
0.069,0.174,0.003,2.53,0.140,0,0.1119,0.0918,0.084,-0.121,0.162,0.118,0.069,0.018,0.000,0.000,11,5,0,0,0.175,0.142,0.127,0.044,0.011,0.007,27,7,3,2
0.062,0.348,0.146,-0.48,0.134,0,0.1170,0.0972,0.355,0.007,0.162,0.118,0.069,0.018,0.000,0.000,11,5,0,0,0.175,0.142,0.127,0.044,0.011,0.007,27,7,3,2
0.078,0.216,0.004,1.99,0.186,0,0.1263,0.1074,0.187,-0.326,0.162,0.118,0.069,0.018,0.000,0.000,11,5,0,0,0.175,0.142,0.127,0.044,0.011,0.007,27,7,3,2
0.064,0.296,0.039,-0.52,0.062,0,0.1276,0.1115,0.287,0.341,0.162,0.118,0.069,0.018,0.000,0.000,11,5,0,0,0.175,0.142,0.127,0.044,0.011,0.007,27,7,3,2
0.064,0.314,0.002,1.99,0.186,0,0.1352,0.1213,0.134,-0.326,0.162,0.118,0.069,0.018,0.000,0.000,11,5,0,0,0.175,0.142,0.127,0.044,0.011,0.007,27,7,3,2
0.066,0.300,0.003,1.99,0.186,0,0.1429,0.1306,0.116,-0.326,0.162,0.118,0.069,0.018,0.000,0.000,11,5,0,0,0.175,0.142,0.127,0.044,0.011,0.007,27,7,3,2
0.070,0.365,0.027,-1.14,0.131,0,0.1491,0.1408,0.287,0.987,0.162,0.118,0.069,0.018,0.000,0.000,11,5,0,0,0.175,0.142,0.127,0.044,0.011,0.007,27,7,3,2
0.076,0.348,0.119,1.99,0.186,0,0.1534,0.1509,0.131,-0.326,0.162,0.118,0.069,0.018,0.000,0.000,11,5,0,0,0.175,0.142,0.127,0.044,0.011,0.007,27,7,3,2
0.096,0.346,0.006,2.53,0.140,0,0.1542,0.1577,0.147,-0.121,0.162,0.118,0.069,0.018,0.000,0.000,11,5,0,0,0.175,0.142,0.127,0.044,0.011,0.007,27,7,3,2
0.098,0.476,0.350,-0.48,0.134,0,0.1638,0.1739,0.235,0.007,0.162,0.118,0.069,0.018,0.000,0.000,11,5,0,0,0.175,0.142,0.127,0.044,0.011,0.007,27,7,3,2
0.079,0.408,0.368,-1.14,0.131,0,0.1728,0.1876,0.315,0.987,0.162,0.118,0.069,0.018,0.000,0.000,11,5,0,0,0.175,0.142,0.127,0.044,0.011,0.007,27,7,3,2
0.099,0.531,0.618,-0.08,0.108,0,0.1710,0.1947,0.422,0.059,0.162,0.118,0.069,0.018,0.000,0.000,11,5,0,0,0.175,0.142,0.127,0.044,0.011,0.007,27,7,3,2
0.104,0.477,0.527,0,0.000,0,0.1796,0.2075,0.286,0.166,0.162,0.118,0.069,0.018,0.000,0.000,11,5,0,0,0.175,0.142,0.127,0.044,0.011,0.007,27,7,3,2
0.107,0.525,0.647,1.69,0.290,0,0.2087,0.2355,0.187,-0.697,0.162,0.118,0.069,0.018,0.000,0.000,11,5,0,0,0.175,0.142,0.127,0.044,0.011,0.007,27,7,3,2
0.082,0.553,0.719,-0.52,0.062,0,0.2629,0.2819,0.312,0.341,0.162,0.118,0.069,0.018,0.000,0.000,11,5,0,0,0.175,0.142,0.127,0.044,0.011,0.007,27,7,3,2
0.069,0.644,0.799,0.2,0.291,1,0.3298,0.3399,0.415,0.180,0.162,0.118,0.069,0.018,0.000,0.000,11,5,0,0,0.175,0.142,0.127,0.044,0.011,0.007,27,7,3,2
0.066,0.546,0.583,0,0.000,0,0.3874,0.3939,0.270,0.166,0.162,0.118,0.069,0.018,0.000,0.000,11,5,0,0,0.175,0.142,0.127,0.044,0.011,0.007,27,7,3,2
0.058,0.587,0.701,0.22,0.230,0,0.4276,0.4366,0.303,0.303,0.162,0.118,0.069,0.018,0.000,0.000,11,5,0,0,0.175,0.142,0.127,0.044,0.011,0.007,27,7,3,2
0.061,0.634,0.808,0.2,0.291,1,0.4349,0.4554,0.308,0.180,0.162,0.118,0.069,0.018,0.000,0.000,11,5,0,0,0.175,0.142,0.127,0.044,0.011,0.007,27,7,3,2
0.063,0.455,0.719,1.69,0.290,0,0.4278,0.4630,0.106,-0.697,0.162,0.118,0.069,0.018,0.000,0.000,11,5,0,0,0.175,0.142,0.127,0.044,0.011,0.007,27,7,3,2
0.061,0.493,0.622,-0.48,0.134,0,0.4045,0.4573,0.285,0.007,0.162,0.118,0.069,0.018,0.000,0.000,11,5,0,0,0.175,0.142,0.127,0.044,0.011,0.007,27,7,3,2
0.064,0.512,0.636,-1.19,0.219,1,0.3717,0.4417,0.420,0.586,0.162,0.118,0.069,0.018,0.000,0.000,11,5,0,0,0.175,0.142,0.127,0.044,0.011,0.007,27,7,3,2
0.055,0.484,0.739,1.37,0.298,0,0.3373,0.4239,0.243,-0.510,0.162,0.118,0.069,0.018,0.000,0.000,11,5,0,0,0.175,0.142,0.127,0.044,0.011,0.007,27,7,3,2
0.043,0.436,0.650,0,0.000,0,0.3060,0.4041,0.295,0.166,0.162,0.118,0.069,0.018,0.000,0.000,11,5,0,0,0.175,0.142,0.127,0.044,0.011,0.007,27,7,3,2
0.044,0.394,0.495,-0.79,0.151,-1,0.2993,0.4000,0.493,0.736,0.162,0.118,0.069,0.018,0.000,0.000,11,5,0,0,0.175,0.142,0.127,0.044,0.011,0.007,27,7,3,2
0.043,0.528,0.685,-0.48,0.134,0,0.3032,0.4044,0.328,0.007,0.162,0.118,0.069,0.018,0.000,0.000,11,5,0,0,0.175,0.142,0.127,0.044,0.011,0.007,27,7,3,2
0.052,0.486,0.263,-1.14,0.131,0,0.3125,0.4114,0.375,0.987,0.162,0.118,0.069,0.018,0.000,0.000,11,5,0,0,0.175,0.142,0.127,0.044,0.011,0.007,27,7,3,2
0.048,0.577,0.504,-0.48,0.134,0,0.3541,0.4404,0.485,0.007,0.162,0.118,0.069,0.018,0.000,0.000,11,5,0,0,0.175,0.142,0.127,0.044,0.011,0.007,27,7,3,2
0.056,0.601,0.712,0.2,0.291,1,0.4042,0.4733,0.296,0.180,0.162,0.118,0.069,0.018,0.000,0.000,11,5,0,0,0.175,0.142,0.127,0.044,0.011,0.007,27,7,3,2
0.055,0.428,0.433,0,0.000,0,0.4407,0.4973,0.222,0.166,0.162,0.118,0.069,0.018,0.000,0.000,11,5,0,0,0.175,0.142,0.127,0.044,0.011,0.007,27,7,3,2
0.056,0.464,0.211,1.69,0.290,0,0.4687,0.5114,0.131,-0.697,0.162,0.118,0.069,0.018,0.000,0.000,11,5,0,0,0.175,0.142,0.127,0.044,0.011,0.007,27,7,3,2
0.054,0.338,0.255,2.53,0.140,0,0.4901,0.5215,0.132,-0.121,0.162,0.118,0.069,0.018,0.000,0.000,11,5,0,0,0.175,0.142,0.127,0.044,0.011,0.007,27,7,3,2
0.046,0.416,0.615,1.69,0.290,0,0.5230,0.5388,0.115,-0.697,0.162,0.118,0.069,0.018,0.000,0.000,11,5,0,0,0.175,0.142,0.127,0.044,0.011,0.007,27,7,3,2
0.049,0.357,0.284,-0.79,0.151,-1,0.5560,0.5591,0.394,0.736,0.162,0.118,0.069,0.018,0.000,0.000,11,5,0,0,0.175,0.142,0.127,0.044,0.011,0.007,27,7,3,2
0.051,0.472,0.553,-0.48,0.134,0,0.5647,0.5628,0.369,0.007,0.162,0.118,0.069,0.018,0.000,0.000,11,5,0,0,0.175,0.142,0.127,0.044,0.011,0.007,27,7,3,2
0.063,0.447,0.682,0,0.000,0,0.5412,0.5457,0.355,0.166,0.162,0.118,0.069,0.018,0.000,0.000,11,5,0,0,0.175,0.142,0.127,0.044,0.011,0.007,27,7,3,2
0.061,0.702,0.743,-1.19,0.219,1,0.5050,0.5204,0.448,0.586,0.162,0.118,0.069,0.018,0.000,0.000,11,5,0,0,0.175,0.142,0.127,0.044,0.011,0.007,27,7,3,2
0.065,0.363,0.631,-1.14,0.131,0,0.4566,0.4844,0.381,0.987,0.162,0.118,0.069,0.018,0.000,0.000,11,5,0,0,0.175,0.142,0.127,0.044,0.011,0.007,27,7,3,2
0.097,0.484,0.835,-1.19,0.219,1,0.4139,0.4495,0.501,0.586,0.162,0.118,0.069,0.018,0.000,0.000,11,5,0,0,0.175,0.142,0.127,0.044,0.011,0.007,27,7,3,2
0.093,0.297,0.683,0.85,0.046,0,0.3930,0.4284,0.307,0.06,0.162,0.118,0.069,0.018,0.000,0.000,11,5,0,0,0.175,0.142,0.127,0.044,0.011,0.007,27,7,3,2
0.091,0.420,0.755,-0.48,0.134,0,0.3877,0.4173,0.423,0.007,0.162,0.118,0.069,0.018,0.000,0.000,11,5,0,0,0.175,0.142,0.127,0.044,0.011,0.007,27,7,3,2
0.110,0.323,0.471,-0.79,0.151,-1,0.3993,0.4158,0.480,0.736,0.162,0.118,0.069,0.018,0.000,0.000,11,5,0,0,0.175,0.142,0.127,0.044,0.011,0.007,27,7,3,2
0.105,0.427,0.702,0.22,0.230,0,0.4189,0.4162,0.315,0.303,0.162,0.118,0.069,0.018,0.000,0.000,11,5,0,0,0.175,0.142,0.127,0.044,0.011,0.007,27,7,3,2
0.137,0.468,0.531,-0.08,0.108,0,0.4309,0.4127,0.233,0.059,0.162,0.118,0.069,0.018,0.000,0.000,11,5,0,0,0.175,0.142,0.127,0.044,0.011,0.007,27,7,3,2
0.167,0.432,0.569,-0.52,0.062,0,0.4281,0.3994,0.288,0.341,0.162,0.118,0.069,0.018,0.000,0.000,11,5,0,0,0.175,0.142,0.127,0.044,0.011,0.007,27,7,3,2
0.190,0.305,0.249,2.53,0.140,0,0.4159,0.3780,0.285,-0.121,0.162,0.118,0.069,0.018,0.000,0.000,11,5,0,0,0.175,0.142,0.127,0.044,0.011,0.007,27,7,3,2
0.185,0.330,0.399,-0.79,0.151,-1,0.3823,0.3406,0.414,0.736,0.162,0.118,0.069,0.018,0.000,0.000,11,5,0,0,0.175,0.142,0.127,0.044,0.011,0.007,27,7,3,2
0.151,0.285,0.418,0,0.000,0,0.3333,0.2941,0.183,0.166,0.162,0.118,0.069,0.018,0.000,0.000,11,5,0,0,0.175,0.142,0.127,0.044,0.011,0.007,27,7,3,2
0.154,0.441,0.397,-1.19,0.219,1,0.2679,0.2362,0.391,0.586,0.162,0.118,0.069,0.018,0.000,0.000,11,5,0,0,0.175,0.142,0.127,0.044,0.011,0.007,27,7,3,2
0.125,0.364,0.002,1.99,0.186,0,0.1986,0.1770,0.151,-0.326,0.162,0.118,0.069,0.018,0.000,0.000,11,5,0,0,0.175,0.142,0.127,0.044,0.011,0.007,27,7,3,2
0.125,0.323,0.177,1.99,0.186,0,0.1455,0.1307,0.111,-0.326,0.162,0.118,0.069,0.018,0.000,0.000,11,5,0,0,0.175,0.142,0.127,0.044,0.011,0.007,27,7,3,2
0.151,0.311,0.197,1.99,0.186,0,0.1124,0.1018,0.128,-0.326,0.162,0.118,0.069,0.018,0.000,0.000,11,5,0,0,0.175,0.142,0.127,0.044,0.011,0.007,27,7,3,2
0.190,0.313,0.288,-1.1,0.105,-1,0.0959,0.0861,0.337,0.192,0.162,0.118,0.069,0.018,0.000,0.000,11,5,0,0,0.175,0.142,0.127,0.044,0.011,0.007,27,7,3,2
0.172,0.348,0.350,0.22,0.230,0,0.0777,0.0719,0.126,0.303,0.162,0.118,0.069,0.018,0.000,0.000,11,5,0,0,0.175,0.142,0.127,0.044,0.011,0.007,27,7,3,2
0.183,0.254,0.046,0.85,0.046,0,0.0656,0.0637,0.048,0.06,0.162,0.118,0.069,0.018,0.000,0.000,11,5,0,0,0.175,0.142,0.127,0.044,0.011,0.007,27,7,3,2
0.171,0.349,0.199,-0.42,0.180,0,0.0555,0.0560,0.281,0.318,0.162,0.118,0.069,0.018,0.000,0.000,11,5,0,0,0.175,0.142,0.127,0.044,0.011,0.007,27,7,3,2
0.170,0.305,0.067,1.99,0.186,0,0.0492,0.0495,0.103,-0.326,0.162,0.118,0.069,0.018,0.000,0.000,11,5,0,0,0.175,0.142,0.127,0.044,0.011,0.007,27,7,3,2
0.196,0.331,0.169,1.99,0.186,0,0.0431,0.0425,0.032,-0.326,0.162,0.118,0.069,0.018,0.000,0.000,11,5,0,0,0.175,0.142,0.127,0.044,0.011,0.007,27,7,3,2
0.198,0.333,0.080,3.14,0.186,0,0.0458,0.0417,0.062,-0.486,0.162,0.118,0.069,0.018,0.000,0.000,11,5,0,0,0.175,0.142,0.127,0.044,0.011,0.007,27,7,3,2
0.173,0.301,0.156,0.85,0.046,0,0.0487,0.0414,0.162,0.06,0.162,0.118,0.069,0.018,0.000,0.000,11,5,0,0,0.175,0.142,0.127,0.044,0.011,0.007,27,7,3,2
0.143,0.324,0.205,0.85,0.046,0,0.0483,0.0384,0.056,0.06,0.162,0.118,0.069,0.018,0.000,0.000,11,5,0,0,0.175,0.142,0.127,0.044,0.011,0.007,27,7,3,2
0.138,0.270,0.175,2.1,0.128,0,0.0511,0.0395,0.041,0.02,0.162,0.118,0.069,0.018,0.000,0.000,11,5,0,0,0.175,0.142,0.127,0.044,0.011,0.007,27,7,3,2
0.139,0.493,0.451,0.2,0.291,1,0.0588,0.0448,0.379,0.180,0.162,0.118,0.069,0.018,0.000,0.000,11,5,0,0,0.175,0.142,0.127,0.044,0.011,0.007,27,7,3,2
0.144,0.366,0.327,-1.1,0.105,-1,0.0649,0.0493,0.433,0.192,0.162,0.118,0.069,0.018,0.000,0.000,11,5,0,0,0.175,0.142,0.127,0.044,0.011,0.007,27,7,3,2
0.141,0.441,0.123,0,0.000,0,0.0686,0.0510,0.149,0.166,0.162,0.118,0.069,0.018,0.000,0.000,11,5,0,0,0.175,0.142,0.127,0.044,0.011,0.007,27,7,3,2
0.146,0.369,0.205,3.14,0.186,0,0.0716,0.0528,0.144,-0.486,0.162,0.118,0.069,0.018,0.000,0.000,11,5,0,0,0.175,0.142,0.127,0.044,0.011,0.007,27,7,3,2
0.123,0.309,0.089,1.99,0.186,0,0.0714,0.0525,0.121,-0.326,0.162,0.118,0.069,0.018,0.000,0.000,11,5,0,0,0.175,0.142,0.127,0.044,0.011,0.007,27,7,3,2
0.124,0.417,0.314,-0.08,0.108,0,0.0716,0.0527,0.227,0.059,0.162,0.118,0.069,0.018,0.000,0.000,11,5,0,0,0.175,0.142,0.127,0.044,0.011,0.007,27,7,3,2
0.111,0.239,0.532,2.1,0.128,0,0.0692,0.0510,0.062,0.02,0.162,0.118,0.069,0.018,0.000,0.000,11,5,0,0,0.175,0.142,0.127,0.044,0.011,0.007,27,7,3,2
0.114,0.427,0.536,0.22,0.230,0,0.0683,0.0515,0.206,0.303,0.162,0.118,0.069,0.018,0.000,0.000,11,5,0,0,0.175,0.142,0.127,0.044,0.011,0.007,27,7,3,2
0.101,0.321,0.248,-0.79,0.151,-1,0.0725,0.0547,0.422,0.736,0.162,0.118,0.069,0.018,0.000,0.000,11,5,0,0,0.175,0.142,0.127,0.044,0.011,0.007,27,7,3,2
0.106,0.338,0.153,-1.1,0.105,-1,0.0687,0.0513,0.271,0.192,0.162,0.118,0.069,0.018,0.000,0.000,11,5,0,0,0.175,0.142,0.127,0.044,0.011,0.007,27,7,3,2
0.084,0.394,0.002,2.53,0.140,0,0.0577,0.0442,0.146,-0.121,0.162,0.118,0.069,0.018,0.000,0.000,11,5,0,0,0.175,0.142,0.127,0.044,0.011,0.007,27,7,3,2
0.065,0.346,0.104,1.99,0.186,0,0.0639,0.0511,0.222,-0.326,0.162,0.118,0.069,0.018,0.000,0.000,11,5,0,0,0.175,0.142,0.127,0.044,0.011,0.007,27,7,3,2
0.065,0.332,0.291,-0.52,0.062,0,0.0822,0.0678,0.297,0.341,0.162,0.118,0.069,0.018,0.000,0.000,11,5,0,0,0.175,0.142,0.127,0.044,0.011,0.007,27,7,3,2
0.067,0.436,0.638,0.2,0.291,1,0.1114,0.0943,0.371,0.180,0.162,0.118,0.069,0.018,0.000,0.000,11,5,0,0,0.175,0.142,0.127,0.044,0.011,0.007,27,7,3,2
0.067,0.407,0.434,-0.79,0.151,-1,0.1357,0.1136,0.382,0.736,0.162,0.118,0.069,0.018,0.000,0.000,11,5,0,0,0.175,0.142,0.127,0.044,0.011,0.007,27,7,3,2
0.067,0.395,0.427,0.85,0.046,0,0.1590,0.1331,0.159,0.06,0.162,0.118,0.069,0.018,0.000,0.000,11,5,0,0,0.175,0.142,0.127,0.044,0.011,0.007,27,7,3,2
0.067,0.553,0.575,1.37,0.298,0,0.1782,0.1503,0.168,-0.510,0.162,0.118,0.069,0.018,0.000,0.000,11,5,0,0,0.175,0.142,0.127,0.044,0.011,0.007,27,7,3,2
0.067,0.386,0.133,2.53,0.140,0,0.1893,0.1628,0.142,-0.121,0.162,0.118,0.069,0.018,0.000,0.000,11,5,0,0,0.175,0.142,0.127,0.044,0.011,0.007,27,7,3,2
0.065,0.559,0.474,1.37,0.298,0,0.1919,0.1684,0.179,-0.510,0.162,0.118,0.069,0.018,0.000,0.000,11,5,0,0,0.175,0.142,0.127,0.044,0.011,0.007,27,7,3,2
0.065,0.510,0.319,-0.52,0.062,0,0.1867,0.1696,0.191,0.341,0.162,0.118,0.069,0.018,0.000,0.000,11,5,0,0,0.175,0.142,0.127,0.044,0.011,0.007,27,7,3,2
0.072,0.392,0.350,1.69,0.290,0,0.1751,0.1649,0.108,-0.697,0.162,0.118,0.069,0.018,0.000,0.000,11,5,0,0,0.175,0.142,0.127,0.044,0.011,0.007,27,7,3,2
0.072,0.306,0.234,-0.79,0.151,-1,0.1480,0.1464,0.388,0.736,0.162,0.118,0.069,0.018,0.000,0.000,11,5,0,0,0.175,0.142,0.127,0.044,0.011,0.007,27,7,3,2
0.069,0.316,0.171,-1.14,0.131,0,0.1276,0.1339,0.375,0.987,0.162,0.118,0.069,0.018,0.000,0.000,11,5,0,0,0.175,0.142,0.127,0.044,0.011,0.007,27,7,3,2
0.065,0.412,0.291,-0.52,0.062,0,0.1213,0.1321,0.501,0.341,0.162,0.118,0.069,0.018,0.000,0.000,11,5,0,0,0.175,0.142,0.127,0.044,0.011,0.007,27,7,3,2
0.065,0.441,0.441,-0.42,0.180,0,0.1190,0.1321,0.491,0.318,0.162,0.118,0.069,0.018,0.000,0.000,11,5,0,0,0.175,0.142,0.127,0.044,0.011,0.007,27,7,3,2
0.077,0.319,0.500,2.53,0.140,0,0.1365,0.1488,0.241,-0.121,0.162,0.118,0.069,0.018,0.000,0.000,11,5,0,0,0.175,0.142,0.127,0.044,0.011,0.007,27,7,3,2
0.073,0.344,0.584,-1.14,0.131,0,0.1673,0.1756,0.391,0.987,0.162,0.118,0.069,0.018,0.000,0.000,11,5,0,0,0.175,0.142,0.127,0.044,0.011,0.007,27,7,3,2
0.082,0.412,0.703,0,0.000,0,0.1973,0.2032,0.415,0.166,0.162,0.118,0.069,0.018,0.000,0.000,11,5,0,0,0.175,0.142,0.127,0.044,0.011,0.007,27,7,3,2
0.083,0.562,0.774,0.2,0.291,1,0.2104,0.2167,0.378,0.180,0.162,0.118,0.069,0.018,0.000,0.000,11,5,0,0,0.175,0.142,0.127,0.044,0.011,0.007,27,7,3,2
0.096,0.868,0.692,1.69,0.290,0,0.2214,0.2279,0.120,-0.697,0.162,0.118,0.069,0.018,0.000,0.000,11,5,0,0,0.175,0.142,0.127,0.044,0.011,0.007,27,7,3,2
0.081,0.386,0.632,-0.52,0.062,0,0.2210,0.2288,0.187,0.341,0.162,0.118,0.069,0.018,0.000,0.000,11,5,0,0,0.175,0.142,0.127,0.044,0.011,0.007,27,7,3,2
0.081,0.347,0.518,1.99,0.186,0,0.2205,0.2300,0.192,-0.326,0.162,0.118,0.069,0.018,0.000,0.000,11,5,0,0,0.175,0.142,0.127,0.044,0.011,0.007,27,7,3,2
0.095,0.416,0.489,-1.1,0.105,-1,0.1967,0.2073,0.294,0.192,0.162,0.118,0.069,0.018,0.000,0.000,11,5,0,0,0.175,0.142,0.127,0.044,0.011,0.007,27,7,3,2
0.097,0.377,0.140,1.99,0.186,0,0.1671,0.1801,0.088,-0.326,0.162,0.118,0.069,0.018,0.000,0.000,11,5,0,0,0.175,0.142,0.127,0.044,0.011,0.007,27,7,3,2
0.093,0.543,0.691,0.2,0.291,1,0.1372,0.1520,0.311,0.180,0.162,0.118,0.069,0.018,0.000,0.000,11,5,0,0,0.175,0.142,0.127,0.044,0.011,0.007,27,7,3,2
0.096,0.419,0.536,-1.1,0.105,-1,0.1127,0.1271,0.386,0.192,0.162,0.118,0.069,0.018,0.000,0.000,11,5,0,0,0.175,0.142,0.127,0.044,0.011,0.007,27,7,3,2
0.092,0.464,0.574,-0.08,0.108,0,0.0938,0.1073,0.260,0.059,0.162,0.118,0.069,0.018,0.000,0.000,11,5,0,0,0.175,0.142,0.127,0.044,0.011,0.007,27,7,3,2
0.098,0.356,0.098,1.99,0.186,0,0.0887,0.1010,0.236,-0.326,0.162,0.118,0.069,0.018,0.000,0.000,11,5,0,0,0.175,0.142,0.127,0.044,0.011,0.007,27,7,3,2
0.078,0.388,0.386,0,0.000,0,0.0931,0.1035,0.273,0.166,0.162,0.118,0.069,0.018,0.000,0.000,11,5,0,0,0.175,0.142,0.127,0.044,0.011,0.007,27,7,3,2
0.073,0.437,0.431,0,0.000,0,0.0936,0.1035,0.263,0.166,0.162,0.118,0.069,0.018,0.000,0.000,11,5,0,0,0.175,0.142,0.127,0.044,0.011,0.007,27,7,3,2
0.086,0.544,0.368,1.37,0.298,0,0.1006,0.1102,0.218,-0.510,0.162,0.118,0.069,0.018,0.000,0.000,11,5,0,0,0.175,0.142,0.127,0.044,0.011,0.007,27,7,3,2
0.082,0.435,0.345,1.69,0.290,0,0.1088,0.1179,0.082,-0.697,0.162,0.118,0.069,0.018,0.000,0.000,11,5,0,0,0.175,0.142,0.127,0.044,0.011,0.007,27,7,3,2
0.085,0.350,0.485,-1.14,0.131,0,0.1130,0.1212,0.188,0.987,0.162,0.118,0.069,0.018,0.000,0.000,11,5,0,0,0.175,0.142,0.127,0.044,0.011,0.007,27,7,3,2
0.084,0.267,0.368,3.14,0.186,0,0.1193,0.1249,0.124,-0.486,0.162,0.118,0.069,0.018,0.000,0.000,11,5,0,0,0.175,0.142,0.127,0.044,0.011,0.007,27,7,3,2
0.085,0.258,0.229,0.85,0.046,0,0.1126,0.1183,0.154,0.06,0.162,0.118,0.069,0.018,0.000,0.000,11,5,0,0,0.175,0.142,0.127,0.044,0.011,0.007,27,7,3,2
0.102,0.236,0.384,2.53,0.140,0,0.1132,0.1193,0.187,-0.121,0.162,0.118,0.069,0.018,0.000,0.000,11,5,0,0,0.175,0.142,0.127,0.044,0.011,0.007,27,7,3,2
0.102,0.257,0.298,-1.1,0.105,-1,0.1070,0.1129,0.369,0.192,0.162,0.118,0.069,0.018,0.000,0.000,11,5,0,0,0.175,0.142,0.127,0.044,0.011,0.007,27,7,3,2
0.109,0.265,0.303,0,0.000,0,0.0995,0.1066,0.325,0.166,0.162,0.118,0.069,0.018,0.000,0.000,11,5,0,0,0.175,0.142,0.127,0.044,0.011,0.007,27,7,3,2
0.109,0.284,0.199,-0.79,0.151,-1,0.0822,0.0898,0.407,0.736,0.162,0.118,0.069,0.018,0.000,0.000,11,5,0,0,0.175,0.142,0.127,0.044,0.011,0.007,27,7,3,2
0.104,0.270,0.050,3.14,0.186,0,0.0789,0.0846,0.146,-0.486,0.162,0.118,0.069,0.018,0.000,0.000,11,5,0,0,0.175,0.142,0.127,0.044,0.011,0.007,27,7,3,2
0.084,0.258,0.303,-1.1,0.105,-1,0.0732,0.0766,0.379,0.192,0.162,0.118,0.069,0.018,0.000,0.000,11,5,0,0,0.175,0.142,0.127,0.044,0.011,0.007,27,7,3,2
0.079,0.234,0.239,0.85,0.046,0,0.0719,0.0747,0.287,0.06,0.162,0.118,0.069,0.018,0.000,0.000,11,5,0,0,0.175,0.142,0.127,0.044,0.011,0.007,27,7,3,2
0.104,0.309,0.144,2.1,0.128,0,0.0770,0.0791,0.130,0.02,0.162,0.118,0.069,0.018,0.000,0.000,11,5,0,0,0.175,0.142,0.127,0.044,0.011,0.007,27,7,3,2
0.090,0.336,0.228,-1.14,0.131,0,0.0862,0.0876,0.328,0.987,0.162,0.118,0.069,0.018,0.000,0.000,11,5,0,0,0.175,0.142,0.127,0.044,0.011,0.007,27,7,3,2
0.088,0.347,0.218,2.53,0.140,0,0.0961,0.0982,0.194,-0.121,0.162,0.118,0.069,0.018,0.000,0.000,11,5,0,0,0.175,0.142,0.127,0.044,0.011,0.007,27,7,3,2
0.083,0.450,0.416,-1.19,0.219,1,0.1015,0.1046,0.469,0.586,0.162,0.118,0.069,0.018,0.000,0.000,11,5,0,0,0.175,0.142,0.127,0.044,0.011,0.007,27,7,3,2
0.088,0.390,0.319,-1.1,0.105,-1,0.1027,0.1081,0.417,0.192,0.162,0.118,0.069,0.018,0.000,0.000,11,5,0,0,0.175,0.142,0.127,0.044,0.011,0.007,27,7,3,2
0.075,0.434,0.175,0,0.000,0,0.0958,0.1036,0.250,0.166,0.162,0.118,0.069,0.018,0.000,0.000,11,5,0,0,0.175,0.142,0.127,0.044,0.011,0.007,27,7,3,2
0.059,0.388,0.010,1.99,0.186,0,0.0807,0.0910,0.134,-0.326,0.162,0.118,0.069,0.018,0.000,0.000,11,5,0,0,0.175,0.142,0.127,0.044,0.011,0.007,27,7,3,2
0.074,0.391,0.021,3.14,0.186,0,0.0637,0.0752,0.113,-0.486,0.162,0.118,0.069,0.018,0.000,0.000,11,5,0,0,0.175,0.142,0.127,0.044,0.011,0.007,27,7,3,2
0.078,0.462,0.315,1.69,0.290,0,0.0536,0.0651,0.106,-0.697,0.162,0.118,0.069,0.018,0.000,0.000,11,5,0,0,0.175,0.142,0.127,0.044,0.011,0.007,27,7,3,2
0.081,0.516,0.529,-0.48,0.134,0,0.0463,0.0554,0.208,0.007,0.162,0.118,0.069,0.018,0.000,0.000,11,5,0,0,0.175,0.142,0.127,0.044,0.011,0.007,27,7,3,2
0.080,0.565,0.674,0.22,0.230,0,0.0332,0.0413,0.188,0.303,0.162,0.118,0.069,0.018,0.000,0.000,11,5,0,0,0.175,0.142,0.127,0.044,0.011,0.007,27,7,3,2
0.081,0.489,0.590,1.69,0.290,0,0.0313,0.0379,0.136,-0.697,0.162,0.118,0.069,0.018,0.000,0.000,11,5,0,0,0.175,0.142,0.127,0.044,0.011,0.007,27,7,3,2
0.090,0.449,0.441,-1.1,0.105,-1,0.0343,0.0397,0.260,0.192,0.162,0.118,0.069,0.018,0.000,0.000,11,5,0,0,0.175,0.142,0.127,0.044,0.011,0.007,27,7,3,2
0.091,0.489,0.486,-0.08,0.108,0,0.0428,0.0475,0.297,0.059,0.162,0.118,0.069,0.018,0.000,0.000,11,5,0,0,0.175,0.142,0.127,0.044,0.011,0.007,27,7,3,2
0.074,0.413,0.652,-0.52,0.062,0,0.0408,0.0468,0.240,0.341,0.162,0.118,0.069,0.018,0.000,0.000,11,5,0,0,0.175,0.142,0.127,0.044,0.011,0.007,27,7,3,2
0.080,0.232,0.326,1.69,0.290,0,0.0399,0.0477,0.100,-0.697,0.162,0.118,0.069,0.018,0.000,0.000,11,5,0,0,0.175,0.142,0.127,0.044,0.011,0.007,27,7,3,2
0.078,0.201,0.244,-0.79,0.151,-1,0.0377,0.0462,0.278,0.736,0.162,0.118,0.069,0.018,0.000,0.000,11,5,0,0,0.175,0.142,0.127,0.044,0.011,0.007,27,7,3,2
0.080,0.210,0.250,0.85,0.046,0,0.0456,0.0528,0.130,0.06,0.162,0.118,0.069,0.018,0.000,0.000,11,5,0,0,0.175,0.142,0.127,0.044,0.011,0.007,27,7,3,2
0.083,0.276,0.181,2.1,0.128,0,0.0508,0.0580,0.050,0.02,0.162,0.118,0.069,0.018,0.000,0.000,11,5,0,0,0.175,0.142,0.127,0.044,0.011,0.007,27,7,3,2
0.104,0.243,0.171,1.99,0.186,0,0.0564,0.0645,0.071,-0.326,0.162,0.118,0.069,0.018,0.000,0.000,11,5,0,0,0.175,0.142,0.127,0.044,0.011,0.007,27,7,3,2
0.117,0.225,0.293,2.53,0.140,0,0.0738,0.0799,0.154,-0.121,0.162,0.118,0.069,0.018,0.000,0.000,11,5,0,0,0.175,0.142,0.127,0.044,0.011,0.007,27,7,3,2
0.088,0.437,0.611,0.2,0.291,1,0.0888,0.0918,0.318,0.180,0.162,0.118,0.069,0.018,0.000,0.000,11,5,0,0,0.175,0.142,0.127,0.044,0.011,0.007,27,7,3,2
0.102,0.416,0.513,-0.52,0.062,0,0.0986,0.1001,0.201,0.341,0.162,0.118,0.069,0.018,0.000,0.000,11,5,0,0,0.175,0.142,0.127,0.044,0.011,0.007,27,7,3,2
0.102,0.368,0.556,0,0.000,0,0.0955,0.0953,0.310,0.166,0.162,0.118,0.069,0.018,0.000,0.000,11,5,0,0,0.175,0.142,0.127,0.044,0.011,0.007,27,7,3,2
0.108,0.360,0.427,0.85,0.046,0,0.0934,0.0905,0.261,0.06,0.162,0.118,0.069,0.018,0.000,0.000,11,5,0,0,0.175,0.142,0.127,0.044,0.011,0.007,27,7,3,2
0.102,0.592,0.762,0.2,0.291,1,0.1014,0.0931,0.340,0.180,0.162,0.118,0.069,0.018,0.000,0.000,11,5,0,0,0.175,0.142,0.127,0.044,0.011,0.007,27,7,3,2
0.120,0.409,0.393,2.53,0.140,0,0.1223,0.1068,0.146,-0.121,0.162,0.118,0.069,0.018,0.000,0.000,11,5,0,0,0.175,0.142,0.127,0.044,0.011,0.007,27,7,3,2
0.124,0.453,0.498,0,0.000,0,0.1444,0.1214,0.203,0.166,0.162,0.118,0.069,0.018,0.000,0.000,11,5,0,0,0.175,0.142,0.127,0.044,0.011,0.007,27,7,3,2
0.102,0.350,0.229,0.85,0.046,0,0.1659,0.1354,0.231,0.06,0.162,0.118,0.069,0.018,0.000,0.000,11,5,0,0,0.175,0.142,0.127,0.044,0.011,0.007,27,7,3,2
0.095,0.298,0.202,2.1,0.128,0,0.1817,0.1462,0.121,0.02,0.162,0.118,0.069,0.018,0.000,0.000,11,5,0,0,0.175,0.142,0.127,0.044,0.011,0.007,27,7,3,2
0.092,0.309,0.291,-0.08,0.108,0,0.1972,0.1582,0.301,0.059,0.162,0.118,0.069,0.018,0.000,0.000,11,5,0,0,0.175,0.142,0.127,0.044,0.011,0.007,27,7,3,2
0.096,0.255,0.422,-0.79,0.151,-1,0.2184,0.1743,0.409,0.736,0.162,0.118,0.069,0.018,0.000,0.000,11,5,0,0,0.175,0.142,0.127,0.044,0.011,0.007,27,7,3,2
0.092,0.307,0.267,-0.08,0.108,0,0.2192,0.1760,0.253,0.059,0.162,0.118,0.069,0.018,0.000,0.000,11,5,0,0,0.175,0.142,0.127,0.044,0.011,0.007,27,7,3,2
0.087,0.193,0.303,-1.14,0.131,0,0.2012,0.1645,0.408,0.987,0.162,0.118,0.069,0.018,0.000,0.000,11,5,0,0,0.175,0.142,0.127,0.044,0.011,0.007,27,7,3,2
0.086,0.204,0.240,0.85,0.046,0,0.1865,0.1526,0.290,0.06,0.162,0.118,0.069,0.018,0.000,0.000,11,5,0,0,0.175,0.142,0.127,0.044,0.011,0.007,27,7,3,2
0.072,0.198,0.332,1.99,0.186,0,0.1855,0.1487,0.138,-0.326,0.162,0.118,0.069,0.018,0.000,0.000,11,5,0,0,0.175,0.142,0.127,0.044,0.011,0.007,27,7,3,2
0.073,0.371,0.455,-0.42,0.180,0,0.1845,0.1441,0.397,0.318,0.162,0.118,0.069,0.018,0.000,0.000,11,5,0,0,0.175,0.142,0.127,0.044,0.011,0.007,27,7,3,2
0.073,0.428,0.498,-0.48,0.134,0,0.1862,0.1419,0.419,0.007,0.162,0.118,0.069,0.018,0.000,0.000,11,5,0,0,0.175,0.142,0.127,0.044,0.011,0.007,27,7,3,2
0.072,0.321,0.299,1.69,0.290,0,0.1999,0.1499,0.134,-0.697,0.162,0.118,0.069,0.018,0.000,0.000,11,5,0,0,0.175,0.142,0.127,0.044,0.011,0.007,27,7,3,2
0.075,0.266,0.320,-1.1,0.105,-1,0.2140,0.1589,0.311,0.192,0.162,0.118,0.069,0.018,0.000,0.000,11,5,0,0,0.175,0.142,0.127,0.044,0.011,0.007,27,7,3,2
0.069,0.341,0.443,-0.42,0.180,0,0.2179,0.1619,0.359,0.318,0.162,0.118,0.069,0.018,0.000,0.000,11,5,0,0,0.175,0.142,0.127,0.044,0.011,0.007,27,7,3,2
0.078,0.446,0.742,0.2,0.291,1,0.1989,0.1469,0.328,0.180,0.162,0.118,0.069,0.018,0.000,0.000,11,5,0,0,0.175,0.142,0.127,0.044,0.011,0.007,27,7,3,2
0.079,0.298,0.045,2.53,0.140,0,0.1682,0.1245,0.117,-0.121,0.162,0.118,0.069,0.018,0.000,0.000,11,5,0,0,0.175,0.142,0.127,0.044,0.011,0.007,27,7,3,2
0.083,0.308,0.282,1.99,0.186,0,0.1339,0.1000,0.166,-0.326,0.162,0.118,0.069,0.018,0.000,0.000,11,5,0,0,0.175,0.142,0.127,0.044,0.011,0.007,27,7,3,2
0.087,0.323,0.126,0.85,0.046,0,0.1009,0.0775,0.238,0.06,0.162,0.118,0.069,0.018,0.000,0.000,11,5,0,0,0.175,0.142,0.127,0.044,0.011,0.007,27,7,3,2
0.086,0.475,0.475,-0.48,0.134,0,0.0683,0.0556,0.222,0.007,0.162,0.118,0.069,0.018,0.000,0.000,11,5,0,0,0.175,0.142,0.127,0.044,0.011,0.007,27,7,3,2
0.089,0.461,0.610,-0.52,0.062,0,0.0418,0.0364,0.172,0.341,0.162,0.118,0.069,0.018,0.000,0.000,11,5,0,0,0.175,0.142,0.127,0.044,0.011,0.007,27,7,3,2
0.093,0.315,0.492,0.85,0.046,0,0.0203,0.0173,0.253,0.06,0.162,0.118,0.069,0.018,0.000,0.000,11,5,0,0,0.175,0.142,0.127,0.044,0.011,0.007,27,7,3,2
0.105,0.312,0.061,0.85,0.046,0,0.0135,0.0076,0.116,0.06,0.162,0.118,0.069,0.018,0.000,0.000,11,5,0,0,0.175,0.142,0.127,0.044,0.011,0.007,27,7,3,2
0.127,0.348,0.089,1.42,0.221,0,0.0243,0.0132,0.097,-0.397,0.162,0.118,0.069,0.018,0.000,0.000,11,5,0,0,0.175,0.142,0.127,0.044,0.011,0.007,27,7,3,2
0.136,0.331,0.615,-0.08,0.108,0,0.0292,0.0174,0.192,0.059,0.162,0.118,0.069,0.018,0.000,0.000,11,5,0,0,0.175,0.142,0.127,0.044,0.011,0.007,27,7,3,2
0.135,0.323,0.568,0.22,0.230,0,0.0253,0.0199,0.174,0.303,0.162,0.118,0.069,0.018,0.000,0.000,11,5,0,0,0.175,0.142,0.127,0.044,0.011,0.007,27,7,3,2
0.128,0.242,0.036,1.69,0.290,0,0.0226,0.0263,0.051,-0.697,0.162,0.118,0.069,0.018,0.000,0.000,11,5,0,0,0.175,0.142,0.127,0.044,0.011,0.007,27,7,3,2
0.126,0.172,0.002,1.99,0.186,0,0.0203,0.0414,0.083,-0.326,0.162,0.118,0.069,0.018,0.000,0.000,11,5,0,0,0.175,0.142,0.127,0.044,0.011,0.007,27,7,3,2
0.125,0.128,0.081,0.85,0.046,0,0.0180,0.0658,0.227,0.06,0.162,0.118,0.069,0.018,0.000,0.000,11,5,0,0,0.175,0.142,0.127,0.044,0.011,0.007,27,7,3,2
0.122,0.105,0.037,1.99,0.186,0,0.0159,0.1008,0.129,-0.326,0.162,0.118,0.069,0.018,0.000,0.000,11,5,0,0,0.175,0.142,0.127,0.044,0.011,0.007,27,7,3,2
0.148,0.102,0.001,2.1,0.128,0,0.0142,0.1468,0.058,0.02,0.162,0.118,0.069,0.018,0.000,0.000,11,5,0,0,0.175,0.142,0.127,0.044,0.011,0.007,27,7,3,2
0.137,0.039,0.005,0.85,0.046,0,0.0130,0.2032,0.148,0.06,0.162,0.118,0.069,0.018,0.000,0.000,11,5,0,0,0.175,0.142,0.127,0.044,0.011,0.007,27,7,3,2
0.134,0.036,0.076,-1.14,0.131,0,0.0121,0.2683,0.381,0.987,0.162,0.118,0.069,0.018,0.000,0.000,11,5,0,0,0.175,0.142,0.127,0.044,0.011,0.007,27,7,3,2
0.130,0.031,0.113,1.99,0.186,0,0.0112,0.3384,0.287,-0.326,0.162,0.118,0.069,0.018,0.000,0.000,11,5,0,0,0.175,0.142,0.127,0.044,0.011,0.007,27,7,3,2
0.119,0.019,0.113,2.1,0.128,0,0.0092,0.4082,0.263,0.02,0.162,0.118,0.069,0.018,0.000,0.000,11,5,0,0,0.175,0.142,0.127,0.044,0.011,0.007,27,7,3,2
0.127,0.011,0.161,-1.1,0.105,-1,0.0050,0.4702,0.813,0.192,0.162,0.118,0.069,0.018,0.000,0.000,11,5,0,0,0.175,0.142,0.127,0.044,0.011,0.007,27,7,3,2
