0.300,0.216,0.513,1.42,0.221,0,0.0106,0.3854,0.632,-0.397,0.218,0.142,0.119,0.015,0.000,0.000,33,9,0,0,0.196,0.129,0.058,0.003,0.002,0.000,28,2,1,0
0.285,0.220,0.550,1.69,0.290,0,0.0090,0.2305,0.180,-0.697,0.218,0.142,0.119,0.015,0.000,0.000,33,9,0,0,0.196,0.129,0.058,0.003,0.002,0.000,28,2,1,0
0.274,0.183,0.550,-1.19,0.219,1,0.0076,0.1277,0.359,0.586,0.218,0.142,0.119,0.015,0.000,0.000,33,9,0,0,0.196,0.129,0.058,0.003,0.002,0.000,28,2,1,0
0.207,0.146,0.527,-1.19,0.219,1,0.0065,0.0634,0.291,0.586,0.218,0.142,0.119,0.015,0.000,0.000,33,9,0,0,0.196,0.129,0.058,0.003,0.002,0.000,28,2,1,0
0.203,0.107,0.201,0.85,0.046,0,0.0057,0.0262,0.067,0.06,0.218,0.142,0.119,0.015,0.000,0.000,33,9,0,0,0.196,0.129,0.058,0.003,0.002,0.000,28,2,1,0
0.158,0.109,0.310,1.99,0.186,0,0.0053,0.0072,0.100,-0.326,0.218,0.142,0.119,0.015,0.000,0.000,33,9,0,0,0.196,0.129,0.058,0.003,0.002,0.000,28,2,1,0
0.164,0.090,0.022,2.53,0.140,0,0.0053,-0.0004,0.104,-0.121,0.218,0.142,0.119,0.015,0.000,0.000,33,9,0,0,0.196,0.129,0.058,0.003,0.002,0.000,28,2,1,0
0.156,0.114,0.152,1.42,0.221,0,0.0055,-0.0018,0.093,-0.397,0.218,0.142,0.119,0.015,0.000,0.000,33,9,0,0,0.196,0.129,0.058,0.003,0.002,0.000,28,2,1,0
0.153,0.114,0.001,2.53,0.140,0,0.0060,-0.0005,0.029,-0.121,0.218,0.142,0.119,0.015,0.000,0.000,33,9,0,0,0.196,0.129,0.058,0.003,0.002,0.000,28,2,1,0
0.162,0.118,0.217,-0.52,0.062,0,0.0066,0.0012,0.058,0.341,0.218,0.142,0.119,0.015,0.000,0.000,33,9,0,0,0.196,0.129,0.058,0.003,0.002,0.000,28,2,1,0
0.154,0.075,0.004,3.14,0.186,0,0.0073,0.0035,0.021,-0.486,0.218,0.142,0.119,0.015,0.000,0.000,33,9,0,0,0.196,0.129,0.058,0.003,0.002,0.000,28,2,1,0
0.148,0.056,0.002,1.99,0.186,0,0.0080,0.0035,0.026,-0.326,0.218,0.142,0.119,0.015,0.000,0.000,33,9,0,0,0.196,0.129,0.058,0.003,0.002,0.000,28,2,1,0
0.186,0.052,0.001,2.53,0.140,0,0.0088,0.0017,0.019,-0.121,0.218,0.142,0.119,0.015,0.000,0.000,33,9,0,0,0.196,0.129,0.058,0.003,0.002,0.000,28,2,1,0
0.152,0.061,0.064,1.69,0.290,0,0.0090,0.0010,0.031,-0.697,0.218,0.142,0.119,0.015,0.000,0.000,33,9,0,0,0.196,0.129,0.058,0.003,0.002,0.000,28,2,1,0
0.129,0.061,0.001,1.99,0.186,0,0.0095,0.0006,0.033,-0.326,0.218,0.142,0.119,0.015,0.000,0.000,33,9,0,0,0.196,0.129,0.058,0.003,0.002,0.000,28,2,1,0
0.129,0.080,0.173,1.69,0.290,0,0.0099,0.0005,0.054,-0.697,0.218,0.142,0.119,0.015,0.000,0.000,33,9,0,0,0.196,0.129,0.058,0.003,0.002,0.000,28,2,1,0
0.131,0.072,0.097,2.1,0.128,0,0.0106,0.0008,0.036,0.02,0.218,0.142,0.119,0.015,0.000,0.000,33,9,0,0,0.196,0.129,0.058,0.003,0.002,0.000,28,2,1,0
0.125,0.076,0.302,-1.14,0.131,0,0.0127,0.0015,0.120,0.987,0.218,0.142,0.119,0.015,0.000,0.000,33,9,0,0,0.196,0.129,0.058,0.003,0.002,0.000,28,2,1,0
0.099,0.068,0.297,3.14,0.186,0,0.0131,0.0014,0.112,-0.486,0.218,0.142,0.119,0.015,0.000,0.000,33,9,0,0,0.196,0.129,0.058,0.003,0.002,0.000,28,2,1,0
0.094,0.087,0.299,-0.52,0.062,0,0.0073,-0.0007,0.162,0.341,0.218,0.142,0.119,0.015,0.000,0.000,33,9,0,0,0.196,0.129,0.058,0.003,0.002,0.000,28,2,1,0
0.075,0.078,0.514,-0.08,0.108,0,0.0082,0.0004,0.214,0.059,0.218,0.142,0.119,0.015,0.000,0.000,33,9,0,0,0.196,0.129,0.058,0.003,0.002,0.000,28,2,1,0
0.079,0.076,0.389,1.99,0.186,0,0.0143,0.0016,0.124,-0.326,0.218,0.142,0.119,0.015,0.000,0.000,33,9,0,0,0.196,0.129,0.058,0.003,0.002,0.000,28,2,1,0
0.079,0.070,0.549,-0.52,0.062,0,0.0237,0.0032,0.171,0.341,0.218,0.142,0.119,0.015,0.000,0.000,33,9,0,0,0.196,0.129,0.058,0.003,0.002,0.000,28,2,1,0
0.076,0.059,0.286,2.53,0.140,0,0.0479,0.0105,0.109,-0.121,0.218,0.142,0.119,0.015,0.000,0.000,33,9,0,0,0.196,0.129,0.058,0.003,0.002,0.000,28,2,1,0
0.093,0.078,0.609,-0.52,0.062,0,0.0795,0.0183,0.214,0.341,0.218,0.142,0.119,0.015,0.000,0.000,33,9,0,0,0.196,0.129,0.058,0.003,0.002,0.000,28,2,1,0
0.098,0.067,0.614,0.85,0.046,0,0.1242,0.0306,0.179,0.06,0.218,0.142,0.119,0.015,0.000,0.000,33,9,0,0,0.196,0.129,0.058,0.003,0.002,0.000,28,2,1,0
0.122,0.092,0.362,0.85,0.046,0,0.1681,0.0426,0.226,0.06,0.218,0.142,0.119,0.015,0.000,0.000,33,9,0,0,0.196,0.129,0.058,0.003,0.002,0.000,28,2,1,0
0.100,0.136,0.382,-1.1,0.105,-1,0.1998,0.0507,0.237,0.192,0.218,0.142,0.119,0.015,0.000,0.000,33,9,0,0,0.196,0.129,0.058,0.003,0.002,0.000,28,2,1,0
0.099,0.123,0.371,1.69,0.290,0,0.2223,0.0579,0.110,-0.697,0.218,0.142,0.119,0.015,0.000,0.000,33,9,0,0,0.196,0.129,0.058,0.003,0.002,0.000,28,2,1,0
0.103,0.137,0.420,-0.08,0.108,0,0.2321,0.0629,0.279,0.059,0.218,0.142,0.119,0.015,0.000,0.000,33,9,0,0,0.196,0.129,0.058,0.003,0.002,0.000,28,2,1,0
0.093,0.106,0.446,-0.48,0.134,0,0.2329,0.0694,0.305,0.007,0.218,0.142,0.119,0.015,0.000,0.000,33,9,0,0,0.196,0.129,0.058,0.003,0.002,0.000,28,2,1,0
0.095,0.075,0.341,0,0.000,0,0.2134,0.0686,0.240,0.166,0.218,0.142,0.119,0.015,0.000,0.000,33,9,0,0,0.196,0.129,0.058,0.003,0.002,0.000,28,2,1,0
0.065,0.052,0.180,2.53,0.140,0,0.1803,0.0630,0.165,-0.121,0.218,0.142,0.119,0.015,0.000,0.000,33,9,0,0,0.196,0.129,0.058,0.003,0.002,0.000,28,2,1,0
0.050,0.045,0.385,-1.1,0.105,-1,0.1523,0.0605,0.280,0.192,0.218,0.142,0.119,0.015,0.000,0.000,33,9,0,0,0.196,0.129,0.058,0.003,0.002,0.000,28,2,1,0
0.063,0.063,0.417,2.53,0.140,0,0.1395,0.0681,0.133,-0.121,0.218,0.142,0.119,0.015,0.000,0.000,33,9,0,0,0.196,0.129,0.058,0.003,0.002,0.000,28,2,1,0
0.057,0.097,0.691,-0.52,0.062,0,0.1349,0.0755,0.292,0.341,0.218,0.142,0.119,0.015,0.000,0.000,33,9,0,0,0.196,0.129,0.058,0.003,0.002,0.000,28,2,1,0
0.056,0.078,0.600,0,0.000,0,0.1422,0.0888,0.250,0.166,0.218,0.142,0.119,0.015,0.000,0.000,33,9,0,0,0.196,0.129,0.058,0.003,0.002,0.000,28,2,1,0
0.056,0.074,0.640,-0.48,0.134,0,0.1455,0.0959,0.250,0.007,0.218,0.142,0.119,0.015,0.000,0.000,33,9,0,0,0.196,0.129,0.058,0.003,0.002,0.000,28,2,1,0
0.049,0.057,0.779,-0.08,0.108,0,0.1577,0.1071,0.172,0.059,0.218,0.142,0.119,0.015,0.000,0.000,33,9,0,0,0.196,0.129,0.058,0.003,0.002,0.000,28,2,1,0
0.057,0.050,0.423,0.85,0.046,0,0.1645,0.1138,0.066,0.06,0.218,0.142,0.119,0.015,0.000,0.000,33,9,0,0,0.196,0.129,0.058,0.003,0.002,0.000,28,2,1,0
0.064,0.063,0.696,-0.08,0.108,0,0.1629,0.1198,0.129,0.059,0.218,0.142,0.119,0.015,0.000,0.000,33,9,0,0,0.196,0.129,0.058,0.003,0.002,0.000,28,2,1,0
0.052,0.052,0.151,3.14,0.186,0,0.1583,0.1258,0.078,-0.486,0.218,0.142,0.119,0.015,0.000,0.000,33,9,0,0,0.196,0.129,0.058,0.003,0.002,0.000,28,2,1,0
0.051,0.073,0.504,1.76,0.409,0,0.1435,0.1251,0.093,-0.884,0.218,0.142,0.119,0.015,0.000,0.000,33,9,0,0,0.196,0.129,0.058,0.003,0.002,0.000,28,2,1,0
0.048,0.066,0.450,1.69,0.290,0,0.1320,0.1247,0.039,-0.697,0.218,0.142,0.119,0.015,0.000,0.000,33,9,0,0,0.196,0.129,0.058,0.003,0.002,0.000,28,2,1,0
0.051,0.115,0.423,-1.19,0.219,1,0.1182,0.1201,0.216,0.586,0.218,0.142,0.119,0.015,0.000,0.000,33,9,0,0,0.196,0.129,0.058,0.003,0.002,0.000,28,2,1,0
0.054,0.076,0.436,-1.14,0.131,0,0.0989,0.1106,0.178,0.987,0.218,0.142,0.119,0.015,0.000,0.000,33,9,0,0,0.196,0.129,0.058,0.003,0.002,0.000,28,2,1,0
0.046,0.083,0.332,1.99,0.186,0,0.0748,0.0954,0.175,-0.326,0.218,0.142,0.119,0.015,0.000,0.000,33,9,0,0,0.196,0.129,0.058,0.003,0.002,0.000,28,2,1,0
0.056,0.092,0.419,0.85,0.046,0,0.0507,0.0782,0.316,0.06,0.218,0.142,0.119,0.015,0.000,0.000,33,9,0,0,0.196,0.129,0.058,0.003,0.002,0.000,28,2,1,0
0.065,0.151,0.483,-0.48,0.134,0,0.0540,0.0835,0.423,0.007,0.218,0.142,0.119,0.015,0.000,0.000,33,9,0,0,0.196,0.129,0.058,0.003,0.002,0.000,28,2,1,0
0.058,0.175,0.567,-0.08,0.108,0,0.0588,0.0905,0.237,0.059,0.218,0.142,0.119,0.015,0.000,0.000,33,9,0,0,0.196,0.129,0.058,0.003,0.002,0.000,28,2,1,0
0.061,0.156,0.365,-0.52,0.062,0,0.0624,0.0983,0.276,0.341,0.218,0.142,0.119,0.015,0.000,0.000,33,9,0,0,0.196,0.129,0.058,0.003,0.002,0.000,28,2,1,0
0.065,0.100,0.389,1.76,0.409,0,0.0750,0.1121,0.156,-0.884,0.218,0.142,0.119,0.015,0.000,0.000,33,9,0,0,0.196,0.129,0.058,0.003,0.002,0.000,28,2,1,0
0.067,0.067,0.127,2.53,0.140,0,0.1093,0.1421,0.127,-0.121,0.218,0.142,0.119,0.015,0.000,0.000,33,9,0,0,0.196,0.129,0.058,0.003,0.002,0.000,28,2,1,0
0.096,0.084,0.464,-1.1,0.105,-1,0.1503,0.1753,0.187,0.192,0.218,0.142,0.119,0.015,0.000,0.000,33,9,0,0,0.196,0.129,0.058,0.003,0.002,0.000,28,2,1,0
0.112,0.076,0.035,2.53,0.140,0,0.1890,0.2082,0.076,-0.121,0.218,0.142,0.119,0.015,0.000,0.000,33,9,0,0,0.196,0.129,0.058,0.003,0.002,0.000,28,2,1,0
0.076,0.123,0.565,0.22,0.230,0,0.2143,0.2270,0.148,0.303,0.218,0.142,0.119,0.015,0.000,0.000,33,9,0,0,0.196,0.129,0.058,0.003,0.002,0.000,28,2,1,0
0.078,0.125,0.566,1.37,0.298,0,0.2374,0.2424,0.112,-0.510,0.218,0.142,0.119,0.015,0.000,0.000,33,9,0,0,0.196,0.129,0.058,0.003,0.002,0.000,28,2,1,0
0.081,0.134,0.743,-1.19,0.219,1,0.2469,0.2444,0.264,0.586,0.218,0.142,0.119,0.015,0.000,0.000,33,9,0,0,0.196,0.129,0.058,0.003,0.002,0.000,28,2,1,0
0.077,0.103,0.349,3.14,0.186,0,0.2491,0.2425,0.091,-0.486,0.218,0.142,0.119,0.015,0.000,0.000,33,9,0,0,0.196,0.129,0.058,0.003,0.002,0.000,28,2,1,0
0.086,0.123,0.686,-0.48,0.134,0,0.2481,0.2381,0.279,0.007,0.218,0.142,0.119,0.015,0.000,0.000,33,9,0,0,0.196,0.129,0.058,0.003,0.002,0.000,28,2,1,0
0.081,0.130,0.706,-0.52,0.062,0,0.2480,0.2370,0.357,0.341,0.218,0.142,0.119,0.015,0.000,0.000,33,9,0,0,0.196,0.129,0.058,0.003,0.002,0.000,28,2,1,0
0.064,0.115,0.628,0,0.000,0,0.2461,0.2360,0.352,0.166,0.218,0.142,0.119,0.015,0.000,0.000,33,9,0,0,0.196,0.129,0.058,0.003,0.002,0.000,28,2,1,0
0.100,0.115,0.416,0.85,0.046,0,0.2513,0.2411,0.253,0.06,0.218,0.142,0.119,0.015,0.000,0.000,33,9,0,0,0.196,0.129,0.058,0.003,0.002,0.000,28,2,1,0
0.100,0.160,0.610,-0.42,0.180,0,0.2714,0.2583,0.325,0.318,0.218,0.142,0.119,0.015,0.000,0.000,33,9,0,0,0.196,0.129,0.058,0.003,0.002,0.000,28,2,1,0
0.109,0.186,0.661,-0.42,0.180,0,0.2918,0.2770,0.332,0.318,0.218,0.142,0.119,0.015,0.000,0.000,33,9,0,0,0.196,0.129,0.058,0.003,0.002,0.000,28,2,1,0
0.111,0.221,0.682,-0.48,0.134,0,0.3121,0.2962,0.272,0.007,0.218,0.142,0.119,0.015,0.000,0.000,33,9,0,0,0.196,0.129,0.058,0.003,0.002,0.000,28,2,1,0
0.108,0.160,0.189,3.14,0.186,0,0.3476,0.3288,0.098,-0.486,0.218,0.142,0.119,0.015,0.000,0.000,33,9,0,0,0.196,0.129,0.058,0.003,0.002,0.000,28,2,1,0
0.108,0.184,0.786,0.2,0.291,1,0.3804,0.3579,0.272,0.180,0.218,0.142,0.119,0.015,0.000,0.000,33,9,0,0,0.196,0.129,0.058,0.003,0.002,0.000,28,2,1,0
0.070,0.145,0.726,-0.08,0.108,0,0.4078,0.3833,0.204,0.059,0.218,0.142,0.119,0.015,0.000,0.000,33,9,0,0,0.196,0.129,0.058,0.003,0.002,0.000,28,2,1,0
0.069,0.193,0.736,-0.08,0.108,0,0.4136,0.3907,0.193,0.059,0.218,0.142,0.119,0.015,0.000,0.000,33,9,0,0,0.196,0.129,0.058,0.003,0.002,0.000,28,2,1,0
0.069,0.185,0.759,1.37,0.298,0,0.4137,0.3914,0.133,-0.510,0.218,0.142,0.119,0.015,0.000,0.000,33,9,0,0,0.196,0.129,0.058,0.003,0.002,0.000,28,2,1,0
0.066,0.152,0.733,-0.48,0.134,0,0.4159,0.3920,0.278,0.007,0.218,0.142,0.119,0.015,0.000,0.000,33,9,0,0,0.196,0.129,0.058,0.003,0.002,0.000,28,2,1,0
0.061,0.157,0.720,-0.52,0.062,0,0.4105,0.3869,0.244,0.341,0.218,0.142,0.119,0.015,0.000,0.000,33,9,0,0,0.196,0.129,0.058,0.003,0.002,0.000,28,2,1,0
0.061,0.105,0.541,2.53,0.140,0,0.4003,0.3776,0.217,-0.121,0.218,0.142,0.119,0.015,0.000,0.000,33,9,0,0,0.196,0.129,0.058,0.003,0.002,0.000,28,2,1,0
0.066,0.111,0.577,-0.52,0.062,0,0.3901,0.3691,0.316,0.341,0.218,0.142,0.119,0.015,0.000,0.000,33,9,0,0,0.196,0.129,0.058,0.003,0.002,0.000,28,2,1,0
0.072,0.107,0.545,0,0.000,0,0.3879,0.3662,0.274,0.166,0.218,0.142,0.119,0.015,0.000,0.000,33,9,0,0,0.196,0.129,0.058,0.003,0.002,0.000,28,2,1,0
0.088,0.104,0.732,0.2,0.291,1,0.3814,0.3632,0.358,0.180,0.218,0.142,0.119,0.015,0.000,0.000,33,9,0,0,0.196,0.129,0.058,0.003,0.002,0.000,28,2,1,0
0.086,0.105,0.609,1.37,0.298,0,0.3846,0.3689,0.183,-0.510,0.218,0.142,0.119,0.015,0.000,0.000,33,9,0,0,0.196,0.129,0.058,0.003,0.002,0.000,28,2,1,0
0.079,0.098,0.580,-0.79,0.151,-1,0.3918,0.3803,0.373,0.736,0.218,0.142,0.119,0.015,0.000,0.000,33,9,0,0,0.196,0.129,0.058,0.003,0.002,0.000,28,2,1,0
0.083,0.110,0.514,-0.42,0.180,0,0.3913,0.3864,0.317,0.318,0.218,0.142,0.119,0.015,0.000,0.000,33,9,0,0,0.196,0.129,0.058,0.003,0.002,0.000,28,2,1,0
0.092,0.114,0.590,-0.48,0.134,0,0.3722,0.3788,0.345,0.007,0.218,0.142,0.119,0.015,0.000,0.000,33,9,0,0,0.196,0.129,0.058,0.003,0.002,0.000,28,2,1,0
0.092,0.106,0.281,2.53,0.140,0,0.3492,0.3672,0.108,-0.121,0.218,0.142,0.119,0.015,0.000,0.000,33,9,0,0,0.196,0.129,0.058,0.003,0.002,0.000,28,2,1,0
0.115,0.129,0.705,-0.08,0.108,0,0.3184,0.3495,0.315,0.059,0.218,0.142,0.119,0.015,0.000,0.000,33,9,0,0,0.196,0.129,0.058,0.003,0.002,0.000,28,2,1,0
0.090,0.137,0.305,2.53,0.140,0,0.2900,0.3321,0.135,-0.121,0.218,0.142,0.119,0.015,0.000,0.000,33,9,0,0,0.196,0.129,0.058,0.003,0.002,0.000,28,2,1,0
0.085,0.163,0.675,-0.52,0.062,0,0.2707,0.3200,0.252,0.341,0.218,0.142,0.119,0.015,0.000,0.000,33,9,0,0,0.196,0.129,0.058,0.003,0.002,0.000,28,2,1,0
0.072,0.157,0.639,-0.52,0.062,0,0.2644,0.3142,0.349,0.341,0.218,0.142,0.119,0.015,0.000,0.000,33,9,0,0,0.196,0.129,0.058,0.003,0.002,0.000,28,2,1,0
0.059,0.141,0.376,0,0.000,0,0.2700,0.3161,0.338,0.166,0.218,0.142,0.119,0.015,0.000,0.000,33,9,0,0,0.196,0.129,0.058,0.003,0.002,0.000,28,2,1,0
0.047,0.155,0.400,-1.1,0.105,-1,0.2686,0.3092,0.276,0.192,0.218,0.142,0.119,0.015,0.000,0.000,33,9,0,0,0.196,0.129,0.058,0.003,0.002,0.000,28,2,1,0
0.055,0.159,0.566,-0.08,0.108,0,0.2700,0.3057,0.246,0.059,0.218,0.142,0.119,0.015,0.000,0.000,33,9,0,0,0.196,0.129,0.058,0.003,0.002,0.000,28,2,1,0
0.064,0.153,0.364,2.53,0.140,0,0.2849,0.3132,0.124,-0.121,0.218,0.142,0.119,0.015,0.000,0.000,33,9,0,0,0.196,0.129,0.058,0.003,0.002,0.000,28,2,1,0
0.063,0.169,0.501,-0.52,0.062,0,0.2994,0.3226,0.144,0.341,0.218,0.142,0.119,0.015,0.000,0.000,33,9,0,0,0.196,0.129,0.058,0.003,0.002,0.000,28,2,1,0
0.076,0.099,0.505,1.37,0.298,0,0.3129,0.3331,0.090,-0.510,0.218,0.142,0.119,0.015,0.000,0.000,33,9,0,0,0.196,0.129,0.058,0.003,0.002,0.000,28,2,1,0
0.067,0.053,0.571,-0.52,0.062,0,0.3103,0.3324,0.119,0.341,0.218,0.142,0.119,0.015,0.000,0.000,33,9,0,0,0.196,0.129,0.058,0.003,0.002,0.000,28,2,1,0
0.068,0.084,0.545,1.69,0.290,0,0.3099,0.3332,0.062,-0.697,0.218,0.142,0.119,0.015,0.000,0.000,33,9,0,0,0.196,0.129,0.058,0.003,0.002,0.000,28,2,1,0
0.072,0.099,0.563,-0.08,0.108,0,0.2869,0.3177,0.159,0.059,0.218,0.142,0.119,0.015,0.000,0.000,33,9,0,0,0.196,0.129,0.058,0.003,0.002,0.000,28,2,1,0
0.065,0.116,0.674,1.37,0.298,0,0.2667,0.3027,0.130,-0.510,0.218,0.142,0.119,0.015,0.000,0.000,33,9,0,0,0.196,0.129,0.058,0.003,0.002,0.000,28,2,1,0
0.042,0.176,0.700,-0.48,0.134,0,0.2343,0.2775,0.304,0.007,0.218,0.142,0.119,0.015,0.000,0.000,33,9,0,0,0.196,0.129,0.058,0.003,0.002,0.000,28,2,1,0
0.036,0.182,0.711,-0.48,0.134,0,0.2096,0.2548,0.356,0.007,0.218,0.142,0.119,0.015,0.000,0.000,33,9,0,0,0.196,0.129,0.058,0.003,0.002,0.000,28,2,1,0
0.031,0.168,0.454,0,0.000,0,0.1791,0.2260,0.333,0.166,0.218,0.142,0.119,0.015,0.000,0.000,33,9,0,0,0.196,0.129,0.058,0.003,0.002,0.000,28,2,1,0
0.029,0.173,0.480,-0.08,0.108,0,0.1570,0.2011,0.302,0.059,0.218,0.142,0.119,0.015,0.000,0.000,33,9,0,0,0.196,0.129,0.058,0.003,0.002,0.000,28,2,1,0
0.028,0.173,0.476,-1.14,0.131,0,0.1462,0.1845,0.262,0.987,0.218,0.142,0.119,0.015,0.000,0.000,33,9,0,0,0.196,0.129,0.058,0.003,0.002,0.000,28,2,1,0
0.026,0.167,0.352,0.85,0.046,0,0.1547,0.1835,0.253,0.06,0.218,0.142,0.119,0.015,0.000,0.000,33,9,0,0,0.196,0.129,0.058,0.003,0.002,0.000,28,2,1,0
0.030,0.214,0.638,1.37,0.298,0,0.1849,0.1999,0.215,-0.510,0.218,0.142,0.119,0.015,0.000,0.000,33,9,0,0,0.196,0.129,0.058,0.003,0.002,0.000,28,2,1,0
0.030,0.086,0.391,-1.1,0.105,-1,0.2397,0.2369,0.288,0.192,0.218,0.142,0.119,0.015,0.000,0.000,33,9,0,0,0.196,0.129,0.058,0.003,0.002,0.000,28,2,1,0
0.036,0.118,0.354,-0.52,0.062,0,0.2966,0.2772,0.257,0.341,0.218,0.142,0.119,0.015,0.000,0.000,33,9,0,0,0.196,0.129,0.058,0.003,0.002,0.000,28,2,1,0
0.040,0.087,0.358,-1.1,0.105,-1,0.3384,0.3043,0.302,0.192,0.218,0.142,0.119,0.015,0.000,0.000,33,9,0,0,0.196,0.129,0.058,0.003,0.002,0.000,28,2,1,0
0.048,0.109,0.608,1.76,0.409,0,0.3764,0.3305,0.145,-0.884,0.218,0.142,0.119,0.015,0.000,0.000,33,9,0,0,0.196,0.129,0.058,0.003,0.002,0.000,28,2,1,0
0.054,0.131,0.531,1.37,0.298,0,0.4020,0.3468,0.142,-0.510,0.218,0.142,0.119,0.015,0.000,0.000,33,9,0,0,0.196,0.129,0.058,0.003,0.002,0.000,28,2,1,0
0.061,0.145,0.527,-0.48,0.134,0,0.4068,0.3481,0.237,0.007,0.218,0.142,0.119,0.015,0.000,0.000,33,9,0,0,0.196,0.129,0.058,0.003,0.002,0.000,28,2,1,0
0.075,0.178,0.585,1.37,0.298,0,0.4018,0.3421,0.102,-0.510,0.218,0.142,0.119,0.015,0.000,0.000,33,9,0,0,0.196,0.129,0.058,0.003,0.002,0.000,28,2,1,0
0.080,0.098,0.484,-0.08,0.108,0,0.3687,0.3131,0.182,0.059,0.218,0.142,0.119,0.015,0.000,0.000,33,9,0,0,0.196,0.129,0.058,0.003,0.002,0.000,28,2,1,0
0.084,0.080,0.477,2.53,0.140,0,0.3426,0.2897,0.160,-0.121,0.218,0.142,0.119,0.015,0.000,0.000,33,9,0,0,0.196,0.129,0.058,0.003,0.002,0.000,28,2,1,0
0.079,0.076,0.537,0,0.000,0,0.3103,0.2614,0.241,0.166,0.218,0.142,0.119,0.015,0.000,0.000,33,9,0,0,0.196,0.129,0.058,0.003,0.002,0.000,28,2,1,0
0.073,0.110,0.497,-0.52,0.062,0,0.2920,0.2419,0.247,0.341,0.218,0.142,0.119,0.015,0.000,0.000,33,9,0,0,0.196,0.129,0.058,0.003,0.002,0.000,28,2,1,0
0.067,0.081,0.345,-1.14,0.131,0,0.2745,0.2241,0.355,0.987,0.218,0.142,0.119,0.015,0.000,0.000,33,9,0,0,0.196,0.129,0.058,0.003,0.002,0.000,28,2,1,0
0.051,0.105,0.495,-0.52,0.062,0,0.2728,0.2167,0.409,0.341,0.218,0.142,0.119,0.015,0.000,0.000,33,9,0,0,0.196,0.129,0.058,0.003,0.002,0.000,28,2,1,0
0.051,0.130,0.513,-0.52,0.062,0,0.2805,0.2196,0.295,0.341,0.218,0.142,0.119,0.015,0.000,0.000,33,9,0,0,0.196,0.129,0.058,0.003,0.002,0.000,28,2,1,0
0.074,0.108,0.305,-1.14,0.131,0,0.2973,0.2294,0.302,0.987,0.218,0.142,0.119,0.015,0.000,0.000,33,9,0,0,0.196,0.129,0.058,0.003,0.002,0.000,28,2,1,0
0.070,0.134,0.542,-0.08,0.108,0,0.3252,0.2501,0.345,0.059,0.218,0.142,0.119,0.015,0.000,0.000,33,9,0,0,0.196,0.129,0.058,0.003,0.002,0.000,28,2,1,0
0.074,0.098,0.771,-1.19,0.219,1,0.3516,0.2699,0.345,0.586,0.218,0.142,0.119,0.015,0.000,0.000,33,9,0,0,0.196,0.129,0.058,0.003,0.002,0.000,28,2,1,0
0.085,0.095,0.597,0.85,0.046,0,0.3707,0.2834,0.123,0.06,0.218,0.142,0.119,0.015,0.000,0.000,33,9,0,0,0.196,0.129,0.058,0.003,0.002,0.000,28,2,1,0
0.091,0.090,0.371,2.53,0.140,0,0.3873,0.2953,0.097,-0.121,0.218,0.142,0.119,0.015,0.000,0.000,33,9,0,0,0.196,0.129,0.058,0.003,0.002,0.000,28,2,1,0
0.092,0.056,0.355,-0.08,0.108,0,0.3856,0.2928,0.180,0.059,0.218,0.142,0.119,0.015,0.000,0.000,33,9,0,0,0.196,0.129,0.058,0.003,0.002,0.000,28,2,1,0
0.095,0.072,0.133,1.69,0.290,0,0.3743,0.2830,0.070,-0.697,0.218,0.142,0.119,0.015,0.000,0.000,33,9,0,0,0.196,0.129,0.058,0.003,0.002,0.000,28,2,1,0
0.090,0.069,0.392,1.37,0.298,0,0.3576,0.2684,0.097,-0.510,0.218,0.142,0.119,0.015,0.000,0.000,33,9,0,0,0.196,0.129,0.058,0.003,0.002,0.000,28,2,1,0
0.099,0.079,0.259,-0.79,0.151,-1,0.3441,0.2560,0.273,0.736,0.218,0.142,0.119,0.015,0.000,0.000,33,9,0,0,0.196,0.129,0.058,0.003,0.002,0.000,28,2,1,0
0.094,0.078,0.251,-1.1,0.105,-1,0.3304,0.2444,0.220,0.192,0.218,0.142,0.119,0.015,0.000,0.000,33,9,0,0,0.196,0.129,0.058,0.003,0.002,0.000,28,2,1,0
0.086,0.089,0.145,3.14,0.186,0,0.3084,0.2248,0.098,-0.486,0.218,0.142,0.119,0.015,0.000,0.000,33,9,0,0,0.196,0.129,0.058,0.003,0.002,0.000,28,2,1,0
0.086,0.152,0.400,-0.48,0.134,0,0.2855,0.2061,0.271,0.007,0.218,0.142,0.119,0.015,0.000,0.000,33,9,0,0,0.196,0.129,0.058,0.003,0.002,0.000,28,2,1,0
0.093,0.198,0.409,1.37,0.298,0,0.2854,0.2079,0.208,-0.510,0.218,0.142,0.119,0.015,0.000,0.000,33,9,0,0,0.196,0.129,0.058,0.003,0.002,0.000,28,2,1,0
0.062,0.100,0.461,0,0.000,0,0.2843,0.2085,0.257,0.166,0.218,0.142,0.119,0.015,0.000,0.000,33,9,0,0,0.196,0.129,0.058,0.003,0.002,0.000,28,2,1,0
0.055,0.095,0.427,0,0.000,0,0.2969,0.2183,0.265,0.166,0.218,0.142,0.119,0.015,0.000,0.000,33,9,0,0,0.196,0.129,0.058,0.003,0.002,0.000,28,2,1,0
0.052,0.056,0.478,0.85,0.046,0,0.3046,0.2213,0.184,0.06,0.218,0.142,0.119,0.015,0.000,0.000,33,9,0,0,0.196,0.129,0.058,0.003,0.002,0.000,28,2,1,0
0.054,0.060,0.535,-0.52,0.062,0,0.3174,0.2275,0.221,0.341,0.218,0.142,0.119,0.015,0.000,0.000,33,9,0,0,0.196,0.129,0.058,0.003,0.002,0.000,28,2,1,0
0.071,0.058,0.401,2.53,0.140,0,0.3320,0.2350,0.112,-0.121,0.218,0.142,0.119,0.015,0.000,0.000,33,9,0,0,0.196,0.129,0.058,0.003,0.002,0.000,28,2,1,0
0.077,0.172,0.527,-0.52,0.062,0,0.3439,0.2381,0.177,0.341,0.218,0.142,0.119,0.015,0.000,0.000,33,9,0,0,0.196,0.129,0.058,0.003,0.002,0.000,28,2,1,0
0.094,0.134,0.101,1.99,0.186,0,0.3551,0.2432,0.113,-0.326,0.218,0.142,0.119,0.015,0.000,0.000,33,9,0,0,0.196,0.129,0.058,0.003,0.002,0.000,28,2,1,0
0.083,0.151,0.322,-0.42,0.180,0,0.3666,0.2461,0.250,0.318,0.218,0.142,0.119,0.015,0.000,0.000,33,9,0,0,0.196,0.129,0.058,0.003,0.002,0.000,28,2,1,0
0.081,0.145,0.422,-1.14,0.131,0,0.3841,0.2545,0.292,0.987,0.218,0.142,0.119,0.015,0.000,0.000,33,9,0,0,0.196,0.129,0.058,0.003,0.002,0.000,28,2,1,0
0.096,0.154,0.397,0,0.000,0,0.3948,0.2576,0.264,0.166,0.218,0.142,0.119,0.015,0.000,0.000,33,9,0,0,0.196,0.129,0.058,0.003,0.002,0.000,28,2,1,0
0.134,0.150,0.448,-0.48,0.134,0,0.3937,0.2536,0.356,0.007,0.218,0.142,0.119,0.015,0.000,0.000,33,9,0,0,0.196,0.129,0.058,0.003,0.002,0.000,28,2,1,0
0.128,0.165,0.706,1.37,0.298,0,0.4004,0.2611,0.132,-0.510,0.218,0.142,0.119,0.015,0.000,0.000,33,9,0,0,0.196,0.129,0.058,0.003,0.002,0.000,28,2,1,0
0.120,0.157,0.557,-0.08,0.108,0,0.4016,0.2663,0.227,0.059,0.218,0.142,0.119,0.015,0.000,0.000,33,9,0,0,0.196,0.129,0.058,0.003,0.002,0.000,28,2,1,0
0.101,0.150,0.420,1.99,0.186,0,0.4206,0.2885,0.114,-0.326,0.218,0.142,0.119,0.015,0.000,0.000,33,9,0,0,0.196,0.129,0.058,0.003,0.002,0.000,28,2,1,0
0.092,0.154,0.341,-0.52,0.062,0,0.4265,0.2998,0.257,0.341,0.218,0.142,0.119,0.015,0.000,0.000,33,9,0,0,0.196,0.129,0.058,0.003,0.002,0.000,28,2,1,0
0.063,0.146,0.303,-0.42,0.180,0,0.4154,0.2959,0.262,0.318,0.218,0.142,0.119,0.015,0.000,0.000,33,9,0,0,0.196,0.129,0.058,0.003,0.002,0.000,28,2,1,0
0.062,0.116,0.036,1.99,0.186,0,0.3941,0.2827,0.138,-0.326,0.218,0.142,0.119,0.015,0.000,0.000,33,9,0,0,0.196,0.129,0.058,0.003,0.002,0.000,28,2,1,0
0.059,0.125,0.211,-0.48,0.134,0,0.3782,0.2730,0.278,0.007,0.218,0.142,0.119,0.015,0.000,0.000,33,9,0,0,0.196,0.129,0.058,0.003,0.002,0.000,28,2,1,0
0.065,0.117,0.201,-0.08,0.108,0,0.3615,0.2620,0.335,0.059,0.218,0.142,0.119,0.015,0.000,0.000,33,9,0,0,0.196,0.129,0.058,0.003,0.002,0.000,28,2,1,0
0.068,0.105,0.229,0.85,0.046,0,0.3517,0.2547,0.287,0.06,0.218,0.142,0.119,0.015,0.000,0.000,33,9,0,0,0.196,0.129,0.058,0.003,0.002,0.000,28,2,1,0
0.083,0.122,0.158,-1.19,0.219,1,0.3358,0.2401,0.459,0.586,0.218,0.142,0.119,0.015,0.000,0.000,33,9,0,0,0.196,0.129,0.058,0.003,0.002,0.000,28,2,1,0
0.098,0.099,0.140,3.14,0.186,0,0.3313,0.2369,0.131,-0.486,0.218,0.142,0.119,0.015,0.000,0.000,33,9,0,0,0.196,0.129,0.058,0.003,0.002,0.000,28,2,1,0
0.105,0.097,0.273,-1.14,0.131,0,0.3395,0.2451,0.265,0.987,0.218,0.142,0.119,0.015,0.000,0.000,33,9,0,0,0.196,0.129,0.058,0.003,0.002,0.000,28,2,1,0
0.117,0.132,0.535,-0.48,0.134,0,0.3506,0.2590,0.393,0.007,0.218,0.142,0.119,0.015,0.000,0.000,33,9,0,0,0.196,0.129,0.058,0.003,0.002,0.000,28,2,1,0
0.120,0.129,0.438,-1.1,0.105,-1,0.3493,0.2651,0.340,0.192,0.218,0.142,0.119,0.015,0.000,0.000,33,9,0,0,0.196,0.129,0.058,0.003,0.002,0.000,28,2,1,0
0.078,0.140,0.630,1.76,0.409,0,0.3464,0.2690,0.133,-0.884,0.218,0.142,0.119,0.015,0.000,0.000,33,9,0,0,0.196,0.129,0.058,0.003,0.002,0.000,28,2,1,0
0.077,0.122,0.122,1.42,0.221,0,0.3419,0.2720,0.127,-0.397,0.218,0.142,0.119,0.015,0.000,0.000,33,9,0,0,0.196,0.129,0.058,0.003,0.002,0.000,28,2,1,0
0.077,0.153,0.245,-0.08,0.108,0,0.3408,0.2739,0.317,0.059,0.218,0.142,0.119,0.015,0.000,0.000,33,9,0,0,0.196,0.129,0.058,0.003,0.002,0.000,28,2,1,0
0.088,0.152,0.432,-0.52,0.062,0,0.3298,0.2662,0.281,0.341,0.218,0.142,0.119,0.015,0.000,0.000,33,9,0,0,0.196,0.129,0.058,0.003,0.002,0.000,28,2,1,0
0.093,0.134,0.037,1.99,0.186,0,0.3157,0.2555,0.127,-0.326,0.218,0.142,0.119,0.015,0.000,0.000,33,9,0,0,0.196,0.129,0.058,0.003,0.002,0.000,28,2,1,0
0.082,0.126,0.712,-1.19,0.219,1,0.3012,0.2429,0.452,0.586,0.218,0.142,0.119,0.015,0.000,0.000,33,9,0,0,0.196,0.129,0.058,0.003,0.002,0.000,28,2,1,0
0.053,0.148,0.148,2.53,0.140,0,0.3009,0.2429,0.160,-0.121,0.218,0.142,0.119,0.015,0.000,0.000,33,9,0,0,0.196,0.129,0.058,0.003,0.002,0.000,28,2,1,0
0.045,0.157,0.549,-1.14,0.131,0,0.3046,0.2426,0.273,0.987,0.218,0.142,0.119,0.015,0.000,0.000,33,9,0,0,0.196,0.129,0.058,0.003,0.002,0.000,28,2,1,0
0.045,0.163,0.585,-0.52,0.062,0,0.3144,0.2479,0.359,0.341,0.218,0.142,0.119,0.015,0.000,0.000,33,9,0,0,0.196,0.129,0.058,0.003,0.002,0.000,28,2,1,0
0.045,0.173,0.569,0,0.000,0,0.3186,0.2468,0.313,0.166,0.218,0.142,0.119,0.015,0.000,0.000,33,9,0,0,0.196,0.129,0.058,0.003,0.002,0.000,28,2,1,0
0.038,0.169,0.184,1.76,0.409,0,0.3308,0.2527,0.116,-0.884,0.218,0.142,0.119,0.015,0.000,0.000,33,9,0,0,0.196,0.129,0.058,0.003,0.002,0.000,28,2,1,0
0.054,0.099,0.372,-0.08,0.108,0,0.3454,0.2620,0.235,0.059,0.218,0.142,0.119,0.015,0.000,0.000,33,9,0,0,0.196,0.129,0.058,0.003,0.002,0.000,28,2,1,0
0.053,0.124,0.045,2.53,0.140,0,0.3572,0.2693,0.082,-0.121,0.218,0.142,0.119,0.015,0.000,0.000,33,9,0,0,0.196,0.129,0.058,0.003,0.002,0.000,28,2,1,0
0.053,0.103,0.187,-1.1,0.105,-1,0.3541,0.2662,0.192,0.192,0.218,0.142,0.119,0.015,0.000,0.000,33,9,0,0,0.196,0.129,0.058,0.003,0.002,0.000,28,2,1,0
0.063,0.085,0.003,2.53,0.140,0,0.3398,0.2556,0.104,-0.121,0.218,0.142,0.119,0.015,0.000,0.000,33,9,0,0,0.196,0.129,0.058,0.003,0.002,0.000,28,2,1,0
0.043,0.137,0.427,1.37,0.298,0,0.3303,0.2470,0.148,-0.510,0.218,0.142,0.119,0.015,0.000,0.000,33,9,0,0,0.196,0.129,0.058,0.003,0.002,0.000,28,2,1,0
0.032,0.088,0.320,-0.79,0.151,-1,0.3330,0.2480,0.296,0.736,0.218,0.142,0.119,0.015,0.000,0.000,33,9,0,0,0.196,0.129,0.058,0.003,0.002,0.000,28,2,1,0
0.028,0.149,0.430,-0.48,0.134,0,0.3340,0.2454,0.290,0.007,0.218,0.142,0.119,0.015,0.000,0.000,33,9,0,0,0.196,0.129,0.058,0.003,0.002,0.000,28,2,1,0
0.028,0.092,0.311,-1.1,0.105,-1,0.3266,0.2363,0.343,0.192,0.218,0.142,0.119,0.015,0.000,0.000,33,9,0,0,0.196,0.129,0.058,0.003,0.002,0.000,28,2,1,0
0.028,0.136,0.286,-0.48,0.134,0,0.3134,0.2246,0.350,0.007,0.218,0.142,0.119,0.015,0.000,0.000,33,9,0,0,0.196,0.129,0.058,0.003,0.002,0.000,28,2,1,0
0.026,0.129,0.430,1.69,0.290,0,0.3215,0.2301,0.153,-0.697,0.218,0.142,0.119,0.015,0.000,0.000,33,9,0,0,0.196,0.129,0.058,0.003,0.002,0.000,28,2,1,0
0.037,0.112,0.392,-0.08,0.108,0,0.3360,0.2436,0.399,0.059,0.218,0.142,0.119,0.015,0.000,0.000,33,9,0,0,0.196,0.129,0.058,0.003,0.002,0.000,28,2,1,0
0.037,0.141,0.375,0,0.000,0,0.3577,0.2647,0.298,0.166,0.218,0.142,0.119,0.015,0.000,0.000,33,9,0,0,0.196,0.129,0.058,0.003,0.002,0.000,28,2,1,0
0.025,0.151,0.502,-0.08,0.108,0,0.3714,0.2839,0.249,0.059,0.218,0.142,0.119,0.015,0.000,0.000,33,9,0,0,0.196,0.129,0.058,0.003,0.002,0.000,28,2,1,0
0.026,0.154,0.572,-1.19,0.219,1,0.3839,0.3043,0.349,0.586,0.218,0.142,0.119,0.015,0.000,0.000,33,9,0,0,0.196,0.129,0.058,0.003,0.002,0.000,28,2,1,0
0.027,0.193,0.384,1.76,0.409,0,0.3961,0.3248,0.095,-0.884,0.218,0.142,0.119,0.015,0.000,0.000,33,9,0,0,0.196,0.129,0.058,0.003,0.002,0.000,28,2,1,0
0.025,0.195,0.323,-0.08,0.108,0,0.4017,0.3391,0.202,0.059,0.218,0.142,0.119,0.015,0.000,0.000,33,9,0,0,0.196,0.129,0.058,0.003,0.002,0.000,28,2,1,0
0.030,0.232,0.391,1.37,0.298,0,0.4112,0.3533,0.144,-0.510,0.218,0.142,0.119,0.015,0.000,0.000,33,9,0,0,0.196,0.129,0.058,0.003,0.002,0.000,28,2,1,0
0.036,0.146,0.401,-0.08,0.108,0,0.4134,0.3613,0.231,0.059,0.218,0.142,0.119,0.015,0.000,0.000,33,9,0,0,0.196,0.129,0.058,0.003,0.002,0.000,28,2,1,0
0.032,0.152,0.415,-0.52,0.062,0,0.4210,0.3696,0.236,0.341,0.218,0.142,0.119,0.015,0.000,0.000,33,9,0,0,0.196,0.129,0.058,0.003,0.002,0.000,28,2,1,0
0.036,0.108,0.288,-1.1,0.105,-1,0.4353,0.3798,0.413,0.192,0.218,0.142,0.119,0.015,0.000,0.000,33,9,0,0,0.196,0.129,0.058,0.003,0.002,0.000,28,2,1,0
0.057,0.118,0.306,-0.08,0.108,0,0.4436,0.3845,0.203,0.059,0.218,0.142,0.119,0.015,0.000,0.000,33,9,0,0,0.196,0.129,0.058,0.003,0.002,0.000,28,2,1,0
0.062,0.101,0.180,-1.14,0.131,0,0.4414,0.3830,0.261,0.987,0.218,0.142,0.119,0.015,0.000,0.000,33,9,0,0,0.196,0.129,0.058,0.003,0.002,0.000,28,2,1,0
0.058,0.147,0.456,1.76,0.409,0,0.4371,0.3793,0.152,-0.884,0.218,0.142,0.119,0.015,0.000,0.000,33,9,0,0,0.196,0.129,0.058,0.003,0.002,0.000,28,2,1,0
0.064,0.092,0.456,2.53,0.140,0,0.4367,0.3793,0.178,-0.121,0.218,0.142,0.119,0.015,0.000,0.000,33,9,0,0,0.196,0.129,0.058,0.003,0.002,0.000,28,2,1,0
0.051,0.126,0.332,0,0.000,0,0.4440,0.3863,0.228,0.166,0.218,0.142,0.119,0.015,0.000,0.000,33,9,0,0,0.196,0.129,0.058,0.003,0.002,0.000,28,2,1,0
0.095,0.121,0.244,-0.48,0.134,0,0.4383,0.3855,0.347,0.007,0.218,0.142,0.119,0.015,0.000,0.000,33,9,0,0,0.196,0.129,0.058,0.003,0.002,0.000,28,2,1,0
0.097,0.107,0.133,-1.1,0.105,-1,0.4222,0.3785,0.331,0.192,0.218,0.142,0.119,0.015,0.000,0.000,33,9,0,0,0.196,0.129,0.058,0.003,0.002,0.000,28,2,1,0
0.097,0.108,0.209,0.85,0.046,0,0.4058,0.3720,0.311,0.06,0.218,0.142,0.119,0.015,0.000,0.000,33,9,0,0,0.196,0.129,0.058,0.003,0.002,0.000,28,2,1,0
0.108,0.172,0.337,-0.48,0.134,0,0.3963,0.3688,0.397,0.007,0.218,0.142,0.119,0.015,0.000,0.000,33,9,0,0,0.196,0.129,0.058,0.003,0.002,0.000,28,2,1,0
0.097,0.178,0.304,-1.1,0.105,-1,0.4019,0.3742,0.351,0.192,0.218,0.142,0.119,0.015,0.000,0.000,33,9,0,0,0.196,0.129,0.058,0.003,0.002,0.000,28,2,1,0
0.096,0.156,0.570,-1.19,0.219,1,0.4064,0.3792,0.385,0.586,0.218,0.142,0.119,0.015,0.000,0.000,33,9,0,0,0.196,0.129,0.058,0.003,0.002,0.000,28,2,1,0
0.085,0.123,0.397,1.42,0.221,0,0.4178,0.3850,0.181,-0.397,0.218,0.142,0.119,0.015,0.000,0.000,33,9,0,0,0.196,0.129,0.058,0.003,0.002,0.000,28,2,1,0
0.085,0.146,0.501,-0.08,0.108,0,0.4290,0.3877,0.234,0.059,0.218,0.142,0.119,0.015,0.000,0.000,33,9,0,0,0.196,0.129,0.058,0.003,0.002,0.000,28,2,1,0
0.126,0.202,0.570,-0.52,0.062,0,0.4502,0.3940,0.228,0.341,0.218,0.142,0.119,0.015,0.000,0.000,33,9,0,0,0.196,0.129,0.058,0.003,0.002,0.000,28,2,1,0
0.128,0.150,0.485,2.53,0.140,0,0.4780,0.4060,0.081,-0.121,0.218,0.142,0.119,0.015,0.000,0.000,33,9,0,0,0.196,0.129,0.058,0.003,0.002,0.000,28,2,1,0
0.121,0.155,0.620,-1.19,0.219,1,0.4951,0.4136,0.257,0.586,0.218,0.142,0.119,0.015,0.000,0.000,33,9,0,0,0.196,0.129,0.058,0.003,0.002,0.000,28,2,1,0
0.135,0.142,0.316,3.14,0.186,0,0.5084,0.4226,0.074,-0.486,0.218,0.142,0.119,0.015,0.000,0.000,33,9,0,0,0.196,0.129,0.058,0.003,0.002,0.000,28,2,1,0
0.134,0.159,0.430,1.37,0.298,0,0.5196,0.4315,0.108,-0.510,0.218,0.142,0.119,0.015,0.000,0.000,33,9,0,0,0.196,0.129,0.058,0.003,0.002,0.000,28,2,1,0
0.127,0.152,0.572,-0.52,0.062,0,0.5327,0.4437,0.086,0.341,0.218,0.142,0.119,0.015,0.000,0.000,33,9,0,0,0.196,0.129,0.058,0.003,0.002,0.000,28,2,1,0
0.143,0.150,0.532,-0.08,0.108,0,0.5346,0.4517,0.134,0.059,0.218,0.142,0.119,0.015,0.000,0.000,33,9,0,0,0.196,0.129,0.058,0.003,0.002,0.000,28,2,1,0
0.142,0.127,0.664,-0.08,0.108,0,0.5298,0.4565,0.235,0.059,0.218,0.142,0.119,0.015,0.000,0.000,33,9,0,0,0.196,0.129,0.058,0.003,0.002,0.000,28,2,1,0
0.114,0.135,0.692,-0.48,0.134,0,0.5150,0.4538,0.263,0.007,0.218,0.142,0.119,0.015,0.000,0.000,33,9,0,0,0.196,0.129,0.058,0.003,0.002,0.000,28,2,1,0
0.136,0.119,0.714,-0.08,0.108,0,0.5107,0.4583,0.321,0.059,0.218,0.142,0.119,0.015,0.000,0.000,33,9,0,0,0.196,0.129,0.058,0.003,0.002,0.000,28,2,1,0
0.150,0.106,0.675,0,0.000,0,0.5070,0.4620,0.382,0.166,0.218,0.142,0.119,0.015,0.000,0.000,33,9,0,0,0.196,0.129,0.058,0.003,0.002,0.000,28,2,1,0
0.145,0.106,0.592,0,0.000,0,0.5021,0.4625,0.351,0.166,0.218,0.142,0.119,0.015,0.000,0.000,33,9,0,0,0.196,0.129,0.058,0.003,0.002,0.000,28,2,1,0
0.120,0.095,0.459,-1.1,0.105,-1,0.4934,0.4583,0.360,0.192,0.218,0.142,0.119,0.015,0.000,0.000,33,9,0,0,0.196,0.129,0.058,0.003,0.002,0.000,28,2,1,0
0.097,0.094,0.414,-0.08,0.108,0,0.4867,0.4540,0.294,0.059,0.218,0.142,0.119,0.015,0.000,0.000,33,9,0,0,0.196,0.129,0.058,0.003,0.002,0.000,28,2,1,0
0.094,0.109,0.369,-0.08,0.108,0,0.4830,0.4514,0.370,0.059,0.218,0.142,0.119,0.015,0.000,0.000,33,9,0,0,0.196,0.129,0.058,0.003,0.002,0.000,28,2,1,0
0.105,0.108,0.415,-0.08,0.108,0,0.4828,0.4528,0.250,0.059,0.218,0.142,0.119,0.015,0.000,0.000,33,9,0,0,0.196,0.129,0.058,0.003,0.002,0.000,28,2,1,0
0.097,0.093,0.194,-1.14,0.131,0,0.4787,0.4507,0.273,0.987,0.218,0.142,0.119,0.015,0.000,0.000,33,9,0,0,0.196,0.129,0.058,0.003,0.002,0.000,28,2,1,0
0.102,0.093,0.377,-1.14,0.131,0,0.4779,0.4499,0.337,0.987,0.218,0.142,0.119,0.015,0.000,0.000,33,9,0,0,0.196,0.129,0.058,0.003,0.002,0.000,28,2,1,0
0.133,0.092,0.455,1.99,0.186,0,0.4859,0.4528,0.158,-0.326,0.218,0.142,0.119,0.015,0.000,0.000,33,9,0,0,0.196,0.129,0.058,0.003,0.002,0.000,28,2,1,0
0.133,0.096,0.638,-1.19,0.219,1,0.4918,0.4551,0.376,0.586,0.218,0.142,0.119,0.015,0.000,0.000,33,9,0,0,0.196,0.129,0.058,0.003,0.002,0.000,28,2,1,0
0.119,0.092,0.499,-0.52,0.062,0,0.4979,0.4608,0.282,0.341,0.218,0.142,0.119,0.015,0.000,0.000,33,9,0,0,0.196,0.129,0.058,0.003,0.002,0.000,28,2,1,0
0.111,0.093,0.412,0,0.000,0,0.4847,0.4541,0.183,0.166,0.218,0.142,0.119,0.015,0.000,0.000,33,9,0,0,0.196,0.129,0.058,0.003,0.002,0.000,28,2,1,0
0.091,0.085,0.602,1.69,0.290,0,0.4691,0.4454,0.157,-0.697,0.218,0.142,0.119,0.015,0.000,0.000,33,9,0,0,0.196,0.129,0.058,0.003,0.002,0.000,28,2,1,0
0.097,0.063,0.319,2.53,0.140,0,0.4625,0.4433,0.100,-0.121,0.218,0.142,0.119,0.015,0.000,0.000,33,9,0,0,0.196,0.129,0.058,0.003,0.002,0.000,28,2,1,0
0.099,0.064,0.558,-0.08,0.108,0,0.4640,0.4471,0.169,0.059,0.218,0.142,0.119,0.015,0.000,0.000,33,9,0,0,0.196,0.129,0.058,0.003,0.002,0.000,28,2,1,0
0.093,0.058,0.222,1.99,0.186,0,0.4583,0.4441,0.064,-0.326,0.218,0.142,0.119,0.015,0.000,0.000,33,9,0,0,0.196,0.129,0.058,0.003,0.002,0.000,28,2,1,0
0.103,0.056,0.631,-0.42,0.180,0,0.4400,0.4314,0.166,0.318,0.218,0.142,0.119,0.015,0.000,0.000,33,9,0,0,0.196,0.129,0.058,0.003,0.002,0.000,28,2,1,0
0.091,0.053,0.312,2.53,0.140,0,0.4258,0.4207,0.077,-0.121,0.218,0.142,0.119,0.015,0.000,0.000,33,9,0,0,0.196,0.129,0.058,0.003,0.002,0.000,28,2,1,0
0.091,0.079,0.792,-1.19,0.219,1,0.4035,0.4001,0.326,0.586,0.218,0.142,0.119,0.015,0.000,0.000,33,9,0,0,0.196,0.129,0.058,0.003,0.002,0.000,28,2,1,0
0.089,0.203,0.695,-0.48,0.134,0,0.3832,0.3772,0.257,0.007,0.218,0.142,0.119,0.015,0.000,0.000,33,9,0,0,0.196,0.129,0.058,0.003,0.002,0.000,28,2,1,0
0.069,0.182,0.836,-0.48,0.134,0,0.3586,0.3473,0.262,0.007,0.218,0.142,0.119,0.015,0.000,0.000,33,9,0,0,0.196,0.129,0.058,0.003,0.002,0.000,28,2,1,0
0.058,0.141,0.664,-0.08,0.108,0,0.3329,0.3142,0.372,0.059,0.218,0.142,0.119,0.015,0.000,0.000,33,9,0,0,0.196,0.129,0.058,0.003,0.002,0.000,28,2,1,0
0.038,0.140,0.623,-0.48,0.134,0,0.3088,0.2816,0.463,0.007,0.218,0.142,0.119,0.015,0.000,0.000,33,9,0,0,0.196,0.129,0.058,0.003,0.002,0.000,28,2,1,0
0.047,0.123,0.548,0,0.000,0,0.2921,0.2579,0.243,0.166,0.218,0.142,0.119,0.015,0.000,0.000,33,9,0,0,0.196,0.129,0.058,0.003,0.002,0.000,28,2,1,0
0.046,0.131,0.702,-0.42,0.180,0,0.2787,0.2394,0.410,0.318,0.218,0.142,0.119,0.015,0.000,0.000,33,9,0,0,0.196,0.129,0.058,0.003,0.002,0.000,28,2,1,0
0.049,0.153,0.802,1.37,0.298,0,0.2760,0.2316,0.174,-0.510,0.218,0.142,0.119,0.015,0.000,0.000,33,9,0,0,0.196,0.129,0.058,0.003,0.002,0.000,28,2,1,0
0.050,0.124,0.407,-0.52,0.062,0,0.2873,0.2366,0.254,0.341,0.218,0.142,0.119,0.015,0.000,0.000,33,9,0,0,0.196,0.129,0.058,0.003,0.002,0.000,28,2,1,0
0.065,0.113,0.401,-0.48,0.134,0,0.3189,0.2621,0.294,0.007,0.218,0.142,0.119,0.015,0.000,0.000,33,9,0,0,0.196,0.129,0.058,0.003,0.002,0.000,28,2,1,0
0.062,0.110,0.197,-1.1,0.105,-1,0.3508,0.2911,0.258,0.192,0.218,0.142,0.119,0.015,0.000,0.000,33,9,0,0,0.196,0.129,0.058,0.003,0.002,0.000,28,2,1,0
0.047,0.100,0.344,-0.42,0.180,0,0.3680,0.3117,0.190,0.318,0.218,0.142,0.119,0.015,0.000,0.000,33,9,0,0,0.196,0.129,0.058,0.003,0.002,0.000,28,2,1,0
0.054,0.093,0.132,3.14,0.186,0,0.3689,0.3214,0.042,-0.486,0.218,0.142,0.119,0.015,0.000,0.000,33,9,0,0,0.196,0.129,0.058,0.003,0.002,0.000,28,2,1,0
0.061,0.058,0.533,1.37,0.298,0,0.3644,0.3264,0.052,-0.510,0.218,0.142,0.119,0.015,0.000,0.000,33,9,0,0,0.196,0.129,0.058,0.003,0.002,0.000,28,2,1,0
0.081,0.039,0.531,1.76,0.409,0,0.3632,0.3322,0.047,-0.884,0.218,0.142,0.119,0.015,0.000,0.000,33,9,0,0,0.196,0.129,0.058,0.003,0.002,0.000,28,2,1,0
0.093,0.034,0.312,0.85,0.046,0,0.3453,0.3206,0.059,0.06,0.218,0.142,0.119,0.015,0.000,0.000,33,9,0,0,0.196,0.129,0.058,0.003,0.002,0.000,28,2,1,0
0.075,0.034,0.405,3.14,0.186,0,0.3103,0.2923,0.039,-0.486,0.218,0.142,0.119,0.015,0.000,0.000,33,9,0,0,0.196,0.129,0.058,0.003,0.002,0.000,28,2,1,0
0.077,0.037,0.279,2.53,0.140,0,0.2728,0.2607,0.091,-0.121,0.218,0.142,0.119,0.015,0.000,0.000,33,9,0,0,0.196,0.129,0.058,0.003,0.002,0.000,28,2,1,0
0.093,0.067,0.467,0,0.000,0,0.2426,0.2351,0.155,0.166,0.218,0.142,0.119,0.015,0.000,0.000,33,9,0,0,0.196,0.129,0.058,0.003,0.002,0.000,28,2,1,0
0.089,0.136,0.748,-1.19,0.219,1,0.2208,0.2142,0.425,0.586,0.218,0.142,0.119,0.015,0.000,0.000,33,9,0,0,0.196,0.129,0.058,0.003,0.002,0.000,28,2,1,0
0.101,0.117,0.541,-1.1,0.105,-1,0.2082,0.1991,0.294,0.192,0.218,0.142,0.119,0.015,0.000,0.000,33,9,0,0,0.196,0.129,0.058,0.003,0.002,0.000,28,2,1,0
0.105,0.103,0.293,-1.14,0.131,0,0.2048,0.1904,0.416,0.987,0.218,0.142,0.119,0.015,0.000,0.000,33,9,0,0,0.196,0.129,0.058,0.003,0.002,0.000,28,2,1,0
0.091,0.122,0.341,-1.1,0.105,-1,0.2192,0.1990,0.536,0.192,0.218,0.142,0.119,0.015,0.000,0.000,33,9,0,0,0.196,0.129,0.058,0.003,0.002,0.000,28,2,1,0
0.096,0.125,0.330,-0.08,0.108,0,0.2470,0.2220,0.289,0.059,0.218,0.142,0.119,0.015,0.000,0.000,33,9,0,0,0.196,0.129,0.058,0.003,0.002,0.000,28,2,1,0
0.091,0.165,0.528,-1.19,0.219,1,0.2809,0.2535,0.402,0.586,0.218,0.142,0.119,0.015,0.000,0.000,33,9,0,0,0.196,0.129,0.058,0.003,0.002,0.000,28,2,1,0
0.131,0.118,0.393,-0.42,0.180,0,0.3092,0.2822,0.259,0.318,0.218,0.142,0.119,0.015,0.000,0.000,33,9,0,0,0.196,0.129,0.058,0.003,0.002,0.000,28,2,1,0
0.127,0.111,0.540,1.69,0.290,0,0.3331,0.3077,0.077,-0.697,0.218,0.142,0.119,0.015,0.000,0.000,33,9,0,0,0.196,0.129,0.058,0.003,0.002,0.000,28,2,1,0
0.124,0.098,0.273,2.53,0.140,0,0.3563,0.3331,0.090,-0.121,0.218,0.142,0.119,0.015,0.000,0.000,33,9,0,0,0.196,0.129,0.058,0.003,0.002,0.000,28,2,1,0
0.129,0.084,0.562,0.22,0.230,0,0.3687,0.3473,0.183,0.303,0.218,0.142,0.119,0.015,0.000,0.000,33,9,0,0,0.196,0.129,0.058,0.003,0.002,0.000,28,2,1,0
0.156,0.068,0.099,2.53,0.140,0,0.3653,0.3478,0.080,-0.121,0.218,0.142,0.119,0.015,0.000,0.000,33,9,0,0,0.196,0.129,0.058,0.003,0.002,0.000,28,2,1,0
0.124,0.066,0.410,-1.1,0.105,-1,0.3368,0.3238,0.126,0.192,0.218,0.142,0.119,0.015,0.000,0.000,33,9,0,0,0.196,0.129,0.058,0.003,0.002,0.000,28,2,1,0
0.135,0.068,0.424,1.99,0.186,0,0.3142,0.3027,0.138,-0.326,0.218,0.142,0.119,0.015,0.000,0.000,33,9,0,0,0.196,0.129,0.058,0.003,0.002,0.000,28,2,1,0
0.136,0.071,0.423,-0.48,0.134,0,0.2958,0.2836,0.422,0.007,0.218,0.142,0.119,0.015,0.000,0.000,33,9,0,0,0.196,0.129,0.058,0.003,0.002,0.000,28,2,1,0
0.120,0.093,0.301,0,0.000,0,0.2885,0.2696,0.264,0.166,0.218,0.142,0.119,0.015,0.000,0.000,33,9,0,0,0.196,0.129,0.058,0.003,0.002,0.000,28,2,1,0
0.121,0.104,0.232,-0.48,0.134,0,0.2776,0.2511,0.259,0.007,0.218,0.142,0.119,0.015,0.000,0.000,33,9,0,0,0.196,0.129,0.058,0.003,0.002,0.000,28,2,1,0
0.098,0.078,0.170,1.99,0.186,0,0.2735,0.2399,0.150,-0.326,0.218,0.142,0.119,0.015,0.000,0.000,33,9,0,0,0.196,0.129,0.058,0.003,0.002,0.000,28,2,1,0
0.102,0.081,0.381,3.14,0.186,0,0.2853,0.2459,0.111,-0.486,0.218,0.142,0.119,0.015,0.000,0.000,33,9,0,0,0.196,0.129,0.058,0.003,0.002,0.000,28,2,1,0
0.126,0.139,0.471,-1.14,0.131,0,0.3012,0.2568,0.187,0.987,0.218,0.142,0.119,0.015,0.000,0.000,33,9,0,0,0.196,0.129,0.058,0.003,0.002,0.000,28,2,1,0
0.135,0.147,0.288,1.42,0.221,0,0.3185,0.2688,0.121,-0.397,0.218,0.142,0.119,0.015,0.000,0.000,33,9,0,0,0.196,0.129,0.058,0.003,0.002,0.000,28,2,1,0
0.126,0.161,0.602,-1.19,0.219,1,0.3197,0.2689,0.343,0.586,0.218,0.142,0.119,0.015,0.000,0.000,33,9,0,0,0.196,0.129,0.058,0.003,0.002,0.000,28,2,1,0
0.120,0.147,0.431,3.14,0.186,0,0.3379,0.2842,0.081,-0.486,0.218,0.142,0.119,0.015,0.000,0.000,33,9,0,0,0.196,0.129,0.058,0.003,0.002,0.000,28,2,1,0
0.154,0.225,0.483,-0.52,0.062,0,0.3545,0.2977,0.247,0.341,0.218,0.142,0.119,0.015,0.000,0.000,33,9,0,0,0.196,0.129,0.058,0.003,0.002,0.000,28,2,1,0
0.147,0.160,0.631,-1.1,0.105,-1,0.3833,0.3241,0.329,0.192,0.218,0.142,0.119,0.015,0.000,0.000,33,9,0,0,0.196,0.129,0.058,0.003,0.002,0.000,28,2,1,0
0.164,0.159,0.544,-0.48,0.134,0,0.4092,0.3467,0.354,0.007,0.218,0.142,0.119,0.015,0.000,0.000,33,9,0,0,0.196,0.129,0.058,0.003,0.002,0.000,28,2,1,0
0.154,0.103,0.432,-1.1,0.105,-1,0.4224,0.3584,0.353,0.192,0.218,0.142,0.119,0.015,0.000,0.000,33,9,0,0,0.196,0.129,0.058,0.003,0.002,0.000,28,2,1,0
0.174,0.096,0.296,0.85,0.046,0,0.4350,0.3688,0.292,0.06,0.218,0.142,0.119,0.015,0.000,0.000,33,9,0,0,0.196,0.129,0.058,0.003,0.002,0.000,28,2,1,0
0.178,0.112,0.386,0.85,0.046,0,0.4595,0.3876,0.276,0.06,0.218,0.142,0.119,0.015,0.000,0.000,33,9,0,0,0.196,0.129,0.058,0.003,0.002,0.000,28,2,1,0
0.174,0.128,0.529,0,0.000,0,0.4856,0.4055,0.240,0.166,0.218,0.142,0.119,0.015,0.000,0.000,33,9,0,0,0.196,0.129,0.058,0.003,0.002,0.000,28,2,1,0
0.151,0.153,0.756,0.22,0.230,0,0.4953,0.4065,0.273,0.303,0.218,0.142,0.119,0.015,0.000,0.000,33,9,0,0,0.196,0.129,0.058,0.003,0.002,0.000,28,2,1,0
0.123,0.118,0.554,1.99,0.186,0,0.4969,0.4020,0.109,-0.326,0.218,0.142,0.119,0.015,0.000,0.000,33,9,0,0,0.196,0.129,0.058,0.003,0.002,0.000,28,2,1,0
0.088,0.156,0.734,-0.08,0.108,0,0.4809,0.3839,0.250,0.059,0.218,0.142,0.119,0.015,0.000,0.000,33,9,0,0,0.196,0.129,0.058,0.003,0.002,0.000,28,2,1,0
0.095,0.180,0.709,-1.19,0.219,1,0.4575,0.3613,0.409,0.586,0.218,0.142,0.119,0.015,0.000,0.000,33,9,0,0,0.196,0.129,0.058,0.003,0.002,0.000,28,2,1,0
0.076,0.164,0.602,-0.08,0.108,0,0.4110,0.3212,0.283,0.059,0.218,0.142,0.119,0.015,0.000,0.000,33,9,0,0,0.196,0.129,0.058,0.003,0.002,0.000,28,2,1,0
0.070,0.152,0.616,-0.08,0.108,0,0.3564,0.2746,0.235,0.059,0.218,0.142,0.119,0.015,0.000,0.000,33,9,0,0,0.196,0.129,0.058,0.003,0.002,0.000,28,2,1,0
0.069,0.115,0.502,-1.14,0.131,0,0.3087,0.2365,0.395,0.987,0.218,0.142,0.119,0.015,0.000,0.000,33,9,0,0,0.196,0.129,0.058,0.003,0.002,0.000,28,2,1,0
0.074,0.133,0.572,-1.1,0.105,-1,0.2768,0.2123,0.431,0.192,0.218,0.142,0.119,0.015,0.000,0.000,33,9,0,0,0.196,0.129,0.058,0.003,0.002,0.000,28,2,1,0
0.092,0.130,0.511,0,0.000,0,0.2585,0.1982,0.214,0.166,0.218,0.142,0.119,0.015,0.000,0.000,33,9,0,0,0.196,0.129,0.058,0.003,0.002,0.000,28,2,1,0
0.092,0.161,0.638,-0.08,0.108,0,0.2449,0.1879,0.311,0.059,0.218,0.142,0.119,0.015,0.000,0.000,33,9,0,0,0.196,0.129,0.058,0.003,0.002,0.000,28,2,1,0
0.094,0.151,0.693,1.69,0.290,0,0.2509,0.1922,0.114,-0.697,0.218,0.142,0.119,0.015,0.000,0.000,33,9,0,0,0.196,0.129,0.058,0.003,0.002,0.000,28,2,1,0
0.085,0.191,0.603,-0.48,0.134,0,0.2536,0.1929,0.220,0.007,0.218,0.142,0.119,0.015,0.000,0.000,33,9,0,0,0.196,0.129,0.058,0.003,0.002,0.000,28,2,1,0
0.083,0.831,0.719,1.37,0.298,0,0.2682,0.2039,0.108,-0.510,0.218,0.142,0.119,0.015,0.000,0.000,33,9,0,0,0.196,0.129,0.058,0.003,0.002,0.000,28,2,1,0
0.092,0.272,0.570,-0.52,0.062,0,0.2714,0.2046,0.161,0.341,0.218,0.142,0.119,0.015,0.000,0.000,33,9,0,0,0.196,0.129,0.058,0.003,0.002,0.000,28,2,1,0
0.065,0.225,0.726,-0.48,0.134,0,0.2546,0.1900,0.210,0.007,0.218,0.142,0.119,0.015,0.000,0.000,33,9,0,0,0.196,0.129,0.058,0.003,0.002,0.000,28,2,1,0
0.069,0.247,0.729,1.37,0.298,0,0.2203,0.1636,0.127,-0.510,0.218,0.142,0.119,0.015,0.000,0.000,33,9,0,0,0.196,0.129,0.058,0.003,0.002,0.000,28,2,1,0
0.064,0.146,0.599,1.69,0.290,0,0.1748,0.1303,0.103,-0.697,0.218,0.142,0.119,0.015,0.000,0.000,33,9,0,0,0.196,0.129,0.058,0.003,0.002,0.000,28,2,1,0
0.066,0.159,0.496,2.1,0.128,0,0.1353,0.1001,0.080,0.02,0.218,0.142,0.119,0.015,0.000,0.000,33,9,0,0,0.196,0.129,0.058,0.003,0.002,0.000,28,2,1,0
0.066,0.212,0.679,-1.19,0.219,1,0.0997,0.0706,0.323,0.586,0.218,0.142,0.119,0.015,0.000,0.000,33,9,0,0,0.196,0.129,0.058,0.003,0.002,0.000,28,2,1,0
0.080,0.202,0.415,0.85,0.046,0,0.0750,0.0496,0.200,0.06,0.218,0.142,0.119,0.015,0.000,0.000,33,9,0,0,0.196,0.129,0.058,0.003,0.002,0.000,28,2,1,0
0.083,0.246,0.520,-0.52,0.062,0,0.0598,0.0376,0.204,0.341,0.218,0.142,0.119,0.015,0.000,0.000,33,9,0,0,0.196,0.129,0.058,0.003,0.002,0.000,28,2,1,0
0.098,0.230,0.738,-0.42,0.180,0,0.0629,0.0397,0.388,0.318,0.218,0.142,0.119,0.015,0.000,0.000,33,9,0,0,0.196,0.129,0.058,0.003,0.002,0.000,28,2,1,0
0.119,0.251,0.703,-0.42,0.180,0,0.0679,0.0424,0.316,0.318,0.218,0.142,0.119,0.015,0.000,0.000,33,9,0,0,0.196,0.129,0.058,0.003,0.002,0.000,28,2,1,0
0.133,0.228,0.613,-0.52,0.062,0,0.0716,0.0417,0.111,0.341,0.218,0.142,0.119,0.015,0.000,0.000,33,9,0,0,0.196,0.129,0.058,0.003,0.002,0.000,28,2,1,0
0.132,0.206,0.711,1.37,0.298,0,0.0749,0.0419,0.137,-0.510,0.218,0.142,0.119,0.015,0.000,0.000,33,9,0,0,0.196,0.129,0.058,0.003,0.002,0.000,28,2,1,0
0.161,0.112,0.266,0.85,0.046,0,0.0755,0.0394,0.246,0.06,0.218,0.142,0.119,0.015,0.000,0.000,33,9,0,0,0.196,0.129,0.058,0.003,0.002,0.000,28,2,1,0
0.161,0.170,0.628,1.37,0.298,0,0.0774,0.0369,0.178,-0.510,0.218,0.142,0.119,0.015,0.000,0.000,33,9,0,0,0.196,0.129,0.058,0.003,0.002,0.000,28,2,1,0
0.189,0.147,0.261,3.14,0.186,0,0.0832,0.0381,0.059,-0.486,0.218,0.142,0.119,0.015,0.000,0.000,33,9,0,0,0.196,0.129,0.058,0.003,0.002,0.000,28,2,1,0
0.192,0.190,0.489,-1.14,0.131,0,0.0853,0.0378,0.126,0.987,0.218,0.142,0.119,0.015,0.000,0.000,33,9,0,0,0.196,0.129,0.058,0.003,0.002,0.000,28,2,1,0
0.141,0.184,0.669,-1.19,0.219,1,0.0830,0.0350,0.320,0.586,0.218,0.142,0.119,0.015,0.000,0.000,33,9,0,0,0.196,0.129,0.058,0.003,0.002,0.000,28,2,1,0
0.143,0.169,0.370,3.14,0.186,0,0.0774,0.0316,0.113,-0.486,0.218,0.142,0.119,0.015,0.000,0.000,33,9,0,0,0.196,0.129,0.058,0.003,0.002,0.000,28,2,1,0
0.167,0.145,0.372,3.14,0.186,0,0.0687,0.0275,0.149,-0.486,0.218,0.142,0.119,0.015,0.000,0.000,33,9,0,0,0.196,0.129,0.058,0.003,0.002,0.000,28,2,1,0
0.165,0.151,0.505,0,0.000,0,0.0631,0.0253,0.194,0.166,0.218,0.142,0.119,0.015,0.000,0.000,33,9,0,0,0.196,0.129,0.058,0.003,0.002,0.000,28,2,1,0
0.170,0.168,0.307,0.85,0.046,0,0.0573,0.0236,0.096,0.06,0.218,0.142,0.119,0.015,0.000,0.000,33,9,0,0,0.196,0.129,0.058,0.003,0.002,0.000,28,2,1,0
0.145,0.270,0.659,0.2,0.291,1,0.0462,0.0193,0.167,0.180,0.218,0.142,0.119,0.015,0.000,0.000,33,9,0,0,0.196,0.129,0.058,0.003,0.002,0.000,28,2,1,0
0.158,0.211,0.019,1.42,0.221,0,0.0372,0.0159,0.065,-0.397,0.218,0.142,0.119,0.015,0.000,0.000,33,9,0,0,0.196,0.129,0.058,0.003,0.002,0.000,28,2,1,0
0.192,0.285,0.516,1.37,0.298,0,0.0345,0.0136,0.126,-0.510,0.218,0.142,0.119,0.015,0.000,0.000,33,9,0,0,0.196,0.129,0.058,0.003,0.002,0.000,28,2,1,0
0.213,0.238,0.160,3.14,0.186,0,0.0434,0.0167,0.069,-0.486,0.218,0.142,0.119,0.015,0.000,0.000,33,9,0,0,0.196,0.129,0.058,0.003,0.002,0.000,28,2,1,0
0.188,0.276,0.416,-0.52,0.062,0,0.0518,0.0194,0.169,0.341,0.218,0.142,0.119,0.015,0.000,0.000,33,9,0,0,0.196,0.129,0.058,0.003,0.002,0.000,28,2,1,0
0.190,0.264,0.543,1.37,0.298,0,0.0666,0.0256,0.182,-0.510,0.218,0.142,0.119,0.015,0.000,0.000,33,9,0,0,0.196,0.129,0.058,0.003,0.002,0.000,28,2,1,0
0.156,0.277,0.620,0,0.000,0,0.0791,0.0308,0.301,0.166,0.218,0.142,0.119,0.015,0.000,0.000,33,9,0,0,0.196,0.129,0.058,0.003,0.002,0.000,28,2,1,0
0.161,0.295,0.753,-1.19,0.219,1,0.0918,0.0372,0.269,0.586,0.218,0.142,0.119,0.015,0.000,0.000,33,9,0,0,0.196,0.129,0.058,0.003,0.002,0.000,28,2,1,0
0.158,0.209,0.514,-1.14,0.131,0,0.0919,0.0374,0.207,0.987,0.218,0.142,0.119,0.015,0.000,0.000,33,9,0,0,0.196,0.129,0.058,0.003,0.002,0.000,28,2,1,0
0.158,0.163,0.299,1.99,0.186,0,0.0837,0.0335,0.094,-0.326,0.218,0.142,0.119,0.015,0.000,0.000,33,9,0,0,0.196,0.129,0.058,0.003,0.002,0.000,28,2,1,0
0.157,0.176,0.605,1.37,0.298,0,0.0786,0.0325,0.158,-0.510,0.218,0.142,0.119,0.015,0.000,0.000,33,9,0,0,0.196,0.129,0.058,0.003,0.002,0.000,28,2,1,0
0.147,0.176,0.260,3.14,0.186,0,0.0834,0.0367,0.080,-0.486,0.218,0.142,0.119,0.015,0.000,0.000,33,9,0,0,0.196,0.129,0.058,0.003,0.002,0.000,28,2,1,0
0.144,0.200,0.652,-1.19,0.219,1,0.0918,0.0430,0.209,0.586,0.218,0.142,0.119,0.015,0.000,0.000,33,9,0,0,0.196,0.129,0.058,0.003,0.002,0.000,28,2,1,0
0.144,0.160,0.213,2.53,0.140,0,0.0997,0.0497,0.061,-0.121,0.218,0.142,0.119,0.015,0.000,0.000,33,9,0,0,0.196,0.129,0.058,0.003,0.002,0.000,28,2,1,0
0.149,0.177,0.394,-0.48,0.134,0,0.0994,0.0501,0.170,0.007,0.218,0.142,0.119,0.015,0.000,0.000,33,9,0,0,0.196,0.129,0.058,0.003,0.002,0.000,28,2,1,0
0.144,0.119,0.480,-0.42,0.180,0,0.1030,0.0530,0.258,0.318,0.218,0.142,0.119,0.015,0.000,0.000,33,9,0,0,0.196,0.129,0.058,0.003,0.002,0.000,28,2,1,0
0.154,0.092,0.382,0.85,0.046,0,0.1080,0.0531,0.193,0.06,0.218,0.142,0.119,0.015,0.000,0.000,33,9,0,0,0.196,0.129,0.058,0.003,0.002,0.000,28,2,1,0
0.129,0.092,0.140,0.85,0.046,0,0.1199,0.0548,0.191,0.06,0.218,0.142,0.119,0.015,0.000,0.000,33,9,0,0,0.196,0.129,0.058,0.003,0.002,0.000,28,2,1,0
0.103,0.086,0.287,-1.1,0.105,-1,0.1390,0.0636,0.295,0.192,0.218,0.142,0.119,0.015,0.000,0.000,33,9,0,0,0.196,0.129,0.058,0.003,0.002,0.000,28,2,1,0
0.109,0.090,0.372,0,0.000,0,0.1588,0.0730,0.172,0.166,0.218,0.142,0.119,0.015,0.000,0.000,33,9,0,0,0.196,0.129,0.058,0.003,0.002,0.000,28,2,1,0
0.092,0.096,0.353,1.99,0.186,0,0.1846,0.0868,0.088,-0.326,0.218,0.142,0.119,0.015,0.000,0.000,33,9,0,0,0.196,0.129,0.058,0.003,0.002,0.000,28,2,1,0
0.099,0.094,0.287,3.14,0.186,0,0.2212,0.1102,0.100,-0.486,0.218,0.142,0.119,0.015,0.000,0.000,33,9,0,0,0.196,0.129,0.058,0.003,0.002,0.000,28,2,1,0
0.106,0.094,0.332,0,0.000,0,0.2740,0.1472,0.197,0.166,0.218,0.142,0.119,0.015,0.000,0.000,33,9,0,0,0.196,0.129,0.058,0.003,0.002,0.000,28,2,1,0
0.082,0.093,0.495,1.37,0.298,0,0.3200,0.1814,0.134,-0.510,0.218,0.142,0.119,0.015,0.000,0.000,33,9,0,0,0.196,0.129,0.058,0.003,0.002,0.000,28,2,1,0
0.078,0.061,0.493,0.85,0.046,0,0.3553,0.2074,0.184,0.06,0.218,0.142,0.119,0.015,0.000,0.000,33,9,0,0,0.196,0.129,0.058,0.003,0.002,0.000,28,2,1,0
0.078,0.089,0.496,0,0.000,0,0.3893,0.2357,0.112,0.166,0.218,0.142,0.119,0.015,0.000,0.000,33,9,0,0,0.196,0.129,0.058,0.003,0.002,0.000,28,2,1,0
0.077,0.080,0.268,-1.14,0.131,0,0.3910,0.2425,0.231,0.987,0.218,0.142,0.119,0.015,0.000,0.000,33,9,0,0,0.196,0.129,0.058,0.003,0.002,0.000,28,2,1,0
0.078,0.153,0.443,-0.48,0.134,0,0.3664,0.2333,0.266,0.007,0.218,0.142,0.119,0.015,0.000,0.000,33,9,0,0,0.196,0.129,0.058,0.003,0.002,0.000,28,2,1,0
0.075,0.101,0.343,1.99,0.186,0,0.3284,0.2179,0.126,-0.326,0.218,0.142,0.119,0.015,0.000,0.000,33,9,0,0,0.196,0.129,0.058,0.003,0.002,0.000,28,2,1,0
0.082,0.101,0.304,0.85,0.046,0,0.3045,0.2134,0.215,0.06,0.218,0.142,0.119,0.015,0.000,0.000,33,9,0,0,0.196,0.129,0.058,0.003,0.002,0.000,28,2,1,0
0.066,0.112,0.403,-0.48,0.134,0,0.2933,0.2198,0.317,0.007,0.218,0.142,0.119,0.015,0.000,0.000,33,9,0,0,0.196,0.129,0.058,0.003,0.002,0.000,28,2,1,0
0.053,0.104,0.413,-0.08,0.108,0,0.2837,0.2282,0.238,0.059,0.218,0.142,0.119,0.015,0.000,0.000,33,9,0,0,0.196,0.129,0.058,0.003,0.002,0.000,28,2,1,0
0.037,0.078,0.618,-0.52,0.062,0,0.2687,0.2317,0.356,0.341,0.218,0.142,0.119,0.015,0.000,0.000,33,9,0,0,0.196,0.129,0.058,0.003,0.002,0.000,28,2,1,0
0.036,0.072,0.459,-1.1,0.105,-1,0.2587,0.2372,0.226,0.192,0.218,0.142,0.119,0.015,0.000,0.000,33,9,0,0,0.196,0.129,0.058,0.003,0.002,0.000,28,2,1,0
0.033,0.083,0.301,-1.14,0.131,0,0.2505,0.2426,0.279,0.987,0.218,0.142,0.119,0.015,0.000,0.000,33,9,0,0,0.196,0.129,0.058,0.003,0.002,0.000,28,2,1,0
0.034,0.122,0.483,-0.48,0.134,0,0.2508,0.2517,0.301,0.007,0.218,0.142,0.119,0.015,0.000,0.000,33,9,0,0,0.196,0.129,0.058,0.003,0.002,0.000,28,2,1,0
0.033,0.124,0.495,-0.08,0.108,0,0.2591,0.2676,0.182,0.059,0.218,0.142,0.119,0.015,0.000,0.000,33,9,0,0,0.196,0.129,0.058,0.003,0.002,0.000,28,2,1,0
0.023,0.112,0.352,0,0.000,0,0.2580,0.2746,0.160,0.166,0.218,0.142,0.119,0.015,0.000,0.000,33,9,0,0,0.196,0.129,0.058,0.003,0.002,0.000,28,2,1,0
0.027,0.082,0.232,3.14,0.186,0,0.2459,0.2711,0.062,-0.486,0.218,0.142,0.119,0.015,0.000,0.000,33,9,0,0,0.196,0.129,0.058,0.003,0.002,0.000,28,2,1,0
0.022,0.079,0.267,1.42,0.221,0,0.2254,0.2600,0.082,-0.397,0.218,0.142,0.119,0.015,0.000,0.000,33,9,0,0,0.196,0.129,0.058,0.003,0.002,0.000,28,2,1,0
0.021,0.144,0.293,1.69,0.290,0,0.2108,0.2516,0.070,-0.697,0.218,0.142,0.119,0.015,0.000,0.000,33,9,0,0,0.196,0.129,0.058,0.003,0.002,0.000,28,2,1,0
0.026,0.158,0.215,-0.79,0.151,-1,0.1862,0.2344,0.167,0.736,0.218,0.142,0.119,0.015,0.000,0.000,33,9,0,0,0.196,0.129,0.058,0.003,0.002,0.000,28,2,1,0
0.027,0.196,0.468,1.76,0.409,0,0.1625,0.2134,0.065,-0.884,0.218,0.142,0.119,0.015,0.000,0.000,33,9,0,0,0.196,0.129,0.058,0.003,0.002,0.000,28,2,1,0
0.017,0.150,0.173,0.85,0.046,0,0.1351,0.1892,0.063,0.06,0.218,0.142,0.119,0.015,0.000,0.000,33,9,0,0,0.196,0.129,0.058,0.003,0.002,0.000,28,2,1,0
0.018,0.220,0.470,-0.79,0.151,-1,0.1059,0.1605,0.211,0.736,0.218,0.142,0.119,0.015,0.000,0.000,33,9,0,0,0.196,0.129,0.058,0.003,0.002,0.000,28,2,1,0
0.015,0.149,0.221,1.42,0.221,0,0.0772,0.1296,0.108,-0.397,0.218,0.142,0.119,0.015,0.000,0.000,33,9,0,0,0.196,0.129,0.058,0.003,0.002,0.000,28,2,1,0
0.017,0.224,0.388,0.85,0.046,0,0.0525,0.1032,0.099,0.06,0.218,0.142,0.119,0.015,0.000,0.000,33,9,0,0,0.196,0.129,0.058,0.003,0.002,0.000,28,2,1,0
0.017,0.264,0.485,1.76,0.409,0,0.0475,0.0925,0.103,-0.884,0.218,0.142,0.119,0.015,0.000,0.000,33,9,0,0,0.196,0.129,0.058,0.003,0.002,0.000,28,2,1,0
0.018,0.262,0.529,-0.08,0.108,0,0.0638,0.1008,0.267,0.059,0.218,0.142,0.119,0.015,0.000,0.000,33,9,0,0,0.196,0.129,0.058,0.003,0.002,0.000,28,2,1,0
0.018,0.268,0.566,-0.48,0.134,0,0.0856,0.1144,0.334,0.007,0.218,0.142,0.119,0.015,0.000,0.000,33,9,0,0,0.196,0.129,0.058,0.003,0.002,0.000,28,2,1,0
0.017,0.221,0.201,-1.1,0.105,-1,0.1018,0.1264,0.345,0.192,0.218,0.142,0.119,0.015,0.000,0.000,33,9,0,0,0.196,0.129,0.058,0.003,0.002,0.000,28,2,1,0
0.020,0.207,0.205,0,0.000,0,0.1060,0.1275,0.170,0.166,0.218,0.142,0.119,0.015,0.000,0.000,33,9,0,0,0.196,0.129,0.058,0.003,0.002,0.000,28,2,1,0
0.020,0.126,0.019,1.99,0.186,0,0.1053,0.1249,0.101,-0.326,0.218,0.142,0.119,0.015,0.000,0.000,33,9,0,0,0.196,0.129,0.058,0.003,0.002,0.000,28,2,1,0
0.031,0.172,0.539,1.76,0.409,0,0.1038,0.1194,0.116,-0.884,0.218,0.142,0.119,0.015,0.000,0.000,33,9,0,0,0.196,0.129,0.058,0.003,0.002,0.000,28,2,1,0
0.027,0.169,0.124,3.14,0.186,0,0.1029,0.1142,0.070,-0.486,0.218,0.142,0.119,0.015,0.000,0.000,33,9,0,0,0.196,0.129,0.058,0.003,0.002,0.000,28,2,1,0
0.033,0.224,0.587,-0.48,0.134,0,0.0985,0.1065,0.174,0.007,0.218,0.142,0.119,0.015,0.000,0.000,33,9,0,0,0.196,0.129,0.058,0.003,0.002,0.000,28,2,1,0
0.028,0.228,0.598,-0.08,0.108,0,0.0893,0.0952,0.147,0.059,0.218,0.142,0.119,0.015,0.000,0.000,33,9,0,0,0.196,0.129,0.058,0.003,0.002,0.000,28,2,1,0
0.023,0.221,0.556,-0.08,0.108,0,0.0710,0.0778,0.238,0.059,0.218,0.142,0.119,0.015,0.000,0.000,33,9,0,0,0.196,0.129,0.058,0.003,0.002,0.000,28,2,1,0
0.033,0.263,0.676,0.2,0.291,1,0.0620,0.0678,0.251,0.180,0.218,0.142,0.119,0.015,0.000,0.000,33,9,0,0,0.196,0.129,0.058,0.003,0.002,0.000,28,2,1,0
0.034,0.223,0.273,2.53,0.140,0,0.0633,0.0665,0.130,-0.121,0.218,0.142,0.119,0.015,0.000,0.000,33,9,0,0,0.196,0.129,0.058,0.003,0.002,0.000,28,2,1,0
0.040,0.187,0.571,-1.1,0.105,-1,0.0728,0.0715,0.206,0.192,0.218,0.142,0.119,0.015,0.000,0.000,33,9,0,0,0.196,0.129,0.058,0.003,0.002,0.000,28,2,1,0
0.042,0.189,0.650,-0.42,0.180,0,0.0734,0.0707,0.255,0.318,0.218,0.142,0.119,0.015,0.000,0.000,33,9,0,0,0.196,0.129,0.058,0.003,0.002,0.000,28,2,1,0
0.042,0.203,0.423,1.69,0.290,0,0.0819,0.0760,0.111,-0.697,0.218,0.142,0.119,0.015,0.000,0.000,33,9,0,0,0.196,0.129,0.058,0.003,0.002,0.000,28,2,1,0
0.035,0.157,0.389,2.1,0.128,0,0.0903,0.0812,0.096,0.02,0.218,0.142,0.119,0.015,0.000,0.000,33,9,0,0,0.196,0.129,0.058,0.003,0.002,0.000,28,2,1,0
0.056,0.252,0.369,1.37,0.298,0,0.1035,0.0916,0.129,-0.510,0.218,0.142,0.119,0.015,0.000,0.000,33,9,0,0,0.196,0.129,0.058,0.003,0.002,0.000,28,2,1,0
0.058,0.178,0.466,-1.14,0.131,0,0.1128,0.0990,0.171,0.987,0.218,0.142,0.119,0.015,0.000,0.000,33,9,0,0,0.196,0.129,0.058,0.003,0.002,0.000,28,2,1,0
0.062,0.227,0.439,1.37,0.298,0,0.1191,0.1070,0.126,-0.510,0.218,0.142,0.119,0.015,0.000,0.000,33,9,0,0,0.196,0.129,0.058,0.003,0.002,0.000,28,2,1,0
0.055,0.158,0.534,-0.48,0.134,0,0.1125,0.1044,0.219,0.007,0.218,0.142,0.119,0.015,0.000,0.000,33,9,0,0,0.196,0.129,0.058,0.003,0.002,0.000,28,2,1,0
0.072,0.169,0.105,3.14,0.186,0,0.1050,0.1033,0.051,-0.486,0.218,0.142,0.119,0.015,0.000,0.000,33,9,0,0,0.196,0.129,0.058,0.003,0.002,0.000,28,2,1,0
0.066,0.130,0.562,-0.42,0.180,0,0.0922,0.0980,0.195,0.318,0.218,0.142,0.119,0.015,0.000,0.000,33,9,0,0,0.196,0.129,0.058,0.003,0.002,0.000,28,2,1,0
0.058,0.142,0.205,1.99,0.186,0,0.0865,0.0964,0.068,-0.326,0.218,0.142,0.119,0.015,0.000,0.000,33,9,0,0,0.196,0.129,0.058,0.003,0.002,0.000,28,2,1,0
0.062,0.141,0.588,2.53,0.140,0,0.0912,0.1008,0.103,-0.121,0.218,0.142,0.119,0.015,0.000,0.000,33,9,0,0,0.196,0.129,0.058,0.003,0.002,0.000,28,2,1,0
0.062,0.175,0.588,0,0.000,0,0.1233,0.1238,0.164,0.166,0.218,0.142,0.119,0.015,0.000,0.000,33,9,0,0,0.196,0.129,0.058,0.003,0.002,0.000,28,2,1,0
0.072,0.281,0.657,-0.48,0.134,0,0.1655,0.1532,0.299,0.007,0.218,0.142,0.119,0.015,0.000,0.000,33,9,0,0,0.196,0.129,0.058,0.003,0.002,0.000,28,2,1,0
0.071,0.291,0.719,-0.52,0.062,0,0.2050,0.1814,0.250,0.341,0.218,0.142,0.119,0.015,0.000,0.000,33,9,0,0,0.196,0.129,0.058,0.003,0.002,0.000,28,2,1,0
0.076,0.281,0.576,0,0.000,0,0.2420,0.2099,0.239,0.166,0.218,0.142,0.119,0.015,0.000,0.000,33,9,0,0,0.196,0.129,0.058,0.003,0.002,0.000,28,2,1,0
0.083,0.295,0.736,1.37,0.298,0,0.2837,0.2420,0.214,-0.510,0.218,0.142,0.119,0.015,0.000,0.000,33,9,0,0,0.196,0.129,0.058,0.003,0.002,0.000,28,2,1,0
0.094,0.273,0.593,-0.48,0.134,0,0.3163,0.2702,0.276,0.007,0.218,0.142,0.119,0.015,0.000,0.000,33,9,0,0,0.196,0.129,0.058,0.003,0.002,0.000,28,2,1,0
0.107,0.281,0.718,-1.19,0.219,1,0.3371,0.2918,0.307,0.586,0.218,0.142,0.119,0.015,0.000,0.000,33,9,0,0,0.196,0.129,0.058,0.003,0.002,0.000,28,2,1,0
0.109,0.275,0.762,-0.08,0.108,0,0.3412,0.3026,0.235,0.059,0.218,0.142,0.119,0.015,0.000,0.000,33,9,0,0,0.196,0.129,0.058,0.003,0.002,0.000,28,2,1,0
0.117,0.282,0.694,1.37,0.298,0,0.3304,0.3003,0.224,-0.510,0.218,0.142,0.119,0.015,0.000,0.000,33,9,0,0,0.196,0.129,0.058,0.003,0.002,0.000,28,2,1,0
0.100,0.263,0.646,0,0.000,0,0.3171,0.2959,0.204,0.166,0.218,0.142,0.119,0.015,0.000,0.000,33,9,0,0,0.196,0.129,0.058,0.003,0.002,0.000,28,2,1,0
0.100,0.262,0.611,-1.1,0.105,-1,0.3063,0.2916,0.273,0.192,0.218,0.142,0.119,0.015,0.000,0.000,33,9,0,0,0.196,0.129,0.058,0.003,0.002,0.000,28,2,1,0
0.087,0.256,0.522,-0.08,0.108,0,0.3011,0.2894,0.360,0.059,0.218,0.142,0.119,0.015,0.000,0.000,33,9,0,0,0.196,0.129,0.058,0.003,0.002,0.000,28,2,1,0
0.128,0.259,0.482,0,0.000,0,0.3007,0.2902,0.279,0.166,0.218,0.142,0.119,0.015,0.000,0.000,33,9,0,0,0.196,0.129,0.058,0.003,0.002,0.000,28,2,1,0
0.103,0.270,0.568,-0.08,0.108,0,0.2957,0.2867,0.205,0.059,0.218,0.142,0.119,0.015,0.000,0.000,33,9,0,0,0.196,0.129,0.058,0.003,0.002,0.000,28,2,1,0
0.106,0.226,0.787,0.2,0.291,1,0.3018,0.2912,0.197,0.180,0.218,0.142,0.119,0.015,0.000,0.000,33,9,0,0,0.196,0.129,0.058,0.003,0.002,0.000,28,2,1,0
0.119,0.164,0.561,0.85,0.046,0,0.3109,0.3008,0.263,0.06,0.218,0.142,0.119,0.015,0.000,0.000,33,9,0,0,0.196,0.129,0.058,0.003,0.002,0.000,28,2,1,0
0.135,0.165,0.396,-1.1,0.105,-1,0.3178,0.3091,0.259,0.192,0.218,0.142,0.119,0.015,0.000,0.000,33,9,0,0,0.196,0.129,0.058,0.003,0.002,0.000,28,2,1,0
0.109,0.129,0.138,1.99,0.186,0,0.3207,0.3152,0.051,-0.326,0.218,0.142,0.119,0.015,0.000,0.000,33,9,0,0,0.196,0.129,0.058,0.003,0.002,0.000,28,2,1,0
0.093,0.156,0.306,1.42,0.221,0,0.3239,0.3200,0.109,-0.397,0.218,0.142,0.119,0.015,0.000,0.000,33,9,0,0,0.196,0.129,0.058,0.003,0.002,0.000,28,2,1,0
0.086,0.172,0.364,-0.48,0.134,0,0.3126,0.3124,0.257,0.007,0.218,0.142,0.119,0.015,0.000,0.000,33,9,0,0,0.196,0.129,0.058,0.003,0.002,0.000,28,2,1,0
0.105,0.123,0.255,0.85,0.046,0,0.2846,0.2918,0.175,0.06,0.218,0.142,0.119,0.015,0.000,0.000,33,9,0,0,0.196,0.129,0.058,0.003,0.002,0.000,28,2,1,0
0.115,0.163,0.311,1.37,0.298,0,0.2556,0.2722,0.133,-0.510,0.218,0.142,0.119,0.015,0.000,0.000,33,9,0,0,0.196,0.129,0.058,0.003,0.002,0.000,28,2,1,0
0.121,0.135,0.380,-1.19,0.219,1,0.2338,0.2593,0.394,0.586,0.218,0.142,0.119,0.015,0.000,0.000,33,9,0,0,0.196,0.129,0.058,0.003,0.002,0.000,28,2,1,0
0.118,0.150,0.491,-0.48,0.134,0,0.2136,0.2467,0.451,0.007,0.218,0.142,0.119,0.015,0.000,0.000,33,9,0,0,0.196,0.129,0.058,0.003,0.002,0.000,28,2,1,0
0.133,0.152,0.341,-0.52,0.062,0,0.1939,0.2344,0.360,0.341,0.218,0.142,0.119,0.015,0.000,0.000,33,9,0,0,0.196,0.129,0.058,0.003,0.002,0.000,28,2,1,0
0.135,0.127,0.114,2.53,0.140,0,0.1766,0.2240,0.219,-0.121,0.218,0.142,0.119,0.015,0.000,0.000,33,9,0,0,0.196,0.129,0.058,0.003,0.002,0.000,28,2,1,0
0.129,0.122,0.301,-1.14,0.131,0,0.1627,0.2131,0.281,0.987,0.218,0.142,0.119,0.015,0.000,0.000,33,9,0,0,0.196,0.129,0.058,0.003,0.002,0.000,28,2,1,0
0.139,0.133,0.346,0.85,0.046,0,0.1686,0.2178,0.463,0.06,0.218,0.142,0.119,0.015,0.000,0.000,33,9,0,0,0.196,0.129,0.058,0.003,0.002,0.000,28,2,1,0
0.137,0.132,0.390,-0.79,0.151,-1,0.1772,0.2227,0.364,0.736,0.218,0.142,0.119,0.015,0.000,0.000,33,9,0,0,0.196,0.129,0.058,0.003,0.002,0.000,28,2,1,0
0.117,0.141,0.301,1.69,0.290,0,0.1887,0.2291,0.074,-0.697,0.218,0.142,0.119,0.015,0.000,0.000,33,9,0,0,0.196,0.129,0.058,0.003,0.002,0.000,28,2,1,0
0.139,0.149,0.470,-1.19,0.219,1,0.2023,0.2353,0.350,0.586,0.218,0.142,0.119,0.015,0.000,0.000,33,9,0,0,0.196,0.129,0.058,0.003,0.002,0.000,28,2,1,0
0.132,0.164,0.406,-0.52,0.062,0,0.2132,0.2375,0.278,0.341,0.218,0.142,0.119,0.015,0.000,0.000,33,9,0,0,0.196,0.129,0.058,0.003,0.002,0.000,28,2,1,0
0.148,0.149,0.148,1.99,0.186,0,0.2167,0.2321,0.131,-0.326,0.218,0.142,0.119,0.015,0.000,0.000,33,9,0,0,0.196,0.129,0.058,0.003,0.002,0.000,28,2,1,0
0.126,0.152,0.273,2.53,0.140,0,0.2166,0.2257,0.162,-0.121,0.218,0.142,0.119,0.015,0.000,0.000,33,9,0,0,0.196,0.129,0.058,0.003,0.002,0.000,28,2,1,0
0.151,0.184,0.621,0.22,0.230,0,0.2124,0.2152,0.313,0.303,0.218,0.142,0.119,0.015,0.000,0.000,33,9,0,0,0.196,0.129,0.058,0.003,0.002,0.000,28,2,1,0
0.144,0.211,0.678,-0.52,0.062,0,0.2076,0.2062,0.265,0.341,0.218,0.142,0.119,0.015,0.000,0.000,33,9,0,0,0.196,0.129,0.058,0.003,0.002,0.000,28,2,1,0
0.146,0.180,0.435,-1.1,0.105,-1,0.1895,0.1861,0.268,0.192,0.218,0.142,0.119,0.015,0.000,0.000,33,9,0,0,0.196,0.129,0.058,0.003,0.002,0.000,28,2,1,0
0.146,0.228,0.715,0.2,0.291,1,0.1718,0.1649,0.238,0.180,0.218,0.142,0.119,0.015,0.000,0.000,33,9,0,0,0.196,0.129,0.058,0.003,0.002,0.000,28,2,1,0
0.120,0.181,0.197,3.14,0.186,0,0.1527,0.1426,0.125,-0.486,0.218,0.142,0.119,0.015,0.000,0.000,33,9,0,0,0.196,0.129,0.058,0.003,0.002,0.000,28,2,1,0
0.139,0.226,0.409,1.37,0.298,0,0.1462,0.1299,0.145,-0.510,0.218,0.142,0.119,0.015,0.000,0.000,33,9,0,0,0.196,0.129,0.058,0.003,0.002,0.000,28,2,1,0
0.169,0.181,0.307,0.85,0.046,0,0.1690,0.1391,0.090,0.06,0.218,0.142,0.119,0.015,0.000,0.000,33,9,0,0,0.196,0.129,0.058,0.003,0.002,0.000,28,2,1,0
0.144,0.188,0.348,-1.14,0.131,0,0.2009,0.1531,0.217,0.987,0.218,0.142,0.119,0.015,0.000,0.000,33,9,0,0,0.196,0.129,0.058,0.003,0.002,0.000,28,2,1,0
0.133,0.187,0.496,0.85,0.046,0,0.2198,0.1603,0.223,0.06,0.218,0.142,0.119,0.015,0.000,0.000,33,9,0,0,0.196,0.129,0.058,0.003,0.002,0.000,28,2,1,0
0.134,0.233,0.608,-0.52,0.062,0,0.2298,0.1613,0.247,0.341,0.218,0.142,0.119,0.015,0.000,0.000,33,9,0,0,0.196,0.129,0.058,0.003,0.002,0.000,28,2,1,0
0.114,0.201,0.441,0,0.000,0,0.2392,0.1612,0.240,0.166,0.218,0.142,0.119,0.015,0.000,0.000,33,9,0,0,0.196,0.129,0.058,0.003,0.002,0.000,28,2,1,0
0.107,0.170,0.429,1.99,0.186,0,0.2473,0.1626,0.185,-0.326,0.218,0.142,0.119,0.015,0.000,0.000,33,9,0,0,0.196,0.129,0.058,0.003,0.002,0.000,28,2,1,0
0.109,0.176,0.558,0,0.000,0,0.2379,0.1522,0.130,0.166,0.218,0.142,0.119,0.015,0.000,0.000,33,9,0,0,0.196,0.129,0.058,0.003,0.002,0.000,28,2,1,0
0.101,0.233,0.599,-0.08,0.108,0,0.2180,0.1366,0.251,0.059,0.218,0.142,0.119,0.015,0.000,0.000,33,9,0,0,0.196,0.129,0.058,0.003,0.002,0.000,28,2,1,0
0.080,0.199,0.695,1.69,0.290,0,0.1968,0.1212,0.109,-0.697,0.218,0.142,0.119,0.015,0.000,0.000,33,9,0,0,0.196,0.129,0.058,0.003,0.002,0.000,28,2,1,0
0.078,0.165,0.707,-0.08,0.108,0,0.1763,0.1065,0.224,0.059,0.218,0.142,0.119,0.015,0.000,0.000,33,9,0,0,0.196,0.129,0.058,0.003,0.002,0.000,28,2,1,0
0.093,0.167,0.616,0.85,0.046,0,0.1573,0.0941,0.126,0.06,0.218,0.142,0.119,0.015,0.000,0.000,33,9,0,0,0.196,0.129,0.058,0.003,0.002,0.000,28,2,1,0
0.082,0.163,0.650,-0.52,0.062,0,0.1436,0.0863,0.238,0.341,0.218,0.142,0.119,0.015,0.000,0.000,33,9,0,0,0.196,0.129,0.058,0.003,0.002,0.000,28,2,1,0
0.084,0.123,0.685,-0.42,0.180,0,0.1383,0.0841,0.280,0.318,0.218,0.142,0.119,0.015,0.000,0.000,33,9,0,0,0.196,0.129,0.058,0.003,0.002,0.000,28,2,1,0
0.070,0.081,0.608,0.85,0.046,0,0.1363,0.0855,0.185,0.06,0.218,0.142,0.119,0.015,0.000,0.000,33,9,0,0,0.196,0.129,0.058,0.003,0.002,0.000,28,2,1,0
0.064,0.117,0.561,-0.48,0.134,0,0.1275,0.0815,0.190,0.007,0.218,0.142,0.119,0.015,0.000,0.000,33,9,0,0,0.196,0.129,0.058,0.003,0.002,0.000,28,2,1,0
0.062,0.111,0.351,0.85,0.046,0,0.1144,0.0757,0.164,0.06,0.218,0.142,0.119,0.015,0.000,0.000,33,9,0,0,0.196,0.129,0.058,0.003,0.002,0.000,28,2,1,0
0.055,0.141,0.457,0.22,0.230,0,0.0927,0.0648,0.262,0.303,0.218,0.142,0.119,0.015,0.000,0.000,33,9,0,0,0.196,0.129,0.058,0.003,0.002,0.000,28,2,1,0
0.057,0.180,0.445,1.37,0.298,0,0.0733,0.0547,0.133,-0.510,0.218,0.142,0.119,0.015,0.000,0.000,33,9,0,0,0.196,0.129,0.058,0.003,0.002,0.000,28,2,1,0
0.053,0.186,0.117,1.69,0.290,0,0.0691,0.0542,0.057,-0.697,0.218,0.142,0.119,0.015,0.000,0.000,33,9,0,0,0.196,0.129,0.058,0.003,0.002,0.000,28,2,1,0
0.058,0.173,0.468,-1.1,0.105,-1,0.0689,0.0550,0.198,0.192,0.218,0.142,0.119,0.015,0.000,0.000,33,9,0,0,0.196,0.129,0.058,0.003,0.002,0.000,28,2,1,0
0.062,0.167,0.469,-0.52,0.062,0,0.0620,0.0524,0.191,0.341,0.218,0.142,0.119,0.015,0.000,0.000,33,9,0,0,0.196,0.129,0.058,0.003,0.002,0.000,28,2,1,0
0.058,0.218,0.431,1.37,0.298,0,0.0520,0.0457,0.150,-0.510,0.218,0.142,0.119,0.015,0.000,0.000,33,9,0,0,0.196,0.129,0.058,0.003,0.002,0.000,28,2,1,0
0.059,0.186,0.003,3.14,0.186,0,0.0491,0.0430,0.102,-0.486,0.218,0.142,0.119,0.015,0.000,0.000,33,9,0,0,0.196,0.129,0.058,0.003,0.002,0.000,28,2,1,0
0.049,0.213,0.483,-0.48,0.134,0,0.0479,0.0411,0.222,0.007,0.218,0.142,0.119,0.015,0.000,0.000,33,9,0,0,0.196,0.129,0.058,0.003,0.002,0.000,28,2,1,0
0.049,0.203,0.398,-1.1,0.105,-1,0.0417,0.0365,0.189,0.192,0.218,0.142,0.119,0.015,0.000,0.000,33,9,0,0,0.196,0.129,0.058,0.003,0.002,0.000,28,2,1,0
0.055,0.213,0.010,2.53,0.140,0,0.0371,0.0337,0.112,-0.121,0.218,0.142,0.119,0.015,0.000,0.000,33,9,0,0,0.196,0.129,0.058,0.003,0.002,0.000,28,2,1,0
0.045,0.265,0.352,1.37,0.298,0,0.0342,0.0316,0.122,-0.510,0.218,0.142,0.119,0.015,0.000,0.000,33,9,0,0,0.196,0.129,0.058,0.003,0.002,0.000,28,2,1,0
0.039,0.219,0.390,-0.52,0.062,0,0.0333,0.0305,0.160,0.341,0.218,0.142,0.119,0.015,0.000,0.000,33,9,0,0,0.196,0.129,0.058,0.003,0.002,0.000,28,2,1,0
0.046,0.225,0.424,1.37,0.298,0,0.0370,0.0321,0.137,-0.510,0.218,0.142,0.119,0.015,0.000,0.000,33,9,0,0,0.196,0.129,0.058,0.003,0.002,0.000,28,2,1,0
0.054,0.188,0.398,1.37,0.298,0,0.0393,0.0332,0.145,-0.510,0.218,0.142,0.119,0.015,0.000,0.000,33,9,0,0,0.196,0.129,0.058,0.003,0.002,0.000,28,2,1,0
0.059,0.117,0.357,0.85,0.046,0,0.0501,0.0393,0.156,0.06,0.218,0.142,0.119,0.015,0.000,0.000,33,9,0,0,0.196,0.129,0.058,0.003,0.002,0.000,28,2,1,0
0.057,0.137,0.507,-0.08,0.108,0,0.0627,0.0462,0.256,0.059,0.218,0.142,0.119,0.015,0.000,0.000,33,9,0,0,0.196,0.129,0.058,0.003,0.002,0.000,28,2,1,0
0.061,0.125,0.510,0.22,0.230,0,0.0698,0.0503,0.186,0.303,0.218,0.142,0.119,0.015,0.000,0.000,33,9,0,0,0.196,0.129,0.058,0.003,0.002,0.000,28,2,1,0
0.055,0.148,0.440,-0.79,0.151,-1,0.0648,0.0472,0.268,0.736,0.218,0.142,0.119,0.015,0.000,0.000,33,9,0,0,0.196,0.129,0.058,0.003,0.002,0.000,28,2,1,0
0.070,0.140,0.097,1.99,0.186,0,0.0678,0.0473,0.062,-0.326,0.218,0.142,0.119,0.015,0.000,0.000,33,9,0,0,0.196,0.129,0.058,0.003,0.002,0.000,28,2,1,0
0.074,0.197,0.478,-0.08,0.108,0,0.0767,0.0502,0.186,0.059,0.218,0.142,0.119,0.015,0.000,0.000,33,9,0,0,0.196,0.129,0.058,0.003,0.002,0.000,28,2,1,0
0.080,0.204,0.412,1.69,0.290,0,0.0998,0.0618,0.073,-0.697,0.218,0.142,0.119,0.015,0.000,0.000,33,9,0,0,0.196,0.129,0.058,0.003,0.002,0.000,28,2,1,0
0.090,0.169,0.448,-0.08,0.108,0,0.1234,0.0743,0.173,0.059,0.218,0.142,0.119,0.015,0.000,0.000,33,9,0,0,0.196,0.129,0.058,0.003,0.002,0.000,28,2,1,0
0.085,0.175,0.508,2.1,0.128,0,0.1497,0.0898,0.066,0.02,0.218,0.142,0.119,0.015,0.000,0.000,33,9,0,0,0.196,0.129,0.058,0.003,0.002,0.000,28,2,1,0
0.098,0.218,0.625,-1.1,0.105,-1,0.1615,0.0972,0.315,0.192,0.218,0.142,0.119,0.015,0.000,0.000,33,9,0,0,0.196,0.129,0.058,0.003,0.002,0.000,28,2,1,0
0.093,0.268,0.826,0.2,0.291,1,0.1689,0.1032,0.338,0.180,0.218,0.142,0.119,0.015,0.000,0.000,33,9,0,0,0.196,0.129,0.058,0.003,0.002,0.000,28,2,1,0
0.089,0.267,0.434,0,0.000,0,0.1630,0.1003,0.202,0.166,0.218,0.142,0.119,0.015,0.000,0.000,33,9,0,0,0.196,0.129,0.058,0.003,0.002,0.000,28,2,1,0
0.076,0.262,0.696,-0.08,0.108,0,0.1475,0.0935,0.285,0.059,0.218,0.142,0.119,0.015,0.000,0.000,33,9,0,0,0.196,0.129,0.058,0.003,0.002,0.000,28,2,1,0
0.071,0.252,0.678,1.37,0.298,0,0.1385,0.0925,0.151,-0.510,0.218,0.142,0.119,0.015,0.000,0.000,33,9,0,0,0.196,0.129,0.058,0.003,0.002,0.000,28,2,1,0
0.072,0.149,0.662,-0.52,0.062,0,0.1306,0.0931,0.230,0.341,0.218,0.142,0.119,0.015,0.000,0.000,33,9,0,0,0.196,0.129,0.058,0.003,0.002,0.000,28,2,1,0
0.061,0.148,0.547,0,0.000,0,0.1330,0.1004,0.130,0.166,0.218,0.142,0.119,0.015,0.000,0.000,33,9,0,0,0.196,0.129,0.058,0.003,0.002,0.000,28,2,1,0
0.080,0.117,0.631,0.22,0.230,0,0.1380,0.1076,0.172,0.303,0.218,0.142,0.119,0.015,0.000,0.000,33,9,0,0,0.196,0.129,0.058,0.003,0.002,0.000,28,2,1,0
0.082,0.089,0.267,2.53,0.140,0,0.1477,0.1183,0.097,-0.121,0.218,0.142,0.119,0.015,0.000,0.000,33,9,0,0,0.196,0.129,0.058,0.003,0.002,0.000,28,2,1,0
0.089,0.111,0.363,2.53,0.140,0,0.1672,0.1335,0.116,-0.121,0.218,0.142,0.119,0.015,0.000,0.000,33,9,0,0,0.196,0.129,0.058,0.003,0.002,0.000,28,2,1,0
0.088,0.147,0.432,0,0.000,0,0.1894,0.1497,0.121,0.166,0.218,0.142,0.119,0.015,0.000,0.000,33,9,0,0,0.196,0.129,0.058,0.003,0.002,0.000,28,2,1,0
0.092,0.142,0.310,-0.48,0.134,0,0.1995,0.1592,0.190,0.007,0.218,0.142,0.119,0.015,0.000,0.000,33,9,0,0,0.196,0.129,0.058,0.003,0.002,0.000,28,2,1,0
0.079,0.104,0.379,-1.1,0.105,-1,0.1813,0.1489,0.176,0.192,0.218,0.142,0.119,0.015,0.000,0.000,33,9,0,0,0.196,0.129,0.058,0.003,0.002,0.000,28,2,1,0
0.065,0.107,0.314,1.69,0.290,0,0.1525,0.1296,0.081,-0.697,0.218,0.142,0.119,0.015,0.000,0.000,33,9,0,0,0.196,0.129,0.058,0.003,0.002,0.000,28,2,1,0
0.068,0.108,0.377,2.53,0.140,0,0.1177,0.1070,0.120,-0.121,0.218,0.142,0.119,0.015,0.000,0.000,33,9,0,0,0.196,0.129,0.058,0.003,0.002,0.000,28,2,1,0
0.068,0.197,0.417,1.69,0.290,0,0.0973,0.0963,0.079,-0.697,0.218,0.142,0.119,0.015,0.000,0.000,33,9,0,0,0.196,0.129,0.058,0.003,0.002,0.000,28,2,1,0
0.063,0.226,0.600,-0.48,0.134,0,0.0742,0.0842,0.143,0.007,0.218,0.142,0.119,0.015,0.000,0.000,33,9,0,0,0.196,0.129,0.058,0.003,0.002,0.000,28,2,1,0
0.066,0.255,0.773,-1.19,0.219,1,0.0674,0.0844,0.374,0.586,0.218,0.142,0.119,0.015,0.000,0.000,33,9,0,0,0.196,0.129,0.058,0.003,0.002,0.000,28,2,1,0
0.063,0.240,0.808,-0.48,0.134,0,0.0633,0.0898,0.394,0.007,0.218,0.142,0.119,0.015,0.000,0.000,33,9,0,0,0.196,0.129,0.058,0.003,0.002,0.000,28,2,1,0
0.079,0.165,0.696,0,0.000,0,0.0841,0.1145,0.265,0.166,0.218,0.142,0.119,0.015,0.000,0.000,33,9,0,0,0.196,0.129,0.058,0.003,0.002,0.000,28,2,1,0
0.075,0.145,0.583,0,0.000,0,0.1088,0.1415,0.199,0.166,0.218,0.142,0.119,0.015,0.000,0.000,33,9,0,0,0.196,0.129,0.058,0.003,0.002,0.000,28,2,1,0
0.077,0.113,0.508,0.85,0.046,0,0.1367,0.1699,0.173,0.06,0.218,0.142,0.119,0.015,0.000,0.000,33,9,0,0,0.196,0.129,0.058,0.003,0.002,0.000,28,2,1,0
0.087,0.164,0.579,1.37,0.298,0,0.1674,0.1972,0.088,-0.510,0.218,0.142,0.119,0.015,0.000,0.000,33,9,0,0,0.196,0.129,0.058,0.003,0.002,0.000,28,2,1,0
0.088,0.147,0.541,-0.48,0.134,0,0.1928,0.2204,0.103,0.007,0.218,0.142,0.119,0.015,0.000,0.000,33,9,0,0,0.196,0.129,0.058,0.003,0.002,0.000,28,2,1,0
0.087,0.136,0.454,1.99,0.186,0,0.2222,0.2449,0.041,-0.326,0.218,0.142,0.119,0.015,0.000,0.000,33,9,0,0,0.196,0.129,0.058,0.003,0.002,0.000,28,2,1,0
0.087,0.166,0.613,1.37,0.298,0,0.2356,0.2527,0.092,-0.510,0.218,0.142,0.119,0.015,0.000,0.000,33,9,0,0,0.196,0.129,0.058,0.003,0.002,0.000,28,2,1,0
0.105,0.156,0.241,3.14,0.186,0,0.2414,0.2530,0.069,-0.486,0.218,0.142,0.119,0.015,0.000,0.000,33,9,0,0,0.196,0.129,0.058,0.003,0.002,0.000,28,2,1,0
0.124,0.181,0.641,0.22,0.230,0,0.2361,0.2432,0.149,0.303,0.218,0.142,0.119,0.015,0.000,0.000,33,9,0,0,0.196,0.129,0.058,0.003,0.002,0.000,28,2,1,0
0.102,0.143,0.540,0,0.000,0,0.2187,0.2272,0.183,0.166,0.218,0.142,0.119,0.015,0.000,0.000,33,9,0,0,0.196,0.129,0.058,0.003,0.002,0.000,28,2,1,0
0.102,0.190,0.630,-1.19,0.219,1,0.1883,0.2045,0.340,0.586,0.218,0.142,0.119,0.015,0.000,0.000,33,9,0,0,0.196,0.129,0.058,0.003,0.002,0.000,28,2,1,0
0.102,0.136,0.342,-1.14,0.131,0,0.1534,0.1794,0.314,0.987,0.218,0.142,0.119,0.015,0.000,0.000,33,9,0,0,0.196,0.129,0.058,0.003,0.002,0.000,28,2,1,0
0.097,0.244,0.358,-0.52,0.062,0,0.1253,0.1612,0.332,0.341,0.218,0.142,0.119,0.015,0.000,0.000,33,9,0,0,0.196,0.129,0.058,0.003,0.002,0.000,28,2,1,0
0.079,0.184,0.354,-0.08,0.108,0,0.1144,0.1562,0.241,0.059,0.218,0.142,0.119,0.015,0.000,0.000,33,9,0,0,0.196,0.129,0.058,0.003,0.002,0.000,28,2,1,0
0.086,0.210,0.226,-0.42,0.180,0,0.1334,0.1757,0.260,0.318,0.218,0.142,0.119,0.015,0.000,0.000,33,9,0,0,0.196,0.129,0.058,0.003,0.002,0.000,28,2,1,0
0.104,0.194,0.299,-0.79,0.151,-1,0.1722,0.2108,0.229,0.736,0.218,0.142,0.119,0.015,0.000,0.000,33,9,0,0,0.196,0.129,0.058,0.003,0.002,0.000,28,2,1,0
0.106,0.156,0.030,2.53,0.140,0,0.2233,0.2539,0.097,-0.121,0.218,0.142,0.119,0.015,0.000,0.000,33,9,0,0,0.196,0.129,0.058,0.003,0.002,0.000,28,2,1,0
0.101,0.153,0.422,1.99,0.186,0,0.2750,0.2971,0.080,-0.326,0.218,0.142,0.119,0.015,0.000,0.000,33,9,0,0,0.196,0.129,0.058,0.003,0.002,0.000,28,2,1,0
0.099,0.168,0.118,1.99,0.186,0,0.3287,0.3395,0.147,-0.326,0.218,0.142,0.119,0.015,0.000,0.000,33,9,0,0,0.196,0.129,0.058,0.003,0.002,0.000,28,2,1,0
0.089,0.246,0.540,0,0.000,0,0.3690,0.3697,0.193,0.166,0.218,0.142,0.119,0.015,0.000,0.000,33,9,0,0,0.196,0.129,0.058,0.003,0.002,0.000,28,2,1,0
0.070,0.248,0.661,-0.48,0.134,0,0.3912,0.3840,0.188,0.007,0.218,0.142,0.119,0.015,0.000,0.000,33,9,0,0,0.196,0.129,0.058,0.003,0.002,0.000,28,2,1,0
0.070,0.225,0.334,0,0.000,0,0.3807,0.3713,0.104,0.166,0.218,0.142,0.119,0.015,0.000,0.000,33,9,0,0,0.196,0.129,0.058,0.003,0.002,0.000,28,2,1,0
0.074,0.165,0.309,3.14,0.186,0,0.3475,0.3418,0.095,-0.486,0.218,0.142,0.119,0.015,0.000,0.000,33,9,0,0,0.196,0.129,0.058,0.003,0.002,0.000,28,2,1,0
0.068,0.151,0.256,1.69,0.290,0,0.3167,0.3163,0.087,-0.697,0.218,0.142,0.119,0.015,0.000,0.000,33,9,0,0,0.196,0.129,0.058,0.003,0.002,0.000,28,2,1,0
0.090,0.118,0.520,-1.1,0.105,-1,0.2822,0.2893,0.290,0.192,0.218,0.142,0.119,0.015,0.000,0.000,33,9,0,0,0.196,0.129,0.058,0.003,0.002,0.000,28,2,1,0
0.094,0.088,0.468,0,0.000,0,0.2540,0.2668,0.216,0.166,0.218,0.142,0.119,0.015,0.000,0.000,33,9,0,0,0.196,0.129,0.058,0.003,0.002,0.000,28,2,1,0
0.112,0.097,0.364,0,0.000,0,0.2211,0.2401,0.345,0.166,0.218,0.142,0.119,0.015,0.000,0.000,33,9,0,0,0.196,0.129,0.058,0.003,0.002,0.000,28,2,1,0
0.112,0.140,0.589,-0.48,0.134,0,0.1965,0.2238,0.391,0.007,0.218,0.142,0.119,0.015,0.000,0.000,33,9,0,0,0.196,0.129,0.058,0.003,0.002,0.000,28,2,1,0
0.115,0.140,0.464,-1.1,0.105,-1,0.1807,0.2151,0.380,0.192,0.218,0.142,0.119,0.015,0.000,0.000,33,9,0,0,0.196,0.129,0.058,0.003,0.002,0.000,28,2,1,0
0.117,0.103,0.302,-1.1,0.105,-1,0.1825,0.2213,0.342,0.192,0.218,0.142,0.119,0.015,0.000,0.000,33,9,0,0,0.196,0.129,0.058,0.003,0.002,0.000,28,2,1,0
0.115,0.102,0.275,-0.79,0.151,-1,0.1907,0.2320,0.351,0.736,0.218,0.142,0.119,0.015,0.000,0.000,33,9,0,0,0.196,0.129,0.058,0.003,0.002,0.000,28,2,1,0
0.112,0.135,0.523,-1.19,0.219,1,0.1936,0.2339,0.356,0.586,0.218,0.142,0.119,0.015,0.000,0.000,33,9,0,0,0.196,0.129,0.058,0.003,0.002,0.000,28,2,1,0
0.093,0.112,0.183,0.85,0.046,0,0.1936,0.2313,0.124,0.06,0.218,0.142,0.119,0.015,0.000,0.000,33,9,0,0,0.196,0.129,0.058,0.003,0.002,0.000,28,2,1,0
0.099,0.103,0.035,3.14,0.186,0,0.1932,0.2265,0.061,-0.486,0.218,0.142,0.119,0.015,0.000,0.000,33,9,0,0,0.196,0.129,0.058,0.003,0.002,0.000,28,2,1,0
0.129,0.096,0.562,-1.19,0.219,1,0.1889,0.2186,0.182,0.586,0.218,0.142,0.119,0.015,0.000,0.000,33,9,0,0,0.196,0.129,0.058,0.003,0.002,0.000,28,2,1,0
0.134,0.097,0.622,0.85,0.046,0,0.1851,0.2109,0.180,0.06,0.218,0.142,0.119,0.015,0.000,0.000,33,9,0,0,0.196,0.129,0.058,0.003,0.002,0.000,28,2,1,0
0.137,0.104,0.495,-0.42,0.180,0,0.1727,0.1952,0.185,0.318,0.218,0.142,0.119,0.015,0.000,0.000,33,9,0,0,0.196,0.129,0.058,0.003,0.002,0.000,28,2,1,0
0.133,0.070,0.003,2.53,0.140,0,0.1547,0.1749,0.040,-0.121,0.218,0.142,0.119,0.015,0.000,0.000,33,9,0,0,0.196,0.129,0.058,0.003,0.002,0.000,28,2,1,0
0.151,0.071,0.053,2.1,0.128,0,0.1329,0.1518,0.081,0.02,0.218,0.142,0.119,0.015,0.000,0.000,33,9,0,0,0.196,0.129,0.058,0.003,0.002,0.000,28,2,1,0
0.150,0.075,0.004,0.85,0.046,0,0.1055,0.1264,0.223,0.06,0.218,0.142,0.119,0.015,0.000,0.000,33,9,0,0,0.196,0.129,0.058,0.003,0.002,0.000,28,2,1,0
0.157,0.132,0.002,0.85,0.046,0,0.0779,0.1015,0.132,0.06,0.218,0.142,0.119,0.015,0.000,0.000,33,9,0,0,0.196,0.129,0.058,0.003,0.002,0.000,28,2,1,0
0.202,0.187,0.176,1.69,0.290,0,0.0660,0.0904,0.079,-0.697,0.218,0.142,0.119,0.015,0.000,0.000,33,9,0,0,0.196,0.129,0.058,0.003,0.002,0.000,28,2,1,0
0.116,0.257,0.468,-0.48,0.134,0,0.0684,0.0915,0.225,0.007,0.218,0.142,0.119,0.015,0.000,0.000,33,9,0,0,0.196,0.129,0.058,0.003,0.002,0.000,28,2,1,0
0.097,0.289,0.648,0.2,0.291,1,0.0787,0.0966,0.257,0.180,0.218,0.142,0.119,0.015,0.000,0.000,33,9,0,0,0.196,0.129,0.058,0.003,0.002,0.000,28,2,1,0
0.084,0.269,0.389,0.22,0.230,0,0.0750,0.0900,0.186,0.303,0.218,0.142,0.119,0.015,0.000,0.000,33,9,0,0,0.196,0.129,0.058,0.003,0.002,0.000,28,2,1,0
0.071,0.166,0.067,2.53,0.140,0,0.0672,0.0801,0.090,-0.121,0.218,0.142,0.119,0.015,0.000,0.000,33,9,0,0,0.196,0.129,0.058,0.003,0.002,0.000,28,2,1,0
0.071,0.197,0.042,1.42,0.221,0,0.0600,0.0703,0.171,-0.397,0.218,0.142,0.119,0.015,0.000,0.000,33,9,0,0,0.196,0.129,0.058,0.003,0.002,0.000,28,2,1,0
0.065,0.198,0.007,1.99,0.186,0,0.0567,0.0655,0.116,-0.326,0.218,0.142,0.119,0.015,0.000,0.000,33,9,0,0,0.196,0.129,0.058,0.003,0.002,0.000,28,2,1,0
0.053,0.226,0.128,-1.1,0.105,-1,0.0555,0.0636,0.144,0.192,0.218,0.142,0.119,0.015,0.000,0.000,33,9,0,0,0.196,0.129,0.058,0.003,0.002,0.000,28,2,1,0
0.045,0.175,0.171,-1.14,0.131,0,0.0561,0.0634,0.177,0.987,0.218,0.142,0.119,0.015,0.000,0.000,33,9,0,0,0.196,0.129,0.058,0.003,0.002,0.000,28,2,1,0
0.057,0.189,0.258,0.85,0.046,0,0.0565,0.0626,0.263,0.06,0.218,0.142,0.119,0.015,0.000,0.000,33,9,0,0,0.196,0.129,0.058,0.003,0.002,0.000,28,2,1,0
0.054,0.240,0.534,0.22,0.230,0,0.0557,0.0594,0.217,0.303,0.218,0.142,0.119,0.015,0.000,0.000,33,9,0,0,0.196,0.129,0.058,0.003,0.002,0.000,28,2,1,0
0.067,0.243,0.539,1.76,0.409,0,0.0630,0.0649,0.123,-0.884,0.218,0.142,0.119,0.015,0.000,0.000,33,9,0,0,0.196,0.129,0.058,0.003,0.002,0.000,28,2,1,0
0.076,0.215,0.660,-0.48,0.134,0,0.0748,0.0755,0.275,0.007,0.218,0.142,0.119,0.015,0.000,0.000,33,9,0,0,0.196,0.129,0.058,0.003,0.002,0.000,28,2,1,0
0.073,0.206,0.576,-0.48,0.134,0,0.0832,0.0838,0.256,0.007,0.218,0.142,0.119,0.015,0.000,0.000,33,9,0,0,0.196,0.129,0.058,0.003,0.002,0.000,28,2,1,0
0.057,0.207,0.592,-0.52,0.062,0,0.0845,0.0856,0.154,0.341,0.218,0.142,0.119,0.015,0.000,0.000,33,9,0,0,0.196,0.129,0.058,0.003,0.002,0.000,28,2,1,0
0.051,0.119,0.542,0.85,0.046,0,0.0762,0.0782,0.136,0.06,0.218,0.142,0.119,0.015,0.000,0.000,33,9,0,0,0.196,0.129,0.058,0.003,0.002,0.000,28,2,1,0
0.039,0.172,0.570,1.37,0.298,0,0.0649,0.0681,0.159,-0.510,0.218,0.142,0.119,0.015,0.000,0.000,33,9,0,0,0.196,0.129,0.058,0.003,0.002,0.000,28,2,1,0
0.040,0.185,0.527,1.69,0.290,0,0.0535,0.0574,0.095,-0.697,0.218,0.142,0.119,0.015,0.000,0.000,33,9,0,0,0.196,0.129,0.058,0.003,0.002,0.000,28,2,1,0
0.052,0.276,0.676,1.37,0.298,0,0.0437,0.0478,0.106,-0.510,0.218,0.142,0.119,0.015,0.000,0.000,33,9,0,0,0.196,0.129,0.058,0.003,0.002,0.000,28,2,1,0
0.045,0.261,0.529,-1.19,0.219,1,0.0372,0.0396,0.334,0.586,0.218,0.142,0.119,0.015,0.000,0.000,33,9,0,0,0.196,0.129,0.058,0.003,0.002,0.000,28,2,1,0
0.030,0.235,0.506,-1.1,0.105,-1,0.0331,0.0338,0.353,0.192,0.218,0.142,0.119,0.015,0.000,0.000,33,9,0,0,0.196,0.129,0.058,0.003,0.002,0.000,28,2,1,0
0.030,0.193,0.423,0.85,0.046,0,0.0215,0.0233,0.195,0.06,0.218,0.142,0.119,0.015,0.000,0.000,33,9,0,0,0.196,0.129,0.058,0.003,0.002,0.000,28,2,1,0
0.042,0.205,0.480,-1.14,0.131,0,0.0147,0.0161,0.277,0.987,0.218,0.142,0.119,0.015,0.000,0.000,33,9,0,0,0.196,0.129,0.058,0.003,0.002,0.000,28,2,1,0
0.055,0.191,0.491,0.85,0.046,0,0.0152,0.0148,0.286,0.06,0.218,0.142,0.119,0.015,0.000,0.000,33,9,0,0,0.196,0.129,0.058,0.003,0.002,0.000,28,2,1,0
0.069,0.231,0.614,-0.48,0.134,0,0.0213,0.0175,0.296,0.007,0.218,0.142,0.119,0.015,0.000,0.000,33,9,0,0,0.196,0.129,0.058,0.003,0.002,0.000,28,2,1,0
0.058,0.225,0.527,1.37,0.298,0,0.0338,0.0253,0.138,-0.510,0.218,0.142,0.119,0.015,0.000,0.000,33,9,0,0,0.196,0.129,0.058,0.003,0.002,0.000,28,2,1,0
0.046,0.132,0.559,1.69,0.290,0,0.0519,0.0379,0.072,-0.697,0.218,0.142,0.119,0.015,0.000,0.000,33,9,0,0,0.196,0.129,0.058,0.003,0.002,0.000,28,2,1,0
0.044,0.115,0.172,0.85,0.046,0,0.0673,0.0483,0.121,0.06,0.218,0.142,0.119,0.015,0.000,0.000,33,9,0,0,0.196,0.129,0.058,0.003,0.002,0.000,28,2,1,0
0.068,0.166,0.638,-1.19,0.219,1,0.0759,0.0524,0.282,0.586,0.218,0.142,0.119,0.015,0.000,0.000,33,9,0,0,0.196,0.129,0.058,0.003,0.002,0.000,28,2,1,0
0.080,0.170,0.305,1.69,0.290,0,0.0784,0.0526,0.067,-0.697,0.218,0.142,0.119,0.015,0.000,0.000,33,9,0,0,0.196,0.129,0.058,0.003,0.002,0.000,28,2,1,0
0.057,0.197,0.249,1.76,0.409,0,0.0772,0.0512,0.077,-0.884,0.218,0.142,0.119,0.015,0.000,0.000,33,9,0,0,0.196,0.129,0.058,0.003,0.002,0.000,28,2,1,0
0.060,0.220,0.517,0.22,0.230,0,0.0721,0.0480,0.185,0.303,0.218,0.142,0.119,0.015,0.000,0.000,33,9,0,0,0.196,0.129,0.058,0.003,0.002,0.000,28,2,1,0
0.049,0.211,0.305,-1.1,0.105,-1,0.0623,0.0421,0.291,0.192,0.218,0.142,0.119,0.015,0.000,0.000,33,9,0,0,0.196,0.129,0.058,0.003,0.002,0.000,28,2,1,0
0.053,0.194,0.379,0.22,0.230,0,0.0477,0.0327,0.211,0.303,0.218,0.142,0.119,0.015,0.000,0.000,33,9,0,0,0.196,0.129,0.058,0.003,0.002,0.000,28,2,1,0
0.047,0.178,0.343,-0.52,0.062,0,0.0315,0.0218,0.272,0.341,0.218,0.142,0.119,0.015,0.000,0.000,33,9,0,0,0.196,0.129,0.058,0.003,0.002,0.000,28,2,1,0
0.053,0.213,0.538,1.37,0.298,0,0.0188,0.0138,0.239,-0.510,0.218,0.142,0.119,0.015,0.000,0.000,33,9,0,0,0.196,0.129,0.058,0.003,0.002,0.000,28,2,1,0
0.058,0.176,0.363,-0.79,0.151,-1,0.0151,0.0120,0.438,0.736,0.218,0.142,0.119,0.015,0.000,0.000,33,9,0,0,0.196,0.129,0.058,0.003,0.002,0.000,28,2,1,0
0.071,0.207,0.461,-0.48,0.134,0,0.0210,0.0164,0.302,0.007,0.218,0.142,0.119,0.015,0.000,0.000,33,9,0,0,0.196,0.129,0.058,0.003,0.002,0.000,28,2,1,0
0.057,0.262,0.686,-1.19,0.219,1,0.0298,0.0233,0.375,0.586,0.218,0.142,0.119,0.015,0.000,0.000,33,9,0,0,0.196,0.129,0.058,0.003,0.002,0.000,28,2,1,0
0.044,0.277,0.567,-0.52,0.062,0,0.0334,0.0261,0.262,0.341,0.218,0.142,0.119,0.015,0.000,0.000,33,9,0,0,0.196,0.129,0.058,0.003,0.002,0.000,28,2,1,0
0.044,0.278,0.594,1.37,0.298,0,0.0384,0.0302,0.160,-0.510,0.218,0.142,0.119,0.015,0.000,0.000,33,9,0,0,0.196,0.129,0.058,0.003,0.002,0.000,28,2,1,0
0.068,0.237,0.410,0,0.000,0,0.0392,0.0311,0.176,0.166,0.218,0.142,0.119,0.015,0.000,0.000,33,9,0,0,0.196,0.129,0.058,0.003,0.002,0.000,28,2,1,0
0.067,0.219,0.546,1.69,0.290,0,0.0379,0.0302,0.091,-0.697,0.218,0.142,0.119,0.015,0.000,0.000,33,9,0,0,0.196,0.129,0.058,0.003,0.002,0.000,28,2,1,0
0.066,0.134,0.117,2.1,0.128,0,0.0359,0.0283,0.084,0.02,0.218,0.142,0.119,0.015,0.000,0.000,33,9,0,0,0.196,0.129,0.058,0.003,0.002,0.000,28,2,1,0
0.061,0.247,0.443,1.37,0.298,0,0.0343,0.0269,0.115,-0.510,0.218,0.142,0.119,0.015,0.000,0.000,33,9,0,0,0.196,0.129,0.058,0.003,0.002,0.000,28,2,1,0
0.062,0.194,0.310,-1.1,0.105,-1,0.0332,0.0257,0.235,0.192,0.218,0.142,0.119,0.015,0.000,0.000,33,9,0,0,0.196,0.129,0.058,0.003,0.002,0.000,28,2,1,0
0.070,0.188,0.298,-1.1,0.105,-1,0.0327,0.0243,0.157,0.192,0.218,0.142,0.119,0.015,0.000,0.000,33,9,0,0,0.196,0.129,0.058,0.003,0.002,0.000,28,2,1,0
0.087,0.170,0.011,2.53,0.140,0,0.0267,0.0196,0.153,-0.121,0.218,0.142,0.119,0.015,0.000,0.000,33,9,0,0,0.196,0.129,0.058,0.003,0.002,0.000,28,2,1,0
0.100,0.220,0.364,1.69,0.290,0,0.0233,0.0170,0.126,-0.697,0.218,0.142,0.119,0.015,0.000,0.000,33,9,0,0,0.196,0.129,0.058,0.003,0.002,0.000,28,2,1,0
0.076,0.187,0.082,-1.1,0.105,-1,0.0224,0.0161,0.197,0.192,0.218,0.142,0.119,0.015,0.000,0.000,33,9,0,0,0.196,0.129,0.058,0.003,0.002,0.000,28,2,1,0
0.090,0.182,0.408,1.69,0.290,0,0.0264,0.0196,0.096,-0.697,0.218,0.142,0.119,0.015,0.000,0.000,33,9,0,0,0.196,0.129,0.058,0.003,0.002,0.000,28,2,1,0
0.090,0.199,0.355,-0.52,0.062,0,0.0286,0.0213,0.248,0.341,0.218,0.142,0.119,0.015,0.000,0.000,33,9,0,0,0.196,0.129,0.058,0.003,0.002,0.000,28,2,1,0
0.089,0.197,0.253,-0.52,0.062,0,0.0327,0.0241,0.218,0.341,0.218,0.142,0.119,0.015,0.000,0.000,33,9,0,0,0.196,0.129,0.058,0.003,0.002,0.000,28,2,1,0
0.106,0.194,0.401,-0.08,0.108,0,0.0330,0.0218,0.211,0.059,0.218,0.142,0.119,0.015,0.000,0.000,33,9,0,0,0.196,0.129,0.058,0.003,0.002,0.000,28,2,1,0
0.100,0.232,0.002,1.99,0.186,0,0.0341,0.0178,0.104,-0.326,0.218,0.142,0.119,0.015,0.000,0.000,33,9,0,0,0.196,0.129,0.058,0.003,0.002,0.000,28,2,1,0
0.095,0.194,0.609,0.22,0.230,0,0.0363,0.0146,0.235,0.303,0.218,0.142,0.119,0.015,0.000,0.000,33,9,0,0,0.196,0.129,0.058,0.003,0.002,0.000,28,2,1,0
0.099,0.143,0.359,2.53,0.140,0,0.0398,0.0169,0.204,-0.121,0.218,0.142,0.119,0.015,0.000,0.000,33,9,0,0,0.196,0.129,0.058,0.003,0.002,0.000,28,2,1,0
0.105,0.167,0.370,0.85,0.046,0,0.0421,0.0183,0.304,0.06,0.218,0.142,0.119,0.015,0.000,0.000,33,9,0,0,0.196,0.129,0.058,0.003,0.002,0.000,28,2,1,0
0.072,0.193,0.568,-1.1,0.105,-1,0.0451,0.0254,0.248,0.192,0.218,0.142,0.119,0.015,0.000,0.000,33,9,0,0,0.196,0.129,0.058,0.003,0.002,0.000,28,2,1,0
0.085,0.175,0.237,-1.14,0.131,0,0.0462,0.0390,0.242,0.987,0.218,0.142,0.119,0.015,0.000,0.000,33,9,0,0,0.196,0.129,0.058,0.003,0.002,0.000,28,2,1,0
0.086,0.144,0.607,-1.19,0.219,1,0.0469,0.0630,0.381,0.586,0.218,0.142,0.119,0.015,0.000,0.000,33,9,0,0,0.196,0.129,0.058,0.003,0.002,0.000,28,2,1,0
0.104,0.161,0.628,1.37,0.298,0,0.0467,0.0995,0.123,-0.510,0.218,0.142,0.119,0.015,0.000,0.000,33,9,0,0,0.196,0.129,0.058,0.003,0.002,0.000,28,2,1,0
0.095,0.137,0.047,0.85,0.046,0,0.0457,0.1497,0.127,0.06,0.218,0.142,0.119,0.015,0.000,0.000,33,9,0,0,0.196,0.129,0.058,0.003,0.002,0.000,28,2,1,0
0.085,0.180,0.536,3.14,0.186,0,0.0441,0.2140,0.111,-0.486,0.218,0.142,0.119,0.015,0.000,0.000,33,9,0,0,0.196,0.129,0.058,0.003,0.002,0.000,28,2,1,0
0.087,0.156,0.033,3.14,0.186,0,0.0421,0.2913,0.089,-0.486,0.218,0.142,0.119,0.015,0.000,0.000,33,9,0,0,0.196,0.129,0.058,0.003,0.002,0.000,28,2,1,0
0.084,0.179,0.503,-0.48,0.134,0,0.0401,0.3790,0.177,0.007,0.218,0.142,0.119,0.015,0.000,0.000,33,9,0,0,0.196,0.129,0.058,0.003,0.002,0.000,28,2,1,0
0.071,0.171,0.317,2.53,0.140,0,0.0388,0.4723,0.125,-0.121,0.218,0.142,0.119,0.015,0.000,0.000,33,9,0,0,0.196,0.129,0.058,0.003,0.002,0.000,28,2,1,0
0.065,0.240,0.500,0,0.000,0,0.0389,0.5644,0.279,0.166,0.218,0.142,0.119,0.015,0.000,0.000,33,9,0,0,0.196,0.129,0.058,0.003,0.002,0.000,28,2,1,0
0.059,0.245,0.467,1.76,0.409,0,0.0415,0.6458,0.399,-0.884,0.218,0.142,0.119,0.015,0.000,0.000,33,9,0,0,0.196,0.129,0.058,0.003,0.002,0.000,28,2,1,0
