0.288,0.099,0.713,1.42,0.221,0,0.5333,0.9206,0.721,-0.397,0.262,0.136,0.201,0.061,0.000,0.000,19,6,0,0,0.271,0.194,0.252,0.122,0.051,0.044,32,11,9,8
0.256,0.099,0.642,0.85,0.046,0,0.5144,0.8902,0.453,0.06,0.262,0.136,0.201,0.061,0.000,0.000,19,6,0,0,0.271,0.194,0.252,0.122,0.051,0.044,32,11,9,8
0.240,0.162,0.531,0.22,0.230,0,0.4867,0.8397,0.399,0.303,0.262,0.136,0.201,0.061,0.000,0.000,19,6,0,0,0.271,0.194,0.252,0.122,0.051,0.044,32,11,9,8
0.219,0.150,0.510,0,0.000,0,0.4585,0.7779,0.354,0.166,0.262,0.136,0.201,0.061,0.000,0.000,19,6,0,0,0.271,0.194,0.252,0.122,0.051,0.044,32,11,9,8
0.216,0.143,0.419,3.14,0.186,0,0.4356,0.7119,0.219,-0.486,0.262,0.136,0.201,0.061,0.000,0.000,19,6,0,0,0.271,0.194,0.252,0.122,0.051,0.044,32,11,9,8
0.203,0.122,0.474,-1.14,0.131,0,0.4214,0.6476,0.360,0.987,0.262,0.136,0.201,0.061,0.000,0.000,19,6,0,0,0.271,0.194,0.252,0.122,0.051,0.044,32,11,9,8
0.159,0.142,0.613,-0.52,0.062,0,0.4178,0.5895,0.455,0.341,0.262,0.136,0.201,0.061,0.000,0.000,19,6,0,0,0.271,0.194,0.252,0.122,0.051,0.044,32,11,9,8
0.140,0.159,0.529,-0.42,0.180,0,0.4248,0.5410,0.538,0.318,0.262,0.136,0.201,0.061,0.000,0.000,19,6,0,0,0.271,0.194,0.252,0.122,0.051,0.044,32,11,9,8
0.149,0.182,0.314,0,0.000,0,0.4411,0.5040,0.315,0.166,0.262,0.136,0.201,0.061,0.000,0.000,19,6,0,0,0.271,0.194,0.252,0.122,0.051,0.044,32,11,9,8
0.158,0.173,0.581,-1.19,0.219,1,0.4643,0.4793,0.421,0.586,0.262,0.136,0.201,0.061,0.000,0.000,19,6,0,0,0.271,0.194,0.252,0.122,0.051,0.044,32,11,9,8
0.135,0.116,0.178,2.53,0.140,0,0.4970,0.4708,0.082,-0.121,0.262,0.136,0.201,0.061,0.000,0.000,19,6,0,0,0.271,0.194,0.252,0.122,0.051,0.044,32,11,9,8
0.124,0.170,0.334,-0.08,0.108,0,0.5163,0.4667,0.274,0.059,0.262,0.136,0.201,0.061,0.000,0.000,19,6,0,0,0.271,0.194,0.252,0.122,0.051,0.044,32,11,9,8
0.117,0.142,0.088,3.14,0.186,0,0.5430,0.4757,0.052,-0.486,0.262,0.136,0.201,0.061,0.000,0.000,19,6,0,0,0.271,0.194,0.252,0.122,0.051,0.044,32,11,9,8
0.106,0.139,0.290,-0.08,0.108,0,0.5499,0.4798,0.163,0.059,0.262,0.136,0.201,0.061,0.000,0.000,19,6,0,0,0.271,0.194,0.252,0.122,0.051,0.044,32,11,9,8
0.104,0.085,0.124,2.53,0.140,0,0.5503,0.4830,0.073,-0.121,0.262,0.136,0.201,0.061,0.000,0.000,19,6,0,0,0.271,0.194,0.252,0.122,0.051,0.044,32,11,9,8
0.088,0.071,0.104,-1.1,0.105,-1,0.5282,0.4733,0.273,0.192,0.262,0.136,0.201,0.061,0.000,0.000,19,6,0,0,0.271,0.194,0.252,0.122,0.051,0.044,32,11,9,8
0.087,0.085,0.102,-0.79,0.151,-1,0.4814,0.4481,0.274,0.736,0.262,0.136,0.201,0.061,0.000,0.000,19,6,0,0,0.271,0.194,0.252,0.122,0.051,0.044,32,11,9,8
0.089,0.167,0.169,1.37,0.298,0,0.4402,0.4256,0.195,-0.510,0.262,0.136,0.201,0.061,0.000,0.000,19,6,0,0,0.271,0.194,0.252,0.122,0.051,0.044,32,11,9,8
0.082,0.163,0.160,-0.52,0.062,0,0.4057,0.4058,0.288,0.341,0.262,0.136,0.201,0.061,0.000,0.000,19,6,0,0,0.271,0.194,0.252,0.122,0.051,0.044,32,11,9,8
0.067,0.189,0.248,-0.52,0.062,0,0.3892,0.3978,0.408,0.341,0.262,0.136,0.201,0.061,0.000,0.000,19,6,0,0,0.271,0.194,0.252,0.122,0.051,0.044,32,11,9,8
0.052,0.185,0.275,-0.48,0.134,0,0.3784,0.3984,0.350,0.007,0.262,0.136,0.201,0.061,0.000,0.000,19,6,0,0,0.271,0.194,0.252,0.122,0.051,0.044,32,11,9,8
0.044,0.173,0.127,-1.14,0.131,0,0.3729,0.4038,0.321,0.987,0.262,0.136,0.201,0.061,0.000,0.000,19,6,0,0,0.271,0.194,0.252,0.122,0.051,0.044,32,11,9,8
0.044,0.164,0.342,-0.08,0.108,0,0.3835,0.4215,0.342,0.059,0.262,0.136,0.201,0.061,0.000,0.000,19,6,0,0,0.271,0.194,0.252,0.122,0.051,0.044,32,11,9,8
0.048,0.185,0.351,-0.42,0.180,0,0.3998,0.4442,0.301,0.318,0.262,0.136,0.201,0.061,0.000,0.000,19,6,0,0,0.271,0.194,0.252,0.122,0.051,0.044,32,11,9,8
0.053,0.124,0.004,0.85,0.046,0,0.4255,0.4736,0.169,0.06,0.262,0.136,0.201,0.061,0.000,0.000,19,6,0,0,0.271,0.194,0.252,0.122,0.051,0.044,32,11,9,8
0.043,0.154,0.279,1.69,0.290,0,0.4583,0.5051,0.105,-0.697,0.262,0.136,0.201,0.061,0.000,0.000,19,6,0,0,0.271,0.194,0.252,0.122,0.051,0.044,32,11,9,8
0.043,0.183,0.345,-0.08,0.108,0,0.4897,0.5359,0.235,0.059,0.262,0.136,0.201,0.061,0.000,0.000,19,6,0,0,0.271,0.194,0.252,0.122,0.051,0.044,32,11,9,8
0.051,0.230,0.456,0.22,0.230,0,0.4999,0.5484,0.201,0.303,0.262,0.136,0.201,0.061,0.000,0.000,19,6,0,0,0.271,0.194,0.252,0.122,0.051,0.044,32,11,9,8
0.055,0.263,0.368,1.37,0.298,0,0.4990,0.5497,0.150,-0.510,0.262,0.136,0.201,0.061,0.000,0.000,19,6,0,0,0.271,0.194,0.252,0.122,0.051,0.044,32,11,9,8
0.057,0.213,0.435,-0.48,0.134,0,0.4754,0.5312,0.230,0.007,0.262,0.136,0.201,0.061,0.000,0.000,19,6,0,0,0.271,0.194,0.252,0.122,0.051,0.044,32,11,9,8
0.054,0.194,0.446,3.14,0.186,0,0.4638,0.5224,0.125,-0.486,0.262,0.136,0.201,0.061,0.000,0.000,19,6,0,0,0.271,0.194,0.252,0.122,0.051,0.044,32,11,9,8
0.069,0.290,0.492,-0.48,0.134,0,0.4408,0.5054,0.354,0.007,0.262,0.136,0.201,0.061,0.000,0.000,19,6,0,0,0.271,0.194,0.252,0.122,0.051,0.044,32,11,9,8
0.076,0.253,0.466,-0.42,0.180,0,0.4241,0.4917,0.331,0.318,0.262,0.136,0.201,0.061,0.000,0.000,19,6,0,0,0.271,0.194,0.252,0.122,0.051,0.044,32,11,9,8
0.080,0.253,0.409,-0.52,0.062,0,0.3927,0.4708,0.350,0.341,0.262,0.136,0.201,0.061,0.000,0.000,19,6,0,0,0.271,0.194,0.252,0.122,0.051,0.044,32,11,9,8
0.079,0.363,0.547,0.2,0.291,1,0.3621,0.4501,0.406,0.180,0.262,0.136,0.201,0.061,0.000,0.000,19,6,0,0,0.271,0.194,0.252,0.122,0.051,0.044,32,11,9,8
0.075,0.213,0.319,1.69,0.290,0,0.3441,0.4382,0.201,-0.697,0.262,0.136,0.201,0.061,0.000,0.000,19,6,0,0,0.271,0.194,0.252,0.122,0.051,0.044,32,11,9,8
0.089,0.259,0.362,-0.42,0.180,0,0.3472,0.4414,0.394,0.318,0.262,0.136,0.201,0.061,0.000,0.000,19,6,0,0,0.271,0.194,0.252,0.122,0.051,0.044,32,11,9,8
0.090,0.208,0.224,-1.14,0.131,0,0.3807,0.4646,0.266,0.987,0.262,0.136,0.201,0.061,0.000,0.000,19,6,0,0,0.271,0.194,0.252,0.122,0.051,0.044,32,11,9,8
0.074,0.200,0.146,-1.14,0.131,0,0.4056,0.4822,0.327,0.987,0.262,0.136,0.201,0.061,0.000,0.000,19,6,0,0,0.271,0.194,0.252,0.122,0.051,0.044,32,11,9,8
0.080,0.285,0.359,0.22,0.230,0,0.4266,0.4978,0.261,0.303,0.262,0.136,0.201,0.061,0.000,0.000,19,6,0,0,0.271,0.194,0.252,0.122,0.051,0.044,32,11,9,8
0.090,0.224,0.074,2.53,0.140,0,0.4452,0.5118,0.129,-0.121,0.262,0.136,0.201,0.061,0.000,0.000,19,6,0,0,0.271,0.194,0.252,0.122,0.051,0.044,32,11,9,8
0.088,0.233,0.146,0.22,0.230,0,0.4686,0.5251,0.206,0.303,0.262,0.136,0.201,0.061,0.000,0.000,19,6,0,0,0.271,0.194,0.252,0.122,0.051,0.044,32,11,9,8
0.130,0.172,0.055,1.42,0.221,0,0.4974,0.5405,0.165,-0.397,0.262,0.136,0.201,0.061,0.000,0.000,19,6,0,0,0.271,0.194,0.252,0.122,0.051,0.044,32,11,9,8
0.128,0.236,0.004,2.53,0.140,0,0.5243,0.5549,0.166,-0.121,0.262,0.136,0.201,0.061,0.000,0.000,19,6,0,0,0.271,0.194,0.252,0.122,0.051,0.044,32,11,9,8
0.123,0.231,0.052,-1.1,0.105,-1,0.5539,0.5732,0.195,0.192,0.262,0.136,0.201,0.061,0.000,0.000,19,6,0,0,0.271,0.194,0.252,0.122,0.051,0.044,32,11,9,8
0.120,0.205,0.053,-1.14,0.131,0,0.5699,0.5816,0.244,0.987,0.262,0.136,0.201,0.061,0.000,0.000,19,6,0,0,0.271,0.194,0.252,0.122,0.051,0.044,32,11,9,8
0.156,0.252,0.209,3.14,0.186,0,0.5592,0.5710,0.166,-0.486,0.262,0.136,0.201,0.061,0.000,0.000,19,6,0,0,0.271,0.194,0.252,0.122,0.051,0.044,32,11,9,8
0.153,0.220,0.249,-1.14,0.131,0,0.5239,0.5403,0.330,0.987,0.262,0.136,0.201,0.061,0.000,0.000,19,6,0,0,0.271,0.194,0.252,0.122,0.051,0.044,32,11,9,8
0.166,0.297,0.457,1.37,0.298,0,0.4947,0.5162,0.250,-0.510,0.262,0.136,0.201,0.061,0.000,0.000,19,6,0,0,0.271,0.194,0.252,0.122,0.051,0.044,32,11,9,8
0.144,0.209,0.287,-1.1,0.105,-1,0.4504,0.4818,0.457,0.192,0.262,0.136,0.201,0.061,0.000,0.000,19,6,0,0,0.271,0.194,0.252,0.122,0.051,0.044,32,11,9,8
0.134,0.236,0.229,-0.08,0.108,0,0.4180,0.4568,0.301,0.059,0.262,0.136,0.201,0.061,0.000,0.000,19,6,0,0,0.271,0.194,0.252,0.122,0.051,0.044,32,11,9,8
0.138,0.234,0.129,-1.14,0.131,0,0.3757,0.4280,0.436,0.987,0.262,0.136,0.201,0.061,0.000,0.000,19,6,0,0,0.271,0.194,0.252,0.122,0.051,0.044,32,11,9,8
0.126,0.256,0.430,-1.19,0.219,1,0.3424,0.4046,0.450,0.586,0.262,0.136,0.201,0.061,0.000,0.000,19,6,0,0,0.271,0.194,0.252,0.122,0.051,0.044,32,11,9,8
0.127,0.193,0.300,-1.14,0.131,0,0.3171,0.3855,0.418,0.987,0.262,0.136,0.201,0.061,0.000,0.000,19,6,0,0,0.271,0.194,0.252,0.122,0.051,0.044,32,11,9,8
0.122,0.227,0.096,0.85,0.046,0,0.3257,0.3884,0.523,0.06,0.262,0.136,0.201,0.061,0.000,0.000,19,6,0,0,0.271,0.194,0.252,0.122,0.051,0.044,32,11,9,8
0.121,0.227,0.345,0,0.000,0,0.3593,0.4066,0.382,0.166,0.262,0.136,0.201,0.061,0.000,0.000,19,6,0,0,0.271,0.194,0.252,0.122,0.051,0.044,32,11,9,8
0.135,0.352,0.533,0.22,0.230,0,0.4017,0.4327,0.268,0.303,0.262,0.136,0.201,0.061,0.000,0.000,19,6,0,0,0.271,0.194,0.252,0.122,0.051,0.044,32,11,9,8
0.146,0.249,0.080,-0.08,0.108,0,0.4332,0.4503,0.168,0.059,0.262,0.136,0.201,0.061,0.000,0.000,19,6,0,0,0.271,0.194,0.252,0.122,0.051,0.044,32,11,9,8
0.158,0.372,0.440,0.2,0.291,1,0.4536,0.4630,0.187,0.180,0.262,0.136,0.201,0.061,0.000,0.000,19,6,0,0,0.271,0.194,0.252,0.122,0.051,0.044,32,11,9,8
0.168,0.248,0.050,1.69,0.290,0,0.4683,0.4706,0.056,-0.697,0.262,0.136,0.201,0.061,0.000,0.000,19,6,0,0,0.271,0.194,0.252,0.122,0.051,0.044,32,11,9,8
0.168,0.200,0.005,2.53,0.140,0,0.4665,0.4668,0.056,-0.121,0.262,0.136,0.201,0.061,0.000,0.000,19,6,0,0,0.271,0.194,0.252,0.122,0.051,0.044,32,11,9,8
0.179,0.228,0.121,2.1,0.128,0,0.4565,0.4591,0.031,0.02,0.262,0.136,0.201,0.061,0.000,0.000,19,6,0,0,0.271,0.194,0.252,0.122,0.051,0.044,32,11,9,8
0.182,0.245,0.008,3.14,0.186,0,0.4423,0.4519,0.038,-0.486,0.262,0.136,0.201,0.061,0.000,0.000,19,6,0,0,0.271,0.194,0.252,0.122,0.051,0.044,32,11,9,8
0.144,0.384,0.199,-0.52,0.062,0,0.4258,0.4442,0.085,0.341,0.262,0.136,0.201,0.061,0.000,0.000,19,6,0,0,0.271,0.194,0.252,0.122,0.051,0.044,32,11,9,8
0.157,0.367,0.419,-1.1,0.105,-1,0.3961,0.4251,0.162,0.192,0.262,0.136,0.201,0.061,0.000,0.000,19,6,0,0,0.271,0.194,0.252,0.122,0.051,0.044,32,11,9,8
0.149,0.416,0.439,-0.08,0.108,0,0.3550,0.3948,0.254,0.059,0.262,0.136,0.201,0.061,0.000,0.000,19,6,0,0,0.271,0.194,0.252,0.122,0.051,0.044,32,11,9,8
0.131,0.487,0.626,0.22,0.230,0,0.3207,0.3680,0.286,0.303,0.262,0.136,0.201,0.061,0.000,0.000,19,6,0,0,0.271,0.194,0.252,0.122,0.051,0.044,32,11,9,8
0.125,0.414,0.436,-0.52,0.062,0,0.2865,0.3385,0.237,0.341,0.262,0.136,0.201,0.061,0.000,0.000,19,6,0,0,0.271,0.194,0.252,0.122,0.051,0.044,32,11,9,8
0.126,0.502,0.490,0.2,0.291,1,0.2827,0.3292,0.331,0.180,0.262,0.136,0.201,0.061,0.000,0.000,19,6,0,0,0.271,0.194,0.252,0.122,0.051,0.044,32,11,9,8
0.118,0.353,0.416,-0.08,0.108,0,0.2904,0.3268,0.369,0.059,0.262,0.136,0.201,0.061,0.000,0.000,19,6,0,0,0.271,0.194,0.252,0.122,0.051,0.044,32,11,9,8
0.142,0.258,0.078,-1.1,0.105,-1,0.3003,0.3241,0.401,0.192,0.262,0.136,0.201,0.061,0.000,0.000,19,6,0,0,0.271,0.194,0.252,0.122,0.051,0.044,32,11,9,8
0.142,0.206,0.063,0,0.000,0,0.3136,0.3258,0.255,0.166,0.262,0.136,0.201,0.061,0.000,0.000,19,6,0,0,0.271,0.194,0.252,0.122,0.051,0.044,32,11,9,8
0.147,0.154,0.057,3.14,0.186,0,0.3326,0.3317,0.166,-0.486,0.262,0.136,0.201,0.061,0.000,0.000,19,6,0,0,0.271,0.194,0.252,0.122,0.051,0.044,32,11,9,8
0.144,0.208,0.224,-0.42,0.180,0,0.3521,0.3419,0.381,0.318,0.262,0.136,0.201,0.061,0.000,0.000,19,6,0,0,0.271,0.194,0.252,0.122,0.051,0.044,32,11,9,8
0.140,0.256,0.103,1.42,0.221,0,0.3739,0.3561,0.106,-0.397,0.262,0.136,0.201,0.061,0.000,0.000,19,6,0,0,0.271,0.194,0.252,0.122,0.051,0.044,32,11,9,8
0.140,0.264,0.143,-1.14,0.131,0,0.3701,0.3496,0.208,0.987,0.262,0.136,0.201,0.061,0.000,0.000,19,6,0,0,0.271,0.194,0.252,0.122,0.051,0.044,32,11,9,8
0.121,0.311,0.257,1.37,0.298,0,0.3545,0.3351,0.232,-0.510,0.262,0.136,0.201,0.061,0.000,0.000,19,6,0,0,0.271,0.194,0.252,0.122,0.051,0.044,32,11,9,8
0.108,0.211,0.012,0,0.000,0,0.3258,0.3112,0.159,0.166,0.262,0.136,0.201,0.061,0.000,0.000,19,6,0,0,0.271,0.194,0.252,0.122,0.051,0.044,32,11,9,8
0.083,0.257,0.101,-1.1,0.105,-1,0.2912,0.2824,0.208,0.192,0.262,0.136,0.201,0.061,0.000,0.000,19,6,0,0,0.271,0.194,0.252,0.122,0.051,0.044,32,11,9,8
0.079,0.207,0.001,3.14,0.186,0,0.2521,0.2488,0.078,-0.486,0.262,0.136,0.201,0.061,0.000,0.000,19,6,0,0,0.271,0.194,0.252,0.122,0.051,0.044,32,11,9,8
0.085,0.238,0.004,1.99,0.186,0,0.2233,0.2217,0.091,-0.326,0.262,0.136,0.201,0.061,0.000,0.000,19,6,0,0,0.271,0.194,0.252,0.122,0.051,0.044,32,11,9,8
0.088,0.304,0.003,1.99,0.186,0,0.2178,0.2106,0.070,-0.326,0.262,0.136,0.201,0.061,0.000,0.000,19,6,0,0,0.271,0.194,0.252,0.122,0.051,0.044,32,11,9,8
0.083,0.372,0.289,0.22,0.230,0,0.2166,0.2014,0.163,0.303,0.262,0.136,0.201,0.061,0.000,0.000,19,6,0,0,0.271,0.194,0.252,0.122,0.051,0.044,32,11,9,8
0.089,0.401,0.311,-0.08,0.108,0,0.2174,0.1923,0.189,0.059,0.262,0.136,0.201,0.061,0.000,0.000,19,6,0,0,0.271,0.194,0.252,0.122,0.051,0.044,32,11,9,8
0.075,0.858,0.309,0,0.000,0,0.2208,0.1874,0.223,0.166,0.262,0.136,0.201,0.061,0.000,0.000,19,6,0,0,0.271,0.194,0.252,0.122,0.051,0.044,32,11,9,8
0.072,0.400,0.520,-1.1,0.105,-1,0.2192,0.1794,0.290,0.192,0.262,0.136,0.201,0.061,0.000,0.000,19,6,0,0,0.271,0.194,0.252,0.122,0.051,0.044,32,11,9,8
0.094,0.370,0.142,1.69,0.290,0,0.2214,0.1747,0.130,-0.697,0.262,0.136,0.201,0.061,0.000,0.000,19,6,0,0,0.271,0.194,0.252,0.122,0.051,0.044,32,11,9,8
0.131,0.351,0.282,-0.08,0.108,0,0.2295,0.1755,0.318,0.059,0.262,0.136,0.201,0.061,0.000,0.000,19,6,0,0,0.271,0.194,0.252,0.122,0.051,0.044,32,11,9,8
0.106,0.324,0.488,-0.79,0.151,-1,0.2309,0.1698,0.399,0.736,0.262,0.136,0.201,0.061,0.000,0.000,19,6,0,0,0.271,0.194,0.252,0.122,0.051,0.044,32,11,9,8
0.093,0.249,0.201,1.99,0.186,0,0.2314,0.1668,0.230,-0.326,0.262,0.136,0.201,0.061,0.000,0.000,19,6,0,0,0.271,0.194,0.252,0.122,0.051,0.044,32,11,9,8
0.091,0.840,0.203,0,0.000,0,0.2186,0.1539,0.323,0.166,0.262,0.136,0.201,0.061,0.000,0.000,19,6,0,0,0.271,0.194,0.252,0.122,0.051,0.044,32,11,9,8
0.063,0.322,0.191,1.99,0.186,0,0.2216,0.1546,0.179,-0.326,0.262,0.136,0.201,0.061,0.000,0.000,19,6,0,0,0.271,0.194,0.252,0.122,0.051,0.044,32,11,9,8
0.063,0.301,0.204,-1.14,0.131,0,0.2235,0.1547,0.306,0.987,0.262,0.136,0.201,0.061,0.000,0.000,19,6,0,0,0.271,0.194,0.252,0.122,0.051,0.044,32,11,9,8
0.059,0.282,0.228,-0.52,0.062,0,0.2243,0.1533,0.437,0.341,0.262,0.136,0.201,0.061,0.000,0.000,19,6,0,0,0.271,0.194,0.252,0.122,0.051,0.044,32,11,9,8
0.052,0.273,0.159,-0.79,0.151,-1,0.2180,0.1452,0.345,0.736,0.262,0.136,0.201,0.061,0.000,0.000,19,6,0,0,0.271,0.194,0.252,0.122,0.051,0.044,32,11,9,8
0.051,0.172,0.002,2.53,0.140,0,0.2121,0.1375,0.137,-0.121,0.262,0.136,0.201,0.061,0.000,0.000,19,6,0,0,0.271,0.194,0.252,0.122,0.051,0.044,32,11,9,8
0.051,0.227,0.391,-1.19,0.219,1,0.2089,0.1326,0.434,0.586,0.262,0.136,0.201,0.061,0.000,0.000,19,6,0,0,0.271,0.194,0.252,0.122,0.051,0.044,32,11,9,8
0.055,0.257,0.408,-1.19,0.219,1,0.1925,0.1186,0.389,0.586,0.262,0.136,0.201,0.061,0.000,0.000,19,6,0,0,0.271,0.194,0.252,0.122,0.051,0.044,32,11,9,8
0.047,0.265,0.009,1.69,0.290,0,0.1774,0.1069,0.100,-0.697,0.262,0.136,0.201,0.061,0.000,0.000,19,6,0,0,0.271,0.194,0.252,0.122,0.051,0.044,32,11,9,8
0.052,0.297,0.151,-0.48,0.134,0,0.1655,0.0978,0.258,0.007,0.262,0.136,0.201,0.061,0.000,0.000,19,6,0,0,0.271,0.194,0.252,0.122,0.051,0.044,32,11,9,8
0.065,0.269,0.436,-1.1,0.105,-1,0.1451,0.0835,0.398,0.192,0.262,0.136,0.201,0.061,0.000,0.000,19,6,0,0,0.271,0.194,0.252,0.122,0.051,0.044,32,11,9,8
0.062,0.343,0.134,1.76,0.409,0,0.1246,0.0701,0.194,-0.884,0.262,0.136,0.201,0.061,0.000,0.000,19,6,0,0,0.271,0.194,0.252,0.122,0.051,0.044,32,11,9,8
0.063,0.265,0.006,1.99,0.186,0,0.1043,0.0590,0.167,-0.326,0.262,0.136,0.201,0.061,0.000,0.000,19,6,0,0,0.271,0.194,0.252,0.122,0.051,0.044,32,11,9,8
0.064,0.275,0.081,0,0.000,0,0.0941,0.0506,0.322,0.166,0.262,0.136,0.201,0.061,0.000,0.000,19,6,0,0,0.271,0.194,0.252,0.122,0.051,0.044,32,11,9,8
0.061,0.282,0.146,-0.48,0.134,0,0.0829,0.0406,0.497,0.007,0.262,0.136,0.201,0.061,0.000,0.000,19,6,0,0,0.271,0.194,0.252,0.122,0.051,0.044,32,11,9,8
0.077,0.262,0.066,1.99,0.186,0,0.0780,0.0356,0.161,-0.326,0.262,0.136,0.201,0.061,0.000,0.000,19,6,0,0,0.271,0.194,0.252,0.122,0.051,0.044,32,11,9,8
0.065,0.271,0.297,-1.14,0.131,0,0.0726,0.0310,0.344,0.987,0.262,0.136,0.201,0.061,0.000,0.000,19,6,0,0,0.271,0.194,0.252,0.122,0.051,0.044,32,11,9,8
0.056,0.369,0.396,1.37,0.298,0,0.0789,0.0327,0.257,-0.510,0.262,0.136,0.201,0.061,0.000,0.000,19,6,0,0,0.271,0.194,0.252,0.122,0.051,0.044,32,11,9,8
0.035,0.249,0.345,-0.79,0.151,-1,0.0837,0.0324,0.332,0.736,0.262,0.136,0.201,0.061,0.000,0.000,19,6,0,0,0.271,0.194,0.252,0.122,0.051,0.044,32,11,9,8
0.043,0.365,0.407,1.37,0.298,0,0.1043,0.0421,0.102,-0.510,0.262,0.136,0.201,0.061,0.000,0.000,19,6,0,0,0.271,0.194,0.252,0.122,0.051,0.044,32,11,9,8
0.049,0.389,0.438,-1.19,0.219,1,0.1104,0.0440,0.237,0.586,0.262,0.136,0.201,0.061,0.000,0.000,19,6,0,0,0.271,0.194,0.252,0.122,0.051,0.044,32,11,9,8
0.042,0.351,0.233,3.14,0.186,0,0.1209,0.0495,0.052,-0.486,0.262,0.136,0.201,0.061,0.000,0.000,19,6,0,0,0.271,0.194,0.252,0.122,0.051,0.044,32,11,9,8
0.059,0.310,0.281,2.53,0.140,0,0.1230,0.0515,0.086,-0.121,0.262,0.136,0.201,0.061,0.000,0.000,19,6,0,0,0.271,0.194,0.252,0.122,0.051,0.044,32,11,9,8
0.075,0.445,0.242,3.14,0.186,0,0.1270,0.0557,0.053,-0.486,0.262,0.136,0.201,0.061,0.000,0.000,19,6,0,0,0.271,0.194,0.252,0.122,0.051,0.044,32,11,9,8
0.059,0.413,0.248,0.85,0.046,0,0.1262,0.0581,0.128,0.06,0.262,0.136,0.201,0.061,0.000,0.000,19,6,0,0,0.271,0.194,0.252,0.122,0.051,0.044,32,11,9,8
0.057,0.832,0.588,0,0.000,0,0.1185,0.0566,0.188,0.166,0.262,0.136,0.201,0.061,0.000,0.000,19,6,0,0,0.271,0.194,0.252,0.122,0.051,0.044,32,11,9,8
0.060,0.582,0.722,-0.48,0.134,0,0.1059,0.0510,0.337,0.007,0.262,0.136,0.201,0.061,0.000,0.000,19,6,0,0,0.271,0.194,0.252,0.122,0.051,0.044,32,11,9,8
0.063,0.528,0.664,0.22,0.230,0,0.1019,0.0486,0.225,0.303,0.262,0.136,0.201,0.061,0.000,0.000,19,6,0,0,0.271,0.194,0.252,0.122,0.051,0.044,32,11,9,8
0.069,0.370,0.431,-0.79,0.151,-1,0.1011,0.0472,0.369,0.736,0.262,0.136,0.201,0.061,0.000,0.000,19,6,0,0,0.271,0.194,0.252,0.122,0.051,0.044,32,11,9,8
0.084,0.285,0.308,1.99,0.186,0,0.1093,0.0532,0.122,-0.326,0.262,0.136,0.201,0.061,0.000,0.000,19,6,0,0,0.271,0.194,0.252,0.122,0.051,0.044,32,11,9,8
0.095,0.342,0.257,-0.08,0.108,0,0.1191,0.0610,0.297,0.059,0.262,0.136,0.201,0.061,0.000,0.000,19,6,0,0,0.271,0.194,0.252,0.122,0.051,0.044,32,11,9,8
0.095,0.331,0.356,1.69,0.290,0,0.1403,0.0746,0.129,-0.697,0.262,0.136,0.201,0.061,0.000,0.000,19,6,0,0,0.271,0.194,0.252,0.122,0.051,0.044,32,11,9,8
0.094,0.302,0.317,-1.1,0.105,-1,0.1596,0.0878,0.267,0.192,0.262,0.136,0.201,0.061,0.000,0.000,19,6,0,0,0.271,0.194,0.252,0.122,0.051,0.044,32,11,9,8
0.090,0.296,0.464,-1.19,0.219,1,0.1719,0.0983,0.397,0.586,0.262,0.136,0.201,0.061,0.000,0.000,19,6,0,0,0.271,0.194,0.252,0.122,0.051,0.044,32,11,9,8
0.082,0.238,0.121,-0.79,0.151,-1,0.1614,0.0966,0.456,0.736,0.262,0.136,0.201,0.061,0.000,0.000,19,6,0,0,0.271,0.194,0.252,0.122,0.051,0.044,32,11,9,8
0.073,0.235,0.005,1.69,0.290,0,0.1518,0.0964,0.103,-0.697,0.262,0.136,0.201,0.061,0.000,0.000,19,6,0,0,0.271,0.194,0.252,0.122,0.051,0.044,32,11,9,8
0.074,0.181,0.014,1.42,0.221,0,0.1367,0.0939,0.105,-0.397,0.262,0.136,0.201,0.061,0.000,0.000,19,6,0,0,0.271,0.194,0.252,0.122,0.051,0.044,32,11,9,8
0.072,0.201,0.003,0.85,0.046,0,0.1266,0.0946,0.257,0.06,0.262,0.136,0.201,0.061,0.000,0.000,19,6,0,0,0.271,0.194,0.252,0.122,0.051,0.044,32,11,9,8
0.064,0.215,0.001,-1.1,0.105,-1,0.1035,0.0865,0.331,0.192,0.262,0.136,0.201,0.061,0.000,0.000,19,6,0,0,0.271,0.194,0.252,0.122,0.051,0.044,32,11,9,8
0.083,0.176,0.001,1.99,0.186,0,0.0780,0.0729,0.078,-0.326,0.262,0.136,0.201,0.061,0.000,0.000,19,6,0,0,0.271,0.194,0.252,0.122,0.051,0.044,32,11,9,8
0.084,0.188,0.011,2.53,0.140,0,0.0653,0.0660,0.141,-0.121,0.262,0.136,0.201,0.061,0.000,0.000,19,6,0,0,0.271,0.194,0.252,0.122,0.051,0.044,32,11,9,8
0.093,0.274,0.197,-1.19,0.219,1,0.0753,0.0739,0.443,0.586,0.262,0.136,0.201,0.061,0.000,0.000,19,6,0,0,0.271,0.194,0.252,0.122,0.051,0.044,32,11,9,8
0.140,0.258,0.178,-0.42,0.180,0,0.0892,0.0839,0.379,0.318,0.262,0.136,0.201,0.061,0.000,0.000,19,6,0,0,0.271,0.194,0.252,0.122,0.051,0.044,32,11,9,8
0.145,0.218,0.049,-1.1,0.105,-1,0.1025,0.0951,0.264,0.192,0.262,0.136,0.201,0.061,0.000,0.000,19,6,0,0,0.271,0.194,0.252,0.122,0.051,0.044,32,11,9,8
0.145,0.334,0.314,1.37,0.298,0,0.1130,0.1035,0.199,-0.510,0.262,0.136,0.201,0.061,0.000,0.000,19,6,0,0,0.271,0.194,0.252,0.122,0.051,0.044,32,11,9,8
0.169,0.352,0.456,1.37,0.298,0,0.1240,0.1120,0.246,-0.510,0.262,0.136,0.201,0.061,0.000,0.000,19,6,0,0,0.271,0.194,0.252,0.122,0.051,0.044,32,11,9,8
0.167,0.472,0.478,0.2,0.291,1,0.1397,0.1263,0.386,0.180,0.262,0.136,0.201,0.061,0.000,0.000,19,6,0,0,0.271,0.194,0.252,0.122,0.051,0.044,32,11,9,8
0.154,0.410,0.431,1.69,0.290,0,0.1665,0.1506,0.088,-0.697,0.262,0.136,0.201,0.061,0.000,0.000,19,6,0,0,0.271,0.194,0.252,0.122,0.051,0.044,32,11,9,8
0.127,0.328,0.443,-1.14,0.131,0,0.1840,0.1695,0.319,0.987,0.262,0.136,0.201,0.061,0.000,0.000,19,6,0,0,0.271,0.194,0.252,0.122,0.051,0.044,32,11,9,8
0.127,0.336,0.559,-0.52,0.062,0,0.1997,0.1886,0.324,0.341,0.262,0.136,0.201,0.061,0.000,0.000,19,6,0,0,0.271,0.194,0.252,0.122,0.051,0.044,32,11,9,8
0.108,0.254,0.419,2.53,0.140,0,0.1966,0.1908,0.255,-0.121,0.262,0.136,0.201,0.061,0.000,0.000,19,6,0,0,0.271,0.194,0.252,0.122,0.051,0.044,32,11,9,8
0.108,0.283,0.530,-0.52,0.062,0,0.1956,0.1943,0.360,0.341,0.262,0.136,0.201,0.061,0.000,0.000,19,6,0,0,0.271,0.194,0.252,0.122,0.051,0.044,32,11,9,8
0.084,0.307,0.583,-1.19,0.219,1,0.1943,0.1960,0.492,0.586,0.262,0.136,0.201,0.061,0.000,0.000,19,6,0,0,0.271,0.194,0.252,0.122,0.051,0.044,32,11,9,8
0.092,0.232,0.394,1.99,0.186,0,0.2022,0.2022,0.168,-0.326,0.262,0.136,0.201,0.061,0.000,0.000,19,6,0,0,0.271,0.194,0.252,0.122,0.051,0.044,32,11,9,8
0.095,0.254,0.471,-1.19,0.219,1,0.2138,0.2093,0.451,0.586,0.262,0.136,0.201,0.061,0.000,0.000,19,6,0,0,0.271,0.194,0.252,0.122,0.051,0.044,32,11,9,8
0.106,0.179,0.442,-1.14,0.131,0,0.2326,0.2187,0.401,0.987,0.262,0.136,0.201,0.061,0.000,0.000,19,6,0,0,0.271,0.194,0.252,0.122,0.051,0.044,32,11,9,8
0.113,0.225,0.483,-0.79,0.151,-1,0.2391,0.2176,0.544,0.736,0.262,0.136,0.201,0.061,0.000,0.000,19,6,0,0,0.271,0.194,0.252,0.122,0.051,0.044,32,11,9,8
0.092,0.201,0.191,-1.1,0.105,-1,0.2248,0.1981,0.416,0.192,0.262,0.136,0.201,0.061,0.000,0.000,19,6,0,0,0.271,0.194,0.252,0.122,0.051,0.044,32,11,9,8
0.118,0.254,0.146,1.69,0.290,0,0.2193,0.1867,0.159,-0.697,0.262,0.136,0.201,0.061,0.000,0.000,19,6,0,0,0.271,0.194,0.252,0.122,0.051,0.044,32,11,9,8
0.120,0.165,0.115,-1.1,0.105,-1,0.2203,0.1832,0.506,0.192,0.262,0.136,0.201,0.061,0.000,0.000,19,6,0,0,0.271,0.194,0.252,0.122,0.051,0.044,32,11,9,8
0.102,0.232,0.215,-0.48,0.134,0,0.2254,0.1852,0.333,0.007,0.262,0.136,0.201,0.061,0.000,0.000,19,6,0,0,0.271,0.194,0.252,0.122,0.051,0.044,32,11,9,8
0.101,0.190,0.001,2.53,0.140,0,0.2230,0.1842,0.081,-0.121,0.262,0.136,0.201,0.061,0.000,0.000,19,6,0,0,0.271,0.194,0.252,0.122,0.051,0.044,32,11,9,8
0.093,0.254,0.246,-0.42,0.180,0,0.2068,0.1729,0.293,0.318,0.262,0.136,0.201,0.061,0.000,0.000,19,6,0,0,0.271,0.194,0.252,0.122,0.051,0.044,32,11,9,8
0.071,0.296,0.231,-0.52,0.062,0,0.1939,0.1631,0.243,0.341,0.262,0.136,0.201,0.061,0.000,0.000,19,6,0,0,0.271,0.194,0.252,0.122,0.051,0.044,32,11,9,8
0.076,0.254,0.006,1.99,0.186,0,0.1864,0.1565,0.124,-0.326,0.262,0.136,0.201,0.061,0.000,0.000,19,6,0,0,0.271,0.194,0.252,0.122,0.051,0.044,32,11,9,8
0.048,0.233,0.002,1.99,0.186,0,0.1915,0.1587,0.105,-0.326,0.262,0.136,0.201,0.061,0.000,0.000,19,6,0,0,0.271,0.194,0.252,0.122,0.051,0.044,32,11,9,8
0.051,0.224,0.367,-0.08,0.108,0,0.2017,0.1647,0.233,0.059,0.262,0.136,0.201,0.061,0.000,0.000,19,6,0,0,0.271,0.194,0.252,0.122,0.051,0.044,32,11,9,8
0.060,0.230,0.349,-0.48,0.134,0,0.2115,0.1701,0.289,0.007,0.262,0.136,0.201,0.061,0.000,0.000,19,6,0,0,0.271,0.194,0.252,0.122,0.051,0.044,32,11,9,8
0.063,0.174,0.223,-0.52,0.062,0,0.1956,0.1539,0.170,0.341,0.262,0.136,0.201,0.061,0.000,0.000,19,6,0,0,0.271,0.194,0.252,0.122,0.051,0.044,32,11,9,8
0.096,0.136,0.014,3.14,0.186,0,0.1664,0.1288,0.125,-0.486,0.262,0.136,0.201,0.061,0.000,0.000,19,6,0,0,0.271,0.194,0.252,0.122,0.051,0.044,32,11,9,8
0.102,0.240,0.421,1.37,0.298,0,0.1419,0.1082,0.188,-0.510,0.262,0.136,0.201,0.061,0.000,0.000,19,6,0,0,0.271,0.194,0.252,0.122,0.051,0.044,32,11,9,8
0.099,0.225,0.007,1.99,0.186,0,0.1257,0.0955,0.104,-0.326,0.262,0.136,0.201,0.061,0.000,0.000,19,6,0,0,0.271,0.194,0.252,0.122,0.051,0.044,32,11,9,8
0.103,0.254,0.271,-0.42,0.180,0,0.1100,0.0853,0.330,0.318,0.262,0.136,0.201,0.061,0.000,0.000,19,6,0,0,0.271,0.194,0.252,0.122,0.051,0.044,32,11,9,8
0.104,0.268,0.211,-1.1,0.105,-1,0.1015,0.0808,0.406,0.192,0.262,0.136,0.201,0.061,0.000,0.000,19,6,0,0,0.271,0.194,0.252,0.122,0.051,0.044,32,11,9,8
0.088,0.232,0.139,-0.52,0.062,0,0.0939,0.0757,0.329,0.341,0.262,0.136,0.201,0.061,0.000,0.000,19,6,0,0,0.271,0.194,0.252,0.122,0.051,0.044,32,11,9,8
0.090,0.279,0.063,-0.79,0.151,-1,0.0824,0.0668,0.486,0.736,0.262,0.136,0.201,0.061,0.000,0.000,19,6,0,0,0.271,0.194,0.252,0.122,0.051,0.044,32,11,9,8
0.091,0.284,0.106,2.53,0.140,0,0.0769,0.0642,0.141,-0.121,0.262,0.136,0.201,0.061,0.000,0.000,19,6,0,0,0.271,0.194,0.252,0.122,0.051,0.044,32,11,9,8
0.092,0.435,0.177,-0.08,0.108,0,0.0789,0.0687,0.218,0.059,0.262,0.136,0.201,0.061,0.000,0.000,19,6,0,0,0.271,0.194,0.252,0.122,0.051,0.044,32,11,9,8
0.074,0.395,0.202,2.53,0.140,0,0.0940,0.0846,0.134,-0.121,0.262,0.136,0.201,0.061,0.000,0.000,19,6,0,0,0.271,0.194,0.252,0.122,0.051,0.044,32,11,9,8
0.067,0.530,0.444,-1.19,0.219,1,0.1043,0.0977,0.423,0.586,0.262,0.136,0.201,0.061,0.000,0.000,19,6,0,0,0.271,0.194,0.252,0.122,0.051,0.044,32,11,9,8
0.065,0.843,0.480,0,0.000,0,0.1058,0.1051,0.187,0.166,0.262,0.136,0.201,0.061,0.000,0.000,19,6,0,0,0.271,0.194,0.252,0.122,0.051,0.044,32,11,9,8
0.050,0.835,0.278,1.69,0.290,0,0.1096,0.1135,0.066,-0.697,0.262,0.136,0.201,0.061,0.000,0.000,19,6,0,0,0.271,0.194,0.252,0.122,0.051,0.044,32,11,9,8
0.041,0.580,0.512,0.2,0.291,1,0.1005,0.1098,0.259,0.180,0.262,0.136,0.201,0.061,0.000,0.000,19,6,0,0,0.271,0.194,0.252,0.122,0.051,0.044,32,11,9,8
0.035,0.427,0.194,3.14,0.186,0,0.0908,0.1051,0.110,-0.486,0.262,0.136,0.201,0.061,0.000,0.000,19,6,0,0,0.271,0.194,0.252,0.122,0.051,0.044,32,11,9,8
0.038,0.491,0.616,1.37,0.298,0,0.0806,0.0981,0.223,-0.510,0.262,0.136,0.201,0.061,0.000,0.000,19,6,0,0,0.271,0.194,0.252,0.122,0.051,0.044,32,11,9,8
0.024,0.426,0.530,0,0.000,0,0.0708,0.0890,0.230,0.166,0.262,0.136,0.201,0.061,0.000,0.000,19,6,0,0,0.271,0.194,0.252,0.122,0.051,0.044,32,11,9,8
0.030,0.357,0.392,0.85,0.046,0,0.0551,0.0735,0.097,0.06,0.262,0.136,0.201,0.061,0.000,0.000,19,6,0,0,0.271,0.194,0.252,0.122,0.051,0.044,32,11,9,8
0.025,0.343,0.527,-1.14,0.131,0,0.0328,0.0513,0.302,0.987,0.262,0.136,0.201,0.061,0.000,0.000,19,6,0,0,0.271,0.194,0.252,0.122,0.051,0.044,32,11,9,8
0.022,0.412,0.696,1.76,0.409,0,0.0274,0.0462,0.198,-0.884,0.262,0.136,0.201,0.061,0.000,0.000,19,6,0,0,0.271,0.194,0.252,0.122,0.051,0.044,32,11,9,8
0.022,0.361,0.665,-0.08,0.108,0,0.0333,0.0531,0.128,0.059,0.262,0.136,0.201,0.061,0.000,0.000,19,6,0,0,0.271,0.194,0.252,0.122,0.051,0.044,32,11,9,8
0.016,0.337,0.354,-1.14,0.131,0,0.0441,0.0675,0.211,0.987,0.262,0.136,0.201,0.061,0.000,0.000,19,6,0,0,0.271,0.194,0.252,0.122,0.051,0.044,32,11,9,8
0.016,0.341,0.699,1.76,0.409,0,0.0601,0.0871,0.196,-0.884,0.262,0.136,0.201,0.061,0.000,0.000,19,6,0,0,0.271,0.194,0.252,0.122,0.051,0.044,32,11,9,8
0.021,0.261,0.565,1.69,0.290,0,0.0766,0.1053,0.149,-0.697,0.262,0.136,0.201,0.061,0.000,0.000,19,6,0,0,0.271,0.194,0.252,0.122,0.051,0.044,32,11,9,8
0.019,0.302,0.619,-0.48,0.134,0,0.0957,0.1272,0.260,0.007,0.262,0.136,0.201,0.061,0.000,0.000,19,6,0,0,0.271,0.194,0.252,0.122,0.051,0.044,32,11,9,8
0.021,0.281,0.529,0,0.000,0,0.1125,0.1472,0.187,0.166,0.262,0.136,0.201,0.061,0.000,0.000,19,6,0,0,0.271,0.194,0.252,0.122,0.051,0.044,32,11,9,8
0.024,0.334,0.648,1.76,0.409,0,0.1201,0.1586,0.238,-0.884,0.262,0.136,0.201,0.061,0.000,0.000,19,6,0,0,0.271,0.194,0.252,0.122,0.051,0.044,32,11,9,8
0.023,0.280,0.345,0,0.000,0,0.1186,0.1593,0.168,0.166,0.262,0.136,0.201,0.061,0.000,0.000,19,6,0,0,0.271,0.194,0.252,0.122,0.051,0.044,32,11,9,8
0.022,0.320,0.657,1.69,0.290,0,0.1164,0.1552,0.137,-0.697,0.262,0.136,0.201,0.061,0.000,0.000,19,6,0,0,0.271,0.194,0.252,0.122,0.051,0.044,32,11,9,8
0.029,0.316,0.564,-0.48,0.134,0,0.1039,0.1404,0.293,0.007,0.262,0.136,0.201,0.061,0.000,0.000,19,6,0,0,0.271,0.194,0.252,0.122,0.051,0.044,32,11,9,8
0.029,0.291,0.413,1.99,0.186,0,0.0906,0.1235,0.129,-0.326,0.262,0.136,0.201,0.061,0.000,0.000,19,6,0,0,0.271,0.194,0.252,0.122,0.051,0.044,32,11,9,8
0.026,0.258,0.430,-1.14,0.131,0,0.0750,0.1054,0.342,0.987,0.262,0.136,0.201,0.061,0.000,0.000,19,6,0,0,0.271,0.194,0.252,0.122,0.051,0.044,32,11,9,8
0.027,0.368,0.703,0.2,0.291,1,0.0796,0.1061,0.443,0.180,0.262,0.136,0.201,0.061,0.000,0.000,19,6,0,0,0.271,0.194,0.252,0.122,0.051,0.044,32,11,9,8
0.039,0.318,0.504,0,0.000,0,0.0925,0.1148,0.248,0.166,0.262,0.136,0.201,0.061,0.000,0.000,19,6,0,0,0.271,0.194,0.252,0.122,0.051,0.044,32,11,9,8
0.046,0.336,0.308,-0.42,0.180,0,0.1182,0.1342,0.350,0.318,0.262,0.136,0.201,0.061,0.000,0.000,19,6,0,0,0.271,0.194,0.252,0.122,0.051,0.044,32,11,9,8
0.044,0.324,0.316,-0.52,0.062,0,0.1461,0.1552,0.291,0.341,0.262,0.136,0.201,0.061,0.000,0.000,19,6,0,0,0.271,0.194,0.252,0.122,0.051,0.044,32,11,9,8
0.044,0.296,0.012,1.99,0.186,0,0.1722,0.1738,0.134,-0.326,0.262,0.136,0.201,0.061,0.000,0.000,19,6,0,0,0.271,0.194,0.252,0.122,0.051,0.044,32,11,9,8
0.062,0.286,0.002,1.99,0.186,0,0.2002,0.1977,0.151,-0.326,0.262,0.136,0.201,0.061,0.000,0.000,19,6,0,0,0.271,0.194,0.252,0.122,0.051,0.044,32,11,9,8
0.058,0.286,0.001,-1.1,0.105,-1,0.2173,0.2122,0.359,0.192,0.262,0.136,0.201,0.061,0.000,0.000,19,6,0,0,0.271,0.194,0.252,0.122,0.051,0.044,32,11,9,8
0.069,0.357,0.004,-1.19,0.219,1,0.2311,0.2253,0.356,0.586,0.262,0.136,0.201,0.061,0.000,0.000,19,6,0,0,0.271,0.194,0.252,0.122,0.051,0.044,32,11,9,8
0.082,0.366,0.002,1.76,0.409,0,0.2242,0.2191,0.134,-0.884,0.262,0.136,0.201,0.061,0.000,0.000,19,6,0,0,0.271,0.194,0.252,0.122,0.051,0.044,32,11,9,8
0.086,0.311,0.002,-0.48,0.134,0,0.2160,0.2092,0.323,0.007,0.262,0.136,0.201,0.061,0.000,0.000,19,6,0,0,0.271,0.194,0.252,0.122,0.051,0.044,32,11,9,8
0.085,0.281,0.001,1.99,0.186,0,0.2188,0.2101,0.189,-0.326,0.262,0.136,0.201,0.061,0.000,0.000,19,6,0,0,0.271,0.194,0.252,0.122,0.051,0.044,32,11,9,8
0.088,0.276,0.003,3.14,0.186,0,0.2130,0.2081,0.136,-0.486,0.262,0.136,0.201,0.061,0.000,0.000,19,6,0,0,0.271,0.194,0.252,0.122,0.051,0.044,32,11,9,8
0.088,0.237,0.038,-1.14,0.131,0,0.2130,0.2121,0.264,0.987,0.262,0.136,0.201,0.061,0.000,0.000,19,6,0,0,0.271,0.194,0.252,0.122,0.051,0.044,32,11,9,8
0.087,0.273,0.086,-0.79,0.151,-1,0.2246,0.2258,0.516,0.736,0.262,0.136,0.201,0.061,0.000,0.000,19,6,0,0,0.271,0.194,0.252,0.122,0.051,0.044,32,11,9,8
0.079,0.314,0.077,0,0.000,0,0.2365,0.2390,0.304,0.166,0.262,0.136,0.201,0.061,0.000,0.000,19,6,0,0,0.271,0.194,0.252,0.122,0.051,0.044,32,11,9,8
0.079,0.350,0.005,-0.08,0.108,0,0.2453,0.2475,0.206,0.059,0.262,0.136,0.201,0.061,0.000,0.000,19,6,0,0,0.271,0.194,0.252,0.122,0.051,0.044,32,11,9,8
0.081,0.345,0.142,-1.1,0.105,-1,0.2503,0.2509,0.222,0.192,0.262,0.136,0.201,0.061,0.000,0.000,19,6,0,0,0.271,0.194,0.252,0.122,0.051,0.044,32,11,9,8
0.069,0.287,0.001,3.14,0.186,0,0.2549,0.2566,0.091,-0.486,0.262,0.136,0.201,0.061,0.000,0.000,19,6,0,0,0.271,0.194,0.252,0.122,0.051,0.044,32,11,9,8
0.057,0.328,0.008,1.99,0.186,0,0.2670,0.2687,0.086,-0.326,0.262,0.136,0.201,0.061,0.000,0.000,19,6,0,0,0.271,0.194,0.252,0.122,0.051,0.044,32,11,9,8
0.081,0.351,0.004,1.42,0.221,0,0.2763,0.2766,0.109,-0.397,0.262,0.136,0.201,0.061,0.000,0.000,19,6,0,0,0.271,0.194,0.252,0.122,0.051,0.044,32,11,9,8
0.065,0.403,0.152,-0.08,0.108,0,0.2861,0.2845,0.191,0.059,0.262,0.136,0.201,0.061,0.000,0.000,19,6,0,0,0.271,0.194,0.252,0.122,0.051,0.044,32,11,9,8
0.066,0.432,0.590,0.22,0.230,0,0.2844,0.2803,0.214,0.303,0.262,0.136,0.201,0.061,0.000,0.000,19,6,0,0,0.271,0.194,0.252,0.122,0.051,0.044,32,11,9,8
0.064,0.842,0.550,0,0.000,0,0.2787,0.2715,0.144,0.166,0.262,0.136,0.201,0.061,0.000,0.000,19,6,0,0,0.271,0.194,0.252,0.122,0.051,0.044,32,11,9,8
0.085,0.365,0.460,-1.14,0.131,0,0.2801,0.2705,0.259,0.987,0.262,0.136,0.201,0.061,0.000,0.000,19,6,0,0,0.271,0.194,0.252,0.122,0.051,0.044,32,11,9,8
0.085,0.362,0.471,-1.14,0.131,0,0.2773,0.2658,0.316,0.987,0.262,0.136,0.201,0.061,0.000,0.000,19,6,0,0,0.271,0.194,0.252,0.122,0.051,0.044,32,11,9,8
0.082,0.306,0.519,1.99,0.186,0,0.2787,0.2662,0.226,-0.326,0.262,0.136,0.201,0.061,0.000,0.000,19,6,0,0,0.271,0.194,0.252,0.122,0.051,0.044,32,11,9,8
0.084,0.342,0.547,0,0.000,0,0.2737,0.2592,0.190,0.166,0.262,0.136,0.201,0.061,0.000,0.000,19,6,0,0,0.271,0.194,0.252,0.122,0.051,0.044,32,11,9,8
0.091,0.339,0.547,1.69,0.290,0,0.2802,0.2600,0.101,-0.697,0.262,0.136,0.201,0.061,0.000,0.000,19,6,0,0,0.271,0.194,0.252,0.122,0.051,0.044,32,11,9,8
0.093,0.419,0.559,0.2,0.291,1,0.2816,0.2558,0.331,0.180,0.262,0.136,0.201,0.061,0.000,0.000,19,6,0,0,0.271,0.194,0.252,0.122,0.051,0.044,32,11,9,8
0.096,0.322,0.475,-1.1,0.105,-1,0.2697,0.2422,0.428,0.192,0.262,0.136,0.201,0.061,0.000,0.000,19,6,0,0,0.271,0.194,0.252,0.122,0.051,0.044,32,11,9,8
0.095,0.358,0.518,1.76,0.409,0,0.2559,0.2276,0.164,-0.884,0.262,0.136,0.201,0.061,0.000,0.000,19,6,0,0,0.271,0.194,0.252,0.122,0.051,0.044,32,11,9,8
0.100,0.258,0.248,2.53,0.140,0,0.2413,0.2132,0.170,-0.121,0.262,0.136,0.201,0.061,0.000,0.000,19,6,0,0,0.271,0.194,0.252,0.122,0.051,0.044,32,11,9,8
0.075,0.261,0.091,-1.14,0.131,0,0.2176,0.1914,0.265,0.987,0.262,0.136,0.201,0.061,0.000,0.000,19,6,0,0,0.271,0.194,0.252,0.122,0.051,0.044,32,11,9,8
0.073,0.255,0.289,-1.19,0.219,1,0.1922,0.1675,0.506,0.586,0.262,0.136,0.201,0.061,0.000,0.000,19,6,0,0,0.271,0.194,0.252,0.122,0.051,0.044,32,11,9,8
0.076,0.164,0.128,-0.79,0.151,-1,0.1580,0.1357,0.331,0.736,0.262,0.136,0.201,0.061,0.000,0.000,19,6,0,0,0.271,0.194,0.252,0.122,0.051,0.044,32,11,9,8
0.067,0.179,0.107,1.99,0.186,0,0.1341,0.1134,0.120,-0.326,0.262,0.136,0.201,0.061,0.000,0.000,19,6,0,0,0.271,0.194,0.252,0.122,0.051,0.044,32,11,9,8
0.064,0.234,0.405,-0.42,0.180,0,0.1176,0.0977,0.403,0.318,0.262,0.136,0.201,0.061,0.000,0.000,19,6,0,0,0.271,0.194,0.252,0.122,0.051,0.044,32,11,9,8
0.063,0.384,0.578,0.2,0.291,1,0.1312,0.1061,0.395,0.180,0.262,0.136,0.201,0.061,0.000,0.000,19,6,0,0,0.271,0.194,0.252,0.122,0.051,0.044,32,11,9,8
0.074,0.213,0.412,2.53,0.140,0,0.1567,0.1244,0.172,-0.121,0.262,0.136,0.201,0.061,0.000,0.000,19,6,0,0,0.271,0.194,0.252,0.122,0.051,0.044,32,11,9,8
0.074,0.212,0.500,0,0.000,0,0.1830,0.1417,0.182,0.166,0.262,0.136,0.201,0.061,0.000,0.000,19,6,0,0,0.271,0.194,0.252,0.122,0.051,0.044,32,11,9,8
0.081,0.158,0.533,2.1,0.128,0,0.2182,0.1652,0.073,0.02,0.262,0.136,0.201,0.061,0.000,0.000,19,6,0,0,0.271,0.194,0.252,0.122,0.051,0.044,32,11,9,8
0.117,0.151,0.438,2.53,0.140,0,0.2505,0.1878,0.165,-0.121,0.262,0.136,0.201,0.061,0.000,0.000,19,6,0,0,0.271,0.194,0.252,0.122,0.051,0.044,32,11,9,8
0.122,0.166,0.099,-0.79,0.151,-1,0.2626,0.1959,0.292,0.736,0.262,0.136,0.201,0.061,0.000,0.000,19,6,0,0,0.271,0.194,0.252,0.122,0.051,0.044,32,11,9,8
0.122,0.166,0.002,1.99,0.186,0,0.2627,0.1967,0.067,-0.326,0.262,0.136,0.201,0.061,0.000,0.000,19,6,0,0,0.271,0.194,0.252,0.122,0.051,0.044,32,11,9,8
0.122,0.197,0.001,1.99,0.186,0,0.2527,0.1897,0.087,-0.326,0.262,0.136,0.201,0.061,0.000,0.000,19,6,0,0,0.271,0.194,0.252,0.122,0.051,0.044,32,11,9,8
0.148,0.251,0.067,-0.48,0.134,0,0.2398,0.1818,0.272,0.007,0.262,0.136,0.201,0.061,0.000,0.000,19,6,0,0,0.271,0.194,0.252,0.122,0.051,0.044,32,11,9,8
0.159,0.214,0.151,-0.08,0.108,0,0.2102,0.1613,0.215,0.059,0.262,0.136,0.201,0.061,0.000,0.000,19,6,0,0,0.271,0.194,0.252,0.122,0.051,0.044,32,11,9,8
0.164,0.202,0.002,2.53,0.140,0,0.1868,0.1460,0.109,-0.121,0.262,0.136,0.201,0.061,0.000,0.000,19,6,0,0,0.271,0.194,0.252,0.122,0.051,0.044,32,11,9,8
0.131,0.276,0.130,-0.42,0.180,0,0.1637,0.1309,0.308,0.318,0.262,0.136,0.201,0.061,0.000,0.000,19,6,0,0,0.271,0.194,0.252,0.122,0.051,0.044,32,11,9,8
0.134,0.691,0.500,0.2,0.291,1,0.1509,0.1237,0.432,0.180,0.262,0.136,0.201,0.061,0.000,0.000,19,6,0,0,0.271,0.194,0.252,0.122,0.051,0.044,32,11,9,8
0.134,0.695,0.558,0.2,0.291,1,0.1529,0.1266,0.385,0.180,0.262,0.136,0.201,0.061,0.000,0.000,19,6,0,0,0.271,0.194,0.252,0.122,0.051,0.044,32,11,9,8
0.127,0.246,0.009,2.53,0.140,0,0.1691,0.1410,0.161,-0.121,0.262,0.136,0.201,0.061,0.000,0.000,19,6,0,0,0.271,0.194,0.252,0.122,0.051,0.044,32,11,9,8
0.136,0.469,0.557,0.2,0.291,1,0.1897,0.1587,0.355,0.180,0.262,0.136,0.201,0.061,0.000,0.000,19,6,0,0,0.271,0.194,0.252,0.122,0.051,0.044,32,11,9,8
0.136,0.346,0.052,-1.14,0.131,0,0.2107,0.1772,0.316,0.987,0.262,0.136,0.201,0.061,0.000,0.000,19,6,0,0,0.271,0.194,0.252,0.122,0.051,0.044,32,11,9,8
0.139,0.833,0.454,-1.19,0.219,1,0.2305,0.1940,0.372,0.586,0.262,0.136,0.201,0.061,0.000,0.000,19,6,0,0,0.271,0.194,0.252,0.122,0.051,0.044,32,11,9,8
0.125,0.426,0.008,1.99,0.186,0,0.2557,0.2146,0.080,-0.326,0.262,0.136,0.201,0.061,0.000,0.000,19,6,0,0,0.271,0.194,0.252,0.122,0.051,0.044,32,11,9,8
0.150,0.506,0.464,0.22,0.230,0,0.2640,0.2222,0.190,0.303,0.262,0.136,0.201,0.061,0.000,0.000,19,6,0,0,0.271,0.194,0.252,0.122,0.051,0.044,32,11,9,8
0.150,0.397,0.071,2.53,0.140,0,0.2722,0.2298,0.123,-0.121,0.262,0.136,0.201,0.061,0.000,0.000,19,6,0,0,0.271,0.194,0.252,0.122,0.051,0.044,32,11,9,8
0.156,0.421,0.191,1.69,0.290,0,0.2843,0.2376,0.122,-0.697,0.262,0.136,0.201,0.061,0.000,0.000,19,6,0,0,0.271,0.194,0.252,0.122,0.051,0.044,32,11,9,8
0.154,0.398,0.242,0,0.000,0,0.2869,0.2373,0.117,0.166,0.262,0.136,0.201,0.061,0.000,0.000,19,6,0,0,0.271,0.194,0.252,0.122,0.051,0.044,32,11,9,8
0.142,0.370,0.560,0,0.000,0,0.2832,0.2344,0.095,0.166,0.262,0.136,0.201,0.061,0.000,0.000,19,6,0,0,0.271,0.194,0.252,0.122,0.051,0.044,32,11,9,8
0.140,0.287,0.388,3.14,0.186,0,0.2686,0.2238,0.154,-0.486,0.262,0.136,0.201,0.061,0.000,0.000,19,6,0,0,0.271,0.194,0.252,0.122,0.051,0.044,32,11,9,8
0.125,0.374,0.605,0.22,0.230,0,0.2435,0.2052,0.140,0.303,0.262,0.136,0.201,0.061,0.000,0.000,19,6,0,0,0.271,0.194,0.252,0.122,0.051,0.044,32,11,9,8
0.114,0.297,0.500,-0.79,0.151,-1,0.2339,0.1991,0.285,0.736,0.262,0.136,0.201,0.061,0.000,0.000,19,6,0,0,0.271,0.194,0.252,0.122,0.051,0.044,32,11,9,8
0.114,0.309,0.559,0,0.000,0,0.2156,0.1862,0.183,0.166,0.262,0.136,0.201,0.061,0.000,0.000,19,6,0,0,0.271,0.194,0.252,0.122,0.051,0.044,32,11,9,8
0.081,0.372,0.631,1.37,0.298,0,0.2039,0.1791,0.285,-0.510,0.262,0.136,0.201,0.061,0.000,0.000,19,6,0,0,0.271,0.194,0.252,0.122,0.051,0.044,32,11,9,8
0.080,0.327,0.422,0,0.000,0,0.1985,0.1765,0.146,0.166,0.262,0.136,0.201,0.061,0.000,0.000,19,6,0,0,0.271,0.194,0.252,0.122,0.051,0.044,32,11,9,8
0.062,0.337,0.395,-0.08,0.108,0,0.2152,0.1879,0.212,0.059,0.262,0.136,0.201,0.061,0.000,0.000,19,6,0,0,0.271,0.194,0.252,0.122,0.051,0.044,32,11,9,8
0.062,0.265,0.416,1.42,0.221,0,0.2325,0.1983,0.176,-0.397,0.262,0.136,0.201,0.061,0.000,0.000,19,6,0,0,0.271,0.194,0.252,0.122,0.051,0.044,32,11,9,8
0.081,0.296,0.585,-0.08,0.108,0,0.2498,0.2074,0.268,0.059,0.262,0.136,0.201,0.061,0.000,0.000,19,6,0,0,0.271,0.194,0.252,0.122,0.051,0.044,32,11,9,8
0.075,0.280,0.583,-1.1,0.105,-1,0.2661,0.2166,0.319,0.192,0.262,0.136,0.201,0.061,0.000,0.000,19,6,0,0,0.271,0.194,0.252,0.122,0.051,0.044,32,11,9,8
0.076,0.269,0.606,0,0.000,0,0.2732,0.2223,0.240,0.166,0.262,0.136,0.201,0.061,0.000,0.000,19,6,0,0,0.271,0.194,0.252,0.122,0.051,0.044,32,11,9,8
0.074,0.364,0.730,1.37,0.298,0,0.2752,0.2236,0.220,-0.510,0.262,0.136,0.201,0.061,0.000,0.000,19,6,0,0,0.271,0.194,0.252,0.122,0.051,0.044,32,11,9,8
0.068,0.337,0.643,-0.08,0.108,0,0.2632,0.2156,0.142,0.059,0.262,0.136,0.201,0.061,0.000,0.000,19,6,0,0,0.271,0.194,0.252,0.122,0.051,0.044,32,11,9,8
0.089,0.346,0.629,-0.08,0.108,0,0.2521,0.2109,0.128,0.059,0.262,0.136,0.201,0.061,0.000,0.000,19,6,0,0,0.271,0.194,0.252,0.122,0.051,0.044,32,11,9,8
0.071,0.359,0.586,1.37,0.298,0,0.2443,0.2098,0.165,-0.510,0.262,0.136,0.201,0.061,0.000,0.000,19,6,0,0,0.271,0.194,0.252,0.122,0.051,0.044,32,11,9,8
0.078,0.329,0.132,3.14,0.186,0,0.2524,0.2192,0.108,-0.486,0.262,0.136,0.201,0.061,0.000,0.000,19,6,0,0,0.271,0.194,0.252,0.122,0.051,0.044,32,11,9,8
0.073,0.345,0.558,-0.48,0.134,0,0.2724,0.2368,0.229,0.007,0.262,0.136,0.201,0.061,0.000,0.000,19,6,0,0,0.271,0.194,0.252,0.122,0.051,0.044,32,11,9,8
0.073,0.189,0.198,0.85,0.046,0,0.3023,0.2646,0.175,0.06,0.262,0.136,0.201,0.061,0.000,0.000,19,6,0,0,0.271,0.194,0.252,0.122,0.051,0.044,32,11,9,8
0.058,0.268,0.378,-0.52,0.062,0,0.3136,0.2795,0.235,0.341,0.262,0.136,0.201,0.061,0.000,0.000,19,6,0,0,0.271,0.194,0.252,0.122,0.051,0.044,32,11,9,8
0.059,0.287,0.593,-0.08,0.108,0,0.3137,0.2892,0.255,0.059,0.262,0.136,0.201,0.061,0.000,0.000,19,6,0,0,0.271,0.194,0.252,0.122,0.051,0.044,32,11,9,8
0.058,0.254,0.356,2.1,0.128,0,0.3127,0.2987,0.066,0.02,0.262,0.136,0.201,0.061,0.000,0.000,19,6,0,0,0.271,0.194,0.252,0.122,0.051,0.044,32,11,9,8
0.056,0.253,0.462,-0.08,0.108,0,0.2956,0.2962,0.222,0.059,0.262,0.136,0.201,0.061,0.000,0.000,19,6,0,0,0.271,0.194,0.252,0.122,0.051,0.044,32,11,9,8
0.061,0.176,0.394,2.53,0.140,0,0.2793,0.2971,0.106,-0.121,0.262,0.136,0.201,0.061,0.000,0.000,19,6,0,0,0.271,0.194,0.252,0.122,0.051,0.044,32,11,9,8
0.053,0.221,0.437,-0.52,0.062,0,0.2569,0.2954,0.206,0.341,0.262,0.136,0.201,0.061,0.000,0.000,19,6,0,0,0.271,0.194,0.252,0.122,0.051,0.044,32,11,9,8
0.053,0.173,0.428,1.69,0.290,0,0.2581,0.3074,0.116,-0.697,0.262,0.136,0.201,0.061,0.000,0.000,19,6,0,0,0.271,0.194,0.252,0.122,0.051,0.044,32,11,9,8
0.060,0.178,0.396,-0.42,0.180,0,0.2636,0.3179,0.311,0.318,0.262,0.136,0.201,0.061,0.000,0.000,19,6,0,0,0.271,0.194,0.252,0.122,0.051,0.044,32,11,9,8
0.058,0.210,0.208,-1.14,0.131,0,0.2884,0.3365,0.331,0.987,0.262,0.136,0.201,0.061,0.000,0.000,19,6,0,0,0.271,0.194,0.252,0.122,0.051,0.044,32,11,9,8
0.058,0.263,0.364,-0.08,0.108,0,0.3170,0.3623,0.485,0.059,0.262,0.136,0.201,0.061,0.000,0.000,19,6,0,0,0.271,0.194,0.252,0.122,0.051,0.044,32,11,9,8
0.055,0.297,0.290,-0.48,0.134,0,0.3496,0.3959,0.454,0.007,0.262,0.136,0.201,0.061,0.000,0.000,19,6,0,0,0.271,0.194,0.252,0.122,0.051,0.044,32,11,9,8
0.051,0.232,0.042,-1.14,0.131,0,0.3891,0.4378,0.213,0.987,0.262,0.136,0.201,0.061,0.000,0.000,19,6,0,0,0.271,0.194,0.252,0.122,0.051,0.044,32,11,9,8
0.055,0.218,0.098,-1.14,0.131,0,0.4252,0.4826,0.249,0.987,0.262,0.136,0.201,0.061,0.000,0.000,19,6,0,0,0.271,0.194,0.252,0.122,0.051,0.044,32,11,9,8
0.056,0.124,0.011,3.14,0.186,0,0.4616,0.5344,0.088,-0.486,0.262,0.136,0.201,0.061,0.000,0.000,19,6,0,0,0.271,0.194,0.252,0.122,0.051,0.044,32,11,9,8
0.056,0.143,0.001,3.14,0.186,0,0.4858,0.5839,0.153,-0.486,0.262,0.136,0.201,0.061,0.000,0.000,19,6,0,0,0.271,0.194,0.252,0.122,0.051,0.044,32,11,9,8
0.053,0.162,0.027,1.69,0.290,0,0.5134,0.6426,0.114,-0.697,0.262,0.136,0.201,0.061,0.000,0.000,19,6,0,0,0.271,0.194,0.252,0.122,0.051,0.044,32,11,9,8
0.046,0.130,0.269,-1.1,0.105,-1,0.5360,0.7012,0.232,0.192,0.262,0.136,0.201,0.061,0.000,0.000,19,6,0,0,0.271,0.194,0.252,0.122,0.051,0.044,32,11,9,8
0.055,0.121,0.053,1.99,0.186,0,0.5511,0.7566,0.114,-0.326,0.262,0.136,0.201,0.061,0.000,0.000,19,6,0,0,0.271,0.194,0.252,0.122,0.051,0.044,32,11,9,8
0.053,0.109,0.218,-1.14,0.131,0,0.5555,0.8059,0.372,0.987,0.262,0.136,0.201,0.061,0.000,0.000,19,6,0,0,0.271,0.194,0.252,0.122,0.051,0.044,32,11,9,8
0.053,0.117,0.478,-0.48,0.134,0,0.5461,0.8469,0.283,0.007,0.262,0.136,0.201,0.061,0.000,0.000,19,6,0,0,0.271,0.194,0.252,0.122,0.051,0.044,32,11,9,8
0.052,0.080,0.382,-1.14,0.131,0,0.5193,0.8779,0.408,0.987,0.262,0.136,0.201,0.061,0.000,0.000,19,6,0,0,0.271,0.194,0.252,0.122,0.051,0.044,32,11,9,8
0.064,0.077,0.516,-0.42,0.180,0,0.4712,0.8987,0.595,0.318,0.262,0.136,0.201,0.061,0.000,0.000,19,6,0,0,0.271,0.194,0.252,0.122,0.051,0.044,32,11,9,8
0.063,0.065,0.590,0,0.000,0,0.3981,0.9106,0.453,0.166,0.262,0.136,0.201,0.061,0.000,0.000,19,6,0,0,0.271,0.194,0.252,0.122,0.051,0.044,32,11,9,8
0.063,0.055,0.461,-0.52,0.062,0,0.2957,0.9166,0.820,0.341,0.262,0.136,0.201,0.061,0.000,0.000,19,6,0,0,0.271,0.194,0.252,0.122,0.051,0.044,32,11,9,8
