0.727,0.700,0.736,1.42,0.221,0,0.8765,0.9755,0.780,-0.397,0.598,0.179,0.930,0.656,0.405,0.209,102,57,41,33,0.524,0.209,0.712,0.316,0.233,0.172,58,35,32,29
0.765,0.783,0.670,0,0.000,0,0.9045,0.9883,0.429,0.166,0.598,0.179,0.930,0.656,0.405,0.209,102,57,41,33,0.524,0.209,0.712,0.316,0.233,0.172,58,35,32,29
0.758,0.911,0.735,-1.19,0.219,1,0.8904,0.9771,0.642,0.586,0.598,0.179,0.930,0.656,0.405,0.209,102,57,41,33,0.524,0.209,0.712,0.316,0.233,0.172,58,35,32,29
0.754,0.848,0.770,0,0.000,0,0.8485,0.9456,0.419,0.166,0.598,0.179,0.930,0.656,0.405,0.209,102,57,41,33,0.524,0.209,0.712,0.316,0.233,0.172,58,35,32,29
0.751,0.778,0.630,-1.1,0.105,-1,0.7905,0.8982,0.406,0.192,0.598,0.179,0.930,0.656,0.405,0.209,102,57,41,33,0.524,0.209,0.712,0.316,0.233,0.172,58,35,32,29
0.717,0.852,0.597,-1.14,0.131,0,0.7256,0.8394,0.465,0.987,0.598,0.179,0.930,0.656,0.405,0.209,102,57,41,33,0.524,0.209,0.712,0.316,0.233,0.172,58,35,32,29
0.708,0.933,0.781,-1.19,0.219,1,0.6607,0.7741,0.602,0.586,0.598,0.179,0.930,0.656,0.405,0.209,102,57,41,33,0.524,0.209,0.712,0.316,0.233,0.172,58,35,32,29
0.670,0.926,0.889,-1.19,0.219,1,0.6010,0.7068,0.457,0.586,0.598,0.179,0.930,0.656,0.405,0.209,102,57,41,33,0.524,0.209,0.712,0.316,0.233,0.172,58,35,32,29
0.639,0.890,0.590,-1.14,0.131,0,0.5497,0.6418,0.387,0.987,0.598,0.179,0.930,0.656,0.405,0.209,102,57,41,33,0.524,0.209,0.712,0.316,0.233,0.172,58,35,32,29
0.636,0.946,0.996,0.2,0.291,1,0.5085,0.5828,0.509,0.180,0.598,0.179,0.930,0.656,0.405,0.209,102,57,41,33,0.524,0.209,0.712,0.316,0.233,0.172,58,35,32,29
0.630,0.892,0.993,0,0.000,0,0.4744,0.5329,0.193,0.166,0.598,0.179,0.930,0.656,0.405,0.209,102,57,41,33,0.524,0.209,0.712,0.316,0.233,0.172,58,35,32,29
0.620,0.932,0.851,-1.19,0.219,1,0.4538,0.4956,0.426,0.586,0.598,0.179,0.930,0.656,0.405,0.209,102,57,41,33,0.524,0.209,0.712,0.316,0.233,0.172,58,35,32,29
0.621,0.912,0.855,1.42,0.221,0,0.4476,0.4732,0.179,-0.397,0.598,0.179,0.930,0.656,0.405,0.209,102,57,41,33,0.524,0.209,0.712,0.316,0.233,0.172,58,35,32,29
0.603,0.918,0.880,-0.52,0.062,0,0.4464,0.4588,0.196,0.341,0.598,0.179,0.930,0.656,0.405,0.209,102,57,41,33,0.524,0.209,0.712,0.316,0.233,0.172,58,35,32,29
0.584,0.917,0.811,-0.52,0.062,0,0.4412,0.4485,0.105,0.341,0.598,0.179,0.930,0.656,0.405,0.209,102,57,41,33,0.524,0.209,0.712,0.316,0.233,0.172,58,35,32,29
0.572,0.947,0.993,1.37,0.298,0,0.4401,0.4413,0.096,-0.510,0.598,0.179,0.930,0.656,0.405,0.209,102,57,41,33,0.524,0.209,0.712,0.316,0.233,0.172,58,35,32,29
0.580,0.889,0.958,0.85,0.046,0,0.4281,0.4284,0.078,0.06,0.598,0.179,0.930,0.656,0.405,0.209,102,57,41,33,0.524,0.209,0.712,0.316,0.233,0.172,58,35,32,29
0.580,0.889,0.446,1.69,0.290,0,0.4242,0.4211,0.142,-0.697,0.598,0.179,0.930,0.656,0.405,0.209,102,57,41,33,0.524,0.209,0.712,0.316,0.233,0.172,58,35,32,29
0.580,0.907,0.402,1.69,0.290,0,0.4166,0.4068,0.083,-0.697,0.598,0.179,0.930,0.656,0.405,0.209,102,57,41,33,0.524,0.209,0.712,0.316,0.233,0.172,58,35,32,29
0.602,0.826,0.720,2.53,0.140,0,0.4234,0.4024,0.057,-0.121,0.598,0.179,0.930,0.656,0.405,0.209,102,57,41,33,0.524,0.209,0.712,0.316,0.233,0.172,58,35,32,29
0.605,0.868,0.970,-0.42,0.180,0,0.4285,0.3982,0.230,0.318,0.598,0.179,0.930,0.656,0.405,0.209,102,57,41,33,0.524,0.209,0.712,0.316,0.233,0.172,58,35,32,29
0.599,0.851,0.255,-0.08,0.108,0,0.4149,0.3821,0.144,0.059,0.598,0.179,0.930,0.656,0.405,0.209,102,57,41,33,0.524,0.209,0.712,0.316,0.233,0.172,58,35,32,29
0.156,0.810,0.157,2.1,0.128,0,0.4106,0.3725,0.044,0.02,0.598,0.179,0.930,0.656,0.405,0.209,102,57,41,33,0.524,0.209,0.712,0.316,0.233,0.172,58,35,32,29
0.575,0.892,0.967,0.2,0.291,1,0.4149,0.3687,0.381,0.180,0.598,0.179,0.930,0.656,0.405,0.209,102,57,41,33,0.524,0.209,0.712,0.316,0.233,0.172,58,35,32,29
0.575,0.811,0.286,-0.79,0.151,-1,0.4315,0.3739,0.452,0.736,0.598,0.179,0.930,0.656,0.405,0.209,102,57,41,33,0.524,0.209,0.712,0.316,0.233,0.172,58,35,32,29
0.572,0.749,0.033,-0.79,0.151,-1,0.4388,0.3697,0.397,0.736,0.598,0.179,0.930,0.656,0.405,0.209,102,57,41,33,0.524,0.209,0.712,0.316,0.233,0.172,58,35,32,29
0.568,0.805,0.237,0.22,0.230,0,0.4562,0.3739,0.263,0.303,0.598,0.179,0.930,0.656,0.405,0.209,102,57,41,33,0.524,0.209,0.712,0.316,0.233,0.172,58,35,32,29
0.556,0.762,0.677,-1.19,0.219,1,0.4782,0.3817,0.509,0.586,0.598,0.179,0.930,0.656,0.405,0.209,102,57,41,33,0.524,0.209,0.712,0.316,0.233,0.172,58,35,32,29
0.571,0.800,0.186,-1.19,0.219,1,0.4998,0.3895,0.568,0.586,0.598,0.179,0.930,0.656,0.405,0.209,102,57,41,33,0.524,0.209,0.712,0.316,0.233,0.172,58,35,32,29
0.571,0.802,0.200,-1.19,0.219,1,0.5161,0.3935,0.538,0.586,0.598,0.179,0.930,0.656,0.405,0.209,102,57,41,33,0.524,0.209,0.712,0.316,0.233,0.172,58,35,32,29
0.558,0.794,0.329,0.22,0.230,0,0.5347,0.4027,0.292,0.303,0.598,0.179,0.930,0.656,0.405,0.209,102,57,41,33,0.524,0.209,0.712,0.316,0.233,0.172,58,35,32,29
0.563,0.776,0.185,-1.14,0.131,0,0.5472,0.4092,0.424,0.987,0.598,0.179,0.930,0.656,0.405,0.209,102,57,41,33,0.524,0.209,0.712,0.316,0.233,0.172,58,35,32,29
0.582,0.799,0.150,-1.1,0.105,-1,0.5494,0.4117,0.461,0.192,0.598,0.179,0.930,0.656,0.405,0.209,102,57,41,33,0.524,0.209,0.712,0.316,0.233,0.172,58,35,32,29
0.597,0.777,0.280,0.85,0.046,0,0.5415,0.4072,0.168,0.06,0.598,0.179,0.930,0.656,0.405,0.209,102,57,41,33,0.524,0.209,0.712,0.316,0.233,0.172,58,35,32,29
0.597,0.825,0.490,-0.52,0.062,0,0.5256,0.3965,0.297,0.341,0.598,0.179,0.930,0.656,0.405,0.209,102,57,41,33,0.524,0.209,0.712,0.316,0.233,0.172,58,35,32,29
0.621,0.823,0.490,2.53,0.140,0,0.5124,0.3898,0.175,-0.121,0.598,0.179,0.930,0.656,0.405,0.209,102,57,41,33,0.524,0.209,0.712,0.316,0.233,0.172,58,35,32,29
0.621,0.895,0.533,-0.48,0.134,0,0.4858,0.3727,0.269,0.007,0.598,0.179,0.930,0.656,0.405,0.209,102,57,41,33,0.524,0.209,0.712,0.316,0.233,0.172,58,35,32,29
0.618,0.849,0.952,1.69,0.290,0,0.4697,0.3619,0.119,-0.697,0.598,0.179,0.930,0.656,0.405,0.209,102,57,41,33,0.524,0.209,0.712,0.316,0.233,0.172,58,35,32,29
0.569,0.883,0.981,-0.52,0.062,0,0.4499,0.3451,0.292,0.341,0.598,0.179,0.930,0.656,0.405,0.209,102,57,41,33,0.524,0.209,0.712,0.316,0.233,0.172,58,35,32,29
0.569,0.837,0.317,-0.79,0.151,-1,0.4238,0.3252,0.405,0.736,0.598,0.179,0.930,0.656,0.405,0.209,102,57,41,33,0.524,0.209,0.712,0.316,0.233,0.172,58,35,32,29
0.553,0.865,0.537,1.69,0.290,0,0.3922,0.2998,0.128,-0.697,0.598,0.179,0.930,0.656,0.405,0.209,102,57,41,33,0.524,0.209,0.712,0.316,0.233,0.172,58,35,32,29
0.551,0.846,0.990,-0.52,0.062,0,0.3756,0.2858,0.134,0.341,0.598,0.179,0.930,0.656,0.405,0.209,102,57,41,33,0.524,0.209,0.712,0.316,0.233,0.172,58,35,32,29
0.556,0.913,0.995,-1.19,0.219,1,0.3784,0.2886,0.556,0.586,0.598,0.179,0.930,0.656,0.405,0.209,102,57,41,33,0.524,0.209,0.712,0.316,0.233,0.172,58,35,32,29
0.559,0.937,0.313,-1.19,0.219,1,0.3682,0.2832,0.449,0.586,0.598,0.179,0.930,0.656,0.405,0.209,102,57,41,33,0.524,0.209,0.712,0.316,0.233,0.172,58,35,32,29
0.573,0.848,0.369,2.1,0.128,0,0.3701,0.2889,0.054,0.02,0.598,0.179,0.930,0.656,0.405,0.209,102,57,41,33,0.524,0.209,0.712,0.316,0.233,0.172,58,35,32,29
0.556,0.908,0.985,-0.52,0.062,0,0.3806,0.3023,0.257,0.341,0.598,0.179,0.930,0.656,0.405,0.209,102,57,41,33,0.524,0.209,0.712,0.316,0.233,0.172,58,35,32,29
0.570,0.910,0.574,-0.79,0.151,-1,0.3986,0.3229,0.528,0.736,0.598,0.179,0.930,0.656,0.405,0.209,102,57,41,33,0.524,0.209,0.712,0.316,0.233,0.172,58,35,32,29
0.584,0.950,0.423,0.2,0.291,1,0.4086,0.3354,0.392,0.180,0.598,0.179,0.930,0.656,0.405,0.209,102,57,41,33,0.524,0.209,0.712,0.316,0.233,0.172,58,35,32,29
0.621,0.918,0.984,1.76,0.409,0,0.4219,0.3503,0.135,-0.884,0.598,0.179,0.930,0.656,0.405,0.209,102,57,41,33,0.524,0.209,0.712,0.316,0.233,0.172,58,35,32,29
0.597,0.946,0.755,-1.19,0.219,1,0.4331,0.3630,0.452,0.586,0.598,0.179,0.930,0.656,0.405,0.209,102,57,41,33,0.524,0.209,0.712,0.316,0.233,0.172,58,35,32,29
0.597,0.919,0.225,-0.08,0.108,0,0.4479,0.3786,0.416,0.059,0.598,0.179,0.930,0.656,0.405,0.209,102,57,41,33,0.524,0.209,0.712,0.316,0.233,0.172,58,35,32,29
0.612,0.881,0.259,1.42,0.221,0,0.4495,0.3835,0.181,-0.397,0.598,0.179,0.930,0.656,0.405,0.209,102,57,41,33,0.524,0.209,0.712,0.316,0.233,0.172,58,35,32,29
0.611,0.929,0.289,-0.52,0.062,0,0.4566,0.3911,0.240,0.341,0.598,0.179,0.930,0.656,0.405,0.209,102,57,41,33,0.524,0.209,0.712,0.316,0.233,0.172,58,35,32,29
0.592,0.895,0.193,0.85,0.046,0,0.4700,0.4042,0.382,0.06,0.598,0.179,0.930,0.656,0.405,0.209,102,57,41,33,0.524,0.209,0.712,0.316,0.233,0.172,58,35,32,29
0.592,0.948,0.250,-1.19,0.219,1,0.4815,0.4161,0.549,0.586,0.598,0.179,0.930,0.656,0.405,0.209,102,57,41,33,0.524,0.209,0.712,0.316,0.233,0.172,58,35,32,29
0.590,0.869,0.227,-0.79,0.151,-1,0.4934,0.4305,0.395,0.736,0.598,0.179,0.930,0.656,0.405,0.209,102,57,41,33,0.524,0.209,0.712,0.316,0.233,0.172,58,35,32,29
0.582,0.918,0.514,-1.19,0.219,1,0.5027,0.4419,0.503,0.586,0.598,0.179,0.930,0.656,0.405,0.209,102,57,41,33,0.524,0.209,0.712,0.316,0.233,0.172,58,35,32,29
0.620,0.890,0.200,0,0.000,0,0.5140,0.4542,0.330,0.166,0.598,0.179,0.930,0.656,0.405,0.209,102,57,41,33,0.524,0.209,0.712,0.316,0.233,0.172,58,35,32,29
0.617,0.904,0.351,-1.19,0.219,1,0.5095,0.4538,0.417,0.586,0.598,0.179,0.930,0.656,0.405,0.209,102,57,41,33,0.524,0.209,0.712,0.316,0.233,0.172,58,35,32,29
0.663,0.833,0.473,1.69,0.290,0,0.5134,0.4577,0.188,-0.697,0.598,0.179,0.930,0.656,0.405,0.209,102,57,41,33,0.524,0.209,0.712,0.316,0.233,0.172,58,35,32,29
0.625,0.778,0.549,-0.79,0.151,-1,0.5286,0.4705,0.429,0.736,0.598,0.179,0.930,0.656,0.405,0.209,102,57,41,33,0.524,0.209,0.712,0.316,0.233,0.172,58,35,32,29
0.609,0.769,0.033,-1.1,0.105,-1,0.5378,0.4787,0.422,0.192,0.598,0.179,0.930,0.656,0.405,0.209,102,57,41,33,0.524,0.209,0.712,0.316,0.233,0.172,58,35,32,29
0.609,0.731,0.056,1.42,0.221,0,0.5314,0.4749,0.170,-0.397,0.598,0.179,0.930,0.656,0.405,0.209,102,57,41,33,0.524,0.209,0.712,0.316,0.233,0.172,58,35,32,29
0.586,0.746,0.547,0.85,0.046,0,0.5184,0.4671,0.226,0.06,0.598,0.179,0.930,0.656,0.405,0.209,102,57,41,33,0.524,0.209,0.712,0.316,0.233,0.172,58,35,32,29
0.589,0.857,0.265,-1.19,0.219,1,0.5072,0.4615,0.537,0.586,0.598,0.179,0.930,0.656,0.405,0.209,102,57,41,33,0.524,0.209,0.712,0.316,0.233,0.172,58,35,32,29
0.179,0.755,0.001,0.85,0.046,0,0.4898,0.4526,0.259,0.06,0.598,0.179,0.930,0.656,0.405,0.209,102,57,41,33,0.524,0.209,0.712,0.316,0.233,0.172,58,35,32,29
0.603,0.729,0.057,-1.1,0.105,-1,0.4719,0.4456,0.230,0.192,0.598,0.179,0.930,0.656,0.405,0.209,102,57,41,33,0.524,0.209,0.712,0.316,0.233,0.172,58,35,32,29
0.576,0.881,0.545,-1.19,0.219,1,0.4591,0.4432,0.421,0.586,0.598,0.179,0.930,0.656,0.405,0.209,102,57,41,33,0.524,0.209,0.712,0.316,0.233,0.172,58,35,32,29
0.145,0.830,0.037,0.85,0.046,0,0.4575,0.4499,0.390,0.06,0.598,0.179,0.930,0.656,0.405,0.209,102,57,41,33,0.524,0.209,0.712,0.316,0.233,0.172,58,35,32,29
0.556,0.906,0.308,0.2,0.291,1,0.4473,0.4500,0.392,0.180,0.598,0.179,0.930,0.656,0.405,0.209,102,57,41,33,0.524,0.209,0.712,0.316,0.233,0.172,58,35,32,29
0.565,0.864,0.594,1.37,0.298,0,0.4601,0.4640,0.150,-0.510,0.598,0.179,0.930,0.656,0.405,0.209,102,57,41,33,0.524,0.209,0.712,0.316,0.233,0.172,58,35,32,29
0.597,0.816,0.422,-0.79,0.151,-1,0.4847,0.4853,0.331,0.736,0.598,0.179,0.930,0.656,0.405,0.209,102,57,41,33,0.524,0.209,0.712,0.316,0.233,0.172,58,35,32,29
0.602,0.901,0.520,0.2,0.291,1,0.5187,0.5105,0.470,0.180,0.598,0.179,0.930,0.656,0.405,0.209,102,57,41,33,0.524,0.209,0.712,0.316,0.233,0.172,58,35,32,29
0.581,0.805,0.151,-0.79,0.151,-1,0.5406,0.5294,0.307,0.736,0.598,0.179,0.930,0.656,0.405,0.209,102,57,41,33,0.524,0.209,0.712,0.316,0.233,0.172,58,35,32,29
0.577,0.744,0.498,1.42,0.221,0,0.5499,0.5386,0.118,-0.397,0.598,0.179,0.930,0.656,0.405,0.209,102,57,41,33,0.524,0.209,0.712,0.316,0.233,0.172,58,35,32,29
0.577,0.863,0.528,-1.19,0.219,1,0.5525,0.5441,0.426,0.586,0.598,0.179,0.930,0.656,0.405,0.209,102,57,41,33,0.524,0.209,0.712,0.316,0.233,0.172,58,35,32,29
0.594,0.797,0.379,-0.08,0.108,0,0.5430,0.5406,0.350,0.059,0.598,0.179,0.930,0.656,0.405,0.209,102,57,41,33,0.524,0.209,0.712,0.316,0.233,0.172,58,35,32,29
0.618,0.855,0.703,1.37,0.298,0,0.5309,0.5355,0.275,-0.510,0.598,0.179,0.930,0.656,0.405,0.209,102,57,41,33,0.524,0.209,0.712,0.316,0.233,0.172,58,35,32,29
0.582,0.744,0.667,3.14,0.186,0,0.5294,0.5384,0.173,-0.486,0.598,0.179,0.930,0.656,0.405,0.209,102,57,41,33,0.524,0.209,0.712,0.316,0.233,0.172,58,35,32,29
0.599,0.798,0.660,-1.14,0.131,0,0.5427,0.5511,0.365,0.987,0.598,0.179,0.930,0.656,0.405,0.209,102,57,41,33,0.524,0.209,0.712,0.316,0.233,0.172,58,35,32,29
0.592,0.844,0.549,-1.14,0.131,0,0.5472,0.5581,0.493,0.987,0.598,0.179,0.930,0.656,0.405,0.209,102,57,41,33,0.524,0.209,0.712,0.316,0.233,0.172,58,35,32,29
0.598,0.911,0.518,-1.19,0.219,1,0.5506,0.5626,0.579,0.586,0.598,0.179,0.930,0.656,0.405,0.209,102,57,41,33,0.524,0.209,0.712,0.316,0.233,0.172,58,35,32,29
0.602,0.834,0.531,0,0.000,0,0.5616,0.5700,0.363,0.166,0.598,0.179,0.930,0.656,0.405,0.209,102,57,41,33,0.524,0.209,0.712,0.316,0.233,0.172,58,35,32,29
0.599,0.793,0.415,-0.79,0.151,-1,0.5879,0.5869,0.486,0.736,0.598,0.179,0.930,0.656,0.405,0.209,102,57,41,33,0.524,0.209,0.712,0.316,0.233,0.172,58,35,32,29
0.614,0.835,0.471,-0.08,0.108,0,0.6302,0.6118,0.322,0.059,0.598,0.179,0.930,0.656,0.405,0.209,102,57,41,33,0.524,0.209,0.712,0.316,0.233,0.172,58,35,32,29
0.632,0.875,0.628,-1.19,0.219,1,0.6797,0.6402,0.444,0.586,0.598,0.179,0.930,0.656,0.405,0.209,102,57,41,33,0.524,0.209,0.712,0.316,0.233,0.172,58,35,32,29
0.613,0.877,0.742,-1.19,0.219,1,0.7254,0.6640,0.499,0.586,0.598,0.179,0.930,0.656,0.405,0.209,102,57,41,33,0.524,0.209,0.712,0.316,0.233,0.172,58,35,32,29
0.614,0.856,0.591,-1.19,0.219,1,0.7604,0.6804,0.423,0.586,0.598,0.179,0.930,0.656,0.405,0.209,102,57,41,33,0.524,0.209,0.712,0.316,0.233,0.172,58,35,32,29
0.621,0.777,0.388,1.69,0.290,0,0.7851,0.6905,0.158,-0.697,0.598,0.179,0.930,0.656,0.405,0.209,102,57,41,33,0.524,0.209,0.712,0.316,0.233,0.172,58,35,32,29
0.629,0.861,0.576,-1.19,0.219,1,0.7856,0.6834,0.556,0.586,0.598,0.179,0.930,0.656,0.405,0.209,102,57,41,33,0.524,0.209,0.712,0.316,0.233,0.172,58,35,32,29
0.635,0.800,0.223,-1.1,0.105,-1,0.7812,0.6762,0.359,0.192,0.598,0.179,0.930,0.656,0.405,0.209,102,57,41,33,0.524,0.209,0.712,0.316,0.233,0.172,58,35,32,29
0.619,0.824,0.061,-1.14,0.131,0,0.7427,0.6476,0.472,0.987,0.598,0.179,0.930,0.656,0.405,0.209,102,57,41,33,0.524,0.209,0.712,0.316,0.233,0.172,58,35,32,29
0.582,0.901,0.301,-0.48,0.134,0,0.6761,0.6004,0.583,0.007,0.598,0.179,0.930,0.656,0.405,0.209,102,57,41,33,0.524,0.209,0.712,0.316,0.233,0.172,58,35,32,29
0.580,0.802,0.358,0.85,0.046,0,0.5987,0.5458,0.282,0.06,0.598,0.179,0.930,0.656,0.405,0.209,102,57,41,33,0.524,0.209,0.712,0.316,0.233,0.172,58,35,32,29
0.581,0.831,0.428,-1.14,0.131,0,0.5254,0.4962,0.507,0.987,0.598,0.179,0.930,0.656,0.405,0.209,102,57,41,33,0.524,0.209,0.712,0.316,0.233,0.172,58,35,32,29
0.587,0.920,0.912,-1.19,0.219,1,0.4669,0.4564,0.600,0.586,0.598,0.179,0.930,0.656,0.405,0.209,102,57,41,33,0.524,0.209,0.712,0.316,0.233,0.172,58,35,32,29
0.575,0.913,0.995,0.2,0.291,1,0.4297,0.4285,0.390,0.180,0.598,0.179,0.930,0.656,0.405,0.209,102,57,41,33,0.524,0.209,0.712,0.316,0.233,0.172,58,35,32,29
0.549,0.841,0.804,-1.14,0.131,0,0.4212,0.4171,0.273,0.987,0.598,0.179,0.930,0.656,0.405,0.209,102,57,41,33,0.524,0.209,0.712,0.316,0.233,0.172,58,35,32,29
0.070,0.813,0.889,-1.14,0.131,0,0.4241,0.4137,0.251,0.987,0.598,0.179,0.930,0.656,0.405,0.209,102,57,41,33,0.524,0.209,0.712,0.316,0.233,0.172,58,35,32,29
0.544,0.861,0.843,-0.52,0.062,0,0.4259,0.4078,0.172,0.341,0.598,0.179,0.930,0.656,0.405,0.209,102,57,41,33,0.524,0.209,0.712,0.316,0.233,0.172,58,35,32,29
0.534,0.794,0.710,0.85,0.046,0,0.4222,0.3985,0.049,0.06,0.598,0.179,0.930,0.656,0.405,0.209,102,57,41,33,0.524,0.209,0.712,0.316,0.233,0.172,58,35,32,29
0.544,0.811,0.976,1.69,0.290,0,0.4231,0.3970,0.054,-0.697,0.598,0.179,0.930,0.656,0.405,0.209,102,57,41,33,0.524,0.209,0.712,0.316,0.233,0.172,58,35,32,29
0.545,0.771,0.955,1.69,0.290,0,0.4217,0.3950,0.107,-0.697,0.598,0.179,0.930,0.656,0.405,0.209,102,57,41,33,0.524,0.209,0.712,0.316,0.233,0.172,58,35,32,29
0.566,0.700,0.328,1.99,0.186,0,0.4184,0.3942,0.108,-0.326,0.598,0.179,0.930,0.656,0.405,0.209,102,57,41,33,0.524,0.209,0.712,0.316,0.233,0.172,58,35,32,29
0.567,0.815,0.412,1.69,0.290,0,0.4097,0.3873,0.072,-0.697,0.598,0.179,0.930,0.656,0.405,0.209,102,57,41,33,0.524,0.209,0.712,0.316,0.233,0.172,58,35,32,29
0.557,0.727,0.700,2.1,0.128,0,0.3942,0.3721,0.032,0.02,0.598,0.179,0.930,0.656,0.405,0.209,102,57,41,33,0.524,0.209,0.712,0.316,0.233,0.172,58,35,32,29
0.550,0.781,0.957,-0.52,0.062,0,0.3782,0.3536,0.148,0.341,0.598,0.179,0.930,0.656,0.405,0.209,102,57,41,33,0.524,0.209,0.712,0.316,0.233,0.172,58,35,32,29
0.546,0.737,0.210,-0.79,0.151,-1,0.3602,0.3322,0.335,0.736,0.598,0.179,0.930,0.656,0.405,0.209,102,57,41,33,0.524,0.209,0.712,0.316,0.233,0.172,58,35,32,29
0.549,0.829,0.227,1.37,0.298,0,0.3515,0.3187,0.170,-0.510,0.598,0.179,0.930,0.656,0.405,0.209,102,57,41,33,0.524,0.209,0.712,0.316,0.233,0.172,58,35,32,29
0.551,0.876,0.935,0.2,0.291,1,0.3472,0.3046,0.323,0.180,0.598,0.179,0.930,0.656,0.405,0.209,102,57,41,33,0.524,0.209,0.712,0.316,0.233,0.172,58,35,32,29
0.551,0.759,0.295,-1.14,0.131,0,0.3599,0.3022,0.371,0.987,0.598,0.179,0.930,0.656,0.405,0.209,102,57,41,33,0.524,0.209,0.712,0.316,0.233,0.172,58,35,32,29
0.549,0.845,0.236,-1.19,0.219,1,0.3744,0.2985,0.467,0.586,0.598,0.179,0.930,0.656,0.405,0.209,102,57,41,33,0.524,0.209,0.712,0.316,0.233,0.172,58,35,32,29
0.561,0.750,0.083,3.14,0.186,0,0.3961,0.3041,0.149,-0.486,0.598,0.179,0.930,0.656,0.405,0.209,102,57,41,33,0.524,0.209,0.712,0.316,0.233,0.172,58,35,32,29
0.571,0.866,0.577,-1.19,0.219,1,0.4302,0.3190,0.533,0.586,0.598,0.179,0.930,0.656,0.405,0.209,102,57,41,33,0.524,0.209,0.712,0.316,0.233,0.172,58,35,32,29
0.571,0.815,0.036,0,0.000,0,0.4800,0.3482,0.385,0.166,0.598,0.179,0.930,0.656,0.405,0.209,102,57,41,33,0.524,0.209,0.712,0.316,0.233,0.172,58,35,32,29
0.586,0.782,0.010,-0.79,0.151,-1,0.5326,0.3781,0.489,0.736,0.598,0.179,0.930,0.656,0.405,0.209,102,57,41,33,0.524,0.209,0.712,0.316,0.233,0.172,58,35,32,29
0.204,0.818,0.222,0.22,0.230,0,0.5753,0.4032,0.230,0.303,0.598,0.179,0.930,0.656,0.405,0.209,102,57,41,33,0.524,0.209,0.712,0.316,0.233,0.172,58,35,32,29
0.618,0.724,0.165,-1.14,0.131,0,0.6020,0.4149,0.346,0.987,0.598,0.179,0.930,0.656,0.405,0.209,102,57,41,33,0.524,0.209,0.712,0.316,0.233,0.172,58,35,32,29
0.640,0.723,0.196,0,0.000,0,0.6131,0.4144,0.335,0.166,0.598,0.179,0.930,0.656,0.405,0.209,102,57,41,33,0.524,0.209,0.712,0.316,0.233,0.172,58,35,32,29
0.656,0.327,0.612,1.99,0.186,0,0.6180,0.4108,0.145,-0.326,0.598,0.179,0.930,0.656,0.405,0.209,102,57,41,33,0.524,0.209,0.712,0.316,0.233,0.172,58,35,32,29
0.628,0.324,0.585,-0.52,0.062,0,0.6182,0.4028,0.155,0.341,0.598,0.179,0.930,0.656,0.405,0.209,102,57,41,33,0.524,0.209,0.712,0.316,0.233,0.172,58,35,32,29
0.637,0.287,0.984,3.14,0.186,0,0.6235,0.4004,0.103,-0.486,0.598,0.179,0.930,0.656,0.405,0.209,102,57,41,33,0.524,0.209,0.712,0.316,0.233,0.172,58,35,32,29
0.582,0.336,0.990,0,0.000,0,0.6260,0.3920,0.185,0.166,0.598,0.179,0.930,0.656,0.405,0.209,102,57,41,33,0.524,0.209,0.712,0.316,0.233,0.172,58,35,32,29
0.572,0.265,0.277,-1.1,0.105,-1,0.6254,0.3783,0.293,0.192,0.598,0.179,0.930,0.656,0.405,0.209,102,57,41,33,0.524,0.209,0.712,0.316,0.233,0.172,58,35,32,29
0.549,0.281,0.495,2.53,0.140,0,0.6170,0.3584,0.071,-0.121,0.598,0.179,0.930,0.656,0.405,0.209,102,57,41,33,0.524,0.209,0.712,0.316,0.233,0.172,58,35,32,29
0.545,0.296,0.983,0.85,0.046,0,0.6143,0.3463,0.060,0.06,0.598,0.179,0.930,0.656,0.405,0.209,102,57,41,33,0.524,0.209,0.712,0.316,0.233,0.172,58,35,32,29
0.556,0.741,0.987,-1.19,0.219,1,0.6097,0.3396,0.480,0.586,0.598,0.179,0.930,0.656,0.405,0.209,102,57,41,33,0.524,0.209,0.712,0.316,0.233,0.172,58,35,32,29
0.553,0.804,0.235,-1.19,0.219,1,0.6048,0.3348,0.349,0.586,0.598,0.179,0.930,0.656,0.405,0.209,102,57,41,33,0.524,0.209,0.712,0.316,0.233,0.172,58,35,32,29
0.553,0.362,0.107,1.99,0.186,0,0.6152,0.3403,0.121,-0.326,0.598,0.179,0.930,0.656,0.405,0.209,102,57,41,33,0.524,0.209,0.712,0.316,0.233,0.172,58,35,32,29
0.550,0.709,0.985,0,0.000,0,0.6216,0.3466,0.199,0.166,0.598,0.179,0.930,0.656,0.405,0.209,102,57,41,33,0.524,0.209,0.712,0.316,0.233,0.172,58,35,32,29
0.562,0.780,0.542,-0.79,0.151,-1,0.6233,0.3580,0.395,0.736,0.598,0.179,0.930,0.656,0.405,0.209,102,57,41,33,0.524,0.209,0.712,0.316,0.233,0.172,58,35,32,29
0.115,0.694,0.186,1.42,0.221,0,0.6210,0.3667,0.282,-0.397,0.598,0.179,0.930,0.656,0.405,0.209,102,57,41,33,0.524,0.209,0.712,0.316,0.233,0.172,58,35,32,29
0.556,0.776,0.981,1.76,0.409,0,0.6329,0.3898,0.150,-0.884,0.598,0.179,0.930,0.656,0.405,0.209,102,57,41,33,0.524,0.209,0.712,0.316,0.233,0.172,58,35,32,29
0.549,0.823,0.644,-0.48,0.134,0,0.6505,0.4125,0.370,0.007,0.598,0.179,0.930,0.656,0.405,0.209,102,57,41,33,0.524,0.209,0.712,0.316,0.233,0.172,58,35,32,29
0.541,0.791,0.087,-0.48,0.134,0,0.6660,0.4337,0.351,0.007,0.598,0.179,0.930,0.656,0.405,0.209,102,57,41,33,0.524,0.209,0.712,0.316,0.233,0.172,58,35,32,29
0.103,0.789,0.099,-0.08,0.108,0,0.6655,0.4393,0.252,0.059,0.598,0.179,0.930,0.656,0.405,0.209,102,57,41,33,0.524,0.209,0.712,0.316,0.233,0.172,58,35,32,29
0.127,0.772,0.076,0.85,0.046,0,0.6634,0.4427,0.234,0.06,0.598,0.179,0.930,0.656,0.405,0.209,102,57,41,33,0.524,0.209,0.712,0.316,0.233,0.172,58,35,32,29
0.552,0.788,0.094,0.85,0.046,0,0.6589,0.4455,0.382,0.06,0.598,0.179,0.930,0.656,0.405,0.209,102,57,41,33,0.524,0.209,0.712,0.316,0.233,0.172,58,35,32,29
0.542,0.775,0.038,-1.1,0.105,-1,0.6584,0.4506,0.472,0.192,0.598,0.179,0.930,0.656,0.405,0.209,102,57,41,33,0.524,0.209,0.712,0.316,0.233,0.172,58,35,32,29
0.552,0.758,0.173,-1.1,0.105,-1,0.6559,0.4562,0.438,0.192,0.598,0.179,0.930,0.656,0.405,0.209,102,57,41,33,0.524,0.209,0.712,0.316,0.233,0.172,58,35,32,29
0.551,0.891,0.466,-1.19,0.219,1,0.6558,0.4615,0.512,0.586,0.598,0.179,0.930,0.656,0.405,0.209,102,57,41,33,0.524,0.209,0.712,0.316,0.233,0.172,58,35,32,29
0.154,0.874,0.212,-0.42,0.180,0,0.6571,0.4691,0.418,0.318,0.598,0.179,0.930,0.656,0.405,0.209,102,57,41,33,0.524,0.209,0.712,0.316,0.233,0.172,58,35,32,29
0.560,0.782,0.242,-1.14,0.131,0,0.6426,0.4659,0.384,0.987,0.598,0.179,0.930,0.656,0.405,0.209,102,57,41,33,0.524,0.209,0.712,0.316,0.233,0.172,58,35,32,29
0.605,0.843,0.505,1.37,0.298,0,0.6323,0.4695,0.248,-0.510,0.598,0.179,0.930,0.656,0.405,0.209,102,57,41,33,0.524,0.209,0.712,0.316,0.233,0.172,58,35,32,29
0.610,0.767,0.551,-0.79,0.151,-1,0.6219,0.4745,0.416,0.736,0.598,0.179,0.930,0.656,0.405,0.209,102,57,41,33,0.524,0.209,0.712,0.316,0.233,0.172,58,35,32,29
0.606,0.894,0.184,-1.19,0.219,1,0.6118,0.4802,0.525,0.586,0.598,0.179,0.930,0.656,0.405,0.209,102,57,41,33,0.524,0.209,0.712,0.316,0.233,0.172,58,35,32,29
0.634,0.892,0.214,-1.19,0.219,1,0.5982,0.4734,0.325,0.586,0.598,0.179,0.930,0.656,0.405,0.209,102,57,41,33,0.524,0.209,0.712,0.316,0.233,0.172,58,35,32,29
0.629,0.745,0.623,0.85,0.046,0,0.5801,0.4600,0.098,0.06,0.598,0.179,0.930,0.656,0.405,0.209,102,57,41,33,0.524,0.209,0.712,0.316,0.233,0.172,58,35,32,29
0.625,0.772,0.101,0.85,0.046,0,0.5606,0.4472,0.402,0.06,0.598,0.179,0.930,0.656,0.405,0.209,102,57,41,33,0.524,0.209,0.712,0.316,0.233,0.172,58,35,32,29
0.630,0.857,0.029,-1.19,0.219,1,0.5300,0.4238,0.497,0.586,0.598,0.179,0.930,0.656,0.405,0.209,102,57,41,33,0.524,0.209,0.712,0.316,0.233,0.172,58,35,32,29
0.635,0.708,0.042,1.99,0.186,0,0.4996,0.4022,0.113,-0.326,0.598,0.179,0.930,0.656,0.405,0.209,102,57,41,33,0.524,0.209,0.712,0.316,0.233,0.172,58,35,32,29
0.602,0.806,0.869,-1.19,0.219,1,0.4790,0.3838,0.377,0.586,0.598,0.179,0.930,0.656,0.405,0.209,102,57,41,33,0.524,0.209,0.712,0.316,0.233,0.172,58,35,32,29
0.609,0.698,0.009,-0.79,0.151,-1,0.4666,0.3748,0.535,0.736,0.598,0.179,0.930,0.656,0.405,0.209,102,57,41,33,0.524,0.209,0.712,0.316,0.233,0.172,58,35,32,29
0.613,0.747,0.153,-1.19,0.219,1,0.4499,0.3612,0.417,0.586,0.598,0.179,0.930,0.656,0.405,0.209,102,57,41,33,0.524,0.209,0.712,0.316,0.233,0.172,58,35,32,29
0.649,0.695,0.909,1.37,0.298,0,0.4464,0.3599,0.146,-0.510,0.598,0.179,0.930,0.656,0.405,0.209,102,57,41,33,0.524,0.209,0.712,0.316,0.233,0.172,58,35,32,29
0.677,0.252,0.483,-0.79,0.151,-1,0.4519,0.3679,0.414,0.736,0.598,0.179,0.930,0.656,0.405,0.209,102,57,41,33,0.524,0.209,0.712,0.316,0.233,0.172,58,35,32,29
0.677,0.768,0.140,-1.19,0.219,1,0.4709,0.3869,0.537,0.586,0.598,0.179,0.930,0.656,0.405,0.209,102,57,41,33,0.524,0.209,0.712,0.316,0.233,0.172,58,35,32,29
0.645,0.262,0.010,-1.1,0.105,-1,0.4872,0.4026,0.200,0.192,0.598,0.179,0.930,0.656,0.405,0.209,102,57,41,33,0.524,0.209,0.712,0.316,0.233,0.172,58,35,32,29
0.640,0.248,0.596,3.14,0.186,0,0.5096,0.4184,0.078,-0.486,0.598,0.179,0.930,0.656,0.405,0.209,102,57,41,33,0.524,0.209,0.712,0.316,0.233,0.172,58,35,32,29
0.280,0.736,0.146,0.85,0.046,0,0.5294,0.4321,0.296,0.06,0.598,0.179,0.930,0.656,0.405,0.209,102,57,41,33,0.524,0.209,0.712,0.316,0.233,0.172,58,35,32,29
0.617,0.713,0.013,0.85,0.046,0,0.5429,0.4398,0.243,0.06,0.598,0.179,0.930,0.656,0.405,0.209,102,57,41,33,0.524,0.209,0.712,0.316,0.233,0.172,58,35,32,29
0.641,0.822,0.510,1.37,0.298,0,0.5491,0.4444,0.168,-0.510,0.598,0.179,0.930,0.656,0.405,0.209,102,57,41,33,0.524,0.209,0.712,0.316,0.233,0.172,58,35,32,29
0.641,0.805,0.740,0.2,0.291,1,0.5480,0.4407,0.376,0.180,0.598,0.179,0.930,0.656,0.405,0.209,102,57,41,33,0.524,0.209,0.712,0.316,0.233,0.172,58,35,32,29
0.336,0.248,0.540,0.85,0.046,0,0.5516,0.4424,0.460,0.06,0.598,0.179,0.930,0.656,0.405,0.209,102,57,41,33,0.524,0.209,0.712,0.316,0.233,0.172,58,35,32,29
0.642,0.854,0.652,-1.19,0.219,1,0.5472,0.4370,0.534,0.586,0.598,0.179,0.930,0.656,0.405,0.209,102,57,41,33,0.524,0.209,0.712,0.316,0.233,0.172,58,35,32,29
0.656,0.810,0.462,0,0.000,0,0.5426,0.4353,0.345,0.166,0.598,0.179,0.930,0.656,0.405,0.209,102,57,41,33,0.524,0.209,0.712,0.316,0.233,0.172,58,35,32,29
0.711,0.906,0.798,-1.19,0.219,1,0.5469,0.4427,0.436,0.586,0.598,0.179,0.930,0.656,0.405,0.209,102,57,41,33,0.524,0.209,0.712,0.316,0.233,0.172,58,35,32,29
0.682,0.895,0.542,-1.14,0.131,0,0.5497,0.4505,0.417,0.987,0.598,0.179,0.930,0.656,0.405,0.209,102,57,41,33,0.524,0.209,0.712,0.316,0.233,0.172,58,35,32,29
0.661,0.866,0.524,-1.1,0.105,-1,0.5551,0.4564,0.441,0.192,0.598,0.179,0.930,0.656,0.405,0.209,102,57,41,33,0.524,0.209,0.712,0.316,0.233,0.172,58,35,32,29
0.692,0.885,0.498,0.85,0.046,0,0.5595,0.4568,0.223,0.06,0.598,0.179,0.930,0.656,0.405,0.209,102,57,41,33,0.524,0.209,0.712,0.316,0.233,0.172,58,35,32,29
0.698,0.866,0.547,0.85,0.046,0,0.5670,0.4582,0.270,0.06,0.598,0.179,0.930,0.656,0.405,0.209,102,57,41,33,0.524,0.209,0.712,0.316,0.233,0.172,58,35,32,29
0.727,0.916,0.617,-1.19,0.219,1,0.5767,0.4538,0.445,0.586,0.598,0.179,0.930,0.656,0.405,0.209,102,57,41,33,0.524,0.209,0.712,0.316,0.233,0.172,58,35,32,29
0.774,0.928,0.636,-1.19,0.219,1,0.5867,0.4476,0.478,0.586,0.598,0.179,0.930,0.656,0.405,0.209,102,57,41,33,0.524,0.209,0.712,0.316,0.233,0.172,58,35,32,29
0.798,0.908,0.432,0,0.000,0,0.5966,0.4400,0.205,0.166,0.598,0.179,0.930,0.656,0.405,0.209,102,57,41,33,0.524,0.209,0.712,0.316,0.233,0.172,58,35,32,29
0.826,0.892,0.248,2.53,0.140,0,0.6069,0.4362,0.191,-0.121,0.598,0.179,0.930,0.656,0.405,0.209,102,57,41,33,0.524,0.209,0.712,0.316,0.233,0.172,58,35,32,29
0.769,0.871,0.349,2.53,0.140,0,0.6097,0.4289,0.235,-0.121,0.598,0.179,0.930,0.656,0.405,0.209,102,57,41,33,0.524,0.209,0.712,0.316,0.233,0.172,58,35,32,29
0.737,0.946,0.467,-1.19,0.219,1,0.6178,0.4287,0.484,0.586,0.598,0.179,0.930,0.656,0.405,0.209,102,57,41,33,0.524,0.209,0.712,0.316,0.233,0.172,58,35,32,29
0.680,0.839,0.178,0.85,0.046,0,0.6277,0.4381,0.171,0.06,0.598,0.179,0.930,0.656,0.405,0.209,102,57,41,33,0.524,0.209,0.712,0.316,0.233,0.172,58,35,32,29
0.681,0.853,0.155,-0.79,0.151,-1,0.6398,0.4565,0.351,0.736,0.598,0.179,0.930,0.656,0.405,0.209,102,57,41,33,0.524,0.209,0.712,0.316,0.233,0.172,58,35,32,29
0.681,0.923,0.421,-1.19,0.219,1,0.6528,0.4814,0.459,0.586,0.598,0.179,0.930,0.656,0.405,0.209,102,57,41,33,0.524,0.209,0.712,0.316,0.233,0.172,58,35,32,29
0.654,0.802,0.454,-0.52,0.062,0,0.6687,0.5088,0.307,0.341,0.598,0.179,0.930,0.656,0.405,0.209,102,57,41,33,0.524,0.209,0.712,0.316,0.233,0.172,58,35,32,29
0.630,0.843,0.582,-1.19,0.219,1,0.6944,0.5427,0.471,0.586,0.598,0.179,0.930,0.656,0.405,0.209,102,57,41,33,0.524,0.209,0.712,0.316,0.233,0.172,58,35,32,29
0.604,0.776,0.638,-1.19,0.219,1,0.7198,0.5726,0.480,0.586,0.598,0.179,0.930,0.656,0.405,0.209,102,57,41,33,0.524,0.209,0.712,0.316,0.233,0.172,58,35,32,29
0.570,0.356,0.507,-1.19,0.219,1,0.7492,0.6074,0.440,0.586,0.598,0.179,0.930,0.656,0.405,0.209,102,57,41,33,0.524,0.209,0.712,0.316,0.233,0.172,58,35,32,29
0.556,0.304,0.442,-1.19,0.219,1,0.7842,0.6460,0.467,0.586,0.598,0.179,0.930,0.656,0.405,0.209,102,57,41,33,0.524,0.209,0.712,0.316,0.233,0.172,58,35,32,29
0.554,0.152,0.045,-0.79,0.151,-1,0.8173,0.6838,0.473,0.736,0.598,0.179,0.930,0.656,0.405,0.209,102,57,41,33,0.524,0.209,0.712,0.316,0.233,0.172,58,35,32,29
0.544,0.115,0.044,-0.79,0.151,-1,0.8490,0.7202,0.503,0.736,0.598,0.179,0.930,0.656,0.405,0.209,102,57,41,33,0.524,0.209,0.712,0.316,0.233,0.172,58,35,32,29
0.528,0.104,0.004,-0.79,0.151,-1,0.8714,0.7534,0.475,0.736,0.598,0.179,0.930,0.656,0.405,0.209,102,57,41,33,0.524,0.209,0.712,0.316,0.233,0.172,58,35,32,29
0.523,0.096,0.039,-1.1,0.105,-1,0.8904,0.7884,0.433,0.192,0.598,0.179,0.930,0.656,0.405,0.209,102,57,41,33,0.524,0.209,0.712,0.316,0.233,0.172,58,35,32,29
0.523,0.090,0.009,-1.1,0.105,-1,0.9072,0.8236,0.462,0.192,0.598,0.179,0.930,0.656,0.405,0.209,102,57,41,33,0.524,0.209,0.712,0.316,0.233,0.172,58,35,32,29
0.514,0.088,0.006,-0.79,0.151,-1,0.9214,0.8581,0.522,0.736,0.598,0.179,0.930,0.656,0.405,0.209,102,57,41,33,0.524,0.209,0.712,0.316,0.233,0.172,58,35,32,29
0.511,0.088,0.031,-0.79,0.151,-1,0.9342,0.8921,0.507,0.736,0.598,0.179,0.930,0.656,0.405,0.209,102,57,41,33,0.524,0.209,0.712,0.316,0.233,0.172,58,35,32,29
0.507,0.086,0.065,-1.1,0.105,-1,0.9446,0.9229,0.447,0.192,0.598,0.179,0.930,0.656,0.405,0.209,102,57,41,33,0.524,0.209,0.712,0.316,0.233,0.172,58,35,32,29
0.504,0.081,0.022,-0.79,0.151,-1,0.9517,0.9477,0.473,0.736,0.598,0.179,0.930,0.656,0.405,0.209,102,57,41,33,0.524,0.209,0.712,0.316,0.233,0.172,58,35,32,29
0.503,0.081,0.010,-0.79,0.151,-1,0.9607,0.9693,0.497,0.736,0.598,0.179,0.930,0.656,0.405,0.209,102,57,41,33,0.524,0.209,0.712,0.316,0.233,0.172,58,35,32,29
0.502,0.080,0.007,-1.1,0.105,-1,0.9693,0.9858,0.407,0.192,0.598,0.179,0.930,0.656,0.405,0.209,102,57,41,33,0.524,0.209,0.712,0.316,0.233,0.172,58,35,32,29
0.502,0.080,0.002,-0.79,0.151,-1,0.9750,0.9973,0.403,0.736,0.598,0.179,0.930,0.656,0.405,0.209,102,57,41,33,0.524,0.209,0.712,0.316,0.233,0.172,58,35,32,29
0.502,0.080,0.001,-0.79,0.151,-1,0.9776,1.0026,0.462,0.736,0.598,0.179,0.930,0.656,0.405,0.209,102,57,41,33,0.524,0.209,0.712,0.316,0.233,0.172,58,35,32,29
0.502,0.079,0.011,-0.79,0.151,-1,0.9778,1.0032,0.416,0.736,0.598,0.179,0.930,0.656,0.405,0.209,102,57,41,33,0.524,0.209,0.712,0.316,0.233,0.172,58,35,32,29
0.502,0.079,0.013,-0.79,0.151,-1,0.9775,1.0029,0.405,0.736,0.598,0.179,0.930,0.656,0.405,0.209,102,57,41,33,0.524,0.209,0.712,0.316,0.233,0.172,58,35,32,29
0.502,0.080,0.004,-0.79,0.151,-1,0.9760,0.9997,0.428,0.736,0.598,0.179,0.930,0.656,0.405,0.209,102,57,41,33,0.524,0.209,0.712,0.316,0.233,0.172,58,35,32,29
0.502,0.080,0.002,-0.79,0.151,-1,0.9754,0.9992,0.453,0.736,0.598,0.179,0.930,0.656,0.405,0.209,102,57,41,33,0.524,0.209,0.712,0.316,0.233,0.172,58,35,32,29
0.503,0.079,0.001,-0.79,0.151,-1,0.9755,0.9992,0.418,0.736,0.598,0.179,0.930,0.656,0.405,0.209,102,57,41,33,0.524,0.209,0.712,0.316,0.233,0.172,58,35,32,29
0.503,0.080,0.001,-0.79,0.151,-1,0.9761,0.9995,0.432,0.736,0.598,0.179,0.930,0.656,0.405,0.209,102,57,41,33,0.524,0.209,0.712,0.316,0.233,0.172,58,35,32,29
0.503,0.078,0.003,-1.1,0.105,-1,0.9767,1.0000,0.428,0.192,0.598,0.179,0.930,0.656,0.405,0.209,102,57,41,33,0.524,0.209,0.712,0.316,0.233,0.172,58,35,32,29
0.503,0.078,0.001,-0.79,0.151,-1,0.9769,0.9999,0.469,0.736,0.598,0.179,0.930,0.656,0.405,0.209,102,57,41,33,0.524,0.209,0.712,0.316,0.233,0.172,58,35,32,29
0.503,0.078,0.003,-1.1,0.105,-1,0.9771,0.9999,0.484,0.192,0.598,0.179,0.930,0.656,0.405,0.209,102,57,41,33,0.524,0.209,0.712,0.316,0.233,0.172,58,35,32,29
0.503,0.078,0.005,-0.79,0.151,-1,0.9772,1.0000,0.453,0.736,0.598,0.179,0.930,0.656,0.405,0.209,102,57,41,33,0.524,0.209,0.712,0.316,0.233,0.172,58,35,32,29
0.503,0.078,0.005,-0.79,0.151,-1,0.9772,1.0000,0.499,0.736,0.598,0.179,0.930,0.656,0.405,0.209,102,57,41,33,0.524,0.209,0.712,0.316,0.233,0.172,58,35,32,29
0.503,0.078,0.028,-0.79,0.151,-1,0.9772,1.0001,0.465,0.736,0.598,0.179,0.930,0.656,0.405,0.209,102,57,41,33,0.524,0.209,0.712,0.316,0.233,0.172,58,35,32,29
0.504,0.078,0.124,-1.1,0.105,-1,0.9771,1.0000,0.470,0.192,0.598,0.179,0.930,0.656,0.405,0.209,102,57,41,33,0.524,0.209,0.712,0.316,0.233,0.172,58,35,32,29
0.504,0.078,0.045,-1.1,0.105,-1,0.9770,1.0000,0.459,0.192,0.598,0.179,0.930,0.656,0.405,0.209,102,57,41,33,0.524,0.209,0.712,0.316,0.233,0.172,58,35,32,29
0.505,0.078,0.023,-1.1,0.105,-1,0.9770,1.0000,0.531,0.192,0.598,0.179,0.930,0.656,0.405,0.209,102,57,41,33,0.524,0.209,0.712,0.316,0.233,0.172,58,35,32,29
0.505,0.078,0.055,-1.1,0.105,-1,0.9772,0.9999,0.588,0.192,0.598,0.179,0.930,0.656,0.405,0.209,102,57,41,33,0.524,0.209,0.712,0.316,0.233,0.172,58,35,32,29
0.506,0.078,0.093,-0.79,0.151,-1,0.9779,1.0000,0.773,0.736,0.598,0.179,0.930,0.656,0.405,0.209,102,57,41,33,0.524,0.209,0.712,0.316,0.233,0.172,58,35,32,29
