0.300,0.235,0.387,1.42,0.221,0,0.7522,0.9842,0.747,-0.397,0.880,0.095,1.000,1.000,1.000,0.975,202,202,202,167,0.775,0.146,1.000,0.960,0.871,0.683,202,112,109,53
0.308,0.316,0.223,-1.1,0.105,-1,0.7236,0.9688,0.476,0.192,0.880,0.095,1.000,1.000,1.000,0.975,202,202,202,167,0.775,0.146,1.000,0.960,0.871,0.683,202,112,109,53
0.295,0.365,0.294,-1.14,0.131,0,0.7227,0.9526,0.490,0.987,0.880,0.095,1.000,1.000,1.000,0.975,202,202,202,167,0.775,0.146,1.000,0.960,0.871,0.683,202,112,109,53
0.269,0.794,0.670,-1.19,0.219,1,0.7386,0.9348,0.631,0.586,0.880,0.095,1.000,1.000,1.000,0.975,202,202,202,167,0.775,0.146,1.000,0.960,0.871,0.683,202,112,109,53
0.263,0.780,0.426,-1.1,0.105,-1,0.7631,0.9151,0.410,0.192,0.880,0.095,1.000,1.000,1.000,0.975,202,202,202,167,0.775,0.146,1.000,0.960,0.871,0.683,202,112,109,53
0.244,0.872,0.799,0.2,0.291,1,0.7898,0.8937,0.420,0.180,0.880,0.095,1.000,1.000,1.000,0.975,202,202,202,167,0.775,0.146,1.000,0.960,0.871,0.683,202,112,109,53
0.228,0.876,0.813,-1.19,0.219,1,0.8143,0.8710,0.499,0.586,0.880,0.095,1.000,1.000,1.000,0.975,202,202,202,167,0.775,0.146,1.000,0.960,0.871,0.683,202,112,109,53
0.236,0.859,0.731,-1.19,0.219,1,0.8339,0.8477,0.434,0.586,0.880,0.095,1.000,1.000,1.000,0.975,202,202,202,167,0.775,0.146,1.000,0.960,0.871,0.683,202,112,109,53
0.224,0.701,0.312,3.14,0.186,0,0.8472,0.8244,0.094,-0.486,0.880,0.095,1.000,1.000,1.000,0.975,202,202,202,167,0.775,0.146,1.000,0.960,0.871,0.683,202,112,109,53
0.220,0.767,0.695,-0.42,0.180,0,0.8536,0.8019,0.341,0.318,0.880,0.095,1.000,1.000,1.000,0.975,202,202,202,167,0.775,0.146,1.000,0.960,0.871,0.683,202,112,109,53
0.210,0.759,0.460,1.69,0.290,0,0.8611,0.7854,0.107,-0.697,0.880,0.095,1.000,1.000,1.000,0.975,202,202,202,167,0.775,0.146,1.000,0.960,0.871,0.683,202,112,109,53
0.194,0.699,0.535,-0.52,0.062,0,0.8480,0.7636,0.228,0.341,0.880,0.095,1.000,1.000,1.000,0.975,202,202,202,167,0.775,0.146,1.000,0.960,0.871,0.683,202,112,109,53
0.208,0.358,0.240,2.53,0.140,0,0.8406,0.7458,0.112,-0.121,0.880,0.095,1.000,1.000,1.000,0.975,202,202,202,167,0.775,0.146,1.000,0.960,0.871,0.683,202,112,109,53
0.211,0.355,0.136,-1.14,0.131,0,0.8203,0.7246,0.359,0.987,0.880,0.095,1.000,1.000,1.000,0.975,202,202,202,167,0.775,0.146,1.000,0.960,0.871,0.683,202,112,109,53
0.173,0.269,0.115,0.85,0.046,0,0.8008,0.7068,0.200,0.06,0.880,0.095,1.000,1.000,1.000,0.975,202,202,202,167,0.775,0.146,1.000,0.960,0.871,0.683,202,112,109,53
0.148,0.235,0.040,-1.14,0.131,0,0.7773,0.6867,0.429,0.987,0.880,0.095,1.000,1.000,1.000,0.975,202,202,202,167,0.775,0.146,1.000,0.960,0.871,0.683,202,112,109,53
0.149,0.272,0.031,-1.14,0.131,0,0.7548,0.6679,0.434,0.987,0.880,0.095,1.000,1.000,1.000,0.975,202,202,202,167,0.775,0.146,1.000,0.960,0.871,0.683,202,112,109,53
0.117,0.288,0.190,-0.52,0.062,0,0.7387,0.6515,0.478,0.341,0.880,0.095,1.000,1.000,1.000,0.975,202,202,202,167,0.775,0.146,1.000,0.960,0.871,0.683,202,112,109,53
0.098,0.700,0.428,-0.42,0.180,0,0.7284,0.6379,0.520,0.318,0.880,0.095,1.000,1.000,1.000,0.975,202,202,202,167,0.775,0.146,1.000,0.960,0.871,0.683,202,112,109,53
0.105,0.287,0.133,1.99,0.186,0,0.7376,0.6396,0.253,-0.326,0.880,0.095,1.000,1.000,1.000,0.975,202,202,202,167,0.775,0.146,1.000,0.960,0.871,0.683,202,112,109,53
0.112,0.294,0.232,-1.1,0.105,-1,0.7656,0.6585,0.325,0.192,0.880,0.095,1.000,1.000,1.000,0.975,202,202,202,167,0.775,0.146,1.000,0.960,0.871,0.683,202,112,109,53
0.141,0.335,0.205,-1.14,0.131,0,0.8018,0.6843,0.398,0.987,0.880,0.095,1.000,1.000,1.000,0.975,202,202,202,167,0.775,0.146,1.000,0.960,0.871,0.683,202,112,109,53
0.129,0.775,0.365,0.2,0.291,1,0.8353,0.7087,0.481,0.180,0.880,0.095,1.000,1.000,1.000,0.975,202,202,202,167,0.775,0.146,1.000,0.960,0.871,0.683,202,112,109,53
0.122,0.702,0.045,-0.42,0.180,0,0.8571,0.7215,0.187,0.318,0.880,0.095,1.000,1.000,1.000,0.975,202,202,202,167,0.775,0.146,1.000,0.960,0.871,0.683,202,112,109,53
0.122,0.360,0.046,2.53,0.140,0,0.8694,0.7282,0.090,-0.121,0.880,0.095,1.000,1.000,1.000,0.975,202,202,202,167,0.775,0.146,1.000,0.960,0.871,0.683,202,112,109,53
0.122,0.736,0.128,-0.79,0.151,-1,0.8611,0.7216,0.281,0.736,0.880,0.095,1.000,1.000,1.000,0.975,202,202,202,167,0.775,0.146,1.000,0.960,0.871,0.683,202,112,109,53
0.133,0.781,0.132,1.42,0.221,0,0.8359,0.7056,0.157,-0.397,0.880,0.095,1.000,1.000,1.000,0.975,202,202,202,167,0.775,0.146,1.000,0.960,0.871,0.683,202,112,109,53
0.139,0.801,0.166,3.14,0.186,0,0.7985,0.6803,0.076,-0.486,0.880,0.095,1.000,1.000,1.000,0.975,202,202,202,167,0.775,0.146,1.000,0.960,0.871,0.683,202,112,109,53
0.109,0.886,0.606,0.2,0.291,1,0.7560,0.6509,0.325,0.180,0.880,0.095,1.000,1.000,1.000,0.975,202,202,202,167,0.775,0.146,1.000,0.960,0.871,0.683,202,112,109,53
0.117,0.894,0.490,0.2,0.291,1,0.7117,0.6197,0.443,0.180,0.880,0.095,1.000,1.000,1.000,0.975,202,202,202,167,0.775,0.146,1.000,0.960,0.871,0.683,202,112,109,53
0.117,0.920,0.621,0.2,0.291,1,0.6786,0.5963,0.392,0.180,0.880,0.095,1.000,1.000,1.000,0.975,202,202,202,167,0.775,0.146,1.000,0.960,0.871,0.683,202,112,109,53
0.128,0.932,0.743,0.2,0.291,1,0.6559,0.5811,0.360,0.180,0.880,0.095,1.000,1.000,1.000,0.975,202,202,202,167,0.775,0.146,1.000,0.960,0.871,0.683,202,112,109,53
0.109,0.904,0.380,-1.14,0.131,0,0.6521,0.5818,0.371,0.987,0.880,0.095,1.000,1.000,1.000,0.975,202,202,202,167,0.775,0.146,1.000,0.960,0.871,0.683,202,112,109,53
0.113,0.931,0.466,-0.08,0.108,0,0.6641,0.5916,0.257,0.059,0.880,0.095,1.000,1.000,1.000,0.975,202,202,202,167,0.775,0.146,1.000,0.960,0.871,0.683,202,112,109,53
0.123,0.889,0.171,-1.14,0.131,0,0.6876,0.6072,0.270,0.987,0.880,0.095,1.000,1.000,1.000,0.975,202,202,202,167,0.775,0.146,1.000,0.960,0.871,0.683,202,112,109,53
0.129,0.845,0.092,0.85,0.046,0,0.7186,0.6252,0.163,0.06,0.880,0.095,1.000,1.000,1.000,0.975,202,202,202,167,0.775,0.146,1.000,0.960,0.871,0.683,202,112,109,53
0.150,0.789,0.059,1.42,0.221,0,0.7490,0.6401,0.099,-0.397,0.880,0.095,1.000,1.000,1.000,0.975,202,202,202,167,0.775,0.146,1.000,0.960,0.871,0.683,202,112,109,53
0.118,0.496,0.001,1.99,0.186,0,0.7811,0.6541,0.079,-0.326,0.880,0.095,1.000,1.000,1.000,0.975,202,202,202,167,0.775,0.146,1.000,0.960,0.871,0.683,202,112,109,53
0.099,0.484,0.005,1.69,0.290,0,0.8154,0.6685,0.082,-0.697,0.880,0.095,1.000,1.000,1.000,0.975,202,202,202,167,0.775,0.146,1.000,0.960,0.871,0.683,202,112,109,53
0.077,0.717,0.260,0.2,0.291,1,0.8497,0.6828,0.222,0.180,0.880,0.095,1.000,1.000,1.000,0.975,202,202,202,167,0.775,0.146,1.000,0.960,0.871,0.683,202,112,109,53
0.074,0.353,0.110,1.99,0.186,0,0.8742,0.6908,0.047,-0.326,0.880,0.095,1.000,1.000,1.000,0.975,202,202,202,167,0.775,0.146,1.000,0.960,0.871,0.683,202,112,109,53
0.075,0.358,0.299,-0.52,0.062,0,0.8855,0.6880,0.156,0.341,0.880,0.095,1.000,1.000,1.000,0.975,202,202,202,167,0.775,0.146,1.000,0.960,0.871,0.683,202,112,109,53
0.069,0.322,0.362,-0.79,0.151,-1,0.8897,0.6853,0.388,0.736,0.880,0.095,1.000,1.000,1.000,0.975,202,202,202,167,0.775,0.146,1.000,0.960,0.871,0.683,202,112,109,53
0.078,0.399,0.388,0.22,0.230,0,0.8850,0.6783,0.349,0.303,0.880,0.095,1.000,1.000,1.000,0.975,202,202,202,167,0.775,0.146,1.000,0.960,0.871,0.683,202,112,109,53
0.079,0.357,0.289,-0.52,0.062,0,0.8827,0.6762,0.319,0.341,0.880,0.095,1.000,1.000,1.000,0.975,202,202,202,167,0.775,0.146,1.000,0.960,0.871,0.683,202,112,109,53
0.086,0.298,0.188,-0.52,0.062,0,0.8809,0.6801,0.278,0.341,0.880,0.095,1.000,1.000,1.000,0.975,202,202,202,167,0.775,0.146,1.000,0.960,0.871,0.683,202,112,109,53
0.086,0.230,0.015,-1.14,0.131,0,0.8848,0.6917,0.445,0.987,0.880,0.095,1.000,1.000,1.000,0.975,202,202,202,167,0.775,0.146,1.000,0.960,0.871,0.683,202,112,109,53
0.087,0.192,0.003,-0.79,0.151,-1,0.8970,0.7105,0.566,0.736,0.880,0.095,1.000,1.000,1.000,0.975,202,202,202,167,0.775,0.146,1.000,0.960,0.871,0.683,202,112,109,53
0.089,0.166,0.003,-0.79,0.151,-1,0.9101,0.7300,0.486,0.736,0.880,0.095,1.000,1.000,1.000,0.975,202,202,202,167,0.775,0.146,1.000,0.960,0.871,0.683,202,112,109,53
0.088,0.204,0.001,-0.79,0.151,-1,0.9263,0.7504,0.490,0.736,0.880,0.095,1.000,1.000,1.000,0.975,202,202,202,167,0.775,0.146,1.000,0.960,0.871,0.683,202,112,109,53
0.087,0.210,0.000,0.85,0.046,0,0.9444,0.7698,0.292,0.06,0.880,0.095,1.000,1.000,1.000,0.975,202,202,202,167,0.775,0.146,1.000,0.960,0.871,0.683,202,112,109,53
0.094,0.218,0.032,-0.52,0.062,0,0.9615,0.7863,0.313,0.341,0.880,0.095,1.000,1.000,1.000,0.975,202,202,202,167,0.775,0.146,1.000,0.960,0.871,0.683,202,112,109,53
0.095,0.211,0.076,-1.14,0.131,0,0.9676,0.7897,0.399,0.987,0.880,0.095,1.000,1.000,1.000,0.975,202,202,202,167,0.775,0.146,1.000,0.960,0.871,0.683,202,112,109,53
0.117,0.280,0.385,0.22,0.230,0,0.9690,0.7907,0.356,0.303,0.880,0.095,1.000,1.000,1.000,0.975,202,202,202,167,0.775,0.146,1.000,0.960,0.871,0.683,202,112,109,53
0.135,0.264,0.322,-0.42,0.180,0,0.9582,0.7829,0.346,0.318,0.880,0.095,1.000,1.000,1.000,0.975,202,202,202,167,0.775,0.146,1.000,0.960,0.871,0.683,202,112,109,53
0.135,0.344,0.532,0.2,0.291,1,0.9505,0.7772,0.413,0.180,0.880,0.095,1.000,1.000,1.000,0.975,202,202,202,167,0.775,0.146,1.000,0.960,0.871,0.683,202,112,109,53
0.158,0.229,0.331,0.85,0.046,0,0.9437,0.7722,0.279,0.06,0.880,0.095,1.000,1.000,1.000,0.975,202,202,202,167,0.775,0.146,1.000,0.960,0.871,0.683,202,112,109,53
0.171,0.238,0.347,-0.52,0.062,0,0.9381,0.7687,0.339,0.341,0.880,0.095,1.000,1.000,1.000,0.975,202,202,202,167,0.775,0.146,1.000,0.960,0.871,0.683,202,112,109,53
0.216,0.229,0.513,0,0.000,0,0.9274,0.7629,0.309,0.166,0.880,0.095,1.000,1.000,1.000,0.975,202,202,202,167,0.775,0.146,1.000,0.960,0.871,0.683,202,112,109,53
0.223,0.249,0.271,-0.79,0.151,-1,0.9086,0.7494,0.472,0.736,0.880,0.095,1.000,1.000,1.000,0.975,202,202,202,167,0.775,0.146,1.000,0.960,0.871,0.683,202,112,109,53
0.256,0.273,0.316,0,0.000,0,0.8907,0.7392,0.241,0.166,0.880,0.095,1.000,1.000,1.000,0.975,202,202,202,167,0.775,0.146,1.000,0.960,0.871,0.683,202,112,109,53
0.261,0.719,0.470,0.22,0.230,0,0.8743,0.7245,0.288,0.303,0.880,0.095,1.000,1.000,1.000,0.975,202,202,202,167,0.775,0.146,1.000,0.960,0.871,0.683,202,112,109,53
0.252,0.745,0.594,0.22,0.230,0,0.8574,0.7049,0.308,0.303,0.880,0.095,1.000,1.000,1.000,0.975,202,202,202,167,0.775,0.146,1.000,0.960,0.871,0.683,202,112,109,53
0.237,0.281,0.338,1.99,0.186,0,0.8480,0.6901,0.133,-0.326,0.880,0.095,1.000,1.000,1.000,0.975,202,202,202,167,0.775,0.146,1.000,0.960,0.871,0.683,202,112,109,53
0.213,0.797,0.608,-1.19,0.219,1,0.8403,0.6754,0.420,0.586,0.880,0.095,1.000,1.000,1.000,0.975,202,202,202,167,0.775,0.146,1.000,0.960,0.871,0.683,202,112,109,53
0.211,0.745,0.527,-0.52,0.062,0,0.8348,0.6614,0.210,0.341,0.880,0.095,1.000,1.000,1.000,0.975,202,202,202,167,0.775,0.146,1.000,0.960,0.871,0.683,202,112,109,53
0.196,0.823,0.828,-1.19,0.219,1,0.8289,0.6480,0.420,0.586,0.880,0.095,1.000,1.000,1.000,0.975,202,202,202,167,0.775,0.146,1.000,0.960,0.871,0.683,202,112,109,53
0.204,0.859,0.772,0.2,0.291,1,0.8224,0.6394,0.432,0.180,0.880,0.095,1.000,1.000,1.000,0.975,202,202,202,167,0.775,0.146,1.000,0.960,0.871,0.683,202,112,109,53
0.194,0.784,0.709,-0.52,0.062,0,0.8137,0.6326,0.319,0.341,0.880,0.095,1.000,1.000,1.000,0.975,202,202,202,167,0.775,0.146,1.000,0.960,0.871,0.683,202,112,109,53
0.231,0.817,0.757,-0.48,0.134,0,0.8010,0.6259,0.281,0.007,0.880,0.095,1.000,1.000,1.000,0.975,202,202,202,167,0.775,0.146,1.000,0.960,0.871,0.683,202,112,109,53
0.276,0.721,0.590,-1.14,0.131,0,0.7758,0.6086,0.321,0.987,0.880,0.095,1.000,1.000,1.000,0.975,202,202,202,167,0.775,0.146,1.000,0.960,0.871,0.683,202,112,109,53
0.271,0.683,0.484,2.1,0.128,0,0.7518,0.5939,0.137,0.02,0.880,0.095,1.000,1.000,1.000,0.975,202,202,202,167,0.775,0.146,1.000,0.960,0.871,0.683,202,112,109,53
0.249,0.273,0.290,0.85,0.046,0,0.7229,0.5737,0.260,0.06,0.880,0.095,1.000,1.000,1.000,0.975,202,202,202,167,0.775,0.146,1.000,0.960,0.871,0.683,202,112,109,53
0.242,0.713,0.557,1.37,0.298,0,0.7086,0.5595,0.208,-0.510,0.880,0.095,1.000,1.000,1.000,0.975,202,202,202,167,0.775,0.146,1.000,0.960,0.871,0.683,202,112,109,53
0.238,0.700,0.439,-0.08,0.108,0,0.7034,0.5493,0.255,0.059,0.880,0.095,1.000,1.000,1.000,0.975,202,202,202,167,0.775,0.146,1.000,0.960,0.871,0.683,202,112,109,53
0.198,0.300,0.322,-1.14,0.131,0,0.7098,0.5438,0.260,0.987,0.880,0.095,1.000,1.000,1.000,0.975,202,202,202,167,0.775,0.146,1.000,0.960,0.871,0.683,202,112,109,53
0.156,0.710,0.320,-1.14,0.131,0,0.7084,0.5311,0.430,0.987,0.880,0.095,1.000,1.000,1.000,0.975,202,202,202,167,0.775,0.146,1.000,0.960,0.871,0.683,202,112,109,53
0.133,0.755,0.730,-0.52,0.062,0,0.7071,0.5175,0.204,0.341,0.880,0.095,1.000,1.000,1.000,0.975,202,202,202,167,0.775,0.146,1.000,0.960,0.871,0.683,202,112,109,53
0.137,0.337,0.487,1.99,0.186,0,0.7103,0.5098,0.143,-0.326,0.880,0.095,1.000,1.000,1.000,0.975,202,202,202,167,0.775,0.146,1.000,0.960,0.871,0.683,202,112,109,53
0.130,0.818,0.653,-1.19,0.219,1,0.7166,0.5048,0.487,0.586,0.880,0.095,1.000,1.000,1.000,0.975,202,202,202,167,0.775,0.146,1.000,0.960,0.871,0.683,202,112,109,53
0.148,0.344,0.139,0.85,0.046,0,0.7230,0.5029,0.125,0.06,0.880,0.095,1.000,1.000,1.000,0.975,202,202,202,167,0.775,0.146,1.000,0.960,0.871,0.683,202,112,109,53
0.162,0.293,0.007,2.53,0.140,0,0.7251,0.5002,0.065,-0.121,0.880,0.095,1.000,1.000,1.000,0.975,202,202,202,167,0.775,0.146,1.000,0.960,0.871,0.683,202,112,109,53
0.154,0.748,0.325,-0.42,0.180,0,0.7203,0.4969,0.240,0.318,0.880,0.095,1.000,1.000,1.000,0.975,202,202,202,167,0.775,0.146,1.000,0.960,0.871,0.683,202,112,109,53
0.161,0.769,0.501,0.2,0.291,1,0.7182,0.4953,0.372,0.180,0.880,0.095,1.000,1.000,1.000,0.975,202,202,202,167,0.775,0.146,1.000,0.960,0.871,0.683,202,112,109,53
0.153,0.306,0.003,3.14,0.186,0,0.7150,0.4900,0.074,-0.486,0.880,0.095,1.000,1.000,1.000,0.975,202,202,202,167,0.775,0.146,1.000,0.960,0.871,0.683,202,112,109,53
0.160,0.271,0.002,0.85,0.046,0,0.7160,0.4878,0.097,0.06,0.880,0.095,1.000,1.000,1.000,0.975,202,202,202,167,0.775,0.146,1.000,0.960,0.871,0.683,202,112,109,53
0.170,0.310,0.090,-0.79,0.151,-1,0.7237,0.4908,0.393,0.736,0.880,0.095,1.000,1.000,1.000,0.975,202,202,202,167,0.775,0.146,1.000,0.960,0.871,0.683,202,112,109,53
0.146,0.717,0.556,-0.52,0.062,0,0.7320,0.4926,0.282,0.341,0.880,0.095,1.000,1.000,1.000,0.975,202,202,202,167,0.775,0.146,1.000,0.960,0.871,0.683,202,112,109,53
0.118,0.756,0.448,0.22,0.230,0,0.7359,0.4892,0.195,0.303,0.880,0.095,1.000,1.000,1.000,0.975,202,202,202,167,0.775,0.146,1.000,0.960,0.871,0.683,202,112,109,53
0.115,0.338,0.003,1.99,0.186,0,0.7498,0.4977,0.106,-0.326,0.880,0.095,1.000,1.000,1.000,0.975,202,202,202,167,0.775,0.146,1.000,0.960,0.871,0.683,202,112,109,53
0.093,0.787,0.368,-0.42,0.180,0,0.7682,0.5139,0.362,0.318,0.880,0.095,1.000,1.000,1.000,0.975,202,202,202,167,0.775,0.146,1.000,0.960,0.871,0.683,202,112,109,53
0.097,0.749,0.279,-0.52,0.062,0,0.7966,0.5400,0.200,0.341,0.880,0.095,1.000,1.000,1.000,0.975,202,202,202,167,0.775,0.146,1.000,0.960,0.871,0.683,202,112,109,53
0.079,0.314,0.310,3.14,0.186,0,0.8279,0.5702,0.089,-0.486,0.880,0.095,1.000,1.000,1.000,0.975,202,202,202,167,0.775,0.146,1.000,0.960,0.871,0.683,202,112,109,53
0.066,0.343,0.351,-0.52,0.062,0,0.8637,0.6095,0.254,0.341,0.880,0.095,1.000,1.000,1.000,0.975,202,202,202,167,0.775,0.146,1.000,0.960,0.871,0.683,202,112,109,53
0.051,0.705,0.335,-0.48,0.134,0,0.8852,0.6414,0.357,0.007,0.880,0.095,1.000,1.000,1.000,0.975,202,202,202,167,0.775,0.146,1.000,0.960,0.871,0.683,202,112,109,53
0.050,0.231,0.021,1.99,0.186,0,0.8993,0.6671,0.178,-0.326,0.880,0.095,1.000,1.000,1.000,0.975,202,202,202,167,0.775,0.146,1.000,0.960,0.871,0.683,202,112,109,53
0.040,0.216,0.095,0,0.000,0,0.9029,0.6841,0.270,0.166,0.880,0.095,1.000,1.000,1.000,0.975,202,202,202,167,0.775,0.146,1.000,0.960,0.871,0.683,202,112,109,53
0.049,0.166,0.244,-0.79,0.151,-1,0.9095,0.7020,0.472,0.736,0.880,0.095,1.000,1.000,1.000,0.975,202,202,202,167,0.775,0.146,1.000,0.960,0.871,0.683,202,112,109,53
0.048,0.211,0.369,-0.48,0.134,0,0.9120,0.7104,0.457,0.007,0.880,0.095,1.000,1.000,1.000,0.975,202,202,202,167,0.775,0.146,1.000,0.960,0.871,0.683,202,112,109,53
0.035,0.182,0.260,-0.42,0.180,0,0.9080,0.7130,0.379,0.318,0.880,0.095,1.000,1.000,1.000,0.975,202,202,202,167,0.775,0.146,1.000,0.960,0.871,0.683,202,112,109,53
0.035,0.140,0.222,0.85,0.046,0,0.9020,0.7171,0.256,0.06,0.880,0.095,1.000,1.000,1.000,0.975,202,202,202,167,0.775,0.146,1.000,0.960,0.871,0.683,202,112,109,53
0.038,0.143,0.182,-0.52,0.062,0,0.8981,0.7218,0.342,0.341,0.880,0.095,1.000,1.000,1.000,0.975,202,202,202,167,0.775,0.146,1.000,0.960,0.871,0.683,202,112,109,53
0.029,0.116,0.148,-0.79,0.151,-1,0.8930,0.7249,0.445,0.736,0.880,0.095,1.000,1.000,1.000,0.975,202,202,202,167,0.775,0.146,1.000,0.960,0.871,0.683,202,112,109,53
0.030,0.119,0.052,-0.79,0.151,-1,0.8916,0.7300,0.362,0.736,0.880,0.095,1.000,1.000,1.000,0.975,202,202,202,167,0.775,0.146,1.000,0.960,0.871,0.683,202,112,109,53
0.029,0.112,0.098,-0.79,0.151,-1,0.8935,0.7404,0.414,0.736,0.880,0.095,1.000,1.000,1.000,0.975,202,202,202,167,0.775,0.146,1.000,0.960,0.871,0.683,202,112,109,53
0.030,0.109,0.028,-1.1,0.105,-1,0.8939,0.7498,0.414,0.192,0.880,0.095,1.000,1.000,1.000,0.975,202,202,202,167,0.775,0.146,1.000,0.960,0.871,0.683,202,112,109,53
0.029,0.116,0.001,-0.79,0.151,-1,0.8924,0.7568,0.308,0.736,0.880,0.095,1.000,1.000,1.000,0.975,202,202,202,167,0.775,0.146,1.000,0.960,0.871,0.683,202,112,109,53
0.030,0.108,0.010,1.99,0.186,0,0.8941,0.7683,0.197,-0.326,0.880,0.095,1.000,1.000,1.000,0.975,202,202,202,167,0.775,0.146,1.000,0.960,0.871,0.683,202,112,109,53
0.030,0.115,0.015,0,0.000,0,0.8972,0.7826,0.272,0.166,0.880,0.095,1.000,1.000,1.000,0.975,202,202,202,167,0.775,0.146,1.000,0.960,0.871,0.683,202,112,109,53
0.028,0.117,0.001,-0.79,0.151,-1,0.9017,0.7981,0.327,0.736,0.880,0.095,1.000,1.000,1.000,0.975,202,202,202,167,0.775,0.146,1.000,0.960,0.871,0.683,202,112,109,53
0.023,0.114,0.003,1.99,0.186,0,0.9032,0.8056,0.135,-0.326,0.880,0.095,1.000,1.000,1.000,0.975,202,202,202,167,0.775,0.146,1.000,0.960,0.871,0.683,202,112,109,53
0.019,0.171,0.353,0.2,0.291,1,0.9058,0.8158,0.427,0.180,0.880,0.095,1.000,1.000,1.000,0.975,202,202,202,167,0.775,0.146,1.000,0.960,0.871,0.683,202,112,109,53
0.014,0.129,0.008,-0.79,0.151,-1,0.9097,0.8282,0.498,0.736,0.880,0.095,1.000,1.000,1.000,0.975,202,202,202,167,0.775,0.146,1.000,0.960,0.871,0.683,202,112,109,53
0.014,0.119,0.075,1.99,0.186,0,0.9120,0.8382,0.230,-0.326,0.880,0.095,1.000,1.000,1.000,0.975,202,202,202,167,0.775,0.146,1.000,0.960,0.871,0.683,202,112,109,53
0.014,0.123,0.223,0,0.000,0,0.9117,0.8429,0.357,0.166,0.880,0.095,1.000,1.000,1.000,0.975,202,202,202,167,0.775,0.146,1.000,0.960,0.871,0.683,202,112,109,53
0.014,0.147,0.347,1.37,0.298,0,0.9185,0.8525,0.217,-0.510,0.880,0.095,1.000,1.000,1.000,0.975,202,202,202,167,0.775,0.146,1.000,0.960,0.871,0.683,202,112,109,53
0.012,0.136,0.139,-1.14,0.131,0,0.9224,0.8538,0.391,0.987,0.880,0.095,1.000,1.000,1.000,0.975,202,202,202,167,0.775,0.146,1.000,0.960,0.871,0.683,202,112,109,53
0.014,0.170,0.309,0.2,0.291,1,0.9290,0.8600,0.456,0.180,0.880,0.095,1.000,1.000,1.000,0.975,202,202,202,167,0.775,0.146,1.000,0.960,0.871,0.683,202,112,109,53
0.011,0.117,0.042,-0.79,0.151,-1,0.9365,0.8694,0.470,0.736,0.880,0.095,1.000,1.000,1.000,0.975,202,202,202,167,0.775,0.146,1.000,0.960,0.871,0.683,202,112,109,53
0.009,0.103,0.000,-0.79,0.151,-1,0.9450,0.8823,0.446,0.736,0.880,0.095,1.000,1.000,1.000,0.975,202,202,202,167,0.775,0.146,1.000,0.960,0.871,0.683,202,112,109,53
0.009,0.097,0.000,-0.79,0.151,-1,0.9549,0.8987,0.454,0.736,0.880,0.095,1.000,1.000,1.000,0.975,202,202,202,167,0.775,0.146,1.000,0.960,0.871,0.683,202,112,109,53
0.007,0.094,0.000,-0.79,0.151,-1,0.9648,0.9149,0.435,0.736,0.880,0.095,1.000,1.000,1.000,0.975,202,202,202,167,0.775,0.146,1.000,0.960,0.871,0.683,202,112,109,53
0.005,0.094,0.001,-0.79,0.151,-1,0.9738,0.9319,0.443,0.736,0.880,0.095,1.000,1.000,1.000,0.975,202,202,202,167,0.775,0.146,1.000,0.960,0.871,0.683,202,112,109,53
0.006,0.092,0.000,-0.79,0.151,-1,0.9808,0.9467,0.417,0.736,0.880,0.095,1.000,1.000,1.000,0.975,202,202,202,167,0.775,0.146,1.000,0.960,0.871,0.683,202,112,109,53
0.007,0.091,0.000,-0.79,0.151,-1,0.9847,0.9565,0.430,0.736,0.880,0.095,1.000,1.000,1.000,0.975,202,202,202,167,0.775,0.146,1.000,0.960,0.871,0.683,202,112,109,53
0.006,0.090,0.000,-0.79,0.151,-1,0.9866,0.9636,0.449,0.736,0.880,0.095,1.000,1.000,1.000,0.975,202,202,202,167,0.775,0.146,1.000,0.960,0.871,0.683,202,112,109,53
0.007,0.090,0.000,-0.79,0.151,-1,0.9873,0.9676,0.425,0.736,0.880,0.095,1.000,1.000,1.000,0.975,202,202,202,167,0.775,0.146,1.000,0.960,0.871,0.683,202,112,109,53
0.006,0.090,0.000,-1.1,0.105,-1,0.9875,0.9683,0.413,0.192,0.880,0.095,1.000,1.000,1.000,0.975,202,202,202,167,0.775,0.146,1.000,0.960,0.871,0.683,202,112,109,53
0.006,0.090,0.000,-0.79,0.151,-1,0.9849,0.9616,0.438,0.736,0.880,0.095,1.000,1.000,1.000,0.975,202,202,202,167,0.775,0.146,1.000,0.960,0.871,0.683,202,112,109,53
0.007,0.093,0.000,-0.79,0.151,-1,0.9811,0.9501,0.470,0.736,0.880,0.095,1.000,1.000,1.000,0.975,202,202,202,167,0.775,0.146,1.000,0.960,0.871,0.683,202,112,109,53
0.012,0.097,0.000,-0.79,0.151,-1,0.9772,0.9361,0.447,0.736,0.880,0.095,1.000,1.000,1.000,0.975,202,202,202,167,0.775,0.146,1.000,0.960,0.871,0.683,202,112,109,53
0.015,0.100,0.001,-0.79,0.151,-1,0.9733,0.9226,0.381,0.736,0.880,0.095,1.000,1.000,1.000,0.975,202,202,202,167,0.775,0.146,1.000,0.960,0.871,0.683,202,112,109,53
0.020,0.105,0.001,-0.79,0.151,-1,0.9693,0.9070,0.440,0.736,0.880,0.095,1.000,1.000,1.000,0.975,202,202,202,167,0.775,0.146,1.000,0.960,0.871,0.683,202,112,109,53
0.026,0.116,0.001,-1.1,0.105,-1,0.9637,0.8907,0.415,0.192,0.880,0.095,1.000,1.000,1.000,0.975,202,202,202,167,0.775,0.146,1.000,0.960,0.871,0.683,202,112,109,53
0.033,0.134,0.066,-0.52,0.062,0,0.9606,0.8772,0.242,0.341,0.880,0.095,1.000,1.000,1.000,0.975,202,202,202,167,0.775,0.146,1.000,0.960,0.871,0.683,202,112,109,53
0.044,0.168,0.094,-0.42,0.180,0,0.9586,0.8653,0.306,0.318,0.880,0.095,1.000,1.000,1.000,0.975,202,202,202,167,0.775,0.146,1.000,0.960,0.871,0.683,202,112,109,53
0.055,0.134,0.074,0.85,0.046,0,0.9562,0.8530,0.214,0.06,0.880,0.095,1.000,1.000,1.000,0.975,202,202,202,167,0.775,0.146,1.000,0.960,0.871,0.683,202,112,109,53
0.070,0.156,0.036,-0.79,0.151,-1,0.9492,0.8376,0.330,0.736,0.880,0.095,1.000,1.000,1.000,0.975,202,202,202,167,0.775,0.146,1.000,0.960,0.871,0.683,202,112,109,53
0.071,0.168,0.022,2.53,0.140,0,0.9438,0.8223,0.200,-0.121,0.880,0.095,1.000,1.000,1.000,0.975,202,202,202,167,0.775,0.146,1.000,0.960,0.871,0.683,202,112,109,53
0.109,0.199,0.120,1.99,0.186,0,0.9353,0.8035,0.137,-0.326,0.880,0.095,1.000,1.000,1.000,0.975,202,202,202,167,0.775,0.146,1.000,0.960,0.871,0.683,202,112,109,53
0.127,0.320,0.397,-1.19,0.219,1,0.9271,0.7872,0.453,0.586,0.880,0.095,1.000,1.000,1.000,0.975,202,202,202,167,0.775,0.146,1.000,0.960,0.871,0.683,202,112,109,53
0.148,0.192,0.291,0,0.000,0,0.9110,0.7628,0.221,0.166,0.880,0.095,1.000,1.000,1.000,0.975,202,202,202,167,0.775,0.146,1.000,0.960,0.871,0.683,202,112,109,53
0.161,0.225,0.371,-0.52,0.062,0,0.8963,0.7418,0.240,0.341,0.880,0.095,1.000,1.000,1.000,0.975,202,202,202,167,0.775,0.146,1.000,0.960,0.871,0.683,202,112,109,53
0.199,0.342,0.597,0.2,0.291,1,0.8807,0.7218,0.488,0.180,0.880,0.095,1.000,1.000,1.000,0.975,202,202,202,167,0.775,0.146,1.000,0.960,0.871,0.683,202,112,109,53
0.200,0.246,0.345,0,0.000,0,0.8697,0.7077,0.207,0.166,0.880,0.095,1.000,1.000,1.000,0.975,202,202,202,167,0.775,0.146,1.000,0.960,0.871,0.683,202,112,109,53
0.195,0.247,0.489,-0.52,0.062,0,0.8628,0.7010,0.316,0.341,0.880,0.095,1.000,1.000,1.000,0.975,202,202,202,167,0.775,0.146,1.000,0.960,0.871,0.683,202,112,109,53
0.200,0.192,0.207,0.85,0.046,0,0.8578,0.6965,0.347,0.06,0.880,0.095,1.000,1.000,1.000,0.975,202,202,202,167,0.775,0.146,1.000,0.960,0.871,0.683,202,112,109,53
0.164,0.187,0.167,0,0.000,0,0.8540,0.6931,0.242,0.166,0.880,0.095,1.000,1.000,1.000,0.975,202,202,202,167,0.775,0.146,1.000,0.960,0.871,0.683,202,112,109,53
0.202,0.223,0.590,-0.42,0.180,0,0.8560,0.6962,0.345,0.318,0.880,0.095,1.000,1.000,1.000,0.975,202,202,202,167,0.775,0.146,1.000,0.960,0.871,0.683,202,112,109,53
0.194,0.241,0.722,-1.19,0.219,1,0.8624,0.7043,0.381,0.586,0.880,0.095,1.000,1.000,1.000,0.975,202,202,202,167,0.775,0.146,1.000,0.960,0.871,0.683,202,112,109,53
0.138,0.201,0.432,-0.08,0.108,0,0.8717,0.7164,0.162,0.059,0.880,0.095,1.000,1.000,1.000,0.975,202,202,202,167,0.775,0.146,1.000,0.960,0.871,0.683,202,112,109,53
0.090,0.173,0.775,-0.08,0.108,0,0.8798,0.7305,0.194,0.059,0.880,0.095,1.000,1.000,1.000,0.975,202,202,202,167,0.775,0.146,1.000,0.960,0.871,0.683,202,112,109,53
0.092,0.174,0.466,1.37,0.298,0,0.8885,0.7459,0.229,-0.510,0.880,0.095,1.000,1.000,1.000,0.975,202,202,202,167,0.775,0.146,1.000,0.960,0.871,0.683,202,112,109,53
0.083,0.135,0.357,0,0.000,0,0.8986,0.7628,0.183,0.166,0.880,0.095,1.000,1.000,1.000,0.975,202,202,202,167,0.775,0.146,1.000,0.960,0.871,0.683,202,112,109,53
0.077,0.148,0.524,-0.42,0.180,0,0.9089,0.7803,0.419,0.318,0.880,0.095,1.000,1.000,1.000,0.975,202,202,202,167,0.775,0.146,1.000,0.960,0.871,0.683,202,112,109,53
0.071,0.122,0.318,0,0.000,0,0.9131,0.7908,0.208,0.166,0.880,0.095,1.000,1.000,1.000,0.975,202,202,202,167,0.775,0.146,1.000,0.960,0.871,0.683,202,112,109,53
0.067,0.107,0.177,1.99,0.186,0,0.9198,0.8023,0.176,-0.326,0.880,0.095,1.000,1.000,1.000,0.975,202,202,202,167,0.775,0.146,1.000,0.960,0.871,0.683,202,112,109,53
0.064,0.116,0.302,-0.79,0.151,-1,0.9258,0.8139,0.487,0.736,0.880,0.095,1.000,1.000,1.000,0.975,202,202,202,167,0.775,0.146,1.000,0.960,0.871,0.683,202,112,109,53
0.064,0.116,0.292,0,0.000,0,0.9350,0.8297,0.126,0.166,0.880,0.095,1.000,1.000,1.000,0.975,202,202,202,167,0.775,0.146,1.000,0.960,0.871,0.683,202,112,109,53
0.063,0.115,0.193,-1.14,0.131,0,0.9374,0.8378,0.396,0.987,0.880,0.095,1.000,1.000,1.000,0.975,202,202,202,167,0.775,0.146,1.000,0.960,0.871,0.683,202,112,109,53
0.049,0.128,0.548,1.76,0.409,0,0.9417,0.8481,0.233,-0.884,0.880,0.095,1.000,1.000,1.000,0.975,202,202,202,167,0.775,0.146,1.000,0.960,0.871,0.683,202,112,109,53
0.054,0.111,0.311,-0.79,0.151,-1,0.9440,0.8566,0.464,0.736,0.880,0.095,1.000,1.000,1.000,0.975,202,202,202,167,0.775,0.146,1.000,0.960,0.871,0.683,202,112,109,53
0.054,0.124,0.613,0.2,0.291,1,0.9518,0.8728,0.420,0.180,0.880,0.095,1.000,1.000,1.000,0.975,202,202,202,167,0.775,0.146,1.000,0.960,0.871,0.683,202,112,109,53
0.062,0.117,0.212,-1.14,0.131,0,0.9597,0.8900,0.308,0.987,0.880,0.095,1.000,1.000,1.000,0.975,202,202,202,167,0.775,0.146,1.000,0.960,0.871,0.683,202,112,109,53
0.064,0.107,0.075,-1.14,0.131,0,0.9649,0.9025,0.321,0.987,0.880,0.095,1.000,1.000,1.000,0.975,202,202,202,167,0.775,0.146,1.000,0.960,0.871,0.683,202,112,109,53
0.070,0.104,0.073,-1.14,0.131,0,0.9665,0.9097,0.395,0.987,0.880,0.095,1.000,1.000,1.000,0.975,202,202,202,167,0.775,0.146,1.000,0.960,0.871,0.683,202,112,109,53
0.055,0.105,0.113,1.99,0.186,0,0.9699,0.9188,0.293,-0.326,0.880,0.095,1.000,1.000,1.000,0.975,202,202,202,167,0.775,0.146,1.000,0.960,0.871,0.683,202,112,109,53
0.053,0.105,0.036,-1.1,0.105,-1,0.9727,0.9262,0.527,0.192,0.880,0.095,1.000,1.000,1.000,0.975,202,202,202,167,0.775,0.146,1.000,0.960,0.871,0.683,202,112,109,53
0.064,0.100,0.071,0,0.000,0,0.9767,0.9354,0.223,0.166,0.880,0.095,1.000,1.000,1.000,0.975,202,202,202,167,0.775,0.146,1.000,0.960,0.871,0.683,202,112,109,53
0.063,0.111,0.066,-1.14,0.131,0,0.9790,0.9431,0.446,0.987,0.880,0.095,1.000,1.000,1.000,0.975,202,202,202,167,0.775,0.146,1.000,0.960,0.871,0.683,202,112,109,53
0.053,0.143,0.312,-0.42,0.180,0,0.9789,0.9473,0.461,0.318,0.880,0.095,1.000,1.000,1.000,0.975,202,202,202,167,0.775,0.146,1.000,0.960,0.871,0.683,202,112,109,53
0.075,0.154,0.637,0.2,0.291,1,0.9803,0.9520,0.415,0.180,0.880,0.095,1.000,1.000,1.000,0.975,202,202,202,167,0.775,0.146,1.000,0.960,0.871,0.683,202,112,109,53
0.088,0.117,0.446,-1.1,0.105,-1,0.9830,0.9571,0.465,0.192,0.880,0.095,1.000,1.000,1.000,0.975,202,202,202,167,0.775,0.146,1.000,0.960,0.871,0.683,202,112,109,53
0.085,0.120,0.312,0,0.000,0,0.9839,0.9582,0.304,0.166,0.880,0.095,1.000,1.000,1.000,0.975,202,202,202,167,0.775,0.146,1.000,0.960,0.871,0.683,202,112,109,53
0.089,0.136,0.355,-0.52,0.062,0,0.9840,0.9562,0.336,0.341,0.880,0.095,1.000,1.000,1.000,0.975,202,202,202,167,0.775,0.146,1.000,0.960,0.871,0.683,202,112,109,53
0.079,0.124,0.546,-0.52,0.062,0,0.9847,0.9559,0.333,0.341,0.880,0.095,1.000,1.000,1.000,0.975,202,202,202,167,0.775,0.146,1.000,0.960,0.871,0.683,202,112,109,53
0.066,0.118,0.274,-0.79,0.151,-1,0.9859,0.9575,0.454,0.736,0.880,0.095,1.000,1.000,1.000,0.975,202,202,202,167,0.775,0.146,1.000,0.960,0.871,0.683,202,112,109,53
0.064,0.104,0.226,-1.1,0.105,-1,0.9859,0.9578,0.402,0.192,0.880,0.095,1.000,1.000,1.000,0.975,202,202,202,167,0.775,0.146,1.000,0.960,0.871,0.683,202,112,109,53
0.068,0.114,0.119,-0.42,0.180,0,0.9850,0.9563,0.346,0.318,0.880,0.095,1.000,1.000,1.000,0.975,202,202,202,167,0.775,0.146,1.000,0.960,0.871,0.683,202,112,109,53
0.053,0.100,0.021,2.53,0.140,0,0.9849,0.9567,0.189,-0.121,0.880,0.095,1.000,1.000,1.000,0.975,202,202,202,167,0.775,0.146,1.000,0.960,0.871,0.683,202,112,109,53
0.045,0.101,0.011,-0.79,0.151,-1,0.9870,0.9611,0.451,0.736,0.880,0.095,1.000,1.000,1.000,0.975,202,202,202,167,0.775,0.146,1.000,0.960,0.871,0.683,202,112,109,53
0.044,0.096,0.025,-1.1,0.105,-1,0.9882,0.9646,0.267,0.192,0.880,0.095,1.000,1.000,1.000,0.975,202,202,202,167,0.775,0.146,1.000,0.960,0.871,0.683,202,112,109,53
0.041,0.095,0.069,-1.14,0.131,0,0.9889,0.9663,0.357,0.987,0.880,0.095,1.000,1.000,1.000,0.975,202,202,202,167,0.775,0.146,1.000,0.960,0.871,0.683,202,112,109,53
0.045,0.101,0.046,0.85,0.046,0,0.9886,0.9657,0.316,0.06,0.880,0.095,1.000,1.000,1.000,0.975,202,202,202,167,0.775,0.146,1.000,0.960,0.871,0.683,202,112,109,53
0.042,0.098,0.006,1.99,0.186,0,0.9882,0.9640,0.249,-0.326,0.880,0.095,1.000,1.000,1.000,0.975,202,202,202,167,0.775,0.146,1.000,0.960,0.871,0.683,202,112,109,53
0.040,0.103,0.255,-0.48,0.134,0,0.9883,0.9628,0.455,0.007,0.880,0.095,1.000,1.000,1.000,0.975,202,202,202,167,0.775,0.146,1.000,0.960,0.871,0.683,202,112,109,53
0.041,0.101,0.121,-0.79,0.151,-1,0.9894,0.9632,0.421,0.736,0.880,0.095,1.000,1.000,1.000,0.975,202,202,202,167,0.775,0.146,1.000,0.960,0.871,0.683,202,112,109,53
0.048,0.104,0.004,-1.14,0.131,0,0.9898,0.9621,0.457,0.987,0.880,0.095,1.000,1.000,1.000,0.975,202,202,202,167,0.775,0.146,1.000,0.960,0.871,0.683,202,112,109,53
0.040,0.108,0.051,0,0.000,0,0.9904,0.9622,0.420,0.166,0.880,0.095,1.000,1.000,1.000,0.975,202,202,202,167,0.775,0.146,1.000,0.960,0.871,0.683,202,112,109,53
0.040,0.106,0.062,-0.79,0.151,-1,0.9908,0.9632,0.493,0.736,0.880,0.095,1.000,1.000,1.000,0.975,202,202,202,167,0.775,0.146,1.000,0.960,0.871,0.683,202,112,109,53
0.041,0.104,0.064,-0.79,0.151,-1,0.9916,0.9660,0.433,0.736,0.880,0.095,1.000,1.000,1.000,0.975,202,202,202,167,0.775,0.146,1.000,0.960,0.871,0.683,202,112,109,53
0.048,0.105,0.147,-1.14,0.131,0,0.9922,0.9706,0.425,0.987,0.880,0.095,1.000,1.000,1.000,0.975,202,202,202,167,0.775,0.146,1.000,0.960,0.871,0.683,202,112,109,53
0.047,0.126,0.259,-0.42,0.180,0,0.9922,0.9747,0.521,0.318,0.880,0.095,1.000,1.000,1.000,0.975,202,202,202,167,0.775,0.146,1.000,0.960,0.871,0.683,202,112,109,53
0.046,0.138,0.495,0.2,0.291,1,0.9925,0.9803,0.406,0.180,0.880,0.095,1.000,1.000,1.000,0.975,202,202,202,167,0.775,0.146,1.000,0.960,0.871,0.683,202,112,109,53
0.043,0.110,0.137,-1.14,0.131,0,0.9927,0.9859,0.437,0.987,0.880,0.095,1.000,1.000,1.000,0.975,202,202,202,167,0.775,0.146,1.000,0.960,0.871,0.683,202,112,109,53
0.039,0.110,0.199,0.85,0.046,0,0.9929,0.9912,0.493,0.06,0.880,0.095,1.000,1.000,1.000,0.975,202,202,202,167,0.775,0.146,1.000,0.960,0.871,0.683,202,112,109,53
0.045,0.120,0.257,0.22,0.230,0,0.9930,0.9955,0.413,0.303,0.880,0.095,1.000,1.000,1.000,0.975,202,202,202,167,0.775,0.146,1.000,0.960,0.871,0.683,202,112,109,53
0.056,0.106,0.196,-1.14,0.131,0,0.9930,0.9986,0.432,0.987,0.880,0.095,1.000,1.000,1.000,0.975,202,202,202,167,0.775,0.146,1.000,0.960,0.871,0.683,202,112,109,53
0.056,0.103,0.272,-0.79,0.151,-1,0.9930,1.0004,0.526,0.736,0.880,0.095,1.000,1.000,1.000,0.975,202,202,202,167,0.775,0.146,1.000,0.960,0.871,0.683,202,112,109,53
0.049,0.100,0.258,-1.14,0.131,0,0.9929,1.0008,0.580,0.987,0.880,0.095,1.000,1.000,1.000,0.975,202,202,202,167,0.775,0.146,1.000,0.960,0.871,0.683,202,112,109,53
0.065,0.105,0.340,0,0.000,0,0.9928,1.0002,0.545,0.166,0.880,0.095,1.000,1.000,1.000,0.975,202,202,202,167,0.775,0.146,1.000,0.960,0.871,0.683,202,112,109,53
0.089,0.101,0.328,-0.08,0.108,0,0.9927,0.9995,0.870,0.059,0.880,0.095,1.000,1.000,1.000,0.975,202,202,202,167,0.775,0.146,1.000,0.960,0.871,0.683,202,112,109,53
