0.271,0.047,0.623,1.42,0.221,0,0.6094,0.9446,0.738,-0.397,0.393,0.242,0.395,0.296,0.228,0.160,76,69,51,47,0.320,0.225,0.293,0.239,0.164,0.079,68,59,47,22
0.191,0.060,0.610,-0.52,0.062,0,0.6408,0.9158,0.533,0.341,0.393,0.242,0.395,0.296,0.228,0.160,76,69,51,47,0.320,0.225,0.293,0.239,0.164,0.079,68,59,47,22
0.200,0.064,0.499,-1.1,0.105,-1,0.6609,0.8867,0.486,0.192,0.393,0.242,0.395,0.296,0.228,0.160,76,69,51,47,0.320,0.225,0.293,0.239,0.164,0.079,68,59,47,22
0.262,0.108,0.689,-1.19,0.219,1,0.6719,0.8549,0.446,0.586,0.393,0.242,0.395,0.296,0.228,0.160,76,69,51,47,0.320,0.225,0.293,0.239,0.164,0.079,68,59,47,22
0.325,0.104,0.649,-0.52,0.062,0,0.6759,0.8196,0.529,0.341,0.393,0.242,0.395,0.296,0.228,0.160,76,69,51,47,0.320,0.225,0.293,0.239,0.164,0.079,68,59,47,22
0.302,0.077,0.225,-1.1,0.105,-1,0.6744,0.7807,0.447,0.192,0.393,0.242,0.395,0.296,0.228,0.160,76,69,51,47,0.320,0.225,0.293,0.239,0.164,0.079,68,59,47,22
0.304,0.084,0.237,1.99,0.186,0,0.6688,0.7392,0.196,-0.326,0.393,0.242,0.395,0.296,0.228,0.160,76,69,51,47,0.320,0.225,0.293,0.239,0.164,0.079,68,59,47,22
0.294,0.144,0.475,-1.19,0.219,1,0.6603,0.6964,0.452,0.586,0.393,0.242,0.395,0.296,0.228,0.160,76,69,51,47,0.320,0.225,0.293,0.239,0.164,0.079,68,59,47,22
0.287,0.115,0.251,0.85,0.046,0,0.6498,0.6543,0.449,0.06,0.393,0.242,0.395,0.296,0.228,0.160,76,69,51,47,0.320,0.225,0.293,0.239,0.164,0.079,68,59,47,22
0.273,0.156,0.005,-0.79,0.151,-1,0.6382,0.6148,0.277,0.736,0.393,0.242,0.395,0.296,0.228,0.160,76,69,51,47,0.320,0.225,0.293,0.239,0.164,0.079,68,59,47,22
0.261,0.146,0.011,1.99,0.186,0,0.6257,0.5797,0.117,-0.326,0.393,0.242,0.395,0.296,0.228,0.160,76,69,51,47,0.320,0.225,0.293,0.239,0.164,0.079,68,59,47,22
0.261,0.255,0.216,-0.79,0.151,-1,0.6110,0.5535,0.400,0.736,0.393,0.242,0.395,0.296,0.228,0.160,76,69,51,47,0.320,0.225,0.293,0.239,0.164,0.079,68,59,47,22
0.209,0.413,0.513,0.2,0.291,1,0.6018,0.5352,0.404,0.180,0.393,0.242,0.395,0.296,0.228,0.160,76,69,51,47,0.320,0.225,0.293,0.239,0.164,0.079,68,59,47,22
0.180,0.391,0.327,-1.19,0.219,1,0.5950,0.5224,0.202,0.586,0.393,0.242,0.395,0.296,0.228,0.160,76,69,51,47,0.320,0.225,0.293,0.239,0.164,0.079,68,59,47,22
0.180,0.451,0.366,-1.19,0.219,1,0.5977,0.5147,0.369,0.586,0.393,0.242,0.395,0.296,0.228,0.160,76,69,51,47,0.320,0.225,0.293,0.239,0.164,0.079,68,59,47,22
0.209,0.393,0.310,-0.42,0.180,0,0.6051,0.5117,0.443,0.318,0.393,0.242,0.395,0.296,0.228,0.160,76,69,51,47,0.320,0.225,0.293,0.239,0.164,0.079,68,59,47,22
0.224,0.511,0.434,0.2,0.291,1,0.6152,0.5108,0.253,0.180,0.393,0.242,0.395,0.296,0.228,0.160,76,69,51,47,0.320,0.225,0.293,0.239,0.164,0.079,68,59,47,22
0.270,0.298,0.154,1.99,0.186,0,0.6326,0.5146,0.109,-0.326,0.393,0.242,0.395,0.296,0.228,0.160,76,69,51,47,0.320,0.225,0.293,0.239,0.164,0.079,68,59,47,22
0.187,0.214,0.322,0.85,0.046,0,0.6574,0.5212,0.337,0.06,0.393,0.242,0.395,0.296,0.228,0.160,76,69,51,47,0.320,0.225,0.293,0.239,0.164,0.079,68,59,47,22
0.154,0.362,0.010,-0.42,0.180,0,0.6785,0.5279,0.428,0.318,0.393,0.242,0.395,0.296,0.228,0.160,76,69,51,47,0.320,0.225,0.293,0.239,0.164,0.079,68,59,47,22
0.154,0.246,0.103,3.14,0.186,0,0.6988,0.5372,0.118,-0.486,0.393,0.242,0.395,0.296,0.228,0.160,76,69,51,47,0.320,0.225,0.293,0.239,0.164,0.079,68,59,47,22
0.160,0.424,0.498,0.2,0.291,1,0.7134,0.5429,0.347,0.180,0.393,0.242,0.395,0.296,0.228,0.160,76,69,51,47,0.320,0.225,0.293,0.239,0.164,0.079,68,59,47,22
0.235,0.245,0.095,-0.79,0.151,-1,0.7256,0.5490,0.454,0.736,0.393,0.242,0.395,0.296,0.228,0.160,76,69,51,47,0.320,0.225,0.293,0.239,0.164,0.079,68,59,47,22
0.273,0.221,0.132,-0.79,0.151,-1,0.7291,0.5502,0.338,0.736,0.393,0.242,0.395,0.296,0.228,0.160,76,69,51,47,0.320,0.225,0.293,0.239,0.164,0.079,68,59,47,22
0.273,0.305,0.250,-1.19,0.219,1,0.7291,0.5504,0.324,0.586,0.393,0.242,0.395,0.296,0.228,0.160,76,69,51,47,0.320,0.225,0.293,0.239,0.164,0.079,68,59,47,22
0.189,0.278,0.287,-1.19,0.219,1,0.7313,0.5538,0.451,0.586,0.393,0.242,0.395,0.296,0.228,0.160,76,69,51,47,0.320,0.225,0.293,0.239,0.164,0.079,68,59,47,22
0.196,0.274,0.462,0.2,0.291,1,0.7391,0.5547,0.412,0.180,0.393,0.242,0.395,0.296,0.228,0.160,76,69,51,47,0.320,0.225,0.293,0.239,0.164,0.079,68,59,47,22
0.182,0.174,0.322,-1.19,0.219,1,0.7532,0.5566,0.441,0.586,0.393,0.242,0.395,0.296,0.228,0.160,76,69,51,47,0.320,0.225,0.293,0.239,0.164,0.079,68,59,47,22
0.190,0.111,0.068,-0.79,0.151,-1,0.7720,0.5608,0.409,0.736,0.393,0.242,0.395,0.296,0.228,0.160,76,69,51,47,0.320,0.225,0.293,0.239,0.164,0.079,68,59,47,22
0.184,0.101,0.014,-0.79,0.151,-1,0.7927,0.5695,0.436,0.736,0.393,0.242,0.395,0.296,0.228,0.160,76,69,51,47,0.320,0.225,0.293,0.239,0.164,0.079,68,59,47,22
0.184,0.101,0.111,-0.79,0.151,-1,0.8150,0.5825,0.373,0.736,0.393,0.242,0.395,0.296,0.228,0.160,76,69,51,47,0.320,0.225,0.293,0.239,0.164,0.079,68,59,47,22
0.228,0.164,0.355,0.2,0.291,1,0.8316,0.5963,0.346,0.180,0.393,0.242,0.395,0.296,0.228,0.160,76,69,51,47,0.320,0.225,0.293,0.239,0.164,0.079,68,59,47,22
0.265,0.125,0.126,-1.19,0.219,1,0.8425,0.6071,0.458,0.586,0.393,0.242,0.395,0.296,0.228,0.160,76,69,51,47,0.320,0.225,0.293,0.239,0.164,0.079,68,59,47,22
0.265,0.108,0.129,-1.19,0.219,1,0.8553,0.6203,0.459,0.586,0.393,0.242,0.395,0.296,0.228,0.160,76,69,51,47,0.320,0.225,0.293,0.239,0.164,0.079,68,59,47,22
0.301,0.118,0.204,-1.19,0.219,1,0.8651,0.6314,0.474,0.586,0.393,0.242,0.395,0.296,0.228,0.160,76,69,51,47,0.320,0.225,0.293,0.239,0.164,0.079,68,59,47,22
0.253,0.096,0.001,-0.79,0.151,-1,0.8672,0.6418,0.460,0.736,0.393,0.242,0.395,0.296,0.228,0.160,76,69,51,47,0.320,0.225,0.293,0.239,0.164,0.079,68,59,47,22
0.204,0.092,0.009,0.85,0.046,0,0.8691,0.6531,0.397,0.06,0.393,0.242,0.395,0.296,0.228,0.160,76,69,51,47,0.320,0.225,0.293,0.239,0.164,0.079,68,59,47,22
0.190,0.102,0.006,-1.1,0.105,-1,0.8697,0.6681,0.398,0.192,0.393,0.242,0.395,0.296,0.228,0.160,76,69,51,47,0.320,0.225,0.293,0.239,0.164,0.079,68,59,47,22
0.149,0.097,0.006,1.42,0.221,0,0.8687,0.6808,0.299,-0.397,0.393,0.242,0.395,0.296,0.228,0.160,76,69,51,47,0.320,0.225,0.293,0.239,0.164,0.079,68,59,47,22
0.189,0.131,0.115,-0.42,0.180,0,0.8638,0.6908,0.459,0.318,0.393,0.242,0.395,0.296,0.228,0.160,76,69,51,47,0.320,0.225,0.293,0.239,0.164,0.079,68,59,47,22
0.220,0.140,0.054,-0.42,0.180,0,0.8624,0.7005,0.460,0.318,0.393,0.242,0.395,0.296,0.228,0.160,76,69,51,47,0.320,0.225,0.293,0.239,0.164,0.079,68,59,47,22
0.261,0.245,0.412,-1.19,0.219,1,0.8549,0.7044,0.476,0.586,0.393,0.242,0.395,0.296,0.228,0.160,76,69,51,47,0.320,0.225,0.293,0.239,0.164,0.079,68,59,47,22
0.244,0.224,0.432,-1.19,0.219,1,0.8464,0.7077,0.481,0.586,0.393,0.242,0.395,0.296,0.228,0.160,76,69,51,47,0.320,0.225,0.293,0.239,0.164,0.079,68,59,47,22
0.209,0.143,0.063,-0.79,0.151,-1,0.8431,0.7147,0.425,0.736,0.393,0.242,0.395,0.296,0.228,0.160,76,69,51,47,0.320,0.225,0.293,0.239,0.164,0.079,68,59,47,22
0.209,0.155,0.060,-1.14,0.131,0,0.8452,0.7219,0.428,0.987,0.393,0.242,0.395,0.296,0.228,0.160,76,69,51,47,0.320,0.225,0.293,0.239,0.164,0.079,68,59,47,22
0.178,0.119,0.155,2.53,0.140,0,0.8506,0.7291,0.287,-0.121,0.393,0.242,0.395,0.296,0.228,0.160,76,69,51,47,0.320,0.225,0.293,0.239,0.164,0.079,68,59,47,22
0.222,0.153,0.116,-0.42,0.180,0,0.8476,0.7259,0.443,0.318,0.393,0.242,0.395,0.296,0.228,0.160,76,69,51,47,0.320,0.225,0.293,0.239,0.164,0.079,68,59,47,22
0.183,0.128,0.185,-1.1,0.105,-1,0.8541,0.7277,0.494,0.192,0.393,0.242,0.395,0.296,0.228,0.160,76,69,51,47,0.320,0.225,0.293,0.239,0.164,0.079,68,59,47,22
0.182,0.160,0.186,-1.1,0.105,-1,0.8452,0.7203,0.460,0.192,0.393,0.242,0.395,0.296,0.228,0.160,76,69,51,47,0.320,0.225,0.293,0.239,0.164,0.079,68,59,47,22
0.144,0.198,0.362,-0.52,0.062,0,0.8328,0.7118,0.503,0.341,0.393,0.242,0.395,0.296,0.228,0.160,76,69,51,47,0.320,0.225,0.293,0.239,0.164,0.079,68,59,47,22
0.149,0.144,0.253,-1.1,0.105,-1,0.8114,0.6965,0.428,0.192,0.393,0.242,0.395,0.296,0.228,0.160,76,69,51,47,0.320,0.225,0.293,0.239,0.164,0.079,68,59,47,22
0.153,0.118,0.386,1.99,0.186,0,0.7842,0.6754,0.255,-0.326,0.393,0.242,0.395,0.296,0.228,0.160,76,69,51,47,0.320,0.225,0.293,0.239,0.164,0.079,68,59,47,22
0.124,0.120,0.405,-1.1,0.105,-1,0.7504,0.6464,0.361,0.192,0.393,0.242,0.395,0.296,0.228,0.160,76,69,51,47,0.320,0.225,0.293,0.239,0.164,0.079,68,59,47,22
0.096,0.275,0.730,0.2,0.291,1,0.7143,0.6142,0.360,0.180,0.393,0.242,0.395,0.296,0.228,0.160,76,69,51,47,0.320,0.225,0.293,0.239,0.164,0.079,68,59,47,22
0.125,0.266,0.511,-1.19,0.219,1,0.6634,0.5735,0.326,0.586,0.393,0.242,0.395,0.296,0.228,0.160,76,69,51,47,0.320,0.225,0.293,0.239,0.164,0.079,68,59,47,22
0.127,0.291,0.647,0.2,0.291,1,0.6178,0.5399,0.283,0.180,0.393,0.242,0.395,0.296,0.228,0.160,76,69,51,47,0.320,0.225,0.293,0.239,0.164,0.079,68,59,47,22
0.130,0.312,0.727,0.2,0.291,1,0.5931,0.5214,0.387,0.180,0.393,0.242,0.395,0.296,0.228,0.160,76,69,51,47,0.320,0.225,0.293,0.239,0.164,0.079,68,59,47,22
0.131,0.201,0.268,-0.79,0.151,-1,0.5828,0.5117,0.300,0.736,0.393,0.242,0.395,0.296,0.228,0.160,76,69,51,47,0.320,0.225,0.293,0.239,0.164,0.079,68,59,47,22
0.143,0.227,0.003,-0.08,0.108,0,0.5778,0.5023,0.089,0.059,0.393,0.242,0.395,0.296,0.228,0.160,76,69,51,47,0.320,0.225,0.293,0.239,0.164,0.079,68,59,47,22
0.142,0.232,0.037,-0.79,0.151,-1,0.5824,0.4986,0.292,0.736,0.393,0.242,0.395,0.296,0.228,0.160,76,69,51,47,0.320,0.225,0.293,0.239,0.164,0.079,68,59,47,22
0.110,0.225,0.002,0.85,0.046,0,0.5860,0.4936,0.263,0.06,0.393,0.242,0.395,0.296,0.228,0.160,76,69,51,47,0.320,0.225,0.293,0.239,0.164,0.079,68,59,47,22
0.110,0.252,0.005,1.99,0.186,0,0.5991,0.4940,0.094,-0.326,0.393,0.242,0.395,0.296,0.228,0.160,76,69,51,47,0.320,0.225,0.293,0.239,0.164,0.079,68,59,47,22
0.105,0.226,0.001,1.99,0.186,0,0.6250,0.5059,0.078,-0.326,0.393,0.242,0.395,0.296,0.228,0.160,76,69,51,47,0.320,0.225,0.293,0.239,0.164,0.079,68,59,47,22
0.109,0.330,0.106,-0.42,0.180,0,0.6399,0.5091,0.383,0.318,0.393,0.242,0.395,0.296,0.228,0.160,76,69,51,47,0.320,0.225,0.293,0.239,0.164,0.079,68,59,47,22
0.105,0.371,0.039,-0.52,0.062,0,0.6426,0.5018,0.260,0.341,0.393,0.242,0.395,0.296,0.228,0.160,76,69,51,47,0.320,0.225,0.293,0.239,0.164,0.079,68,59,47,22
0.082,0.303,0.005,3.14,0.186,0,0.6362,0.4838,0.083,-0.486,0.393,0.242,0.395,0.296,0.228,0.160,76,69,51,47,0.320,0.225,0.293,0.239,0.164,0.079,68,59,47,22
0.075,0.335,0.009,0,0.000,0,0.6007,0.4431,0.404,0.166,0.393,0.242,0.395,0.296,0.228,0.160,76,69,51,47,0.320,0.225,0.293,0.239,0.164,0.079,68,59,47,22
0.072,0.313,0.022,3.14,0.186,0,0.5656,0.4050,0.153,-0.486,0.393,0.242,0.395,0.296,0.228,0.160,76,69,51,47,0.320,0.225,0.293,0.239,0.164,0.079,68,59,47,22
0.095,0.363,0.018,-0.52,0.062,0,0.5262,0.3664,0.236,0.341,0.393,0.242,0.395,0.296,0.228,0.160,76,69,51,47,0.320,0.225,0.293,0.239,0.164,0.079,68,59,47,22
0.082,0.234,0.007,-1.14,0.131,0,0.4981,0.3395,0.321,0.987,0.393,0.242,0.395,0.296,0.228,0.160,76,69,51,47,0.320,0.225,0.293,0.239,0.164,0.079,68,59,47,22
0.101,0.233,0.003,-0.79,0.151,-1,0.4712,0.3128,0.396,0.736,0.393,0.242,0.395,0.296,0.228,0.160,76,69,51,47,0.320,0.225,0.293,0.239,0.164,0.079,68,59,47,22
0.095,0.229,0.001,-1.14,0.131,0,0.4514,0.2923,0.249,0.987,0.393,0.242,0.395,0.296,0.228,0.160,76,69,51,47,0.320,0.225,0.293,0.239,0.164,0.079,68,59,47,22
0.065,0.196,0.001,-1.14,0.131,0,0.4266,0.2698,0.332,0.987,0.393,0.242,0.395,0.296,0.228,0.160,76,69,51,47,0.320,0.225,0.293,0.239,0.164,0.079,68,59,47,22
0.063,0.182,0.001,1.99,0.186,0,0.4123,0.2570,0.165,-0.326,0.393,0.242,0.395,0.296,0.228,0.160,76,69,51,47,0.320,0.225,0.293,0.239,0.164,0.079,68,59,47,22
0.062,0.165,0.005,2.53,0.140,0,0.4069,0.2531,0.192,-0.121,0.393,0.242,0.395,0.296,0.228,0.160,76,69,51,47,0.320,0.225,0.293,0.239,0.164,0.079,68,59,47,22
0.060,0.259,0.046,-0.42,0.180,0,0.4072,0.2507,0.224,0.318,0.393,0.242,0.395,0.296,0.228,0.160,76,69,51,47,0.320,0.225,0.293,0.239,0.164,0.079,68,59,47,22
0.055,0.189,0.011,-1.14,0.131,0,0.3904,0.2347,0.147,0.987,0.393,0.242,0.395,0.296,0.228,0.160,76,69,51,47,0.320,0.225,0.293,0.239,0.164,0.079,68,59,47,22
0.044,0.192,0.014,1.99,0.186,0,0.3622,0.2110,0.093,-0.326,0.393,0.242,0.395,0.296,0.228,0.160,76,69,51,47,0.320,0.225,0.293,0.239,0.164,0.079,68,59,47,22
0.048,0.226,0.290,0.22,0.230,0,0.3190,0.1763,0.152,0.303,0.393,0.242,0.395,0.296,0.228,0.160,76,69,51,47,0.320,0.225,0.293,0.239,0.164,0.079,68,59,47,22
0.040,0.221,0.348,1.69,0.290,0,0.2788,0.1416,0.113,-0.697,0.393,0.242,0.395,0.296,0.228,0.160,76,69,51,47,0.320,0.225,0.293,0.239,0.164,0.079,68,59,47,22
0.042,0.245,0.032,1.99,0.186,0,0.2432,0.1120,0.067,-0.326,0.393,0.242,0.395,0.296,0.228,0.160,76,69,51,47,0.320,0.225,0.293,0.239,0.164,0.079,68,59,47,22
0.053,0.298,0.212,-0.08,0.108,0,0.2189,0.0898,0.106,0.059,0.393,0.242,0.395,0.296,0.228,0.160,76,69,51,47,0.320,0.225,0.293,0.239,0.164,0.079,68,59,47,22
0.053,0.315,0.458,1.76,0.409,0,0.2115,0.0820,0.111,-0.884,0.393,0.242,0.395,0.296,0.228,0.160,76,69,51,47,0.320,0.225,0.293,0.239,0.164,0.079,68,59,47,22
0.052,0.262,0.020,-1.1,0.105,-1,0.2041,0.0696,0.160,0.192,0.393,0.242,0.395,0.296,0.228,0.160,76,69,51,47,0.320,0.225,0.293,0.239,0.164,0.079,68,59,47,22
0.050,0.291,0.095,-0.08,0.108,0,0.2135,0.0701,0.105,0.059,0.393,0.242,0.395,0.296,0.228,0.160,76,69,51,47,0.320,0.225,0.293,0.239,0.164,0.079,68,59,47,22
0.052,0.154,0.059,2.1,0.128,0,0.2316,0.0763,0.056,0.02,0.393,0.242,0.395,0.296,0.228,0.160,76,69,51,47,0.320,0.225,0.293,0.239,0.164,0.079,68,59,47,22
0.057,0.220,0.026,1.37,0.298,0,0.2571,0.0905,0.097,-0.510,0.393,0.242,0.395,0.296,0.228,0.160,76,69,51,47,0.320,0.225,0.293,0.239,0.164,0.079,68,59,47,22
0.057,0.193,0.094,1.69,0.290,0,0.3000,0.1206,0.041,-0.697,0.393,0.242,0.395,0.296,0.228,0.160,76,69,51,47,0.320,0.225,0.293,0.239,0.164,0.079,68,59,47,22
0.061,0.165,0.009,0.22,0.230,0,0.3345,0.1475,0.076,0.303,0.393,0.242,0.395,0.296,0.228,0.160,76,69,51,47,0.320,0.225,0.293,0.239,0.164,0.079,68,59,47,22
0.059,0.172,0.012,1.37,0.298,0,0.3602,0.1692,0.056,-0.510,0.393,0.242,0.395,0.296,0.228,0.160,76,69,51,47,0.320,0.225,0.293,0.239,0.164,0.079,68,59,47,22
0.091,0.092,0.003,1.99,0.186,0,0.3789,0.1869,0.078,-0.326,0.393,0.242,0.395,0.296,0.228,0.160,76,69,51,47,0.320,0.225,0.293,0.239,0.164,0.079,68,59,47,22
0.096,0.082,0.006,2.53,0.140,0,0.4048,0.2100,0.077,-0.121,0.393,0.242,0.395,0.296,0.228,0.160,76,69,51,47,0.320,0.225,0.293,0.239,0.164,0.079,68,59,47,22
0.102,0.134,0.003,-1.14,0.131,0,0.4347,0.2359,0.149,0.987,0.393,0.242,0.395,0.296,0.228,0.160,76,69,51,47,0.320,0.225,0.293,0.239,0.164,0.079,68,59,47,22
0.154,0.155,0.001,-0.08,0.108,0,0.4781,0.2665,0.155,0.059,0.393,0.242,0.395,0.296,0.228,0.160,76,69,51,47,0.320,0.225,0.293,0.239,0.164,0.079,68,59,47,22
0.152,0.128,0.001,-1.14,0.131,0,0.5236,0.2938,0.354,0.987,0.393,0.242,0.395,0.296,0.228,0.160,76,69,51,47,0.320,0.225,0.293,0.239,0.164,0.079,68,59,47,22
0.153,0.150,0.008,1.42,0.221,0,0.5738,0.3263,0.267,-0.397,0.393,0.242,0.395,0.296,0.228,0.160,76,69,51,47,0.320,0.225,0.293,0.239,0.164,0.079,68,59,47,22
0.156,0.168,0.067,-0.52,0.062,0,0.6302,0.3661,0.252,0.341,0.393,0.242,0.395,0.296,0.228,0.160,76,69,51,47,0.320,0.225,0.293,0.239,0.164,0.079,68,59,47,22
0.143,0.130,0.190,-1.14,0.131,0,0.6927,0.4148,0.372,0.987,0.393,0.242,0.395,0.296,0.228,0.160,76,69,51,47,0.320,0.225,0.293,0.239,0.164,0.079,68,59,47,22
0.173,0.161,0.252,-0.52,0.062,0,0.7548,0.4686,0.425,0.341,0.393,0.242,0.395,0.296,0.228,0.160,76,69,51,47,0.320,0.225,0.293,0.239,0.164,0.079,68,59,47,22
0.165,0.174,0.282,-0.52,0.062,0,0.8177,0.5274,0.314,0.341,0.393,0.242,0.395,0.296,0.228,0.160,76,69,51,47,0.320,0.225,0.293,0.239,0.164,0.079,68,59,47,22
0.192,0.171,0.483,-1.19,0.219,1,0.8664,0.5788,0.454,0.586,0.393,0.242,0.395,0.296,0.228,0.160,76,69,51,47,0.320,0.225,0.293,0.239,0.164,0.079,68,59,47,22
0.187,0.166,0.290,-0.52,0.062,0,0.8985,0.6194,0.319,0.341,0.393,0.242,0.395,0.296,0.228,0.160,76,69,51,47,0.320,0.225,0.293,0.239,0.164,0.079,68,59,47,22
0.180,0.115,0.167,2.53,0.140,0,0.9245,0.6582,0.227,-0.121,0.393,0.242,0.395,0.296,0.228,0.160,76,69,51,47,0.320,0.225,0.293,0.239,0.164,0.079,68,59,47,22
0.197,0.152,0.181,-0.52,0.062,0,0.9291,0.6781,0.326,0.341,0.393,0.242,0.395,0.296,0.228,0.160,76,69,51,47,0.320,0.225,0.293,0.239,0.164,0.079,68,59,47,22
0.210,0.144,0.200,-0.08,0.108,0,0.9245,0.6897,0.253,0.059,0.393,0.242,0.395,0.296,0.228,0.160,76,69,51,47,0.320,0.225,0.293,0.239,0.164,0.079,68,59,47,22
0.211,0.113,0.089,-1.14,0.131,0,0.9159,0.6956,0.297,0.987,0.393,0.242,0.395,0.296,0.228,0.160,76,69,51,47,0.320,0.225,0.293,0.239,0.164,0.079,68,59,47,22
0.202,0.116,0.176,-0.52,0.062,0,0.9001,0.6935,0.364,0.341,0.393,0.242,0.395,0.296,0.228,0.160,76,69,51,47,0.320,0.225,0.293,0.239,0.164,0.079,68,59,47,22
0.197,0.085,0.253,-0.79,0.151,-1,0.8887,0.6885,0.410,0.736,0.393,0.242,0.395,0.296,0.228,0.160,76,69,51,47,0.320,0.225,0.293,0.239,0.164,0.079,68,59,47,22
0.197,0.093,0.181,0.85,0.046,0,0.8779,0.6823,0.328,0.06,0.393,0.242,0.395,0.296,0.228,0.160,76,69,51,47,0.320,0.225,0.293,0.239,0.164,0.079,68,59,47,22
0.187,0.114,0.142,0,0.000,0,0.8741,0.6804,0.302,0.166,0.393,0.242,0.395,0.296,0.228,0.160,76,69,51,47,0.320,0.225,0.293,0.239,0.164,0.079,68,59,47,22
0.170,0.127,0.179,-0.52,0.062,0,0.8708,0.6831,0.293,0.341,0.393,0.242,0.395,0.296,0.228,0.160,76,69,51,47,0.320,0.225,0.293,0.239,0.164,0.079,68,59,47,22
0.144,0.138,0.366,-0.42,0.180,0,0.8596,0.6800,0.378,0.318,0.393,0.242,0.395,0.296,0.228,0.160,76,69,51,47,0.320,0.225,0.293,0.239,0.164,0.079,68,59,47,22
0.130,0.123,0.348,-1.1,0.105,-1,0.8392,0.6683,0.369,0.192,0.393,0.242,0.395,0.296,0.228,0.160,76,69,51,47,0.320,0.225,0.293,0.239,0.164,0.079,68,59,47,22
0.130,0.129,0.407,-0.52,0.062,0,0.8191,0.6566,0.292,0.341,0.393,0.242,0.395,0.296,0.228,0.160,76,69,51,47,0.320,0.225,0.293,0.239,0.164,0.079,68,59,47,22
0.119,0.140,0.194,0,0.000,0,0.8053,0.6518,0.288,0.166,0.393,0.242,0.395,0.296,0.228,0.160,76,69,51,47,0.320,0.225,0.293,0.239,0.164,0.079,68,59,47,22
0.087,0.141,0.142,-1.1,0.105,-1,0.7907,0.6469,0.291,0.192,0.393,0.242,0.395,0.296,0.228,0.160,76,69,51,47,0.320,0.225,0.293,0.239,0.164,0.079,68,59,47,22
0.087,0.141,0.232,1.99,0.186,0,0.7845,0.6486,0.149,-0.326,0.393,0.242,0.395,0.296,0.228,0.160,76,69,51,47,0.320,0.225,0.293,0.239,0.164,0.079,68,59,47,22
0.078,0.183,0.273,0,0.000,0,0.7765,0.6481,0.149,0.166,0.393,0.242,0.395,0.296,0.228,0.160,76,69,51,47,0.320,0.225,0.293,0.239,0.164,0.079,68,59,47,22
0.093,0.172,0.414,-1.14,0.131,0,0.7679,0.6432,0.262,0.987,0.393,0.242,0.395,0.296,0.228,0.160,76,69,51,47,0.320,0.225,0.293,0.239,0.164,0.079,68,59,47,22
0.088,0.190,0.347,1.99,0.186,0,0.7493,0.6313,0.107,-0.326,0.393,0.242,0.395,0.296,0.228,0.160,76,69,51,47,0.320,0.225,0.293,0.239,0.164,0.079,68,59,47,22
0.091,0.232,0.583,-0.08,0.108,0,0.7239,0.6130,0.203,0.059,0.393,0.242,0.395,0.296,0.228,0.160,76,69,51,47,0.320,0.225,0.293,0.239,0.164,0.079,68,59,47,22
0.086,0.250,0.690,0.2,0.291,1,0.6972,0.5915,0.264,0.180,0.393,0.242,0.395,0.296,0.228,0.160,76,69,51,47,0.320,0.225,0.293,0.239,0.164,0.079,68,59,47,22
0.089,0.233,0.540,-0.08,0.108,0,0.6709,0.5720,0.201,0.059,0.393,0.242,0.395,0.296,0.228,0.160,76,69,51,47,0.320,0.225,0.293,0.239,0.164,0.079,68,59,47,22
0.090,0.183,0.313,1.99,0.186,0,0.6429,0.5505,0.085,-0.326,0.393,0.242,0.395,0.296,0.228,0.160,76,69,51,47,0.320,0.225,0.293,0.239,0.164,0.079,68,59,47,22
0.085,0.200,0.214,-0.42,0.180,0,0.6079,0.5229,0.310,0.318,0.393,0.242,0.395,0.296,0.228,0.160,76,69,51,47,0.320,0.225,0.293,0.239,0.164,0.079,68,59,47,22
0.080,0.251,0.077,1.76,0.409,0,0.5830,0.4995,0.162,-0.884,0.393,0.242,0.395,0.296,0.228,0.160,76,69,51,47,0.320,0.225,0.293,0.239,0.164,0.079,68,59,47,22
0.088,0.148,0.013,-1.1,0.105,-1,0.5701,0.4833,0.344,0.192,0.393,0.242,0.395,0.296,0.228,0.160,76,69,51,47,0.320,0.225,0.293,0.239,0.164,0.079,68,59,47,22
0.085,0.135,0.113,-0.08,0.108,0,0.5744,0.4786,0.318,0.059,0.393,0.242,0.395,0.296,0.228,0.160,76,69,51,47,0.320,0.225,0.293,0.239,0.164,0.079,68,59,47,22
0.088,0.129,0.008,-1.1,0.105,-1,0.5753,0.4742,0.318,0.192,0.393,0.242,0.395,0.296,0.228,0.160,76,69,51,47,0.320,0.225,0.293,0.239,0.164,0.079,68,59,47,22
0.074,0.110,0.008,-1.14,0.131,0,0.5805,0.4733,0.267,0.987,0.393,0.242,0.395,0.296,0.228,0.160,76,69,51,47,0.320,0.225,0.293,0.239,0.164,0.079,68,59,47,22
0.074,0.122,0.019,-0.52,0.062,0,0.5789,0.4669,0.267,0.341,0.393,0.242,0.395,0.296,0.228,0.160,76,69,51,47,0.320,0.225,0.293,0.239,0.164,0.079,68,59,47,22
0.080,0.106,0.002,2.53,0.140,0,0.5780,0.4597,0.157,-0.121,0.393,0.242,0.395,0.296,0.228,0.160,76,69,51,47,0.320,0.225,0.293,0.239,0.164,0.079,68,59,47,22
0.080,0.096,0.002,1.99,0.186,0,0.5806,0.4585,0.125,-0.326,0.393,0.242,0.395,0.296,0.228,0.160,76,69,51,47,0.320,0.225,0.293,0.239,0.164,0.079,68,59,47,22
0.088,0.145,0.022,-0.42,0.180,0,0.5761,0.4525,0.270,0.318,0.393,0.242,0.395,0.296,0.228,0.160,76,69,51,47,0.320,0.225,0.293,0.239,0.164,0.079,68,59,47,22
0.088,0.099,0.004,1.99,0.186,0,0.5752,0.4505,0.108,-0.326,0.393,0.242,0.395,0.296,0.228,0.160,76,69,51,47,0.320,0.225,0.293,0.239,0.164,0.079,68,59,47,22
0.097,0.204,0.111,-0.42,0.180,0,0.5654,0.4413,0.261,0.318,0.393,0.242,0.395,0.296,0.228,0.160,76,69,51,47,0.320,0.225,0.293,0.239,0.164,0.079,68,59,47,22
0.172,0.189,0.063,-0.52,0.062,0,0.5555,0.4303,0.260,0.341,0.393,0.242,0.395,0.296,0.228,0.160,76,69,51,47,0.320,0.225,0.293,0.239,0.164,0.079,68,59,47,22
0.178,0.162,0.026,-1.1,0.105,-1,0.5348,0.4111,0.257,0.192,0.393,0.242,0.395,0.296,0.228,0.160,76,69,51,47,0.320,0.225,0.293,0.239,0.164,0.079,68,59,47,22
0.190,0.197,0.229,-0.52,0.062,0,0.5047,0.3848,0.323,0.341,0.393,0.242,0.395,0.296,0.228,0.160,76,69,51,47,0.320,0.225,0.293,0.239,0.164,0.079,68,59,47,22
0.197,0.152,0.118,-0.79,0.151,-1,0.4791,0.3620,0.401,0.736,0.393,0.242,0.395,0.296,0.228,0.160,76,69,51,47,0.320,0.225,0.293,0.239,0.164,0.079,68,59,47,22
0.215,0.116,0.001,1.99,0.186,0,0.4676,0.3528,0.130,-0.326,0.393,0.242,0.395,0.296,0.228,0.160,76,69,51,47,0.320,0.225,0.293,0.239,0.164,0.079,68,59,47,22
0.248,0.145,0.071,0,0.000,0,0.4573,0.3443,0.165,0.166,0.393,0.242,0.395,0.296,0.228,0.160,76,69,51,47,0.320,0.225,0.293,0.239,0.164,0.079,68,59,47,22
0.248,0.286,0.536,0.2,0.291,1,0.4523,0.3424,0.359,0.180,0.393,0.242,0.395,0.296,0.228,0.160,76,69,51,47,0.320,0.225,0.293,0.239,0.164,0.079,68,59,47,22
0.239,0.381,0.410,0.2,0.291,1,0.4395,0.3308,0.267,0.180,0.393,0.242,0.395,0.296,0.228,0.160,76,69,51,47,0.320,0.225,0.293,0.239,0.164,0.079,68,59,47,22
0.239,0.157,0.250,1.99,0.186,0,0.4311,0.3221,0.054,-0.326,0.393,0.242,0.395,0.296,0.228,0.160,76,69,51,47,0.320,0.225,0.293,0.239,0.164,0.079,68,59,47,22
0.240,0.247,0.525,0.22,0.230,0,0.4326,0.3232,0.255,0.303,0.393,0.242,0.395,0.296,0.228,0.160,76,69,51,47,0.320,0.225,0.293,0.239,0.164,0.079,68,59,47,22
0.238,0.338,0.551,-1.19,0.219,1,0.4189,0.3165,0.460,0.586,0.393,0.242,0.395,0.296,0.228,0.160,76,69,51,47,0.320,0.225,0.293,0.239,0.164,0.079,68,59,47,22
0.192,0.216,0.207,1.99,0.186,0,0.4048,0.3099,0.114,-0.326,0.393,0.242,0.395,0.296,0.228,0.160,76,69,51,47,0.320,0.225,0.293,0.239,0.164,0.079,68,59,47,22
0.198,0.255,0.134,0,0.000,0,0.3796,0.2943,0.378,0.166,0.393,0.242,0.395,0.296,0.228,0.160,76,69,51,47,0.320,0.225,0.293,0.239,0.164,0.079,68,59,47,22
0.182,0.240,0.338,2.53,0.140,0,0.3571,0.2823,0.167,-0.121,0.393,0.242,0.395,0.296,0.228,0.160,76,69,51,47,0.320,0.225,0.293,0.239,0.164,0.079,68,59,47,22
0.226,0.740,0.457,-0.52,0.062,0,0.3302,0.2669,0.303,0.341,0.393,0.242,0.395,0.296,0.228,0.160,76,69,51,47,0.320,0.225,0.293,0.239,0.164,0.079,68,59,47,22
0.189,0.316,0.546,-1.19,0.219,1,0.3102,0.2591,0.400,0.586,0.393,0.242,0.395,0.296,0.228,0.160,76,69,51,47,0.320,0.225,0.293,0.239,0.164,0.079,68,59,47,22
0.186,0.235,0.347,2.53,0.140,0,0.2979,0.2565,0.146,-0.121,0.393,0.242,0.395,0.296,0.228,0.160,76,69,51,47,0.320,0.225,0.293,0.239,0.164,0.079,68,59,47,22
0.179,0.316,0.375,-0.08,0.108,0,0.2915,0.2587,0.224,0.059,0.393,0.242,0.395,0.296,0.228,0.160,76,69,51,47,0.320,0.225,0.293,0.239,0.164,0.079,68,59,47,22
0.181,0.315,0.174,-0.42,0.180,0,0.2885,0.2655,0.289,0.318,0.393,0.242,0.395,0.296,0.228,0.160,76,69,51,47,0.320,0.225,0.293,0.239,0.164,0.079,68,59,47,22
0.164,0.250,0.061,2.53,0.140,0,0.2903,0.2728,0.135,-0.121,0.393,0.242,0.395,0.296,0.228,0.160,76,69,51,47,0.320,0.225,0.293,0.239,0.164,0.079,68,59,47,22
0.160,0.276,0.014,-1.1,0.105,-1,0.2926,0.2791,0.261,0.192,0.393,0.242,0.395,0.296,0.228,0.160,76,69,51,47,0.320,0.225,0.293,0.239,0.164,0.079,68,59,47,22
0.160,0.272,0.048,1.69,0.290,0,0.3072,0.2957,0.124,-0.697,0.393,0.242,0.395,0.296,0.228,0.160,76,69,51,47,0.320,0.225,0.293,0.239,0.164,0.079,68,59,47,22
0.132,0.264,0.059,1.99,0.186,0,0.3309,0.3183,0.163,-0.326,0.393,0.242,0.395,0.296,0.228,0.160,76,69,51,47,0.320,0.225,0.293,0.239,0.164,0.079,68,59,47,22
0.123,0.252,0.150,-1.14,0.131,0,0.3625,0.3463,0.220,0.987,0.393,0.242,0.395,0.296,0.228,0.160,76,69,51,47,0.320,0.225,0.293,0.239,0.164,0.079,68,59,47,22
0.119,0.306,0.346,0.2,0.291,1,0.3978,0.3793,0.372,0.180,0.393,0.242,0.395,0.296,0.228,0.160,76,69,51,47,0.320,0.225,0.293,0.239,0.164,0.079,68,59,47,22
0.108,0.203,0.091,-0.79,0.151,-1,0.4098,0.3939,0.320,0.736,0.393,0.242,0.395,0.296,0.228,0.160,76,69,51,47,0.320,0.225,0.293,0.239,0.164,0.079,68,59,47,22
0.083,0.166,0.133,2.53,0.140,0,0.4213,0.4088,0.139,-0.121,0.393,0.242,0.395,0.296,0.228,0.160,76,69,51,47,0.320,0.225,0.293,0.239,0.164,0.079,68,59,47,22
0.082,0.210,0.045,2.53,0.140,0,0.4338,0.4252,0.155,-0.121,0.393,0.242,0.395,0.296,0.228,0.160,76,69,51,47,0.320,0.225,0.293,0.239,0.164,0.079,68,59,47,22
0.087,0.297,0.070,-0.52,0.062,0,0.4527,0.4455,0.318,0.341,0.393,0.242,0.395,0.296,0.228,0.160,76,69,51,47,0.320,0.225,0.293,0.239,0.164,0.079,68,59,47,22
0.086,0.389,0.230,1.37,0.298,0,0.4735,0.4666,0.160,-0.510,0.393,0.242,0.395,0.296,0.228,0.160,76,69,51,47,0.320,0.225,0.293,0.239,0.164,0.079,68,59,47,22
0.092,0.319,0.279,-0.52,0.062,0,0.4955,0.4864,0.236,0.341,0.393,0.242,0.395,0.296,0.228,0.160,76,69,51,47,0.320,0.225,0.293,0.239,0.164,0.079,68,59,47,22
0.093,0.380,0.437,-1.19,0.219,1,0.5305,0.5162,0.466,0.586,0.393,0.242,0.395,0.296,0.228,0.160,76,69,51,47,0.320,0.225,0.293,0.239,0.164,0.079,68,59,47,22
0.119,0.275,0.244,-0.79,0.151,-1,0.5654,0.5399,0.485,0.736,0.393,0.242,0.395,0.296,0.228,0.160,76,69,51,47,0.320,0.225,0.293,0.239,0.164,0.079,68,59,47,22
0.097,0.300,0.334,-0.08,0.108,0,0.6109,0.5706,0.307,0.059,0.393,0.242,0.395,0.296,0.228,0.160,76,69,51,47,0.320,0.225,0.293,0.239,0.164,0.079,68,59,47,22
0.082,0.326,0.392,-0.42,0.180,0,0.6620,0.6024,0.421,0.318,0.393,0.242,0.395,0.296,0.228,0.160,76,69,51,47,0.320,0.225,0.293,0.239,0.164,0.079,68,59,47,22
0.076,0.296,0.391,-0.08,0.108,0,0.7181,0.6387,0.270,0.059,0.393,0.242,0.395,0.296,0.228,0.160,76,69,51,47,0.320,0.225,0.293,0.239,0.164,0.079,68,59,47,22
0.076,0.188,0.124,-1.14,0.131,0,0.7666,0.6706,0.312,0.987,0.393,0.242,0.395,0.296,0.228,0.160,76,69,51,47,0.320,0.225,0.293,0.239,0.164,0.079,68,59,47,22
0.061,0.134,0.074,1.99,0.186,0,0.8057,0.6989,0.207,-0.326,0.393,0.242,0.395,0.296,0.228,0.160,76,69,51,47,0.320,0.225,0.293,0.239,0.164,0.079,68,59,47,22
0.058,0.136,0.130,0.85,0.046,0,0.8412,0.7261,0.256,0.06,0.393,0.242,0.395,0.296,0.228,0.160,76,69,51,47,0.320,0.225,0.293,0.239,0.164,0.079,68,59,47,22
0.044,0.152,0.065,-0.08,0.108,0,0.8777,0.7571,0.384,0.059,0.393,0.242,0.395,0.296,0.228,0.160,76,69,51,47,0.320,0.225,0.293,0.239,0.164,0.079,68,59,47,22
0.040,0.127,0.145,0.22,0.230,0,0.8974,0.7775,0.286,0.303,0.393,0.242,0.395,0.296,0.228,0.160,76,69,51,47,0.320,0.225,0.293,0.239,0.164,0.079,68,59,47,22
0.040,0.095,0.174,-0.42,0.180,0,0.9108,0.7924,0.390,0.318,0.393,0.242,0.395,0.296,0.228,0.160,76,69,51,47,0.320,0.225,0.293,0.239,0.164,0.079,68,59,47,22
0.032,0.080,0.394,-0.52,0.062,0,0.9133,0.7977,0.379,0.341,0.393,0.242,0.395,0.296,0.228,0.160,76,69,51,47,0.320,0.225,0.293,0.239,0.164,0.079,68,59,47,22
0.032,0.069,0.165,-0.79,0.151,-1,0.8946,0.7887,0.461,0.736,0.393,0.242,0.395,0.296,0.228,0.160,76,69,51,47,0.320,0.225,0.293,0.239,0.164,0.079,68,59,47,22
0.035,0.065,0.060,-0.79,0.151,-1,0.8790,0.7808,0.464,0.736,0.393,0.242,0.395,0.296,0.228,0.160,76,69,51,47,0.320,0.225,0.293,0.239,0.164,0.079,68,59,47,22
0.046,0.060,0.024,-1.1,0.105,-1,0.8621,0.7716,0.388,0.192,0.393,0.242,0.395,0.296,0.228,0.160,76,69,51,47,0.320,0.225,0.293,0.239,0.164,0.079,68,59,47,22
0.049,0.058,0.006,-0.79,0.151,-1,0.8549,0.7696,0.478,0.736,0.393,0.242,0.395,0.296,0.228,0.160,76,69,51,47,0.320,0.225,0.293,0.239,0.164,0.079,68,59,47,22
0.052,0.058,0.001,-0.79,0.151,-1,0.8531,0.7742,0.479,0.736,0.393,0.242,0.395,0.296,0.228,0.160,76,69,51,47,0.320,0.225,0.293,0.239,0.164,0.079,68,59,47,22
0.051,0.051,0.001,-1.1,0.105,-1,0.8520,0.7788,0.299,0.192,0.393,0.242,0.395,0.296,0.228,0.160,76,69,51,47,0.320,0.225,0.293,0.239,0.164,0.079,68,59,47,22
0.048,0.054,0.001,-0.79,0.151,-1,0.8576,0.7914,0.341,0.736,0.393,0.242,0.395,0.296,0.228,0.160,76,69,51,47,0.320,0.225,0.293,0.239,0.164,0.079,68,59,47,22
0.054,0.053,0.000,-0.79,0.151,-1,0.8630,0.8037,0.447,0.736,0.393,0.242,0.395,0.296,0.228,0.160,76,69,51,47,0.320,0.225,0.293,0.239,0.164,0.079,68,59,47,22
0.040,0.050,0.001,1.42,0.221,0,0.8674,0.8153,0.249,-0.397,0.393,0.242,0.395,0.296,0.228,0.160,76,69,51,47,0.320,0.225,0.293,0.239,0.164,0.079,68,59,47,22
0.041,0.051,0.002,2.53,0.140,0,0.8650,0.8206,0.158,-0.121,0.393,0.242,0.395,0.296,0.228,0.160,76,69,51,47,0.320,0.225,0.293,0.239,0.164,0.079,68,59,47,22
0.031,0.060,0.002,-0.79,0.151,-1,0.8630,0.8221,0.429,0.736,0.393,0.242,0.395,0.296,0.228,0.160,76,69,51,47,0.320,0.225,0.293,0.239,0.164,0.079,68,59,47,22
0.033,0.062,0.005,-0.52,0.062,0,0.8581,0.8169,0.398,0.341,0.393,0.242,0.395,0.296,0.228,0.160,76,69,51,47,0.320,0.225,0.293,0.239,0.164,0.079,68,59,47,22
0.039,0.073,0.067,-1.19,0.219,1,0.8349,0.7999,0.387,0.586,0.393,0.242,0.395,0.296,0.228,0.160,76,69,51,47,0.320,0.225,0.293,0.239,0.164,0.079,68,59,47,22
0.039,0.071,0.028,2.53,0.140,0,0.8129,0.7808,0.222,-0.121,0.393,0.242,0.395,0.296,0.228,0.160,76,69,51,47,0.320,0.225,0.293,0.239,0.164,0.079,68,59,47,22
0.062,0.078,0.033,0,0.000,0,0.7957,0.7643,0.345,0.166,0.393,0.242,0.395,0.296,0.228,0.160,76,69,51,47,0.320,0.225,0.293,0.239,0.164,0.079,68,59,47,22
0.096,0.094,0.386,-0.42,0.180,0,0.7734,0.7419,0.426,0.318,0.393,0.242,0.395,0.296,0.228,0.160,76,69,51,47,0.320,0.225,0.293,0.239,0.164,0.079,68,59,47,22
0.096,0.085,0.106,-1.1,0.105,-1,0.7480,0.7169,0.422,0.192,0.393,0.242,0.395,0.296,0.228,0.160,76,69,51,47,0.320,0.225,0.293,0.239,0.164,0.079,68,59,47,22
0.096,0.083,0.163,-0.52,0.062,0,0.7229,0.6922,0.403,0.341,0.393,0.242,0.395,0.296,0.228,0.160,76,69,51,47,0.320,0.225,0.293,0.239,0.164,0.079,68,59,47,22
0.119,0.075,0.003,-0.79,0.151,-1,0.7083,0.6771,0.496,0.736,0.393,0.242,0.395,0.296,0.228,0.160,76,69,51,47,0.320,0.225,0.293,0.239,0.164,0.079,68,59,47,22
0.141,0.065,0.002,1.99,0.186,0,0.7134,0.6759,0.291,-0.326,0.393,0.242,0.395,0.296,0.228,0.160,76,69,51,47,0.320,0.225,0.293,0.239,0.164,0.079,68,59,47,22
0.115,0.075,0.002,-0.79,0.151,-1,0.7278,0.6824,0.428,0.736,0.393,0.242,0.395,0.296,0.228,0.160,76,69,51,47,0.320,0.225,0.293,0.239,0.164,0.079,68,59,47,22
0.141,0.085,0.175,-0.48,0.134,0,0.7524,0.6968,0.392,0.007,0.393,0.242,0.395,0.296,0.228,0.160,76,69,51,47,0.320,0.225,0.293,0.239,0.164,0.079,68,59,47,22
0.129,0.086,0.012,-0.42,0.180,0,0.7729,0.7086,0.425,0.318,0.393,0.242,0.395,0.296,0.228,0.160,76,69,51,47,0.320,0.225,0.293,0.239,0.164,0.079,68,59,47,22
0.099,0.072,0.101,-1.1,0.105,-1,0.7902,0.7155,0.457,0.192,0.393,0.242,0.395,0.296,0.228,0.160,76,69,51,47,0.320,0.225,0.293,0.239,0.164,0.079,68,59,47,22
0.103,0.088,0.108,-1.19,0.219,1,0.8053,0.7187,0.368,0.586,0.393,0.242,0.395,0.296,0.228,0.160,76,69,51,47,0.320,0.225,0.293,0.239,0.164,0.079,68,59,47,22
0.082,0.081,0.206,-1.19,0.219,1,0.8133,0.7146,0.425,0.586,0.393,0.242,0.395,0.296,0.228,0.160,76,69,51,47,0.320,0.225,0.293,0.239,0.164,0.079,68,59,47,22
0.084,0.064,0.028,-0.42,0.180,0,0.8197,0.7106,0.426,0.318,0.393,0.242,0.395,0.296,0.228,0.160,76,69,51,47,0.320,0.225,0.293,0.239,0.164,0.079,68,59,47,22
0.083,0.055,0.003,-0.79,0.151,-1,0.8240,0.7033,0.462,0.736,0.393,0.242,0.395,0.296,0.228,0.160,76,69,51,47,0.320,0.225,0.293,0.239,0.164,0.079,68,59,47,22
0.064,0.054,0.008,2.53,0.140,0,0.8299,0.6918,0.223,-0.121,0.393,0.242,0.395,0.296,0.228,0.160,76,69,51,47,0.320,0.225,0.293,0.239,0.164,0.079,68,59,47,22
0.064,0.080,0.022,-1.19,0.219,1,0.8359,0.6792,0.511,0.586,0.393,0.242,0.395,0.296,0.228,0.160,76,69,51,47,0.320,0.225,0.293,0.239,0.164,0.079,68,59,47,22
0.052,0.064,0.001,-0.79,0.151,-1,0.8338,0.6646,0.563,0.736,0.393,0.242,0.395,0.296,0.228,0.160,76,69,51,47,0.320,0.225,0.293,0.239,0.164,0.079,68,59,47,22
0.080,0.069,0.002,0.85,0.046,0,0.8211,0.6477,0.341,0.06,0.393,0.242,0.395,0.296,0.228,0.160,76,69,51,47,0.320,0.225,0.293,0.239,0.164,0.079,68,59,47,22
0.092,0.076,0.005,-1.14,0.131,0,0.8068,0.6335,0.407,0.987,0.393,0.242,0.395,0.296,0.228,0.160,76,69,51,47,0.320,0.225,0.293,0.239,0.164,0.079,68,59,47,22
0.092,0.082,0.036,-1.14,0.131,0,0.7966,0.6229,0.428,0.987,0.393,0.242,0.395,0.296,0.228,0.160,76,69,51,47,0.320,0.225,0.293,0.239,0.164,0.079,68,59,47,22
0.094,0.105,0.279,0.2,0.291,1,0.7807,0.6128,0.496,0.180,0.393,0.242,0.395,0.296,0.228,0.160,76,69,51,47,0.320,0.225,0.293,0.239,0.164,0.079,68,59,47,22
0.075,0.070,0.010,-0.79,0.151,-1,0.7603,0.6027,0.555,0.736,0.393,0.242,0.395,0.296,0.228,0.160,76,69,51,47,0.320,0.225,0.293,0.239,0.164,0.079,68,59,47,22
0.064,0.073,0.003,1.99,0.186,0,0.7521,0.6056,0.204,-0.326,0.393,0.242,0.395,0.296,0.228,0.160,76,69,51,47,0.320,0.225,0.293,0.239,0.164,0.079,68,59,47,22
0.070,0.086,0.046,-0.08,0.108,0,0.7376,0.6022,0.351,0.059,0.393,0.242,0.395,0.296,0.228,0.160,76,69,51,47,0.320,0.225,0.293,0.239,0.164,0.079,68,59,47,22
0.070,0.083,0.002,-0.79,0.151,-1,0.7181,0.5951,0.466,0.736,0.393,0.242,0.395,0.296,0.228,0.160,76,69,51,47,0.320,0.225,0.293,0.239,0.164,0.079,68,59,47,22
0.056,0.095,0.000,-0.79,0.151,-1,0.6819,0.5697,0.493,0.736,0.393,0.242,0.395,0.296,0.228,0.160,76,69,51,47,0.320,0.225,0.293,0.239,0.164,0.079,68,59,47,22
0.036,0.106,0.008,-0.79,0.151,-1,0.6290,0.5306,0.302,0.736,0.393,0.242,0.395,0.296,0.228,0.160,76,69,51,47,0.320,0.225,0.293,0.239,0.164,0.079,68,59,47,22
0.045,0.143,0.125,-1.19,0.219,1,0.5667,0.4830,0.331,0.586,0.393,0.242,0.395,0.296,0.228,0.160,76,69,51,47,0.320,0.225,0.293,0.239,0.164,0.079,68,59,47,22
0.044,0.149,0.007,-0.42,0.180,0,0.4982,0.4285,0.336,0.318,0.393,0.242,0.395,0.296,0.228,0.160,76,69,51,47,0.320,0.225,0.293,0.239,0.164,0.079,68,59,47,22
0.037,0.165,0.006,-0.42,0.180,0,0.4258,0.3694,0.302,0.318,0.393,0.242,0.395,0.296,0.228,0.160,76,69,51,47,0.320,0.225,0.293,0.239,0.164,0.079,68,59,47,22
0.032,0.184,0.004,3.14,0.186,0,0.3570,0.3138,0.140,-0.486,0.393,0.242,0.395,0.296,0.228,0.160,76,69,51,47,0.320,0.225,0.293,0.239,0.164,0.079,68,59,47,22
0.029,0.175,0.002,1.99,0.186,0,0.3015,0.2676,0.184,-0.326,0.393,0.242,0.395,0.296,0.228,0.160,76,69,51,47,0.320,0.225,0.293,0.239,0.164,0.079,68,59,47,22
0.038,0.271,0.024,0.22,0.230,0,0.2584,0.2283,0.283,0.303,0.393,0.242,0.395,0.296,0.228,0.160,76,69,51,47,0.320,0.225,0.293,0.239,0.164,0.079,68,59,47,22
0.036,0.248,0.004,-0.52,0.062,0,0.2322,0.2005,0.169,0.341,0.393,0.242,0.395,0.296,0.228,0.160,76,69,51,47,0.320,0.225,0.293,0.239,0.164,0.079,68,59,47,22
0.037,0.206,0.001,-0.79,0.151,-1,0.2185,0.1837,0.337,0.736,0.393,0.242,0.395,0.296,0.228,0.160,76,69,51,47,0.320,0.225,0.293,0.239,0.164,0.079,68,59,47,22
0.048,0.198,0.001,-0.79,0.151,-1,0.1965,0.1635,0.227,0.736,0.393,0.242,0.395,0.296,0.228,0.160,76,69,51,47,0.320,0.225,0.293,0.239,0.164,0.079,68,59,47,22
0.060,0.235,0.002,1.69,0.290,0,0.1722,0.1401,0.030,-0.697,0.393,0.242,0.395,0.296,0.228,0.160,76,69,51,47,0.320,0.225,0.293,0.239,0.164,0.079,68,59,47,22
0.072,0.223,0.001,1.99,0.186,0,0.1495,0.1159,0.058,-0.326,0.393,0.242,0.395,0.296,0.228,0.160,76,69,51,47,0.320,0.225,0.293,0.239,0.164,0.079,68,59,47,22
0.046,0.245,0.002,3.14,0.186,0,0.1230,0.0873,0.087,-0.486,0.393,0.242,0.395,0.296,0.228,0.160,76,69,51,47,0.320,0.225,0.293,0.239,0.164,0.079,68,59,47,22
0.050,0.406,0.051,1.69,0.290,0,0.0990,0.0629,0.058,-0.697,0.393,0.242,0.395,0.296,0.228,0.160,76,69,51,47,0.320,0.225,0.293,0.239,0.164,0.079,68,59,47,22
0.052,0.371,0.002,1.69,0.290,0,0.0931,0.0540,0.028,-0.697,0.393,0.242,0.395,0.296,0.228,0.160,76,69,51,47,0.320,0.225,0.293,0.239,0.164,0.079,68,59,47,22
0.053,0.400,0.124,-1.1,0.105,-1,0.1007,0.0522,0.221,0.192,0.393,0.242,0.395,0.296,0.228,0.160,76,69,51,47,0.320,0.225,0.293,0.239,0.164,0.079,68,59,47,22
0.054,0.577,0.600,0.2,0.291,1,0.1151,0.0585,0.239,0.180,0.393,0.242,0.395,0.296,0.228,0.160,76,69,51,47,0.320,0.225,0.293,0.239,0.164,0.079,68,59,47,22
0.040,0.463,0.050,-0.08,0.108,0,0.1192,0.0573,0.098,0.059,0.393,0.242,0.395,0.296,0.228,0.160,76,69,51,47,0.320,0.225,0.293,0.239,0.164,0.079,68,59,47,22
0.036,0.382,0.029,3.14,0.186,0,0.1257,0.0596,0.044,-0.486,0.393,0.242,0.395,0.296,0.228,0.160,76,69,51,47,0.320,0.225,0.293,0.239,0.164,0.079,68,59,47,22
0.048,0.525,0.500,0.2,0.291,1,0.1269,0.0579,0.244,0.180,0.393,0.242,0.395,0.296,0.228,0.160,76,69,51,47,0.320,0.225,0.293,0.239,0.164,0.079,68,59,47,22
0.057,0.363,0.036,2.53,0.140,0,0.1329,0.0604,0.074,-0.121,0.393,0.242,0.395,0.296,0.228,0.160,76,69,51,47,0.320,0.225,0.293,0.239,0.164,0.079,68,59,47,22
0.068,0.350,0.004,3.14,0.186,0,0.1351,0.0618,0.039,-0.486,0.393,0.242,0.395,0.296,0.228,0.160,76,69,51,47,0.320,0.225,0.293,0.239,0.164,0.079,68,59,47,22
0.056,0.318,0.013,-0.79,0.151,-1,0.1417,0.0644,0.202,0.736,0.393,0.242,0.395,0.296,0.228,0.160,76,69,51,47,0.320,0.225,0.293,0.239,0.164,0.079,68,59,47,22
0.047,0.398,0.234,0.2,0.291,1,0.1497,0.0679,0.342,0.180,0.393,0.242,0.395,0.296,0.228,0.160,76,69,51,47,0.320,0.225,0.293,0.239,0.164,0.079,68,59,47,22
0.055,0.304,0.006,0.85,0.046,0,0.1526,0.0655,0.115,0.06,0.393,0.242,0.395,0.296,0.228,0.160,76,69,51,47,0.320,0.225,0.293,0.239,0.164,0.079,68,59,47,22
0.060,0.257,0.002,1.99,0.186,0,0.1622,0.0684,0.113,-0.326,0.393,0.242,0.395,0.296,0.228,0.160,76,69,51,47,0.320,0.225,0.293,0.239,0.164,0.079,68,59,47,22
0.066,0.208,0.003,0.85,0.046,0,0.1755,0.0748,0.361,0.06,0.393,0.242,0.395,0.296,0.228,0.160,76,69,51,47,0.320,0.225,0.293,0.239,0.164,0.079,68,59,47,22
0.064,0.173,0.010,-0.79,0.151,-1,0.1952,0.0871,0.508,0.736,0.393,0.242,0.395,0.296,0.228,0.160,76,69,51,47,0.320,0.225,0.293,0.239,0.164,0.079,68,59,47,22
0.071,0.196,0.005,-1.1,0.105,-1,0.2087,0.0951,0.386,0.192,0.393,0.242,0.395,0.296,0.228,0.160,76,69,51,47,0.320,0.225,0.293,0.239,0.164,0.079,68,59,47,22
0.058,0.188,0.009,-0.52,0.062,0,0.2282,0.1088,0.179,0.341,0.393,0.242,0.395,0.296,0.228,0.160,76,69,51,47,0.320,0.225,0.293,0.239,0.164,0.079,68,59,47,22
0.056,0.184,0.023,-1.1,0.105,-1,0.2522,0.1274,0.342,0.192,0.393,0.242,0.395,0.296,0.228,0.160,76,69,51,47,0.320,0.225,0.293,0.239,0.164,0.079,68,59,47,22
0.045,0.117,0.001,3.14,0.186,0,0.2799,0.1557,0.084,-0.486,0.393,0.242,0.395,0.296,0.228,0.160,76,69,51,47,0.320,0.225,0.293,0.239,0.164,0.079,68,59,47,22
0.037,0.194,0.088,1.69,0.290,0,0.3099,0.1886,0.078,-0.697,0.393,0.242,0.395,0.296,0.228,0.160,76,69,51,47,0.320,0.225,0.293,0.239,0.164,0.079,68,59,47,22
0.058,0.230,0.345,1.69,0.290,0,0.3521,0.2313,0.089,-0.697,0.393,0.242,0.395,0.296,0.228,0.160,76,69,51,47,0.320,0.225,0.293,0.239,0.164,0.079,68,59,47,22
0.053,0.232,0.290,-1.1,0.105,-1,0.3814,0.2633,0.250,0.192,0.393,0.242,0.395,0.296,0.228,0.160,76,69,51,47,0.320,0.225,0.293,0.239,0.164,0.079,68,59,47,22
0.054,0.292,0.326,1.37,0.298,0,0.4015,0.2902,0.135,-0.510,0.393,0.242,0.395,0.296,0.228,0.160,76,69,51,47,0.320,0.225,0.293,0.239,0.164,0.079,68,59,47,22
0.052,0.268,0.358,-0.52,0.062,0,0.3992,0.2996,0.258,0.341,0.393,0.242,0.395,0.296,0.228,0.160,76,69,51,47,0.320,0.225,0.293,0.239,0.164,0.079,68,59,47,22
0.052,0.246,0.304,0,0.000,0,0.4020,0.3107,0.281,0.166,0.393,0.242,0.395,0.296,0.228,0.160,76,69,51,47,0.320,0.225,0.293,0.239,0.164,0.079,68,59,47,22
0.062,0.288,0.397,0.2,0.291,1,0.4026,0.3157,0.366,0.180,0.393,0.242,0.395,0.296,0.228,0.160,76,69,51,47,0.320,0.225,0.293,0.239,0.164,0.079,68,59,47,22
0.065,0.182,0.040,-0.79,0.151,-1,0.3970,0.3148,0.364,0.736,0.393,0.242,0.395,0.296,0.228,0.160,76,69,51,47,0.320,0.225,0.293,0.239,0.164,0.079,68,59,47,22
0.063,0.109,0.004,1.99,0.186,0,0.3992,0.3162,0.134,-0.326,0.393,0.242,0.395,0.296,0.228,0.160,76,69,51,47,0.320,0.225,0.293,0.239,0.164,0.079,68,59,47,22
0.066,0.111,0.059,-0.79,0.151,-1,0.4116,0.3215,0.407,0.736,0.393,0.242,0.395,0.296,0.228,0.160,76,69,51,47,0.320,0.225,0.293,0.239,0.164,0.079,68,59,47,22
0.057,0.118,0.014,-0.79,0.151,-1,0.4365,0.3364,0.448,0.736,0.393,0.242,0.395,0.296,0.228,0.160,76,69,51,47,0.320,0.225,0.293,0.239,0.164,0.079,68,59,47,22
0.070,0.175,0.007,-1.19,0.219,1,0.4640,0.3530,0.459,0.586,0.393,0.242,0.395,0.296,0.228,0.160,76,69,51,47,0.320,0.225,0.293,0.239,0.164,0.079,68,59,47,22
0.090,0.191,0.001,-1.1,0.105,-1,0.4884,0.3681,0.451,0.192,0.393,0.242,0.395,0.296,0.228,0.160,76,69,51,47,0.320,0.225,0.293,0.239,0.164,0.079,68,59,47,22
0.077,0.178,0.069,0,0.000,0,0.5056,0.3804,0.344,0.166,0.393,0.242,0.395,0.296,0.228,0.160,76,69,51,47,0.320,0.225,0.293,0.239,0.164,0.079,68,59,47,22
0.073,0.210,0.002,-1.1,0.105,-1,0.5115,0.3855,0.365,0.192,0.393,0.242,0.395,0.296,0.228,0.160,76,69,51,47,0.320,0.225,0.293,0.239,0.164,0.079,68,59,47,22
0.072,0.179,0.045,2.53,0.140,0,0.5089,0.3849,0.200,-0.121,0.393,0.242,0.395,0.296,0.228,0.160,76,69,51,47,0.320,0.225,0.293,0.239,0.164,0.079,68,59,47,22
0.068,0.229,0.188,-0.42,0.180,0,0.4928,0.3730,0.341,0.318,0.393,0.242,0.395,0.296,0.228,0.160,76,69,51,47,0.320,0.225,0.293,0.239,0.164,0.079,68,59,47,22
0.053,0.211,0.029,0.85,0.046,0,0.4712,0.3582,0.266,0.06,0.393,0.242,0.395,0.296,0.228,0.160,76,69,51,47,0.320,0.225,0.293,0.239,0.164,0.079,68,59,47,22
0.058,0.265,0.078,0,0.000,0,0.4347,0.3312,0.205,0.166,0.393,0.242,0.395,0.296,0.228,0.160,76,69,51,47,0.320,0.225,0.293,0.239,0.164,0.079,68,59,47,22
0.056,0.204,0.050,0.85,0.046,0,0.4052,0.3105,0.180,0.06,0.393,0.242,0.395,0.296,0.228,0.160,76,69,51,47,0.320,0.225,0.293,0.239,0.164,0.079,68,59,47,22
0.056,0.281,0.210,-0.48,0.134,0,0.3804,0.2887,0.304,0.007,0.393,0.242,0.395,0.296,0.228,0.160,76,69,51,47,0.320,0.225,0.293,0.239,0.164,0.079,68,59,47,22
0.075,0.284,0.106,1.99,0.186,0,0.3601,0.2700,0.084,-0.326,0.393,0.242,0.395,0.296,0.228,0.160,76,69,51,47,0.320,0.225,0.293,0.239,0.164,0.079,68,59,47,22
0.040,0.325,0.476,-0.52,0.062,0,0.3327,0.2449,0.195,0.341,0.393,0.242,0.395,0.296,0.228,0.160,76,69,51,47,0.320,0.225,0.293,0.239,0.164,0.079,68,59,47,22
0.045,0.334,0.275,1.69,0.290,0,0.3283,0.2367,0.117,-0.697,0.393,0.242,0.395,0.296,0.228,0.160,76,69,51,47,0.320,0.225,0.293,0.239,0.164,0.079,68,59,47,22
0.055,0.330,0.361,-0.48,0.134,0,0.3104,0.2174,0.229,0.007,0.393,0.242,0.395,0.296,0.228,0.160,76,69,51,47,0.320,0.225,0.293,0.239,0.164,0.079,68,59,47,22
0.062,0.349,0.452,0.2,0.291,1,0.2971,0.2030,0.246,0.180,0.393,0.242,0.395,0.296,0.228,0.160,76,69,51,47,0.320,0.225,0.293,0.239,0.164,0.079,68,59,47,22
0.064,0.298,0.190,-0.42,0.180,0,0.2656,0.1772,0.316,0.318,0.393,0.242,0.395,0.296,0.228,0.160,76,69,51,47,0.320,0.225,0.293,0.239,0.164,0.079,68,59,47,22
0.067,0.248,0.265,1.69,0.290,0,0.2391,0.1556,0.112,-0.697,0.393,0.242,0.395,0.296,0.228,0.160,76,69,51,47,0.320,0.225,0.293,0.239,0.164,0.079,68,59,47,22
0.066,0.243,0.374,1.37,0.298,0,0.2233,0.1450,0.131,-0.510,0.393,0.242,0.395,0.296,0.228,0.160,76,69,51,47,0.320,0.225,0.293,0.239,0.164,0.079,68,59,47,22
0.062,0.183,0.168,-1.1,0.105,-1,0.2137,0.1388,0.289,0.192,0.393,0.242,0.395,0.296,0.228,0.160,76,69,51,47,0.320,0.225,0.293,0.239,0.164,0.079,68,59,47,22
0.063,0.183,0.033,-0.79,0.151,-1,0.2005,0.1317,0.393,0.736,0.393,0.242,0.395,0.296,0.228,0.160,76,69,51,47,0.320,0.225,0.293,0.239,0.164,0.079,68,59,47,22
0.078,0.271,0.415,0.22,0.230,0,0.1703,0.1125,0.280,0.303,0.393,0.242,0.395,0.296,0.228,0.160,76,69,51,47,0.320,0.225,0.293,0.239,0.164,0.079,68,59,47,22
0.076,0.333,0.510,1.76,0.409,0,0.1489,0.1002,0.139,-0.884,0.393,0.242,0.395,0.296,0.228,0.160,76,69,51,47,0.320,0.225,0.293,0.239,0.164,0.079,68,59,47,22
0.049,0.330,0.473,-0.52,0.062,0,0.1371,0.0948,0.299,0.341,0.393,0.242,0.395,0.296,0.228,0.160,76,69,51,47,0.320,0.225,0.293,0.239,0.164,0.079,68,59,47,22
0.063,0.399,0.622,-1.19,0.219,1,0.1403,0.0989,0.403,0.586,0.393,0.242,0.395,0.296,0.228,0.160,76,69,51,47,0.320,0.225,0.293,0.239,0.164,0.079,68,59,47,22
0.075,0.441,0.640,0.22,0.230,0,0.1491,0.1070,0.220,0.303,0.393,0.242,0.395,0.296,0.228,0.160,76,69,51,47,0.320,0.225,0.293,0.239,0.164,0.079,68,59,47,22
0.069,0.481,0.621,0.2,0.291,1,0.1489,0.1067,0.185,0.180,0.393,0.242,0.395,0.296,0.228,0.160,76,69,51,47,0.320,0.225,0.293,0.239,0.164,0.079,68,59,47,22
0.064,0.318,0.520,2.53,0.140,0,0.1532,0.1106,0.090,-0.121,0.393,0.242,0.395,0.296,0.228,0.160,76,69,51,47,0.320,0.225,0.293,0.239,0.164,0.079,68,59,47,22
0.074,0.378,0.192,2.53,0.140,0,0.1585,0.1136,0.069,-0.121,0.393,0.242,0.395,0.296,0.228,0.160,76,69,51,47,0.320,0.225,0.293,0.239,0.164,0.079,68,59,47,22
0.068,0.419,0.418,-0.08,0.108,0,0.1587,0.1131,0.099,0.059,0.393,0.242,0.395,0.296,0.228,0.160,76,69,51,47,0.320,0.225,0.293,0.239,0.164,0.079,68,59,47,22
0.070,0.376,0.279,2.1,0.128,0,0.1563,0.1107,0.037,0.02,0.393,0.242,0.395,0.296,0.228,0.160,76,69,51,47,0.320,0.225,0.293,0.239,0.164,0.079,68,59,47,22
0.091,0.364,0.158,1.42,0.221,0,0.1502,0.1067,0.099,-0.397,0.393,0.242,0.395,0.296,0.228,0.160,76,69,51,47,0.320,0.225,0.293,0.239,0.164,0.079,68,59,47,22
0.084,0.297,0.364,-1.1,0.105,-1,0.1354,0.0958,0.168,0.192,0.393,0.242,0.395,0.296,0.228,0.160,76,69,51,47,0.320,0.225,0.293,0.239,0.164,0.079,68,59,47,22
0.123,0.319,0.348,1.76,0.409,0,0.1281,0.0906,0.103,-0.884,0.393,0.242,0.395,0.296,0.228,0.160,76,69,51,47,0.320,0.225,0.293,0.239,0.164,0.079,68,59,47,22
0.123,0.275,0.439,-0.52,0.062,0,0.1101,0.0764,0.178,0.341,0.393,0.242,0.395,0.296,0.228,0.160,76,69,51,47,0.320,0.225,0.293,0.239,0.164,0.079,68,59,47,22
0.088,0.235,0.386,1.99,0.186,0,0.1092,0.0771,0.160,-0.326,0.393,0.242,0.395,0.296,0.228,0.160,76,69,51,47,0.320,0.225,0.293,0.239,0.164,0.079,68,59,47,22
0.069,0.235,0.358,-0.42,0.180,0,0.1101,0.0753,0.354,0.318,0.393,0.242,0.395,0.296,0.228,0.160,76,69,51,47,0.320,0.225,0.293,0.239,0.164,0.079,68,59,47,22
0.055,0.277,0.270,1.37,0.298,0,0.1346,0.0911,0.121,-0.510,0.393,0.242,0.395,0.296,0.228,0.160,76,69,51,47,0.320,0.225,0.293,0.239,0.164,0.079,68,59,47,22
0.046,0.200,0.052,-1.14,0.131,0,0.1628,0.1082,0.174,0.987,0.393,0.242,0.395,0.296,0.228,0.160,76,69,51,47,0.320,0.225,0.293,0.239,0.164,0.079,68,59,47,22
0.037,0.237,0.080,-0.79,0.151,-1,0.1907,0.1259,0.318,0.736,0.393,0.242,0.395,0.296,0.228,0.160,76,69,51,47,0.320,0.225,0.293,0.239,0.164,0.079,68,59,47,22
0.038,0.132,0.005,1.99,0.186,0,0.2244,0.1478,0.075,-0.326,0.393,0.242,0.395,0.296,0.228,0.160,76,69,51,47,0.320,0.225,0.293,0.239,0.164,0.079,68,59,47,22
0.037,0.137,0.017,1.42,0.221,0,0.2679,0.1780,0.091,-0.397,0.393,0.242,0.395,0.296,0.228,0.160,76,69,51,47,0.320,0.225,0.293,0.239,0.164,0.079,68,59,47,22
0.033,0.126,0.009,2.53,0.140,0,0.3331,0.2248,0.084,-0.121,0.393,0.242,0.395,0.296,0.228,0.160,76,69,51,47,0.320,0.225,0.293,0.239,0.164,0.079,68,59,47,22
0.038,0.170,0.083,0.85,0.046,0,0.3923,0.2691,0.137,0.06,0.393,0.242,0.395,0.296,0.228,0.160,76,69,51,47,0.320,0.225,0.293,0.239,0.164,0.079,68,59,47,22
0.045,0.214,0.305,-0.52,0.062,0,0.4502,0.3123,0.095,0.341,0.393,0.242,0.395,0.296,0.228,0.160,76,69,51,47,0.320,0.225,0.293,0.239,0.164,0.079,68,59,47,22
0.040,0.294,0.718,1.37,0.298,0,0.4934,0.3454,0.100,-0.510,0.393,0.242,0.395,0.296,0.228,0.160,76,69,51,47,0.320,0.225,0.293,0.239,0.164,0.079,68,59,47,22
0.039,0.281,0.623,-0.48,0.134,0,0.5214,0.3679,0.274,0.007,0.393,0.242,0.395,0.296,0.228,0.160,76,69,51,47,0.320,0.225,0.293,0.239,0.164,0.079,68,59,47,22
0.041,0.232,0.501,-0.48,0.134,0,0.5339,0.3807,0.310,0.007,0.393,0.242,0.395,0.296,0.228,0.160,76,69,51,47,0.320,0.225,0.293,0.239,0.164,0.079,68,59,47,22
0.047,0.172,0.368,-0.48,0.134,0,0.5317,0.3826,0.356,0.007,0.393,0.242,0.395,0.296,0.228,0.160,76,69,51,47,0.320,0.225,0.293,0.239,0.164,0.079,68,59,47,22
0.049,0.132,0.172,-0.79,0.151,-1,0.5128,0.3732,0.496,0.736,0.393,0.242,0.395,0.296,0.228,0.160,76,69,51,47,0.320,0.225,0.293,0.239,0.164,0.079,68,59,47,22
0.061,0.087,0.055,-1.1,0.105,-1,0.4882,0.3583,0.462,0.192,0.393,0.242,0.395,0.296,0.228,0.160,76,69,51,47,0.320,0.225,0.293,0.239,0.164,0.079,68,59,47,22
0.061,0.091,0.057,0.85,0.046,0,0.4584,0.3394,0.253,0.06,0.393,0.242,0.395,0.296,0.228,0.160,76,69,51,47,0.320,0.225,0.293,0.239,0.164,0.079,68,59,47,22
0.040,0.088,0.038,-1.14,0.131,0,0.4270,0.3178,0.397,0.987,0.393,0.242,0.395,0.296,0.228,0.160,76,69,51,47,0.320,0.225,0.293,0.239,0.164,0.079,68,59,47,22
0.033,0.139,0.228,0.22,0.230,0,0.4096,0.3103,0.334,0.303,0.393,0.242,0.395,0.296,0.228,0.160,76,69,51,47,0.320,0.225,0.293,0.239,0.164,0.079,68,59,47,22
0.034,0.128,0.061,-0.79,0.151,-1,0.3868,0.2963,0.300,0.736,0.393,0.242,0.395,0.296,0.228,0.160,76,69,51,47,0.320,0.225,0.293,0.239,0.164,0.079,68,59,47,22
0.041,0.135,0.144,-1.14,0.131,0,0.3812,0.2968,0.314,0.987,0.393,0.242,0.395,0.296,0.228,0.160,76,69,51,47,0.320,0.225,0.293,0.239,0.164,0.079,68,59,47,22
0.038,0.162,0.270,-1.1,0.105,-1,0.3783,0.2969,0.366,0.192,0.393,0.242,0.395,0.296,0.228,0.160,76,69,51,47,0.320,0.225,0.293,0.239,0.164,0.079,68,59,47,22
0.057,0.165,0.125,0,0.000,0,0.3869,0.3061,0.105,0.166,0.393,0.242,0.395,0.296,0.228,0.160,76,69,51,47,0.320,0.225,0.293,0.239,0.164,0.079,68,59,47,22
0.085,0.115,0.123,2.53,0.140,0,0.3857,0.3062,0.092,-0.121,0.393,0.242,0.395,0.296,0.228,0.160,76,69,51,47,0.320,0.225,0.293,0.239,0.164,0.079,68,59,47,22
0.096,0.154,0.002,0.85,0.046,0,0.3775,0.3015,0.093,0.06,0.393,0.242,0.395,0.296,0.228,0.160,76,69,51,47,0.320,0.225,0.293,0.239,0.164,0.079,68,59,47,22
0.112,0.200,0.057,1.99,0.186,0,0.3663,0.2946,0.068,-0.326,0.393,0.242,0.395,0.296,0.228,0.160,76,69,51,47,0.320,0.225,0.293,0.239,0.164,0.079,68,59,47,22
0.111,0.266,0.003,2.53,0.140,0,0.3384,0.2754,0.058,-0.121,0.393,0.242,0.395,0.296,0.228,0.160,76,69,51,47,0.320,0.225,0.293,0.239,0.164,0.079,68,59,47,22
0.090,0.414,0.246,1.76,0.409,0,0.3086,0.2513,0.066,-0.884,0.393,0.242,0.395,0.296,0.228,0.160,76,69,51,47,0.320,0.225,0.293,0.239,0.164,0.079,68,59,47,22
0.084,0.395,0.495,-0.48,0.134,0,0.2650,0.2164,0.138,0.007,0.393,0.242,0.395,0.296,0.228,0.160,76,69,51,47,0.320,0.225,0.293,0.239,0.164,0.079,68,59,47,22
0.078,0.346,0.390,1.42,0.221,0,0.2204,0.1807,0.096,-0.397,0.393,0.242,0.395,0.296,0.228,0.160,76,69,51,47,0.320,0.225,0.293,0.239,0.164,0.079,68,59,47,22
0.079,0.424,0.480,-1.19,0.219,1,0.1648,0.1393,0.334,0.586,0.393,0.242,0.395,0.296,0.228,0.160,76,69,51,47,0.320,0.225,0.293,0.239,0.164,0.079,68,59,47,22
0.089,0.369,0.574,1.69,0.290,0,0.1165,0.1033,0.135,-0.697,0.393,0.242,0.395,0.296,0.228,0.160,76,69,51,47,0.320,0.225,0.293,0.239,0.164,0.079,68,59,47,22
0.095,0.429,0.504,-1.19,0.219,1,0.0819,0.0768,0.417,0.586,0.393,0.242,0.395,0.296,0.228,0.160,76,69,51,47,0.320,0.225,0.293,0.239,0.164,0.079,68,59,47,22
0.090,0.417,0.635,-1.19,0.219,1,0.0721,0.0649,0.500,0.586,0.393,0.242,0.395,0.296,0.228,0.160,76,69,51,47,0.320,0.225,0.293,0.239,0.164,0.079,68,59,47,22
0.095,0.371,0.481,-0.08,0.108,0,0.0777,0.0633,0.360,0.059,0.393,0.242,0.395,0.296,0.228,0.160,76,69,51,47,0.320,0.225,0.293,0.239,0.164,0.079,68,59,47,22
0.099,0.366,0.415,-0.08,0.108,0,0.0942,0.0701,0.321,0.059,0.393,0.242,0.395,0.296,0.228,0.160,76,69,51,47,0.320,0.225,0.293,0.239,0.164,0.079,68,59,47,22
0.100,0.315,0.224,-1.14,0.131,0,0.1202,0.0834,0.294,0.987,0.393,0.242,0.395,0.296,0.228,0.160,76,69,51,47,0.320,0.225,0.293,0.239,0.164,0.079,68,59,47,22
0.104,0.312,0.284,-0.79,0.151,-1,0.1358,0.0877,0.377,0.736,0.393,0.242,0.395,0.296,0.228,0.160,76,69,51,47,0.320,0.225,0.293,0.239,0.164,0.079,68,59,47,22
0.157,0.354,0.358,1.37,0.298,0,0.1455,0.0895,0.082,-0.510,0.393,0.242,0.395,0.296,0.228,0.160,76,69,51,47,0.320,0.225,0.293,0.239,0.164,0.079,68,59,47,22
0.184,0.289,0.164,2.53,0.140,0,0.1410,0.0821,0.091,-0.121,0.393,0.242,0.395,0.296,0.228,0.160,76,69,51,47,0.320,0.225,0.293,0.239,0.164,0.079,68,59,47,22
0.182,0.342,0.386,1.69,0.290,0,0.1338,0.0744,0.082,-0.697,0.393,0.242,0.395,0.296,0.228,0.160,76,69,51,47,0.320,0.225,0.293,0.239,0.164,0.079,68,59,47,22
0.123,0.361,0.362,0.22,0.230,0,0.1177,0.0610,0.134,0.303,0.393,0.242,0.395,0.296,0.228,0.160,76,69,51,47,0.320,0.225,0.293,0.239,0.164,0.079,68,59,47,22
0.149,0.311,0.315,2.1,0.128,0,0.1022,0.0506,0.033,0.02,0.393,0.242,0.395,0.296,0.228,0.160,76,69,51,47,0.320,0.225,0.293,0.239,0.164,0.079,68,59,47,22
0.125,0.329,0.402,-0.42,0.180,0,0.0840,0.0412,0.200,0.318,0.393,0.242,0.395,0.296,0.228,0.160,76,69,51,47,0.320,0.225,0.293,0.239,0.164,0.079,68,59,47,22
0.083,0.333,0.521,-0.52,0.062,0,0.0684,0.0339,0.140,0.341,0.393,0.242,0.395,0.296,0.228,0.160,76,69,51,47,0.320,0.225,0.293,0.239,0.164,0.079,68,59,47,22
0.094,0.325,0.604,-0.52,0.062,0,0.0503,0.0246,0.105,0.341,0.393,0.242,0.395,0.296,0.228,0.160,76,69,51,47,0.320,0.225,0.293,0.239,0.164,0.079,68,59,47,22
0.094,0.307,0.220,2.53,0.140,0,0.0438,0.0221,0.113,-0.121,0.393,0.242,0.395,0.296,0.228,0.160,76,69,51,47,0.320,0.225,0.293,0.239,0.164,0.079,68,59,47,22
0.083,0.309,0.327,1.42,0.221,0,0.0494,0.0259,0.064,-0.397,0.393,0.242,0.395,0.296,0.228,0.160,76,69,51,47,0.320,0.225,0.293,0.239,0.164,0.079,68,59,47,22
0.102,0.308,0.272,-0.52,0.062,0,0.0521,0.0274,0.069,0.341,0.393,0.242,0.395,0.296,0.228,0.160,76,69,51,47,0.320,0.225,0.293,0.239,0.164,0.079,68,59,47,22
0.115,0.184,0.129,2.53,0.140,0,0.0537,0.0282,0.050,-0.121,0.393,0.242,0.395,0.296,0.228,0.160,76,69,51,47,0.320,0.225,0.293,0.239,0.164,0.079,68,59,47,22
0.115,0.169,0.340,2.1,0.128,0,0.0569,0.0288,0.045,0.02,0.393,0.242,0.395,0.296,0.228,0.160,76,69,51,47,0.320,0.225,0.293,0.239,0.164,0.079,68,59,47,22
0.142,0.215,0.300,1.69,0.290,0,0.0705,0.0350,0.062,-0.697,0.393,0.242,0.395,0.296,0.228,0.160,76,69,51,47,0.320,0.225,0.293,0.239,0.164,0.079,68,59,47,22
0.135,0.208,0.338,0.85,0.046,0,0.0831,0.0408,0.083,0.06,0.393,0.242,0.395,0.296,0.228,0.160,76,69,51,47,0.320,0.225,0.293,0.239,0.164,0.079,68,59,47,22
0.125,0.296,0.576,0.2,0.291,1,0.0938,0.0472,0.159,0.180,0.393,0.242,0.395,0.296,0.228,0.160,76,69,51,47,0.320,0.225,0.293,0.239,0.164,0.079,68,59,47,22
0.115,0.251,0.381,1.69,0.290,0,0.1000,0.0517,0.081,-0.697,0.393,0.242,0.395,0.296,0.228,0.160,76,69,51,47,0.320,0.225,0.293,0.239,0.164,0.079,68,59,47,22
0.115,0.267,0.471,0.22,0.230,0,0.0992,0.0525,0.141,0.303,0.393,0.242,0.395,0.296,0.228,0.160,76,69,51,47,0.320,0.225,0.293,0.239,0.164,0.079,68,59,47,22
0.112,0.158,0.080,-1.14,0.131,0,0.0971,0.0544,0.176,0.987,0.393,0.242,0.395,0.296,0.228,0.160,76,69,51,47,0.320,0.225,0.293,0.239,0.164,0.079,68,59,47,22
0.108,0.234,0.396,-0.48,0.134,0,0.0851,0.0502,0.182,0.007,0.393,0.242,0.395,0.296,0.228,0.160,76,69,51,47,0.320,0.225,0.293,0.239,0.164,0.079,68,59,47,22
0.101,0.117,0.028,1.99,0.186,0,0.0740,0.0465,0.055,-0.326,0.393,0.242,0.395,0.296,0.228,0.160,76,69,51,47,0.320,0.225,0.293,0.239,0.164,0.079,68,59,47,22
0.096,0.109,0.072,2.53,0.140,0,0.0708,0.0478,0.090,-0.121,0.393,0.242,0.395,0.296,0.228,0.160,76,69,51,47,0.320,0.225,0.293,0.239,0.164,0.079,68,59,47,22
0.095,0.128,0.027,2.53,0.140,0,0.0840,0.0595,0.111,-0.121,0.393,0.242,0.395,0.296,0.228,0.160,76,69,51,47,0.320,0.225,0.293,0.239,0.164,0.079,68,59,47,22
0.063,0.186,0.085,0,0.000,0,0.1031,0.0754,0.126,0.166,0.393,0.242,0.395,0.296,0.228,0.160,76,69,51,47,0.320,0.225,0.293,0.239,0.164,0.079,68,59,47,22
0.074,0.266,0.208,0,0.000,0,0.1236,0.0896,0.091,0.166,0.393,0.242,0.395,0.296,0.228,0.160,76,69,51,47,0.320,0.225,0.293,0.239,0.164,0.079,68,59,47,22
0.062,0.312,0.377,-0.08,0.108,0,0.1397,0.1016,0.163,0.059,0.393,0.242,0.395,0.296,0.228,0.160,76,69,51,47,0.320,0.225,0.293,0.239,0.164,0.079,68,59,47,22
0.062,0.408,0.771,1.37,0.298,0,0.1641,0.1196,0.131,-0.510,0.393,0.242,0.395,0.296,0.228,0.160,76,69,51,47,0.320,0.225,0.293,0.239,0.164,0.079,68,59,47,22
0.080,0.382,0.500,-0.52,0.062,0,0.1940,0.1429,0.138,0.341,0.393,0.242,0.395,0.296,0.228,0.160,76,69,51,47,0.320,0.225,0.293,0.239,0.164,0.079,68,59,47,22
0.080,0.367,0.208,0,0.000,0,0.2336,0.1767,0.084,0.166,0.393,0.242,0.395,0.296,0.228,0.160,76,69,51,47,0.320,0.225,0.293,0.239,0.164,0.079,68,59,47,22
0.087,0.366,0.313,-0.42,0.180,0,0.2561,0.1979,0.116,0.318,0.393,0.242,0.395,0.296,0.228,0.160,76,69,51,47,0.320,0.225,0.293,0.239,0.164,0.079,68,59,47,22
0.107,0.286,0.006,3.14,0.186,0,0.2782,0.2215,0.053,-0.486,0.393,0.242,0.395,0.296,0.228,0.160,76,69,51,47,0.320,0.225,0.293,0.239,0.164,0.079,68,59,47,22
0.102,0.241,0.243,2.53,0.140,0,0.3000,0.2455,0.055,-0.121,0.393,0.242,0.395,0.296,0.228,0.160,76,69,51,47,0.320,0.225,0.293,0.239,0.164,0.079,68,59,47,22
0.098,0.348,0.012,1.99,0.186,0,0.3286,0.2746,0.053,-0.326,0.393,0.242,0.395,0.296,0.228,0.160,76,69,51,47,0.320,0.225,0.293,0.239,0.164,0.079,68,59,47,22
0.098,0.424,0.220,1.76,0.409,0,0.3587,0.3046,0.065,-0.884,0.393,0.242,0.395,0.296,0.228,0.160,76,69,51,47,0.320,0.225,0.293,0.239,0.164,0.079,68,59,47,22
0.093,0.314,0.413,-1.1,0.105,-1,0.3844,0.3304,0.128,0.192,0.393,0.242,0.395,0.296,0.228,0.160,76,69,51,47,0.320,0.225,0.293,0.239,0.164,0.079,68,59,47,22
0.094,0.369,0.340,-0.48,0.134,0,0.4051,0.3487,0.179,0.007,0.393,0.242,0.395,0.296,0.228,0.160,76,69,51,47,0.320,0.225,0.293,0.239,0.164,0.079,68,59,47,22
0.094,0.442,0.515,0.2,0.291,1,0.4138,0.3574,0.337,0.180,0.393,0.242,0.395,0.296,0.228,0.160,76,69,51,47,0.320,0.225,0.293,0.239,0.164,0.079,68,59,47,22
0.101,0.365,0.551,-0.52,0.062,0,0.4122,0.3567,0.270,0.341,0.393,0.242,0.395,0.296,0.228,0.160,76,69,51,47,0.320,0.225,0.293,0.239,0.164,0.079,68,59,47,22
0.096,0.394,0.458,0.22,0.230,0,0.4053,0.3515,0.287,0.303,0.393,0.242,0.395,0.296,0.228,0.160,76,69,51,47,0.320,0.225,0.293,0.239,0.164,0.079,68,59,47,22
0.099,0.387,0.565,0.2,0.291,1,0.4093,0.3532,0.367,0.180,0.393,0.242,0.395,0.296,0.228,0.160,76,69,51,47,0.320,0.225,0.293,0.239,0.164,0.079,68,59,47,22
0.103,0.391,0.534,0.2,0.291,1,0.4366,0.3718,0.336,0.180,0.393,0.242,0.395,0.296,0.228,0.160,76,69,51,47,0.320,0.225,0.293,0.239,0.164,0.079,68,59,47,22
0.106,0.296,0.323,-0.08,0.108,0,0.4817,0.4062,0.211,0.059,0.393,0.242,0.395,0.296,0.228,0.160,76,69,51,47,0.320,0.225,0.293,0.239,0.164,0.079,68,59,47,22
0.106,0.242,0.525,-1.14,0.131,0,0.5321,0.4463,0.306,0.987,0.393,0.242,0.395,0.296,0.228,0.160,76,69,51,47,0.320,0.225,0.293,0.239,0.164,0.079,68,59,47,22
0.115,0.193,0.048,2.53,0.140,0,0.5746,0.4821,0.216,-0.121,0.393,0.242,0.395,0.296,0.228,0.160,76,69,51,47,0.320,0.225,0.293,0.239,0.164,0.079,68,59,47,22
0.157,0.266,0.187,-0.42,0.180,0,0.6040,0.5089,0.335,0.318,0.393,0.242,0.395,0.296,0.228,0.160,76,69,51,47,0.320,0.225,0.293,0.239,0.164,0.079,68,59,47,22
0.174,0.341,0.515,0.2,0.291,1,0.6250,0.5316,0.353,0.180,0.393,0.242,0.395,0.296,0.228,0.160,76,69,51,47,0.320,0.225,0.293,0.239,0.164,0.079,68,59,47,22
0.194,0.298,0.063,-0.08,0.108,0,0.6257,0.5380,0.227,0.059,0.393,0.242,0.395,0.296,0.228,0.160,76,69,51,47,0.320,0.225,0.293,0.239,0.164,0.079,68,59,47,22
0.188,0.229,0.050,-1.14,0.131,0,0.5876,0.5120,0.296,0.987,0.393,0.242,0.395,0.296,0.228,0.160,76,69,51,47,0.320,0.225,0.293,0.239,0.164,0.079,68,59,47,22
0.161,0.182,0.123,1.99,0.186,0,0.5280,0.4695,0.175,-0.326,0.393,0.242,0.395,0.296,0.228,0.160,76,69,51,47,0.320,0.225,0.293,0.239,0.164,0.079,68,59,47,22
0.155,0.223,0.466,-0.52,0.062,0,0.4493,0.4084,0.271,0.341,0.393,0.242,0.395,0.296,0.228,0.160,76,69,51,47,0.320,0.225,0.293,0.239,0.164,0.079,68,59,47,22
0.149,0.153,0.381,0.85,0.046,0,0.3806,0.3546,0.248,0.06,0.393,0.242,0.395,0.296,0.228,0.160,76,69,51,47,0.320,0.225,0.293,0.239,0.164,0.079,68,59,47,22
0.122,0.154,0.347,0.85,0.046,0,0.3169,0.3021,0.212,0.06,0.393,0.242,0.395,0.296,0.228,0.160,76,69,51,47,0.320,0.225,0.293,0.239,0.164,0.079,68,59,47,22
0.128,0.189,0.519,0.85,0.046,0,0.2706,0.2625,0.260,0.06,0.393,0.242,0.395,0.296,0.228,0.160,76,69,51,47,0.320,0.225,0.293,0.239,0.164,0.079,68,59,47,22
0.134,0.286,0.645,0.22,0.230,0,0.2492,0.2396,0.271,0.303,0.393,0.242,0.395,0.296,0.228,0.160,76,69,51,47,0.320,0.225,0.293,0.239,0.164,0.079,68,59,47,22
0.137,0.256,0.620,-0.08,0.108,0,0.2456,0.2311,0.284,0.059,0.393,0.242,0.395,0.296,0.228,0.160,76,69,51,47,0.320,0.225,0.293,0.239,0.164,0.079,68,59,47,22
0.135,0.286,0.489,0.22,0.230,0,0.2528,0.2313,0.106,0.303,0.393,0.242,0.395,0.296,0.228,0.160,76,69,51,47,0.320,0.225,0.293,0.239,0.164,0.079,68,59,47,22
0.126,0.225,0.597,-1.14,0.131,0,0.2620,0.2363,0.130,0.987,0.393,0.242,0.395,0.296,0.228,0.160,76,69,51,47,0.320,0.225,0.293,0.239,0.164,0.079,68,59,47,22
0.112,0.147,0.310,2.53,0.140,0,0.2700,0.2396,0.068,-0.121,0.393,0.242,0.395,0.296,0.228,0.160,76,69,51,47,0.320,0.225,0.293,0.239,0.164,0.079,68,59,47,22
0.118,0.177,0.416,1.37,0.298,0,0.2734,0.2389,0.068,-0.510,0.393,0.242,0.395,0.296,0.228,0.160,76,69,51,47,0.320,0.225,0.293,0.239,0.164,0.079,68,59,47,22
0.127,0.115,0.295,2.1,0.128,0,0.2772,0.2388,0.033,0.02,0.393,0.242,0.395,0.296,0.228,0.160,76,69,51,47,0.320,0.225,0.293,0.239,0.164,0.079,68,59,47,22
0.102,0.110,0.115,2.53,0.140,0,0.2781,0.2372,0.028,-0.121,0.393,0.242,0.395,0.296,0.228,0.160,76,69,51,47,0.320,0.225,0.293,0.239,0.164,0.079,68,59,47,22
0.101,0.190,0.349,-0.48,0.134,0,0.2616,0.2238,0.067,0.007,0.393,0.242,0.395,0.296,0.228,0.160,76,69,51,47,0.320,0.225,0.293,0.239,0.164,0.079,68,59,47,22
0.098,0.158,0.200,2.53,0.140,0,0.2314,0.1979,0.049,-0.121,0.393,0.242,0.395,0.296,0.228,0.160,76,69,51,47,0.320,0.225,0.293,0.239,0.164,0.079,68,59,47,22
0.092,0.171,0.290,2.53,0.140,0,0.2120,0.1809,0.123,-0.121,0.393,0.242,0.395,0.296,0.228,0.160,76,69,51,47,0.320,0.225,0.293,0.239,0.164,0.079,68,59,47,22
0.086,0.264,0.549,0,0.000,0,0.1976,0.1654,0.113,0.166,0.393,0.242,0.395,0.296,0.228,0.160,76,69,51,47,0.320,0.225,0.293,0.239,0.164,0.079,68,59,47,22
0.095,0.273,0.385,-0.08,0.108,0,0.1992,0.1635,0.157,0.059,0.393,0.242,0.395,0.296,0.228,0.160,76,69,51,47,0.320,0.225,0.293,0.239,0.164,0.079,68,59,47,22
0.084,0.289,0.446,-0.42,0.180,0,0.2045,0.1638,0.294,0.318,0.393,0.242,0.395,0.296,0.228,0.160,76,69,51,47,0.320,0.225,0.293,0.239,0.164,0.079,68,59,47,22
0.085,0.273,0.266,-0.48,0.134,0,0.2219,0.1744,0.256,0.007,0.393,0.242,0.395,0.296,0.228,0.160,76,69,51,47,0.320,0.225,0.293,0.239,0.164,0.079,68,59,47,22
0.086,0.188,0.171,0.85,0.046,0,0.2533,0.1972,0.144,0.06,0.393,0.242,0.395,0.296,0.228,0.160,76,69,51,47,0.320,0.225,0.293,0.239,0.164,0.079,68,59,47,22
0.121,0.262,0.228,0.22,0.230,0,0.2831,0.2193,0.218,0.303,0.393,0.242,0.395,0.296,0.228,0.160,76,69,51,47,0.320,0.225,0.293,0.239,0.164,0.079,68,59,47,22
0.122,0.233,0.186,-0.48,0.134,0,0.3110,0.2436,0.165,0.007,0.393,0.242,0.395,0.296,0.228,0.160,76,69,51,47,0.320,0.225,0.293,0.239,0.164,0.079,68,59,47,22
0.126,0.169,0.036,1.99,0.186,0,0.3298,0.2616,0.062,-0.326,0.393,0.242,0.395,0.296,0.228,0.160,76,69,51,47,0.320,0.225,0.293,0.239,0.164,0.079,68,59,47,22
0.155,0.151,0.065,3.14,0.186,0,0.3388,0.2734,0.042,-0.486,0.393,0.242,0.395,0.296,0.228,0.160,76,69,51,47,0.320,0.225,0.293,0.239,0.164,0.079,68,59,47,22
0.108,0.200,0.170,-0.08,0.108,0,0.3292,0.2716,0.144,0.059,0.393,0.242,0.395,0.296,0.228,0.160,76,69,51,47,0.320,0.225,0.293,0.239,0.164,0.079,68,59,47,22
0.114,0.211,0.183,2.53,0.140,0,0.3058,0.2604,0.057,-0.121,0.393,0.242,0.395,0.296,0.228,0.160,76,69,51,47,0.320,0.225,0.293,0.239,0.164,0.079,68,59,47,22
0.111,0.294,0.432,-0.52,0.062,0,0.2638,0.2335,0.096,0.341,0.393,0.242,0.395,0.296,0.228,0.160,76,69,51,47,0.320,0.225,0.293,0.239,0.164,0.079,68,59,47,22
0.112,0.341,0.786,-0.08,0.108,0,0.2192,0.2041,0.248,0.059,0.393,0.242,0.395,0.296,0.228,0.160,76,69,51,47,0.320,0.225,0.293,0.239,0.164,0.079,68,59,47,22
0.121,0.355,0.477,-1.1,0.105,-1,0.1876,0.1836,0.409,0.192,0.393,0.242,0.395,0.296,0.228,0.160,76,69,51,47,0.320,0.225,0.293,0.239,0.164,0.079,68,59,47,22
0.141,0.363,0.341,0,0.000,0,0.1687,0.1738,0.176,0.166,0.393,0.242,0.395,0.296,0.228,0.160,76,69,51,47,0.320,0.225,0.293,0.239,0.164,0.079,68,59,47,22
0.148,0.381,0.469,-1.19,0.219,1,0.1663,0.1783,0.342,0.586,0.393,0.242,0.395,0.296,0.228,0.160,76,69,51,47,0.320,0.225,0.293,0.239,0.164,0.079,68,59,47,22
0.131,0.243,0.056,1.42,0.221,0,0.1757,0.1920,0.135,-0.397,0.393,0.242,0.395,0.296,0.228,0.160,76,69,51,47,0.320,0.225,0.293,0.239,0.164,0.079,68,59,47,22
0.148,0.224,0.284,2.1,0.128,0,0.2071,0.2244,0.051,0.02,0.393,0.242,0.395,0.296,0.228,0.160,76,69,51,47,0.320,0.225,0.293,0.239,0.164,0.079,68,59,47,22
0.144,0.276,0.099,-0.52,0.062,0,0.2470,0.2637,0.179,0.341,0.393,0.242,0.395,0.296,0.228,0.160,76,69,51,47,0.320,0.225,0.293,0.239,0.164,0.079,68,59,47,22
0.121,0.299,0.287,1.76,0.409,0,0.2901,0.3067,0.077,-0.884,0.393,0.242,0.395,0.296,0.228,0.160,76,69,51,47,0.320,0.225,0.293,0.239,0.164,0.079,68,59,47,22
0.133,0.283,0.424,-0.52,0.062,0,0.3075,0.3252,0.090,0.341,0.393,0.242,0.395,0.296,0.228,0.160,76,69,51,47,0.320,0.225,0.293,0.239,0.164,0.079,68,59,47,22
0.139,0.265,0.131,1.99,0.186,0,0.3157,0.3366,0.091,-0.326,0.393,0.242,0.395,0.296,0.228,0.160,76,69,51,47,0.320,0.225,0.293,0.239,0.164,0.079,68,59,47,22
0.108,0.236,0.260,-1.1,0.105,-1,0.2929,0.3192,0.244,0.192,0.393,0.242,0.395,0.296,0.228,0.160,76,69,51,47,0.320,0.225,0.293,0.239,0.164,0.079,68,59,47,22
0.113,0.174,0.274,1.42,0.221,0,0.2614,0.2939,0.145,-0.397,0.393,0.242,0.395,0.296,0.228,0.160,76,69,51,47,0.320,0.225,0.293,0.239,0.164,0.079,68,59,47,22
0.117,0.165,0.206,1.99,0.186,0,0.2262,0.2643,0.122,-0.326,0.393,0.242,0.395,0.296,0.228,0.160,76,69,51,47,0.320,0.225,0.293,0.239,0.164,0.079,68,59,47,22
0.103,0.179,0.264,-0.52,0.062,0,0.2022,0.2425,0.310,0.341,0.393,0.242,0.395,0.296,0.228,0.160,76,69,51,47,0.320,0.225,0.293,0.239,0.164,0.079,68,59,47,22
0.069,0.178,0.252,-0.08,0.108,0,0.1943,0.2337,0.222,0.059,0.393,0.242,0.395,0.296,0.228,0.160,76,69,51,47,0.320,0.225,0.293,0.239,0.164,0.079,68,59,47,22
0.083,0.145,0.069,-1.14,0.131,0,0.1995,0.2341,0.293,0.987,0.393,0.242,0.395,0.296,0.228,0.160,76,69,51,47,0.320,0.225,0.293,0.239,0.164,0.079,68,59,47,22
0.085,0.161,0.070,-0.42,0.180,0,0.2215,0.2476,0.386,0.318,0.393,0.242,0.395,0.296,0.228,0.160,76,69,51,47,0.320,0.225,0.293,0.239,0.164,0.079,68,59,47,22
0.100,0.133,0.006,-0.79,0.151,-1,0.2476,0.2645,0.356,0.736,0.393,0.242,0.395,0.296,0.228,0.160,76,69,51,47,0.320,0.225,0.293,0.239,0.164,0.079,68,59,47,22
0.138,0.152,0.010,-0.52,0.062,0,0.2948,0.2971,0.125,0.341,0.393,0.242,0.395,0.296,0.228,0.160,76,69,51,47,0.320,0.225,0.293,0.239,0.164,0.079,68,59,47,22
0.132,0.129,0.001,1.42,0.221,0,0.3420,0.3283,0.099,-0.397,0.393,0.242,0.395,0.296,0.228,0.160,76,69,51,47,0.320,0.225,0.293,0.239,0.164,0.079,68,59,47,22
0.133,0.108,0.029,-0.79,0.151,-1,0.3723,0.3469,0.332,0.736,0.393,0.242,0.395,0.296,0.228,0.160,76,69,51,47,0.320,0.225,0.293,0.239,0.164,0.079,68,59,47,22
0.139,0.107,0.001,1.99,0.186,0,0.3868,0.3525,0.142,-0.326,0.393,0.242,0.395,0.296,0.228,0.160,76,69,51,47,0.320,0.225,0.293,0.239,0.164,0.079,68,59,47,22
0.127,0.138,0.058,2.53,0.140,0,0.3749,0.3365,0.112,-0.121,0.393,0.242,0.395,0.296,0.228,0.160,76,69,51,47,0.320,0.225,0.293,0.239,0.164,0.079,68,59,47,22
0.130,0.198,0.305,1.37,0.298,0,0.3635,0.3215,0.143,-0.510,0.393,0.242,0.395,0.296,0.228,0.160,76,69,51,47,0.320,0.225,0.293,0.239,0.164,0.079,68,59,47,22
0.129,0.187,0.538,-0.48,0.134,0,0.3445,0.3022,0.342,0.007,0.393,0.242,0.395,0.296,0.228,0.160,76,69,51,47,0.320,0.225,0.293,0.239,0.164,0.079,68,59,47,22
0.136,0.287,0.739,-1.19,0.219,1,0.3179,0.2799,0.412,0.586,0.393,0.242,0.395,0.296,0.228,0.160,76,69,51,47,0.320,0.225,0.293,0.239,0.164,0.079,68,59,47,22
0.117,0.258,0.597,-0.52,0.062,0,0.2845,0.2508,0.368,0.341,0.393,0.242,0.395,0.296,0.228,0.160,76,69,51,47,0.320,0.225,0.293,0.239,0.164,0.079,68,59,47,22
0.116,0.299,0.645,-1.19,0.219,1,0.2648,0.2334,0.323,0.586,0.393,0.242,0.395,0.296,0.228,0.160,76,69,51,47,0.320,0.225,0.293,0.239,0.164,0.079,68,59,47,22
0.135,0.252,0.663,-1.14,0.131,0,0.2505,0.2178,0.255,0.987,0.393,0.242,0.395,0.296,0.228,0.160,76,69,51,47,0.320,0.225,0.293,0.239,0.164,0.079,68,59,47,22
0.131,0.172,0.478,2.53,0.140,0,0.2511,0.2152,0.135,-0.121,0.393,0.242,0.395,0.296,0.228,0.160,76,69,51,47,0.320,0.225,0.293,0.239,0.164,0.079,68,59,47,22
0.121,0.140,0.591,0.85,0.046,0,0.2540,0.2132,0.161,0.06,0.393,0.242,0.395,0.296,0.228,0.160,76,69,51,47,0.320,0.225,0.293,0.239,0.164,0.079,68,59,47,22
0.148,0.149,0.257,2.53,0.140,0,0.2748,0.2266,0.072,-0.121,0.393,0.242,0.395,0.296,0.228,0.160,76,69,51,47,0.320,0.225,0.293,0.239,0.164,0.079,68,59,47,22
0.126,0.234,0.296,-0.08,0.108,0,0.2952,0.2403,0.180,0.059,0.393,0.242,0.395,0.296,0.228,0.160,76,69,51,47,0.320,0.225,0.293,0.239,0.164,0.079,68,59,47,22
0.107,0.229,0.228,0,0.000,0,0.3032,0.2447,0.120,0.166,0.393,0.242,0.395,0.296,0.228,0.160,76,69,51,47,0.320,0.225,0.293,0.239,0.164,0.079,68,59,47,22
0.099,0.202,0.142,1.42,0.221,0,0.2940,0.2366,0.087,-0.397,0.393,0.242,0.395,0.296,0.228,0.160,76,69,51,47,0.320,0.225,0.293,0.239,0.164,0.079,68,59,47,22
0.117,0.179,0.277,0.85,0.046,0,0.2718,0.2199,0.119,0.06,0.393,0.242,0.395,0.296,0.228,0.160,76,69,51,47,0.320,0.225,0.293,0.239,0.164,0.079,68,59,47,22
0.094,0.168,0.404,1.69,0.290,0,0.2687,0.2188,0.065,-0.697,0.393,0.242,0.395,0.296,0.228,0.160,76,69,51,47,0.320,0.225,0.293,0.239,0.164,0.079,68,59,47,22
0.091,0.128,0.188,-1.14,0.131,0,0.2664,0.2189,0.189,0.987,0.393,0.242,0.395,0.296,0.228,0.160,76,69,51,47,0.320,0.225,0.293,0.239,0.164,0.079,68,59,47,22
0.077,0.163,0.356,-0.08,0.108,0,0.2688,0.2232,0.286,0.059,0.393,0.242,0.395,0.296,0.228,0.160,76,69,51,47,0.320,0.225,0.293,0.239,0.164,0.079,68,59,47,22
0.065,0.150,0.424,0,0.000,0,0.2732,0.2329,0.234,0.166,0.393,0.242,0.395,0.296,0.228,0.160,76,69,51,47,0.320,0.225,0.293,0.239,0.164,0.079,68,59,47,22
0.052,0.150,0.379,-1.1,0.105,-1,0.2754,0.2415,0.267,0.192,0.393,0.242,0.395,0.296,0.228,0.160,76,69,51,47,0.320,0.225,0.293,0.239,0.164,0.079,68,59,47,22
0.053,0.120,0.053,2.53,0.140,0,0.2928,0.2591,0.132,-0.121,0.393,0.242,0.395,0.296,0.228,0.160,76,69,51,47,0.320,0.225,0.293,0.239,0.164,0.079,68,59,47,22
0.050,0.176,0.291,-0.48,0.134,0,0.3096,0.2742,0.214,0.007,0.393,0.242,0.395,0.296,0.228,0.160,76,69,51,47,0.320,0.225,0.293,0.239,0.164,0.079,68,59,47,22
0.053,0.191,0.190,-0.48,0.134,0,0.3199,0.2819,0.164,0.007,0.393,0.242,0.395,0.296,0.228,0.160,76,69,51,47,0.320,0.225,0.293,0.239,0.164,0.079,68,59,47,22
0.046,0.132,0.057,1.69,0.290,0,0.3128,0.2720,0.063,-0.697,0.393,0.242,0.395,0.296,0.228,0.160,76,69,51,47,0.320,0.225,0.293,0.239,0.164,0.079,68,59,47,22
0.041,0.085,0.019,2.53,0.140,0,0.3000,0.2556,0.093,-0.121,0.393,0.242,0.395,0.296,0.228,0.160,76,69,51,47,0.320,0.225,0.293,0.239,0.164,0.079,68,59,47,22
0.041,0.089,0.040,2.53,0.140,0,0.2900,0.2389,0.114,-0.121,0.393,0.242,0.395,0.296,0.228,0.160,76,69,51,47,0.320,0.225,0.293,0.239,0.164,0.079,68,59,47,22
0.053,0.087,0.112,0,0.000,0,0.2800,0.2232,0.135,0.166,0.393,0.242,0.395,0.296,0.228,0.160,76,69,51,47,0.320,0.225,0.293,0.239,0.164,0.079,68,59,47,22
0.058,0.077,0.328,-0.52,0.062,0,0.2728,0.2108,0.161,0.341,0.393,0.242,0.395,0.296,0.228,0.160,76,69,51,47,0.320,0.225,0.293,0.239,0.164,0.079,68,59,47,22
0.066,0.052,0.632,-0.79,0.151,-1,0.2663,0.2000,0.417,0.736,0.393,0.242,0.395,0.296,0.228,0.160,76,69,51,47,0.320,0.225,0.293,0.239,0.164,0.079,68,59,47,22
0.066,0.053,0.400,-0.79,0.151,-1,0.2617,0.1933,0.419,0.736,0.393,0.242,0.395,0.296,0.228,0.160,76,69,51,47,0.320,0.225,0.293,0.239,0.164,0.079,68,59,47,22
0.072,0.097,0.166,0,0.000,0,0.2735,0.2025,0.144,0.166,0.393,0.242,0.395,0.296,0.228,0.160,76,69,51,47,0.320,0.225,0.293,0.239,0.164,0.079,68,59,47,22
0.090,0.182,0.229,-0.08,0.108,0,0.2822,0.2111,0.157,0.059,0.393,0.242,0.395,0.296,0.228,0.160,76,69,51,47,0.320,0.225,0.293,0.239,0.164,0.079,68,59,47,22
0.107,0.139,0.002,2.53,0.140,0,0.2917,0.2231,0.089,-0.121,0.393,0.242,0.395,0.296,0.228,0.160,76,69,51,47,0.320,0.225,0.293,0.239,0.164,0.079,68,59,47,22
0.129,0.200,0.273,1.37,0.298,0,0.3112,0.2428,0.084,-0.510,0.393,0.242,0.395,0.296,0.228,0.160,76,69,51,47,0.320,0.225,0.293,0.239,0.164,0.079,68,59,47,22
0.152,0.163,0.068,-0.08,0.108,0,0.3281,0.2591,0.095,0.059,0.393,0.242,0.395,0.296,0.228,0.160,76,69,51,47,0.320,0.225,0.293,0.239,0.164,0.079,68,59,47,22
0.155,0.175,0.181,0.85,0.046,0,0.3412,0.2692,0.038,0.06,0.393,0.242,0.395,0.296,0.228,0.160,76,69,51,47,0.320,0.225,0.293,0.239,0.164,0.079,68,59,47,22
0.127,0.157,0.437,2.1,0.128,0,0.3301,0.2607,0.040,0.02,0.393,0.242,0.395,0.296,0.228,0.160,76,69,51,47,0.320,0.225,0.293,0.239,0.164,0.079,68,59,47,22
0.125,0.306,0.569,0.2,0.291,1,0.3161,0.2516,0.223,0.180,0.393,0.242,0.395,0.296,0.228,0.160,76,69,51,47,0.320,0.225,0.293,0.239,0.164,0.079,68,59,47,22
0.098,0.245,0.494,0.22,0.230,0,0.3041,0.2446,0.199,0.303,0.393,0.242,0.395,0.296,0.228,0.160,76,69,51,47,0.320,0.225,0.293,0.239,0.164,0.079,68,59,47,22
0.098,0.190,0.359,0,0.000,0,0.2829,0.2281,0.170,0.166,0.393,0.242,0.395,0.296,0.228,0.160,76,69,51,47,0.320,0.225,0.293,0.239,0.164,0.079,68,59,47,22
0.122,0.213,0.458,-0.52,0.062,0,0.2757,0.2213,0.208,0.341,0.393,0.242,0.395,0.296,0.228,0.160,76,69,51,47,0.320,0.225,0.293,0.239,0.164,0.079,68,59,47,22
0.129,0.183,0.577,-1.19,0.219,1,0.2687,0.2152,0.390,0.586,0.393,0.242,0.395,0.296,0.228,0.160,76,69,51,47,0.320,0.225,0.293,0.239,0.164,0.079,68,59,47,22
0.131,0.102,0.292,0.85,0.046,0,0.2820,0.2273,0.208,0.06,0.393,0.242,0.395,0.296,0.228,0.160,76,69,51,47,0.320,0.225,0.293,0.239,0.164,0.079,68,59,47,22
0.134,0.109,0.374,0,0.000,0,0.3109,0.2543,0.172,0.166,0.393,0.242,0.395,0.296,0.228,0.160,76,69,51,47,0.320,0.225,0.293,0.239,0.164,0.079,68,59,47,22
0.143,0.096,0.093,3.14,0.186,0,0.3533,0.2940,0.117,-0.486,0.393,0.242,0.395,0.296,0.228,0.160,76,69,51,47,0.320,0.225,0.293,0.239,0.164,0.079,68,59,47,22
0.150,0.084,0.153,0,0.000,0,0.3930,0.3311,0.112,0.166,0.393,0.242,0.395,0.296,0.228,0.160,76,69,51,47,0.320,0.225,0.293,0.239,0.164,0.079,68,59,47,22
0.142,0.079,0.113,-0.79,0.151,-1,0.4207,0.3564,0.242,0.736,0.393,0.242,0.395,0.296,0.228,0.160,76,69,51,47,0.320,0.225,0.293,0.239,0.164,0.079,68,59,47,22
0.141,0.072,0.250,2.53,0.140,0,0.4251,0.3626,0.094,-0.121,0.393,0.242,0.395,0.296,0.228,0.160,76,69,51,47,0.320,0.225,0.293,0.239,0.164,0.079,68,59,47,22
0.132,0.080,0.198,1.69,0.290,0,0.4101,0.3501,0.071,-0.697,0.393,0.242,0.395,0.296,0.228,0.160,76,69,51,47,0.320,0.225,0.293,0.239,0.164,0.079,68,59,47,22
0.105,0.071,0.182,-0.79,0.151,-1,0.3898,0.3314,0.300,0.736,0.393,0.242,0.395,0.296,0.228,0.160,76,69,51,47,0.320,0.225,0.293,0.239,0.164,0.079,68,59,47,22
0.106,0.078,0.435,0,0.000,0,0.3592,0.3032,0.218,0.166,0.393,0.242,0.395,0.296,0.228,0.160,76,69,51,47,0.320,0.225,0.293,0.239,0.164,0.079,68,59,47,22
0.108,0.106,0.458,0.22,0.230,0,0.3255,0.2724,0.267,0.303,0.393,0.242,0.395,0.296,0.228,0.160,76,69,51,47,0.320,0.225,0.293,0.239,0.164,0.079,68,59,47,22
0.090,0.130,0.576,-0.42,0.180,0,0.3018,0.2494,0.438,0.318,0.393,0.242,0.395,0.296,0.228,0.160,76,69,51,47,0.320,0.225,0.293,0.239,0.164,0.079,68,59,47,22
0.090,0.113,0.483,0,0.000,0,0.2861,0.2328,0.087,0.166,0.393,0.242,0.395,0.296,0.228,0.160,76,69,51,47,0.320,0.225,0.293,0.239,0.164,0.079,68,59,47,22
0.088,0.119,0.583,-1.14,0.131,0,0.2697,0.2164,0.259,0.987,0.393,0.242,0.395,0.296,0.228,0.160,76,69,51,47,0.320,0.225,0.293,0.239,0.164,0.079,68,59,47,22
0.093,0.116,0.206,2.53,0.140,0,0.2752,0.2192,0.110,-0.121,0.393,0.242,0.395,0.296,0.228,0.160,76,69,51,47,0.320,0.225,0.293,0.239,0.164,0.079,68,59,47,22
0.087,0.098,0.404,-0.08,0.108,0,0.2932,0.2335,0.167,0.059,0.393,0.242,0.395,0.296,0.228,0.160,76,69,51,47,0.320,0.225,0.293,0.239,0.164,0.079,68,59,47,22
0.104,0.125,0.313,0,0.000,0,0.3016,0.2390,0.125,0.166,0.393,0.242,0.395,0.296,0.228,0.160,76,69,51,47,0.320,0.225,0.293,0.239,0.164,0.079,68,59,47,22
0.100,0.100,0.105,3.14,0.186,0,0.3034,0.2382,0.071,-0.486,0.393,0.242,0.395,0.296,0.228,0.160,76,69,51,47,0.320,0.225,0.293,0.239,0.164,0.079,68,59,47,22
0.100,0.154,0.399,-0.48,0.134,0,0.2848,0.2206,0.104,0.007,0.393,0.242,0.395,0.296,0.228,0.160,76,69,51,47,0.320,0.225,0.293,0.239,0.164,0.079,68,59,47,22
0.129,0.098,0.304,2.1,0.128,0,0.2643,0.2007,0.034,0.02,0.393,0.242,0.395,0.296,0.228,0.160,76,69,51,47,0.320,0.225,0.293,0.239,0.164,0.079,68,59,47,22
0.135,0.111,0.488,0.22,0.230,0,0.2289,0.1713,0.107,0.303,0.393,0.242,0.395,0.296,0.228,0.160,76,69,51,47,0.320,0.225,0.293,0.239,0.164,0.079,68,59,47,22
0.126,0.083,0.683,1.42,0.221,0,0.1928,0.1428,0.069,-0.397,0.393,0.242,0.395,0.296,0.228,0.160,76,69,51,47,0.320,0.225,0.293,0.239,0.164,0.079,68,59,47,22
0.107,0.124,0.231,0.85,0.046,0,0.1504,0.1101,0.086,0.06,0.393,0.242,0.395,0.296,0.228,0.160,76,69,51,47,0.320,0.225,0.293,0.239,0.164,0.079,68,59,47,22
0.105,0.133,0.212,2.53,0.140,0,0.1215,0.0889,0.119,-0.121,0.393,0.242,0.395,0.296,0.228,0.160,76,69,51,47,0.320,0.225,0.293,0.239,0.164,0.079,68,59,47,22
0.104,0.192,0.046,0,0.000,0,0.0928,0.0694,0.074,0.166,0.393,0.242,0.395,0.296,0.228,0.160,76,69,51,47,0.320,0.225,0.293,0.239,0.164,0.079,68,59,47,22
0.110,0.205,0.073,-1.14,0.131,0,0.0664,0.0504,0.192,0.987,0.393,0.242,0.395,0.296,0.228,0.160,76,69,51,47,0.320,0.225,0.293,0.239,0.164,0.079,68,59,47,22
0.122,0.237,0.055,3.14,0.186,0,0.0611,0.0478,0.100,-0.486,0.393,0.242,0.395,0.296,0.228,0.160,76,69,51,47,0.320,0.225,0.293,0.239,0.164,0.079,68,59,47,22
0.098,0.215,0.131,-1.1,0.105,-1,0.0614,0.0476,0.221,0.192,0.393,0.242,0.395,0.296,0.228,0.160,76,69,51,47,0.320,0.225,0.293,0.239,0.164,0.079,68,59,47,22
0.097,0.183,0.105,1.69,0.290,0,0.0669,0.0509,0.061,-0.697,0.393,0.242,0.395,0.296,0.228,0.160,76,69,51,47,0.320,0.225,0.293,0.239,0.164,0.079,68,59,47,22
0.078,0.213,0.035,-0.52,0.062,0,0.0720,0.0533,0.151,0.341,0.393,0.242,0.395,0.296,0.228,0.160,76,69,51,47,0.320,0.225,0.293,0.239,0.164,0.079,68,59,47,22
0.072,0.160,0.140,0.22,0.230,0,0.0719,0.0505,0.113,0.303,0.393,0.242,0.395,0.296,0.228,0.160,76,69,51,47,0.320,0.225,0.293,0.239,0.164,0.079,68,59,47,22
0.067,0.119,0.030,1.99,0.186,0,0.0624,0.0433,0.055,-0.326,0.393,0.242,0.395,0.296,0.228,0.160,76,69,51,47,0.320,0.225,0.293,0.239,0.164,0.079,68,59,47,22
0.080,0.194,0.066,1.69,0.290,0,0.0548,0.0371,0.071,-0.697,0.393,0.242,0.395,0.296,0.228,0.160,76,69,51,47,0.320,0.225,0.293,0.239,0.164,0.079,68,59,47,22
0.080,0.178,0.043,2.53,0.140,0,0.0492,0.0317,0.078,-0.121,0.393,0.242,0.395,0.296,0.228,0.160,76,69,51,47,0.320,0.225,0.293,0.239,0.164,0.079,68,59,47,22
0.054,0.262,0.155,-0.08,0.108,0,0.0491,0.0298,0.107,0.059,0.393,0.242,0.395,0.296,0.228,0.160,76,69,51,47,0.320,0.225,0.293,0.239,0.164,0.079,68,59,47,22
0.050,0.238,0.203,-0.52,0.062,0,0.0520,0.0291,0.125,0.341,0.393,0.242,0.395,0.296,0.228,0.160,76,69,51,47,0.320,0.225,0.293,0.239,0.164,0.079,68,59,47,22
0.050,0.228,0.357,-0.52,0.062,0,0.0496,0.0260,0.194,0.341,0.393,0.242,0.395,0.296,0.228,0.160,76,69,51,47,0.320,0.225,0.293,0.239,0.164,0.079,68,59,47,22
0.064,0.179,0.750,1.69,0.290,0,0.0626,0.0299,0.119,-0.697,0.393,0.242,0.395,0.296,0.228,0.160,76,69,51,47,0.320,0.225,0.293,0.239,0.164,0.079,68,59,47,22
0.072,0.148,0.471,-1.1,0.105,-1,0.0778,0.0337,0.235,0.192,0.393,0.242,0.395,0.296,0.228,0.160,76,69,51,47,0.320,0.225,0.293,0.239,0.164,0.079,68,59,47,22
0.074,0.249,0.352,1.76,0.409,0,0.1037,0.0427,0.081,-0.884,0.393,0.242,0.395,0.296,0.228,0.160,76,69,51,47,0.320,0.225,0.293,0.239,0.164,0.079,68,59,47,22
0.088,0.237,0.322,-0.08,0.108,0,0.1159,0.0460,0.151,0.059,0.393,0.242,0.395,0.296,0.228,0.160,76,69,51,47,0.320,0.225,0.293,0.239,0.164,0.079,68,59,47,22
0.078,0.170,0.011,2.53,0.140,0,0.1316,0.0519,0.058,-0.121,0.393,0.242,0.395,0.296,0.228,0.160,76,69,51,47,0.320,0.225,0.293,0.239,0.164,0.079,68,59,47,22
0.078,0.191,0.401,-1.19,0.219,1,0.1311,0.0493,0.247,0.586,0.393,0.242,0.395,0.296,0.228,0.160,76,69,51,47,0.320,0.225,0.293,0.239,0.164,0.079,68,59,47,22
0.085,0.139,0.012,1.99,0.186,0,0.1349,0.0484,0.084,-0.326,0.393,0.242,0.395,0.296,0.228,0.160,76,69,51,47,0.320,0.225,0.293,0.239,0.164,0.079,68,59,47,22
0.089,0.260,0.222,1.76,0.409,0,0.1382,0.0472,0.083,-0.884,0.393,0.242,0.395,0.296,0.228,0.160,76,69,51,47,0.320,0.225,0.293,0.239,0.164,0.079,68,59,47,22
0.077,0.187,0.450,-0.08,0.108,0,0.1517,0.0501,0.154,0.059,0.393,0.242,0.395,0.296,0.228,0.160,76,69,51,47,0.320,0.225,0.293,0.239,0.164,0.079,68,59,47,22
0.059,0.259,0.231,-0.08,0.108,0,0.1651,0.0540,0.213,0.059,0.393,0.242,0.395,0.296,0.228,0.160,76,69,51,47,0.320,0.225,0.293,0.239,0.164,0.079,68,59,47,22
0.053,0.223,0.351,-1.19,0.219,1,0.1717,0.0553,0.456,0.586,0.393,0.242,0.395,0.296,0.228,0.160,76,69,51,47,0.320,0.225,0.293,0.239,0.164,0.079,68,59,47,22
0.055,0.205,0.299,0.22,0.230,0,0.1806,0.0583,0.341,0.303,0.393,0.242,0.395,0.296,0.228,0.160,76,69,51,47,0.320,0.225,0.293,0.239,0.164,0.079,68,59,47,22
0.058,0.189,0.300,-0.48,0.134,0,0.1914,0.0625,0.413,0.007,0.393,0.242,0.395,0.296,0.228,0.160,76,69,51,47,0.320,0.225,0.293,0.239,0.164,0.079,68,59,47,22
0.082,0.196,0.519,-1.19,0.219,1,0.2036,0.0678,0.323,0.586,0.393,0.242,0.395,0.296,0.228,0.160,76,69,51,47,0.320,0.225,0.293,0.239,0.164,0.079,68,59,47,22
0.076,0.149,0.418,-1.14,0.131,0,0.2065,0.0691,0.262,0.987,0.393,0.242,0.395,0.296,0.228,0.160,76,69,51,47,0.320,0.225,0.293,0.239,0.164,0.079,68,59,47,22
0.076,0.136,0.347,1.99,0.186,0,0.2067,0.0686,0.169,-0.326,0.393,0.242,0.395,0.296,0.228,0.160,76,69,51,47,0.320,0.225,0.293,0.239,0.164,0.079,68,59,47,22
0.054,0.199,0.438,1.37,0.298,0,0.2014,0.0667,0.149,-0.510,0.393,0.242,0.395,0.296,0.228,0.160,76,69,51,47,0.320,0.225,0.293,0.239,0.164,0.079,68,59,47,22
0.052,0.179,0.293,-0.52,0.062,0,0.1827,0.0602,0.221,0.341,0.393,0.242,0.395,0.296,0.228,0.160,76,69,51,47,0.320,0.225,0.293,0.239,0.164,0.079,68,59,47,22
0.077,0.163,0.280,1.69,0.290,0,0.1642,0.0539,0.097,-0.697,0.393,0.242,0.395,0.296,0.228,0.160,76,69,51,47,0.320,0.225,0.293,0.239,0.164,0.079,68,59,47,22
0.084,0.125,0.240,-0.79,0.151,-1,0.1427,0.0462,0.376,0.736,0.393,0.242,0.395,0.296,0.228,0.160,76,69,51,47,0.320,0.225,0.293,0.239,0.164,0.079,68,59,47,22
0.060,0.135,0.378,-1.1,0.105,-1,0.1366,0.0439,0.333,0.192,0.393,0.242,0.395,0.296,0.228,0.160,76,69,51,47,0.320,0.225,0.293,0.239,0.164,0.079,68,59,47,22
0.051,0.155,0.538,-0.48,0.134,0,0.1226,0.0390,0.254,0.007,0.393,0.242,0.395,0.296,0.228,0.160,76,69,51,47,0.320,0.225,0.293,0.239,0.164,0.079,68,59,47,22
0.045,0.156,0.524,0.85,0.046,0,0.1191,0.0393,0.213,0.06,0.393,0.242,0.395,0.296,0.228,0.160,76,69,51,47,0.320,0.225,0.293,0.239,0.164,0.079,68,59,47,22
0.053,0.182,0.427,-1.1,0.105,-1,0.1094,0.0361,0.308,0.192,0.393,0.242,0.395,0.296,0.228,0.160,76,69,51,47,0.320,0.225,0.293,0.239,0.164,0.079,68,59,47,22
0.046,0.165,0.671,1.37,0.298,0,0.1069,0.0360,0.102,-0.510,0.393,0.242,0.395,0.296,0.228,0.160,76,69,51,47,0.320,0.225,0.293,0.239,0.164,0.079,68,59,47,22
0.046,0.145,0.133,2.53,0.140,0,0.1018,0.0345,0.077,-0.121,0.393,0.242,0.395,0.296,0.228,0.160,76,69,51,47,0.320,0.225,0.293,0.239,0.164,0.079,68,59,47,22
0.046,0.244,0.382,1.37,0.298,0,0.1096,0.0383,0.086,-0.510,0.393,0.242,0.395,0.296,0.228,0.160,76,69,51,47,0.320,0.225,0.293,0.239,0.164,0.079,68,59,47,22
0.052,0.187,0.254,-1.1,0.105,-1,0.1121,0.0406,0.182,0.192,0.393,0.242,0.395,0.296,0.228,0.160,76,69,51,47,0.320,0.225,0.293,0.239,0.164,0.079,68,59,47,22
0.040,0.149,0.065,2.53,0.140,0,0.1035,0.0380,0.053,-0.121,0.393,0.242,0.395,0.296,0.228,0.160,76,69,51,47,0.320,0.225,0.293,0.239,0.164,0.079,68,59,47,22
0.050,0.210,0.304,1.42,0.221,0,0.0889,0.0333,0.079,-0.397,0.393,0.242,0.395,0.296,0.228,0.160,76,69,51,47,0.320,0.225,0.293,0.239,0.164,0.079,68,59,47,22
0.064,0.249,0.272,1.76,0.409,0,0.0772,0.0296,0.123,-0.884,0.393,0.242,0.395,0.296,0.228,0.160,76,69,51,47,0.320,0.225,0.293,0.239,0.164,0.079,68,59,47,22
0.066,0.204,0.351,-0.52,0.062,0,0.0678,0.0272,0.102,0.341,0.393,0.242,0.395,0.296,0.228,0.160,76,69,51,47,0.320,0.225,0.293,0.239,0.164,0.079,68,59,47,22
0.076,0.182,0.430,-1.14,0.131,0,0.0627,0.0269,0.177,0.987,0.393,0.242,0.395,0.296,0.228,0.160,76,69,51,47,0.320,0.225,0.293,0.239,0.164,0.079,68,59,47,22
0.077,0.135,0.320,2.53,0.140,0,0.0587,0.0255,0.149,-0.121,0.393,0.242,0.395,0.296,0.228,0.160,76,69,51,47,0.320,0.225,0.293,0.239,0.164,0.079,68,59,47,22
0.084,0.158,0.298,0.22,0.230,0,0.0631,0.0278,0.134,0.303,0.393,0.242,0.395,0.296,0.228,0.160,76,69,51,47,0.320,0.225,0.293,0.239,0.164,0.079,68,59,47,22
0.096,0.097,0.059,-1.14,0.131,0,0.0779,0.0349,0.160,0.987,0.393,0.242,0.395,0.296,0.228,0.160,76,69,51,47,0.320,0.225,0.293,0.239,0.164,0.079,68,59,47,22
0.100,0.118,0.132,0.85,0.046,0,0.0909,0.0422,0.066,0.06,0.393,0.242,0.395,0.296,0.228,0.160,76,69,51,47,0.320,0.225,0.293,0.239,0.164,0.079,68,59,47,22
0.112,0.077,0.006,1.99,0.186,0,0.0972,0.0463,0.040,-0.326,0.393,0.242,0.395,0.296,0.228,0.160,76,69,51,47,0.320,0.225,0.293,0.239,0.164,0.079,68,59,47,22
0.112,0.081,0.038,1.69,0.290,0,0.1090,0.0526,0.057,-0.697,0.393,0.242,0.395,0.296,0.228,0.160,76,69,51,47,0.320,0.225,0.293,0.239,0.164,0.079,68,59,47,22
0.111,0.066,0.020,0.85,0.046,0,0.1097,0.0535,0.081,0.06,0.393,0.242,0.395,0.296,0.228,0.160,76,69,51,47,0.320,0.225,0.293,0.239,0.164,0.079,68,59,47,22
0.073,0.093,0.065,2.1,0.128,0,0.1123,0.0565,0.039,0.02,0.393,0.242,0.395,0.296,0.228,0.160,76,69,51,47,0.320,0.225,0.293,0.239,0.164,0.079,68,59,47,22
0.090,0.081,0.139,2.53,0.140,0,0.1062,0.0543,0.067,-0.121,0.393,0.242,0.395,0.296,0.228,0.160,76,69,51,47,0.320,0.225,0.293,0.239,0.164,0.079,68,59,47,22
0.085,0.158,0.341,-1.1,0.105,-1,0.0983,0.0500,0.186,0.192,0.393,0.242,0.395,0.296,0.228,0.160,76,69,51,47,0.320,0.225,0.293,0.239,0.164,0.079,68,59,47,22
0.075,0.162,0.759,0,0.000,0,0.0921,0.0480,0.194,0.166,0.393,0.242,0.395,0.296,0.228,0.160,76,69,51,47,0.320,0.225,0.293,0.239,0.164,0.079,68,59,47,22
0.063,0.175,0.444,1.42,0.221,0,0.0902,0.0447,0.153,-0.397,0.393,0.242,0.395,0.296,0.228,0.160,76,69,51,47,0.320,0.225,0.293,0.239,0.164,0.079,68,59,47,22
0.056,0.166,0.295,0,0.000,0,0.1035,0.0515,0.134,0.166,0.393,0.242,0.395,0.296,0.228,0.160,76,69,51,47,0.320,0.225,0.293,0.239,0.164,0.079,68,59,47,22
0.056,0.167,0.376,0.2,0.291,1,0.1304,0.0683,0.211,0.180,0.393,0.242,0.395,0.296,0.228,0.160,76,69,51,47,0.320,0.225,0.293,0.239,0.164,0.079,68,59,47,22
0.044,0.071,0.012,1.99,0.186,0,0.1713,0.0950,0.082,-0.326,0.393,0.242,0.395,0.296,0.228,0.160,76,69,51,47,0.320,0.225,0.293,0.239,0.164,0.079,68,59,47,22
0.045,0.060,0.326,-1.1,0.105,-1,0.2172,0.1253,0.151,0.192,0.393,0.242,0.395,0.296,0.228,0.160,76,69,51,47,0.320,0.225,0.293,0.239,0.164,0.079,68,59,47,22
0.052,0.050,0.032,1.99,0.186,0,0.2637,0.1576,0.073,-0.326,0.393,0.242,0.395,0.296,0.228,0.160,76,69,51,47,0.320,0.225,0.293,0.239,0.164,0.079,68,59,47,22
0.049,0.088,0.225,1.76,0.409,0,0.3032,0.1824,0.110,-0.884,0.393,0.242,0.395,0.296,0.228,0.160,76,69,51,47,0.320,0.225,0.293,0.239,0.164,0.079,68,59,47,22
0.048,0.069,0.425,-0.48,0.134,0,0.3283,0.1991,0.225,0.007,0.393,0.242,0.395,0.296,0.228,0.160,76,69,51,47,0.320,0.225,0.293,0.239,0.164,0.079,68,59,47,22
0.051,0.050,0.190,1.99,0.186,0,0.3413,0.2066,0.084,-0.326,0.393,0.242,0.395,0.296,0.228,0.160,76,69,51,47,0.320,0.225,0.293,0.239,0.164,0.079,68,59,47,22
0.053,0.056,0.393,-0.48,0.134,0,0.3452,0.2082,0.299,0.007,0.393,0.242,0.395,0.296,0.228,0.160,76,69,51,47,0.320,0.225,0.293,0.239,0.164,0.079,68,59,47,22
0.052,0.071,0.396,-0.48,0.134,0,0.3419,0.2084,0.392,0.007,0.393,0.242,0.395,0.296,0.228,0.160,76,69,51,47,0.320,0.225,0.293,0.239,0.164,0.079,68,59,47,22
0.049,0.066,0.200,-1.1,0.105,-1,0.3234,0.1990,0.427,0.192,0.393,0.242,0.395,0.296,0.228,0.160,76,69,51,47,0.320,0.225,0.293,0.239,0.164,0.079,68,59,47,22
0.038,0.069,0.146,-0.08,0.108,0,0.3123,0.1956,0.350,0.059,0.393,0.242,0.395,0.296,0.228,0.160,76,69,51,47,0.320,0.225,0.293,0.239,0.164,0.079,68,59,47,22
0.037,0.071,0.154,-0.79,0.151,-1,0.3081,0.1977,0.451,0.736,0.393,0.242,0.395,0.296,0.228,0.160,76,69,51,47,0.320,0.225,0.293,0.239,0.164,0.079,68,59,47,22
0.038,0.084,0.104,2.53,0.140,0,0.3282,0.2179,0.140,-0.121,0.393,0.242,0.395,0.296,0.228,0.160,76,69,51,47,0.320,0.225,0.293,0.239,0.164,0.079,68,59,47,22
0.042,0.116,0.271,-1.14,0.131,0,0.3566,0.2457,0.239,0.987,0.393,0.242,0.395,0.296,0.228,0.160,76,69,51,47,0.320,0.225,0.293,0.239,0.164,0.079,68,59,47,22
0.042,0.120,0.094,-0.08,0.108,0,0.3913,0.2783,0.242,0.059,0.393,0.242,0.395,0.296,0.228,0.160,76,69,51,47,0.320,0.225,0.293,0.239,0.164,0.079,68,59,47,22
0.062,0.111,0.059,0.85,0.046,0,0.4154,0.3031,0.118,0.06,0.393,0.242,0.395,0.296,0.228,0.160,76,69,51,47,0.320,0.225,0.293,0.239,0.164,0.079,68,59,47,22
0.062,0.099,0.288,-0.52,0.062,0,0.4185,0.3097,0.178,0.341,0.393,0.242,0.395,0.296,0.228,0.160,76,69,51,47,0.320,0.225,0.293,0.239,0.164,0.079,68,59,47,22
0.065,0.071,0.147,2.53,0.140,0,0.4119,0.3085,0.093,-0.121,0.393,0.242,0.395,0.296,0.228,0.160,76,69,51,47,0.320,0.225,0.293,0.239,0.164,0.079,68,59,47,22
0.078,0.089,0.347,0.85,0.046,0,0.3858,0.2905,0.127,0.06,0.393,0.242,0.395,0.296,0.228,0.160,76,69,51,47,0.320,0.225,0.293,0.239,0.164,0.079,68,59,47,22
0.096,0.086,0.228,3.14,0.186,0,0.3589,0.2714,0.110,-0.486,0.393,0.242,0.395,0.296,0.228,0.160,76,69,51,47,0.320,0.225,0.293,0.239,0.164,0.079,68,59,47,22
0.068,0.086,0.108,-0.79,0.151,-1,0.3256,0.2474,0.319,0.736,0.393,0.242,0.395,0.296,0.228,0.160,76,69,51,47,0.320,0.225,0.293,0.239,0.164,0.079,68,59,47,22
0.072,0.089,0.076,0,0.000,0,0.3008,0.2315,0.183,0.166,0.393,0.242,0.395,0.296,0.228,0.160,76,69,51,47,0.320,0.225,0.293,0.239,0.164,0.079,68,59,47,22
0.086,0.092,0.017,0.85,0.046,0,0.2705,0.2101,0.141,0.06,0.393,0.242,0.395,0.296,0.228,0.160,76,69,51,47,0.320,0.225,0.293,0.239,0.164,0.079,68,59,47,22
0.087,0.113,0.334,-0.52,0.062,0,0.2501,0.1964,0.221,0.341,0.393,0.242,0.395,0.296,0.228,0.160,76,69,51,47,0.320,0.225,0.293,0.239,0.164,0.079,68,59,47,22
0.093,0.088,0.542,0.85,0.046,0,0.2397,0.1895,0.170,0.06,0.393,0.242,0.395,0.296,0.228,0.160,76,69,51,47,0.320,0.225,0.293,0.239,0.164,0.079,68,59,47,22
0.122,0.088,0.081,1.99,0.186,0,0.2385,0.1899,0.154,-0.326,0.393,0.242,0.395,0.296,0.228,0.160,76,69,51,47,0.320,0.225,0.293,0.239,0.164,0.079,68,59,47,22
0.098,0.126,0.417,-0.48,0.134,0,0.2490,0.2004,0.186,0.007,0.393,0.242,0.395,0.296,0.228,0.160,76,69,51,47,0.320,0.225,0.293,0.239,0.164,0.079,68,59,47,22
0.093,0.177,0.386,0.2,0.291,1,0.2548,0.2077,0.214,0.180,0.393,0.242,0.395,0.296,0.228,0.160,76,69,51,47,0.320,0.225,0.293,0.239,0.164,0.079,68,59,47,22
0.094,0.099,0.074,2.53,0.140,0,0.2598,0.2148,0.145,-0.121,0.393,0.242,0.395,0.296,0.228,0.160,76,69,51,47,0.320,0.225,0.293,0.239,0.164,0.079,68,59,47,22
0.093,0.178,0.397,0.2,0.291,1,0.2670,0.2230,0.252,0.180,0.393,0.242,0.395,0.296,0.228,0.160,76,69,51,47,0.320,0.225,0.293,0.239,0.164,0.079,68,59,47,22
0.098,0.128,0.287,1.76,0.409,0,0.2847,0.2381,0.094,-0.884,0.393,0.242,0.395,0.296,0.228,0.160,76,69,51,47,0.320,0.225,0.293,0.239,0.164,0.079,68,59,47,22
0.116,0.111,0.413,0.85,0.046,0,0.3089,0.2584,0.158,0.06,0.393,0.242,0.395,0.296,0.228,0.160,76,69,51,47,0.320,0.225,0.293,0.239,0.164,0.079,68,59,47,22
0.119,0.161,0.494,-0.42,0.180,0,0.3315,0.2766,0.331,0.318,0.393,0.242,0.395,0.296,0.228,0.160,76,69,51,47,0.320,0.225,0.293,0.239,0.164,0.079,68,59,47,22
0.096,0.123,0.315,0.85,0.046,0,0.3405,0.2855,0.337,0.06,0.393,0.242,0.395,0.296,0.228,0.160,76,69,51,47,0.320,0.225,0.293,0.239,0.164,0.079,68,59,47,22
0.093,0.154,0.127,0,0.000,0,0.3362,0.2848,0.301,0.166,0.393,0.242,0.395,0.296,0.228,0.160,76,69,51,47,0.320,0.225,0.293,0.239,0.164,0.079,68,59,47,22
0.097,0.218,0.106,-1.19,0.219,1,0.3204,0.2746,0.395,0.586,0.393,0.242,0.395,0.296,0.228,0.160,76,69,51,47,0.320,0.225,0.293,0.239,0.164,0.079,68,59,47,22
0.095,0.167,0.075,-0.79,0.151,-1,0.2939,0.2538,0.362,0.736,0.393,0.242,0.395,0.296,0.228,0.160,76,69,51,47,0.320,0.225,0.293,0.239,0.164,0.079,68,59,47,22
0.077,0.138,0.035,2.53,0.140,0,0.2696,0.2346,0.102,-0.121,0.393,0.242,0.395,0.296,0.228,0.160,76,69,51,47,0.320,0.225,0.293,0.239,0.164,0.079,68,59,47,22
0.074,0.153,0.035,0.85,0.046,0,0.2474,0.2155,0.208,0.06,0.393,0.242,0.395,0.296,0.228,0.160,76,69,51,47,0.320,0.225,0.293,0.239,0.164,0.079,68,59,47,22
0.065,0.164,0.018,2.53,0.140,0,0.2375,0.2057,0.186,-0.121,0.393,0.242,0.395,0.296,0.228,0.160,76,69,51,47,0.320,0.225,0.293,0.239,0.164,0.079,68,59,47,22
0.060,0.162,0.166,0,0.000,0,0.2231,0.1913,0.209,0.166,0.393,0.242,0.395,0.296,0.228,0.160,76,69,51,47,0.320,0.225,0.293,0.239,0.164,0.079,68,59,47,22
0.089,0.140,0.396,-1.1,0.105,-1,0.2127,0.1803,0.245,0.192,0.393,0.242,0.395,0.296,0.228,0.160,76,69,51,47,0.320,0.225,0.293,0.239,0.164,0.079,68,59,47,22
0.090,0.141,0.763,-0.52,0.062,0,0.2041,0.1705,0.332,0.341,0.393,0.242,0.395,0.296,0.228,0.160,76,69,51,47,0.320,0.225,0.293,0.239,0.164,0.079,68,59,47,22
0.075,0.161,0.461,-0.79,0.151,-1,0.1923,0.1582,0.457,0.736,0.393,0.242,0.395,0.296,0.228,0.160,76,69,51,47,0.320,0.225,0.293,0.239,0.164,0.079,68,59,47,22
0.074,0.105,0.271,0,0.000,0,0.1937,0.1574,0.124,0.166,0.393,0.242,0.395,0.296,0.228,0.160,76,69,51,47,0.320,0.225,0.293,0.239,0.164,0.079,68,59,47,22
0.073,0.132,0.410,0.2,0.291,1,0.1971,0.1603,0.156,0.180,0.393,0.242,0.395,0.296,0.228,0.160,76,69,51,47,0.320,0.225,0.293,0.239,0.164,0.079,68,59,47,22
0.058,0.055,0.021,3.14,0.186,0,0.1936,0.1604,0.051,-0.486,0.393,0.242,0.395,0.296,0.228,0.160,76,69,51,47,0.320,0.225,0.293,0.239,0.164,0.079,68,59,47,22
0.069,0.057,0.340,1.76,0.409,0,0.2008,0.1679,0.065,-0.884,0.393,0.242,0.395,0.296,0.228,0.160,76,69,51,47,0.320,0.225,0.293,0.239,0.164,0.079,68,59,47,22
0.074,0.039,0.050,2.53,0.140,0,0.2160,0.1794,0.038,-0.121,0.393,0.242,0.395,0.296,0.228,0.160,76,69,51,47,0.320,0.225,0.293,0.239,0.164,0.079,68,59,47,22
0.062,0.065,0.226,1.37,0.298,0,0.2356,0.1928,0.061,-0.510,0.393,0.242,0.395,0.296,0.228,0.160,76,69,51,47,0.320,0.225,0.293,0.239,0.164,0.079,68,59,47,22
0.059,0.047,0.365,-1.1,0.105,-1,0.2432,0.1969,0.125,0.192,0.393,0.242,0.395,0.296,0.228,0.160,76,69,51,47,0.320,0.225,0.293,0.239,0.164,0.079,68,59,47,22
0.047,0.063,0.114,2.53,0.140,0,0.2461,0.1985,0.080,-0.121,0.393,0.242,0.395,0.296,0.228,0.160,76,69,51,47,0.320,0.225,0.293,0.239,0.164,0.079,68,59,47,22
0.033,0.056,0.219,0,0.000,0,0.2376,0.1906,0.138,0.166,0.393,0.242,0.395,0.296,0.228,0.160,76,69,51,47,0.320,0.225,0.293,0.239,0.164,0.079,68,59,47,22
0.029,0.055,0.117,-0.79,0.151,-1,0.2166,0.1733,0.260,0.736,0.393,0.242,0.395,0.296,0.228,0.160,76,69,51,47,0.320,0.225,0.293,0.239,0.164,0.079,68,59,47,22
0.038,0.054,0.004,1.99,0.186,0,0.1948,0.1550,0.104,-0.326,0.393,0.242,0.395,0.296,0.228,0.160,76,69,51,47,0.320,0.225,0.293,0.239,0.164,0.079,68,59,47,22
0.030,0.058,0.025,0.85,0.046,0,0.1750,0.1407,0.218,0.06,0.393,0.242,0.395,0.296,0.228,0.160,76,69,51,47,0.320,0.225,0.293,0.239,0.164,0.079,68,59,47,22
0.029,0.065,0.226,2.53,0.140,0,0.1742,0.1409,0.121,-0.121,0.393,0.242,0.395,0.296,0.228,0.160,76,69,51,47,0.320,0.225,0.293,0.239,0.164,0.079,68,59,47,22
0.031,0.092,0.070,-1.14,0.131,0,0.1806,0.1473,0.263,0.987,0.393,0.242,0.395,0.296,0.228,0.160,76,69,51,47,0.320,0.225,0.293,0.239,0.164,0.079,68,59,47,22
0.044,0.162,0.364,0.22,0.230,0,0.1952,0.1610,0.260,0.303,0.393,0.242,0.395,0.296,0.228,0.160,76,69,51,47,0.320,0.225,0.293,0.239,0.164,0.079,68,59,47,22
0.044,0.111,0.417,-0.48,0.134,0,0.2149,0.1786,0.334,0.007,0.393,0.242,0.395,0.296,0.228,0.160,76,69,51,47,0.320,0.225,0.293,0.239,0.164,0.079,68,59,47,22
0.050,0.087,0.273,-1.1,0.105,-1,0.2325,0.1938,0.375,0.192,0.393,0.242,0.395,0.296,0.228,0.160,76,69,51,47,0.320,0.225,0.293,0.239,0.164,0.079,68,59,47,22
0.042,0.114,0.312,-0.79,0.151,-1,0.2426,0.2022,0.333,0.736,0.393,0.242,0.395,0.296,0.228,0.160,76,69,51,47,0.320,0.225,0.293,0.239,0.164,0.079,68,59,47,22
0.041,0.124,0.446,1.76,0.409,0,0.2552,0.2110,0.079,-0.884,0.393,0.242,0.395,0.296,0.228,0.160,76,69,51,47,0.320,0.225,0.293,0.239,0.164,0.079,68,59,47,22
0.041,0.096,0.449,-0.08,0.108,0,0.2592,0.2136,0.184,0.059,0.393,0.242,0.395,0.296,0.228,0.160,76,69,51,47,0.320,0.225,0.293,0.239,0.164,0.079,68,59,47,22
0.052,0.166,0.560,0.2,0.291,1,0.2600,0.2159,0.305,0.180,0.393,0.242,0.395,0.296,0.228,0.160,76,69,51,47,0.320,0.225,0.293,0.239,0.164,0.079,68,59,47,22
0.044,0.113,0.183,1.69,0.290,0,0.2591,0.2153,0.068,-0.697,0.393,0.242,0.395,0.296,0.228,0.160,76,69,51,47,0.320,0.225,0.293,0.239,0.164,0.079,68,59,47,22
0.045,0.093,0.220,0.85,0.046,0,0.2621,0.2159,0.062,0.06,0.393,0.242,0.395,0.296,0.228,0.160,76,69,51,47,0.320,0.225,0.293,0.239,0.164,0.079,68,59,47,22
0.045,0.156,0.615,0.2,0.291,1,0.2818,0.2279,0.276,0.180,0.393,0.242,0.395,0.296,0.228,0.160,76,69,51,47,0.320,0.225,0.293,0.239,0.164,0.079,68,59,47,22
0.046,0.123,0.055,-0.08,0.108,0,0.2883,0.2327,0.141,0.059,0.393,0.242,0.395,0.296,0.228,0.160,76,69,51,47,0.320,0.225,0.293,0.239,0.164,0.079,68,59,47,22
0.045,0.090,0.002,1.99,0.186,0,0.3036,0.2471,0.052,-0.326,0.393,0.242,0.395,0.296,0.228,0.160,76,69,51,47,0.320,0.225,0.293,0.239,0.164,0.079,68,59,47,22
0.043,0.084,0.068,2.53,0.140,0,0.3175,0.2603,0.115,-0.121,0.393,0.242,0.395,0.296,0.228,0.160,76,69,51,47,0.320,0.225,0.293,0.239,0.164,0.079,68,59,47,22
0.036,0.092,0.099,-0.79,0.151,-1,0.3352,0.2797,0.294,0.736,0.393,0.242,0.395,0.296,0.228,0.160,76,69,51,47,0.320,0.225,0.293,0.239,0.164,0.079,68,59,47,22
0.036,0.077,0.105,3.14,0.186,0,0.3508,0.2948,0.059,-0.486,0.393,0.242,0.395,0.296,0.228,0.160,76,69,51,47,0.320,0.225,0.293,0.239,0.164,0.079,68,59,47,22
0.055,0.104,0.661,0.2,0.291,1,0.3602,0.3037,0.185,0.180,0.393,0.242,0.395,0.296,0.228,0.160,76,69,51,47,0.320,0.225,0.293,0.239,0.164,0.079,68,59,47,22
0.055,0.075,0.633,0.85,0.046,0,0.3859,0.3202,0.247,0.06,0.393,0.242,0.395,0.296,0.228,0.160,76,69,51,47,0.320,0.225,0.293,0.239,0.164,0.079,68,59,47,22
0.052,0.082,0.749,-0.48,0.134,0,0.4024,0.3315,0.336,0.007,0.393,0.242,0.395,0.296,0.228,0.160,76,69,51,47,0.320,0.225,0.293,0.239,0.164,0.079,68,59,47,22
0.052,0.093,0.767,0.2,0.291,1,0.4186,0.3462,0.298,0.180,0.393,0.242,0.395,0.296,0.228,0.160,76,69,51,47,0.320,0.225,0.293,0.239,0.164,0.079,68,59,47,22
0.051,0.070,0.660,0.85,0.046,0,0.4275,0.3612,0.374,0.06,0.393,0.242,0.395,0.296,0.228,0.160,76,69,51,47,0.320,0.225,0.293,0.239,0.164,0.079,68,59,47,22
0.052,0.079,0.483,-1.1,0.105,-1,0.4419,0.3868,0.397,0.192,0.393,0.242,0.395,0.296,0.228,0.160,76,69,51,47,0.320,0.225,0.293,0.239,0.164,0.079,68,59,47,22
0.055,0.083,0.338,-0.52,0.062,0,0.4615,0.4225,0.325,0.341,0.393,0.242,0.395,0.296,0.228,0.160,76,69,51,47,0.320,0.225,0.293,0.239,0.164,0.079,68,59,47,22
0.052,0.084,0.219,-0.79,0.151,-1,0.4795,0.4678,0.516,0.736,0.393,0.242,0.395,0.296,0.228,0.160,76,69,51,47,0.320,0.225,0.293,0.239,0.164,0.079,68,59,47,22
0.049,0.083,0.159,-0.79,0.151,-1,0.5071,0.5297,0.513,0.736,0.393,0.242,0.395,0.296,0.228,0.160,76,69,51,47,0.320,0.225,0.293,0.239,0.164,0.079,68,59,47,22
0.059,0.073,0.017,-0.79,0.151,-1,0.5376,0.5986,0.469,0.736,0.393,0.242,0.395,0.296,0.228,0.160,76,69,51,47,0.320,0.225,0.293,0.239,0.164,0.079,68,59,47,22
0.057,0.080,0.049,0,0.000,0,0.5691,0.6702,0.244,0.166,0.393,0.242,0.395,0.296,0.228,0.160,76,69,51,47,0.320,0.225,0.293,0.239,0.164,0.079,68,59,47,22
0.050,0.097,0.143,-0.08,0.108,0,0.5991,0.7401,0.337,0.059,0.393,0.242,0.395,0.296,0.228,0.160,76,69,51,47,0.320,0.225,0.293,0.239,0.164,0.079,68,59,47,22
0.046,0.081,0.218,2.53,0.140,0,0.6247,0.8038,0.275,-0.121,0.393,0.242,0.395,0.296,0.228,0.160,76,69,51,47,0.320,0.225,0.293,0.239,0.164,0.079,68,59,47,22
0.054,0.081,0.261,-0.79,0.151,-1,0.6432,0.8576,0.443,0.736,0.393,0.242,0.395,0.296,0.228,0.160,76,69,51,47,0.320,0.225,0.293,0.239,0.164,0.079,68,59,47,22
0.046,0.073,0.274,1.99,0.186,0,0.6514,0.8989,0.194,-0.326,0.393,0.242,0.395,0.296,0.228,0.160,76,69,51,47,0.320,0.225,0.293,0.239,0.164,0.079,68,59,47,22
0.041,0.074,0.508,-0.52,0.062,0,0.6466,0.9264,0.394,0.341,0.393,0.242,0.395,0.296,0.228,0.160,76,69,51,47,0.320,0.225,0.293,0.239,0.164,0.079,68,59,47,22
0.039,0.071,0.291,0.85,0.046,0,0.6261,0.9409,0.928,0.06,0.393,0.242,0.395,0.296,0.228,0.160,76,69,51,47,0.320,0.225,0.293,0.239,0.164,0.079,68,59,47,22
