0.691,0.065,0.520,1.42,0.221,0,0.7342,0.9335,0.629,-0.397,0.561,0.168,0.827,0.528,0.360,0.249,115,56,52,39,0.457,0.199,0.536,0.360,0.251,0.156,78,57,52,36
0.644,0.264,0.622,-0.08,0.108,0,0.7404,0.8943,0.443,0.059,0.561,0.168,0.827,0.528,0.360,0.249,115,56,52,39,0.457,0.199,0.536,0.360,0.251,0.156,78,57,52,36
0.630,0.227,0.582,0.85,0.046,0,0.7412,0.8536,0.332,0.06,0.561,0.168,0.827,0.528,0.360,0.249,115,56,52,39,0.457,0.199,0.536,0.360,0.251,0.156,78,57,52,36
0.627,0.213,0.634,0.85,0.046,0,0.7375,0.8079,0.310,0.06,0.561,0.168,0.827,0.528,0.360,0.249,115,56,52,39,0.457,0.199,0.536,0.360,0.251,0.156,78,57,52,36
0.625,0.743,0.705,-0.42,0.180,0,0.7309,0.7564,0.348,0.318,0.561,0.168,0.827,0.528,0.360,0.249,115,56,52,39,0.457,0.199,0.536,0.360,0.251,0.156,78,57,52,36
0.622,0.258,0.629,0.85,0.046,0,0.7229,0.7000,0.227,0.06,0.561,0.168,0.827,0.528,0.360,0.249,115,56,52,39,0.457,0.199,0.536,0.360,0.251,0.156,78,57,52,36
0.621,0.855,0.674,-1.19,0.219,1,0.7150,0.6411,0.419,0.586,0.561,0.168,0.827,0.528,0.360,0.249,115,56,52,39,0.457,0.199,0.536,0.360,0.251,0.156,78,57,52,36
0.614,0.774,0.652,-0.08,0.108,0,0.7086,0.5829,0.283,0.059,0.561,0.168,0.827,0.528,0.360,0.249,115,56,52,39,0.457,0.199,0.536,0.360,0.251,0.156,78,57,52,36
0.592,0.789,0.700,-0.08,0.108,0,0.7049,0.5293,0.275,0.059,0.561,0.168,0.827,0.528,0.360,0.249,115,56,52,39,0.457,0.199,0.536,0.360,0.251,0.156,78,57,52,36
0.592,0.864,0.836,-1.19,0.219,1,0.7049,0.4841,0.463,0.586,0.561,0.168,0.827,0.528,0.360,0.249,115,56,52,39,0.457,0.199,0.536,0.360,0.251,0.156,78,57,52,36
0.592,0.888,0.757,-1.19,0.219,1,0.7139,0.4564,0.490,0.586,0.561,0.168,0.827,0.528,0.360,0.249,115,56,52,39,0.457,0.199,0.536,0.360,0.251,0.156,78,57,52,36
0.590,0.808,0.773,-0.48,0.134,0,0.7240,0.4403,0.307,0.007,0.561,0.168,0.827,0.528,0.360,0.249,115,56,52,39,0.457,0.199,0.536,0.360,0.251,0.156,78,57,52,36
0.595,0.771,0.611,-0.08,0.108,0,0.7392,0.4402,0.157,0.059,0.561,0.168,0.827,0.528,0.360,0.249,115,56,52,39,0.457,0.199,0.536,0.360,0.251,0.156,78,57,52,36
0.595,0.227,0.574,0.85,0.046,0,0.7501,0.4464,0.191,0.06,0.561,0.168,0.827,0.528,0.360,0.249,115,56,52,39,0.457,0.199,0.536,0.360,0.251,0.156,78,57,52,36
0.592,0.195,0.375,0.85,0.046,0,0.7520,0.4538,0.258,0.06,0.561,0.168,0.827,0.528,0.360,0.249,115,56,52,39,0.457,0.199,0.536,0.360,0.251,0.156,78,57,52,36
0.591,0.171,0.345,0.85,0.046,0,0.7594,0.4683,0.121,0.06,0.561,0.168,0.827,0.528,0.360,0.249,115,56,52,39,0.457,0.199,0.536,0.360,0.251,0.156,78,57,52,36
0.595,0.148,0.262,0.85,0.046,0,0.7677,0.4836,0.085,0.06,0.561,0.168,0.827,0.528,0.360,0.249,115,56,52,39,0.457,0.199,0.536,0.360,0.251,0.156,78,57,52,36
0.579,0.156,0.473,-0.42,0.180,0,0.7610,0.4860,0.324,0.318,0.561,0.168,0.827,0.528,0.360,0.249,115,56,52,39,0.457,0.199,0.536,0.360,0.251,0.156,78,57,52,36
0.582,0.114,0.188,-0.79,0.151,-1,0.7458,0.4793,0.393,0.736,0.561,0.168,0.827,0.528,0.360,0.249,115,56,52,39,0.457,0.199,0.536,0.360,0.251,0.156,78,57,52,36
0.588,0.118,0.121,0.85,0.046,0,0.7209,0.4626,0.162,0.06,0.561,0.168,0.827,0.528,0.360,0.249,115,56,52,39,0.457,0.199,0.536,0.360,0.251,0.156,78,57,52,36
0.571,0.117,0.069,0.85,0.046,0,0.6900,0.4427,0.198,0.06,0.561,0.168,0.827,0.528,0.360,0.249,115,56,52,39,0.457,0.199,0.536,0.360,0.251,0.156,78,57,52,36
0.555,0.102,0.047,0,0.000,0,0.6608,0.4252,0.373,0.166,0.561,0.168,0.827,0.528,0.360,0.249,115,56,52,39,0.457,0.199,0.536,0.360,0.251,0.156,78,57,52,36
0.569,0.110,0.166,0.85,0.046,0,0.6436,0.4190,0.280,0.06,0.561,0.168,0.827,0.528,0.360,0.249,115,56,52,39,0.457,0.199,0.536,0.360,0.251,0.156,78,57,52,36
0.570,0.109,0.323,0.85,0.046,0,0.6300,0.4158,0.248,0.06,0.561,0.168,0.827,0.528,0.360,0.249,115,56,52,39,0.457,0.199,0.536,0.360,0.251,0.156,78,57,52,36
0.571,0.147,0.354,-0.42,0.180,0,0.6216,0.4198,0.299,0.318,0.561,0.168,0.827,0.528,0.360,0.249,115,56,52,39,0.457,0.199,0.536,0.360,0.251,0.156,78,57,52,36
0.568,0.131,0.481,-1.14,0.131,0,0.6092,0.4187,0.320,0.987,0.561,0.168,0.827,0.528,0.360,0.249,115,56,52,39,0.457,0.199,0.536,0.360,0.251,0.156,78,57,52,36
0.568,0.160,0.573,-0.52,0.062,0,0.5895,0.4105,0.318,0.341,0.561,0.168,0.827,0.528,0.360,0.249,115,56,52,39,0.457,0.199,0.536,0.360,0.251,0.156,78,57,52,36
0.571,0.140,0.619,0,0.000,0,0.5632,0.3990,0.286,0.166,0.561,0.168,0.827,0.528,0.360,0.249,115,56,52,39,0.457,0.199,0.536,0.360,0.251,0.156,78,57,52,36
0.577,0.151,0.606,1.99,0.186,0,0.5443,0.3940,0.109,-0.326,0.561,0.168,0.827,0.528,0.360,0.249,115,56,52,39,0.457,0.199,0.536,0.360,0.251,0.156,78,57,52,36
0.592,0.161,0.538,0,0.000,0,0.5231,0.3866,0.177,0.166,0.561,0.168,0.827,0.528,0.360,0.249,115,56,52,39,0.457,0.199,0.536,0.360,0.251,0.156,78,57,52,36
0.591,0.152,0.280,1.99,0.186,0,0.5127,0.3864,0.083,-0.326,0.561,0.168,0.827,0.528,0.360,0.249,115,56,52,39,0.457,0.199,0.536,0.360,0.251,0.156,78,57,52,36
0.588,0.144,0.245,-1.1,0.105,-1,0.4938,0.3797,0.274,0.192,0.561,0.168,0.827,0.528,0.360,0.249,115,56,52,39,0.457,0.199,0.536,0.360,0.251,0.156,78,57,52,36
0.586,0.162,0.061,-0.52,0.062,0,0.4749,0.3732,0.117,0.341,0.561,0.168,0.827,0.528,0.360,0.249,115,56,52,39,0.457,0.199,0.536,0.360,0.251,0.156,78,57,52,36
0.582,0.154,0.002,3.14,0.186,0,0.4658,0.3737,0.098,-0.486,0.561,0.168,0.827,0.528,0.360,0.249,115,56,52,39,0.457,0.199,0.536,0.360,0.251,0.156,78,57,52,36
0.582,0.161,0.017,0,0.000,0,0.4569,0.3753,0.171,0.166,0.561,0.168,0.827,0.528,0.360,0.249,115,56,52,39,0.457,0.199,0.536,0.360,0.251,0.156,78,57,52,36
0.585,0.153,0.003,-1.1,0.105,-1,0.4616,0.3867,0.215,0.192,0.561,0.168,0.827,0.528,0.360,0.249,115,56,52,39,0.457,0.199,0.536,0.360,0.251,0.156,78,57,52,36
0.593,0.154,0.014,1.99,0.186,0,0.4675,0.3996,0.056,-0.326,0.561,0.168,0.827,0.528,0.360,0.249,115,56,52,39,0.457,0.199,0.536,0.360,0.251,0.156,78,57,52,36
0.586,0.185,0.020,-0.52,0.062,0,0.4783,0.4144,0.172,0.341,0.561,0.168,0.827,0.528,0.360,0.249,115,56,52,39,0.457,0.199,0.536,0.360,0.251,0.156,78,57,52,36
0.586,0.155,0.002,-0.52,0.062,0,0.4895,0.4271,0.238,0.341,0.561,0.168,0.827,0.528,0.360,0.249,115,56,52,39,0.457,0.199,0.536,0.360,0.251,0.156,78,57,52,36
0.589,0.123,0.001,1.99,0.186,0,0.5092,0.4462,0.101,-0.326,0.561,0.168,0.827,0.528,0.360,0.249,115,56,52,39,0.457,0.199,0.536,0.360,0.251,0.156,78,57,52,36
0.591,0.096,0.001,1.99,0.186,0,0.5308,0.4684,0.118,-0.326,0.561,0.168,0.827,0.528,0.360,0.249,115,56,52,39,0.457,0.199,0.536,0.360,0.251,0.156,78,57,52,36
0.593,0.105,0.001,-1.1,0.105,-1,0.5552,0.4922,0.386,0.192,0.561,0.168,0.827,0.528,0.360,0.249,115,56,52,39,0.457,0.199,0.536,0.360,0.251,0.156,78,57,52,36
0.593,0.095,0.001,0.85,0.046,0,0.5882,0.5243,0.137,0.06,0.561,0.168,0.827,0.528,0.360,0.249,115,56,52,39,0.457,0.199,0.536,0.360,0.251,0.156,78,57,52,36
0.586,0.125,0.001,-1.14,0.131,0,0.6021,0.5401,0.258,0.987,0.561,0.168,0.827,0.528,0.360,0.249,115,56,52,39,0.457,0.199,0.536,0.360,0.251,0.156,78,57,52,36
0.573,0.107,0.001,0.85,0.046,0,0.6014,0.5442,0.187,0.06,0.561,0.168,0.827,0.528,0.360,0.249,115,56,52,39,0.457,0.199,0.536,0.360,0.251,0.156,78,57,52,36
0.571,0.104,0.001,0.85,0.046,0,0.5865,0.5383,0.248,0.06,0.561,0.168,0.827,0.528,0.360,0.249,115,56,52,39,0.457,0.199,0.536,0.360,0.251,0.156,78,57,52,36
0.571,0.104,0.001,-0.52,0.062,0,0.5705,0.5340,0.313,0.341,0.561,0.168,0.827,0.528,0.360,0.249,115,56,52,39,0.457,0.199,0.536,0.360,0.251,0.156,78,57,52,36
0.571,0.119,0.021,-0.42,0.180,0,0.5541,0.5318,0.456,0.318,0.561,0.168,0.827,0.528,0.360,0.249,115,56,52,39,0.457,0.199,0.536,0.360,0.251,0.156,78,57,52,36
0.565,0.103,0.034,0,0.000,0,0.5454,0.5350,0.334,0.166,0.561,0.168,0.827,0.528,0.360,0.249,115,56,52,39,0.457,0.199,0.536,0.360,0.251,0.156,78,57,52,36
0.562,0.104,0.070,0,0.000,0,0.5379,0.5386,0.266,0.166,0.561,0.168,0.827,0.528,0.360,0.249,115,56,52,39,0.457,0.199,0.536,0.360,0.251,0.156,78,57,52,36
0.560,0.138,0.002,-0.52,0.062,0,0.5486,0.5541,0.363,0.341,0.561,0.168,0.827,0.528,0.360,0.249,115,56,52,39,0.457,0.199,0.536,0.360,0.251,0.156,78,57,52,36
0.558,0.110,0.011,0,0.000,0,0.5660,0.5740,0.120,0.166,0.561,0.168,0.827,0.528,0.360,0.249,115,56,52,39,0.457,0.199,0.536,0.360,0.251,0.156,78,57,52,36
0.549,0.117,0.003,-1.14,0.131,0,0.5916,0.5978,0.216,0.987,0.561,0.168,0.827,0.528,0.360,0.249,115,56,52,39,0.457,0.199,0.536,0.360,0.251,0.156,78,57,52,36
0.547,0.118,0.006,3.14,0.186,0,0.6351,0.6316,0.076,-0.486,0.561,0.168,0.827,0.528,0.360,0.249,115,56,52,39,0.457,0.199,0.536,0.360,0.251,0.156,78,57,52,36
0.547,0.117,0.038,-0.79,0.151,-1,0.6675,0.6556,0.288,0.736,0.561,0.168,0.827,0.528,0.360,0.249,115,56,52,39,0.457,0.199,0.536,0.360,0.251,0.156,78,57,52,36
0.550,0.111,0.008,1.99,0.186,0,0.7059,0.6821,0.075,-0.326,0.561,0.168,0.827,0.528,0.360,0.249,115,56,52,39,0.457,0.199,0.536,0.360,0.251,0.156,78,57,52,36
0.548,0.128,0.016,-1.1,0.105,-1,0.7280,0.6948,0.168,0.192,0.561,0.168,0.827,0.528,0.360,0.249,115,56,52,39,0.457,0.199,0.536,0.360,0.251,0.156,78,57,52,36
0.544,0.123,0.003,1.99,0.186,0,0.7523,0.7062,0.082,-0.326,0.561,0.168,0.827,0.528,0.360,0.249,115,56,52,39,0.457,0.199,0.536,0.360,0.251,0.156,78,57,52,36
0.547,0.126,0.001,-1.1,0.105,-1,0.7594,0.7032,0.311,0.192,0.561,0.168,0.827,0.528,0.360,0.249,115,56,52,39,0.457,0.199,0.536,0.360,0.251,0.156,78,57,52,36
0.544,0.117,0.001,1.99,0.186,0,0.7659,0.7019,0.094,-0.326,0.561,0.168,0.827,0.528,0.360,0.249,115,56,52,39,0.457,0.199,0.536,0.360,0.251,0.156,78,57,52,36
0.543,0.124,0.004,3.14,0.186,0,0.7682,0.6969,0.081,-0.486,0.561,0.168,0.827,0.528,0.360,0.249,115,56,52,39,0.457,0.199,0.536,0.360,0.251,0.156,78,57,52,36
0.539,0.116,0.019,-1.1,0.105,-1,0.7633,0.6881,0.327,0.192,0.561,0.168,0.827,0.528,0.360,0.249,115,56,52,39,0.457,0.199,0.536,0.360,0.251,0.156,78,57,52,36
0.532,0.117,0.023,-0.79,0.151,-1,0.7648,0.6866,0.454,0.736,0.561,0.168,0.827,0.528,0.360,0.249,115,56,52,39,0.457,0.199,0.536,0.360,0.251,0.156,78,57,52,36
0.532,0.125,0.093,-1.1,0.105,-1,0.7664,0.6849,0.315,0.192,0.561,0.168,0.827,0.528,0.360,0.249,115,56,52,39,0.457,0.199,0.536,0.360,0.251,0.156,78,57,52,36
0.068,0.142,0.357,-1.14,0.131,0,0.7747,0.6897,0.341,0.987,0.561,0.168,0.827,0.528,0.360,0.249,115,56,52,39,0.457,0.199,0.536,0.360,0.251,0.156,78,57,52,36
0.069,0.206,0.719,0.22,0.230,0,0.7952,0.7083,0.387,0.303,0.561,0.168,0.827,0.528,0.360,0.249,115,56,52,39,0.457,0.199,0.536,0.360,0.251,0.156,78,57,52,36
0.073,0.186,0.610,-0.42,0.180,0,0.8197,0.7306,0.290,0.318,0.561,0.168,0.827,0.528,0.360,0.249,115,56,52,39,0.457,0.199,0.536,0.360,0.251,0.156,78,57,52,36
0.073,0.135,0.448,-1.14,0.131,0,0.8459,0.7548,0.295,0.987,0.561,0.168,0.827,0.528,0.360,0.249,115,56,52,39,0.457,0.199,0.536,0.360,0.251,0.156,78,57,52,36
0.059,0.205,0.972,0.2,0.291,1,0.8663,0.7744,0.384,0.180,0.561,0.168,0.827,0.528,0.360,0.249,115,56,52,39,0.457,0.199,0.536,0.360,0.251,0.156,78,57,52,36
0.065,0.153,0.670,-0.08,0.108,0,0.8838,0.7902,0.276,0.059,0.561,0.168,0.827,0.528,0.360,0.249,115,56,52,39,0.457,0.199,0.536,0.360,0.251,0.156,78,57,52,36
0.063,0.135,0.509,0.85,0.046,0,0.9023,0.8036,0.275,0.06,0.561,0.168,0.827,0.528,0.360,0.249,115,56,52,39,0.457,0.199,0.536,0.360,0.251,0.156,78,57,52,36
0.065,0.162,0.339,-1.1,0.105,-1,0.9071,0.8040,0.469,0.192,0.561,0.168,0.827,0.528,0.360,0.249,115,56,52,39,0.457,0.199,0.536,0.360,0.251,0.156,78,57,52,36
0.055,0.200,0.381,-0.48,0.134,0,0.8964,0.7932,0.262,0.007,0.561,0.168,0.827,0.528,0.360,0.249,115,56,52,39,0.457,0.199,0.536,0.360,0.251,0.156,78,57,52,36
0.066,0.191,0.021,-1.14,0.131,0,0.8646,0.7691,0.409,0.987,0.561,0.168,0.827,0.528,0.360,0.249,115,56,52,39,0.457,0.199,0.536,0.360,0.251,0.156,78,57,52,36
0.071,0.182,0.026,0,0.000,0,0.8150,0.7346,0.395,0.166,0.561,0.168,0.827,0.528,0.360,0.249,115,56,52,39,0.457,0.199,0.536,0.360,0.251,0.156,78,57,52,36
0.075,0.196,0.373,1.69,0.290,0,0.7717,0.7049,0.106,-0.697,0.561,0.168,0.827,0.528,0.360,0.249,115,56,52,39,0.457,0.199,0.536,0.360,0.251,0.156,78,57,52,36
0.066,0.181,0.122,-0.52,0.062,0,0.7312,0.6775,0.229,0.341,0.561,0.168,0.827,0.528,0.360,0.249,115,56,52,39,0.457,0.199,0.536,0.360,0.251,0.156,78,57,52,36
0.066,0.162,0.034,-1.14,0.131,0,0.6936,0.6563,0.262,0.987,0.561,0.168,0.827,0.528,0.360,0.249,115,56,52,39,0.457,0.199,0.536,0.360,0.251,0.156,78,57,52,36
0.087,0.165,0.022,-0.79,0.151,-1,0.6532,0.6339,0.491,0.736,0.561,0.168,0.827,0.528,0.360,0.249,115,56,52,39,0.457,0.199,0.536,0.360,0.251,0.156,78,57,52,36
0.068,0.157,0.053,-0.52,0.062,0,0.6146,0.6148,0.088,0.341,0.561,0.168,0.827,0.528,0.360,0.249,115,56,52,39,0.457,0.199,0.536,0.360,0.251,0.156,78,57,52,36
0.074,0.135,0.012,3.14,0.186,0,0.5930,0.6088,0.033,-0.486,0.561,0.168,0.827,0.528,0.360,0.249,115,56,52,39,0.457,0.199,0.536,0.360,0.251,0.156,78,57,52,36
0.075,0.143,0.011,0.85,0.046,0,0.5805,0.6051,0.293,0.06,0.561,0.168,0.827,0.528,0.360,0.249,115,56,52,39,0.457,0.199,0.536,0.360,0.251,0.156,78,57,52,36
0.079,0.137,0.001,-0.79,0.151,-1,0.5719,0.6015,0.336,0.736,0.561,0.168,0.827,0.528,0.360,0.249,115,56,52,39,0.457,0.199,0.536,0.360,0.251,0.156,78,57,52,36
0.116,0.126,0.034,3.14,0.186,0,0.5617,0.5958,0.039,-0.486,0.561,0.168,0.827,0.528,0.360,0.249,115,56,52,39,0.457,0.199,0.536,0.360,0.251,0.156,78,57,52,36
0.128,0.172,0.002,0,0.000,0,0.5418,0.5802,0.134,0.166,0.561,0.168,0.827,0.528,0.360,0.249,115,56,52,39,0.457,0.199,0.536,0.360,0.251,0.156,78,57,52,36
0.120,0.177,0.004,0.85,0.046,0,0.5258,0.5656,0.245,0.06,0.561,0.168,0.827,0.528,0.360,0.249,115,56,52,39,0.457,0.199,0.536,0.360,0.251,0.156,78,57,52,36
0.141,0.260,0.280,-0.08,0.108,0,0.4968,0.5422,0.223,0.059,0.561,0.168,0.827,0.528,0.360,0.249,115,56,52,39,0.457,0.199,0.536,0.360,0.251,0.156,78,57,52,36
0.141,0.186,0.201,3.14,0.186,0,0.4733,0.5212,0.031,-0.486,0.561,0.168,0.827,0.528,0.360,0.249,115,56,52,39,0.457,0.199,0.536,0.360,0.251,0.156,78,57,52,36
0.148,0.273,0.427,-1.19,0.219,1,0.4636,0.5070,0.432,0.586,0.561,0.168,0.827,0.528,0.360,0.249,115,56,52,39,0.457,0.199,0.536,0.360,0.251,0.156,78,57,52,36
0.186,0.224,0.137,-0.79,0.151,-1,0.4681,0.4983,0.538,0.736,0.561,0.168,0.827,0.528,0.360,0.249,115,56,52,39,0.457,0.199,0.536,0.360,0.251,0.156,78,57,52,36
0.146,0.683,0.545,0.2,0.291,1,0.4853,0.4976,0.381,0.180,0.561,0.168,0.827,0.528,0.360,0.249,115,56,52,39,0.457,0.199,0.536,0.360,0.251,0.156,78,57,52,36
0.127,0.268,0.198,0,0.000,0,0.5096,0.5009,0.388,0.166,0.561,0.168,0.827,0.528,0.360,0.249,115,56,52,39,0.457,0.199,0.536,0.360,0.251,0.156,78,57,52,36
0.122,0.220,0.285,2.53,0.140,0,0.5601,0.5213,0.173,-0.121,0.561,0.168,0.827,0.528,0.360,0.249,115,56,52,39,0.457,0.199,0.536,0.360,0.251,0.156,78,57,52,36
0.122,0.717,0.357,-1.19,0.219,1,0.6189,0.5460,0.489,0.586,0.561,0.168,0.827,0.528,0.360,0.249,115,56,52,39,0.457,0.199,0.536,0.360,0.251,0.156,78,57,52,36
0.121,0.281,0.599,-0.52,0.062,0,0.6820,0.5745,0.185,0.341,0.561,0.168,0.827,0.528,0.360,0.249,115,56,52,39,0.457,0.199,0.536,0.360,0.251,0.156,78,57,52,36
0.114,0.268,0.491,-1.14,0.131,0,0.7211,0.5894,0.303,0.987,0.561,0.168,0.827,0.528,0.360,0.249,115,56,52,39,0.457,0.199,0.536,0.360,0.251,0.156,78,57,52,36
0.115,0.271,0.079,3.14,0.186,0,0.7363,0.5910,0.131,-0.486,0.561,0.168,0.827,0.528,0.360,0.249,115,56,52,39,0.457,0.199,0.536,0.360,0.251,0.156,78,57,52,36
0.126,0.274,0.419,-0.52,0.062,0,0.7209,0.5751,0.218,0.341,0.561,0.168,0.827,0.528,0.360,0.249,115,56,52,39,0.457,0.199,0.536,0.360,0.251,0.156,78,57,52,36
0.115,0.226,0.116,2.53,0.140,0,0.6974,0.5553,0.107,-0.121,0.561,0.168,0.827,0.528,0.360,0.249,115,56,52,39,0.457,0.199,0.536,0.360,0.251,0.156,78,57,52,36
0.090,0.311,0.359,0.2,0.291,1,0.6687,0.5340,0.319,0.180,0.561,0.168,0.827,0.528,0.360,0.249,115,56,52,39,0.457,0.199,0.536,0.360,0.251,0.156,78,57,52,36
0.108,0.197,0.286,-0.79,0.151,-1,0.6452,0.5188,0.391,0.736,0.561,0.168,0.827,0.528,0.360,0.249,115,56,52,39,0.457,0.199,0.536,0.360,0.251,0.156,78,57,52,36
0.088,0.235,0.287,-0.48,0.134,0,0.6144,0.4990,0.305,0.007,0.561,0.168,0.827,0.528,0.360,0.249,115,56,52,39,0.457,0.199,0.536,0.360,0.251,0.156,78,57,52,36
0.093,0.262,0.189,-0.42,0.180,0,0.5849,0.4797,0.332,0.318,0.561,0.168,0.827,0.528,0.360,0.249,115,56,52,39,0.457,0.199,0.536,0.360,0.251,0.156,78,57,52,36
0.095,0.206,0.161,-0.79,0.151,-1,0.5709,0.4665,0.478,0.736,0.561,0.168,0.827,0.528,0.360,0.249,115,56,52,39,0.457,0.199,0.536,0.360,0.251,0.156,78,57,52,36
0.076,0.295,0.307,-0.42,0.180,0,0.5730,0.4646,0.329,0.318,0.561,0.168,0.827,0.528,0.360,0.249,115,56,52,39,0.457,0.199,0.536,0.360,0.251,0.156,78,57,52,36
0.075,0.240,0.125,-1.14,0.131,0,0.5893,0.4747,0.254,0.987,0.561,0.168,0.827,0.528,0.360,0.249,115,56,52,39,0.457,0.199,0.536,0.360,0.251,0.156,78,57,52,36
0.082,0.262,0.410,0,0.000,0,0.6072,0.4852,0.152,0.166,0.561,0.168,0.827,0.528,0.360,0.249,115,56,52,39,0.457,0.199,0.536,0.360,0.251,0.156,78,57,52,36
0.075,0.356,0.613,0.2,0.291,1,0.6175,0.4901,0.241,0.180,0.561,0.168,0.827,0.528,0.360,0.249,115,56,52,39,0.457,0.199,0.536,0.360,0.251,0.156,78,57,52,36
0.074,0.712,0.453,1.37,0.298,0,0.6130,0.4880,0.125,-0.510,0.561,0.168,0.827,0.528,0.360,0.249,115,56,52,39,0.457,0.199,0.536,0.360,0.251,0.156,78,57,52,36
0.075,0.291,0.411,3.14,0.186,0,0.5909,0.4750,0.040,-0.486,0.561,0.168,0.827,0.528,0.360,0.249,115,56,52,39,0.457,0.199,0.536,0.360,0.251,0.156,78,57,52,36
0.076,0.681,0.398,3.14,0.186,0,0.5774,0.4704,0.053,-0.486,0.561,0.168,0.827,0.528,0.360,0.249,115,56,52,39,0.457,0.199,0.536,0.360,0.251,0.156,78,57,52,36
0.117,0.835,0.507,-0.48,0.134,0,0.5542,0.4583,0.152,0.007,0.561,0.168,0.827,0.528,0.360,0.249,115,56,52,39,0.457,0.199,0.536,0.360,0.251,0.156,78,57,52,36
0.096,0.840,0.527,0.22,0.230,0,0.5213,0.4395,0.148,0.303,0.561,0.168,0.827,0.528,0.360,0.249,115,56,52,39,0.457,0.199,0.536,0.360,0.251,0.156,78,57,52,36
0.099,0.829,0.652,0,0.000,0,0.4728,0.4089,0.138,0.166,0.561,0.168,0.827,0.528,0.360,0.249,115,56,52,39,0.457,0.199,0.536,0.360,0.251,0.156,78,57,52,36
0.125,0.812,0.554,0.85,0.046,0,0.4314,0.3845,0.110,0.06,0.561,0.168,0.827,0.528,0.360,0.249,115,56,52,39,0.457,0.199,0.536,0.360,0.251,0.156,78,57,52,36
0.159,0.895,0.792,0.2,0.291,1,0.3949,0.3644,0.271,0.180,0.561,0.168,0.827,0.528,0.360,0.249,115,56,52,39,0.457,0.199,0.536,0.360,0.251,0.156,78,57,52,36
0.202,0.892,0.817,0.2,0.291,1,0.3725,0.3525,0.263,0.180,0.561,0.168,0.827,0.528,0.360,0.249,115,56,52,39,0.457,0.199,0.536,0.360,0.251,0.156,78,57,52,36
0.207,0.830,0.638,1.37,0.298,0,0.3579,0.3439,0.138,-0.510,0.561,0.168,0.827,0.528,0.360,0.249,115,56,52,39,0.457,0.199,0.536,0.360,0.251,0.156,78,57,52,36
0.196,0.874,0.758,0.2,0.291,1,0.3651,0.3506,0.345,0.180,0.561,0.168,0.827,0.528,0.360,0.249,115,56,52,39,0.457,0.199,0.536,0.360,0.251,0.156,78,57,52,36
0.209,0.782,0.313,0,0.000,0,0.3790,0.3624,0.244,0.166,0.561,0.168,0.827,0.528,0.360,0.249,115,56,52,39,0.457,0.199,0.536,0.360,0.251,0.156,78,57,52,36
0.214,0.807,0.201,-0.52,0.062,0,0.3819,0.3650,0.194,0.341,0.561,0.168,0.827,0.528,0.360,0.249,115,56,52,39,0.457,0.199,0.536,0.360,0.251,0.156,78,57,52,36
0.184,0.841,0.580,-1.19,0.219,1,0.3769,0.3581,0.418,0.586,0.561,0.168,0.827,0.528,0.360,0.249,115,56,52,39,0.457,0.199,0.536,0.360,0.251,0.156,78,57,52,36
0.209,0.762,0.372,1.76,0.409,0,0.3736,0.3513,0.198,-0.884,0.561,0.168,0.827,0.528,0.360,0.249,115,56,52,39,0.457,0.199,0.536,0.360,0.251,0.156,78,57,52,36
0.189,0.518,0.185,0.85,0.046,0,0.3676,0.3409,0.252,0.06,0.561,0.168,0.827,0.528,0.360,0.249,115,56,52,39,0.457,0.199,0.536,0.360,0.251,0.156,78,57,52,36
0.159,0.539,0.105,0,0.000,0,0.3646,0.3327,0.334,0.166,0.561,0.168,0.827,0.528,0.360,0.249,115,56,52,39,0.457,0.199,0.536,0.360,0.251,0.156,78,57,52,36
0.152,0.715,0.233,-1.19,0.219,1,0.3624,0.3243,0.423,0.586,0.561,0.168,0.827,0.528,0.360,0.249,115,56,52,39,0.457,0.199,0.536,0.360,0.251,0.156,78,57,52,36
0.131,0.682,0.117,-1.19,0.219,1,0.3613,0.3143,0.452,0.586,0.561,0.168,0.827,0.528,0.360,0.249,115,56,52,39,0.457,0.199,0.536,0.360,0.251,0.156,78,57,52,36
0.107,0.502,0.193,-0.52,0.062,0,0.3571,0.3014,0.245,0.341,0.561,0.168,0.827,0.528,0.360,0.249,115,56,52,39,0.457,0.199,0.536,0.360,0.251,0.156,78,57,52,36
0.098,0.426,0.159,3.14,0.186,0,0.3756,0.3099,0.055,-0.486,0.561,0.168,0.827,0.528,0.360,0.249,115,56,52,39,0.457,0.199,0.536,0.360,0.251,0.156,78,57,52,36
0.094,0.444,0.100,-1.14,0.131,0,0.3938,0.3184,0.197,0.987,0.561,0.168,0.827,0.528,0.360,0.249,115,56,52,39,0.457,0.199,0.536,0.360,0.251,0.156,78,57,52,36
0.089,0.361,0.008,0.85,0.046,0,0.4100,0.3268,0.170,0.06,0.561,0.168,0.827,0.528,0.360,0.249,115,56,52,39,0.457,0.199,0.536,0.360,0.251,0.156,78,57,52,36
0.081,0.363,0.084,1.69,0.290,0,0.4092,0.3212,0.067,-0.697,0.561,0.168,0.827,0.528,0.360,0.249,115,56,52,39,0.457,0.199,0.536,0.360,0.251,0.156,78,57,52,36
0.065,0.346,0.013,3.14,0.186,0,0.4068,0.3153,0.061,-0.486,0.561,0.168,0.827,0.528,0.360,0.249,115,56,52,39,0.457,0.199,0.536,0.360,0.251,0.156,78,57,52,36
0.093,0.323,0.091,-1.1,0.105,-1,0.4118,0.3157,0.287,0.192,0.561,0.168,0.827,0.528,0.360,0.249,115,56,52,39,0.457,0.199,0.536,0.360,0.251,0.156,78,57,52,36
0.075,0.372,0.090,-0.48,0.134,0,0.4162,0.3173,0.333,0.007,0.561,0.168,0.827,0.528,0.360,0.249,115,56,52,39,0.457,0.199,0.536,0.360,0.251,0.156,78,57,52,36
0.061,0.317,0.004,-1.1,0.105,-1,0.4006,0.3017,0.309,0.192,0.561,0.168,0.827,0.528,0.360,0.249,115,56,52,39,0.457,0.199,0.536,0.360,0.251,0.156,78,57,52,36
0.049,0.329,0.043,1.37,0.298,0,0.3931,0.2915,0.163,-0.510,0.561,0.168,0.827,0.528,0.360,0.249,115,56,52,39,0.457,0.199,0.536,0.360,0.251,0.156,78,57,52,36
0.037,0.290,0.064,-0.48,0.134,0,0.3937,0.2867,0.409,0.007,0.561,0.168,0.827,0.528,0.360,0.249,115,56,52,39,0.457,0.199,0.536,0.360,0.251,0.156,78,57,52,36
0.037,0.185,0.017,-0.79,0.151,-1,0.4092,0.2913,0.312,0.736,0.561,0.168,0.827,0.528,0.360,0.249,115,56,52,39,0.457,0.199,0.536,0.360,0.251,0.156,78,57,52,36
0.031,0.160,0.037,0.85,0.046,0,0.4326,0.3034,0.062,0.06,0.561,0.168,0.827,0.528,0.360,0.249,115,56,52,39,0.457,0.199,0.536,0.360,0.251,0.156,78,57,52,36
0.026,0.169,0.107,-1.1,0.105,-1,0.4554,0.3163,0.330,0.192,0.561,0.168,0.827,0.528,0.360,0.249,115,56,52,39,0.457,0.199,0.536,0.360,0.251,0.156,78,57,52,36
0.026,0.228,0.161,-0.42,0.180,0,0.4833,0.3317,0.341,0.318,0.561,0.168,0.827,0.528,0.360,0.249,115,56,52,39,0.457,0.199,0.536,0.360,0.251,0.156,78,57,52,36
0.030,0.195,0.267,2.53,0.140,0,0.5215,0.3599,0.091,-0.121,0.561,0.168,0.827,0.528,0.360,0.249,115,56,52,39,0.457,0.199,0.536,0.360,0.251,0.156,78,57,52,36
0.030,0.214,0.060,3.14,0.186,0,0.5565,0.3880,0.052,-0.486,0.561,0.168,0.827,0.528,0.360,0.249,115,56,52,39,0.457,0.199,0.536,0.360,0.251,0.156,78,57,52,36
0.032,0.266,0.217,-0.79,0.151,-1,0.5819,0.4112,0.384,0.736,0.561,0.168,0.827,0.528,0.360,0.249,115,56,52,39,0.457,0.199,0.536,0.360,0.251,0.156,78,57,52,36
0.031,0.305,0.463,-0.48,0.134,0,0.5818,0.4161,0.255,0.007,0.561,0.168,0.827,0.528,0.360,0.249,115,56,52,39,0.457,0.199,0.536,0.360,0.251,0.156,78,57,52,36
0.032,0.220,0.002,1.99,0.186,0,0.5670,0.4119,0.077,-0.326,0.561,0.168,0.827,0.528,0.360,0.249,115,56,52,39,0.457,0.199,0.536,0.360,0.251,0.156,78,57,52,36
0.036,0.260,0.294,-0.42,0.180,0,0.5402,0.4013,0.370,0.318,0.561,0.168,0.827,0.528,0.360,0.249,115,56,52,39,0.457,0.199,0.536,0.360,0.251,0.156,78,57,52,36
0.041,0.322,0.595,0.2,0.291,1,0.5164,0.3932,0.473,0.180,0.561,0.168,0.827,0.528,0.360,0.249,115,56,52,39,0.457,0.199,0.536,0.360,0.251,0.156,78,57,52,36
0.042,0.277,0.322,-0.48,0.134,0,0.4747,0.3679,0.369,0.007,0.561,0.168,0.827,0.528,0.360,0.249,115,56,52,39,0.457,0.199,0.536,0.360,0.251,0.156,78,57,52,36
0.041,0.232,0.374,-0.79,0.151,-1,0.4344,0.3422,0.491,0.736,0.561,0.168,0.827,0.528,0.360,0.249,115,56,52,39,0.457,0.199,0.536,0.360,0.251,0.156,78,57,52,36
0.043,0.246,0.299,1.99,0.186,0,0.4142,0.3307,0.209,-0.326,0.561,0.168,0.827,0.528,0.360,0.249,115,56,52,39,0.457,0.199,0.536,0.360,0.251,0.156,78,57,52,36
0.047,0.326,0.534,-0.08,0.108,0,0.4101,0.3316,0.258,0.059,0.561,0.168,0.827,0.528,0.360,0.249,115,56,52,39,0.457,0.199,0.536,0.360,0.251,0.156,78,57,52,36
0.037,0.392,0.595,-1.14,0.131,0,0.4116,0.3352,0.245,0.987,0.561,0.168,0.827,0.528,0.360,0.249,115,56,52,39,0.457,0.199,0.536,0.360,0.251,0.156,78,57,52,36
0.038,0.685,0.637,0.2,0.291,1,0.4098,0.3353,0.430,0.180,0.561,0.168,0.827,0.528,0.360,0.249,115,56,52,39,0.457,0.199,0.536,0.360,0.251,0.156,78,57,52,36
0.048,0.345,0.290,-0.79,0.151,-1,0.4098,0.3363,0.310,0.736,0.561,0.168,0.827,0.528,0.360,0.249,115,56,52,39,0.457,0.199,0.536,0.360,0.251,0.156,78,57,52,36
0.072,0.295,0.150,3.14,0.186,0,0.4290,0.3551,0.032,-0.486,0.561,0.168,0.827,0.528,0.360,0.249,115,56,52,39,0.457,0.199,0.536,0.360,0.251,0.156,78,57,52,36
0.074,0.322,0.006,0.85,0.046,0,0.4444,0.3739,0.094,0.06,0.561,0.168,0.827,0.528,0.360,0.249,115,56,52,39,0.457,0.199,0.536,0.360,0.251,0.156,78,57,52,36
0.096,0.279,0.165,-1.1,0.105,-1,0.4475,0.3833,0.318,0.192,0.561,0.168,0.827,0.528,0.360,0.249,115,56,52,39,0.457,0.199,0.536,0.360,0.251,0.156,78,57,52,36
0.114,0.269,0.057,1.69,0.290,0,0.4479,0.3885,0.089,-0.697,0.561,0.168,0.827,0.528,0.360,0.249,115,56,52,39,0.457,0.199,0.536,0.360,0.251,0.156,78,57,52,36
0.166,0.268,0.023,3.14,0.186,0,0.4416,0.3879,0.067,-0.486,0.561,0.168,0.827,0.528,0.360,0.249,115,56,52,39,0.457,0.199,0.536,0.360,0.251,0.156,78,57,52,36
0.204,0.289,0.142,0,0.000,0,0.4363,0.3849,0.206,0.166,0.561,0.168,0.827,0.528,0.360,0.249,115,56,52,39,0.457,0.199,0.536,0.360,0.251,0.156,78,57,52,36
0.198,0.493,0.468,0.2,0.291,1,0.4320,0.3828,0.405,0.180,0.561,0.168,0.827,0.528,0.360,0.249,115,56,52,39,0.457,0.199,0.536,0.360,0.251,0.156,78,57,52,36
0.202,0.263,0.014,-0.79,0.151,-1,0.4084,0.3610,0.224,0.736,0.561,0.168,0.827,0.528,0.360,0.249,115,56,52,39,0.457,0.199,0.536,0.360,0.251,0.156,78,57,52,36
0.212,0.222,0.009,1.99,0.186,0,0.3788,0.3328,0.088,-0.326,0.561,0.168,0.827,0.528,0.360,0.249,115,56,52,39,0.457,0.199,0.536,0.360,0.251,0.156,78,57,52,36
0.247,0.269,0.007,0.85,0.046,0,0.3611,0.3144,0.392,0.06,0.561,0.168,0.827,0.528,0.360,0.249,115,56,52,39,0.457,0.199,0.536,0.360,0.251,0.156,78,57,52,36
0.247,0.732,0.161,-1.19,0.219,1,0.3727,0.3205,0.509,0.586,0.561,0.168,0.827,0.528,0.360,0.249,115,56,52,39,0.457,0.199,0.536,0.360,0.251,0.156,78,57,52,36
0.247,0.436,0.084,0,0.000,0,0.3866,0.3285,0.273,0.166,0.561,0.168,0.827,0.528,0.360,0.249,115,56,52,39,0.457,0.199,0.536,0.360,0.251,0.156,78,57,52,36
0.250,0.734,0.332,-1.19,0.219,1,0.4042,0.3398,0.436,0.586,0.561,0.168,0.827,0.528,0.360,0.249,115,56,52,39,0.457,0.199,0.536,0.360,0.251,0.156,78,57,52,36
0.308,0.824,0.724,-1.19,0.219,1,0.4190,0.3493,0.517,0.586,0.561,0.168,0.827,0.528,0.360,0.249,115,56,52,39,0.457,0.199,0.536,0.360,0.251,0.156,78,57,52,36
0.370,0.848,0.970,-1.19,0.219,1,0.4423,0.3673,0.419,0.586,0.561,0.168,0.827,0.528,0.360,0.249,115,56,52,39,0.457,0.199,0.536,0.360,0.251,0.156,78,57,52,36
0.364,0.767,0.669,0,0.000,0,0.4671,0.3859,0.280,0.166,0.561,0.168,0.827,0.528,0.360,0.249,115,56,52,39,0.457,0.199,0.536,0.360,0.251,0.156,78,57,52,36
0.361,0.752,0.107,-1.1,0.105,-1,0.4777,0.3923,0.342,0.192,0.561,0.168,0.827,0.528,0.360,0.249,115,56,52,39,0.457,0.199,0.536,0.360,0.251,0.156,78,57,52,36
0.303,0.682,0.004,3.14,0.186,0,0.4875,0.3970,0.088,-0.486,0.561,0.168,0.827,0.528,0.360,0.249,115,56,52,39,0.457,0.199,0.536,0.360,0.251,0.156,78,57,52,36
0.347,0.699,0.006,0.85,0.046,0,0.4890,0.3960,0.098,0.06,0.561,0.168,0.827,0.528,0.360,0.249,115,56,52,39,0.457,0.199,0.536,0.360,0.251,0.156,78,57,52,36
0.336,0.786,0.112,-1.19,0.219,1,0.4920,0.3955,0.437,0.586,0.561,0.168,0.827,0.528,0.360,0.249,115,56,52,39,0.457,0.199,0.536,0.360,0.251,0.156,78,57,52,36
0.326,0.460,0.040,-0.79,0.151,-1,0.4809,0.3808,0.350,0.736,0.561,0.168,0.827,0.528,0.360,0.249,115,56,52,39,0.457,0.199,0.536,0.360,0.251,0.156,78,57,52,36
0.291,0.444,0.233,3.14,0.186,0,0.4588,0.3543,0.106,-0.486,0.561,0.168,0.827,0.528,0.360,0.249,115,56,52,39,0.457,0.199,0.536,0.360,0.251,0.156,78,57,52,36
0.287,0.412,0.432,0,0.000,0,0.4289,0.3175,0.303,0.166,0.561,0.168,0.827,0.528,0.360,0.249,115,56,52,39,0.457,0.199,0.536,0.360,0.251,0.156,78,57,52,36
0.229,0.524,0.952,-1.19,0.219,1,0.4184,0.2971,0.454,0.586,0.561,0.168,0.827,0.528,0.360,0.249,115,56,52,39,0.457,0.199,0.536,0.360,0.251,0.156,78,57,52,36
0.188,0.474,0.986,-0.52,0.062,0,0.4108,0.2814,0.204,0.341,0.561,0.168,0.827,0.528,0.360,0.249,115,56,52,39,0.457,0.199,0.536,0.360,0.251,0.156,78,57,52,36
0.153,0.312,0.972,-1.14,0.131,0,0.3928,0.2562,0.235,0.987,0.561,0.168,0.827,0.528,0.360,0.249,115,56,52,39,0.457,0.199,0.536,0.360,0.251,0.156,78,57,52,36
0.144,0.326,0.975,0.85,0.046,0,0.3674,0.2267,0.225,0.06,0.561,0.168,0.827,0.528,0.360,0.249,115,56,52,39,0.457,0.199,0.536,0.360,0.251,0.156,78,57,52,36
0.149,0.313,0.878,1.69,0.290,0,0.3534,0.2078,0.100,-0.697,0.561,0.168,0.827,0.528,0.360,0.249,115,56,52,39,0.457,0.199,0.536,0.360,0.251,0.156,78,57,52,36
0.147,0.284,0.080,3.14,0.186,0,0.3630,0.2112,0.047,-0.486,0.561,0.168,0.827,0.528,0.360,0.249,115,56,52,39,0.457,0.199,0.536,0.360,0.251,0.156,78,57,52,36
0.119,0.401,0.849,-0.08,0.108,0,0.3804,0.2225,0.158,0.059,0.561,0.168,0.827,0.528,0.360,0.249,115,56,52,39,0.457,0.199,0.536,0.360,0.251,0.156,78,57,52,36
0.119,0.358,0.917,-0.42,0.180,0,0.3935,0.2303,0.208,0.318,0.561,0.168,0.827,0.528,0.360,0.249,115,56,52,39,0.457,0.199,0.536,0.360,0.251,0.156,78,57,52,36
0.142,0.378,0.093,0.22,0.230,0,0.3890,0.2203,0.122,0.303,0.561,0.168,0.827,0.528,0.360,0.249,115,56,52,39,0.457,0.199,0.536,0.360,0.251,0.156,78,57,52,36
0.147,0.271,0.127,2.53,0.140,0,0.3847,0.2107,0.054,-0.121,0.561,0.168,0.827,0.528,0.360,0.249,115,56,52,39,0.457,0.199,0.536,0.360,0.251,0.156,78,57,52,36
0.138,0.260,0.618,-0.08,0.108,0,0.3753,0.1958,0.191,0.059,0.561,0.168,0.827,0.528,0.360,0.249,115,56,52,39,0.457,0.199,0.536,0.360,0.251,0.156,78,57,52,36
0.112,0.203,0.003,1.99,0.186,0,0.3655,0.1796,0.097,-0.326,0.561,0.168,0.827,0.528,0.360,0.249,115,56,52,39,0.457,0.199,0.536,0.360,0.251,0.156,78,57,52,36
0.088,0.184,0.008,1.99,0.186,0,0.3600,0.1672,0.162,-0.326,0.561,0.168,0.827,0.528,0.360,0.249,115,56,52,39,0.457,0.199,0.536,0.360,0.251,0.156,78,57,52,36
0.077,0.181,0.049,-1.1,0.105,-1,0.3560,0.1571,0.345,0.192,0.561,0.168,0.827,0.528,0.360,0.249,115,56,52,39,0.457,0.199,0.536,0.360,0.251,0.156,78,57,52,36
0.073,0.176,0.111,1.99,0.186,0,0.3677,0.1626,0.085,-0.326,0.561,0.168,0.827,0.528,0.360,0.249,115,56,52,39,0.457,0.199,0.536,0.360,0.251,0.156,78,57,52,36
0.091,0.199,0.211,-1.14,0.131,0,0.3774,0.1683,0.231,0.987,0.561,0.168,0.827,0.528,0.360,0.249,115,56,52,39,0.457,0.199,0.536,0.360,0.251,0.156,78,57,52,36
0.097,0.224,0.048,-0.79,0.151,-1,0.3879,0.1762,0.499,0.736,0.561,0.168,0.827,0.528,0.360,0.249,115,56,52,39,0.457,0.199,0.536,0.360,0.251,0.156,78,57,52,36
0.102,0.248,0.165,-1.19,0.219,1,0.3840,0.1680,0.342,0.586,0.561,0.168,0.827,0.528,0.360,0.249,115,56,52,39,0.457,0.199,0.536,0.360,0.251,0.156,78,57,52,36
0.110,0.199,0.004,3.14,0.186,0,0.3916,0.1717,0.045,-0.486,0.561,0.168,0.827,0.528,0.360,0.249,115,56,52,39,0.457,0.199,0.536,0.360,0.251,0.156,78,57,52,36
0.098,0.186,0.032,0.85,0.046,0,0.4033,0.1792,0.177,0.06,0.561,0.168,0.827,0.528,0.360,0.249,115,56,52,39,0.457,0.199,0.536,0.360,0.251,0.156,78,57,52,36
0.098,0.225,0.000,-1.1,0.105,-1,0.4136,0.1864,0.450,0.192,0.561,0.168,0.827,0.528,0.360,0.249,115,56,52,39,0.457,0.199,0.536,0.360,0.251,0.156,78,57,52,36
0.098,0.204,0.001,0.85,0.046,0,0.4065,0.1811,0.129,0.06,0.561,0.168,0.827,0.528,0.360,0.249,115,56,52,39,0.457,0.199,0.536,0.360,0.251,0.156,78,57,52,36
0.099,0.278,0.016,1.69,0.290,0,0.4021,0.1773,0.074,-0.697,0.561,0.168,0.827,0.528,0.360,0.249,115,56,52,39,0.457,0.199,0.536,0.360,0.251,0.156,78,57,52,36
0.099,0.488,0.016,-0.48,0.134,0,0.4043,0.1793,0.433,0.007,0.561,0.168,0.827,0.528,0.360,0.249,115,56,52,39,0.457,0.199,0.536,0.360,0.251,0.156,78,57,52,36
0.087,0.511,0.067,-0.08,0.108,0,0.4148,0.1880,0.333,0.059,0.561,0.168,0.827,0.528,0.360,0.249,115,56,52,39,0.457,0.199,0.536,0.360,0.251,0.156,78,57,52,36
0.071,0.514,0.079,0,0.000,0,0.4162,0.1907,0.265,0.166,0.561,0.168,0.827,0.528,0.360,0.249,115,56,52,39,0.457,0.199,0.536,0.360,0.251,0.156,78,57,52,36
0.074,0.791,0.374,0.2,0.291,1,0.4006,0.1788,0.330,0.180,0.561,0.168,0.827,0.528,0.360,0.249,115,56,52,39,0.457,0.199,0.536,0.360,0.251,0.156,78,57,52,36
0.091,0.402,0.137,2.53,0.140,0,0.3808,0.1650,0.132,-0.121,0.561,0.168,0.827,0.528,0.360,0.249,115,56,52,39,0.457,0.199,0.536,0.360,0.251,0.156,78,57,52,36
0.069,0.797,0.644,0.2,0.291,1,0.3584,0.1503,0.298,0.180,0.561,0.168,0.827,0.528,0.360,0.249,115,56,52,39,0.457,0.199,0.536,0.360,0.251,0.156,78,57,52,36
0.072,0.404,0.533,-1.1,0.105,-1,0.3462,0.1459,0.276,0.192,0.561,0.168,0.827,0.528,0.360,0.249,115,56,52,39,0.457,0.199,0.536,0.360,0.251,0.156,78,57,52,36
0.058,0.369,0.407,2.53,0.140,0,0.3367,0.1430,0.065,-0.121,0.561,0.168,0.827,0.528,0.360,0.249,115,56,52,39,0.457,0.199,0.536,0.360,0.251,0.156,78,57,52,36
0.076,0.436,0.505,-0.08,0.108,0,0.3322,0.1426,0.202,0.059,0.561,0.168,0.827,0.528,0.360,0.249,115,56,52,39,0.457,0.199,0.536,0.360,0.251,0.156,78,57,52,36
0.094,0.287,0.010,2.53,0.140,0,0.3428,0.1554,0.067,-0.121,0.561,0.168,0.827,0.528,0.360,0.249,115,56,52,39,0.457,0.199,0.536,0.360,0.251,0.156,78,57,52,36
0.119,0.312,0.027,2.53,0.140,0,0.3644,0.1763,0.053,-0.121,0.561,0.168,0.827,0.528,0.360,0.249,115,56,52,39,0.457,0.199,0.536,0.360,0.251,0.156,78,57,52,36
0.134,0.398,0.326,-0.48,0.134,0,0.3940,0.2044,0.211,0.007,0.561,0.168,0.827,0.528,0.360,0.249,115,56,52,39,0.457,0.199,0.536,0.360,0.251,0.156,78,57,52,36
0.115,0.335,0.003,-0.79,0.151,-1,0.4057,0.2149,0.299,0.736,0.561,0.168,0.827,0.528,0.360,0.249,115,56,52,39,0.457,0.199,0.536,0.360,0.251,0.156,78,57,52,36
0.092,0.329,0.003,1.99,0.186,0,0.4067,0.2148,0.043,-0.326,0.561,0.168,0.827,0.528,0.360,0.249,115,56,52,39,0.457,0.199,0.536,0.360,0.251,0.156,78,57,52,36
0.088,0.323,0.012,2.53,0.140,0,0.4064,0.2124,0.052,-0.121,0.561,0.168,0.827,0.528,0.360,0.249,115,56,52,39,0.457,0.199,0.536,0.360,0.251,0.156,78,57,52,36
0.071,0.423,0.190,-0.08,0.108,0,0.4075,0.2137,0.333,0.059,0.561,0.168,0.827,0.528,0.360,0.249,115,56,52,39,0.457,0.199,0.536,0.360,0.251,0.156,78,57,52,36
0.069,0.372,0.006,0.85,0.046,0,0.3919,0.2023,0.158,0.06,0.561,0.168,0.827,0.528,0.360,0.249,115,56,52,39,0.457,0.199,0.536,0.360,0.251,0.156,78,57,52,36
0.049,0.347,0.120,1.69,0.290,0,0.3799,0.1941,0.052,-0.697,0.561,0.168,0.827,0.528,0.360,0.249,115,56,52,39,0.457,0.199,0.536,0.360,0.251,0.156,78,57,52,36
0.048,0.472,0.330,-1.19,0.219,1,0.3776,0.1948,0.429,0.586,0.561,0.168,0.827,0.528,0.360,0.249,115,56,52,39,0.457,0.199,0.536,0.360,0.251,0.156,78,57,52,36
0.049,0.455,0.233,-1.19,0.219,1,0.3944,0.2117,0.556,0.586,0.561,0.168,0.827,0.528,0.360,0.249,115,56,52,39,0.457,0.199,0.536,0.360,0.251,0.156,78,57,52,36
0.047,0.421,0.417,0.2,0.291,1,0.4103,0.2299,0.269,0.180,0.561,0.168,0.827,0.528,0.360,0.249,115,56,52,39,0.457,0.199,0.536,0.360,0.251,0.156,78,57,52,36
0.045,0.199,0.027,-1.14,0.131,0,0.4256,0.2489,0.304,0.987,0.561,0.168,0.827,0.528,0.360,0.249,115,56,52,39,0.457,0.199,0.536,0.360,0.251,0.156,78,57,52,36
0.051,0.180,0.002,-0.79,0.151,-1,0.4496,0.2734,0.575,0.736,0.561,0.168,0.827,0.528,0.360,0.249,115,56,52,39,0.457,0.199,0.536,0.360,0.251,0.156,78,57,52,36
0.061,0.140,0.001,-0.79,0.151,-1,0.4731,0.2965,0.337,0.736,0.561,0.168,0.827,0.528,0.360,0.249,115,56,52,39,0.457,0.199,0.536,0.360,0.251,0.156,78,57,52,36
0.049,0.105,0.001,2.53,0.140,0,0.5122,0.3310,0.041,-0.121,0.561,0.168,0.827,0.528,0.360,0.249,115,56,52,39,0.457,0.199,0.536,0.360,0.251,0.156,78,57,52,36
0.048,0.101,0.000,-0.79,0.151,-1,0.5510,0.3617,0.339,0.736,0.561,0.168,0.827,0.528,0.360,0.249,115,56,52,39,0.457,0.199,0.536,0.360,0.251,0.156,78,57,52,36
0.048,0.097,0.002,0.85,0.046,0,0.5829,0.3868,0.420,0.06,0.561,0.168,0.827,0.528,0.360,0.249,115,56,52,39,0.457,0.199,0.536,0.360,0.251,0.156,78,57,52,36
0.050,0.155,0.001,1.76,0.409,0,0.5973,0.3977,0.107,-0.884,0.561,0.168,0.827,0.528,0.360,0.249,115,56,52,39,0.457,0.199,0.536,0.360,0.251,0.156,78,57,52,36
0.062,0.113,0.003,1.99,0.186,0,0.6029,0.4003,0.072,-0.326,0.561,0.168,0.827,0.528,0.360,0.249,115,56,52,39,0.457,0.199,0.536,0.360,0.251,0.156,78,57,52,36
0.047,0.142,0.001,-1.1,0.105,-1,0.6086,0.4044,0.384,0.192,0.561,0.168,0.827,0.528,0.360,0.249,115,56,52,39,0.457,0.199,0.536,0.360,0.251,0.156,78,57,52,36
0.037,0.155,0.001,-1.1,0.105,-1,0.5983,0.3991,0.440,0.192,0.561,0.168,0.827,0.528,0.360,0.249,115,56,52,39,0.457,0.199,0.536,0.360,0.251,0.156,78,57,52,36
0.045,0.195,0.002,-1.1,0.105,-1,0.5611,0.3723,0.366,0.192,0.561,0.168,0.827,0.528,0.360,0.249,115,56,52,39,0.457,0.199,0.536,0.360,0.251,0.156,78,57,52,36
0.047,0.253,0.388,-0.08,0.108,0,0.5150,0.3424,0.217,0.059,0.561,0.168,0.827,0.528,0.360,0.249,115,56,52,39,0.457,0.199,0.536,0.360,0.251,0.156,78,57,52,36
0.058,0.324,0.516,-0.42,0.180,0,0.4704,0.3177,0.396,0.318,0.561,0.168,0.827,0.528,0.360,0.249,115,56,52,39,0.457,0.199,0.536,0.360,0.251,0.156,78,57,52,36
0.075,0.215,0.335,-0.79,0.151,-1,0.4259,0.2961,0.356,0.736,0.561,0.168,0.827,0.528,0.360,0.249,115,56,52,39,0.457,0.199,0.536,0.360,0.251,0.156,78,57,52,36
0.061,0.209,0.544,3.14,0.186,0,0.3946,0.2876,0.072,-0.486,0.561,0.168,0.827,0.528,0.360,0.249,115,56,52,39,0.457,0.199,0.536,0.360,0.251,0.156,78,57,52,36
0.061,0.304,0.673,-0.08,0.108,0,0.3789,0.2901,0.158,0.059,0.561,0.168,0.827,0.528,0.360,0.249,115,56,52,39,0.457,0.199,0.536,0.360,0.251,0.156,78,57,52,36
0.061,0.436,0.774,0.2,0.291,1,0.3896,0.3126,0.410,0.180,0.561,0.168,0.827,0.528,0.360,0.249,115,56,52,39,0.457,0.199,0.536,0.360,0.251,0.156,78,57,52,36
0.086,0.285,0.638,0,0.000,0,0.3978,0.3329,0.226,0.166,0.561,0.168,0.827,0.528,0.360,0.249,115,56,52,39,0.457,0.199,0.536,0.360,0.251,0.156,78,57,52,36
0.069,0.324,0.450,-0.08,0.108,0,0.4129,0.3569,0.042,0.059,0.561,0.168,0.827,0.528,0.360,0.249,115,56,52,39,0.457,0.199,0.536,0.360,0.251,0.156,78,57,52,36
0.091,0.255,0.420,2.53,0.140,0,0.4302,0.3788,0.042,-0.121,0.561,0.168,0.827,0.528,0.360,0.249,115,56,52,39,0.457,0.199,0.536,0.360,0.251,0.156,78,57,52,36
0.096,0.337,0.346,-1.19,0.219,1,0.4359,0.3911,0.396,0.586,0.561,0.168,0.827,0.528,0.360,0.249,115,56,52,39,0.457,0.199,0.536,0.360,0.251,0.156,78,57,52,36
0.104,0.253,0.032,1.99,0.186,0,0.4526,0.4074,0.054,-0.326,0.561,0.168,0.827,0.528,0.360,0.249,115,56,52,39,0.457,0.199,0.536,0.360,0.251,0.156,78,57,52,36
0.106,0.186,0.001,1.99,0.186,0,0.4681,0.4216,0.014,-0.326,0.561,0.168,0.827,0.528,0.360,0.249,115,56,52,39,0.457,0.199,0.536,0.360,0.251,0.156,78,57,52,36
0.104,0.245,0.262,0.2,0.291,1,0.4830,0.4378,0.240,0.180,0.561,0.168,0.827,0.528,0.360,0.249,115,56,52,39,0.457,0.199,0.536,0.360,0.251,0.156,78,57,52,36
0.108,0.187,0.001,-0.79,0.151,-1,0.4776,0.4378,0.362,0.736,0.561,0.168,0.827,0.528,0.360,0.249,115,56,52,39,0.457,0.199,0.536,0.360,0.251,0.156,78,57,52,36
0.106,0.185,0.012,1.69,0.290,0,0.4645,0.4359,0.046,-0.697,0.561,0.168,0.827,0.528,0.360,0.249,115,56,52,39,0.457,0.199,0.536,0.360,0.251,0.156,78,57,52,36
0.111,0.147,0.005,1.99,0.186,0,0.4553,0.4407,0.044,-0.326,0.561,0.168,0.827,0.528,0.360,0.249,115,56,52,39,0.457,0.199,0.536,0.360,0.251,0.156,78,57,52,36
0.103,0.148,0.027,-1.1,0.105,-1,0.4591,0.4557,0.412,0.192,0.561,0.168,0.827,0.528,0.360,0.249,115,56,52,39,0.457,0.199,0.536,0.360,0.251,0.156,78,57,52,36
0.551,0.151,0.003,-0.79,0.151,-1,0.4579,0.4664,0.527,0.736,0.561,0.168,0.827,0.528,0.360,0.249,115,56,52,39,0.457,0.199,0.536,0.360,0.251,0.156,78,57,52,36
0.544,0.216,0.079,-1.19,0.219,1,0.4573,0.4784,0.459,0.586,0.561,0.168,0.827,0.528,0.360,0.249,115,56,52,39,0.457,0.199,0.536,0.360,0.251,0.156,78,57,52,36
0.537,0.201,0.079,0,0.000,0,0.4628,0.4912,0.448,0.166,0.561,0.168,0.827,0.528,0.360,0.249,115,56,52,39,0.457,0.199,0.536,0.360,0.251,0.156,78,57,52,36
0.530,0.321,0.606,0.2,0.291,1,0.4876,0.5168,0.419,0.180,0.561,0.168,0.827,0.528,0.360,0.249,115,56,52,39,0.457,0.199,0.536,0.360,0.251,0.156,78,57,52,36
0.529,0.219,0.373,-1.1,0.105,-1,0.5257,0.5481,0.331,0.192,0.561,0.168,0.827,0.528,0.360,0.249,115,56,52,39,0.457,0.199,0.536,0.360,0.251,0.156,78,57,52,36
0.528,0.244,0.534,-1.14,0.131,0,0.5769,0.5839,0.323,0.987,0.561,0.168,0.827,0.528,0.360,0.249,115,56,52,39,0.457,0.199,0.536,0.360,0.251,0.156,78,57,52,36
0.525,0.337,0.385,-0.48,0.134,0,0.6366,0.6232,0.423,0.007,0.561,0.168,0.827,0.528,0.360,0.249,115,56,52,39,0.457,0.199,0.536,0.360,0.251,0.156,78,57,52,36
0.532,0.290,0.541,-0.08,0.108,0,0.6844,0.6511,0.139,0.059,0.561,0.168,0.827,0.528,0.360,0.249,115,56,52,39,0.457,0.199,0.536,0.360,0.251,0.156,78,57,52,36
0.531,0.206,0.433,2.53,0.140,0,0.7320,0.6804,0.093,-0.121,0.561,0.168,0.827,0.528,0.360,0.249,115,56,52,39,0.457,0.199,0.536,0.360,0.251,0.156,78,57,52,36
0.533,0.216,0.240,-1.1,0.105,-1,0.7645,0.6981,0.307,0.192,0.561,0.168,0.827,0.528,0.360,0.249,115,56,52,39,0.457,0.199,0.536,0.360,0.251,0.156,78,57,52,36
0.533,0.208,0.028,0.85,0.046,0,0.7823,0.7078,0.172,0.06,0.561,0.168,0.827,0.528,0.360,0.249,115,56,52,39,0.457,0.199,0.536,0.360,0.251,0.156,78,57,52,36
0.541,0.242,0.436,1.69,0.290,0,0.7921,0.7152,0.112,-0.697,0.561,0.168,0.827,0.528,0.360,0.249,115,56,52,39,0.457,0.199,0.536,0.360,0.251,0.156,78,57,52,36
0.526,0.278,0.125,-0.48,0.134,0,0.7908,0.7183,0.293,0.007,0.561,0.168,0.827,0.528,0.360,0.249,115,56,52,39,0.457,0.199,0.536,0.360,0.251,0.156,78,57,52,36
0.526,0.264,0.216,0,0.000,0,0.7898,0.7241,0.260,0.166,0.561,0.168,0.827,0.528,0.360,0.249,115,56,52,39,0.457,0.199,0.536,0.360,0.251,0.156,78,57,52,36
0.525,0.315,0.235,-0.42,0.180,0,0.7815,0.7258,0.335,0.318,0.561,0.168,0.827,0.528,0.360,0.249,115,56,52,39,0.457,0.199,0.536,0.360,0.251,0.156,78,57,52,36
0.525,0.288,0.431,-0.08,0.108,0,0.7693,0.7269,0.278,0.059,0.561,0.168,0.827,0.528,0.360,0.249,115,56,52,39,0.457,0.199,0.536,0.360,0.251,0.156,78,57,52,36
0.527,0.213,0.239,-1.1,0.105,-1,0.7599,0.7277,0.284,0.192,0.561,0.168,0.827,0.528,0.360,0.249,115,56,52,39,0.457,0.199,0.536,0.360,0.251,0.156,78,57,52,36
0.531,0.141,0.352,0.85,0.046,0,0.7717,0.7408,0.274,0.06,0.561,0.168,0.827,0.528,0.360,0.249,115,56,52,39,0.457,0.199,0.536,0.360,0.251,0.156,78,57,52,36
0.532,0.134,0.188,-0.79,0.151,-1,0.7899,0.7559,0.399,0.736,0.561,0.168,0.827,0.528,0.360,0.249,115,56,52,39,0.457,0.199,0.536,0.360,0.251,0.156,78,57,52,36
0.532,0.146,0.466,0.2,0.291,1,0.8129,0.7747,0.327,0.180,0.561,0.168,0.827,0.528,0.360,0.249,115,56,52,39,0.457,0.199,0.536,0.360,0.251,0.156,78,57,52,36
0.527,0.112,0.276,-1.1,0.105,-1,0.8362,0.7916,0.276,0.192,0.561,0.168,0.827,0.528,0.360,0.249,115,56,52,39,0.457,0.199,0.536,0.360,0.251,0.156,78,57,52,36
0.526,0.090,0.278,0.85,0.046,0,0.8654,0.8134,0.268,0.06,0.561,0.168,0.827,0.528,0.360,0.249,115,56,52,39,0.457,0.199,0.536,0.360,0.251,0.156,78,57,52,36
0.533,0.110,0.222,-0.79,0.151,-1,0.8908,0.8324,0.466,0.736,0.561,0.168,0.827,0.528,0.360,0.249,115,56,52,39,0.457,0.199,0.536,0.360,0.251,0.156,78,57,52,36
0.537,0.098,0.188,0.85,0.046,0,0.9135,0.8493,0.303,0.06,0.561,0.168,0.827,0.528,0.360,0.249,115,56,52,39,0.457,0.199,0.536,0.360,0.251,0.156,78,57,52,36
0.535,0.108,0.238,0,0.000,0,0.9264,0.8584,0.338,0.166,0.561,0.168,0.827,0.528,0.360,0.249,115,56,52,39,0.457,0.199,0.536,0.360,0.251,0.156,78,57,52,36
0.535,0.097,0.312,-1.1,0.105,-1,0.9286,0.8598,0.408,0.192,0.561,0.168,0.827,0.528,0.360,0.249,115,56,52,39,0.457,0.199,0.536,0.360,0.251,0.156,78,57,52,36
0.538,0.093,0.351,0,0.000,0,0.9261,0.8593,0.313,0.166,0.561,0.168,0.827,0.528,0.360,0.249,115,56,52,39,0.457,0.199,0.536,0.360,0.251,0.156,78,57,52,36
0.549,0.105,0.372,-0.42,0.180,0,0.9216,0.8567,0.414,0.318,0.561,0.168,0.827,0.528,0.360,0.249,115,56,52,39,0.457,0.199,0.536,0.360,0.251,0.156,78,57,52,36
0.547,0.089,0.345,-1.1,0.105,-1,0.9196,0.8552,0.396,0.192,0.561,0.168,0.827,0.528,0.360,0.249,115,56,52,39,0.457,0.199,0.536,0.360,0.251,0.156,78,57,52,36
0.558,0.087,0.362,0,0.000,0,0.9121,0.8472,0.215,0.166,0.561,0.168,0.827,0.528,0.360,0.249,115,56,52,39,0.457,0.199,0.536,0.360,0.251,0.156,78,57,52,36
0.569,0.085,0.336,-0.79,0.151,-1,0.9081,0.8417,0.501,0.736,0.561,0.168,0.827,0.528,0.360,0.249,115,56,52,39,0.457,0.199,0.536,0.360,0.251,0.156,78,57,52,36
0.558,0.092,0.301,-1.1,0.105,-1,0.9070,0.8372,0.412,0.192,0.561,0.168,0.827,0.528,0.360,0.249,115,56,52,39,0.457,0.199,0.536,0.360,0.251,0.156,78,57,52,36
0.572,0.089,0.226,0,0.000,0,0.9029,0.8301,0.210,0.166,0.561,0.168,0.827,0.528,0.360,0.249,115,56,52,39,0.457,0.199,0.536,0.360,0.251,0.156,78,57,52,36
0.589,0.089,0.245,-1.1,0.105,-1,0.8996,0.8238,0.391,0.192,0.561,0.168,0.827,0.528,0.360,0.249,115,56,52,39,0.457,0.199,0.536,0.360,0.251,0.156,78,57,52,36
0.589,0.105,0.428,-0.42,0.180,0,0.9013,0.8215,0.427,0.318,0.561,0.168,0.827,0.528,0.360,0.249,115,56,52,39,0.457,0.199,0.536,0.360,0.251,0.156,78,57,52,36
0.606,0.102,0.324,-1.1,0.105,-1,0.9061,0.8231,0.437,0.192,0.561,0.168,0.827,0.528,0.360,0.249,115,56,52,39,0.457,0.199,0.536,0.360,0.251,0.156,78,57,52,36
0.591,0.098,0.525,0,0.000,0,0.9122,0.8248,0.219,0.166,0.561,0.168,0.827,0.528,0.360,0.249,115,56,52,39,0.457,0.199,0.536,0.360,0.251,0.156,78,57,52,36
0.586,0.126,0.633,-1.19,0.219,1,0.9169,0.8277,0.493,0.586,0.561,0.168,0.827,0.528,0.360,0.249,115,56,52,39,0.457,0.199,0.536,0.360,0.251,0.156,78,57,52,36
0.585,0.101,0.264,-1.1,0.105,-1,0.9197,0.8288,0.354,0.192,0.561,0.168,0.827,0.528,0.360,0.249,115,56,52,39,0.457,0.199,0.536,0.360,0.251,0.156,78,57,52,36
0.585,0.093,0.294,0.85,0.046,0,0.9277,0.8327,0.133,0.06,0.561,0.168,0.827,0.528,0.360,0.249,115,56,52,39,0.457,0.199,0.536,0.360,0.251,0.156,78,57,52,36
0.580,0.121,0.474,-1.19,0.219,1,0.9228,0.8276,0.473,0.586,0.561,0.168,0.827,0.528,0.360,0.249,115,56,52,39,0.457,0.199,0.536,0.360,0.251,0.156,78,57,52,36
0.618,0.114,0.127,-0.79,0.151,-1,0.9144,0.8180,0.475,0.736,0.561,0.168,0.827,0.528,0.360,0.249,115,56,52,39,0.457,0.199,0.536,0.360,0.251,0.156,78,57,52,36
0.621,0.190,0.446,-1.19,0.219,1,0.8940,0.8020,0.471,0.586,0.561,0.168,0.827,0.528,0.360,0.249,115,56,52,39,0.457,0.199,0.536,0.360,0.251,0.156,78,57,52,36
0.286,0.153,0.071,0,0.000,0,0.8591,0.7773,0.369,0.166,0.561,0.168,0.827,0.528,0.360,0.249,115,56,52,39,0.457,0.199,0.536,0.360,0.251,0.156,78,57,52,36
0.348,0.170,0.045,0.85,0.046,0,0.8167,0.7473,0.348,0.06,0.561,0.168,0.827,0.528,0.360,0.249,115,56,52,39,0.457,0.199,0.536,0.360,0.251,0.156,78,57,52,36
0.358,0.208,0.591,-1.19,0.219,1,0.7688,0.7161,0.586,0.586,0.561,0.168,0.827,0.528,0.360,0.249,115,56,52,39,0.457,0.199,0.536,0.360,0.251,0.156,78,57,52,36
0.362,0.161,0.288,-0.79,0.151,-1,0.7290,0.6906,0.425,0.736,0.561,0.168,0.827,0.528,0.360,0.249,115,56,52,39,0.457,0.199,0.536,0.360,0.251,0.156,78,57,52,36
0.357,0.181,0.285,-1.14,0.131,0,0.6916,0.6651,0.457,0.987,0.561,0.168,0.827,0.528,0.360,0.249,115,56,52,39,0.457,0.199,0.536,0.360,0.251,0.156,78,57,52,36
0.295,0.203,0.298,-1.1,0.105,-1,0.6630,0.6474,0.385,0.192,0.561,0.168,0.827,0.528,0.360,0.249,115,56,52,39,0.457,0.199,0.536,0.360,0.251,0.156,78,57,52,36
0.305,0.165,0.184,-1.14,0.131,0,0.6440,0.6339,0.296,0.987,0.561,0.168,0.827,0.528,0.360,0.249,115,56,52,39,0.457,0.199,0.536,0.360,0.251,0.156,78,57,52,36
0.257,0.176,0.217,-1.1,0.105,-1,0.6441,0.6309,0.574,0.192,0.561,0.168,0.827,0.528,0.360,0.249,115,56,52,39,0.457,0.199,0.536,0.360,0.251,0.156,78,57,52,36
0.227,0.213,0.505,-1.19,0.219,1,0.6589,0.6339,0.401,0.586,0.561,0.168,0.827,0.528,0.360,0.249,115,56,52,39,0.457,0.199,0.536,0.360,0.251,0.156,78,57,52,36
0.261,0.158,0.029,1.99,0.186,0,0.6910,0.6492,0.058,-0.326,0.561,0.168,0.827,0.528,0.360,0.249,115,56,52,39,0.457,0.199,0.536,0.360,0.251,0.156,78,57,52,36
0.180,0.238,0.546,-1.19,0.219,1,0.7215,0.6635,0.288,0.586,0.561,0.168,0.827,0.528,0.360,0.249,115,56,52,39,0.457,0.199,0.536,0.360,0.251,0.156,78,57,52,36
0.183,0.286,0.553,-1.19,0.219,1,0.7395,0.6694,0.419,0.586,0.561,0.168,0.827,0.528,0.360,0.249,115,56,52,39,0.457,0.199,0.536,0.360,0.251,0.156,78,57,52,36
0.175,0.194,0.030,0.85,0.046,0,0.7326,0.6606,0.088,0.06,0.561,0.168,0.827,0.528,0.360,0.249,115,56,52,39,0.457,0.199,0.536,0.360,0.251,0.156,78,57,52,36
0.143,0.186,0.004,3.14,0.186,0,0.7029,0.6376,0.061,-0.486,0.561,0.168,0.827,0.528,0.360,0.249,115,56,52,39,0.457,0.199,0.536,0.360,0.251,0.156,78,57,52,36
0.180,0.192,0.014,2.53,0.140,0,0.6543,0.6004,0.128,-0.121,0.561,0.168,0.827,0.528,0.360,0.249,115,56,52,39,0.457,0.199,0.536,0.360,0.251,0.156,78,57,52,36
0.187,0.239,0.172,-0.42,0.180,0,0.5925,0.5535,0.309,0.318,0.561,0.168,0.827,0.528,0.360,0.249,115,56,52,39,0.457,0.199,0.536,0.360,0.251,0.156,78,57,52,36
0.190,0.211,0.003,2.53,0.140,0,0.5339,0.5079,0.062,-0.121,0.561,0.168,0.827,0.528,0.360,0.249,115,56,52,39,0.457,0.199,0.536,0.360,0.251,0.156,78,57,52,36
0.197,0.214,0.130,-0.79,0.151,-1,0.4738,0.4605,0.253,0.736,0.561,0.168,0.827,0.528,0.360,0.249,115,56,52,39,0.457,0.199,0.536,0.360,0.251,0.156,78,57,52,36
0.176,0.265,0.399,0.22,0.230,0,0.4400,0.4304,0.276,0.303,0.561,0.168,0.827,0.528,0.360,0.249,115,56,52,39,0.457,0.199,0.536,0.360,0.251,0.156,78,57,52,36
0.148,0.276,0.356,-1.1,0.105,-1,0.4286,0.4141,0.368,0.192,0.561,0.168,0.827,0.528,0.360,0.249,115,56,52,39,0.457,0.199,0.536,0.360,0.251,0.156,78,57,52,36
0.155,0.294,0.181,-0.79,0.151,-1,0.4480,0.4171,0.427,0.736,0.561,0.168,0.827,0.528,0.360,0.249,115,56,52,39,0.457,0.199,0.536,0.360,0.251,0.156,78,57,52,36
0.120,0.727,0.737,0.2,0.291,1,0.5043,0.4446,0.326,0.180,0.561,0.168,0.827,0.528,0.360,0.249,115,56,52,39,0.457,0.199,0.536,0.360,0.251,0.156,78,57,52,36
0.092,0.331,0.375,-1.14,0.131,0,0.5708,0.4765,0.166,0.987,0.561,0.168,0.827,0.528,0.360,0.249,115,56,52,39,0.457,0.199,0.536,0.360,0.251,0.156,78,57,52,36
0.092,0.340,0.179,0.85,0.046,0,0.6384,0.5091,0.116,0.06,0.561,0.168,0.827,0.528,0.360,0.249,115,56,52,39,0.457,0.199,0.536,0.360,0.251,0.156,78,57,52,36
0.077,0.720,0.656,0.2,0.291,1,0.6804,0.5229,0.235,0.180,0.561,0.168,0.827,0.528,0.360,0.249,115,56,52,39,0.457,0.199,0.536,0.360,0.251,0.156,78,57,52,36
0.078,0.326,0.087,1.99,0.186,0,0.7005,0.5202,0.094,-0.326,0.561,0.168,0.827,0.528,0.360,0.249,115,56,52,39,0.457,0.199,0.536,0.360,0.251,0.156,78,57,52,36
0.072,0.363,0.485,3.14,0.186,0,0.6909,0.4918,0.068,-0.486,0.561,0.168,0.827,0.528,0.360,0.249,115,56,52,39,0.457,0.199,0.536,0.360,0.251,0.156,78,57,52,36
0.072,0.368,0.289,1.99,0.186,0,0.6633,0.4526,0.086,-0.326,0.561,0.168,0.827,0.528,0.360,0.249,115,56,52,39,0.457,0.199,0.536,0.360,0.251,0.156,78,57,52,36
0.061,0.727,0.610,-0.48,0.134,0,0.6153,0.3999,0.243,0.007,0.561,0.168,0.827,0.528,0.360,0.249,115,56,52,39,0.457,0.199,0.536,0.360,0.251,0.156,78,57,52,36
0.056,0.779,0.807,0.2,0.291,1,0.5515,0.3387,0.340,0.180,0.561,0.168,0.827,0.528,0.360,0.249,115,56,52,39,0.457,0.199,0.536,0.360,0.251,0.156,78,57,52,36
0.073,0.743,0.816,0.2,0.291,1,0.4927,0.2871,0.267,0.180,0.561,0.168,0.827,0.528,0.360,0.249,115,56,52,39,0.457,0.199,0.536,0.360,0.251,0.156,78,57,52,36
0.081,0.324,0.581,-1.14,0.131,0,0.4488,0.2491,0.246,0.987,0.561,0.168,0.827,0.528,0.360,0.249,115,56,52,39,0.457,0.199,0.536,0.360,0.251,0.156,78,57,52,36
0.063,0.286,0.657,-1.14,0.131,0,0.4254,0.2289,0.326,0.987,0.561,0.168,0.827,0.528,0.360,0.249,115,56,52,39,0.457,0.199,0.536,0.360,0.251,0.156,78,57,52,36
0.063,0.257,0.679,0.85,0.046,0,0.4242,0.2276,0.391,0.06,0.561,0.168,0.827,0.528,0.360,0.249,115,56,52,39,0.457,0.199,0.536,0.360,0.251,0.156,78,57,52,36
0.060,0.292,0.494,-0.79,0.151,-1,0.4478,0.2479,0.424,0.736,0.561,0.168,0.827,0.528,0.360,0.249,115,56,52,39,0.457,0.199,0.536,0.360,0.251,0.156,78,57,52,36
0.059,0.317,0.477,0,0.000,0,0.4859,0.2794,0.139,0.166,0.561,0.168,0.827,0.528,0.360,0.249,115,56,52,39,0.457,0.199,0.536,0.360,0.251,0.156,78,57,52,36
0.057,0.392,0.685,1.37,0.298,0,0.5339,0.3145,0.133,-0.510,0.561,0.168,0.827,0.528,0.360,0.249,115,56,52,39,0.457,0.199,0.536,0.360,0.251,0.156,78,57,52,36
0.047,0.255,0.133,0.85,0.046,0,0.5702,0.3376,0.155,0.06,0.561,0.168,0.827,0.528,0.360,0.249,115,56,52,39,0.457,0.199,0.536,0.360,0.251,0.156,78,57,52,36
0.038,0.365,0.666,1.76,0.409,0,0.5982,0.3503,0.102,-0.884,0.561,0.168,0.827,0.528,0.360,0.249,115,56,52,39,0.457,0.199,0.536,0.360,0.251,0.156,78,57,52,36
0.037,0.251,0.063,1.99,0.186,0,0.6091,0.3494,0.072,-0.326,0.561,0.168,0.827,0.528,0.360,0.249,115,56,52,39,0.457,0.199,0.536,0.360,0.251,0.156,78,57,52,36
0.035,0.355,0.381,-1.19,0.219,1,0.6036,0.3326,0.279,0.586,0.561,0.168,0.827,0.528,0.360,0.249,115,56,52,39,0.457,0.199,0.536,0.360,0.251,0.156,78,57,52,36
0.028,0.344,0.384,1.37,0.298,0,0.5825,0.3037,0.137,-0.510,0.561,0.168,0.827,0.528,0.360,0.249,115,56,52,39,0.457,0.199,0.536,0.360,0.251,0.156,78,57,52,36
0.030,0.205,0.323,-0.79,0.151,-1,0.5411,0.2609,0.269,0.736,0.561,0.168,0.827,0.528,0.360,0.249,115,56,52,39,0.457,0.199,0.536,0.360,0.251,0.156,78,57,52,36
0.031,0.173,0.256,-1.1,0.105,-1,0.5039,0.2251,0.450,0.192,0.561,0.168,0.827,0.528,0.360,0.249,115,56,52,39,0.457,0.199,0.536,0.360,0.251,0.156,78,57,52,36
0.030,0.196,0.195,-1.1,0.105,-1,0.4639,0.1876,0.389,0.192,0.561,0.168,0.827,0.528,0.360,0.249,115,56,52,39,0.457,0.199,0.536,0.360,0.251,0.156,78,57,52,36
0.037,0.187,0.162,0,0.000,0,0.4339,0.1622,0.329,0.166,0.561,0.168,0.827,0.528,0.360,0.249,115,56,52,39,0.457,0.199,0.536,0.360,0.251,0.156,78,57,52,36
0.046,0.148,0.177,-0.42,0.180,0,0.4158,0.1440,0.454,0.318,0.561,0.168,0.827,0.528,0.360,0.249,115,56,52,39,0.457,0.199,0.536,0.360,0.251,0.156,78,57,52,36
0.052,0.140,0.057,-0.79,0.151,-1,0.4046,0.1289,0.372,0.736,0.561,0.168,0.827,0.528,0.360,0.249,115,56,52,39,0.457,0.199,0.536,0.360,0.251,0.156,78,57,52,36
0.052,0.141,0.354,1.69,0.290,0,0.4073,0.1230,0.073,-0.697,0.561,0.168,0.827,0.528,0.360,0.249,115,56,52,39,0.457,0.199,0.536,0.360,0.251,0.156,78,57,52,36
0.077,0.125,0.160,-0.79,0.151,-1,0.4214,0.1225,0.319,0.736,0.561,0.168,0.827,0.528,0.360,0.249,115,56,52,39,0.457,0.199,0.536,0.360,0.251,0.156,78,57,52,36
0.077,0.161,0.024,0.85,0.046,0,0.4469,0.1322,0.292,0.06,0.561,0.168,0.827,0.528,0.360,0.249,115,56,52,39,0.457,0.199,0.536,0.360,0.251,0.156,78,57,52,36
0.059,0.218,0.234,-0.48,0.134,0,0.4505,0.1298,0.198,0.007,0.561,0.168,0.827,0.528,0.360,0.249,115,56,52,39,0.457,0.199,0.536,0.360,0.251,0.156,78,57,52,36
0.054,0.190,0.054,1.99,0.186,0,0.4518,0.1350,0.076,-0.326,0.561,0.168,0.827,0.528,0.360,0.249,115,56,52,39,0.457,0.199,0.536,0.360,0.251,0.156,78,57,52,36
0.068,0.183,0.048,0.85,0.046,0,0.4480,0.1483,0.259,0.06,0.561,0.168,0.827,0.528,0.360,0.249,115,56,52,39,0.457,0.199,0.536,0.360,0.251,0.156,78,57,52,36
0.068,0.212,0.135,-1.1,0.105,-1,0.4378,0.1665,0.319,0.192,0.561,0.168,0.827,0.528,0.360,0.249,115,56,52,39,0.457,0.199,0.536,0.360,0.251,0.156,78,57,52,36
0.068,0.229,0.069,2.53,0.140,0,0.4172,0.1911,0.095,-0.121,0.561,0.168,0.827,0.528,0.360,0.249,115,56,52,39,0.457,0.199,0.536,0.360,0.251,0.156,78,57,52,36
0.063,0.262,0.390,-1.19,0.219,1,0.3931,0.2245,0.314,0.586,0.561,0.168,0.827,0.528,0.360,0.249,115,56,52,39,0.457,0.199,0.536,0.360,0.251,0.156,78,57,52,36
0.062,0.236,0.079,1.99,0.186,0,0.3682,0.2673,0.100,-0.326,0.561,0.168,0.827,0.528,0.360,0.249,115,56,52,39,0.457,0.199,0.536,0.360,0.251,0.156,78,57,52,36
0.077,0.194,0.164,2.53,0.140,0,0.3453,0.3199,0.087,-0.121,0.561,0.168,0.827,0.528,0.360,0.249,115,56,52,39,0.457,0.199,0.536,0.360,0.251,0.156,78,57,52,36
0.096,0.200,0.130,0.85,0.046,0,0.3263,0.3814,0.183,0.06,0.561,0.168,0.827,0.528,0.360,0.249,115,56,52,39,0.457,0.199,0.536,0.360,0.251,0.156,78,57,52,36
0.126,0.163,0.132,1.99,0.186,0,0.3126,0.4503,0.119,-0.326,0.561,0.168,0.827,0.528,0.360,0.249,115,56,52,39,0.457,0.199,0.536,0.360,0.251,0.156,78,57,52,36
0.122,0.098,0.085,3.14,0.186,0,0.3040,0.5238,0.112,-0.486,0.561,0.168,0.827,0.528,0.360,0.249,115,56,52,39,0.457,0.199,0.536,0.360,0.251,0.156,78,57,52,36
0.158,0.077,0.116,-0.79,0.151,-1,0.2988,0.5974,0.465,0.736,0.561,0.168,0.827,0.528,0.360,0.249,115,56,52,39,0.457,0.199,0.536,0.360,0.251,0.156,78,57,52,36
0.159,0.066,0.070,0,0.000,0,0.2930,0.6653,1.000,0.166,0.561,0.168,0.827,0.528,0.360,0.249,115,56,52,39,0.457,0.199,0.536,0.360,0.251,0.156,78,57,52,36
