0.142,0.062,0.691,1.42,0.221,0,0.3509,0.8389,0.755,-0.397,0.295,0.161,0.269,0.111,0.031,0.024,34,18,13,10,0.274,0.184,0.269,0.123,0.050,0.017,34,18,12,3
0.146,0.069,0.604,-0.52,0.062,0,0.3064,0.7572,0.448,0.341,0.295,0.161,0.269,0.111,0.031,0.024,34,18,13,10,0.274,0.184,0.269,0.123,0.050,0.017,34,18,12,3
0.148,0.062,0.550,-0.52,0.062,0,0.2810,0.6932,0.397,0.341,0.295,0.161,0.269,0.111,0.031,0.024,34,18,13,10,0.274,0.184,0.269,0.123,0.050,0.017,34,18,12,3
0.150,0.063,0.525,-0.48,0.134,0,0.2680,0.6357,0.396,0.007,0.295,0.161,0.269,0.111,0.031,0.024,34,18,13,10,0.274,0.184,0.269,0.123,0.050,0.017,34,18,12,3
0.142,0.065,0.333,2.1,0.128,0,0.2626,0.5780,0.127,0.02,0.295,0.161,0.269,0.111,0.031,0.024,34,18,13,10,0.274,0.184,0.269,0.123,0.050,0.017,34,18,12,3
0.143,0.070,0.443,-0.08,0.108,0,0.2623,0.5179,0.336,0.059,0.295,0.161,0.269,0.111,0.031,0.024,34,18,13,10,0.274,0.184,0.269,0.123,0.050,0.017,34,18,12,3
0.153,0.079,0.638,-0.52,0.062,0,0.2657,0.4557,0.228,0.341,0.295,0.161,0.269,0.111,0.031,0.024,34,18,13,10,0.274,0.184,0.269,0.123,0.050,0.017,34,18,12,3
0.155,0.085,0.534,-0.08,0.108,0,0.2724,0.3944,0.231,0.059,0.295,0.161,0.269,0.111,0.031,0.024,34,18,13,10,0.274,0.184,0.269,0.123,0.050,0.017,34,18,12,3
0.164,0.097,0.521,-0.08,0.108,0,0.2829,0.3382,0.180,0.059,0.295,0.161,0.269,0.111,0.031,0.024,34,18,13,10,0.274,0.184,0.269,0.123,0.050,0.017,34,18,12,3
0.202,0.062,0.518,0.85,0.046,0,0.2976,0.2917,0.110,0.06,0.295,0.161,0.269,0.111,0.031,0.024,34,18,13,10,0.274,0.184,0.269,0.123,0.050,0.017,34,18,12,3
0.192,0.064,0.376,2.53,0.140,0,0.3212,0.2666,0.123,-0.121,0.295,0.161,0.269,0.111,0.031,0.024,34,18,13,10,0.274,0.184,0.269,0.123,0.050,0.017,34,18,12,3
0.224,0.068,0.339,0.85,0.046,0,0.3531,0.2627,0.096,0.06,0.295,0.161,0.269,0.111,0.031,0.024,34,18,13,10,0.274,0.184,0.269,0.123,0.050,0.017,34,18,12,3
0.205,0.074,0.303,2.53,0.140,0,0.3863,0.2726,0.113,-0.121,0.295,0.161,0.269,0.111,0.031,0.024,34,18,13,10,0.274,0.184,0.269,0.123,0.050,0.017,34,18,12,3
0.237,0.075,0.289,0.85,0.046,0,0.4058,0.2830,0.123,0.06,0.295,0.161,0.269,0.111,0.031,0.024,34,18,13,10,0.274,0.184,0.269,0.123,0.050,0.017,34,18,12,3
0.323,0.088,0.392,-1.14,0.131,0,0.4063,0.2927,0.263,0.987,0.295,0.161,0.269,0.111,0.031,0.024,34,18,13,10,0.274,0.184,0.269,0.123,0.050,0.017,34,18,12,3
0.371,0.103,0.382,1.99,0.186,0,0.3926,0.2942,0.163,-0.326,0.295,0.161,0.269,0.111,0.031,0.024,34,18,13,10,0.274,0.184,0.269,0.123,0.050,0.017,34,18,12,3
0.403,0.122,0.680,-0.52,0.062,0,0.3637,0.2855,0.299,0.341,0.295,0.161,0.269,0.111,0.031,0.024,34,18,13,10,0.274,0.184,0.269,0.123,0.050,0.017,34,18,12,3
0.339,0.105,0.547,0.85,0.046,0,0.3459,0.2840,0.360,0.06,0.295,0.161,0.269,0.111,0.031,0.024,34,18,13,10,0.274,0.184,0.269,0.123,0.050,0.017,34,18,12,3
0.352,0.153,0.742,-0.52,0.062,0,0.3237,0.2751,0.402,0.341,0.295,0.161,0.269,0.111,0.031,0.024,34,18,13,10,0.274,0.184,0.269,0.123,0.050,0.017,34,18,12,3
0.373,0.199,0.825,-1.19,0.219,1,0.3042,0.2628,0.481,0.586,0.295,0.161,0.269,0.111,0.031,0.024,34,18,13,10,0.274,0.184,0.269,0.123,0.050,0.017,34,18,12,3
0.363,0.225,0.779,-0.08,0.108,0,0.2873,0.2490,0.365,0.059,0.295,0.161,0.269,0.111,0.031,0.024,34,18,13,10,0.274,0.184,0.269,0.123,0.050,0.017,34,18,12,3
0.421,0.310,0.878,-1.19,0.219,1,0.2725,0.2341,0.480,0.586,0.295,0.161,0.269,0.111,0.031,0.024,34,18,13,10,0.274,0.184,0.269,0.123,0.050,0.017,34,18,12,3
0.419,0.280,0.866,-0.08,0.108,0,0.2581,0.2175,0.370,0.059,0.295,0.161,0.269,0.111,0.031,0.024,34,18,13,10,0.274,0.184,0.269,0.123,0.050,0.017,34,18,12,3
0.479,0.332,0.995,-1.19,0.219,1,0.2538,0.2075,0.455,0.586,0.295,0.161,0.269,0.111,0.031,0.024,34,18,13,10,0.274,0.184,0.269,0.123,0.050,0.017,34,18,12,3
0.476,0.314,0.839,-1.19,0.219,1,0.2688,0.2148,0.397,0.586,0.295,0.161,0.269,0.111,0.031,0.024,34,18,13,10,0.274,0.184,0.269,0.123,0.050,0.017,34,18,12,3
0.435,0.261,0.796,-1.19,0.219,1,0.2786,0.2156,0.330,0.586,0.295,0.161,0.269,0.111,0.031,0.024,34,18,13,10,0.274,0.184,0.269,0.123,0.050,0.017,34,18,12,3
0.447,0.281,0.697,0.22,0.230,0,0.2766,0.2063,0.253,0.303,0.295,0.161,0.269,0.111,0.031,0.024,34,18,13,10,0.274,0.184,0.269,0.123,0.050,0.017,34,18,12,3
0.434,0.174,0.660,1.69,0.290,0,0.2712,0.1954,0.112,-0.697,0.295,0.161,0.269,0.111,0.031,0.024,34,18,13,10,0.274,0.184,0.269,0.123,0.050,0.017,34,18,12,3
0.447,0.165,0.493,2.53,0.140,0,0.2582,0.1807,0.135,-0.121,0.295,0.161,0.269,0.111,0.031,0.024,34,18,13,10,0.274,0.184,0.269,0.123,0.050,0.017,34,18,12,3
0.377,0.171,0.556,2.1,0.128,0,0.2530,0.1726,0.108,0.02,0.295,0.161,0.269,0.111,0.031,0.024,34,18,13,10,0.274,0.184,0.269,0.123,0.050,0.017,34,18,12,3
0.311,0.213,0.477,-0.42,0.180,0,0.2420,0.1628,0.304,0.318,0.295,0.161,0.269,0.111,0.031,0.024,34,18,13,10,0.274,0.184,0.269,0.123,0.050,0.017,34,18,12,3
0.317,0.311,0.666,-1.19,0.219,1,0.2219,0.1467,0.242,0.586,0.295,0.161,0.269,0.111,0.031,0.024,34,18,13,10,0.274,0.184,0.269,0.123,0.050,0.017,34,18,12,3
0.266,0.276,0.516,2.53,0.140,0,0.1949,0.1295,0.078,-0.121,0.295,0.161,0.269,0.111,0.031,0.024,34,18,13,10,0.274,0.184,0.269,0.123,0.050,0.017,34,18,12,3
0.289,0.381,0.767,-1.19,0.219,1,0.1539,0.1011,0.355,0.586,0.295,0.161,0.269,0.111,0.031,0.024,34,18,13,10,0.274,0.184,0.269,0.123,0.050,0.017,34,18,12,3
0.242,0.300,0.316,1.99,0.186,0,0.1080,0.0685,0.140,-0.326,0.295,0.161,0.269,0.111,0.031,0.024,34,18,13,10,0.274,0.184,0.269,0.123,0.050,0.017,34,18,12,3
0.199,0.293,0.715,1.69,0.290,0,0.0817,0.0494,0.101,-0.697,0.295,0.161,0.269,0.111,0.031,0.024,34,18,13,10,0.274,0.184,0.269,0.123,0.050,0.017,34,18,12,3
0.169,0.279,0.802,0.2,0.291,1,0.0635,0.0356,0.338,0.180,0.295,0.161,0.269,0.111,0.031,0.024,34,18,13,10,0.274,0.184,0.269,0.123,0.050,0.017,34,18,12,3
0.111,0.206,0.601,0.85,0.046,0,0.0570,0.0304,0.282,0.06,0.295,0.161,0.269,0.111,0.031,0.024,34,18,13,10,0.274,0.184,0.269,0.123,0.050,0.017,34,18,12,3
0.137,0.225,0.551,-0.52,0.062,0,0.0578,0.0299,0.281,0.341,0.295,0.161,0.269,0.111,0.031,0.024,34,18,13,10,0.274,0.184,0.269,0.123,0.050,0.017,34,18,12,3
0.137,0.116,0.425,-0.79,0.151,-1,0.0687,0.0356,0.273,0.736,0.295,0.161,0.269,0.111,0.031,0.024,34,18,13,10,0.274,0.184,0.269,0.123,0.050,0.017,34,18,12,3
0.113,0.118,0.446,-1.14,0.131,0,0.0736,0.0361,0.229,0.987,0.295,0.161,0.269,0.111,0.031,0.024,34,18,13,10,0.274,0.184,0.269,0.123,0.050,0.017,34,18,12,3
0.125,0.156,0.187,3.14,0.186,0,0.0863,0.0415,0.083,-0.486,0.295,0.161,0.269,0.111,0.031,0.024,34,18,13,10,0.274,0.184,0.269,0.123,0.050,0.017,34,18,12,3
0.095,0.106,0.007,1.99,0.186,0,0.1020,0.0496,0.057,-0.326,0.295,0.161,0.269,0.111,0.031,0.024,34,18,13,10,0.274,0.184,0.269,0.123,0.050,0.017,34,18,12,3
0.093,0.094,0.170,-0.52,0.062,0,0.1235,0.0579,0.103,0.341,0.295,0.161,0.269,0.111,0.031,0.024,34,18,13,10,0.274,0.184,0.269,0.123,0.050,0.017,34,18,12,3
0.062,0.083,0.107,2.53,0.140,0,0.1385,0.0633,0.043,-0.121,0.295,0.161,0.269,0.111,0.031,0.024,34,18,13,10,0.274,0.184,0.269,0.123,0.050,0.017,34,18,12,3
0.050,0.082,0.006,1.99,0.186,0,0.1471,0.0654,0.047,-0.326,0.295,0.161,0.269,0.111,0.031,0.024,34,18,13,10,0.274,0.184,0.269,0.123,0.050,0.017,34,18,12,3
0.062,0.119,0.343,1.42,0.221,0,0.1523,0.0660,0.064,-0.397,0.295,0.161,0.269,0.111,0.031,0.024,34,18,13,10,0.274,0.184,0.269,0.123,0.050,0.017,34,18,12,3
0.063,0.173,0.348,1.76,0.409,0,0.1622,0.0692,0.116,-0.884,0.295,0.161,0.269,0.111,0.031,0.024,34,18,13,10,0.274,0.184,0.269,0.123,0.050,0.017,34,18,12,3
0.052,0.156,0.375,0,0.000,0,0.1698,0.0711,0.066,0.166,0.295,0.161,0.269,0.111,0.031,0.024,34,18,13,10,0.274,0.184,0.269,0.123,0.050,0.017,34,18,12,3
0.049,0.137,0.187,2.53,0.140,0,0.1778,0.0737,0.105,-0.121,0.295,0.161,0.269,0.111,0.031,0.024,34,18,13,10,0.274,0.184,0.269,0.123,0.050,0.017,34,18,12,3
0.059,0.154,0.595,-0.48,0.134,0,0.1706,0.0683,0.260,0.007,0.295,0.161,0.269,0.111,0.031,0.024,34,18,13,10,0.274,0.184,0.269,0.123,0.050,0.017,34,18,12,3
0.061,0.151,0.715,0.22,0.230,0,0.1575,0.0594,0.153,0.303,0.295,0.161,0.269,0.111,0.031,0.024,34,18,13,10,0.274,0.184,0.269,0.123,0.050,0.017,34,18,12,3
0.060,0.160,0.486,-0.08,0.108,0,0.1509,0.0538,0.168,0.059,0.295,0.161,0.269,0.111,0.031,0.024,34,18,13,10,0.274,0.184,0.269,0.123,0.050,0.017,34,18,12,3
0.060,0.133,0.327,3.14,0.186,0,0.1561,0.0541,0.130,-0.486,0.295,0.161,0.269,0.111,0.031,0.024,34,18,13,10,0.274,0.184,0.269,0.123,0.050,0.017,34,18,12,3
0.060,0.119,0.582,-0.48,0.134,0,0.1736,0.0613,0.293,0.007,0.295,0.161,0.269,0.111,0.031,0.024,34,18,13,10,0.274,0.184,0.269,0.123,0.050,0.017,34,18,12,3
0.060,0.109,0.488,-0.79,0.151,-1,0.2071,0.0783,0.341,0.736,0.295,0.161,0.269,0.111,0.031,0.024,34,18,13,10,0.274,0.184,0.269,0.123,0.050,0.017,34,18,12,3
0.063,0.110,0.119,1.99,0.186,0,0.2378,0.0940,0.161,-0.326,0.295,0.161,0.269,0.111,0.031,0.024,34,18,13,10,0.274,0.184,0.269,0.123,0.050,0.017,34,18,12,3
0.057,0.123,0.189,-0.52,0.062,0,0.2634,0.1069,0.303,0.341,0.295,0.161,0.269,0.111,0.031,0.024,34,18,13,10,0.274,0.184,0.269,0.123,0.050,0.017,34,18,12,3
0.081,0.171,0.351,-0.48,0.134,0,0.2855,0.1208,0.581,0.007,0.295,0.161,0.269,0.111,0.031,0.024,34,18,13,10,0.274,0.184,0.269,0.123,0.050,0.017,34,18,12,3
0.076,0.180,0.089,2.53,0.140,0,0.2946,0.1287,0.143,-0.121,0.295,0.161,0.269,0.111,0.031,0.024,34,18,13,10,0.274,0.184,0.269,0.123,0.050,0.017,34,18,12,3
0.062,0.158,0.039,-1.14,0.131,0,0.2918,0.1337,0.342,0.987,0.295,0.161,0.269,0.111,0.031,0.024,34,18,13,10,0.274,0.184,0.269,0.123,0.050,0.017,34,18,12,3
0.092,0.231,0.008,2.53,0.140,0,0.2917,0.1414,0.095,-0.121,0.295,0.161,0.269,0.111,0.031,0.024,34,18,13,10,0.274,0.184,0.269,0.123,0.050,0.017,34,18,12,3
0.086,0.197,0.071,-1.14,0.131,0,0.2722,0.1374,0.201,0.987,0.295,0.161,0.269,0.111,0.031,0.024,34,18,13,10,0.274,0.184,0.269,0.123,0.050,0.017,34,18,12,3
0.080,0.187,0.002,2.53,0.140,0,0.2420,0.1280,0.112,-0.121,0.295,0.161,0.269,0.111,0.031,0.024,34,18,13,10,0.274,0.184,0.269,0.123,0.050,0.017,34,18,12,3
0.087,0.240,0.004,1.42,0.221,0,0.2077,0.1152,0.152,-0.397,0.295,0.161,0.269,0.111,0.031,0.024,34,18,13,10,0.274,0.184,0.269,0.123,0.050,0.017,34,18,12,3
0.128,0.225,0.003,1.99,0.186,0,0.1924,0.1129,0.099,-0.326,0.295,0.161,0.269,0.111,0.031,0.024,34,18,13,10,0.274,0.184,0.269,0.123,0.050,0.017,34,18,12,3
0.152,0.236,0.108,1.42,0.221,0,0.1884,0.1156,0.101,-0.397,0.295,0.161,0.269,0.111,0.031,0.024,34,18,13,10,0.274,0.184,0.269,0.123,0.050,0.017,34,18,12,3
0.187,0.231,0.088,-1.14,0.131,0,0.1952,0.1231,0.211,0.987,0.295,0.161,0.269,0.111,0.031,0.024,34,18,13,10,0.274,0.184,0.269,0.123,0.050,0.017,34,18,12,3
0.179,0.215,0.076,-1.1,0.105,-1,0.1930,0.1231,0.486,0.192,0.295,0.161,0.269,0.111,0.031,0.024,34,18,13,10,0.274,0.184,0.269,0.123,0.050,0.017,34,18,12,3
0.201,0.225,0.226,-1.1,0.105,-1,0.1767,0.1118,0.316,0.192,0.295,0.161,0.269,0.111,0.031,0.024,34,18,13,10,0.274,0.184,0.269,0.123,0.050,0.017,34,18,12,3
0.172,0.226,0.282,1.69,0.290,0,0.1698,0.1091,0.122,-0.697,0.295,0.161,0.269,0.111,0.031,0.024,34,18,13,10,0.274,0.184,0.269,0.123,0.050,0.017,34,18,12,3
0.192,0.212,0.537,-1.19,0.219,1,0.1640,0.1084,0.448,0.586,0.295,0.161,0.269,0.111,0.031,0.024,34,18,13,10,0.274,0.184,0.269,0.123,0.050,0.017,34,18,12,3
0.191,0.185,0.245,0.85,0.046,0,0.1653,0.1146,0.253,0.06,0.295,0.161,0.269,0.111,0.031,0.024,34,18,13,10,0.274,0.184,0.269,0.123,0.050,0.017,34,18,12,3
0.166,0.278,0.598,1.37,0.298,0,0.1651,0.1202,0.165,-0.510,0.295,0.161,0.269,0.111,0.031,0.024,34,18,13,10,0.274,0.184,0.269,0.123,0.050,0.017,34,18,12,3
0.142,0.233,0.504,-0.52,0.062,0,0.1691,0.1288,0.208,0.341,0.295,0.161,0.269,0.111,0.031,0.024,34,18,13,10,0.274,0.184,0.269,0.123,0.050,0.017,34,18,12,3
0.167,0.285,0.693,-1.19,0.219,1,0.1725,0.1369,0.404,0.586,0.295,0.161,0.269,0.111,0.031,0.024,34,18,13,10,0.274,0.184,0.269,0.123,0.050,0.017,34,18,12,3
0.138,0.211,0.322,3.14,0.186,0,0.1883,0.1524,0.121,-0.486,0.295,0.161,0.269,0.111,0.031,0.024,34,18,13,10,0.274,0.184,0.269,0.123,0.050,0.017,34,18,12,3
0.112,0.302,0.556,-1.19,0.219,1,0.1998,0.1627,0.339,0.586,0.295,0.161,0.269,0.111,0.031,0.024,34,18,13,10,0.274,0.184,0.269,0.123,0.050,0.017,34,18,12,3
0.117,0.210,0.331,2.53,0.140,0,0.2134,0.1759,0.121,-0.121,0.295,0.161,0.269,0.111,0.031,0.024,34,18,13,10,0.274,0.184,0.269,0.123,0.050,0.017,34,18,12,3
0.117,0.264,0.400,-1.1,0.105,-1,0.2261,0.1866,0.310,0.192,0.295,0.161,0.269,0.111,0.031,0.024,34,18,13,10,0.274,0.184,0.269,0.123,0.050,0.017,34,18,12,3
0.128,0.274,0.503,-0.48,0.134,0,0.2372,0.1955,0.273,0.007,0.295,0.161,0.269,0.111,0.031,0.024,34,18,13,10,0.274,0.184,0.269,0.123,0.050,0.017,34,18,12,3
0.160,0.287,0.627,0.22,0.230,0,0.2344,0.1918,0.305,0.303,0.295,0.161,0.269,0.111,0.031,0.024,34,18,13,10,0.274,0.184,0.269,0.123,0.050,0.017,34,18,12,3
0.107,0.209,0.505,1.99,0.186,0,0.2193,0.1790,0.175,-0.326,0.295,0.161,0.269,0.111,0.031,0.024,34,18,13,10,0.274,0.184,0.269,0.123,0.050,0.017,34,18,12,3
0.132,0.238,0.640,1.69,0.290,0,0.2123,0.1746,0.152,-0.697,0.295,0.161,0.269,0.111,0.031,0.024,34,18,13,10,0.274,0.184,0.269,0.123,0.050,0.017,34,18,12,3
0.122,0.218,0.371,-0.48,0.134,0,0.2130,0.1795,0.352,0.007,0.295,0.161,0.269,0.111,0.031,0.024,34,18,13,10,0.274,0.184,0.269,0.123,0.050,0.017,34,18,12,3
0.143,0.251,0.361,-1.19,0.219,1,0.2191,0.1902,0.431,0.586,0.295,0.161,0.269,0.111,0.031,0.024,34,18,13,10,0.274,0.184,0.269,0.123,0.050,0.017,34,18,12,3
0.094,0.187,0.189,-0.79,0.151,-1,0.2064,0.1856,0.594,0.736,0.295,0.161,0.269,0.111,0.031,0.024,34,18,13,10,0.274,0.184,0.269,0.123,0.050,0.017,34,18,12,3
0.086,0.269,0.456,-0.48,0.134,0,0.1830,0.1727,0.434,0.007,0.295,0.161,0.269,0.111,0.031,0.024,34,18,13,10,0.274,0.184,0.269,0.123,0.050,0.017,34,18,12,3
0.071,0.263,0.335,1.99,0.186,0,0.1660,0.1674,0.169,-0.326,0.295,0.161,0.269,0.111,0.031,0.024,34,18,13,10,0.274,0.184,0.269,0.123,0.050,0.017,34,18,12,3
0.067,0.306,0.268,-1.14,0.131,0,0.1512,0.1632,0.380,0.987,0.295,0.161,0.269,0.111,0.031,0.024,34,18,13,10,0.274,0.184,0.269,0.123,0.050,0.017,34,18,12,3
0.073,0.348,0.470,-0.52,0.062,0,0.1438,0.1651,0.381,0.341,0.295,0.161,0.269,0.111,0.031,0.024,34,18,13,10,0.274,0.184,0.269,0.123,0.050,0.017,34,18,12,3
0.087,0.445,0.671,0.2,0.291,1,0.1267,0.1566,0.314,0.180,0.295,0.161,0.269,0.111,0.031,0.024,34,18,13,10,0.274,0.184,0.269,0.123,0.050,0.017,34,18,12,3
0.066,0.380,0.333,1.69,0.290,0,0.1195,0.1537,0.163,-0.697,0.295,0.161,0.269,0.111,0.031,0.024,34,18,13,10,0.274,0.184,0.269,0.123,0.050,0.017,34,18,12,3
0.069,0.386,0.625,-1.19,0.219,1,0.1155,0.1543,0.389,0.586,0.295,0.161,0.269,0.111,0.031,0.024,34,18,13,10,0.274,0.184,0.269,0.123,0.050,0.017,34,18,12,3
0.071,0.355,0.326,1.69,0.290,0,0.1184,0.1600,0.089,-0.697,0.295,0.161,0.269,0.111,0.031,0.024,34,18,13,10,0.274,0.184,0.269,0.123,0.050,0.017,34,18,12,3
0.085,0.395,0.592,-1.19,0.219,1,0.1186,0.1609,0.367,0.586,0.295,0.161,0.269,0.111,0.031,0.024,34,18,13,10,0.274,0.184,0.269,0.123,0.050,0.017,34,18,12,3
0.070,0.310,0.309,-0.79,0.151,-1,0.1176,0.1621,0.425,0.736,0.295,0.161,0.269,0.111,0.031,0.024,34,18,13,10,0.274,0.184,0.269,0.123,0.050,0.017,34,18,12,3
0.070,0.439,0.288,1.37,0.298,0,0.1023,0.1505,0.167,-0.510,0.295,0.161,0.269,0.111,0.031,0.024,34,18,13,10,0.274,0.184,0.269,0.123,0.050,0.017,34,18,12,3
0.087,0.337,0.242,2.1,0.128,0,0.0975,0.1508,0.043,0.02,0.295,0.161,0.269,0.111,0.031,0.024,34,18,13,10,0.274,0.184,0.269,0.123,0.050,0.017,34,18,12,3
0.071,0.267,0.348,-1.14,0.131,0,0.0911,0.1488,0.255,0.987,0.295,0.161,0.269,0.111,0.031,0.024,34,18,13,10,0.274,0.184,0.269,0.123,0.050,0.017,34,18,12,3
0.077,0.239,0.481,1.42,0.221,0,0.0816,0.1454,0.183,-0.397,0.295,0.161,0.269,0.111,0.031,0.024,34,18,13,10,0.274,0.184,0.269,0.123,0.050,0.017,34,18,12,3
0.071,0.243,0.257,2.53,0.140,0,0.0639,0.1373,0.086,-0.121,0.295,0.161,0.269,0.111,0.031,0.024,34,18,13,10,0.274,0.184,0.269,0.123,0.050,0.017,34,18,12,3
0.065,0.321,0.476,1.69,0.290,0,0.0669,0.1486,0.048,-0.697,0.295,0.161,0.269,0.111,0.031,0.024,34,18,13,10,0.274,0.184,0.269,0.123,0.050,0.017,34,18,12,3
0.076,0.461,0.746,0.2,0.291,1,0.0838,0.1731,0.364,0.180,0.295,0.161,0.269,0.111,0.031,0.024,34,18,13,10,0.274,0.184,0.269,0.123,0.050,0.017,34,18,12,3
0.059,0.401,0.471,-0.48,0.134,0,0.0982,0.1935,0.215,0.007,0.295,0.161,0.269,0.111,0.031,0.024,34,18,13,10,0.274,0.184,0.269,0.123,0.050,0.017,34,18,12,3
0.069,0.347,0.008,1.99,0.186,0,0.1109,0.2119,0.051,-0.326,0.295,0.161,0.269,0.111,0.031,0.024,34,18,13,10,0.274,0.184,0.269,0.123,0.050,0.017,34,18,12,3
0.049,0.487,0.662,0.2,0.291,1,0.1293,0.2340,0.281,0.180,0.295,0.161,0.269,0.111,0.031,0.024,34,18,13,10,0.274,0.184,0.269,0.123,0.050,0.017,34,18,12,3
0.059,0.307,0.224,-0.79,0.151,-1,0.1518,0.2548,0.500,0.736,0.295,0.161,0.269,0.111,0.031,0.024,34,18,13,10,0.274,0.184,0.269,0.123,0.050,0.017,34,18,12,3
0.055,0.407,0.172,0.2,0.291,1,0.1778,0.2763,0.320,0.180,0.295,0.161,0.269,0.111,0.031,0.024,34,18,13,10,0.274,0.184,0.269,0.123,0.050,0.017,34,18,12,3
0.057,0.329,0.026,1.69,0.290,0,0.2054,0.2940,0.101,-0.697,0.295,0.161,0.269,0.111,0.031,0.024,34,18,13,10,0.274,0.184,0.269,0.123,0.050,0.017,34,18,12,3
0.060,0.242,0.057,0,0.000,0,0.2343,0.3112,0.354,0.166,0.295,0.161,0.269,0.111,0.031,0.024,34,18,13,10,0.274,0.184,0.269,0.123,0.050,0.017,34,18,12,3
0.054,0.246,0.126,3.14,0.186,0,0.2719,0.3359,0.165,-0.486,0.295,0.161,0.269,0.111,0.031,0.024,34,18,13,10,0.274,0.184,0.269,0.123,0.050,0.017,34,18,12,3
0.056,0.206,0.251,-1.1,0.105,-1,0.3030,0.3604,0.428,0.192,0.295,0.161,0.269,0.111,0.031,0.024,34,18,13,10,0.274,0.184,0.269,0.123,0.050,0.017,34,18,12,3
0.073,0.199,0.098,-1.1,0.105,-1,0.3295,0.3827,0.359,0.192,0.295,0.161,0.269,0.111,0.031,0.024,34,18,13,10,0.274,0.184,0.269,0.123,0.050,0.017,34,18,12,3
0.070,0.262,0.098,-0.42,0.180,0,0.3464,0.4011,0.485,0.318,0.295,0.161,0.269,0.111,0.031,0.024,34,18,13,10,0.274,0.184,0.269,0.123,0.050,0.017,34,18,12,3
0.080,0.262,0.348,-1.1,0.105,-1,0.3440,0.4049,0.357,0.192,0.295,0.161,0.269,0.111,0.031,0.024,34,18,13,10,0.274,0.184,0.269,0.123,0.050,0.017,34,18,12,3
0.078,0.288,0.339,1.37,0.298,0,0.3542,0.4184,0.162,-0.510,0.295,0.161,0.269,0.111,0.031,0.024,34,18,13,10,0.274,0.184,0.269,0.123,0.050,0.017,34,18,12,3
0.063,0.257,0.154,-0.42,0.180,0,0.3784,0.4398,0.369,0.318,0.295,0.161,0.269,0.111,0.031,0.024,34,18,13,10,0.274,0.184,0.269,0.123,0.050,0.017,34,18,12,3
0.082,0.280,0.315,-0.48,0.134,0,0.4102,0.4638,0.306,0.007,0.295,0.161,0.269,0.111,0.031,0.024,34,18,13,10,0.274,0.184,0.269,0.123,0.050,0.017,34,18,12,3
0.076,0.286,0.506,-0.52,0.062,0,0.4180,0.4679,0.210,0.341,0.295,0.161,0.269,0.111,0.031,0.024,34,18,13,10,0.274,0.184,0.269,0.123,0.050,0.017,34,18,12,3
0.098,0.197,0.261,2.53,0.140,0,0.4391,0.4790,0.182,-0.121,0.295,0.161,0.269,0.111,0.031,0.024,34,18,13,10,0.274,0.184,0.269,0.123,0.050,0.017,34,18,12,3
0.092,0.214,0.285,-0.08,0.108,0,0.4764,0.4987,0.298,0.059,0.295,0.161,0.269,0.111,0.031,0.024,34,18,13,10,0.274,0.184,0.269,0.123,0.050,0.017,34,18,12,3
0.097,0.280,0.510,0.2,0.291,1,0.5189,0.5213,0.375,0.180,0.295,0.161,0.269,0.111,0.031,0.024,34,18,13,10,0.274,0.184,0.269,0.123,0.050,0.017,34,18,12,3
0.105,0.208,0.313,-0.52,0.062,0,0.5341,0.5258,0.299,0.341,0.295,0.161,0.269,0.111,0.031,0.024,34,18,13,10,0.274,0.184,0.269,0.123,0.050,0.017,34,18,12,3
0.112,0.162,0.059,0.85,0.046,0,0.5422,0.5275,0.166,0.06,0.295,0.161,0.269,0.111,0.031,0.024,34,18,13,10,0.274,0.184,0.269,0.123,0.050,0.017,34,18,12,3
0.118,0.149,0.126,-1.14,0.131,0,0.5361,0.5185,0.326,0.987,0.295,0.161,0.269,0.111,0.031,0.024,34,18,13,10,0.274,0.184,0.269,0.123,0.050,0.017,34,18,12,3
0.117,0.165,0.332,3.14,0.186,0,0.5177,0.5026,0.174,-0.486,0.295,0.161,0.269,0.111,0.031,0.024,34,18,13,10,0.274,0.184,0.269,0.123,0.050,0.017,34,18,12,3
0.136,0.208,0.144,-0.48,0.134,0,0.4784,0.4722,0.346,0.007,0.295,0.161,0.269,0.111,0.031,0.024,34,18,13,10,0.274,0.184,0.269,0.123,0.050,0.017,34,18,12,3
0.116,0.250,0.342,-0.52,0.062,0,0.4479,0.4513,0.328,0.341,0.295,0.161,0.269,0.111,0.031,0.024,34,18,13,10,0.274,0.184,0.269,0.123,0.050,0.017,34,18,12,3
0.136,0.215,0.572,-1.1,0.105,-1,0.4238,0.4347,0.389,0.192,0.295,0.161,0.269,0.111,0.031,0.024,34,18,13,10,0.274,0.184,0.269,0.123,0.050,0.017,34,18,12,3
0.124,0.294,0.618,-0.52,0.062,0,0.4059,0.4236,0.324,0.341,0.295,0.161,0.269,0.111,0.031,0.024,34,18,13,10,0.274,0.184,0.269,0.123,0.050,0.017,34,18,12,3
0.117,0.335,0.646,-0.42,0.180,0,0.3971,0.4181,0.397,0.318,0.295,0.161,0.269,0.111,0.031,0.024,34,18,13,10,0.274,0.184,0.269,0.123,0.050,0.017,34,18,12,3
0.110,0.335,0.683,0,0.000,0,0.3783,0.4041,0.201,0.166,0.295,0.161,0.269,0.111,0.031,0.024,34,18,13,10,0.274,0.184,0.269,0.123,0.050,0.017,34,18,12,3
0.102,0.493,0.901,0.2,0.291,1,0.3538,0.3874,0.336,0.180,0.295,0.161,0.269,0.111,0.031,0.024,34,18,13,10,0.274,0.184,0.269,0.123,0.050,0.017,34,18,12,3
0.101,0.332,0.709,2.1,0.128,0,0.3350,0.3722,0.123,0.02,0.295,0.161,0.269,0.111,0.031,0.024,34,18,13,10,0.274,0.184,0.269,0.123,0.050,0.017,34,18,12,3
0.104,0.385,0.544,0,0.000,0,0.3182,0.3555,0.105,0.166,0.295,0.161,0.269,0.111,0.031,0.024,34,18,13,10,0.274,0.184,0.269,0.123,0.050,0.017,34,18,12,3
0.089,0.344,0.502,-0.08,0.108,0,0.3050,0.3391,0.178,0.059,0.295,0.161,0.269,0.111,0.031,0.024,34,18,13,10,0.274,0.184,0.269,0.123,0.050,0.017,34,18,12,3
0.092,0.470,0.451,0.2,0.291,1,0.2624,0.3013,0.251,0.180,0.295,0.161,0.269,0.111,0.031,0.024,34,18,13,10,0.274,0.184,0.269,0.123,0.050,0.017,34,18,12,3
0.106,0.330,0.422,1.69,0.290,0,0.2214,0.2643,0.089,-0.697,0.295,0.161,0.269,0.111,0.031,0.024,34,18,13,10,0.274,0.184,0.269,0.123,0.050,0.017,34,18,12,3
0.125,0.278,0.400,1.99,0.186,0,0.1940,0.2358,0.069,-0.326,0.295,0.161,0.269,0.111,0.031,0.024,34,18,13,10,0.274,0.184,0.269,0.123,0.050,0.017,34,18,12,3
0.124,0.315,0.407,-0.08,0.108,0,0.1792,0.2164,0.152,0.059,0.295,0.161,0.269,0.111,0.031,0.024,34,18,13,10,0.274,0.184,0.269,0.123,0.050,0.017,34,18,12,3
0.118,0.363,0.597,-0.08,0.108,0,0.1608,0.1963,0.178,0.059,0.295,0.161,0.269,0.111,0.031,0.024,34,18,13,10,0.274,0.184,0.269,0.123,0.050,0.017,34,18,12,3
0.128,0.355,0.531,1.37,0.298,0,0.1481,0.1824,0.194,-0.510,0.295,0.161,0.269,0.111,0.031,0.024,34,18,13,10,0.274,0.184,0.269,0.123,0.050,0.017,34,18,12,3
0.132,0.369,0.471,-1.1,0.105,-1,0.1382,0.1704,0.288,0.192,0.295,0.161,0.269,0.111,0.031,0.024,34,18,13,10,0.274,0.184,0.269,0.123,0.050,0.017,34,18,12,3
0.103,0.844,0.526,0.2,0.291,1,0.1426,0.1677,0.256,0.180,0.295,0.161,0.269,0.111,0.031,0.024,34,18,13,10,0.274,0.184,0.269,0.123,0.050,0.017,34,18,12,3
0.096,0.611,0.507,0.2,0.291,1,0.1452,0.1639,0.318,0.180,0.295,0.161,0.269,0.111,0.031,0.024,34,18,13,10,0.274,0.184,0.269,0.123,0.050,0.017,34,18,12,3
0.094,0.452,0.250,1.69,0.290,0,0.1619,0.1707,0.089,-0.697,0.295,0.161,0.269,0.111,0.031,0.024,34,18,13,10,0.274,0.184,0.269,0.123,0.050,0.017,34,18,12,3
0.100,0.377,0.145,2.53,0.140,0,0.1725,0.1714,0.103,-0.121,0.295,0.161,0.269,0.111,0.031,0.024,34,18,13,10,0.274,0.184,0.269,0.123,0.050,0.017,34,18,12,3
0.078,0.378,0.159,3.14,0.186,0,0.1993,0.1807,0.069,-0.486,0.295,0.161,0.269,0.111,0.031,0.024,34,18,13,10,0.274,0.184,0.269,0.123,0.050,0.017,34,18,12,3
0.099,0.509,0.611,-1.19,0.219,1,0.2203,0.1859,0.309,0.586,0.295,0.161,0.269,0.111,0.031,0.024,34,18,13,10,0.274,0.184,0.269,0.123,0.050,0.017,34,18,12,3
0.107,0.838,0.650,-0.08,0.108,0,0.2239,0.1774,0.161,0.059,0.295,0.161,0.269,0.111,0.031,0.024,34,18,13,10,0.274,0.184,0.269,0.123,0.050,0.017,34,18,12,3
0.095,0.373,0.222,2.53,0.140,0,0.2220,0.1663,0.103,-0.121,0.295,0.161,0.269,0.111,0.031,0.024,34,18,13,10,0.274,0.184,0.269,0.123,0.050,0.017,34,18,12,3
0.098,0.333,0.729,-0.52,0.062,0,0.2224,0.1571,0.287,0.341,0.295,0.161,0.269,0.111,0.031,0.024,34,18,13,10,0.274,0.184,0.269,0.123,0.050,0.017,34,18,12,3
0.109,0.252,0.802,-0.52,0.062,0,0.2326,0.1540,0.305,0.341,0.295,0.161,0.269,0.111,0.031,0.024,34,18,13,10,0.274,0.184,0.269,0.123,0.050,0.017,34,18,12,3
0.140,0.208,0.279,-0.79,0.151,-1,0.2374,0.1481,0.533,0.736,0.295,0.161,0.269,0.111,0.031,0.024,34,18,13,10,0.274,0.184,0.269,0.123,0.050,0.017,34,18,12,3
0.166,0.155,0.090,-1.1,0.105,-1,0.2349,0.1348,0.275,0.192,0.295,0.161,0.269,0.111,0.031,0.024,34,18,13,10,0.274,0.184,0.269,0.123,0.050,0.017,34,18,12,3
0.144,0.112,0.012,2.53,0.140,0,0.2310,0.1232,0.099,-0.121,0.295,0.161,0.269,0.111,0.031,0.024,34,18,13,10,0.274,0.184,0.269,0.123,0.050,0.017,34,18,12,3
0.184,0.122,0.011,0.85,0.046,0,0.2299,0.1146,0.389,0.06,0.295,0.161,0.269,0.111,0.031,0.024,34,18,13,10,0.274,0.184,0.269,0.123,0.050,0.017,34,18,12,3
0.179,0.177,0.001,-0.79,0.151,-1,0.2350,0.1111,0.343,0.736,0.295,0.161,0.269,0.111,0.031,0.024,34,18,13,10,0.274,0.184,0.269,0.123,0.050,0.017,34,18,12,3
0.153,0.159,0.002,1.42,0.221,0,0.2331,0.1066,0.038,-0.397,0.295,0.161,0.269,0.111,0.031,0.024,34,18,13,10,0.274,0.184,0.269,0.123,0.050,0.017,34,18,12,3
0.121,0.236,0.022,0.22,0.230,0,0.2216,0.0985,0.191,0.303,0.295,0.161,0.269,0.111,0.031,0.024,34,18,13,10,0.274,0.184,0.269,0.123,0.050,0.017,34,18,12,3
0.127,0.208,0.185,-0.48,0.134,0,0.2078,0.0875,0.442,0.007,0.295,0.161,0.269,0.111,0.031,0.024,34,18,13,10,0.274,0.184,0.269,0.123,0.050,0.017,34,18,12,3
0.103,0.218,0.124,3.14,0.186,0,0.1951,0.0777,0.080,-0.486,0.295,0.161,0.269,0.111,0.031,0.024,34,18,13,10,0.274,0.184,0.269,0.123,0.050,0.017,34,18,12,3
0.101,0.215,0.003,1.99,0.186,0,0.1750,0.0677,0.047,-0.326,0.295,0.161,0.269,0.111,0.031,0.024,34,18,13,10,0.274,0.184,0.269,0.123,0.050,0.017,34,18,12,3
0.103,0.321,0.432,-1.19,0.219,1,0.1609,0.0599,0.436,0.586,0.295,0.161,0.269,0.111,0.031,0.024,34,18,13,10,0.274,0.184,0.269,0.123,0.050,0.017,34,18,12,3
0.129,0.337,0.439,-1.19,0.219,1,0.1523,0.0539,0.447,0.586,0.295,0.161,0.269,0.111,0.031,0.024,34,18,13,10,0.274,0.184,0.269,0.123,0.050,0.017,34,18,12,3
0.114,0.395,0.511,1.37,0.298,0,0.1563,0.0555,0.074,-0.510,0.295,0.161,0.269,0.111,0.031,0.024,34,18,13,10,0.274,0.184,0.269,0.123,0.050,0.017,34,18,12,3
0.108,0.323,0.180,0.22,0.230,0,0.1592,0.0581,0.143,0.303,0.295,0.161,0.269,0.111,0.031,0.024,34,18,13,10,0.274,0.184,0.269,0.123,0.050,0.017,34,18,12,3
0.107,0.327,0.389,-0.42,0.180,0,0.1579,0.0570,0.303,0.318,0.295,0.161,0.269,0.111,0.031,0.024,34,18,13,10,0.274,0.184,0.269,0.123,0.050,0.017,34,18,12,3
0.131,0.281,0.492,1.69,0.290,0,0.1456,0.0508,0.058,-0.697,0.295,0.161,0.269,0.111,0.031,0.024,34,18,13,10,0.274,0.184,0.269,0.123,0.050,0.017,34,18,12,3
0.120,0.257,0.009,3.14,0.186,0,0.1342,0.0457,0.052,-0.486,0.295,0.161,0.269,0.111,0.031,0.024,34,18,13,10,0.274,0.184,0.269,0.123,0.050,0.017,34,18,12,3
0.108,0.247,0.107,2.53,0.140,0,0.1287,0.0441,0.070,-0.121,0.295,0.161,0.269,0.111,0.031,0.024,34,18,13,10,0.274,0.184,0.269,0.123,0.050,0.017,34,18,12,3
0.105,0.290,0.036,-0.79,0.151,-1,0.1151,0.0387,0.204,0.736,0.295,0.161,0.269,0.111,0.031,0.024,34,18,13,10,0.274,0.184,0.269,0.123,0.050,0.017,34,18,12,3
0.108,0.284,0.181,2.1,0.128,0,0.1033,0.0346,0.043,0.02,0.295,0.161,0.269,0.111,0.031,0.024,34,18,13,10,0.274,0.184,0.269,0.123,0.050,0.017,34,18,12,3
0.110,0.345,0.405,0.22,0.230,0,0.0861,0.0281,0.207,0.303,0.295,0.161,0.269,0.111,0.031,0.024,34,18,13,10,0.274,0.184,0.269,0.123,0.050,0.017,34,18,12,3
0.092,0.331,0.137,0,0.000,0,0.0808,0.0262,0.269,0.166,0.295,0.161,0.269,0.111,0.031,0.024,34,18,13,10,0.274,0.184,0.269,0.123,0.050,0.017,34,18,12,3
0.066,0.398,0.477,-0.48,0.134,0,0.0782,0.0264,0.239,0.007,0.295,0.161,0.269,0.111,0.031,0.024,34,18,13,10,0.274,0.184,0.269,0.123,0.050,0.017,34,18,12,3
0.077,0.406,0.475,-0.08,0.108,0,0.0699,0.0232,0.236,0.059,0.295,0.161,0.269,0.111,0.031,0.024,34,18,13,10,0.274,0.184,0.269,0.123,0.050,0.017,34,18,12,3
0.071,0.315,0.260,1.99,0.186,0,0.0701,0.0228,0.127,-0.326,0.295,0.161,0.269,0.111,0.031,0.024,34,18,13,10,0.274,0.184,0.269,0.123,0.050,0.017,34,18,12,3
0.070,0.279,0.044,1.99,0.186,0,0.0847,0.0275,0.095,-0.326,0.295,0.161,0.269,0.111,0.031,0.024,34,18,13,10,0.274,0.184,0.269,0.123,0.050,0.017,34,18,12,3
0.085,0.235,0.398,-1.14,0.131,0,0.1031,0.0334,0.242,0.987,0.295,0.161,0.269,0.111,0.031,0.024,34,18,13,10,0.274,0.184,0.269,0.123,0.050,0.017,34,18,12,3
0.084,0.290,0.632,-0.42,0.180,0,0.1186,0.0383,0.280,0.318,0.295,0.161,0.269,0.111,0.031,0.024,34,18,13,10,0.274,0.184,0.269,0.123,0.050,0.017,34,18,12,3
0.086,0.273,0.150,1.69,0.290,0,0.1325,0.0424,0.084,-0.697,0.295,0.161,0.269,0.111,0.031,0.024,34,18,13,10,0.274,0.184,0.269,0.123,0.050,0.017,34,18,12,3
0.106,0.209,0.139,1.99,0.186,0,0.1444,0.0459,0.116,-0.326,0.295,0.161,0.269,0.111,0.031,0.024,34,18,13,10,0.274,0.184,0.269,0.123,0.050,0.017,34,18,12,3
0.083,0.270,0.390,0,0.000,0,0.1474,0.0460,0.179,0.166,0.295,0.161,0.269,0.111,0.031,0.024,34,18,13,10,0.274,0.184,0.269,0.123,0.050,0.017,34,18,12,3
0.073,0.242,0.369,1.42,0.221,0,0.1392,0.0428,0.129,-0.397,0.295,0.161,0.269,0.111,0.031,0.024,34,18,13,10,0.274,0.184,0.269,0.123,0.050,0.017,34,18,12,3
0.064,0.411,0.390,1.37,0.298,0,0.1296,0.0394,0.097,-0.510,0.295,0.161,0.269,0.111,0.031,0.024,34,18,13,10,0.274,0.184,0.269,0.123,0.050,0.017,34,18,12,3
0.079,0.390,0.645,0.2,0.291,1,0.1136,0.0341,0.290,0.180,0.295,0.161,0.269,0.111,0.031,0.024,34,18,13,10,0.274,0.184,0.269,0.123,0.050,0.017,34,18,12,3
0.084,0.351,0.372,1.99,0.186,0,0.1007,0.0312,0.089,-0.326,0.295,0.161,0.269,0.111,0.031,0.024,34,18,13,10,0.274,0.184,0.269,0.123,0.050,0.017,34,18,12,3
0.084,0.411,0.543,-0.08,0.108,0,0.0854,0.0252,0.189,0.059,0.295,0.161,0.269,0.111,0.031,0.024,34,18,13,10,0.274,0.184,0.269,0.123,0.050,0.017,34,18,12,3
0.080,0.336,0.370,2.53,0.140,0,0.0849,0.0270,0.128,-0.121,0.295,0.161,0.269,0.111,0.031,0.024,34,18,13,10,0.274,0.184,0.269,0.123,0.050,0.017,34,18,12,3
0.087,0.273,0.433,-1.1,0.105,-1,0.0849,0.0280,0.423,0.192,0.295,0.161,0.269,0.111,0.031,0.024,34,18,13,10,0.274,0.184,0.269,0.123,0.050,0.017,34,18,12,3
0.076,0.297,0.461,0,0.000,0,0.0928,0.0333,0.233,0.166,0.295,0.161,0.269,0.111,0.031,0.024,34,18,13,10,0.274,0.184,0.269,0.123,0.050,0.017,34,18,12,3
0.093,0.264,0.381,2.53,0.140,0,0.1099,0.0414,0.150,-0.121,0.295,0.161,0.269,0.111,0.031,0.024,34,18,13,10,0.274,0.184,0.269,0.123,0.050,0.017,34,18,12,3
0.077,0.376,0.411,-0.79,0.151,-1,0.1240,0.0492,0.279,0.736,0.295,0.161,0.269,0.111,0.031,0.024,34,18,13,10,0.274,0.184,0.269,0.123,0.050,0.017,34,18,12,3
0.079,0.340,0.430,-0.08,0.108,0,0.1336,0.0572,0.138,0.059,0.295,0.161,0.269,0.111,0.031,0.024,34,18,13,10,0.274,0.184,0.269,0.123,0.050,0.017,34,18,12,3
0.081,0.409,0.520,1.37,0.298,0,0.1444,0.0664,0.080,-0.510,0.295,0.161,0.269,0.111,0.031,0.024,34,18,13,10,0.274,0.184,0.269,0.123,0.050,0.017,34,18,12,3
0.095,0.369,0.310,1.42,0.221,0,0.1524,0.0755,0.084,-0.397,0.295,0.161,0.269,0.111,0.031,0.024,34,18,13,10,0.274,0.184,0.269,0.123,0.050,0.017,34,18,12,3
0.091,0.326,0.513,2.53,0.140,0,0.1700,0.0916,0.108,-0.121,0.295,0.161,0.269,0.111,0.031,0.024,34,18,13,10,0.274,0.184,0.269,0.123,0.050,0.017,34,18,12,3
0.087,0.326,0.330,2.53,0.140,0,0.1865,0.1063,0.061,-0.121,0.295,0.161,0.269,0.111,0.031,0.024,34,18,13,10,0.274,0.184,0.269,0.123,0.050,0.017,34,18,12,3
0.092,0.399,0.556,-0.08,0.108,0,0.1950,0.1168,0.073,0.059,0.295,0.161,0.269,0.111,0.031,0.024,34,18,13,10,0.274,0.184,0.269,0.123,0.050,0.017,34,18,12,3
0.098,0.423,0.578,0.2,0.291,1,0.1978,0.1229,0.269,0.180,0.295,0.161,0.269,0.111,0.031,0.024,34,18,13,10,0.274,0.184,0.269,0.123,0.050,0.017,34,18,12,3
0.107,0.428,0.695,-0.48,0.134,0,0.1894,0.1199,0.199,0.007,0.295,0.161,0.269,0.111,0.031,0.024,34,18,13,10,0.274,0.184,0.269,0.123,0.050,0.017,34,18,12,3
0.129,0.395,0.474,2.53,0.140,0,0.1790,0.1178,0.125,-0.121,0.295,0.161,0.269,0.111,0.031,0.024,34,18,13,10,0.274,0.184,0.269,0.123,0.050,0.017,34,18,12,3
0.116,0.479,0.485,1.69,0.290,0,0.1755,0.1224,0.146,-0.697,0.295,0.161,0.269,0.111,0.031,0.024,34,18,13,10,0.274,0.184,0.269,0.123,0.050,0.017,34,18,12,3
0.136,0.466,0.420,-0.52,0.062,0,0.1856,0.1372,0.228,0.341,0.295,0.161,0.269,0.111,0.031,0.024,34,18,13,10,0.274,0.184,0.269,0.123,0.050,0.017,34,18,12,3
0.142,0.444,0.399,0.22,0.230,0,0.2005,0.1564,0.252,0.303,0.295,0.161,0.269,0.111,0.031,0.024,34,18,13,10,0.274,0.184,0.269,0.123,0.050,0.017,34,18,12,3
0.194,0.508,0.487,0.2,0.291,1,0.2048,0.1658,0.265,0.180,0.295,0.161,0.269,0.111,0.031,0.024,34,18,13,10,0.274,0.184,0.269,0.123,0.050,0.017,34,18,12,3
0.190,0.313,0.170,1.99,0.186,0,0.2170,0.1798,0.085,-0.326,0.295,0.161,0.269,0.111,0.031,0.024,34,18,13,10,0.274,0.184,0.269,0.123,0.050,0.017,34,18,12,3
0.199,0.396,0.422,-0.08,0.108,0,0.2268,0.1935,0.250,0.059,0.295,0.161,0.269,0.111,0.031,0.024,34,18,13,10,0.274,0.184,0.269,0.123,0.050,0.017,34,18,12,3
0.190,0.384,0.298,2.53,0.140,0,0.2516,0.2189,0.129,-0.121,0.295,0.161,0.269,0.111,0.031,0.024,34,18,13,10,0.274,0.184,0.269,0.123,0.050,0.017,34,18,12,3
0.199,0.503,0.593,0.22,0.230,0,0.2687,0.2381,0.194,0.303,0.295,0.161,0.269,0.111,0.031,0.024,34,18,13,10,0.274,0.184,0.269,0.123,0.050,0.017,34,18,12,3
0.193,0.628,0.668,0.2,0.291,1,0.2867,0.2575,0.327,0.180,0.295,0.161,0.269,0.111,0.031,0.024,34,18,13,10,0.274,0.184,0.269,0.123,0.050,0.017,34,18,12,3
0.232,0.690,0.665,-1.19,0.219,1,0.3016,0.2735,0.376,0.586,0.295,0.161,0.269,0.111,0.031,0.024,34,18,13,10,0.274,0.184,0.269,0.123,0.050,0.017,34,18,12,3
0.193,0.861,0.568,1.37,0.298,0,0.3170,0.2879,0.182,-0.510,0.295,0.161,0.269,0.111,0.031,0.024,34,18,13,10,0.274,0.184,0.269,0.123,0.050,0.017,34,18,12,3
0.230,0.850,0.741,-1.1,0.105,-1,0.3285,0.3013,0.292,0.192,0.295,0.161,0.269,0.111,0.031,0.024,34,18,13,10,0.274,0.184,0.269,0.123,0.050,0.017,34,18,12,3
0.230,0.839,0.432,1.99,0.186,0,0.3614,0.3325,0.190,-0.326,0.295,0.161,0.269,0.111,0.031,0.024,34,18,13,10,0.274,0.184,0.269,0.123,0.050,0.017,34,18,12,3
0.209,0.849,0.971,-1.19,0.219,1,0.3905,0.3599,0.542,0.586,0.295,0.161,0.269,0.111,0.031,0.024,34,18,13,10,0.274,0.184,0.269,0.123,0.050,0.017,34,18,12,3
0.244,0.895,0.657,0,0.000,0,0.4182,0.3879,0.312,0.166,0.295,0.161,0.269,0.111,0.031,0.024,34,18,13,10,0.274,0.184,0.269,0.123,0.050,0.017,34,18,12,3
0.205,0.627,0.702,-0.52,0.062,0,0.4452,0.4125,0.234,0.341,0.295,0.161,0.269,0.111,0.031,0.024,34,18,13,10,0.274,0.184,0.269,0.123,0.050,0.017,34,18,12,3
0.258,0.555,0.720,-0.08,0.108,0,0.4598,0.4261,0.356,0.059,0.295,0.161,0.269,0.111,0.031,0.024,34,18,13,10,0.274,0.184,0.269,0.123,0.050,0.017,34,18,12,3
0.259,0.314,0.666,2.53,0.140,0,0.4707,0.4373,0.214,-0.121,0.295,0.161,0.269,0.111,0.031,0.024,34,18,13,10,0.274,0.184,0.269,0.123,0.050,0.017,34,18,12,3
0.292,0.252,0.555,0.85,0.046,0,0.4778,0.4485,0.233,0.06,0.295,0.161,0.269,0.111,0.031,0.024,34,18,13,10,0.274,0.184,0.269,0.123,0.050,0.017,34,18,12,3
0.274,0.367,0.798,0.2,0.291,1,0.4861,0.4632,0.408,0.180,0.295,0.161,0.269,0.111,0.031,0.024,34,18,13,10,0.274,0.184,0.269,0.123,0.050,0.017,34,18,12,3
0.227,0.178,0.560,-0.79,0.151,-1,0.4949,0.4771,0.389,0.736,0.295,0.161,0.269,0.111,0.031,0.024,34,18,13,10,0.274,0.184,0.269,0.123,0.050,0.017,34,18,12,3
0.241,0.137,0.488,0.85,0.046,0,0.5023,0.4858,0.260,0.06,0.295,0.161,0.269,0.111,0.031,0.024,34,18,13,10,0.274,0.184,0.269,0.123,0.050,0.017,34,18,12,3
0.239,0.143,0.421,-0.52,0.062,0,0.5072,0.4922,0.337,0.341,0.295,0.161,0.269,0.111,0.031,0.024,34,18,13,10,0.274,0.184,0.269,0.123,0.050,0.017,34,18,12,3
0.203,0.119,0.234,-1.1,0.105,-1,0.5104,0.4983,0.410,0.192,0.295,0.161,0.269,0.111,0.031,0.024,34,18,13,10,0.274,0.184,0.269,0.123,0.050,0.017,34,18,12,3
0.203,0.141,0.208,-1.19,0.219,1,0.5140,0.5063,0.485,0.586,0.295,0.161,0.269,0.111,0.031,0.024,34,18,13,10,0.274,0.184,0.269,0.123,0.050,0.017,34,18,12,3
0.192,0.091,0.065,-0.79,0.151,-1,0.5061,0.5065,0.501,0.736,0.295,0.161,0.269,0.111,0.031,0.024,34,18,13,10,0.274,0.184,0.269,0.123,0.050,0.017,34,18,12,3
0.157,0.095,0.294,-1.19,0.219,1,0.4943,0.5036,0.419,0.586,0.295,0.161,0.269,0.111,0.031,0.024,34,18,13,10,0.274,0.184,0.269,0.123,0.050,0.017,34,18,12,3
0.158,0.087,0.095,0.85,0.046,0,0.4827,0.5010,0.353,0.06,0.295,0.161,0.269,0.111,0.031,0.024,34,18,13,10,0.274,0.184,0.269,0.123,0.050,0.017,34,18,12,3
0.131,0.138,0.133,-1.19,0.219,1,0.4708,0.4961,0.542,0.586,0.295,0.161,0.269,0.111,0.031,0.024,34,18,13,10,0.274,0.184,0.269,0.123,0.050,0.017,34,18,12,3
0.130,0.130,0.004,-1.1,0.105,-1,0.4631,0.4954,0.535,0.192,0.295,0.161,0.269,0.111,0.031,0.024,34,18,13,10,0.274,0.184,0.269,0.123,0.050,0.017,34,18,12,3
0.106,0.145,0.002,1.99,0.186,0,0.4670,0.5044,0.146,-0.326,0.295,0.161,0.269,0.111,0.031,0.024,34,18,13,10,0.274,0.184,0.269,0.123,0.050,0.017,34,18,12,3
0.106,0.197,0.003,-1.14,0.131,0,0.4601,0.5051,0.405,0.987,0.295,0.161,0.269,0.111,0.031,0.024,34,18,13,10,0.274,0.184,0.269,0.123,0.050,0.017,34,18,12,3
0.107,0.279,0.053,-0.08,0.108,0,0.4494,0.5031,0.398,0.059,0.295,0.161,0.269,0.111,0.031,0.024,34,18,13,10,0.274,0.184,0.269,0.123,0.050,0.017,34,18,12,3
0.099,0.254,0.124,1.69,0.290,0,0.4317,0.4911,0.154,-0.697,0.295,0.161,0.269,0.111,0.031,0.024,34,18,13,10,0.274,0.184,0.269,0.123,0.050,0.017,34,18,12,3
0.128,0.281,0.459,-1.19,0.219,1,0.4158,0.4782,0.487,0.586,0.295,0.161,0.269,0.111,0.031,0.024,34,18,13,10,0.274,0.184,0.269,0.123,0.050,0.017,34,18,12,3
0.102,0.245,0.418,-1.1,0.105,-1,0.4104,0.4693,0.392,0.192,0.295,0.161,0.269,0.111,0.031,0.024,34,18,13,10,0.274,0.184,0.269,0.123,0.050,0.017,34,18,12,3
0.135,0.249,0.233,-0.48,0.134,0,0.3913,0.4507,0.373,0.007,0.295,0.161,0.269,0.111,0.031,0.024,34,18,13,10,0.274,0.184,0.269,0.123,0.050,0.017,34,18,12,3
0.109,0.260,0.063,-1.1,0.105,-1,0.3730,0.4339,0.398,0.192,0.295,0.161,0.269,0.111,0.031,0.024,34,18,13,10,0.274,0.184,0.269,0.123,0.050,0.017,34,18,12,3
0.110,0.280,0.004,1.69,0.290,0,0.3694,0.4279,0.150,-0.697,0.295,0.161,0.269,0.111,0.031,0.024,34,18,13,10,0.274,0.184,0.269,0.123,0.050,0.017,34,18,12,3
0.072,0.196,0.002,1.99,0.186,0,0.3798,0.4303,0.177,-0.326,0.295,0.161,0.269,0.111,0.031,0.024,34,18,13,10,0.274,0.184,0.269,0.123,0.050,0.017,34,18,12,3
0.060,0.303,0.147,-0.48,0.134,0,0.3997,0.4357,0.359,0.007,0.295,0.161,0.269,0.111,0.031,0.024,34,18,13,10,0.274,0.184,0.269,0.123,0.050,0.017,34,18,12,3
0.064,0.281,0.037,-0.79,0.151,-1,0.4239,0.4463,0.475,0.736,0.295,0.161,0.269,0.111,0.031,0.024,34,18,13,10,0.274,0.184,0.269,0.123,0.050,0.017,34,18,12,3
0.084,0.268,0.050,0,0.000,0,0.4372,0.4500,0.373,0.166,0.295,0.161,0.269,0.111,0.031,0.024,34,18,13,10,0.274,0.184,0.269,0.123,0.050,0.017,34,18,12,3
0.110,0.339,0.155,-0.42,0.180,0,0.4403,0.4456,0.270,0.318,0.295,0.161,0.269,0.111,0.031,0.024,34,18,13,10,0.274,0.184,0.269,0.123,0.050,0.017,34,18,12,3
0.113,0.337,0.327,-1.19,0.219,1,0.4295,0.4261,0.389,0.586,0.295,0.161,0.269,0.111,0.031,0.024,34,18,13,10,0.274,0.184,0.269,0.123,0.050,0.017,34,18,12,3
0.074,0.260,0.090,1.99,0.186,0,0.4203,0.4081,0.175,-0.326,0.295,0.161,0.269,0.111,0.031,0.024,34,18,13,10,0.274,0.184,0.269,0.123,0.050,0.017,34,18,12,3
0.077,0.294,0.546,0.22,0.230,0,0.4029,0.3822,0.287,0.303,0.295,0.161,0.269,0.111,0.031,0.024,34,18,13,10,0.274,0.184,0.269,0.123,0.050,0.017,34,18,12,3
0.074,0.267,0.149,2.53,0.140,0,0.3983,0.3642,0.210,-0.121,0.295,0.161,0.269,0.111,0.031,0.024,34,18,13,10,0.274,0.184,0.269,0.123,0.050,0.017,34,18,12,3
0.097,0.212,0.403,0,0.000,0,0.3961,0.3476,0.219,0.166,0.295,0.161,0.269,0.111,0.031,0.024,34,18,13,10,0.274,0.184,0.269,0.123,0.050,0.017,34,18,12,3
0.117,0.151,0.326,-0.79,0.151,-1,0.4002,0.3370,0.398,0.736,0.295,0.161,0.269,0.111,0.031,0.024,34,18,13,10,0.274,0.184,0.269,0.123,0.050,0.017,34,18,12,3
0.145,0.174,0.319,-0.79,0.151,-1,0.3978,0.3211,0.468,0.736,0.295,0.161,0.269,0.111,0.031,0.024,34,18,13,10,0.274,0.184,0.269,0.123,0.050,0.017,34,18,12,3
0.176,0.162,0.415,-0.52,0.062,0,0.3882,0.3021,0.212,0.341,0.295,0.161,0.269,0.111,0.031,0.024,34,18,13,10,0.274,0.184,0.269,0.123,0.050,0.017,34,18,12,3
0.205,0.219,0.482,-1.19,0.219,1,0.3781,0.2850,0.268,0.586,0.295,0.161,0.269,0.111,0.031,0.024,34,18,13,10,0.274,0.184,0.269,0.123,0.050,0.017,34,18,12,3
0.201,0.259,0.358,-1.19,0.219,1,0.3762,0.2725,0.485,0.586,0.295,0.161,0.269,0.111,0.031,0.024,34,18,13,10,0.274,0.184,0.269,0.123,0.050,0.017,34,18,12,3
0.172,0.196,0.410,-0.48,0.134,0,0.3555,0.2473,0.374,0.007,0.295,0.161,0.269,0.111,0.031,0.024,34,18,13,10,0.274,0.184,0.269,0.123,0.050,0.017,34,18,12,3
0.116,0.169,0.007,1.69,0.290,0,0.3251,0.2168,0.053,-0.697,0.295,0.161,0.269,0.111,0.031,0.024,34,18,13,10,0.274,0.184,0.269,0.123,0.050,0.017,34,18,12,3
0.116,0.160,0.032,1.99,0.186,0,0.2959,0.1908,0.134,-0.326,0.295,0.161,0.269,0.111,0.031,0.024,34,18,13,10,0.274,0.184,0.269,0.123,0.050,0.017,34,18,12,3
0.108,0.210,0.140,-0.79,0.151,-1,0.2670,0.1656,0.462,0.736,0.295,0.161,0.269,0.111,0.031,0.024,34,18,13,10,0.274,0.184,0.269,0.123,0.050,0.017,34,18,12,3
0.105,0.285,0.497,-1.19,0.219,1,0.2416,0.1419,0.280,0.586,0.295,0.161,0.269,0.111,0.031,0.024,34,18,13,10,0.274,0.184,0.269,0.123,0.050,0.017,34,18,12,3
0.102,0.250,0.004,1.99,0.186,0,0.2177,0.1239,0.046,-0.326,0.295,0.161,0.269,0.111,0.031,0.024,34,18,13,10,0.274,0.184,0.269,0.123,0.050,0.017,34,18,12,3
0.155,0.312,0.376,-1.19,0.219,1,0.1929,0.1078,0.445,0.586,0.295,0.161,0.269,0.111,0.031,0.024,34,18,13,10,0.274,0.184,0.269,0.123,0.050,0.017,34,18,12,3
0.183,0.385,0.539,0.2,0.291,1,0.1694,0.0950,0.431,0.180,0.295,0.161,0.269,0.111,0.031,0.024,34,18,13,10,0.274,0.184,0.269,0.123,0.050,0.017,34,18,12,3
0.182,0.319,0.165,-1.1,0.105,-1,0.1436,0.0789,0.209,0.192,0.295,0.161,0.269,0.111,0.031,0.024,34,18,13,10,0.274,0.184,0.269,0.123,0.050,0.017,34,18,12,3
0.142,0.264,0.017,2.53,0.140,0,0.1214,0.0674,0.119,-0.121,0.295,0.161,0.269,0.111,0.031,0.024,34,18,13,10,0.274,0.184,0.269,0.123,0.050,0.017,34,18,12,3
0.103,0.266,0.037,-0.79,0.151,-1,0.0948,0.0533,0.407,0.736,0.295,0.161,0.269,0.111,0.031,0.024,34,18,13,10,0.274,0.184,0.269,0.123,0.050,0.017,34,18,12,3
0.128,0.343,0.005,1.69,0.290,0,0.0818,0.0485,0.119,-0.697,0.295,0.161,0.269,0.111,0.031,0.024,34,18,13,10,0.274,0.184,0.269,0.123,0.050,0.017,34,18,12,3
0.153,0.341,0.002,1.99,0.186,0,0.0737,0.0456,0.078,-0.326,0.295,0.161,0.269,0.111,0.031,0.024,34,18,13,10,0.274,0.184,0.269,0.123,0.050,0.017,34,18,12,3
0.153,0.301,0.024,0.85,0.046,0,0.0782,0.0513,0.212,0.06,0.295,0.161,0.269,0.111,0.031,0.024,34,18,13,10,0.274,0.184,0.269,0.123,0.050,0.017,34,18,12,3
0.186,0.383,0.004,-0.42,0.180,0,0.0761,0.0518,0.332,0.318,0.295,0.161,0.269,0.111,0.031,0.024,34,18,13,10,0.274,0.184,0.269,0.123,0.050,0.017,34,18,12,3
0.155,0.831,0.002,1.99,0.186,0,0.0715,0.0505,0.045,-0.326,0.295,0.161,0.269,0.111,0.031,0.024,34,18,13,10,0.274,0.184,0.269,0.123,0.050,0.017,34,18,12,3
0.152,0.470,0.138,-1.19,0.219,1,0.0597,0.0447,0.331,0.586,0.295,0.161,0.269,0.111,0.031,0.024,34,18,13,10,0.274,0.184,0.269,0.123,0.050,0.017,34,18,12,3
0.132,0.403,0.149,3.14,0.186,0,0.0576,0.0465,0.170,-0.486,0.295,0.161,0.269,0.111,0.031,0.024,34,18,13,10,0.274,0.184,0.269,0.123,0.050,0.017,34,18,12,3
0.122,0.459,0.433,1.42,0.221,0,0.0553,0.0447,0.171,-0.397,0.295,0.161,0.269,0.111,0.031,0.024,34,18,13,10,0.274,0.184,0.269,0.123,0.050,0.017,34,18,12,3
0.127,0.364,0.535,-1.1,0.105,-1,0.0611,0.0503,0.242,0.192,0.295,0.161,0.269,0.111,0.031,0.024,34,18,13,10,0.274,0.184,0.269,0.123,0.050,0.017,34,18,12,3
0.122,0.470,0.515,1.37,0.298,0,0.0706,0.0560,0.137,-0.510,0.295,0.161,0.269,0.111,0.031,0.024,34,18,13,10,0.274,0.184,0.269,0.123,0.050,0.017,34,18,12,3
0.155,0.364,0.447,-0.52,0.062,0,0.0916,0.0708,0.131,0.341,0.295,0.161,0.269,0.111,0.031,0.024,34,18,13,10,0.274,0.184,0.269,0.123,0.050,0.017,34,18,12,3
0.186,0.331,0.307,1.99,0.186,0,0.1244,0.0980,0.098,-0.326,0.295,0.161,0.269,0.111,0.031,0.024,34,18,13,10,0.274,0.184,0.269,0.123,0.050,0.017,34,18,12,3
0.154,0.325,0.203,1.99,0.186,0,0.1543,0.1227,0.078,-0.326,0.295,0.161,0.269,0.111,0.031,0.024,34,18,13,10,0.274,0.184,0.269,0.123,0.050,0.017,34,18,12,3
0.149,0.346,0.333,2.53,0.140,0,0.1915,0.1574,0.066,-0.121,0.295,0.161,0.269,0.111,0.031,0.024,34,18,13,10,0.274,0.184,0.269,0.123,0.050,0.017,34,18,12,3
0.126,0.343,0.331,0,0.000,0,0.2321,0.1981,0.103,0.166,0.295,0.161,0.269,0.111,0.031,0.024,34,18,13,10,0.274,0.184,0.269,0.123,0.050,0.017,34,18,12,3
0.103,0.320,0.188,3.14,0.186,0,0.2693,0.2371,0.085,-0.486,0.295,0.161,0.269,0.111,0.031,0.024,34,18,13,10,0.274,0.184,0.269,0.123,0.050,0.017,34,18,12,3
0.086,0.310,0.372,0.22,0.230,0,0.2969,0.2689,0.239,0.303,0.295,0.161,0.269,0.111,0.031,0.024,34,18,13,10,0.274,0.184,0.269,0.123,0.050,0.017,34,18,12,3
0.071,0.197,0.172,-1.1,0.105,-1,0.3245,0.2997,0.255,0.192,0.295,0.161,0.269,0.111,0.031,0.024,34,18,13,10,0.274,0.184,0.269,0.123,0.050,0.017,34,18,12,3
0.068,0.176,0.010,2.53,0.140,0,0.3452,0.3236,0.150,-0.121,0.295,0.161,0.269,0.111,0.031,0.024,34,18,13,10,0.274,0.184,0.269,0.123,0.050,0.017,34,18,12,3
0.058,0.134,0.100,-1.1,0.105,-1,0.3763,0.3523,0.379,0.192,0.295,0.161,0.269,0.111,0.031,0.024,34,18,13,10,0.274,0.184,0.269,0.123,0.050,0.017,34,18,12,3
0.052,0.123,0.509,0.2,0.291,1,0.4257,0.3924,0.374,0.180,0.295,0.161,0.269,0.111,0.031,0.024,34,18,13,10,0.274,0.184,0.269,0.123,0.050,0.017,34,18,12,3
0.052,0.077,0.059,0.85,0.046,0,0.4792,0.4362,0.355,0.06,0.295,0.161,0.269,0.111,0.031,0.024,34,18,13,10,0.274,0.184,0.269,0.123,0.050,0.017,34,18,12,3
0.052,0.081,0.005,-0.79,0.151,-1,0.5341,0.4808,0.383,0.736,0.295,0.161,0.269,0.111,0.031,0.024,34,18,13,10,0.274,0.184,0.269,0.123,0.050,0.017,34,18,12,3
0.042,0.081,0.081,-0.42,0.180,0,0.5874,0.5231,0.399,0.318,0.295,0.161,0.269,0.111,0.031,0.024,34,18,13,10,0.274,0.184,0.269,0.123,0.050,0.017,34,18,12,3
0.040,0.083,0.002,-0.79,0.151,-1,0.6453,0.5694,0.364,0.736,0.295,0.161,0.269,0.111,0.031,0.024,34,18,13,10,0.274,0.184,0.269,0.123,0.050,0.017,34,18,12,3
0.031,0.081,0.001,-0.79,0.151,-1,0.6943,0.6086,0.390,0.736,0.295,0.161,0.269,0.111,0.031,0.024,34,18,13,10,0.274,0.184,0.269,0.123,0.050,0.017,34,18,12,3
0.026,0.076,0.002,1.42,0.221,0,0.7415,0.6467,0.276,-0.397,0.295,0.161,0.269,0.111,0.031,0.024,34,18,13,10,0.274,0.184,0.269,0.123,0.050,0.017,34,18,12,3
0.025,0.076,0.001,-0.79,0.151,-1,0.7654,0.6684,0.374,0.736,0.295,0.161,0.269,0.111,0.031,0.024,34,18,13,10,0.274,0.184,0.269,0.123,0.050,0.017,34,18,12,3
0.021,0.072,0.001,2.53,0.140,0,0.7848,0.6867,0.239,-0.121,0.295,0.161,0.269,0.111,0.031,0.024,34,18,13,10,0.274,0.184,0.269,0.123,0.050,0.017,34,18,12,3
0.017,0.072,0.001,-0.79,0.151,-1,0.7974,0.6969,0.383,0.736,0.295,0.161,0.269,0.111,0.031,0.024,34,18,13,10,0.274,0.184,0.269,0.123,0.050,0.017,34,18,12,3
0.017,0.073,0.002,-0.79,0.151,-1,0.8050,0.7021,0.386,0.736,0.295,0.161,0.269,0.111,0.031,0.024,34,18,13,10,0.274,0.184,0.269,0.123,0.050,0.017,34,18,12,3
0.017,0.077,0.083,0.2,0.291,1,0.7983,0.7001,0.348,0.180,0.295,0.161,0.269,0.111,0.031,0.024,34,18,13,10,0.274,0.184,0.269,0.123,0.050,0.017,34,18,12,3
0.017,0.080,0.001,0.85,0.046,0,0.7905,0.6996,0.269,0.06,0.295,0.161,0.269,0.111,0.031,0.024,34,18,13,10,0.274,0.184,0.269,0.123,0.050,0.017,34,18,12,3
0.021,0.082,0.001,-0.79,0.151,-1,0.7747,0.6964,0.416,0.736,0.295,0.161,0.269,0.111,0.031,0.024,34,18,13,10,0.274,0.184,0.269,0.123,0.050,0.017,34,18,12,3
0.023,0.076,0.002,-1.1,0.105,-1,0.7473,0.6840,0.395,0.192,0.295,0.161,0.269,0.111,0.031,0.024,34,18,13,10,0.274,0.184,0.269,0.123,0.050,0.017,34,18,12,3
0.024,0.073,0.003,-0.79,0.151,-1,0.7083,0.6616,0.424,0.736,0.295,0.161,0.269,0.111,0.031,0.024,34,18,13,10,0.274,0.184,0.269,0.123,0.050,0.017,34,18,12,3
0.029,0.072,0.001,-0.79,0.151,-1,0.6469,0.6214,0.423,0.736,0.295,0.161,0.269,0.111,0.031,0.024,34,18,13,10,0.274,0.184,0.269,0.123,0.050,0.017,34,18,12,3
0.028,0.051,0.004,2.1,0.128,0,0.5891,0.5832,0.173,0.02,0.295,0.161,0.269,0.111,0.031,0.024,34,18,13,10,0.274,0.184,0.269,0.123,0.050,0.017,34,18,12,3
0.036,0.055,0.001,-0.79,0.151,-1,0.5446,0.5524,0.434,0.736,0.295,0.161,0.269,0.111,0.031,0.024,34,18,13,10,0.274,0.184,0.269,0.123,0.050,0.017,34,18,12,3
0.038,0.130,0.113,-0.48,0.134,0,0.5099,0.5307,0.452,0.007,0.295,0.161,0.269,0.111,0.031,0.024,34,18,13,10,0.274,0.184,0.269,0.123,0.050,0.017,34,18,12,3
0.042,0.156,0.011,-1.1,0.105,-1,0.4803,0.5115,0.362,0.192,0.295,0.161,0.269,0.111,0.031,0.024,34,18,13,10,0.274,0.184,0.269,0.123,0.050,0.017,34,18,12,3
0.054,0.175,0.175,0,0.000,0,0.4563,0.4971,0.280,0.166,0.295,0.161,0.269,0.111,0.031,0.024,34,18,13,10,0.274,0.184,0.269,0.123,0.050,0.017,34,18,12,3
0.049,0.190,0.286,2.53,0.140,0,0.4526,0.4931,0.186,-0.121,0.295,0.161,0.269,0.111,0.031,0.024,34,18,13,10,0.274,0.184,0.269,0.123,0.050,0.017,34,18,12,3
0.046,0.276,0.183,0,0.000,0,0.4724,0.5059,0.238,0.166,0.295,0.161,0.269,0.111,0.031,0.024,34,18,13,10,0.274,0.184,0.269,0.123,0.050,0.017,34,18,12,3
0.055,0.206,0.186,0,0.000,0,0.5008,0.5232,0.136,0.166,0.295,0.161,0.269,0.111,0.031,0.024,34,18,13,10,0.274,0.184,0.269,0.123,0.050,0.017,34,18,12,3
0.055,0.222,0.131,-0.48,0.134,0,0.5280,0.5420,0.202,0.007,0.295,0.161,0.269,0.111,0.031,0.024,34,18,13,10,0.274,0.184,0.269,0.123,0.050,0.017,34,18,12,3
0.072,0.158,0.110,1.99,0.186,0,0.5489,0.5551,0.061,-0.326,0.295,0.161,0.269,0.111,0.031,0.024,34,18,13,10,0.274,0.184,0.269,0.123,0.050,0.017,34,18,12,3
0.085,0.114,0.202,1.99,0.186,0,0.5499,0.5516,0.070,-0.326,0.295,0.161,0.269,0.111,0.031,0.024,34,18,13,10,0.274,0.184,0.269,0.123,0.050,0.017,34,18,12,3
0.084,0.190,0.337,2.1,0.128,0,0.5537,0.5495,0.047,0.02,0.295,0.161,0.269,0.111,0.031,0.024,34,18,13,10,0.274,0.184,0.269,0.123,0.050,0.017,34,18,12,3
0.088,0.244,0.372,-0.52,0.062,0,0.5428,0.5370,0.093,0.341,0.295,0.161,0.269,0.111,0.031,0.024,34,18,13,10,0.274,0.184,0.269,0.123,0.050,0.017,34,18,12,3
0.103,0.280,0.446,1.37,0.298,0,0.5250,0.5230,0.150,-0.510,0.295,0.161,0.269,0.111,0.031,0.024,34,18,13,10,0.274,0.184,0.269,0.123,0.050,0.017,34,18,12,3
0.107,0.249,0.309,0,0.000,0,0.4894,0.4974,0.147,0.166,0.295,0.161,0.269,0.111,0.031,0.024,34,18,13,10,0.274,0.184,0.269,0.123,0.050,0.017,34,18,12,3
0.110,0.244,0.380,-0.08,0.108,0,0.4530,0.4711,0.185,0.059,0.295,0.161,0.269,0.111,0.031,0.024,34,18,13,10,0.274,0.184,0.269,0.123,0.050,0.017,34,18,12,3
0.091,0.206,0.187,-1.14,0.131,0,0.4003,0.4327,0.290,0.987,0.295,0.161,0.269,0.111,0.031,0.024,34,18,13,10,0.274,0.184,0.269,0.123,0.050,0.017,34,18,12,3
0.085,0.155,0.287,-1.14,0.131,0,0.3598,0.4059,0.453,0.987,0.295,0.161,0.269,0.111,0.031,0.024,34,18,13,10,0.274,0.184,0.269,0.123,0.050,0.017,34,18,12,3
0.086,0.216,0.256,-1.1,0.105,-1,0.3347,0.3903,0.432,0.192,0.295,0.161,0.269,0.111,0.031,0.024,34,18,13,10,0.274,0.184,0.269,0.123,0.050,0.017,34,18,12,3
0.084,0.213,0.406,-0.52,0.062,0,0.3306,0.3893,0.258,0.341,0.295,0.161,0.269,0.111,0.031,0.024,34,18,13,10,0.274,0.184,0.269,0.123,0.050,0.017,34,18,12,3
0.069,0.214,0.201,-1.14,0.131,0,0.3474,0.4026,0.401,0.987,0.295,0.161,0.269,0.111,0.031,0.024,34,18,13,10,0.274,0.184,0.269,0.123,0.050,0.017,34,18,12,3
0.071,0.238,0.247,0,0.000,0,0.3738,0.4245,0.307,0.166,0.295,0.161,0.269,0.111,0.031,0.024,34,18,13,10,0.274,0.184,0.269,0.123,0.050,0.017,34,18,12,3
0.065,0.256,0.080,-0.48,0.134,0,0.3926,0.4428,0.235,0.007,0.295,0.161,0.269,0.111,0.031,0.024,34,18,13,10,0.274,0.184,0.269,0.123,0.050,0.017,34,18,12,3
0.063,0.196,0.134,1.99,0.186,0,0.4127,0.4589,0.127,-0.326,0.295,0.161,0.269,0.111,0.031,0.024,34,18,13,10,0.274,0.184,0.269,0.123,0.050,0.017,34,18,12,3
0.058,0.204,0.011,1.99,0.186,0,0.4373,0.4786,0.134,-0.326,0.295,0.161,0.269,0.111,0.031,0.024,34,18,13,10,0.274,0.184,0.269,0.123,0.050,0.017,34,18,12,3
0.046,0.234,0.101,-0.52,0.062,0,0.4552,0.4903,0.183,0.341,0.295,0.161,0.269,0.111,0.031,0.024,34,18,13,10,0.274,0.184,0.269,0.123,0.050,0.017,34,18,12,3
0.046,0.235,0.153,1.69,0.290,0,0.4617,0.4908,0.090,-0.697,0.295,0.161,0.269,0.111,0.031,0.024,34,18,13,10,0.274,0.184,0.269,0.123,0.050,0.017,34,18,12,3
0.046,0.162,0.056,-1.14,0.131,0,0.4389,0.4668,0.163,0.987,0.295,0.161,0.269,0.111,0.031,0.024,34,18,13,10,0.274,0.184,0.269,0.123,0.050,0.017,34,18,12,3
0.051,0.241,0.531,0.2,0.291,1,0.3927,0.4232,0.324,0.180,0.295,0.161,0.269,0.111,0.031,0.024,34,18,13,10,0.274,0.184,0.269,0.123,0.050,0.017,34,18,12,3
0.054,0.216,0.264,1.69,0.290,0,0.3324,0.3650,0.143,-0.697,0.295,0.161,0.269,0.111,0.031,0.024,34,18,13,10,0.274,0.184,0.269,0.123,0.050,0.017,34,18,12,3
0.049,0.848,0.393,1.69,0.290,0,0.2791,0.3107,0.133,-0.697,0.295,0.161,0.269,0.111,0.031,0.024,34,18,13,10,0.274,0.184,0.269,0.123,0.050,0.017,34,18,12,3
0.051,0.288,0.377,0,0.000,0,0.2434,0.2712,0.186,0.166,0.295,0.161,0.269,0.111,0.031,0.024,34,18,13,10,0.274,0.184,0.269,0.123,0.050,0.017,34,18,12,3
0.044,0.230,0.271,-1.14,0.131,0,0.2167,0.2380,0.375,0.987,0.295,0.161,0.269,0.111,0.031,0.024,34,18,13,10,0.274,0.184,0.269,0.123,0.050,0.017,34,18,12,3
0.053,0.258,0.285,0,0.000,0,0.1974,0.2119,0.345,0.166,0.295,0.161,0.269,0.111,0.031,0.024,34,18,13,10,0.274,0.184,0.269,0.123,0.050,0.017,34,18,12,3
0.056,0.238,0.153,-0.79,0.151,-1,0.1791,0.1887,0.450,0.736,0.295,0.161,0.269,0.111,0.031,0.024,34,18,13,10,0.274,0.184,0.269,0.123,0.050,0.017,34,18,12,3
0.071,0.170,0.311,1.69,0.290,0,0.1933,0.1920,0.155,-0.697,0.295,0.161,0.269,0.111,0.031,0.024,34,18,13,10,0.274,0.184,0.269,0.123,0.050,0.017,34,18,12,3
0.071,0.196,0.091,-1.1,0.105,-1,0.2245,0.2072,0.253,0.192,0.295,0.161,0.269,0.111,0.031,0.024,34,18,13,10,0.274,0.184,0.269,0.123,0.050,0.017,34,18,12,3
0.093,0.185,0.011,-1.14,0.131,0,0.2761,0.2397,0.295,0.987,0.295,0.161,0.269,0.111,0.031,0.024,34,18,13,10,0.274,0.184,0.269,0.123,0.050,0.017,34,18,12,3
0.079,0.251,0.283,-0.52,0.062,0,0.3296,0.2729,0.303,0.341,0.295,0.161,0.269,0.111,0.031,0.024,34,18,13,10,0.274,0.184,0.269,0.123,0.050,0.017,34,18,12,3
0.080,0.204,0.200,2.53,0.140,0,0.3921,0.3164,0.112,-0.121,0.295,0.161,0.269,0.111,0.031,0.024,34,18,13,10,0.274,0.184,0.269,0.123,0.050,0.017,34,18,12,3
0.102,0.236,0.015,-1.1,0.105,-1,0.4445,0.3514,0.188,0.192,0.295,0.161,0.269,0.111,0.031,0.024,34,18,13,10,0.274,0.184,0.269,0.123,0.050,0.017,34,18,12,3
0.119,0.198,0.139,2.53,0.140,0,0.4827,0.3782,0.118,-0.121,0.295,0.161,0.269,0.111,0.031,0.024,34,18,13,10,0.274,0.184,0.269,0.123,0.050,0.017,34,18,12,3
0.144,0.290,0.584,1.37,0.298,0,0.5019,0.3903,0.192,-0.510,0.295,0.161,0.269,0.111,0.031,0.024,34,18,13,10,0.274,0.184,0.269,0.123,0.050,0.017,34,18,12,3
0.184,0.262,0.355,0.85,0.046,0,0.5131,0.3951,0.097,0.06,0.295,0.161,0.269,0.111,0.031,0.024,34,18,13,10,0.274,0.184,0.269,0.123,0.050,0.017,34,18,12,3
0.149,0.299,0.308,1.42,0.221,0,0.5013,0.3831,0.116,-0.397,0.295,0.161,0.269,0.111,0.031,0.024,34,18,13,10,0.274,0.184,0.269,0.123,0.050,0.017,34,18,12,3
0.181,0.369,0.659,-1.19,0.219,1,0.4636,0.3519,0.367,0.586,0.295,0.161,0.269,0.111,0.031,0.024,34,18,13,10,0.274,0.184,0.269,0.123,0.050,0.017,34,18,12,3
0.194,0.324,0.437,-0.52,0.062,0,0.4200,0.3162,0.254,0.341,0.295,0.161,0.269,0.111,0.031,0.024,34,18,13,10,0.274,0.184,0.269,0.123,0.050,0.017,34,18,12,3
0.169,0.326,0.488,0.22,0.230,0,0.3616,0.2702,0.321,0.303,0.295,0.161,0.269,0.111,0.031,0.024,34,18,13,10,0.274,0.184,0.269,0.123,0.050,0.017,34,18,12,3
0.183,0.259,0.243,-0.79,0.151,-1,0.2984,0.2203,0.517,0.736,0.295,0.161,0.269,0.111,0.031,0.024,34,18,13,10,0.274,0.184,0.269,0.123,0.050,0.017,34,18,12,3
0.175,0.298,0.389,-0.52,0.062,0,0.2587,0.1898,0.424,0.341,0.295,0.161,0.269,0.111,0.031,0.024,34,18,13,10,0.274,0.184,0.269,0.123,0.050,0.017,34,18,12,3
0.171,0.321,0.146,-0.52,0.062,0,0.2363,0.1744,0.321,0.341,0.295,0.161,0.269,0.111,0.031,0.024,34,18,13,10,0.274,0.184,0.269,0.123,0.050,0.017,34,18,12,3
0.174,0.342,0.025,-1.14,0.131,0,0.2178,0.1651,0.405,0.987,0.295,0.161,0.269,0.111,0.031,0.024,34,18,13,10,0.274,0.184,0.269,0.123,0.050,0.017,34,18,12,3
0.167,0.330,0.068,-1.19,0.219,1,0.2092,0.1646,0.459,0.586,0.295,0.161,0.269,0.111,0.031,0.024,34,18,13,10,0.274,0.184,0.269,0.123,0.050,0.017,34,18,12,3
0.182,0.333,0.226,-1.19,0.219,1,0.2114,0.1707,0.269,0.586,0.295,0.161,0.269,0.111,0.031,0.024,34,18,13,10,0.274,0.184,0.269,0.123,0.050,0.017,34,18,12,3
0.180,0.321,0.070,-0.79,0.151,-1,0.2157,0.1752,0.221,0.736,0.295,0.161,0.269,0.111,0.031,0.024,34,18,13,10,0.274,0.184,0.269,0.123,0.050,0.017,34,18,12,3
0.165,0.290,0.171,2.53,0.140,0,0.2256,0.1836,0.093,-0.121,0.295,0.161,0.269,0.111,0.031,0.024,34,18,13,10,0.274,0.184,0.269,0.123,0.050,0.017,34,18,12,3
0.129,0.415,0.181,1.37,0.298,0,0.2232,0.1825,0.065,-0.510,0.295,0.161,0.269,0.111,0.031,0.024,34,18,13,10,0.274,0.184,0.269,0.123,0.050,0.017,34,18,12,3
0.109,0.328,0.435,1.69,0.290,0,0.2203,0.1795,0.038,-0.697,0.295,0.161,0.269,0.111,0.031,0.024,34,18,13,10,0.274,0.184,0.269,0.123,0.050,0.017,34,18,12,3
0.098,0.283,0.188,1.42,0.221,0,0.2135,0.1729,0.058,-0.397,0.295,0.161,0.269,0.111,0.031,0.024,34,18,13,10,0.274,0.184,0.269,0.123,0.050,0.017,34,18,12,3
0.114,0.251,0.197,0.85,0.046,0,0.1998,0.1632,0.037,0.06,0.295,0.161,0.269,0.111,0.031,0.024,34,18,13,10,0.274,0.184,0.269,0.123,0.050,0.017,34,18,12,3
0.134,0.250,0.305,3.14,0.186,0,0.1744,0.1439,0.029,-0.486,0.295,0.161,0.269,0.111,0.031,0.024,34,18,13,10,0.274,0.184,0.269,0.123,0.050,0.017,34,18,12,3
0.157,0.233,0.180,3.14,0.186,0,0.1523,0.1272,0.033,-0.486,0.295,0.161,0.269,0.111,0.031,0.024,34,18,13,10,0.274,0.184,0.269,0.123,0.050,0.017,34,18,12,3
0.200,0.227,0.251,-1.1,0.105,-1,0.1359,0.1168,0.123,0.192,0.295,0.161,0.269,0.111,0.031,0.024,34,18,13,10,0.274,0.184,0.269,0.123,0.050,0.017,34,18,12,3
0.165,0.255,0.009,3.14,0.186,0,0.1269,0.1117,0.041,-0.486,0.295,0.161,0.269,0.111,0.031,0.024,34,18,13,10,0.274,0.184,0.269,0.123,0.050,0.017,34,18,12,3
0.135,0.289,0.002,1.99,0.186,0,0.1273,0.1110,0.070,-0.326,0.295,0.161,0.269,0.111,0.031,0.024,34,18,13,10,0.274,0.184,0.269,0.123,0.050,0.017,34,18,12,3
0.176,0.368,0.366,-0.08,0.108,0,0.1412,0.1177,0.168,0.059,0.295,0.161,0.269,0.111,0.031,0.024,34,18,13,10,0.274,0.184,0.269,0.123,0.050,0.017,34,18,12,3
0.176,0.347,0.272,-1.14,0.131,0,0.1594,0.1270,0.291,0.987,0.295,0.161,0.269,0.111,0.031,0.024,34,18,13,10,0.274,0.184,0.269,0.123,0.050,0.017,34,18,12,3
0.197,0.529,0.495,1.37,0.298,0,0.1854,0.1421,0.303,-0.510,0.295,0.161,0.269,0.111,0.031,0.024,34,18,13,10,0.274,0.184,0.269,0.123,0.050,0.017,34,18,12,3
0.280,0.347,0.411,-1.1,0.105,-1,0.2205,0.1634,0.373,0.192,0.295,0.161,0.269,0.111,0.031,0.024,34,18,13,10,0.274,0.184,0.269,0.123,0.050,0.017,34,18,12,3
0.260,0.440,0.463,-0.08,0.108,0,0.2654,0.1948,0.327,0.059,0.295,0.161,0.269,0.111,0.031,0.024,34,18,13,10,0.274,0.184,0.269,0.123,0.050,0.017,34,18,12,3
0.259,0.488,0.740,-1.19,0.219,1,0.3117,0.2296,0.492,0.586,0.295,0.161,0.269,0.111,0.031,0.024,34,18,13,10,0.274,0.184,0.269,0.123,0.050,0.017,34,18,12,3
0.314,0.481,0.812,-1.19,0.219,1,0.3566,0.2636,0.468,0.586,0.295,0.161,0.269,0.111,0.031,0.024,34,18,13,10,0.274,0.184,0.269,0.123,0.050,0.017,34,18,12,3
0.337,0.457,0.781,-1.19,0.219,1,0.3963,0.2930,0.373,0.586,0.295,0.161,0.269,0.111,0.031,0.024,34,18,13,10,0.274,0.184,0.269,0.123,0.050,0.017,34,18,12,3
0.353,0.314,0.073,0.85,0.046,0,0.4329,0.3222,0.143,0.06,0.295,0.161,0.269,0.111,0.031,0.024,34,18,13,10,0.274,0.184,0.269,0.123,0.050,0.017,34,18,12,3
0.361,0.372,0.539,0.85,0.046,0,0.4616,0.3485,0.306,0.06,0.295,0.161,0.269,0.111,0.031,0.024,34,18,13,10,0.274,0.184,0.269,0.123,0.050,0.017,34,18,12,3
0.367,0.427,0.801,0.22,0.230,0,0.4829,0.3680,0.319,0.303,0.295,0.161,0.269,0.111,0.031,0.024,34,18,13,10,0.274,0.184,0.269,0.123,0.050,0.017,34,18,12,3
0.382,0.301,0.033,0.85,0.046,0,0.4958,0.3801,0.141,0.06,0.295,0.161,0.269,0.111,0.031,0.024,34,18,13,10,0.274,0.184,0.269,0.123,0.050,0.017,34,18,12,3
0.341,0.285,0.039,0.85,0.046,0,0.4932,0.3787,0.171,0.06,0.295,0.161,0.269,0.111,0.031,0.024,34,18,13,10,0.274,0.184,0.269,0.123,0.050,0.017,34,18,12,3
0.364,0.315,0.655,-1.19,0.219,1,0.4904,0.3757,0.416,0.586,0.295,0.161,0.269,0.111,0.031,0.024,34,18,13,10,0.274,0.184,0.269,0.123,0.050,0.017,34,18,12,3
0.388,0.298,0.426,-0.08,0.108,0,0.4842,0.3682,0.234,0.059,0.295,0.161,0.269,0.111,0.031,0.024,34,18,13,10,0.274,0.184,0.269,0.123,0.050,0.017,34,18,12,3
0.388,0.236,0.012,2.53,0.140,0,0.4852,0.3655,0.120,-0.121,0.295,0.161,0.269,0.111,0.031,0.024,34,18,13,10,0.274,0.184,0.269,0.123,0.050,0.017,34,18,12,3
0.332,0.282,0.382,-1.19,0.219,1,0.4831,0.3608,0.443,0.586,0.295,0.161,0.269,0.111,0.031,0.024,34,18,13,10,0.274,0.184,0.269,0.123,0.050,0.017,34,18,12,3
0.244,0.270,0.565,0.22,0.230,0,0.4933,0.3637,0.354,0.303,0.295,0.161,0.269,0.111,0.031,0.024,34,18,13,10,0.274,0.184,0.269,0.123,0.050,0.017,34,18,12,3
0.194,0.237,0.259,0,0.000,0,0.5115,0.3705,0.312,0.166,0.295,0.161,0.269,0.111,0.031,0.024,34,18,13,10,0.274,0.184,0.269,0.123,0.050,0.017,34,18,12,3
0.159,0.200,0.115,0.85,0.046,0,0.5224,0.3758,0.317,0.06,0.295,0.161,0.269,0.111,0.031,0.024,34,18,13,10,0.274,0.184,0.269,0.123,0.050,0.017,34,18,12,3
0.154,0.210,0.197,0,0.000,0,0.5304,0.3817,0.327,0.166,0.295,0.161,0.269,0.111,0.031,0.024,34,18,13,10,0.274,0.184,0.269,0.123,0.050,0.017,34,18,12,3
0.128,0.171,0.181,0.85,0.046,0,0.5427,0.3927,0.206,0.06,0.295,0.161,0.269,0.111,0.031,0.024,34,18,13,10,0.274,0.184,0.269,0.123,0.050,0.017,34,18,12,3
0.134,0.201,0.339,-0.79,0.151,-1,0.5504,0.4027,0.403,0.736,0.295,0.161,0.269,0.111,0.031,0.024,34,18,13,10,0.274,0.184,0.269,0.123,0.050,0.017,34,18,12,3
0.164,0.245,0.193,3.14,0.186,0,0.5436,0.4054,0.103,-0.486,0.295,0.161,0.269,0.111,0.031,0.024,34,18,13,10,0.274,0.184,0.269,0.123,0.050,0.017,34,18,12,3
0.139,0.326,0.561,-0.52,0.062,0,0.5267,0.4005,0.221,0.341,0.295,0.161,0.269,0.111,0.031,0.024,34,18,13,10,0.274,0.184,0.269,0.123,0.050,0.017,34,18,12,3
0.120,0.333,0.418,-0.08,0.108,0,0.5116,0.3965,0.336,0.059,0.295,0.161,0.269,0.111,0.031,0.024,34,18,13,10,0.274,0.184,0.269,0.123,0.050,0.017,34,18,12,3
0.102,0.305,0.269,2.53,0.140,0,0.4928,0.3918,0.211,-0.121,0.295,0.161,0.269,0.111,0.031,0.024,34,18,13,10,0.274,0.184,0.269,0.123,0.050,0.017,34,18,12,3
0.066,0.393,0.407,-0.48,0.134,0,0.4725,0.3846,0.308,0.007,0.295,0.161,0.269,0.111,0.031,0.024,34,18,13,10,0.274,0.184,0.269,0.123,0.050,0.017,34,18,12,3
0.050,0.273,0.365,-1.14,0.131,0,0.4556,0.3752,0.294,0.987,0.295,0.161,0.269,0.111,0.031,0.024,34,18,13,10,0.274,0.184,0.269,0.123,0.050,0.017,34,18,12,3
0.051,0.311,0.286,-0.79,0.151,-1,0.4317,0.3580,0.609,0.736,0.295,0.161,0.269,0.111,0.031,0.024,34,18,13,10,0.274,0.184,0.269,0.123,0.050,0.017,34,18,12,3
0.053,0.316,0.327,-0.42,0.180,0,0.3964,0.3322,0.385,0.318,0.295,0.161,0.269,0.111,0.031,0.024,34,18,13,10,0.274,0.184,0.269,0.123,0.050,0.017,34,18,12,3
0.044,0.419,0.610,1.37,0.298,0,0.3737,0.3219,0.100,-0.510,0.295,0.161,0.269,0.111,0.031,0.024,34,18,13,10,0.274,0.184,0.269,0.123,0.050,0.017,34,18,12,3
0.042,0.332,0.211,-0.52,0.062,0,0.3582,0.3228,0.210,0.341,0.295,0.161,0.269,0.111,0.031,0.024,34,18,13,10,0.274,0.184,0.269,0.123,0.050,0.017,34,18,12,3
0.052,0.428,0.331,-1.19,0.219,1,0.3529,0.3387,0.513,0.586,0.295,0.161,0.269,0.111,0.031,0.024,34,18,13,10,0.274,0.184,0.269,0.123,0.050,0.017,34,18,12,3
0.051,0.461,0.891,0.2,0.291,1,0.3349,0.3585,0.273,0.180,0.295,0.161,0.269,0.111,0.031,0.024,34,18,13,10,0.274,0.184,0.269,0.123,0.050,0.017,34,18,12,3
0.045,0.358,0.091,1.69,0.290,0,0.3275,0.3968,0.064,-0.697,0.295,0.161,0.269,0.111,0.031,0.024,34,18,13,10,0.274,0.184,0.269,0.123,0.050,0.017,34,18,12,3
0.045,0.370,0.154,-0.48,0.134,0,0.3161,0.4413,0.308,0.007,0.295,0.161,0.269,0.111,0.031,0.024,34,18,13,10,0.274,0.184,0.269,0.123,0.050,0.017,34,18,12,3
0.041,0.279,0.395,-0.79,0.151,-1,0.2996,0.4896,0.409,0.736,0.295,0.161,0.269,0.111,0.031,0.024,34,18,13,10,0.274,0.184,0.269,0.123,0.050,0.017,34,18,12,3
0.047,0.249,0.370,1.69,0.290,0,0.2768,0.5389,0.126,-0.697,0.295,0.161,0.269,0.111,0.031,0.024,34,18,13,10,0.274,0.184,0.269,0.123,0.050,0.017,34,18,12,3
0.046,0.211,0.002,1.42,0.221,0,0.2475,0.5869,0.103,-0.397,0.295,0.161,0.269,0.111,0.031,0.024,34,18,13,10,0.274,0.184,0.269,0.123,0.050,0.017,34,18,12,3
0.058,0.229,0.215,-0.52,0.062,0,0.2135,0.6327,0.350,0.341,0.295,0.161,0.269,0.111,0.031,0.024,34,18,13,10,0.274,0.184,0.269,0.123,0.050,0.017,34,18,12,3
0.056,0.195,0.247,-0.48,0.134,0,0.1786,0.6766,0.366,0.007,0.295,0.161,0.269,0.111,0.031,0.024,34,18,13,10,0.274,0.184,0.269,0.123,0.050,0.017,34,18,12,3
0.062,0.145,0.063,3.14,0.186,0,0.1493,0.7215,0.193,-0.486,0.295,0.161,0.269,0.111,0.031,0.024,34,18,13,10,0.274,0.184,0.269,0.123,0.050,0.017,34,18,12,3
0.052,0.134,0.013,1.99,0.186,0,0.1350,0.7724,0.248,-0.326,0.295,0.161,0.269,0.111,0.031,0.024,34,18,13,10,0.274,0.184,0.269,0.123,0.050,0.017,34,18,12,3
0.030,0.125,0.137,-0.08,0.108,0,0.1486,0.8375,0.886,0.059,0.295,0.161,0.269,0.111,0.031,0.024,34,18,13,10,0.274,0.184,0.269,0.123,0.050,0.017,34,18,12,3
