0.437,0.065,0.506,1.42,0.221,0,0.7256,0.9902,0.735,-0.397,0.348,0.168,0.340,0.162,0.088,0.050,43,40,28,13,0.314,0.191,0.245,0.133,0.086,0.050,41,38,28,15
0.694,0.068,0.396,-0.52,0.062,0,0.8024,0.9974,0.489,0.341,0.348,0.168,0.340,0.162,0.088,0.050,43,40,28,13,0.314,0.191,0.245,0.133,0.086,0.050,41,38,28,15
0.674,0.109,0.375,-1.14,0.131,0,0.8295,0.9887,0.415,0.987,0.348,0.168,0.340,0.162,0.088,0.050,43,40,28,13,0.314,0.191,0.245,0.133,0.086,0.050,41,38,28,15
0.667,0.241,0.538,-1.19,0.219,1,0.8285,0.9698,0.500,0.586,0.348,0.168,0.340,0.162,0.088,0.050,43,40,28,13,0.314,0.191,0.245,0.133,0.086,0.050,41,38,28,15
0.654,0.211,0.681,0.2,0.291,1,0.8148,0.9450,0.372,0.180,0.348,0.168,0.340,0.162,0.088,0.050,43,40,28,13,0.314,0.191,0.245,0.133,0.086,0.050,41,38,28,15
0.650,0.109,0.313,3.14,0.186,0,0.7980,0.9172,0.195,-0.486,0.348,0.168,0.340,0.162,0.088,0.050,43,40,28,13,0.314,0.191,0.245,0.133,0.086,0.050,41,38,28,15
0.641,0.103,0.221,0.85,0.046,0,0.7835,0.8885,0.300,0.06,0.348,0.168,0.340,0.162,0.088,0.050,43,40,28,13,0.314,0.191,0.245,0.133,0.086,0.050,41,38,28,15
0.632,0.131,0.484,-1.19,0.219,1,0.7734,0.8601,0.489,0.586,0.348,0.168,0.340,0.162,0.088,0.050,43,40,28,13,0.314,0.191,0.245,0.133,0.086,0.050,41,38,28,15
0.656,0.166,0.576,0.2,0.291,1,0.7667,0.8326,0.403,0.180,0.348,0.168,0.340,0.162,0.088,0.050,43,40,28,13,0.314,0.191,0.245,0.133,0.086,0.050,41,38,28,15
0.658,0.142,0.597,0.2,0.291,1,0.7613,0.8062,0.450,0.180,0.348,0.168,0.340,0.162,0.088,0.050,43,40,28,13,0.314,0.191,0.245,0.133,0.086,0.050,41,38,28,15
0.681,0.079,0.399,-0.52,0.062,0,0.7446,0.7769,0.311,0.341,0.348,0.168,0.340,0.162,0.088,0.050,43,40,28,13,0.314,0.191,0.245,0.133,0.086,0.050,41,38,28,15
0.704,0.061,0.215,-1.14,0.131,0,0.7277,0.7509,0.332,0.987,0.348,0.168,0.340,0.162,0.088,0.050,43,40,28,13,0.314,0.191,0.245,0.133,0.086,0.050,41,38,28,15
0.698,0.064,0.177,-1.14,0.131,0,0.7094,0.7307,0.434,0.987,0.348,0.168,0.340,0.162,0.088,0.050,43,40,28,13,0.314,0.191,0.245,0.133,0.086,0.050,41,38,28,15
0.734,0.061,0.109,0.85,0.046,0,0.6961,0.7147,0.427,0.06,0.348,0.168,0.340,0.162,0.088,0.050,43,40,28,13,0.314,0.191,0.245,0.133,0.086,0.050,41,38,28,15
0.704,0.049,0.039,-1.1,0.105,-1,0.6860,0.7036,0.503,0.192,0.348,0.168,0.340,0.162,0.088,0.050,43,40,28,13,0.314,0.191,0.245,0.133,0.086,0.050,41,38,28,15
0.705,0.055,0.005,0.85,0.046,0,0.6810,0.6953,0.349,0.06,0.348,0.168,0.340,0.162,0.088,0.050,43,40,28,13,0.314,0.191,0.245,0.133,0.086,0.050,41,38,28,15
0.719,0.054,0.005,3.14,0.186,0,0.6873,0.6892,0.223,-0.486,0.348,0.168,0.340,0.162,0.088,0.050,43,40,28,13,0.314,0.191,0.245,0.133,0.086,0.050,41,38,28,15
0.723,0.065,0.003,-1.14,0.131,0,0.7033,0.6867,0.398,0.987,0.348,0.168,0.340,0.162,0.088,0.050,43,40,28,13,0.314,0.191,0.245,0.133,0.086,0.050,41,38,28,15
0.700,0.119,0.233,-1.19,0.219,1,0.7312,0.6873,0.549,0.586,0.348,0.168,0.340,0.162,0.088,0.050,43,40,28,13,0.314,0.191,0.245,0.133,0.086,0.050,41,38,28,15
0.705,0.071,0.188,-0.52,0.062,0,0.7569,0.6889,0.380,0.341,0.348,0.168,0.340,0.162,0.088,0.050,43,40,28,13,0.314,0.191,0.245,0.133,0.086,0.050,41,38,28,15
0.413,0.154,0.314,-1.19,0.219,1,0.7745,0.6902,0.467,0.586,0.348,0.168,0.340,0.162,0.088,0.050,43,40,28,13,0.314,0.191,0.245,0.133,0.086,0.050,41,38,28,15
0.385,0.166,0.516,-1.19,0.219,1,0.7802,0.6910,0.495,0.586,0.348,0.168,0.340,0.162,0.088,0.050,43,40,28,13,0.314,0.191,0.245,0.133,0.086,0.050,41,38,28,15
0.344,0.076,0.238,2.53,0.140,0,0.7732,0.6897,0.139,-0.121,0.348,0.168,0.340,0.162,0.088,0.050,43,40,28,13,0.314,0.191,0.245,0.133,0.086,0.050,41,38,28,15
0.344,0.157,0.548,-1.19,0.219,1,0.7501,0.6777,0.427,0.586,0.348,0.168,0.340,0.162,0.088,0.050,43,40,28,13,0.314,0.191,0.245,0.133,0.086,0.050,41,38,28,15
0.347,0.083,0.587,2.53,0.140,0,0.7273,0.6660,0.142,-0.121,0.348,0.168,0.340,0.162,0.088,0.050,43,40,28,13,0.314,0.191,0.245,0.133,0.086,0.050,41,38,28,15
0.357,0.105,0.507,-0.52,0.062,0,0.6966,0.6474,0.220,0.341,0.348,0.168,0.340,0.162,0.088,0.050,43,40,28,13,0.314,0.191,0.245,0.133,0.086,0.050,41,38,28,15
0.355,0.174,0.526,0.22,0.230,0,0.6661,0.6305,0.199,0.303,0.348,0.168,0.340,0.162,0.088,0.050,43,40,28,13,0.314,0.191,0.245,0.133,0.086,0.050,41,38,28,15
0.360,0.205,0.560,0.2,0.291,1,0.6317,0.6073,0.325,0.180,0.348,0.168,0.340,0.162,0.088,0.050,43,40,28,13,0.314,0.191,0.245,0.133,0.086,0.050,41,38,28,15
0.359,0.115,0.233,-0.52,0.062,0,0.5957,0.5788,0.252,0.341,0.348,0.168,0.340,0.162,0.088,0.050,43,40,28,13,0.314,0.191,0.245,0.133,0.086,0.050,41,38,28,15
0.304,0.143,0.132,0.22,0.230,0,0.5765,0.5582,0.320,0.303,0.348,0.168,0.340,0.162,0.088,0.050,43,40,28,13,0.314,0.191,0.245,0.133,0.086,0.050,41,38,28,15
0.297,0.133,0.256,-0.52,0.062,0,0.5684,0.5426,0.293,0.341,0.348,0.168,0.340,0.162,0.088,0.050,43,40,28,13,0.314,0.191,0.245,0.133,0.086,0.050,41,38,28,15
0.242,0.099,0.419,-0.08,0.108,0,0.5743,0.5371,0.311,0.059,0.348,0.168,0.340,0.162,0.088,0.050,43,40,28,13,0.314,0.191,0.245,0.133,0.086,0.050,41,38,28,15
0.204,0.084,0.236,-0.79,0.151,-1,0.5927,0.5407,0.319,0.736,0.348,0.168,0.340,0.162,0.088,0.050,43,40,28,13,0.314,0.191,0.245,0.133,0.086,0.050,41,38,28,15
0.196,0.071,0.131,-1.14,0.131,0,0.6121,0.5453,0.249,0.987,0.348,0.168,0.340,0.162,0.088,0.050,43,40,28,13,0.314,0.191,0.245,0.133,0.086,0.050,41,38,28,15
0.161,0.120,0.088,0,0.000,0,0.6146,0.5409,0.151,0.166,0.348,0.168,0.340,0.162,0.088,0.050,43,40,28,13,0.314,0.191,0.245,0.133,0.086,0.050,41,38,28,15
0.164,0.082,0.146,1.99,0.186,0,0.6140,0.5336,0.055,-0.326,0.348,0.168,0.340,0.162,0.088,0.050,43,40,28,13,0.314,0.191,0.245,0.133,0.086,0.050,41,38,28,15
0.151,0.040,0.004,2.53,0.140,0,0.6125,0.5264,0.099,-0.121,0.348,0.168,0.340,0.162,0.088,0.050,43,40,28,13,0.314,0.191,0.245,0.133,0.086,0.050,41,38,28,15
0.141,0.036,0.351,1.99,0.186,0,0.5979,0.5118,0.053,-0.326,0.348,0.168,0.340,0.162,0.088,0.050,43,40,28,13,0.314,0.191,0.245,0.133,0.086,0.050,41,38,28,15
0.138,0.039,0.095,-0.08,0.108,0,0.5659,0.4844,0.076,0.059,0.348,0.168,0.340,0.162,0.088,0.050,43,40,28,13,0.314,0.191,0.245,0.133,0.086,0.050,41,38,28,15
0.131,0.031,0.188,1.99,0.186,0,0.5279,0.4548,0.055,-0.326,0.348,0.168,0.340,0.162,0.088,0.050,43,40,28,13,0.314,0.191,0.245,0.133,0.086,0.050,41,38,28,15
0.125,0.044,0.531,0,0.000,0,0.4845,0.4215,0.191,0.166,0.348,0.168,0.340,0.162,0.088,0.050,43,40,28,13,0.314,0.191,0.245,0.133,0.086,0.050,41,38,28,15
0.096,0.040,0.563,-0.42,0.180,0,0.4457,0.3902,0.313,0.318,0.348,0.168,0.340,0.162,0.088,0.050,43,40,28,13,0.314,0.191,0.245,0.133,0.086,0.050,41,38,28,15
0.086,0.034,0.546,0,0.000,0,0.4144,0.3639,0.174,0.166,0.348,0.168,0.340,0.162,0.088,0.050,43,40,28,13,0.314,0.191,0.245,0.133,0.086,0.050,41,38,28,15
0.106,0.026,0.376,-1.1,0.105,-1,0.3932,0.3455,0.235,0.192,0.348,0.168,0.340,0.162,0.088,0.050,43,40,28,13,0.314,0.191,0.245,0.133,0.086,0.050,41,38,28,15
0.115,0.019,0.472,2.53,0.140,0,0.4064,0.3546,0.149,-0.121,0.348,0.168,0.340,0.162,0.088,0.050,43,40,28,13,0.314,0.191,0.245,0.133,0.086,0.050,41,38,28,15
0.092,0.020,0.143,0,0.000,0,0.4270,0.3692,0.152,0.166,0.348,0.168,0.340,0.162,0.088,0.050,43,40,28,13,0.314,0.191,0.245,0.133,0.086,0.050,41,38,28,15
0.096,0.020,0.187,-0.42,0.180,0,0.4591,0.3941,0.259,0.318,0.348,0.168,0.340,0.162,0.088,0.050,43,40,28,13,0.314,0.191,0.245,0.133,0.086,0.050,41,38,28,15
0.119,0.015,0.055,1.99,0.186,0,0.4937,0.4187,0.114,-0.326,0.348,0.168,0.340,0.162,0.088,0.050,43,40,28,13,0.314,0.191,0.245,0.133,0.086,0.050,41,38,28,15
0.148,0.019,0.214,0,0.000,0,0.5166,0.4330,0.162,0.166,0.348,0.168,0.340,0.162,0.088,0.050,43,40,28,13,0.314,0.191,0.245,0.133,0.086,0.050,41,38,28,15
0.149,0.016,0.289,1.99,0.186,0,0.5343,0.4433,0.149,-0.326,0.348,0.168,0.340,0.162,0.088,0.050,43,40,28,13,0.314,0.191,0.245,0.133,0.086,0.050,41,38,28,15
0.150,0.034,0.183,0,0.000,0,0.5401,0.4431,0.173,0.166,0.348,0.168,0.340,0.162,0.088,0.050,43,40,28,13,0.314,0.191,0.245,0.133,0.086,0.050,41,38,28,15
0.147,0.047,0.251,-0.79,0.151,-1,0.5408,0.4406,0.404,0.736,0.348,0.168,0.340,0.162,0.088,0.050,43,40,28,13,0.314,0.191,0.245,0.133,0.086,0.050,41,38,28,15
0.151,0.068,0.194,-0.48,0.134,0,0.5191,0.4201,0.299,0.007,0.348,0.168,0.340,0.162,0.088,0.050,43,40,28,13,0.314,0.191,0.245,0.133,0.086,0.050,41,38,28,15
0.156,0.058,0.015,2.53,0.140,0,0.4911,0.3957,0.111,-0.121,0.348,0.168,0.340,0.162,0.088,0.050,43,40,28,13,0.314,0.191,0.245,0.133,0.086,0.050,41,38,28,15
0.158,0.061,0.177,1.42,0.221,0,0.4661,0.3748,0.220,-0.397,0.348,0.168,0.340,0.162,0.088,0.050,43,40,28,13,0.314,0.191,0.245,0.133,0.086,0.050,41,38,28,15
0.151,0.067,0.056,-0.79,0.151,-1,0.4564,0.3673,0.427,0.736,0.348,0.168,0.340,0.162,0.088,0.050,43,40,28,13,0.314,0.191,0.245,0.133,0.086,0.050,41,38,28,15
0.121,0.126,0.491,0.2,0.291,1,0.4538,0.3655,0.408,0.180,0.348,0.168,0.340,0.162,0.088,0.050,43,40,28,13,0.314,0.191,0.245,0.133,0.086,0.050,41,38,28,15
0.121,0.131,0.383,-1.19,0.219,1,0.4561,0.3665,0.444,0.586,0.348,0.168,0.340,0.162,0.088,0.050,43,40,28,13,0.314,0.191,0.245,0.133,0.086,0.050,41,38,28,15
0.121,0.124,0.393,-1.19,0.219,1,0.4674,0.3748,0.365,0.586,0.348,0.168,0.340,0.162,0.088,0.050,43,40,28,13,0.314,0.191,0.245,0.133,0.086,0.050,41,38,28,15
0.119,0.086,0.160,-1.14,0.131,0,0.4821,0.3842,0.337,0.987,0.348,0.168,0.340,0.162,0.088,0.050,43,40,28,13,0.314,0.191,0.245,0.133,0.086,0.050,41,38,28,15
0.116,0.076,0.128,0.85,0.046,0,0.4825,0.3822,0.234,0.06,0.348,0.168,0.340,0.162,0.088,0.050,43,40,28,13,0.314,0.191,0.245,0.133,0.086,0.050,41,38,28,15
0.114,0.084,0.030,1.99,0.186,0,0.4800,0.3741,0.210,-0.326,0.348,0.168,0.340,0.162,0.088,0.050,43,40,28,13,0.314,0.191,0.245,0.133,0.086,0.050,41,38,28,15
0.114,0.067,0.004,2.53,0.140,0,0.4857,0.3751,0.129,-0.121,0.348,0.168,0.340,0.162,0.088,0.050,43,40,28,13,0.314,0.191,0.245,0.133,0.086,0.050,41,38,28,15
0.135,0.055,0.005,-0.52,0.062,0,0.4952,0.3781,0.309,0.341,0.348,0.168,0.340,0.162,0.088,0.050,43,40,28,13,0.314,0.191,0.245,0.133,0.086,0.050,41,38,28,15
0.138,0.057,0.001,3.14,0.186,0,0.5110,0.3859,0.087,-0.486,0.348,0.168,0.340,0.162,0.088,0.050,43,40,28,13,0.314,0.191,0.245,0.133,0.086,0.050,41,38,28,15
0.135,0.052,0.001,-1.14,0.131,0,0.5103,0.3792,0.256,0.987,0.348,0.168,0.340,0.162,0.088,0.050,43,40,28,13,0.314,0.191,0.245,0.133,0.086,0.050,41,38,28,15
0.171,0.052,0.003,-0.79,0.151,-1,0.5024,0.3674,0.436,0.736,0.348,0.168,0.340,0.162,0.088,0.050,43,40,28,13,0.314,0.191,0.245,0.133,0.086,0.050,41,38,28,15
0.176,0.061,0.007,-1.1,0.105,-1,0.4787,0.3429,0.310,0.192,0.348,0.168,0.340,0.162,0.088,0.050,43,40,28,13,0.314,0.191,0.245,0.133,0.086,0.050,41,38,28,15
0.136,0.065,0.010,2.53,0.140,0,0.4450,0.3100,0.125,-0.121,0.348,0.168,0.340,0.162,0.088,0.050,43,40,28,13,0.314,0.191,0.245,0.133,0.086,0.050,41,38,28,15
0.110,0.061,0.060,2.53,0.140,0,0.4221,0.2877,0.147,-0.121,0.348,0.168,0.340,0.162,0.088,0.050,43,40,28,13,0.314,0.191,0.245,0.133,0.086,0.050,41,38,28,15
0.119,0.060,0.335,-0.42,0.180,0,0.4103,0.2749,0.298,0.318,0.348,0.168,0.340,0.162,0.088,0.050,43,40,28,13,0.314,0.191,0.245,0.133,0.086,0.050,41,38,28,15
0.117,0.064,0.077,0.85,0.046,0,0.4017,0.2668,0.164,0.06,0.348,0.168,0.340,0.162,0.088,0.050,43,40,28,13,0.314,0.191,0.245,0.133,0.086,0.050,41,38,28,15
0.124,0.060,0.362,-0.79,0.151,-1,0.3995,0.2632,0.347,0.736,0.348,0.168,0.340,0.162,0.088,0.050,43,40,28,13,0.314,0.191,0.245,0.133,0.086,0.050,41,38,28,15
0.153,0.088,0.405,0.85,0.046,0,0.4073,0.2689,0.393,0.06,0.348,0.168,0.340,0.162,0.088,0.050,43,40,28,13,0.314,0.191,0.245,0.133,0.086,0.050,41,38,28,15
0.153,0.157,0.326,0,0.000,0,0.4188,0.2801,0.311,0.166,0.348,0.168,0.340,0.162,0.088,0.050,43,40,28,13,0.314,0.191,0.245,0.133,0.086,0.050,41,38,28,15
0.160,0.192,0.587,0,0.000,0,0.4268,0.2906,0.239,0.166,0.348,0.168,0.340,0.162,0.088,0.050,43,40,28,13,0.314,0.191,0.245,0.133,0.086,0.050,41,38,28,15
0.162,0.152,0.459,1.42,0.221,0,0.4305,0.2979,0.147,-0.397,0.348,0.168,0.340,0.162,0.088,0.050,43,40,28,13,0.314,0.191,0.245,0.133,0.086,0.050,41,38,28,15
0.196,0.196,0.258,0.22,0.230,0,0.4217,0.2941,0.108,0.303,0.348,0.168,0.340,0.162,0.088,0.050,43,40,28,13,0.314,0.191,0.245,0.133,0.086,0.050,41,38,28,15
0.183,0.082,0.225,-0.08,0.108,0,0.3955,0.2751,0.098,0.059,0.348,0.168,0.340,0.162,0.088,0.050,43,40,28,13,0.314,0.191,0.245,0.133,0.086,0.050,41,38,28,15
0.191,0.060,0.005,2.53,0.140,0,0.3545,0.2423,0.066,-0.121,0.348,0.168,0.340,0.162,0.088,0.050,43,40,28,13,0.314,0.191,0.245,0.133,0.086,0.050,41,38,28,15
0.160,0.072,0.003,2.1,0.128,0,0.3233,0.2200,0.046,0.02,0.348,0.168,0.340,0.162,0.088,0.050,43,40,28,13,0.314,0.191,0.245,0.133,0.086,0.050,41,38,28,15
0.168,0.103,0.045,1.99,0.186,0,0.3112,0.2118,0.052,-0.326,0.348,0.168,0.340,0.162,0.088,0.050,43,40,28,13,0.314,0.191,0.245,0.133,0.086,0.050,41,38,28,15
0.172,0.126,0.311,-0.52,0.062,0,0.3065,0.2110,0.104,0.341,0.348,0.168,0.340,0.162,0.088,0.050,43,40,28,13,0.314,0.191,0.245,0.133,0.086,0.050,41,38,28,15
0.178,0.200,0.483,-1.19,0.219,1,0.3024,0.2077,0.438,0.586,0.348,0.168,0.340,0.162,0.088,0.050,43,40,28,13,0.314,0.191,0.245,0.133,0.086,0.050,41,38,28,15
0.170,0.215,0.417,-0.52,0.062,0,0.2997,0.2061,0.395,0.341,0.348,0.168,0.340,0.162,0.088,0.050,43,40,28,13,0.314,0.191,0.245,0.133,0.086,0.050,41,38,28,15
0.137,0.174,0.172,0,0.000,0,0.2883,0.1987,0.215,0.166,0.348,0.168,0.340,0.162,0.088,0.050,43,40,28,13,0.314,0.191,0.245,0.133,0.086,0.050,41,38,28,15
0.137,0.185,0.308,-0.42,0.180,0,0.2820,0.1962,0.218,0.318,0.348,0.168,0.340,0.162,0.088,0.050,43,40,28,13,0.314,0.191,0.245,0.133,0.086,0.050,41,38,28,15
0.133,0.119,0.052,2.53,0.140,0,0.2820,0.2008,0.115,-0.121,0.348,0.168,0.340,0.162,0.088,0.050,43,40,28,13,0.314,0.191,0.245,0.133,0.086,0.050,41,38,28,15
0.123,0.179,0.553,1.37,0.298,0,0.2985,0.2212,0.101,-0.510,0.348,0.168,0.340,0.162,0.088,0.050,43,40,28,13,0.314,0.191,0.245,0.133,0.086,0.050,41,38,28,15
0.132,0.133,0.372,-0.52,0.062,0,0.3188,0.2467,0.089,0.341,0.348,0.168,0.340,0.162,0.088,0.050,43,40,28,13,0.314,0.191,0.245,0.133,0.086,0.050,41,38,28,15
0.137,0.152,0.251,1.69,0.290,0,0.3406,0.2723,0.073,-0.697,0.348,0.168,0.340,0.162,0.088,0.050,43,40,28,13,0.314,0.191,0.245,0.133,0.086,0.050,41,38,28,15
0.128,0.106,0.427,0,0.000,0,0.3514,0.2883,0.120,0.166,0.348,0.168,0.340,0.162,0.088,0.050,43,40,28,13,0.314,0.191,0.245,0.133,0.086,0.050,41,38,28,15
0.122,0.092,0.466,2.1,0.128,0,0.3777,0.3158,0.085,0.02,0.348,0.168,0.340,0.162,0.088,0.050,43,40,28,13,0.314,0.191,0.245,0.133,0.086,0.050,41,38,28,15
0.122,0.063,0.453,-0.48,0.134,0,0.3972,0.3404,0.269,0.007,0.348,0.168,0.340,0.162,0.088,0.050,43,40,28,13,0.314,0.191,0.245,0.133,0.086,0.050,41,38,28,15
0.099,0.042,0.276,-1.1,0.105,-1,0.4160,0.3627,0.320,0.192,0.348,0.168,0.340,0.162,0.088,0.050,43,40,28,13,0.314,0.191,0.245,0.133,0.086,0.050,41,38,28,15
0.076,0.034,0.383,-0.79,0.151,-1,0.4210,0.3731,0.449,0.736,0.348,0.168,0.340,0.162,0.088,0.050,43,40,28,13,0.314,0.191,0.245,0.133,0.086,0.050,41,38,28,15
0.076,0.034,0.353,0,0.000,0,0.4308,0.3814,0.229,0.166,0.348,0.168,0.340,0.162,0.088,0.050,43,40,28,13,0.314,0.191,0.245,0.133,0.086,0.050,41,38,28,15
0.083,0.028,0.467,0.85,0.046,0,0.4365,0.3842,0.196,0.06,0.348,0.168,0.340,0.162,0.088,0.050,43,40,28,13,0.314,0.191,0.245,0.133,0.086,0.050,41,38,28,15
0.067,0.029,0.357,1.99,0.186,0,0.4629,0.4006,0.194,-0.326,0.348,0.168,0.340,0.162,0.088,0.050,43,40,28,13,0.314,0.191,0.245,0.133,0.086,0.050,41,38,28,15
0.079,0.034,0.385,0,0.000,0,0.5071,0.4307,0.187,0.166,0.348,0.168,0.340,0.162,0.088,0.050,43,40,28,13,0.314,0.191,0.245,0.133,0.086,0.050,41,38,28,15
0.075,0.049,0.651,0.2,0.291,1,0.5574,0.4674,0.371,0.180,0.348,0.168,0.340,0.162,0.088,0.050,43,40,28,13,0.314,0.191,0.245,0.133,0.086,0.050,41,38,28,15
0.087,0.081,0.342,-1.1,0.105,-1,0.5906,0.4937,0.377,0.192,0.348,0.168,0.340,0.162,0.088,0.050,43,40,28,13,0.314,0.191,0.245,0.133,0.086,0.050,41,38,28,15
0.087,0.084,0.413,-0.08,0.108,0,0.6083,0.5104,0.193,0.059,0.348,0.168,0.340,0.162,0.088,0.050,43,40,28,13,0.314,0.191,0.245,0.133,0.086,0.050,41,38,28,15
0.105,0.071,0.373,-0.52,0.062,0,0.6166,0.5228,0.247,0.341,0.348,0.168,0.340,0.162,0.088,0.050,43,40,28,13,0.314,0.191,0.245,0.133,0.086,0.050,41,38,28,15
0.124,0.056,0.149,2.53,0.140,0,0.6170,0.5307,0.186,-0.121,0.348,0.168,0.340,0.162,0.088,0.050,43,40,28,13,0.314,0.191,0.245,0.133,0.086,0.050,41,38,28,15
0.105,0.049,0.045,-0.79,0.151,-1,0.6116,0.5351,0.474,0.736,0.348,0.168,0.340,0.162,0.088,0.050,43,40,28,13,0.314,0.191,0.245,0.133,0.086,0.050,41,38,28,15
0.129,0.047,0.062,0,0.000,0,0.6014,0.5355,0.284,0.166,0.348,0.168,0.340,0.162,0.088,0.050,43,40,28,13,0.314,0.191,0.245,0.133,0.086,0.050,41,38,28,15
0.122,0.059,0.113,-0.52,0.062,0,0.5861,0.5324,0.269,0.341,0.348,0.168,0.340,0.162,0.088,0.050,43,40,28,13,0.314,0.191,0.245,0.133,0.086,0.050,41,38,28,15
0.099,0.059,0.035,-0.79,0.151,-1,0.5655,0.5228,0.410,0.736,0.348,0.168,0.340,0.162,0.088,0.050,43,40,28,13,0.314,0.191,0.245,0.133,0.086,0.050,41,38,28,15
0.123,0.064,0.062,1.42,0.221,0,0.5365,0.5051,0.244,-0.397,0.348,0.168,0.340,0.162,0.088,0.050,43,40,28,13,0.314,0.191,0.245,0.133,0.086,0.050,41,38,28,15
0.121,0.053,0.296,2.53,0.140,0,0.5226,0.4955,0.190,-0.121,0.348,0.168,0.340,0.162,0.088,0.050,43,40,28,13,0.314,0.191,0.245,0.133,0.086,0.050,41,38,28,15
0.116,0.055,0.176,-1.14,0.131,0,0.5062,0.4842,0.374,0.987,0.348,0.168,0.340,0.162,0.088,0.050,43,40,28,13,0.314,0.191,0.245,0.133,0.086,0.050,41,38,28,15
0.117,0.066,0.140,0,0.000,0,0.4936,0.4765,0.307,0.166,0.348,0.168,0.340,0.162,0.088,0.050,43,40,28,13,0.314,0.191,0.245,0.133,0.086,0.050,41,38,28,15
0.123,0.089,0.357,-1.19,0.219,1,0.4638,0.4580,0.439,0.586,0.348,0.168,0.340,0.162,0.088,0.050,43,40,28,13,0.314,0.191,0.245,0.133,0.086,0.050,41,38,28,15
0.123,0.063,0.008,2.53,0.140,0,0.4404,0.4426,0.204,-0.121,0.348,0.168,0.340,0.162,0.088,0.050,43,40,28,13,0.314,0.191,0.245,0.133,0.086,0.050,41,38,28,15
0.124,0.059,0.076,-0.79,0.151,-1,0.4248,0.4346,0.389,0.736,0.348,0.168,0.340,0.162,0.088,0.050,43,40,28,13,0.314,0.191,0.245,0.133,0.086,0.050,41,38,28,15
0.154,0.059,0.069,1.99,0.186,0,0.4305,0.4406,0.107,-0.326,0.348,0.168,0.340,0.162,0.088,0.050,43,40,28,13,0.314,0.191,0.245,0.133,0.086,0.050,41,38,28,15
0.146,0.074,0.027,-0.42,0.180,0,0.4423,0.4487,0.363,0.318,0.348,0.168,0.340,0.162,0.088,0.050,43,40,28,13,0.314,0.191,0.245,0.133,0.086,0.050,41,38,28,15
0.146,0.055,0.039,-0.79,0.151,-1,0.4599,0.4570,0.439,0.736,0.348,0.168,0.340,0.162,0.088,0.050,43,40,28,13,0.314,0.191,0.245,0.133,0.086,0.050,41,38,28,15
0.189,0.118,0.137,-1.19,0.219,1,0.4576,0.4502,0.303,0.586,0.348,0.168,0.340,0.162,0.088,0.050,43,40,28,13,0.314,0.191,0.245,0.133,0.086,0.050,41,38,28,15
0.173,0.067,0.033,2.53,0.140,0,0.4461,0.4346,0.120,-0.121,0.348,0.168,0.340,0.162,0.088,0.050,43,40,28,13,0.314,0.191,0.245,0.133,0.086,0.050,41,38,28,15
0.174,0.061,0.131,2.53,0.140,0,0.4372,0.4214,0.113,-0.121,0.348,0.168,0.340,0.162,0.088,0.050,43,40,28,13,0.314,0.191,0.245,0.133,0.086,0.050,41,38,28,15
0.183,0.088,0.387,-0.42,0.180,0,0.4352,0.4130,0.331,0.318,0.348,0.168,0.340,0.162,0.088,0.050,43,40,28,13,0.314,0.191,0.245,0.133,0.086,0.050,41,38,28,15
0.178,0.069,0.071,2.53,0.140,0,0.4421,0.4111,0.070,-0.121,0.348,0.168,0.340,0.162,0.088,0.050,43,40,28,13,0.314,0.191,0.245,0.133,0.086,0.050,41,38,28,15
0.139,0.078,0.424,-0.52,0.062,0,0.4536,0.4129,0.157,0.341,0.348,0.168,0.340,0.162,0.088,0.050,43,40,28,13,0.314,0.191,0.245,0.133,0.086,0.050,41,38,28,15
0.133,0.070,0.484,0.85,0.046,0,0.4631,0.4144,0.287,0.06,0.348,0.168,0.340,0.162,0.088,0.050,43,40,28,13,0.314,0.191,0.245,0.133,0.086,0.050,41,38,28,15
0.156,0.096,0.337,0,0.000,0,0.4594,0.4048,0.329,0.166,0.348,0.168,0.340,0.162,0.088,0.050,43,40,28,13,0.314,0.191,0.245,0.133,0.086,0.050,41,38,28,15
0.160,0.083,0.536,-1.1,0.105,-1,0.4560,0.3972,0.292,0.192,0.348,0.168,0.340,0.162,0.088,0.050,43,40,28,13,0.314,0.191,0.245,0.133,0.086,0.050,41,38,28,15
0.171,0.080,0.529,-0.52,0.062,0,0.4479,0.3859,0.250,0.341,0.348,0.168,0.340,0.162,0.088,0.050,43,40,28,13,0.314,0.191,0.245,0.133,0.086,0.050,41,38,28,15
0.206,0.074,0.232,0.22,0.230,0,0.4349,0.3714,0.190,0.303,0.348,0.168,0.340,0.162,0.088,0.050,43,40,28,13,0.314,0.191,0.245,0.133,0.086,0.050,41,38,28,15
0.141,0.044,0.101,-0.08,0.108,0,0.4136,0.3504,0.176,0.059,0.348,0.168,0.340,0.162,0.088,0.050,43,40,28,13,0.314,0.191,0.245,0.133,0.086,0.050,41,38,28,15
0.140,0.023,0.003,0.85,0.046,0,0.3771,0.3181,0.142,0.06,0.348,0.168,0.340,0.162,0.088,0.050,43,40,28,13,0.314,0.191,0.245,0.133,0.086,0.050,41,38,28,15
0.097,0.031,0.004,0.85,0.046,0,0.3354,0.2801,0.163,0.06,0.348,0.168,0.340,0.162,0.088,0.050,43,40,28,13,0.314,0.191,0.245,0.133,0.086,0.050,41,38,28,15
0.102,0.053,0.024,1.99,0.186,0,0.3082,0.2549,0.088,-0.326,0.348,0.168,0.340,0.162,0.088,0.050,43,40,28,13,0.314,0.191,0.245,0.133,0.086,0.050,41,38,28,15
0.108,0.083,0.282,-0.08,0.108,0,0.3016,0.2466,0.180,0.059,0.348,0.168,0.340,0.162,0.088,0.050,43,40,28,13,0.314,0.191,0.245,0.133,0.086,0.050,41,38,28,15
0.084,0.077,0.446,-1.1,0.105,-1,0.3005,0.2426,0.433,0.192,0.348,0.168,0.340,0.162,0.088,0.050,43,40,28,13,0.314,0.191,0.245,0.133,0.086,0.050,41,38,28,15
0.087,0.082,0.344,-1.1,0.105,-1,0.3054,0.2438,0.450,0.192,0.348,0.168,0.340,0.162,0.088,0.050,43,40,28,13,0.314,0.191,0.245,0.133,0.086,0.050,41,38,28,15
0.082,0.073,0.121,0,0.000,0,0.3084,0.2437,0.196,0.166,0.348,0.168,0.340,0.162,0.088,0.050,43,40,28,13,0.314,0.191,0.245,0.133,0.086,0.050,41,38,28,15
0.071,0.128,0.349,0.2,0.291,1,0.3013,0.2370,0.190,0.180,0.348,0.168,0.340,0.162,0.088,0.050,43,40,28,13,0.314,0.191,0.245,0.133,0.086,0.050,41,38,28,15
0.057,0.083,0.033,2.53,0.140,0,0.2837,0.2230,0.058,-0.121,0.348,0.168,0.340,0.162,0.088,0.050,43,40,28,13,0.314,0.191,0.245,0.133,0.086,0.050,41,38,28,15
0.054,0.050,0.484,1.69,0.290,0,0.2652,0.2096,0.055,-0.697,0.348,0.168,0.340,0.162,0.088,0.050,43,40,28,13,0.314,0.191,0.245,0.133,0.086,0.050,41,38,28,15
0.057,0.040,0.120,1.99,0.186,0,0.2445,0.1952,0.029,-0.326,0.348,0.168,0.340,0.162,0.088,0.050,43,40,28,13,0.314,0.191,0.245,0.133,0.086,0.050,41,38,28,15
0.055,0.085,0.273,1.76,0.409,0,0.2243,0.1813,0.053,-0.884,0.348,0.168,0.340,0.162,0.088,0.050,43,40,28,13,0.314,0.191,0.245,0.133,0.086,0.050,41,38,28,15
0.056,0.050,0.417,0,0.000,0,0.1995,0.1638,0.048,0.166,0.348,0.168,0.340,0.162,0.088,0.050,43,40,28,13,0.314,0.191,0.245,0.133,0.086,0.050,41,38,28,15
0.056,0.074,0.562,-0.52,0.062,0,0.1625,0.1345,0.083,0.341,0.348,0.168,0.340,0.162,0.088,0.050,43,40,28,13,0.314,0.191,0.245,0.133,0.086,0.050,41,38,28,15
0.059,0.063,0.588,1.69,0.290,0,0.1389,0.1172,0.067,-0.697,0.348,0.168,0.340,0.162,0.088,0.050,43,40,28,13,0.314,0.191,0.245,0.133,0.086,0.050,41,38,28,15
0.049,0.116,0.630,0.2,0.291,1,0.1212,0.1032,0.276,0.180,0.348,0.168,0.340,0.162,0.088,0.050,43,40,28,13,0.314,0.191,0.245,0.133,0.086,0.050,41,38,28,15
0.049,0.119,0.559,-1.1,0.105,-1,0.1264,0.1092,0.299,0.192,0.348,0.168,0.340,0.162,0.088,0.050,43,40,28,13,0.314,0.191,0.245,0.133,0.086,0.050,41,38,28,15
0.050,0.193,0.424,-0.48,0.134,0,0.1368,0.1164,0.438,0.007,0.348,0.168,0.340,0.162,0.088,0.050,43,40,28,13,0.314,0.191,0.245,0.133,0.086,0.050,41,38,28,15
0.061,0.141,0.485,-0.48,0.134,0,0.1585,0.1325,0.396,0.007,0.348,0.168,0.340,0.162,0.088,0.050,43,40,28,13,0.314,0.191,0.245,0.133,0.086,0.050,41,38,28,15
0.076,0.098,0.189,0,0.000,0,0.1817,0.1468,0.113,0.166,0.348,0.168,0.340,0.162,0.088,0.050,43,40,28,13,0.314,0.191,0.245,0.133,0.086,0.050,41,38,28,15
0.098,0.055,0.114,2.53,0.140,0,0.2186,0.1718,0.073,-0.121,0.348,0.168,0.340,0.162,0.088,0.050,43,40,28,13,0.314,0.191,0.245,0.133,0.086,0.050,41,38,28,15
0.102,0.038,0.002,3.14,0.186,0,0.2603,0.1999,0.105,-0.486,0.348,0.168,0.340,0.162,0.088,0.050,43,40,28,13,0.314,0.191,0.245,0.133,0.086,0.050,41,38,28,15
0.148,0.042,0.037,0,0.000,0,0.3025,0.2282,0.111,0.166,0.348,0.168,0.340,0.162,0.088,0.050,43,40,28,13,0.314,0.191,0.245,0.133,0.086,0.050,41,38,28,15
0.139,0.041,0.044,1.99,0.186,0,0.3238,0.2413,0.077,-0.326,0.348,0.168,0.340,0.162,0.088,0.050,43,40,28,13,0.314,0.191,0.245,0.133,0.086,0.050,41,38,28,15
0.132,0.078,0.006,1.99,0.186,0,0.3275,0.2411,0.075,-0.326,0.348,0.168,0.340,0.162,0.088,0.050,43,40,28,13,0.314,0.191,0.245,0.133,0.086,0.050,41,38,28,15
0.154,0.083,0.010,-0.79,0.151,-1,0.3240,0.2368,0.260,0.736,0.348,0.168,0.340,0.162,0.088,0.050,43,40,28,13,0.314,0.191,0.245,0.133,0.086,0.050,41,38,28,15
0.149,0.063,0.008,-1.14,0.131,0,0.3031,0.2189,0.270,0.987,0.348,0.168,0.340,0.162,0.088,0.050,43,40,28,13,0.314,0.191,0.245,0.133,0.086,0.050,41,38,28,15
0.150,0.064,0.030,1.42,0.221,0,0.2725,0.1951,0.187,-0.397,0.348,0.168,0.340,0.162,0.088,0.050,43,40,28,13,0.314,0.191,0.245,0.133,0.086,0.050,41,38,28,15
0.174,0.078,0.290,-1.19,0.219,1,0.2477,0.1771,0.478,0.586,0.348,0.168,0.340,0.162,0.088,0.050,43,40,28,13,0.314,0.191,0.245,0.133,0.086,0.050,41,38,28,15
0.196,0.085,0.407,-1.19,0.219,1,0.2375,0.1692,0.524,0.586,0.348,0.168,0.340,0.162,0.088,0.050,43,40,28,13,0.314,0.191,0.245,0.133,0.086,0.050,41,38,28,15
0.192,0.068,0.241,-0.52,0.062,0,0.2318,0.1628,0.347,0.341,0.348,0.168,0.340,0.162,0.088,0.050,43,40,28,13,0.314,0.191,0.245,0.133,0.086,0.050,41,38,28,15
0.185,0.071,0.156,1.42,0.221,0,0.2310,0.1593,0.308,-0.397,0.348,0.168,0.340,0.162,0.088,0.050,43,40,28,13,0.314,0.191,0.245,0.133,0.086,0.050,41,38,28,15
0.189,0.068,0.139,2.53,0.140,0,0.2347,0.1588,0.156,-0.121,0.348,0.168,0.340,0.162,0.088,0.050,43,40,28,13,0.314,0.191,0.245,0.133,0.086,0.050,41,38,28,15
0.185,0.075,0.191,-1.14,0.131,0,0.2362,0.1574,0.263,0.987,0.348,0.168,0.340,0.162,0.088,0.050,43,40,28,13,0.314,0.191,0.245,0.133,0.086,0.050,41,38,28,15
0.226,0.068,0.054,2.53,0.140,0,0.2535,0.1718,0.125,-0.121,0.348,0.168,0.340,0.162,0.088,0.050,43,40,28,13,0.314,0.191,0.245,0.133,0.086,0.050,41,38,28,15
0.227,0.082,0.156,-0.42,0.180,0,0.2587,0.1755,0.322,0.318,0.348,0.168,0.340,0.162,0.088,0.050,43,40,28,13,0.314,0.191,0.245,0.133,0.086,0.050,41,38,28,15
0.271,0.054,0.008,2.53,0.140,0,0.2670,0.1830,0.108,-0.121,0.348,0.168,0.340,0.162,0.088,0.050,43,40,28,13,0.314,0.191,0.245,0.133,0.086,0.050,41,38,28,15
0.293,0.085,0.208,-0.42,0.180,0,0.2677,0.1853,0.343,0.318,0.348,0.168,0.340,0.162,0.088,0.050,43,40,28,13,0.314,0.191,0.245,0.133,0.086,0.050,41,38,28,15
0.288,0.056,0.021,1.99,0.186,0,0.2691,0.1906,0.110,-0.326,0.348,0.168,0.340,0.162,0.088,0.050,43,40,28,13,0.314,0.191,0.245,0.133,0.086,0.050,41,38,28,15
0.208,0.059,0.034,-1.1,0.105,-1,0.2619,0.1902,0.439,0.192,0.348,0.168,0.340,0.162,0.088,0.050,43,40,28,13,0.314,0.191,0.245,0.133,0.086,0.050,41,38,28,15
0.165,0.053,0.026,2.53,0.140,0,0.2623,0.1967,0.084,-0.121,0.348,0.168,0.340,0.162,0.088,0.050,43,40,28,13,0.314,0.191,0.245,0.133,0.086,0.050,41,38,28,15
0.168,0.067,0.055,-1.14,0.131,0,0.2482,0.1914,0.240,0.987,0.348,0.168,0.340,0.162,0.088,0.050,43,40,28,13,0.314,0.191,0.245,0.133,0.086,0.050,41,38,28,15
0.161,0.067,0.059,2.53,0.140,0,0.2267,0.1778,0.137,-0.121,0.348,0.168,0.340,0.162,0.088,0.050,43,40,28,13,0.314,0.191,0.245,0.133,0.086,0.050,41,38,28,15
0.161,0.059,0.189,2.53,0.140,0,0.2103,0.1671,0.083,-0.121,0.348,0.168,0.340,0.162,0.088,0.050,43,40,28,13,0.314,0.191,0.245,0.133,0.086,0.050,41,38,28,15
0.174,0.101,0.376,-1.19,0.219,1,0.2051,0.1629,0.291,0.586,0.348,0.168,0.340,0.162,0.088,0.050,43,40,28,13,0.314,0.191,0.245,0.133,0.086,0.050,41,38,28,15
0.173,0.068,0.084,2.53,0.140,0,0.1971,0.1558,0.084,-0.121,0.348,0.168,0.340,0.162,0.088,0.050,43,40,28,13,0.314,0.191,0.245,0.133,0.086,0.050,41,38,28,15
0.171,0.094,0.465,0.85,0.046,0,0.1945,0.1531,0.166,0.06,0.348,0.168,0.340,0.162,0.088,0.050,43,40,28,13,0.314,0.191,0.245,0.133,0.086,0.050,41,38,28,15
0.171,0.134,0.531,-0.52,0.062,0,0.1996,0.1557,0.238,0.341,0.348,0.168,0.340,0.162,0.088,0.050,43,40,28,13,0.314,0.191,0.245,0.133,0.086,0.050,41,38,28,15
0.170,0.236,0.351,0,0.000,0,0.2111,0.1625,0.340,0.166,0.348,0.168,0.340,0.162,0.088,0.050,43,40,28,13,0.314,0.191,0.245,0.133,0.086,0.050,41,38,28,15
0.174,0.258,0.558,-0.48,0.134,0,0.2233,0.1702,0.341,0.007,0.348,0.168,0.340,0.162,0.088,0.050,43,40,28,13,0.314,0.191,0.245,0.133,0.086,0.050,41,38,28,15
0.174,0.227,0.501,-1.1,0.105,-1,0.2307,0.1760,0.235,0.192,0.348,0.168,0.340,0.162,0.088,0.050,43,40,28,13,0.314,0.191,0.245,0.133,0.086,0.050,41,38,28,15
0.173,0.158,0.228,0.22,0.230,0,0.2294,0.1781,0.080,0.303,0.348,0.168,0.340,0.162,0.088,0.050,43,40,28,13,0.314,0.191,0.245,0.133,0.086,0.050,41,38,28,15
0.162,0.095,0.022,1.99,0.186,0,0.2248,0.1797,0.053,-0.326,0.348,0.168,0.340,0.162,0.088,0.050,43,40,28,13,0.314,0.191,0.245,0.133,0.086,0.050,41,38,28,15
0.155,0.074,0.003,2.53,0.140,0,0.2095,0.1737,0.045,-0.121,0.348,0.168,0.340,0.162,0.088,0.050,43,40,28,13,0.314,0.191,0.245,0.133,0.086,0.050,41,38,28,15
0.154,0.069,0.004,1.42,0.221,0,0.2048,0.1761,0.063,-0.397,0.348,0.168,0.340,0.162,0.088,0.050,43,40,28,13,0.314,0.191,0.245,0.133,0.086,0.050,41,38,28,15
0.127,0.117,0.031,1.99,0.186,0,0.2025,0.1789,0.032,-0.326,0.348,0.168,0.340,0.162,0.088,0.050,43,40,28,13,0.314,0.191,0.245,0.133,0.086,0.050,41,38,28,15
0.131,0.131,0.183,-0.08,0.108,0,0.1973,0.1781,0.055,0.059,0.348,0.168,0.340,0.162,0.088,0.050,43,40,28,13,0.314,0.191,0.245,0.133,0.086,0.050,41,38,28,15
0.133,0.098,0.358,0.85,0.046,0,0.2005,0.1853,0.205,0.06,0.348,0.168,0.340,0.162,0.088,0.050,43,40,28,13,0.314,0.191,0.245,0.133,0.086,0.050,41,38,28,15
0.103,0.131,0.332,-1.1,0.105,-1,0.2049,0.1895,0.403,0.192,0.348,0.168,0.340,0.162,0.088,0.050,43,40,28,13,0.314,0.191,0.245,0.133,0.086,0.050,41,38,28,15
0.098,0.127,0.160,0,0.000,0,0.2014,0.1849,0.195,0.166,0.348,0.168,0.340,0.162,0.088,0.050,43,40,28,13,0.314,0.191,0.245,0.133,0.086,0.050,41,38,28,15
0.118,0.113,0.254,-1.1,0.105,-1,0.1963,0.1774,0.204,0.192,0.348,0.168,0.340,0.162,0.088,0.050,43,40,28,13,0.314,0.191,0.245,0.133,0.086,0.050,41,38,28,15
0.119,0.092,0.069,1.99,0.186,0,0.1997,0.1769,0.087,-0.326,0.348,0.168,0.340,0.162,0.088,0.050,43,40,28,13,0.314,0.191,0.245,0.133,0.086,0.050,41,38,28,15
0.110,0.146,0.577,1.37,0.298,0,0.2232,0.1926,0.095,-0.510,0.348,0.168,0.340,0.162,0.088,0.050,43,40,28,13,0.314,0.191,0.245,0.133,0.086,0.050,41,38,28,15
0.113,0.097,0.422,-0.08,0.108,0,0.2492,0.2130,0.118,0.059,0.348,0.168,0.340,0.162,0.088,0.050,43,40,28,13,0.314,0.191,0.245,0.133,0.086,0.050,41,38,28,15
0.117,0.093,0.290,1.99,0.186,0,0.2713,0.2325,0.061,-0.326,0.348,0.168,0.340,0.162,0.088,0.050,43,40,28,13,0.314,0.191,0.245,0.133,0.086,0.050,41,38,28,15
0.113,0.110,0.481,0,0.000,0,0.2781,0.2414,0.134,0.166,0.348,0.168,0.340,0.162,0.088,0.050,43,40,28,13,0.314,0.191,0.245,0.133,0.086,0.050,41,38,28,15
0.554,0.072,0.561,2.1,0.128,0,0.2840,0.2497,0.090,0.02,0.348,0.168,0.340,0.162,0.088,0.050,43,40,28,13,0.314,0.191,0.245,0.133,0.086,0.050,41,38,28,15
0.546,0.050,0.437,0,0.000,0,0.2786,0.2474,0.158,0.166,0.348,0.168,0.340,0.162,0.088,0.050,43,40,28,13,0.314,0.191,0.245,0.133,0.086,0.050,41,38,28,15
0.546,0.043,0.391,-0.79,0.151,-1,0.2711,0.2440,0.382,0.736,0.348,0.168,0.340,0.162,0.088,0.050,43,40,28,13,0.314,0.191,0.245,0.133,0.086,0.050,41,38,28,15
0.539,0.065,0.585,-0.42,0.180,0,0.2512,0.2293,0.371,0.318,0.348,0.168,0.340,0.162,0.088,0.050,43,40,28,13,0.314,0.191,0.245,0.133,0.086,0.050,41,38,28,15
0.538,0.067,0.365,0,0.000,0,0.2395,0.2197,0.188,0.166,0.348,0.168,0.340,0.162,0.088,0.050,43,40,28,13,0.314,0.191,0.245,0.133,0.086,0.050,41,38,28,15
0.534,0.068,0.527,-0.42,0.180,0,0.2359,0.2168,0.303,0.318,0.348,0.168,0.340,0.162,0.088,0.050,43,40,28,13,0.314,0.191,0.245,0.133,0.086,0.050,41,38,28,15
0.535,0.049,0.282,1.99,0.186,0,0.2522,0.2301,0.207,-0.326,0.348,0.168,0.340,0.162,0.088,0.050,43,40,28,13,0.314,0.191,0.245,0.133,0.086,0.050,41,38,28,15
0.541,0.071,0.347,0,0.000,0,0.2847,0.2560,0.207,0.166,0.348,0.168,0.340,0.162,0.088,0.050,43,40,28,13,0.314,0.191,0.245,0.133,0.086,0.050,41,38,28,15
0.544,0.106,0.621,0.2,0.291,1,0.3324,0.2950,0.334,0.180,0.348,0.168,0.340,0.162,0.088,0.050,43,40,28,13,0.314,0.191,0.245,0.133,0.086,0.050,41,38,28,15
0.546,0.096,0.340,2.53,0.140,0,0.3923,0.3471,0.092,-0.121,0.348,0.168,0.340,0.162,0.088,0.050,43,40,28,13,0.314,0.191,0.245,0.133,0.086,0.050,41,38,28,15
0.543,0.081,0.376,-1.14,0.131,0,0.4336,0.3817,0.152,0.987,0.348,0.168,0.340,0.162,0.088,0.050,43,40,28,13,0.314,0.191,0.245,0.133,0.086,0.050,41,38,28,15
0.543,0.080,0.262,-0.79,0.151,-1,0.4477,0.3922,0.316,0.736,0.348,0.168,0.340,0.162,0.088,0.050,43,40,28,13,0.314,0.191,0.245,0.133,0.086,0.050,41,38,28,15
0.542,0.078,0.079,1.99,0.186,0,0.4336,0.3777,0.114,-0.326,0.348,0.168,0.340,0.162,0.088,0.050,43,40,28,13,0.314,0.191,0.245,0.133,0.086,0.050,41,38,28,15
0.542,0.075,0.306,1.69,0.290,0,0.4127,0.3588,0.066,-0.697,0.348,0.168,0.340,0.162,0.088,0.050,43,40,28,13,0.314,0.191,0.245,0.133,0.086,0.050,41,38,28,15
0.545,0.088,0.170,0.85,0.046,0,0.3886,0.3371,0.177,0.06,0.348,0.168,0.340,0.162,0.088,0.050,43,40,28,13,0.314,0.191,0.245,0.133,0.086,0.050,41,38,28,15
0.544,0.145,0.341,-0.48,0.134,0,0.3691,0.3194,0.333,0.007,0.348,0.168,0.340,0.162,0.088,0.050,43,40,28,13,0.314,0.191,0.245,0.133,0.086,0.050,41,38,28,15
0.545,0.215,0.724,0.2,0.291,1,0.3398,0.2961,0.365,0.180,0.348,0.168,0.340,0.162,0.088,0.050,43,40,28,13,0.314,0.191,0.245,0.133,0.086,0.050,41,38,28,15
0.545,0.200,0.517,0,0.000,0,0.2998,0.2647,0.322,0.166,0.348,0.168,0.340,0.162,0.088,0.050,43,40,28,13,0.314,0.191,0.245,0.133,0.086,0.050,41,38,28,15
0.542,0.233,0.515,0,0.000,0,0.2678,0.2384,0.265,0.166,0.348,0.168,0.340,0.162,0.088,0.050,43,40,28,13,0.314,0.191,0.245,0.133,0.086,0.050,41,38,28,15
0.551,0.283,0.696,0.2,0.291,1,0.2400,0.2144,0.357,0.180,0.348,0.168,0.340,0.162,0.088,0.050,43,40,28,13,0.314,0.191,0.245,0.133,0.086,0.050,41,38,28,15
0.552,0.239,0.441,-0.42,0.180,0,0.2251,0.1998,0.348,0.318,0.348,0.168,0.340,0.162,0.088,0.050,43,40,28,13,0.314,0.191,0.245,0.133,0.086,0.050,41,38,28,15
0.555,0.189,0.151,0,0.000,0,0.2084,0.1823,0.202,0.166,0.348,0.168,0.340,0.162,0.088,0.050,43,40,28,13,0.314,0.191,0.245,0.133,0.086,0.050,41,38,28,15
0.570,0.108,0.042,1.99,0.186,0,0.2037,0.1731,0.082,-0.326,0.348,0.168,0.340,0.162,0.088,0.050,43,40,28,13,0.314,0.191,0.245,0.133,0.086,0.050,41,38,28,15
0.570,0.124,0.011,-0.79,0.151,-1,0.2015,0.1666,0.251,0.736,0.348,0.168,0.340,0.162,0.088,0.050,43,40,28,13,0.314,0.191,0.245,0.133,0.086,0.050,41,38,28,15
0.602,0.219,0.157,0.2,0.291,1,0.2058,0.1666,0.269,0.180,0.348,0.168,0.340,0.162,0.088,0.050,43,40,28,13,0.314,0.191,0.245,0.133,0.086,0.050,41,38,28,15
0.607,0.192,0.005,1.99,0.186,0,0.2045,0.1638,0.089,-0.326,0.348,0.168,0.340,0.162,0.088,0.050,43,40,28,13,0.314,0.191,0.245,0.133,0.086,0.050,41,38,28,15
0.254,0.122,0.003,1.99,0.186,0,0.2199,0.1758,0.112,-0.326,0.348,0.168,0.340,0.162,0.088,0.050,43,40,28,13,0.314,0.191,0.245,0.133,0.086,0.050,41,38,28,15
0.251,0.130,0.005,2.53,0.140,0,0.2430,0.1950,0.117,-0.121,0.348,0.168,0.340,0.162,0.088,0.050,43,40,28,13,0.314,0.191,0.245,0.133,0.086,0.050,41,38,28,15
0.257,0.214,0.039,-1.14,0.131,0,0.2554,0.2060,0.195,0.987,0.348,0.168,0.340,0.162,0.088,0.050,43,40,28,13,0.314,0.191,0.245,0.133,0.086,0.050,41,38,28,15
0.261,0.312,0.179,-1.19,0.219,1,0.2477,0.2007,0.288,0.586,0.348,0.168,0.340,0.162,0.088,0.050,43,40,28,13,0.314,0.191,0.245,0.133,0.086,0.050,41,38,28,15
0.257,0.211,0.082,2.1,0.128,0,0.2239,0.1805,0.065,0.02,0.348,0.168,0.340,0.162,0.088,0.050,43,40,28,13,0.314,0.191,0.245,0.133,0.086,0.050,41,38,28,15
0.280,0.196,0.002,2.53,0.140,0,0.2082,0.1659,0.089,-0.121,0.348,0.168,0.340,0.162,0.088,0.050,43,40,28,13,0.314,0.191,0.245,0.133,0.086,0.050,41,38,28,15
0.275,0.243,0.147,1.42,0.221,0,0.2032,0.1571,0.089,-0.397,0.348,0.168,0.340,0.162,0.088,0.050,43,40,28,13,0.314,0.191,0.245,0.133,0.086,0.050,41,38,28,15
0.285,0.322,0.005,1.99,0.186,0,0.2028,0.1514,0.049,-0.326,0.348,0.168,0.340,0.162,0.088,0.050,43,40,28,13,0.314,0.191,0.245,0.133,0.086,0.050,41,38,28,15
0.288,0.380,0.088,-1.19,0.219,1,0.1975,0.1430,0.236,0.586,0.348,0.168,0.340,0.162,0.088,0.050,43,40,28,13,0.314,0.191,0.245,0.133,0.086,0.050,41,38,28,15
0.272,0.385,0.128,-0.52,0.062,0,0.1962,0.1357,0.215,0.341,0.348,0.168,0.340,0.162,0.088,0.050,43,40,28,13,0.314,0.191,0.245,0.133,0.086,0.050,41,38,28,15
0.264,0.460,0.434,0.2,0.291,1,0.1880,0.1241,0.390,0.180,0.348,0.168,0.340,0.162,0.088,0.050,43,40,28,13,0.314,0.191,0.245,0.133,0.086,0.050,41,38,28,15
0.266,0.319,0.355,0,0.000,0,0.1823,0.1146,0.305,0.166,0.348,0.168,0.340,0.162,0.088,0.050,43,40,28,13,0.314,0.191,0.245,0.133,0.086,0.050,41,38,28,15
0.226,0.351,0.346,-0.52,0.062,0,0.1770,0.1061,0.321,0.341,0.348,0.168,0.340,0.162,0.088,0.050,43,40,28,13,0.314,0.191,0.245,0.133,0.086,0.050,41,38,28,15
0.241,0.717,0.486,0.2,0.291,1,0.1721,0.0983,0.410,0.180,0.348,0.168,0.340,0.162,0.088,0.050,43,40,28,13,0.314,0.191,0.245,0.133,0.086,0.050,41,38,28,15
0.203,0.251,0.133,0,0.000,0,0.1640,0.0887,0.159,0.166,0.348,0.168,0.340,0.162,0.088,0.050,43,40,28,13,0.314,0.191,0.245,0.133,0.086,0.050,41,38,28,15
0.198,0.356,0.227,0.22,0.230,0,0.1500,0.0768,0.221,0.303,0.348,0.168,0.340,0.162,0.088,0.050,43,40,28,13,0.314,0.191,0.245,0.133,0.086,0.050,41,38,28,15
0.179,0.155,0.116,2.53,0.140,0,0.1380,0.0696,0.074,-0.121,0.348,0.168,0.340,0.162,0.088,0.050,43,40,28,13,0.314,0.191,0.245,0.133,0.086,0.050,41,38,28,15
0.143,0.305,0.295,0.2,0.291,1,0.1133,0.0550,0.212,0.180,0.348,0.168,0.340,0.162,0.088,0.050,43,40,28,13,0.314,0.191,0.245,0.133,0.086,0.050,41,38,28,15
0.137,0.220,0.019,1.69,0.290,0,0.0972,0.0481,0.057,-0.697,0.348,0.168,0.340,0.162,0.088,0.050,43,40,28,13,0.314,0.191,0.245,0.133,0.086,0.050,41,38,28,15
0.091,0.228,0.231,-0.42,0.180,0,0.0887,0.0464,0.201,0.318,0.348,0.168,0.340,0.162,0.088,0.050,43,40,28,13,0.314,0.191,0.245,0.133,0.086,0.050,41,38,28,15
0.087,0.139,0.288,-1.1,0.105,-1,0.0828,0.0454,0.185,0.192,0.348,0.168,0.340,0.162,0.088,0.050,43,40,28,13,0.314,0.191,0.245,0.133,0.086,0.050,41,38,28,15
0.081,0.105,0.028,0.85,0.046,0,0.0672,0.0376,0.123,0.06,0.348,0.168,0.340,0.162,0.088,0.050,43,40,28,13,0.314,0.191,0.245,0.133,0.086,0.050,41,38,28,15
0.084,0.070,0.304,1.69,0.290,0,0.0498,0.0268,0.122,-0.697,0.348,0.168,0.340,0.162,0.088,0.050,43,40,28,13,0.314,0.191,0.245,0.133,0.086,0.050,41,38,28,15
0.085,0.081,0.238,2.1,0.128,0,0.0427,0.0223,0.099,0.02,0.348,0.168,0.340,0.162,0.088,0.050,43,40,28,13,0.314,0.191,0.245,0.133,0.086,0.050,41,38,28,15
0.066,0.071,0.327,0,0.000,0,0.0439,0.0224,0.107,0.166,0.348,0.168,0.340,0.162,0.088,0.050,43,40,28,13,0.314,0.191,0.245,0.133,0.086,0.050,41,38,28,15
0.066,0.050,0.410,0.85,0.046,0,0.0437,0.0221,0.072,0.06,0.348,0.168,0.340,0.162,0.088,0.050,43,40,28,13,0.314,0.191,0.245,0.133,0.086,0.050,41,38,28,15
0.066,0.094,0.528,1.37,0.298,0,0.0398,0.0197,0.132,-0.510,0.348,0.168,0.340,0.162,0.088,0.050,43,40,28,13,0.314,0.191,0.245,0.133,0.086,0.050,41,38,28,15
0.066,0.086,0.087,1.69,0.290,0,0.0434,0.0213,0.039,-0.697,0.348,0.168,0.340,0.162,0.088,0.050,43,40,28,13,0.314,0.191,0.245,0.133,0.086,0.050,41,38,28,15
0.056,0.075,0.070,-0.08,0.108,0,0.0407,0.0195,0.078,0.059,0.348,0.168,0.340,0.162,0.088,0.050,43,40,28,13,0.314,0.191,0.245,0.133,0.086,0.050,41,38,28,15
0.071,0.072,0.003,1.69,0.290,0,0.0375,0.0177,0.045,-0.697,0.348,0.168,0.340,0.162,0.088,0.050,43,40,28,13,0.314,0.191,0.245,0.133,0.086,0.050,41,38,28,15
0.060,0.061,0.004,0.85,0.046,0,0.0310,0.0151,0.058,0.06,0.348,0.168,0.340,0.162,0.088,0.050,43,40,28,13,0.314,0.191,0.245,0.133,0.086,0.050,41,38,28,15
0.064,0.064,0.048,3.14,0.186,0,0.0316,0.0158,0.057,-0.486,0.348,0.168,0.340,0.162,0.088,0.050,43,40,28,13,0.314,0.191,0.245,0.133,0.086,0.050,41,38,28,15
0.063,0.073,0.190,-0.52,0.062,0,0.0321,0.0168,0.141,0.341,0.348,0.168,0.340,0.162,0.088,0.050,43,40,28,13,0.314,0.191,0.245,0.133,0.086,0.050,41,38,28,15
0.081,0.161,0.466,0.22,0.230,0,0.0343,0.0186,0.247,0.303,0.348,0.168,0.340,0.162,0.088,0.050,43,40,28,13,0.314,0.191,0.245,0.133,0.086,0.050,41,38,28,15
0.066,0.098,0.167,-0.79,0.151,-1,0.0336,0.0182,0.404,0.736,0.348,0.168,0.340,0.162,0.088,0.050,43,40,28,13,0.314,0.191,0.245,0.133,0.086,0.050,41,38,28,15
0.057,0.120,0.207,0,0.000,0,0.0379,0.0215,0.159,0.166,0.348,0.168,0.340,0.162,0.088,0.050,43,40,28,13,0.314,0.191,0.245,0.133,0.086,0.050,41,38,28,15
0.061,0.111,0.352,0.22,0.230,0,0.0485,0.0266,0.163,0.303,0.348,0.168,0.340,0.162,0.088,0.050,43,40,28,13,0.314,0.191,0.245,0.133,0.086,0.050,41,38,28,15
0.067,0.059,0.056,2.53,0.140,0,0.0645,0.0350,0.096,-0.121,0.348,0.168,0.340,0.162,0.088,0.050,43,40,28,13,0.314,0.191,0.245,0.133,0.086,0.050,41,38,28,15
0.082,0.089,0.434,1.37,0.298,0,0.0966,0.0539,0.138,-0.510,0.348,0.168,0.340,0.162,0.088,0.050,43,40,28,13,0.314,0.191,0.245,0.133,0.086,0.050,41,38,28,15
0.088,0.059,0.182,0,0.000,0,0.1406,0.0798,0.083,0.166,0.348,0.168,0.340,0.162,0.088,0.050,43,40,28,13,0.314,0.191,0.245,0.133,0.086,0.050,41,38,28,15
0.102,0.083,0.213,1.69,0.290,0,0.1944,0.1113,0.091,-0.697,0.348,0.168,0.340,0.162,0.088,0.050,43,40,28,13,0.314,0.191,0.245,0.133,0.086,0.050,41,38,28,15
0.097,0.098,0.419,0,0.000,0,0.2356,0.1345,0.118,0.166,0.348,0.168,0.340,0.162,0.088,0.050,43,40,28,13,0.314,0.191,0.245,0.133,0.086,0.050,41,38,28,15
0.101,0.079,0.456,1.99,0.186,0,0.2680,0.1542,0.116,-0.326,0.348,0.168,0.340,0.162,0.088,0.050,43,40,28,13,0.314,0.191,0.245,0.133,0.086,0.050,41,38,28,15
0.091,0.098,0.412,-0.52,0.062,0,0.2726,0.1564,0.152,0.341,0.348,0.168,0.340,0.162,0.088,0.050,43,40,28,13,0.314,0.191,0.245,0.133,0.086,0.050,41,38,28,15
0.068,0.112,0.374,-0.48,0.134,0,0.2654,0.1564,0.168,0.007,0.348,0.168,0.340,0.162,0.088,0.050,43,40,28,13,0.314,0.191,0.245,0.133,0.086,0.050,41,38,28,15
0.089,0.096,0.547,1.37,0.298,0,0.2458,0.1502,0.154,-0.510,0.348,0.168,0.340,0.162,0.088,0.050,43,40,28,13,0.314,0.191,0.245,0.133,0.086,0.050,41,38,28,15
0.090,0.058,0.281,0.22,0.230,0,0.2168,0.1398,0.195,0.303,0.348,0.168,0.340,0.162,0.088,0.050,43,40,28,13,0.314,0.191,0.245,0.133,0.086,0.050,41,38,28,15
0.068,0.053,0.402,-0.42,0.180,0,0.2002,0.1407,0.257,0.318,0.348,0.168,0.340,0.162,0.088,0.050,43,40,28,13,0.314,0.191,0.245,0.133,0.086,0.050,41,38,28,15
0.067,0.039,0.096,1.99,0.186,0,0.1875,0.1440,0.193,-0.326,0.348,0.168,0.340,0.162,0.088,0.050,43,40,28,13,0.314,0.191,0.245,0.133,0.086,0.050,41,38,28,15
0.072,0.053,0.183,0,0.000,0,0.1891,0.1543,0.228,0.166,0.348,0.168,0.340,0.162,0.088,0.050,43,40,28,13,0.314,0.191,0.245,0.133,0.086,0.050,41,38,28,15
0.068,0.071,0.455,-0.08,0.108,0,0.2077,0.1774,0.195,0.059,0.348,0.168,0.340,0.162,0.088,0.050,43,40,28,13,0.314,0.191,0.245,0.133,0.086,0.050,41,38,28,15
0.070,0.106,0.233,-1.14,0.131,0,0.2321,0.2027,0.352,0.987,0.348,0.168,0.340,0.162,0.088,0.050,43,40,28,13,0.314,0.191,0.245,0.133,0.086,0.050,41,38,28,15
0.068,0.127,0.189,0,0.000,0,0.2562,0.2280,0.283,0.166,0.348,0.168,0.340,0.162,0.088,0.050,43,40,28,13,0.314,0.191,0.245,0.133,0.086,0.050,41,38,28,15
0.065,0.135,0.258,-0.08,0.108,0,0.2761,0.2493,0.262,0.059,0.348,0.168,0.340,0.162,0.088,0.050,43,40,28,13,0.314,0.191,0.245,0.133,0.086,0.050,41,38,28,15
0.065,0.116,0.059,-0.79,0.151,-1,0.2956,0.2689,0.330,0.736,0.348,0.168,0.340,0.162,0.088,0.050,43,40,28,13,0.314,0.191,0.245,0.133,0.086,0.050,41,38,28,15
0.063,0.097,0.150,-0.52,0.062,0,0.3085,0.2866,0.162,0.341,0.348,0.168,0.340,0.162,0.088,0.050,43,40,28,13,0.314,0.191,0.245,0.133,0.086,0.050,41,38,28,15
0.089,0.045,0.210,2.1,0.128,0,0.3128,0.2983,0.084,0.02,0.348,0.168,0.340,0.162,0.088,0.050,43,40,28,13,0.314,0.191,0.245,0.133,0.086,0.050,41,38,28,15
0.069,0.051,0.141,1.69,0.290,0,0.3234,0.3153,0.131,-0.697,0.348,0.168,0.340,0.162,0.088,0.050,43,40,28,13,0.314,0.191,0.245,0.133,0.086,0.050,41,38,28,15
0.076,0.056,0.088,3.14,0.186,0,0.3400,0.3365,0.104,-0.486,0.348,0.168,0.340,0.162,0.088,0.050,43,40,28,13,0.314,0.191,0.245,0.133,0.086,0.050,41,38,28,15
0.072,0.096,0.085,-1.14,0.131,0,0.3438,0.3444,0.166,0.987,0.348,0.168,0.340,0.162,0.088,0.050,43,40,28,13,0.314,0.191,0.245,0.133,0.086,0.050,41,38,28,15
0.089,0.108,0.161,-0.42,0.180,0,0.3358,0.3419,0.347,0.318,0.348,0.168,0.340,0.162,0.088,0.050,43,40,28,13,0.314,0.191,0.245,0.133,0.086,0.050,41,38,28,15
0.098,0.134,0.214,-0.48,0.134,0,0.2970,0.3134,0.272,0.007,0.348,0.168,0.340,0.162,0.088,0.050,43,40,28,13,0.314,0.191,0.245,0.133,0.086,0.050,41,38,28,15
0.070,0.084,0.012,1.99,0.186,0,0.2606,0.2876,0.114,-0.326,0.348,0.168,0.340,0.162,0.088,0.050,43,40,28,13,0.314,0.191,0.245,0.133,0.086,0.050,41,38,28,15
0.069,0.105,0.169,-0.08,0.108,0,0.2206,0.2600,0.299,0.059,0.348,0.168,0.340,0.162,0.088,0.050,43,40,28,13,0.314,0.191,0.245,0.133,0.086,0.050,41,38,28,15
0.074,0.135,0.154,-0.52,0.062,0,0.1851,0.2364,0.250,0.341,0.348,0.168,0.340,0.162,0.088,0.050,43,40,28,13,0.314,0.191,0.245,0.133,0.086,0.050,41,38,28,15
0.075,0.114,0.125,1.69,0.290,0,0.1702,0.2279,0.132,-0.697,0.348,0.168,0.340,0.162,0.088,0.050,43,40,28,13,0.314,0.191,0.245,0.133,0.086,0.050,41,38,28,15
0.075,0.115,0.167,-1.19,0.219,1,0.1751,0.2310,0.443,0.586,0.348,0.168,0.340,0.162,0.088,0.050,43,40,28,13,0.314,0.191,0.245,0.133,0.086,0.050,41,38,28,15
0.074,0.132,0.286,-0.48,0.134,0,0.2075,0.2520,0.389,0.007,0.348,0.168,0.340,0.162,0.088,0.050,43,40,28,13,0.314,0.191,0.245,0.133,0.086,0.050,41,38,28,15
0.093,0.143,0.103,-0.52,0.062,0,0.2508,0.2811,0.320,0.341,0.348,0.168,0.340,0.162,0.088,0.050,43,40,28,13,0.314,0.191,0.245,0.133,0.086,0.050,41,38,28,15
0.092,0.162,0.169,-0.08,0.108,0,0.2895,0.3066,0.313,0.059,0.348,0.168,0.340,0.162,0.088,0.050,43,40,28,13,0.314,0.191,0.245,0.133,0.086,0.050,41,38,28,15
0.103,0.173,0.387,-1.19,0.219,1,0.3188,0.3260,0.346,0.586,0.348,0.168,0.340,0.162,0.088,0.050,43,40,28,13,0.314,0.191,0.245,0.133,0.086,0.050,41,38,28,15
0.115,0.157,0.295,-0.52,0.062,0,0.3289,0.3300,0.180,0.341,0.348,0.168,0.340,0.162,0.088,0.050,43,40,28,13,0.314,0.191,0.245,0.133,0.086,0.050,41,38,28,15
0.129,0.118,0.303,1.76,0.409,0,0.3295,0.3266,0.126,-0.884,0.348,0.168,0.340,0.162,0.088,0.050,43,40,28,13,0.314,0.191,0.245,0.133,0.086,0.050,41,38,28,15
0.129,0.060,0.182,2.53,0.140,0,0.3188,0.3159,0.088,-0.121,0.348,0.168,0.340,0.162,0.088,0.050,43,40,28,13,0.314,0.191,0.245,0.133,0.086,0.050,41,38,28,15
0.140,0.142,0.442,0,0.000,0,0.3082,0.3059,0.108,0.166,0.348,0.168,0.340,0.162,0.088,0.050,43,40,28,13,0.314,0.191,0.245,0.133,0.086,0.050,41,38,28,15
0.139,0.132,0.198,1.69,0.290,0,0.2976,0.2994,0.105,-0.697,0.348,0.168,0.340,0.162,0.088,0.050,43,40,28,13,0.314,0.191,0.245,0.133,0.086,0.050,41,38,28,15
0.161,0.183,0.513,-0.52,0.062,0,0.2963,0.3024,0.217,0.341,0.348,0.168,0.340,0.162,0.088,0.050,43,40,28,13,0.314,0.191,0.245,0.133,0.086,0.050,41,38,28,15
0.137,0.136,0.454,0,0.000,0,0.3069,0.3126,0.313,0.166,0.348,0.168,0.340,0.162,0.088,0.050,43,40,28,13,0.314,0.191,0.245,0.133,0.086,0.050,41,38,28,15
0.132,0.156,0.364,0,0.000,0,0.3100,0.3166,0.215,0.166,0.348,0.168,0.340,0.162,0.088,0.050,43,40,28,13,0.314,0.191,0.245,0.133,0.086,0.050,41,38,28,15
0.128,0.179,0.583,-0.42,0.180,0,0.3062,0.3140,0.314,0.318,0.348,0.168,0.340,0.162,0.088,0.050,43,40,28,13,0.314,0.191,0.245,0.133,0.086,0.050,41,38,28,15
0.166,0.183,0.547,0.22,0.230,0,0.2987,0.3070,0.183,0.303,0.348,0.168,0.340,0.162,0.088,0.050,43,40,28,13,0.314,0.191,0.245,0.133,0.086,0.050,41,38,28,15
0.135,0.142,0.174,0.22,0.230,0,0.2988,0.3056,0.084,0.303,0.348,0.168,0.340,0.162,0.088,0.050,43,40,28,13,0.314,0.191,0.245,0.133,0.086,0.050,41,38,28,15
0.115,0.088,0.039,-0.08,0.108,0,0.3021,0.3070,0.104,0.059,0.348,0.168,0.340,0.162,0.088,0.050,43,40,28,13,0.314,0.191,0.245,0.133,0.086,0.050,41,38,28,15
0.173,0.045,0.002,2.53,0.140,0,0.2950,0.2993,0.065,-0.121,0.348,0.168,0.340,0.162,0.088,0.050,43,40,28,13,0.314,0.191,0.245,0.133,0.086,0.050,41,38,28,15
0.172,0.069,0.002,2.1,0.128,0,0.3005,0.2987,0.049,0.02,0.348,0.168,0.340,0.162,0.088,0.050,43,40,28,13,0.314,0.191,0.245,0.133,0.086,0.050,41,38,28,15
0.172,0.079,0.044,1.42,0.221,0,0.3183,0.3063,0.098,-0.397,0.348,0.168,0.340,0.162,0.088,0.050,43,40,28,13,0.314,0.191,0.245,0.133,0.086,0.050,41,38,28,15
0.212,0.106,0.184,-1.1,0.105,-1,0.3344,0.3133,0.172,0.192,0.348,0.168,0.340,0.162,0.088,0.050,43,40,28,13,0.314,0.191,0.245,0.133,0.086,0.050,41,38,28,15
0.204,0.131,0.469,-0.52,0.062,0,0.3405,0.3147,0.278,0.341,0.348,0.168,0.340,0.162,0.088,0.050,43,40,28,13,0.314,0.191,0.245,0.133,0.086,0.050,41,38,28,15
0.166,0.154,0.301,-0.79,0.151,-1,0.3303,0.3062,0.506,0.736,0.348,0.168,0.340,0.162,0.088,0.050,43,40,28,13,0.314,0.191,0.245,0.133,0.086,0.050,41,38,28,15
0.146,0.158,0.154,0,0.000,0,0.3090,0.2902,0.247,0.166,0.348,0.168,0.340,0.162,0.088,0.050,43,40,28,13,0.314,0.191,0.245,0.133,0.086,0.050,41,38,28,15
0.153,0.171,0.286,-1.19,0.219,1,0.2823,0.2724,0.345,0.586,0.348,0.168,0.340,0.162,0.088,0.050,43,40,28,13,0.314,0.191,0.245,0.133,0.086,0.050,41,38,28,15
0.149,0.109,0.024,0.85,0.046,0,0.2551,0.2548,0.153,0.06,0.348,0.168,0.340,0.162,0.088,0.050,43,40,28,13,0.314,0.191,0.245,0.133,0.086,0.050,41,38,28,15
0.138,0.204,0.384,1.37,0.298,0,0.2423,0.2481,0.158,-0.510,0.348,0.168,0.340,0.162,0.088,0.050,43,40,28,13,0.314,0.191,0.245,0.133,0.086,0.050,41,38,28,15
0.148,0.110,0.245,-0.52,0.062,0,0.2341,0.2447,0.200,0.341,0.348,0.168,0.340,0.162,0.088,0.050,43,40,28,13,0.314,0.191,0.245,0.133,0.086,0.050,41,38,28,15
0.147,0.143,0.184,1.99,0.186,0,0.2376,0.2481,0.128,-0.326,0.348,0.168,0.340,0.162,0.088,0.050,43,40,28,13,0.314,0.191,0.245,0.133,0.086,0.050,41,38,28,15
0.146,0.141,0.434,0,0.000,0,0.2570,0.2620,0.169,0.166,0.348,0.168,0.340,0.162,0.088,0.050,43,40,28,13,0.314,0.191,0.245,0.133,0.086,0.050,41,38,28,15
0.115,0.160,0.634,0.2,0.291,1,0.2766,0.2748,0.275,0.180,0.348,0.168,0.340,0.162,0.088,0.050,43,40,28,13,0.314,0.191,0.245,0.133,0.086,0.050,41,38,28,15
0.122,0.071,0.543,0.85,0.046,0,0.2890,0.2813,0.199,0.06,0.348,0.168,0.340,0.162,0.088,0.050,43,40,28,13,0.314,0.191,0.245,0.133,0.086,0.050,41,38,28,15
0.116,0.072,0.326,-0.79,0.151,-1,0.2955,0.2824,0.285,0.736,0.348,0.168,0.340,0.162,0.088,0.050,43,40,28,13,0.314,0.191,0.245,0.133,0.086,0.050,41,38,28,15
0.116,0.073,0.574,1.37,0.298,0,0.3161,0.2953,0.156,-0.510,0.348,0.168,0.340,0.162,0.088,0.050,43,40,28,13,0.314,0.191,0.245,0.133,0.086,0.050,41,38,28,15
0.093,0.071,0.426,0,0.000,0,0.3348,0.3072,0.174,0.166,0.348,0.168,0.340,0.162,0.088,0.050,43,40,28,13,0.314,0.191,0.245,0.133,0.086,0.050,41,38,28,15
0.093,0.102,0.599,0.2,0.291,1,0.3465,0.3132,0.317,0.180,0.348,0.168,0.340,0.162,0.088,0.050,43,40,28,13,0.314,0.191,0.245,0.133,0.086,0.050,41,38,28,15
0.097,0.062,0.166,1.99,0.186,0,0.3583,0.3201,0.129,-0.326,0.348,0.168,0.340,0.162,0.088,0.050,43,40,28,13,0.314,0.191,0.245,0.133,0.086,0.050,41,38,28,15
0.106,0.071,0.360,0,0.000,0,0.3642,0.3215,0.160,0.166,0.348,0.168,0.340,0.162,0.088,0.050,43,40,28,13,0.314,0.191,0.245,0.133,0.086,0.050,41,38,28,15
0.096,0.074,0.381,1.99,0.186,0,0.3777,0.3290,0.155,-0.326,0.348,0.168,0.340,0.162,0.088,0.050,43,40,28,13,0.314,0.191,0.245,0.133,0.086,0.050,41,38,28,15
0.092,0.060,0.253,0,0.000,0,0.3847,0.3331,0.223,0.166,0.348,0.168,0.340,0.162,0.088,0.050,43,40,28,13,0.314,0.191,0.245,0.133,0.086,0.050,41,38,28,15
0.090,0.064,0.170,-0.79,0.151,-1,0.3857,0.3315,0.465,0.736,0.348,0.168,0.340,0.162,0.088,0.050,43,40,28,13,0.314,0.191,0.245,0.133,0.086,0.050,41,38,28,15
0.084,0.052,0.103,0,0.000,0,0.3724,0.3157,0.328,0.166,0.348,0.168,0.340,0.162,0.088,0.050,43,40,28,13,0.314,0.191,0.245,0.133,0.086,0.050,41,38,28,15
0.088,0.052,0.034,0.85,0.046,0,0.3581,0.3002,0.240,0.06,0.348,0.168,0.340,0.162,0.088,0.050,43,40,28,13,0.314,0.191,0.245,0.133,0.086,0.050,41,38,28,15
0.113,0.052,0.056,-0.79,0.151,-1,0.3465,0.2881,0.475,0.736,0.348,0.168,0.340,0.162,0.088,0.050,43,40,28,13,0.314,0.191,0.245,0.133,0.086,0.050,41,38,28,15
0.126,0.055,0.084,-0.79,0.151,-1,0.3463,0.2838,0.441,0.736,0.348,0.168,0.340,0.162,0.088,0.050,43,40,28,13,0.314,0.191,0.245,0.133,0.086,0.050,41,38,28,15
0.118,0.069,0.235,-1.19,0.219,1,0.3503,0.2808,0.481,0.586,0.348,0.168,0.340,0.162,0.088,0.050,43,40,28,13,0.314,0.191,0.245,0.133,0.086,0.050,41,38,28,15
0.114,0.073,0.362,-0.52,0.062,0,0.3586,0.2806,0.307,0.341,0.348,0.168,0.340,0.162,0.088,0.050,43,40,28,13,0.314,0.191,0.245,0.133,0.086,0.050,41,38,28,15
0.115,0.060,0.208,3.14,0.186,0,0.3692,0.2830,0.099,-0.486,0.348,0.168,0.340,0.162,0.088,0.050,43,40,28,13,0.314,0.191,0.245,0.133,0.086,0.050,41,38,28,15
0.118,0.064,0.192,-1.14,0.131,0,0.3807,0.2867,0.248,0.987,0.348,0.168,0.340,0.162,0.088,0.050,43,40,28,13,0.314,0.191,0.245,0.133,0.086,0.050,41,38,28,15
0.125,0.067,0.145,-0.08,0.108,0,0.3718,0.2767,0.229,0.059,0.348,0.168,0.340,0.162,0.088,0.050,43,40,28,13,0.314,0.191,0.245,0.133,0.086,0.050,41,38,28,15
0.122,0.053,0.022,1.99,0.186,0,0.3497,0.2576,0.082,-0.326,0.348,0.168,0.340,0.162,0.088,0.050,43,40,28,13,0.314,0.191,0.245,0.133,0.086,0.050,41,38,28,15
0.150,0.052,0.005,3.14,0.186,0,0.3262,0.2403,0.104,-0.486,0.348,0.168,0.340,0.162,0.088,0.050,43,40,28,13,0.314,0.191,0.245,0.133,0.086,0.050,41,38,28,15
0.152,0.062,0.043,-0.52,0.062,0,0.3008,0.2209,0.266,0.341,0.348,0.168,0.340,0.162,0.088,0.050,43,40,28,13,0.314,0.191,0.245,0.133,0.086,0.050,41,38,28,15
0.154,0.077,0.070,0.2,0.291,1,0.2733,0.2003,0.307,0.180,0.348,0.168,0.340,0.162,0.088,0.050,43,40,28,13,0.314,0.191,0.245,0.133,0.086,0.050,41,38,28,15
0.187,0.057,0.004,1.99,0.186,0,0.2395,0.1753,0.090,-0.326,0.348,0.168,0.340,0.162,0.088,0.050,43,40,28,13,0.314,0.191,0.245,0.133,0.086,0.050,41,38,28,15
0.235,0.067,0.008,-1.14,0.131,0,0.1998,0.1452,0.262,0.987,0.348,0.168,0.340,0.162,0.088,0.050,43,40,28,13,0.314,0.191,0.245,0.133,0.086,0.050,41,38,28,15
0.194,0.069,0.046,0.85,0.046,0,0.1725,0.1238,0.284,0.06,0.348,0.168,0.340,0.162,0.088,0.050,43,40,28,13,0.314,0.191,0.245,0.133,0.086,0.050,41,38,28,15
0.189,0.060,0.088,2.53,0.140,0,0.1461,0.1039,0.193,-0.121,0.348,0.168,0.340,0.162,0.088,0.050,43,40,28,13,0.314,0.191,0.245,0.133,0.086,0.050,41,38,28,15
0.174,0.064,0.298,-0.52,0.062,0,0.1373,0.0968,0.153,0.341,0.348,0.168,0.340,0.162,0.088,0.050,43,40,28,13,0.314,0.191,0.245,0.133,0.086,0.050,41,38,28,15
0.182,0.054,0.474,-0.52,0.062,0,0.1382,0.0932,0.133,0.341,0.348,0.168,0.340,0.162,0.088,0.050,43,40,28,13,0.314,0.191,0.245,0.133,0.086,0.050,41,38,28,15
0.191,0.031,0.188,2.53,0.140,0,0.1437,0.0932,0.114,-0.121,0.348,0.168,0.340,0.162,0.088,0.050,43,40,28,13,0.314,0.191,0.245,0.133,0.086,0.050,41,38,28,15
0.183,0.021,0.505,0.85,0.046,0,0.1575,0.1006,0.114,0.06,0.348,0.168,0.340,0.162,0.088,0.050,43,40,28,13,0.314,0.191,0.245,0.133,0.086,0.050,41,38,28,15
0.227,0.017,0.435,2.1,0.128,0,0.1820,0.1168,0.085,0.02,0.348,0.168,0.340,0.162,0.088,0.050,43,40,28,13,0.314,0.191,0.245,0.133,0.086,0.050,41,38,28,15
0.210,0.021,0.293,0,0.000,0,0.1997,0.1282,0.167,0.166,0.348,0.168,0.340,0.162,0.088,0.050,43,40,28,13,0.314,0.191,0.245,0.133,0.086,0.050,41,38,28,15
0.207,0.012,0.425,0.85,0.046,0,0.2134,0.1375,0.117,0.06,0.348,0.168,0.340,0.162,0.088,0.050,43,40,28,13,0.314,0.191,0.245,0.133,0.086,0.050,41,38,28,15
0.215,0.024,0.505,-0.52,0.062,0,0.2112,0.1369,0.122,0.341,0.348,0.168,0.340,0.162,0.088,0.050,43,40,28,13,0.314,0.191,0.245,0.133,0.086,0.050,41,38,28,15
0.223,0.023,0.102,2.53,0.140,0,0.1982,0.1307,0.092,-0.121,0.348,0.168,0.340,0.162,0.088,0.050,43,40,28,13,0.314,0.191,0.245,0.133,0.086,0.050,41,38,28,15
0.187,0.035,0.075,0,0.000,0,0.1827,0.1236,0.110,0.166,0.348,0.168,0.340,0.162,0.088,0.050,43,40,28,13,0.314,0.191,0.245,0.133,0.086,0.050,41,38,28,15
0.188,0.064,0.002,1.37,0.298,0,0.1631,0.1128,0.115,-0.510,0.348,0.168,0.340,0.162,0.088,0.050,43,40,28,13,0.314,0.191,0.245,0.133,0.086,0.050,41,38,28,15
0.126,0.047,0.003,0.85,0.046,0,0.1485,0.1046,0.098,0.06,0.348,0.168,0.340,0.162,0.088,0.050,43,40,28,13,0.314,0.191,0.245,0.133,0.086,0.050,41,38,28,15
0.122,0.080,0.044,2.53,0.140,0,0.1513,0.1064,0.087,-0.121,0.348,0.168,0.340,0.162,0.088,0.050,43,40,28,13,0.314,0.191,0.245,0.133,0.086,0.050,41,38,28,15
0.127,0.090,0.206,-0.08,0.108,0,0.1572,0.1101,0.131,0.059,0.348,0.168,0.340,0.162,0.088,0.050,43,40,28,13,0.314,0.191,0.245,0.133,0.086,0.050,41,38,28,15
0.129,0.195,0.495,-1.19,0.219,1,0.1666,0.1149,0.502,0.586,0.348,0.168,0.340,0.162,0.088,0.050,43,40,28,13,0.314,0.191,0.245,0.133,0.086,0.050,41,38,28,15
0.119,0.145,0.361,-1.1,0.105,-1,0.1757,0.1180,0.491,0.192,0.348,0.168,0.340,0.162,0.088,0.050,43,40,28,13,0.314,0.191,0.245,0.133,0.086,0.050,41,38,28,15
0.099,0.191,0.216,0,0.000,0,0.1909,0.1247,0.207,0.166,0.348,0.168,0.340,0.162,0.088,0.050,43,40,28,13,0.314,0.191,0.245,0.133,0.086,0.050,41,38,28,15
0.087,0.314,0.369,0.2,0.291,1,0.1964,0.1251,0.265,0.180,0.348,0.168,0.340,0.162,0.088,0.050,43,40,28,13,0.314,0.191,0.245,0.133,0.086,0.050,41,38,28,15
0.080,0.177,0.008,2.53,0.140,0,0.2039,0.1303,0.085,-0.121,0.348,0.168,0.340,0.162,0.088,0.050,43,40,28,13,0.314,0.191,0.245,0.133,0.086,0.050,41,38,28,15
0.080,0.160,0.455,1.69,0.290,0,0.2167,0.1416,0.060,-0.697,0.348,0.168,0.340,0.162,0.088,0.050,43,40,28,13,0.314,0.191,0.245,0.133,0.086,0.050,41,38,28,15
0.080,0.096,0.193,0.85,0.046,0,0.2377,0.1626,0.051,0.06,0.348,0.168,0.340,0.162,0.088,0.050,43,40,28,13,0.314,0.191,0.245,0.133,0.086,0.050,41,38,28,15
0.085,0.246,0.320,1.76,0.409,0,0.2698,0.1916,0.091,-0.884,0.348,0.168,0.340,0.162,0.088,0.050,43,40,28,13,0.314,0.191,0.245,0.133,0.086,0.050,41,38,28,15
0.087,0.128,0.445,0,0.000,0,0.2920,0.2130,0.081,0.166,0.348,0.168,0.340,0.162,0.088,0.050,43,40,28,13,0.314,0.191,0.245,0.133,0.086,0.050,41,38,28,15
0.084,0.078,0.573,1.42,0.221,0,0.3189,0.2380,0.142,-0.397,0.348,0.168,0.340,0.162,0.088,0.050,43,40,28,13,0.314,0.191,0.245,0.133,0.086,0.050,41,38,28,15
0.085,0.043,0.491,0,0.000,0,0.3376,0.2562,0.113,0.166,0.348,0.168,0.340,0.162,0.088,0.050,43,40,28,13,0.314,0.191,0.245,0.133,0.086,0.050,41,38,28,15
0.054,0.063,0.368,-0.08,0.108,0,0.3478,0.2698,0.185,0.059,0.348,0.168,0.340,0.162,0.088,0.050,43,40,28,13,0.314,0.191,0.245,0.133,0.086,0.050,41,38,28,15
0.054,0.036,0.531,-0.48,0.134,0,0.3507,0.2788,0.239,0.007,0.348,0.168,0.340,0.162,0.088,0.050,43,40,28,13,0.314,0.191,0.245,0.133,0.086,0.050,41,38,28,15
0.053,0.044,0.522,1.37,0.298,0,0.3562,0.2884,0.146,-0.510,0.348,0.168,0.340,0.162,0.088,0.050,43,40,28,13,0.314,0.191,0.245,0.133,0.086,0.050,41,38,28,15
0.034,0.028,0.386,-0.42,0.180,0,0.3626,0.2982,0.217,0.318,0.348,0.168,0.340,0.162,0.088,0.050,43,40,28,13,0.314,0.191,0.245,0.133,0.086,0.050,41,38,28,15
0.036,0.022,0.169,1.99,0.186,0,0.3759,0.3126,0.151,-0.326,0.348,0.168,0.340,0.162,0.088,0.050,43,40,28,13,0.314,0.191,0.245,0.133,0.086,0.050,41,38,28,15
0.043,0.030,0.269,0,0.000,0,0.3999,0.3317,0.178,0.166,0.348,0.168,0.340,0.162,0.088,0.050,43,40,28,13,0.314,0.191,0.245,0.133,0.086,0.050,41,38,28,15
0.043,0.032,0.421,-0.08,0.108,0,0.4283,0.3555,0.317,0.059,0.348,0.168,0.340,0.162,0.088,0.050,43,40,28,13,0.314,0.191,0.245,0.133,0.086,0.050,41,38,28,15
0.051,0.029,0.220,0,0.000,0,0.4521,0.3770,0.258,0.166,0.348,0.168,0.340,0.162,0.088,0.050,43,40,28,13,0.314,0.191,0.245,0.133,0.086,0.050,41,38,28,15
0.052,0.028,0.226,-0.42,0.180,0,0.4659,0.3918,0.384,0.318,0.348,0.168,0.340,0.162,0.088,0.050,43,40,28,13,0.314,0.191,0.245,0.133,0.086,0.050,41,38,28,15
0.052,0.018,0.231,-1.1,0.105,-1,0.4799,0.4061,0.350,0.192,0.348,0.168,0.340,0.162,0.088,0.050,43,40,28,13,0.314,0.191,0.245,0.133,0.086,0.050,41,38,28,15
0.052,0.018,0.064,-0.79,0.151,-1,0.4910,0.4179,0.444,0.736,0.348,0.168,0.340,0.162,0.088,0.050,43,40,28,13,0.314,0.191,0.245,0.133,0.086,0.050,41,38,28,15
0.069,0.017,0.220,-1.1,0.105,-1,0.5011,0.4304,0.397,0.192,0.348,0.168,0.340,0.162,0.088,0.050,43,40,28,13,0.314,0.191,0.245,0.133,0.086,0.050,41,38,28,15
0.079,0.039,0.145,0.85,0.046,0,0.5041,0.4385,0.158,0.06,0.348,0.168,0.340,0.162,0.088,0.050,43,40,28,13,0.314,0.191,0.245,0.133,0.086,0.050,41,38,28,15
0.089,0.052,0.141,1.76,0.409,0,0.5190,0.4573,0.154,-0.884,0.348,0.168,0.340,0.162,0.088,0.050,43,40,28,13,0.314,0.191,0.245,0.133,0.086,0.050,41,38,28,15
0.074,0.061,0.180,-0.52,0.062,0,0.5380,0.4780,0.216,0.341,0.348,0.168,0.340,0.162,0.088,0.050,43,40,28,13,0.314,0.191,0.245,0.133,0.086,0.050,41,38,28,15
0.063,0.055,0.132,-1.14,0.131,0,0.5427,0.4853,0.191,0.987,0.348,0.168,0.340,0.162,0.088,0.050,43,40,28,13,0.314,0.191,0.245,0.133,0.086,0.050,41,38,28,15
0.064,0.052,0.152,2.53,0.140,0,0.5363,0.4807,0.123,-0.121,0.348,0.168,0.340,0.162,0.088,0.050,43,40,28,13,0.314,0.191,0.245,0.133,0.086,0.050,41,38,28,15
0.067,0.058,0.250,-0.79,0.151,-1,0.5058,0.4559,0.348,0.736,0.348,0.168,0.340,0.162,0.088,0.050,43,40,28,13,0.314,0.191,0.245,0.133,0.086,0.050,41,38,28,15
0.066,0.051,0.064,1.42,0.221,0,0.4717,0.4300,0.232,-0.397,0.348,0.168,0.340,0.162,0.088,0.050,43,40,28,13,0.314,0.191,0.245,0.133,0.086,0.050,41,38,28,15
0.068,0.052,0.327,1.42,0.221,0,0.4288,0.3970,0.148,-0.397,0.348,0.168,0.340,0.162,0.088,0.050,43,40,28,13,0.314,0.191,0.245,0.133,0.086,0.050,41,38,28,15
0.075,0.049,0.363,0,0.000,0,0.3853,0.3653,0.240,0.166,0.348,0.168,0.340,0.162,0.088,0.050,43,40,28,13,0.314,0.191,0.245,0.133,0.086,0.050,41,38,28,15
0.092,0.071,0.326,-1.19,0.219,1,0.3507,0.3433,0.419,0.586,0.348,0.168,0.340,0.162,0.088,0.050,43,40,28,13,0.314,0.191,0.245,0.133,0.086,0.050,41,38,28,15
0.101,0.081,0.233,-0.42,0.180,0,0.3328,0.3346,0.369,0.318,0.348,0.168,0.340,0.162,0.088,0.050,43,40,28,13,0.314,0.191,0.245,0.133,0.086,0.050,41,38,28,15
0.106,0.063,0.037,1.99,0.186,0,0.3377,0.3429,0.138,-0.326,0.348,0.168,0.340,0.162,0.088,0.050,43,40,28,13,0.314,0.191,0.245,0.133,0.086,0.050,41,38,28,15
0.155,0.071,0.098,-0.79,0.151,-1,0.3669,0.3708,0.443,0.736,0.348,0.168,0.340,0.162,0.088,0.050,43,40,28,13,0.314,0.191,0.245,0.133,0.086,0.050,41,38,28,15
0.151,0.092,0.022,-0.48,0.134,0,0.4008,0.4028,0.377,0.007,0.348,0.168,0.340,0.162,0.088,0.050,43,40,28,13,0.314,0.191,0.245,0.133,0.086,0.050,41,38,28,15
0.153,0.098,0.339,0.2,0.291,1,0.4166,0.4213,0.219,0.180,0.348,0.168,0.340,0.162,0.088,0.050,43,40,28,13,0.314,0.191,0.245,0.133,0.086,0.050,41,38,28,15
0.163,0.070,0.054,2.53,0.140,0,0.4202,0.4277,0.061,-0.121,0.348,0.168,0.340,0.162,0.088,0.050,43,40,28,13,0.314,0.191,0.245,0.133,0.086,0.050,41,38,28,15
0.188,0.068,0.091,2.53,0.140,0,0.4087,0.4221,0.101,-0.121,0.348,0.168,0.340,0.162,0.088,0.050,43,40,28,13,0.314,0.191,0.245,0.133,0.086,0.050,41,38,28,15
0.181,0.070,0.103,1.99,0.186,0,0.3899,0.4121,0.056,-0.326,0.348,0.168,0.340,0.162,0.088,0.050,43,40,28,13,0.314,0.191,0.245,0.133,0.086,0.050,41,38,28,15
0.174,0.135,0.438,-0.52,0.062,0,0.3575,0.3921,0.054,0.341,0.348,0.168,0.340,0.162,0.088,0.050,43,40,28,13,0.314,0.191,0.245,0.133,0.086,0.050,41,38,28,15
0.170,0.099,0.116,2.53,0.140,0,0.3256,0.3707,0.043,-0.121,0.348,0.168,0.340,0.162,0.088,0.050,43,40,28,13,0.314,0.191,0.245,0.133,0.086,0.050,41,38,28,15
0.138,0.176,0.454,-0.52,0.062,0,0.2968,0.3488,0.142,0.341,0.348,0.168,0.340,0.162,0.088,0.050,43,40,28,13,0.314,0.191,0.245,0.133,0.086,0.050,41,38,28,15
0.175,0.182,0.379,-0.52,0.062,0,0.2841,0.3376,0.292,0.341,0.348,0.168,0.340,0.162,0.088,0.050,43,40,28,13,0.314,0.191,0.245,0.133,0.086,0.050,41,38,28,15
0.169,0.157,0.457,0,0.000,0,0.2760,0.3297,0.342,0.166,0.348,0.168,0.340,0.162,0.088,0.050,43,40,28,13,0.314,0.191,0.245,0.133,0.086,0.050,41,38,28,15
0.247,0.152,0.639,0,0.000,0,0.2821,0.3353,0.214,0.166,0.348,0.168,0.340,0.162,0.088,0.050,43,40,28,13,0.314,0.191,0.245,0.133,0.086,0.050,41,38,28,15
0.239,0.121,0.600,-0.42,0.180,0,0.3091,0.3636,0.327,0.318,0.348,0.168,0.340,0.162,0.088,0.050,43,40,28,13,0.314,0.191,0.245,0.133,0.086,0.050,41,38,28,15
0.225,0.141,0.347,0.22,0.230,0,0.3438,0.4038,0.101,0.303,0.348,0.168,0.340,0.162,0.088,0.050,43,40,28,13,0.314,0.191,0.245,0.133,0.086,0.050,41,38,28,15
0.235,0.148,0.122,-0.08,0.108,0,0.3813,0.4556,0.065,0.059,0.348,0.168,0.340,0.162,0.088,0.050,43,40,28,13,0.314,0.191,0.245,0.133,0.086,0.050,41,38,28,15
0.238,0.081,0.006,2.53,0.140,0,0.4154,0.5133,0.092,-0.121,0.348,0.168,0.340,0.162,0.088,0.050,43,40,28,13,0.314,0.191,0.245,0.133,0.086,0.050,41,38,28,15
0.244,0.074,0.002,1.99,0.186,0,0.4433,0.5741,0.091,-0.326,0.348,0.168,0.340,0.162,0.088,0.050,43,40,28,13,0.314,0.191,0.245,0.133,0.086,0.050,41,38,28,15
0.236,0.069,0.047,1.99,0.186,0,0.4648,0.6344,0.093,-0.326,0.348,0.168,0.340,0.162,0.088,0.050,43,40,28,13,0.314,0.191,0.245,0.133,0.086,0.050,41,38,28,15
0.241,0.077,0.034,2.53,0.140,0,0.4783,0.6910,0.067,-0.121,0.348,0.168,0.340,0.162,0.088,0.050,43,40,28,13,0.314,0.191,0.245,0.133,0.086,0.050,41,38,28,15
0.232,0.106,0.425,-1.19,0.219,1,0.4823,0.7412,0.296,0.586,0.348,0.168,0.340,0.162,0.088,0.050,43,40,28,13,0.314,0.191,0.245,0.133,0.086,0.050,41,38,28,15
0.223,0.061,0.416,-1.1,0.105,-1,0.4758,0.7834,0.348,0.192,0.348,0.168,0.340,0.162,0.088,0.050,43,40,28,13,0.314,0.191,0.245,0.133,0.086,0.050,41,38,28,15
0.221,0.056,0.385,-1.19,0.219,1,0.4583,0.8172,0.514,0.586,0.348,0.168,0.340,0.162,0.088,0.050,43,40,28,13,0.314,0.191,0.245,0.133,0.086,0.050,41,38,28,15
0.219,0.040,0.407,-0.79,0.151,-1,0.4297,0.8439,0.569,0.736,0.348,0.168,0.340,0.162,0.088,0.050,43,40,28,13,0.314,0.191,0.245,0.133,0.086,0.050,41,38,28,15
0.236,0.040,0.518,-0.42,0.180,0,0.3903,0.8666,0.527,0.318,0.348,0.168,0.340,0.162,0.088,0.050,43,40,28,13,0.314,0.191,0.245,0.133,0.086,0.050,41,38,28,15
0.216,0.037,0.520,-0.52,0.062,0,0.3408,0.8910,0.915,0.341,0.348,0.168,0.340,0.162,0.088,0.050,43,40,28,13,0.314,0.191,0.245,0.133,0.086,0.050,41,38,28,15
