0.134,0.077,0.529,1.42,0.221,0,0.1346,0.7608,0.653,-0.397,0.283,0.160,0.159,0.073,0.052,0.032,45,37,32,20,0.238,0.164,0.128,0.075,0.049,0.026,66,36,24,13
0.138,0.088,0.379,2.53,0.140,0,0.0916,0.6608,0.387,-0.121,0.283,0.160,0.159,0.073,0.052,0.032,45,37,32,20,0.238,0.164,0.128,0.075,0.049,0.026,66,36,24,13
0.135,0.112,0.366,0,0.000,0,0.0749,0.5866,0.203,0.166,0.283,0.160,0.159,0.073,0.052,0.032,45,37,32,20,0.238,0.164,0.128,0.075,0.049,0.026,66,36,24,13
0.145,0.136,0.592,-0.42,0.180,0,0.0781,0.5281,0.374,0.318,0.283,0.160,0.159,0.073,0.052,0.032,45,37,32,20,0.238,0.164,0.128,0.075,0.049,0.026,66,36,24,13
0.140,0.116,0.504,1.99,0.186,0,0.0955,0.4783,0.127,-0.326,0.283,0.160,0.159,0.073,0.052,0.032,45,37,32,20,0.238,0.164,0.128,0.075,0.049,0.026,66,36,24,13
0.186,0.119,0.845,-0.52,0.062,0,0.1219,0.4330,0.187,0.341,0.283,0.160,0.159,0.073,0.052,0.032,45,37,32,20,0.238,0.164,0.128,0.075,0.049,0.026,66,36,24,13
0.189,0.132,0.483,-0.79,0.151,-1,0.1527,0.3900,0.410,0.736,0.283,0.160,0.159,0.073,0.052,0.032,45,37,32,20,0.238,0.164,0.128,0.075,0.049,0.026,66,36,24,13
0.180,0.175,0.596,0,0.000,0,0.1842,0.3490,0.260,0.166,0.283,0.160,0.159,0.073,0.052,0.032,45,37,32,20,0.238,0.164,0.128,0.075,0.049,0.026,66,36,24,13
0.170,0.145,0.110,0.85,0.046,0,0.2129,0.3107,0.058,0.06,0.283,0.160,0.159,0.073,0.052,0.032,45,37,32,20,0.238,0.164,0.128,0.075,0.049,0.026,66,36,24,13
0.144,0.188,0.003,3.14,0.186,0,0.2364,0.2767,0.051,-0.486,0.283,0.160,0.159,0.073,0.052,0.032,45,37,32,20,0.238,0.164,0.128,0.075,0.049,0.026,66,36,24,13
0.141,0.182,0.115,0.85,0.046,0,0.2553,0.2549,0.127,0.06,0.283,0.160,0.159,0.073,0.052,0.032,45,37,32,20,0.238,0.164,0.128,0.075,0.049,0.026,66,36,24,13
0.167,0.153,0.164,0.85,0.046,0,0.2635,0.2383,0.095,0.06,0.283,0.160,0.159,0.073,0.052,0.032,45,37,32,20,0.238,0.164,0.128,0.075,0.049,0.026,66,36,24,13
0.160,0.130,0.015,3.14,0.186,0,0.2605,0.2252,0.027,-0.486,0.283,0.160,0.159,0.073,0.052,0.032,45,37,32,20,0.238,0.164,0.128,0.075,0.049,0.026,66,36,24,13
0.153,0.107,0.037,1.42,0.221,0,0.2401,0.2076,0.081,-0.397,0.283,0.160,0.159,0.073,0.052,0.032,45,37,32,20,0.238,0.164,0.128,0.075,0.049,0.026,66,36,24,13
0.157,0.157,0.101,-0.42,0.180,0,0.2188,0.1960,0.356,0.318,0.283,0.160,0.159,0.073,0.052,0.032,45,37,32,20,0.238,0.164,0.128,0.075,0.049,0.026,66,36,24,13
0.153,0.190,0.258,-1.19,0.219,1,0.1914,0.1829,0.387,0.586,0.283,0.160,0.159,0.073,0.052,0.032,45,37,32,20,0.238,0.164,0.128,0.075,0.049,0.026,66,36,24,13
0.146,0.136,0.128,0,0.000,0,0.1618,0.1679,0.369,0.166,0.283,0.160,0.159,0.073,0.052,0.032,45,37,32,20,0.238,0.164,0.128,0.075,0.049,0.026,66,36,24,13
0.173,0.126,0.388,-1.1,0.105,-1,0.1381,0.1545,0.416,0.192,0.283,0.160,0.159,0.073,0.052,0.032,45,37,32,20,0.238,0.164,0.128,0.075,0.049,0.026,66,36,24,13
0.145,0.175,0.291,-0.08,0.108,0,0.1230,0.1437,0.356,0.059,0.283,0.160,0.159,0.073,0.052,0.032,45,37,32,20,0.238,0.164,0.128,0.075,0.049,0.026,66,36,24,13
0.141,0.248,0.187,-0.48,0.134,0,0.1156,0.1373,0.410,0.007,0.283,0.160,0.159,0.073,0.052,0.032,45,37,32,20,0.238,0.164,0.128,0.075,0.049,0.026,66,36,24,13
0.150,0.250,0.110,3.14,0.186,0,0.1303,0.1509,0.095,-0.486,0.283,0.160,0.159,0.073,0.052,0.032,45,37,32,20,0.238,0.164,0.128,0.075,0.049,0.026,66,36,24,13
0.143,0.308,0.169,-1.19,0.219,1,0.1591,0.1750,0.318,0.586,0.283,0.160,0.159,0.073,0.052,0.032,45,37,32,20,0.238,0.164,0.128,0.075,0.049,0.026,66,36,24,13
0.139,0.250,0.018,-1.14,0.131,0,0.1839,0.1918,0.179,0.987,0.283,0.160,0.159,0.073,0.052,0.032,45,37,32,20,0.238,0.164,0.128,0.075,0.049,0.026,66,36,24,13
0.135,0.314,0.189,3.14,0.186,0,0.2141,0.2121,0.073,-0.486,0.283,0.160,0.159,0.073,0.052,0.032,45,37,32,20,0.238,0.164,0.128,0.075,0.049,0.026,66,36,24,13
0.123,0.250,0.001,1.99,0.186,0,0.2483,0.2367,0.061,-0.326,0.283,0.160,0.159,0.073,0.052,0.032,45,37,32,20,0.238,0.164,0.128,0.075,0.049,0.026,66,36,24,13
0.130,0.361,0.125,-0.42,0.180,0,0.2772,0.2562,0.201,0.318,0.283,0.160,0.159,0.073,0.052,0.032,45,37,32,20,0.238,0.164,0.128,0.075,0.049,0.026,66,36,24,13
0.088,0.252,0.076,2.53,0.140,0,0.3004,0.2742,0.093,-0.121,0.283,0.160,0.159,0.073,0.052,0.032,45,37,32,20,0.238,0.164,0.128,0.075,0.049,0.026,66,36,24,13
0.091,0.259,0.256,3.14,0.186,0,0.3149,0.2858,0.059,-0.486,0.283,0.160,0.159,0.073,0.052,0.032,45,37,32,20,0.238,0.164,0.128,0.075,0.049,0.026,66,36,24,13
0.091,0.360,0.363,-0.48,0.134,0,0.3216,0.2939,0.244,0.007,0.283,0.160,0.159,0.073,0.052,0.032,45,37,32,20,0.238,0.164,0.128,0.075,0.049,0.026,66,36,24,13
0.091,0.272,0.301,3.14,0.186,0,0.3244,0.3006,0.064,-0.486,0.283,0.160,0.159,0.073,0.052,0.032,45,37,32,20,0.238,0.164,0.128,0.075,0.049,0.026,66,36,24,13
0.112,0.705,0.754,0.2,0.291,1,0.3070,0.2898,0.223,0.180,0.283,0.160,0.159,0.073,0.052,0.032,45,37,32,20,0.238,0.164,0.128,0.075,0.049,0.026,66,36,24,13
0.103,0.327,0.435,-1.14,0.131,0,0.2934,0.2798,0.186,0.987,0.283,0.160,0.159,0.073,0.052,0.032,45,37,32,20,0.238,0.164,0.128,0.075,0.049,0.026,66,36,24,13
0.086,0.358,0.341,3.14,0.186,0,0.2881,0.2740,0.127,-0.486,0.283,0.160,0.159,0.073,0.052,0.032,45,37,32,20,0.238,0.164,0.128,0.075,0.049,0.026,66,36,24,13
0.089,0.377,0.467,-0.08,0.108,0,0.2806,0.2639,0.227,0.059,0.283,0.160,0.159,0.073,0.052,0.032,45,37,32,20,0.238,0.164,0.128,0.075,0.049,0.026,66,36,24,13
0.091,0.333,0.598,-0.08,0.108,0,0.2928,0.2698,0.308,0.059,0.283,0.160,0.159,0.073,0.052,0.032,45,37,32,20,0.238,0.164,0.128,0.075,0.049,0.026,66,36,24,13
0.096,0.361,0.476,0,0.000,0,0.3105,0.2784,0.345,0.166,0.283,0.160,0.159,0.073,0.052,0.032,45,37,32,20,0.238,0.164,0.128,0.075,0.049,0.026,66,36,24,13
0.104,0.322,0.644,-0.48,0.134,0,0.3312,0.2883,0.424,0.007,0.283,0.160,0.159,0.073,0.052,0.032,45,37,32,20,0.238,0.164,0.128,0.075,0.049,0.026,66,36,24,13
0.100,0.390,0.555,-0.52,0.062,0,0.3668,0.3103,0.255,0.341,0.283,0.160,0.159,0.073,0.052,0.032,45,37,32,20,0.238,0.164,0.128,0.075,0.049,0.026,66,36,24,13
0.104,0.352,0.454,-1.14,0.131,0,0.4067,0.3377,0.259,0.987,0.283,0.160,0.159,0.073,0.052,0.032,45,37,32,20,0.238,0.164,0.128,0.075,0.049,0.026,66,36,24,13
0.123,0.361,0.610,-1.14,0.131,0,0.4480,0.3685,0.307,0.987,0.283,0.160,0.159,0.073,0.052,0.032,45,37,32,20,0.238,0.164,0.128,0.075,0.049,0.026,66,36,24,13
0.107,0.562,0.770,0.2,0.291,1,0.4827,0.3954,0.191,0.180,0.283,0.160,0.159,0.073,0.052,0.032,45,37,32,20,0.238,0.164,0.128,0.075,0.049,0.026,66,36,24,13
0.097,0.444,0.504,1.37,0.298,0,0.4997,0.4086,0.038,-0.510,0.283,0.160,0.159,0.073,0.052,0.032,45,37,32,20,0.238,0.164,0.128,0.075,0.049,0.026,66,36,24,13
0.101,0.468,0.566,0.2,0.291,1,0.4878,0.3978,0.187,0.180,0.283,0.160,0.159,0.073,0.052,0.032,45,37,32,20,0.238,0.164,0.128,0.075,0.049,0.026,66,36,24,13
0.109,0.287,0.067,1.99,0.186,0,0.4740,0.3852,0.088,-0.326,0.283,0.160,0.159,0.073,0.052,0.032,45,37,32,20,0.238,0.164,0.128,0.075,0.049,0.026,66,36,24,13
0.121,0.276,0.502,1.99,0.186,0,0.4427,0.3606,0.058,-0.326,0.283,0.160,0.159,0.073,0.052,0.032,45,37,32,20,0.238,0.164,0.128,0.075,0.049,0.026,66,36,24,13
0.105,0.275,0.082,1.42,0.221,0,0.3950,0.3212,0.077,-0.397,0.283,0.160,0.159,0.073,0.052,0.032,45,37,32,20,0.238,0.164,0.128,0.075,0.049,0.026,66,36,24,13
0.107,0.276,0.432,-0.52,0.062,0,0.3483,0.2830,0.164,0.341,0.283,0.160,0.159,0.073,0.052,0.032,45,37,32,20,0.238,0.164,0.128,0.075,0.049,0.026,66,36,24,13
0.126,0.251,0.664,-1.1,0.105,-1,0.3038,0.2447,0.248,0.192,0.283,0.160,0.159,0.073,0.052,0.032,45,37,32,20,0.238,0.164,0.128,0.075,0.049,0.026,66,36,24,13
0.121,0.323,0.609,0,0.000,0,0.2531,0.1982,0.173,0.166,0.283,0.160,0.159,0.073,0.052,0.032,45,37,32,20,0.238,0.164,0.128,0.075,0.049,0.026,66,36,24,13
0.120,0.266,0.475,1.99,0.186,0,0.2227,0.1662,0.125,-0.326,0.283,0.160,0.159,0.073,0.052,0.032,45,37,32,20,0.238,0.164,0.128,0.075,0.049,0.026,66,36,24,13
0.121,0.283,0.676,-0.48,0.134,0,0.2008,0.1380,0.205,0.007,0.283,0.160,0.159,0.073,0.052,0.032,45,37,32,20,0.238,0.164,0.128,0.075,0.049,0.026,66,36,24,13
0.116,0.274,0.703,-0.08,0.108,0,0.1895,0.1175,0.150,0.059,0.283,0.160,0.159,0.073,0.052,0.032,45,37,32,20,0.238,0.164,0.128,0.075,0.049,0.026,66,36,24,13
0.110,0.169,0.166,1.99,0.186,0,0.2065,0.1237,0.091,-0.326,0.283,0.160,0.159,0.073,0.052,0.032,45,37,32,20,0.238,0.164,0.128,0.075,0.049,0.026,66,36,24,13
0.101,0.137,0.701,-0.52,0.062,0,0.2286,0.1347,0.105,0.341,0.283,0.160,0.159,0.073,0.052,0.032,45,37,32,20,0.238,0.164,0.128,0.075,0.049,0.026,66,36,24,13
0.101,0.112,0.388,-0.52,0.062,0,0.2558,0.1482,0.095,0.341,0.283,0.160,0.159,0.073,0.052,0.032,45,37,32,20,0.238,0.164,0.128,0.075,0.049,0.026,66,36,24,13
0.102,0.106,0.130,1.69,0.290,0,0.2770,0.1560,0.094,-0.697,0.283,0.160,0.159,0.073,0.052,0.032,45,37,32,20,0.238,0.164,0.128,0.075,0.049,0.026,66,36,24,13
0.079,0.090,0.293,1.42,0.221,0,0.2934,0.1609,0.110,-0.397,0.283,0.160,0.159,0.073,0.052,0.032,45,37,32,20,0.238,0.164,0.128,0.075,0.049,0.026,66,36,24,13
0.061,0.094,0.005,1.99,0.186,0,0.3158,0.1718,0.099,-0.326,0.283,0.160,0.159,0.073,0.052,0.032,45,37,32,20,0.238,0.164,0.128,0.075,0.049,0.026,66,36,24,13
0.051,0.136,0.032,0.85,0.046,0,0.3349,0.1823,0.106,0.06,0.283,0.160,0.159,0.073,0.052,0.032,45,37,32,20,0.238,0.164,0.128,0.075,0.049,0.026,66,36,24,13
0.048,0.144,0.595,-0.08,0.108,0,0.3420,0.1858,0.174,0.059,0.283,0.160,0.159,0.073,0.052,0.032,45,37,32,20,0.238,0.164,0.128,0.075,0.049,0.026,66,36,24,13
0.048,0.129,0.638,-0.42,0.180,0,0.3412,0.1834,0.266,0.318,0.283,0.160,0.159,0.073,0.052,0.032,45,37,32,20,0.238,0.164,0.128,0.075,0.049,0.026,66,36,24,13
0.060,0.081,0.202,1.99,0.186,0,0.3411,0.1814,0.138,-0.326,0.283,0.160,0.159,0.073,0.052,0.032,45,37,32,20,0.238,0.164,0.128,0.075,0.049,0.026,66,36,24,13
0.067,0.084,0.224,-0.48,0.134,0,0.3286,0.1717,0.227,0.007,0.283,0.160,0.159,0.073,0.052,0.032,45,37,32,20,0.238,0.164,0.128,0.075,0.049,0.026,66,36,24,13
0.057,0.077,0.140,-1.14,0.131,0,0.3207,0.1617,0.313,0.987,0.283,0.160,0.159,0.073,0.052,0.032,45,37,32,20,0.238,0.164,0.128,0.075,0.049,0.026,66,36,24,13
0.055,0.072,0.031,1.99,0.186,0,0.3149,0.1518,0.225,-0.326,0.283,0.160,0.159,0.073,0.052,0.032,45,37,32,20,0.238,0.164,0.128,0.075,0.049,0.026,66,36,24,13
0.053,0.058,0.016,2.53,0.140,0,0.3176,0.1440,0.205,-0.121,0.283,0.160,0.159,0.073,0.052,0.032,45,37,32,20,0.238,0.164,0.128,0.075,0.049,0.026,66,36,24,13
0.067,0.061,0.040,-0.79,0.151,-1,0.3245,0.1345,0.419,0.736,0.283,0.160,0.159,0.073,0.052,0.032,45,37,32,20,0.238,0.164,0.128,0.075,0.049,0.026,66,36,24,13
0.062,0.055,0.004,-0.79,0.151,-1,0.3211,0.1205,0.437,0.736,0.283,0.160,0.159,0.073,0.052,0.032,45,37,32,20,0.238,0.164,0.128,0.075,0.049,0.026,66,36,24,13
0.060,0.066,0.003,-0.79,0.151,-1,0.3118,0.1052,0.376,0.736,0.283,0.160,0.159,0.073,0.052,0.032,45,37,32,20,0.238,0.164,0.128,0.075,0.049,0.026,66,36,24,13
0.065,0.077,0.054,-0.42,0.180,0,0.2987,0.0902,0.367,0.318,0.283,0.160,0.159,0.073,0.052,0.032,45,37,32,20,0.238,0.164,0.128,0.075,0.049,0.026,66,36,24,13
0.071,0.084,0.003,1.99,0.186,0,0.2818,0.0781,0.180,-0.326,0.283,0.160,0.159,0.073,0.052,0.032,45,37,32,20,0.238,0.164,0.128,0.075,0.049,0.026,66,36,24,13
0.060,0.132,0.354,-0.52,0.062,0,0.2665,0.0700,0.280,0.341,0.283,0.160,0.159,0.073,0.052,0.032,45,37,32,20,0.238,0.164,0.128,0.075,0.049,0.026,66,36,24,13
0.059,0.172,0.309,-0.52,0.062,0,0.2593,0.0674,0.298,0.341,0.283,0.160,0.159,0.073,0.052,0.032,45,37,32,20,0.238,0.164,0.128,0.075,0.049,0.026,66,36,24,13
0.070,0.172,0.429,-0.48,0.134,0,0.2305,0.0526,0.282,0.007,0.283,0.160,0.159,0.073,0.052,0.032,45,37,32,20,0.238,0.164,0.128,0.075,0.049,0.026,66,36,24,13
0.061,0.072,0.010,2.1,0.128,0,0.2042,0.0395,0.045,0.02,0.283,0.160,0.159,0.073,0.052,0.032,45,37,32,20,0.238,0.164,0.128,0.075,0.049,0.026,66,36,24,13
0.059,0.070,0.119,2.53,0.140,0,0.1920,0.0339,0.086,-0.121,0.283,0.160,0.159,0.073,0.052,0.032,45,37,32,20,0.238,0.164,0.128,0.075,0.049,0.026,66,36,24,13
0.058,0.068,0.011,2.1,0.128,0,0.1967,0.0343,0.073,0.02,0.283,0.160,0.159,0.073,0.052,0.032,45,37,32,20,0.238,0.164,0.128,0.075,0.049,0.026,66,36,24,13
0.090,0.094,0.504,-0.42,0.180,0,0.2088,0.0371,0.135,0.318,0.283,0.160,0.159,0.073,0.052,0.032,45,37,32,20,0.238,0.164,0.128,0.075,0.049,0.026,66,36,24,13
0.107,0.117,0.178,3.14,0.186,0,0.2270,0.0429,0.036,-0.486,0.283,0.160,0.159,0.073,0.052,0.032,45,37,32,20,0.238,0.164,0.128,0.075,0.049,0.026,66,36,24,13
0.134,0.146,0.321,0.22,0.230,0,0.2269,0.0431,0.050,0.303,0.283,0.160,0.159,0.073,0.052,0.032,45,37,32,20,0.238,0.164,0.128,0.075,0.049,0.026,66,36,24,13
0.143,0.298,0.545,0.2,0.291,1,0.2196,0.0397,0.185,0.180,0.283,0.160,0.159,0.073,0.052,0.032,45,37,32,20,0.238,0.164,0.128,0.075,0.049,0.026,66,36,24,13
0.149,0.257,0.231,1.69,0.290,0,0.2016,0.0354,0.060,-0.697,0.283,0.160,0.159,0.073,0.052,0.032,45,37,32,20,0.238,0.164,0.128,0.075,0.049,0.026,66,36,24,13
0.142,0.133,0.324,3.14,0.186,0,0.1771,0.0293,0.047,-0.486,0.283,0.160,0.159,0.073,0.052,0.032,45,37,32,20,0.238,0.164,0.128,0.075,0.049,0.026,66,36,24,13
0.136,0.093,0.375,2.53,0.140,0,0.1657,0.0261,0.064,-0.121,0.283,0.160,0.159,0.073,0.052,0.032,45,37,32,20,0.238,0.164,0.128,0.075,0.049,0.026,66,36,24,13
0.155,0.130,0.468,-0.48,0.134,0,0.1629,0.0251,0.205,0.007,0.283,0.160,0.159,0.073,0.052,0.032,45,37,32,20,0.238,0.164,0.128,0.075,0.049,0.026,66,36,24,13
0.150,0.331,0.260,-0.08,0.108,0,0.1523,0.0217,0.117,0.059,0.283,0.160,0.159,0.073,0.052,0.032,45,37,32,20,0.238,0.164,0.128,0.075,0.049,0.026,66,36,24,13
0.157,0.253,0.081,1.99,0.186,0,0.1396,0.0180,0.097,-0.326,0.283,0.160,0.159,0.073,0.052,0.032,45,37,32,20,0.238,0.164,0.128,0.075,0.049,0.026,66,36,24,13
0.125,0.406,0.593,-1.19,0.219,1,0.1301,0.0150,0.479,0.586,0.283,0.160,0.159,0.073,0.052,0.032,45,37,32,20,0.238,0.164,0.128,0.075,0.049,0.026,66,36,24,13
0.128,0.353,0.270,-1.1,0.105,-1,0.1310,0.0158,0.406,0.192,0.283,0.160,0.159,0.073,0.052,0.032,45,37,32,20,0.238,0.164,0.128,0.075,0.049,0.026,66,36,24,13
0.107,0.343,0.392,0,0.000,0,0.1430,0.0195,0.318,0.166,0.283,0.160,0.159,0.073,0.052,0.032,45,37,32,20,0.238,0.164,0.128,0.075,0.049,0.026,66,36,24,13
0.100,0.548,0.547,0.2,0.291,1,0.1619,0.0250,0.281,0.180,0.283,0.160,0.159,0.073,0.052,0.032,45,37,32,20,0.238,0.164,0.128,0.075,0.049,0.026,66,36,24,13
0.096,0.441,0.477,0.2,0.291,1,0.1790,0.0307,0.139,0.180,0.283,0.160,0.159,0.073,0.052,0.032,45,37,32,20,0.238,0.164,0.128,0.075,0.049,0.026,66,36,24,13
0.144,0.240,0.040,2.53,0.140,0,0.1921,0.0367,0.031,-0.121,0.283,0.160,0.159,0.073,0.052,0.032,45,37,32,20,0.238,0.164,0.128,0.075,0.049,0.026,66,36,24,13
0.154,0.196,0.006,2.53,0.140,0,0.2062,0.0438,0.047,-0.121,0.283,0.160,0.159,0.073,0.052,0.032,45,37,32,20,0.238,0.164,0.128,0.075,0.049,0.026,66,36,24,13
0.155,0.167,0.004,3.14,0.186,0,0.2251,0.0517,0.036,-0.486,0.283,0.160,0.159,0.073,0.052,0.032,45,37,32,20,0.238,0.164,0.128,0.075,0.049,0.026,66,36,24,13
0.149,0.140,0.006,1.99,0.186,0,0.2404,0.0584,0.047,-0.326,0.283,0.160,0.159,0.073,0.052,0.032,45,37,32,20,0.238,0.164,0.128,0.075,0.049,0.026,66,36,24,13
0.158,0.125,0.029,1.42,0.221,0,0.2438,0.0603,0.041,-0.397,0.283,0.160,0.159,0.073,0.052,0.032,45,37,32,20,0.238,0.164,0.128,0.075,0.049,0.026,66,36,24,13
0.158,0.170,0.153,-0.79,0.151,-1,0.2304,0.0593,0.082,0.736,0.283,0.160,0.159,0.073,0.052,0.032,45,37,32,20,0.238,0.164,0.128,0.075,0.049,0.026,66,36,24,13
0.131,0.124,0.006,1.99,0.186,0,0.2064,0.0506,0.065,-0.326,0.283,0.160,0.159,0.073,0.052,0.032,45,37,32,20,0.238,0.164,0.128,0.075,0.049,0.026,66,36,24,13
0.137,0.200,0.161,-0.79,0.151,-1,0.1718,0.0411,0.246,0.736,0.283,0.160,0.159,0.073,0.052,0.032,45,37,32,20,0.238,0.164,0.128,0.075,0.049,0.026,66,36,24,13
0.165,0.244,0.042,2.53,0.140,0,0.1488,0.0398,0.098,-0.121,0.283,0.160,0.159,0.073,0.052,0.032,45,37,32,20,0.238,0.164,0.128,0.075,0.049,0.026,66,36,24,13
0.155,0.251,0.066,1.99,0.186,0,0.1395,0.0389,0.089,-0.326,0.283,0.160,0.159,0.073,0.052,0.032,45,37,32,20,0.238,0.164,0.128,0.075,0.049,0.026,66,36,24,13
0.152,0.197,0.385,-1.19,0.219,1,0.1456,0.0441,0.428,0.586,0.283,0.160,0.159,0.073,0.052,0.032,45,37,32,20,0.238,0.164,0.128,0.075,0.049,0.026,66,36,24,13
0.130,0.154,0.156,-0.52,0.062,0,0.1684,0.0578,0.298,0.341,0.283,0.160,0.159,0.073,0.052,0.032,45,37,32,20,0.238,0.164,0.128,0.075,0.049,0.026,66,36,24,13
0.124,0.154,0.127,0.85,0.046,0,0.1957,0.0713,0.130,0.06,0.283,0.160,0.159,0.073,0.052,0.032,45,37,32,20,0.238,0.164,0.128,0.075,0.049,0.026,66,36,24,13
0.127,0.145,0.001,-0.79,0.151,-1,0.2280,0.0874,0.433,0.736,0.283,0.160,0.159,0.073,0.052,0.032,45,37,32,20,0.238,0.164,0.128,0.075,0.049,0.026,66,36,24,13
0.122,0.140,0.005,0.85,0.046,0,0.2666,0.1123,0.355,0.06,0.283,0.160,0.159,0.073,0.052,0.032,45,37,32,20,0.238,0.164,0.128,0.075,0.049,0.026,66,36,24,13
0.104,0.154,0.085,2.53,0.140,0,0.2960,0.1354,0.139,-0.121,0.283,0.160,0.159,0.073,0.052,0.032,45,37,32,20,0.238,0.164,0.128,0.075,0.049,0.026,66,36,24,13
0.109,0.218,0.030,0,0.000,0,0.3221,0.1644,0.346,0.166,0.283,0.160,0.159,0.073,0.052,0.032,45,37,32,20,0.238,0.164,0.128,0.075,0.049,0.026,66,36,24,13
0.089,0.212,0.096,2.53,0.140,0,0.3526,0.2018,0.100,-0.121,0.283,0.160,0.159,0.073,0.052,0.032,45,37,32,20,0.238,0.164,0.128,0.075,0.049,0.026,66,36,24,13
0.111,0.335,0.324,-1.19,0.219,1,0.3683,0.2341,0.327,0.586,0.283,0.160,0.159,0.073,0.052,0.032,45,37,32,20,0.238,0.164,0.128,0.075,0.049,0.026,66,36,24,13
0.111,0.252,0.144,3.14,0.186,0,0.3810,0.2656,0.096,-0.486,0.283,0.160,0.159,0.073,0.052,0.032,45,37,32,20,0.238,0.164,0.128,0.075,0.049,0.026,66,36,24,13
0.114,0.322,0.064,0,0.000,0,0.3941,0.2952,0.226,0.166,0.283,0.160,0.159,0.073,0.052,0.032,45,37,32,20,0.238,0.164,0.128,0.075,0.049,0.026,66,36,24,13
0.088,0.388,0.335,-0.48,0.134,0,0.4106,0.3262,0.200,0.007,0.283,0.160,0.159,0.073,0.052,0.032,45,37,32,20,0.238,0.164,0.128,0.075,0.049,0.026,66,36,24,13
0.540,0.297,0.130,-1.14,0.131,0,0.4205,0.3505,0.321,0.987,0.283,0.160,0.159,0.073,0.052,0.032,45,37,32,20,0.238,0.164,0.128,0.075,0.049,0.026,66,36,24,13
0.538,0.260,0.121,2.53,0.140,0,0.4376,0.3770,0.155,-0.121,0.283,0.160,0.159,0.073,0.052,0.032,45,37,32,20,0.238,0.164,0.128,0.075,0.049,0.026,66,36,24,13
0.547,0.181,0.231,-1.14,0.131,0,0.4528,0.3978,0.262,0.987,0.283,0.160,0.159,0.073,0.052,0.032,45,37,32,20,0.238,0.164,0.128,0.075,0.049,0.026,66,36,24,13
0.547,0.194,0.293,1.37,0.298,0,0.4796,0.4241,0.201,-0.510,0.283,0.160,0.159,0.073,0.052,0.032,45,37,32,20,0.238,0.164,0.128,0.075,0.049,0.026,66,36,24,13
0.545,0.141,0.249,-0.48,0.134,0,0.5098,0.4515,0.354,0.007,0.283,0.160,0.159,0.073,0.052,0.032,45,37,32,20,0.238,0.164,0.128,0.075,0.049,0.026,66,36,24,13
0.542,0.103,0.059,-0.79,0.151,-1,0.5465,0.4798,0.444,0.736,0.283,0.160,0.159,0.073,0.052,0.032,45,37,32,20,0.238,0.164,0.128,0.075,0.049,0.026,66,36,24,13
0.543,0.098,0.137,0,0.000,0,0.5772,0.5047,0.334,0.166,0.283,0.160,0.159,0.073,0.052,0.032,45,37,32,20,0.238,0.164,0.128,0.075,0.049,0.026,66,36,24,13
0.532,0.088,0.031,1.99,0.186,0,0.6093,0.5309,0.263,-0.326,0.283,0.160,0.159,0.073,0.052,0.032,45,37,32,20,0.238,0.164,0.128,0.075,0.049,0.026,66,36,24,13
0.533,0.108,0.004,0,0.000,0,0.6369,0.5512,0.394,0.166,0.283,0.160,0.159,0.073,0.052,0.032,45,37,32,20,0.238,0.164,0.128,0.075,0.049,0.026,66,36,24,13
0.533,0.128,0.010,-0.42,0.180,0,0.6616,0.5695,0.310,0.318,0.283,0.160,0.159,0.073,0.052,0.032,45,37,32,20,0.238,0.164,0.128,0.075,0.049,0.026,66,36,24,13
0.541,0.076,0.001,-1.14,0.131,0,0.6716,0.5808,0.326,0.987,0.283,0.160,0.159,0.073,0.052,0.032,45,37,32,20,0.238,0.164,0.128,0.075,0.049,0.026,66,36,24,13
0.541,0.093,0.005,-0.42,0.180,0,0.6625,0.5807,0.438,0.318,0.283,0.160,0.159,0.073,0.052,0.032,45,37,32,20,0.238,0.164,0.128,0.075,0.049,0.026,66,36,24,13
0.542,0.071,0.014,2.53,0.140,0,0.6562,0.5841,0.225,-0.121,0.283,0.160,0.159,0.073,0.052,0.032,45,37,32,20,0.238,0.164,0.128,0.075,0.049,0.026,66,36,24,13
0.544,0.074,0.004,0.85,0.046,0,0.6618,0.5955,0.263,0.06,0.283,0.160,0.159,0.073,0.052,0.032,45,37,32,20,0.238,0.164,0.128,0.075,0.049,0.026,66,36,24,13
0.552,0.080,0.139,-1.14,0.131,0,0.6769,0.6122,0.325,0.987,0.283,0.160,0.159,0.073,0.052,0.032,45,37,32,20,0.238,0.164,0.128,0.075,0.049,0.026,66,36,24,13
0.564,0.069,0.171,-1.14,0.131,0,0.6984,0.6326,0.349,0.987,0.283,0.160,0.159,0.073,0.052,0.032,45,37,32,20,0.238,0.164,0.128,0.075,0.049,0.026,66,36,24,13
0.581,0.065,0.287,0.85,0.046,0,0.7239,0.6520,0.278,0.06,0.283,0.160,0.159,0.073,0.052,0.032,45,37,32,20,0.238,0.164,0.128,0.075,0.049,0.026,66,36,24,13
0.577,0.065,0.399,-1.14,0.131,0,0.7536,0.6728,0.394,0.987,0.283,0.160,0.159,0.073,0.052,0.032,45,37,32,20,0.238,0.164,0.128,0.075,0.049,0.026,66,36,24,13
0.575,0.060,0.501,0.85,0.046,0,0.7830,0.6910,0.394,0.06,0.283,0.160,0.159,0.073,0.052,0.032,45,37,32,20,0.238,0.164,0.128,0.075,0.049,0.026,66,36,24,13
0.570,0.064,0.418,0.85,0.046,0,0.8080,0.7056,0.376,0.06,0.283,0.160,0.159,0.073,0.052,0.032,45,37,32,20,0.238,0.164,0.128,0.075,0.049,0.026,66,36,24,13
0.570,0.071,0.475,-0.52,0.062,0,0.8338,0.7194,0.298,0.341,0.283,0.160,0.159,0.073,0.052,0.032,45,37,32,20,0.238,0.164,0.128,0.075,0.049,0.026,66,36,24,13
0.562,0.067,0.564,-1.14,0.131,0,0.8503,0.7284,0.419,0.987,0.283,0.160,0.159,0.073,0.052,0.032,45,37,32,20,0.238,0.164,0.128,0.075,0.049,0.026,66,36,24,13
0.565,0.068,0.542,0.85,0.046,0,0.8559,0.7295,0.386,0.06,0.283,0.160,0.159,0.073,0.052,0.032,45,37,32,20,0.238,0.164,0.128,0.075,0.049,0.026,66,36,24,13
0.569,0.066,0.406,0.85,0.046,0,0.8642,0.7334,0.309,0.06,0.283,0.160,0.159,0.073,0.052,0.032,45,37,32,20,0.238,0.164,0.128,0.075,0.049,0.026,66,36,24,13
0.572,0.091,0.504,-0.52,0.062,0,0.8603,0.7310,0.351,0.341,0.283,0.160,0.159,0.073,0.052,0.032,45,37,32,20,0.238,0.164,0.128,0.075,0.049,0.026,66,36,24,13
0.576,0.088,0.527,-0.52,0.062,0,0.8496,0.7252,0.417,0.341,0.283,0.160,0.159,0.073,0.052,0.032,45,37,32,20,0.238,0.164,0.128,0.075,0.049,0.026,66,36,24,13
0.583,0.113,0.455,0.2,0.291,1,0.8461,0.7230,0.349,0.180,0.283,0.160,0.159,0.073,0.052,0.032,45,37,32,20,0.238,0.164,0.128,0.075,0.049,0.026,66,36,24,13
0.584,0.079,0.306,-1.14,0.131,0,0.8444,0.7236,0.343,0.987,0.283,0.160,0.159,0.073,0.052,0.032,45,37,32,20,0.238,0.164,0.128,0.075,0.049,0.026,66,36,24,13
0.592,0.104,0.479,-0.42,0.180,0,0.8382,0.7213,0.333,0.318,0.283,0.160,0.159,0.073,0.052,0.032,45,37,32,20,0.238,0.164,0.128,0.075,0.049,0.026,66,36,24,13
0.587,0.072,0.416,-1.14,0.131,0,0.8235,0.7174,0.335,0.987,0.283,0.160,0.159,0.073,0.052,0.032,45,37,32,20,0.238,0.164,0.128,0.075,0.049,0.026,66,36,24,13
0.587,0.088,0.337,-0.42,0.180,0,0.8075,0.7108,0.448,0.318,0.283,0.160,0.159,0.073,0.052,0.032,45,37,32,20,0.238,0.164,0.128,0.075,0.049,0.026,66,36,24,13
0.587,0.097,0.414,-0.48,0.134,0,0.7835,0.7008,0.434,0.007,0.283,0.160,0.159,0.073,0.052,0.032,45,37,32,20,0.238,0.164,0.128,0.075,0.049,0.026,66,36,24,13
0.610,0.080,0.204,0,0.000,0,0.7728,0.6984,0.260,0.166,0.283,0.160,0.159,0.073,0.052,0.032,45,37,32,20,0.238,0.164,0.128,0.075,0.049,0.026,66,36,24,13
0.610,0.086,0.326,-0.52,0.062,0,0.7595,0.6945,0.320,0.341,0.283,0.160,0.159,0.073,0.052,0.032,45,37,32,20,0.238,0.164,0.128,0.075,0.049,0.026,66,36,24,13
0.599,0.080,0.326,-0.52,0.062,0,0.7372,0.6826,0.280,0.341,0.283,0.160,0.159,0.073,0.052,0.032,45,37,32,20,0.238,0.164,0.128,0.075,0.049,0.026,66,36,24,13
0.596,0.079,0.463,0,0.000,0,0.7072,0.6640,0.161,0.166,0.283,0.160,0.159,0.073,0.052,0.032,45,37,32,20,0.238,0.164,0.128,0.075,0.049,0.026,66,36,24,13
0.592,0.081,0.392,1.42,0.221,0,0.6776,0.6454,0.215,-0.397,0.283,0.160,0.159,0.073,0.052,0.032,45,37,32,20,0.238,0.164,0.128,0.075,0.049,0.026,66,36,24,13
0.593,0.097,0.389,0,0.000,0,0.6408,0.6218,0.148,0.166,0.283,0.160,0.159,0.073,0.052,0.032,45,37,32,20,0.238,0.164,0.128,0.075,0.049,0.026,66,36,24,13
0.618,0.118,0.449,-0.52,0.062,0,0.6031,0.5955,0.153,0.341,0.283,0.160,0.159,0.073,0.052,0.032,45,37,32,20,0.238,0.164,0.128,0.075,0.049,0.026,66,36,24,13
0.616,0.121,0.653,-0.08,0.108,0,0.5530,0.5604,0.222,0.059,0.283,0.160,0.159,0.073,0.052,0.032,45,37,32,20,0.238,0.164,0.128,0.075,0.049,0.026,66,36,24,13
0.602,0.104,0.576,2.53,0.140,0,0.5113,0.5288,0.123,-0.121,0.283,0.160,0.159,0.073,0.052,0.032,45,37,32,20,0.238,0.164,0.128,0.075,0.049,0.026,66,36,24,13
0.607,0.123,0.481,-0.52,0.062,0,0.4741,0.5010,0.127,0.341,0.283,0.160,0.159,0.073,0.052,0.032,45,37,32,20,0.238,0.164,0.128,0.075,0.049,0.026,66,36,24,13
0.647,0.093,0.644,-1.19,0.219,1,0.4469,0.4790,0.343,0.586,0.283,0.160,0.159,0.073,0.052,0.032,45,37,32,20,0.238,0.164,0.128,0.075,0.049,0.026,66,36,24,13
0.646,0.106,0.477,0.85,0.046,0,0.4179,0.4577,0.138,0.06,0.283,0.160,0.159,0.073,0.052,0.032,45,37,32,20,0.238,0.164,0.128,0.075,0.049,0.026,66,36,24,13
0.640,0.209,0.671,1.37,0.298,0,0.3995,0.4432,0.177,-0.510,0.283,0.160,0.159,0.073,0.052,0.032,45,37,32,20,0.238,0.164,0.128,0.075,0.049,0.026,66,36,24,13
0.637,0.176,0.327,0,0.000,0,0.3888,0.4351,0.209,0.166,0.283,0.160,0.159,0.073,0.052,0.032,45,37,32,20,0.238,0.164,0.128,0.075,0.049,0.026,66,36,24,13
0.630,0.168,0.323,0.85,0.046,0,0.3895,0.4337,0.217,0.06,0.283,0.160,0.159,0.073,0.052,0.032,45,37,32,20,0.238,0.164,0.128,0.075,0.049,0.026,66,36,24,13
0.631,0.226,0.533,-0.52,0.062,0,0.3865,0.4317,0.208,0.341,0.283,0.160,0.159,0.073,0.052,0.032,45,37,32,20,0.238,0.164,0.128,0.075,0.049,0.026,66,36,24,13
0.628,0.214,0.532,-1.19,0.219,1,0.3866,0.4297,0.371,0.586,0.283,0.160,0.159,0.073,0.052,0.032,45,37,32,20,0.238,0.164,0.128,0.075,0.049,0.026,66,36,24,13
0.628,0.193,0.383,-0.08,0.108,0,0.3798,0.4248,0.279,0.059,0.283,0.160,0.159,0.073,0.052,0.032,45,37,32,20,0.238,0.164,0.128,0.075,0.049,0.026,66,36,24,13
0.641,0.204,0.563,1.69,0.290,0,0.3840,0.4234,0.152,-0.697,0.283,0.160,0.159,0.073,0.052,0.032,45,37,32,20,0.238,0.164,0.128,0.075,0.049,0.026,66,36,24,13
0.636,0.137,0.360,0,0.000,0,0.3985,0.4289,0.200,0.166,0.283,0.160,0.159,0.073,0.052,0.032,45,37,32,20,0.238,0.164,0.128,0.075,0.049,0.026,66,36,24,13
0.636,0.132,0.379,-1.19,0.219,1,0.4337,0.4456,0.402,0.586,0.283,0.160,0.159,0.073,0.052,0.032,45,37,32,20,0.238,0.164,0.128,0.075,0.049,0.026,66,36,24,13
0.615,0.096,0.303,0.85,0.046,0,0.4599,0.4562,0.269,0.06,0.283,0.160,0.159,0.073,0.052,0.032,45,37,32,20,0.238,0.164,0.128,0.075,0.049,0.026,66,36,24,13
0.233,0.102,0.442,0.85,0.046,0,0.4918,0.4702,0.349,0.06,0.283,0.160,0.159,0.073,0.052,0.032,45,37,32,20,0.238,0.164,0.128,0.075,0.049,0.026,66,36,24,13
0.246,0.148,0.288,0,0.000,0,0.5278,0.4885,0.162,0.166,0.283,0.160,0.159,0.073,0.052,0.032,45,37,32,20,0.238,0.164,0.128,0.075,0.049,0.026,66,36,24,13
0.235,0.098,0.259,-1.14,0.131,0,0.5521,0.4990,0.253,0.987,0.283,0.160,0.159,0.073,0.052,0.032,45,37,32,20,0.238,0.164,0.128,0.075,0.049,0.026,66,36,24,13
0.244,0.138,0.431,-0.52,0.062,0,0.5628,0.5005,0.254,0.341,0.283,0.160,0.159,0.073,0.052,0.032,45,37,32,20,0.238,0.164,0.128,0.075,0.049,0.026,66,36,24,13
0.280,0.088,0.322,1.99,0.186,0,0.5677,0.4997,0.135,-0.326,0.283,0.160,0.159,0.073,0.052,0.032,45,37,32,20,0.238,0.164,0.128,0.075,0.049,0.026,66,36,24,13
0.234,0.124,0.452,-0.52,0.062,0,0.5603,0.4916,0.205,0.341,0.283,0.160,0.159,0.073,0.052,0.032,45,37,32,20,0.238,0.164,0.128,0.075,0.049,0.026,66,36,24,13
0.245,0.127,0.634,0.22,0.230,0,0.5587,0.4869,0.238,0.303,0.283,0.160,0.159,0.073,0.052,0.032,45,37,32,20,0.238,0.164,0.128,0.075,0.049,0.026,66,36,24,13
0.277,0.122,0.501,-0.08,0.108,0,0.5421,0.4737,0.235,0.059,0.283,0.160,0.159,0.073,0.052,0.032,45,37,32,20,0.238,0.164,0.128,0.075,0.049,0.026,66,36,24,13
0.267,0.132,0.571,-0.52,0.062,0,0.5196,0.4558,0.316,0.341,0.283,0.160,0.159,0.073,0.052,0.032,45,37,32,20,0.238,0.164,0.128,0.075,0.049,0.026,66,36,24,13
0.223,0.112,0.547,0,0.000,0,0.4973,0.4375,0.345,0.166,0.283,0.160,0.159,0.073,0.052,0.032,45,37,32,20,0.238,0.164,0.128,0.075,0.049,0.026,66,36,24,13
0.232,0.120,0.329,0,0.000,0,0.4906,0.4283,0.249,0.166,0.283,0.160,0.159,0.073,0.052,0.032,45,37,32,20,0.238,0.164,0.128,0.075,0.049,0.026,66,36,24,13
0.230,0.128,0.450,-0.08,0.108,0,0.4819,0.4181,0.315,0.059,0.283,0.160,0.159,0.073,0.052,0.032,45,37,32,20,0.238,0.164,0.128,0.075,0.049,0.026,66,36,24,13
0.216,0.123,0.371,-0.42,0.180,0,0.4781,0.4123,0.373,0.318,0.283,0.160,0.159,0.073,0.052,0.032,45,37,32,20,0.238,0.164,0.128,0.075,0.049,0.026,66,36,24,13
0.216,0.169,0.491,-0.52,0.062,0,0.4768,0.4086,0.225,0.341,0.283,0.160,0.159,0.073,0.052,0.032,45,37,32,20,0.238,0.164,0.128,0.075,0.049,0.026,66,36,24,13
0.186,0.139,0.524,-1.19,0.219,1,0.4706,0.4013,0.315,0.586,0.283,0.160,0.159,0.073,0.052,0.032,45,37,32,20,0.238,0.164,0.128,0.075,0.049,0.026,66,36,24,13
0.181,0.114,0.212,2.53,0.140,0,0.4599,0.3912,0.164,-0.121,0.283,0.160,0.159,0.073,0.052,0.032,45,37,32,20,0.238,0.164,0.128,0.075,0.049,0.026,66,36,24,13
0.181,0.097,0.294,2.53,0.140,0,0.4577,0.3868,0.095,-0.121,0.283,0.160,0.159,0.073,0.052,0.032,45,37,32,20,0.238,0.164,0.128,0.075,0.049,0.026,66,36,24,13
0.207,0.127,0.222,-1.14,0.131,0,0.4344,0.3713,0.169,0.987,0.283,0.160,0.159,0.073,0.052,0.032,45,37,32,20,0.238,0.164,0.128,0.075,0.049,0.026,66,36,24,13
0.154,0.188,0.102,3.14,0.186,0,0.4022,0.3494,0.087,-0.486,0.283,0.160,0.159,0.073,0.052,0.032,45,37,32,20,0.238,0.164,0.128,0.075,0.049,0.026,66,36,24,13
0.140,0.174,0.063,0.85,0.046,0,0.3580,0.3183,0.177,0.06,0.283,0.160,0.159,0.073,0.052,0.032,45,37,32,20,0.238,0.164,0.128,0.075,0.049,0.026,66,36,24,13
0.134,0.247,0.435,-0.52,0.062,0,0.3113,0.2846,0.201,0.341,0.283,0.160,0.159,0.073,0.052,0.032,45,37,32,20,0.238,0.164,0.128,0.075,0.049,0.026,66,36,24,13
0.135,0.260,0.048,1.99,0.186,0,0.2619,0.2468,0.140,-0.326,0.283,0.160,0.159,0.073,0.052,0.032,45,37,32,20,0.238,0.164,0.128,0.075,0.049,0.026,66,36,24,13
0.143,0.272,0.476,-0.08,0.108,0,0.2217,0.2159,0.217,0.059,0.283,0.160,0.159,0.073,0.052,0.032,45,37,32,20,0.238,0.164,0.128,0.075,0.049,0.026,66,36,24,13
0.153,0.240,0.449,-1.14,0.131,0,0.1957,0.1952,0.289,0.987,0.283,0.160,0.159,0.073,0.052,0.032,45,37,32,20,0.238,0.164,0.128,0.075,0.049,0.026,66,36,24,13
0.146,0.306,0.682,1.37,0.298,0,0.1879,0.1867,0.262,-0.510,0.283,0.160,0.159,0.073,0.052,0.032,45,37,32,20,0.238,0.164,0.128,0.075,0.049,0.026,66,36,24,13
0.112,0.256,0.590,-0.42,0.180,0,0.1957,0.1890,0.384,0.318,0.283,0.160,0.159,0.073,0.052,0.032,45,37,32,20,0.238,0.164,0.128,0.075,0.049,0.026,66,36,24,13
0.095,0.272,0.544,-0.52,0.062,0,0.2233,0.2054,0.242,0.341,0.283,0.160,0.159,0.073,0.052,0.032,45,37,32,20,0.238,0.164,0.128,0.075,0.049,0.026,66,36,24,13
0.118,0.297,0.641,-1.19,0.219,1,0.2471,0.2183,0.293,0.586,0.283,0.160,0.159,0.073,0.052,0.032,45,37,32,20,0.238,0.164,0.128,0.075,0.049,0.026,66,36,24,13
0.129,0.321,0.654,1.76,0.409,0,0.2758,0.2333,0.090,-0.884,0.283,0.160,0.159,0.073,0.052,0.032,45,37,32,20,0.238,0.164,0.128,0.075,0.049,0.026,66,36,24,13
0.128,0.227,0.556,-0.08,0.108,0,0.2952,0.2421,0.176,0.059,0.283,0.160,0.159,0.073,0.052,0.032,45,37,32,20,0.238,0.164,0.128,0.075,0.049,0.026,66,36,24,13
0.125,0.209,0.284,3.14,0.186,0,0.3118,0.2504,0.070,-0.486,0.283,0.160,0.159,0.073,0.052,0.032,45,37,32,20,0.238,0.164,0.128,0.075,0.049,0.026,66,36,24,13
0.123,0.178,0.362,2.1,0.128,0,0.3168,0.2517,0.063,0.02,0.283,0.160,0.159,0.073,0.052,0.032,45,37,32,20,0.238,0.164,0.128,0.075,0.049,0.026,66,36,24,13
0.118,0.169,0.270,0.85,0.046,0,0.3188,0.2495,0.090,0.06,0.283,0.160,0.159,0.073,0.052,0.032,45,37,32,20,0.238,0.164,0.128,0.075,0.049,0.026,66,36,24,13
0.085,0.384,0.510,0.2,0.291,1,0.3111,0.2385,0.222,0.180,0.283,0.160,0.159,0.073,0.052,0.032,45,37,32,20,0.238,0.164,0.128,0.075,0.049,0.026,66,36,24,13
0.094,0.250,0.286,2.53,0.140,0,0.3044,0.2313,0.102,-0.121,0.283,0.160,0.159,0.073,0.052,0.032,45,37,32,20,0.238,0.164,0.128,0.075,0.049,0.026,66,36,24,13
0.089,0.380,0.596,-0.08,0.108,0,0.3147,0.2385,0.219,0.059,0.283,0.160,0.159,0.073,0.052,0.032,45,37,32,20,0.238,0.164,0.128,0.075,0.049,0.026,66,36,24,13
0.097,0.394,0.616,-0.48,0.134,0,0.3360,0.2533,0.352,0.007,0.283,0.160,0.159,0.073,0.052,0.032,45,37,32,20,0.238,0.164,0.128,0.075,0.049,0.026,66,36,24,13
0.096,0.452,0.718,-1.19,0.219,1,0.3640,0.2721,0.446,0.586,0.283,0.160,0.159,0.073,0.052,0.032,45,37,32,20,0.238,0.164,0.128,0.075,0.049,0.026,66,36,24,13
0.078,0.338,0.582,-0.52,0.062,0,0.3980,0.2941,0.307,0.341,0.283,0.160,0.159,0.073,0.052,0.032,45,37,32,20,0.238,0.164,0.128,0.075,0.049,0.026,66,36,24,13
0.093,0.317,0.559,-0.42,0.180,0,0.4281,0.3126,0.311,0.318,0.283,0.160,0.159,0.073,0.052,0.032,45,37,32,20,0.238,0.164,0.128,0.075,0.049,0.026,66,36,24,13
0.100,0.217,0.360,3.14,0.186,0,0.4631,0.3361,0.097,-0.486,0.283,0.160,0.159,0.073,0.052,0.032,45,37,32,20,0.238,0.164,0.128,0.075,0.049,0.026,66,36,24,13
0.127,0.371,0.972,0.2,0.291,1,0.4911,0.3555,0.236,0.180,0.283,0.160,0.159,0.073,0.052,0.032,45,37,32,20,0.238,0.164,0.128,0.075,0.049,0.026,66,36,24,13
0.123,0.278,0.542,-0.08,0.108,0,0.4971,0.3590,0.217,0.059,0.283,0.160,0.159,0.073,0.052,0.032,45,37,32,20,0.238,0.164,0.128,0.075,0.049,0.026,66,36,24,13
0.100,0.329,0.704,1.76,0.409,0,0.4862,0.3479,0.108,-0.884,0.283,0.160,0.159,0.073,0.052,0.032,45,37,32,20,0.238,0.164,0.128,0.075,0.049,0.026,66,36,24,13
0.102,0.205,0.754,-0.52,0.062,0,0.4694,0.3296,0.174,0.341,0.283,0.160,0.159,0.073,0.052,0.032,45,37,32,20,0.238,0.164,0.128,0.075,0.049,0.026,66,36,24,13
0.101,0.266,0.933,-0.48,0.134,0,0.4370,0.2974,0.292,0.007,0.283,0.160,0.159,0.073,0.052,0.032,45,37,32,20,0.238,0.164,0.128,0.075,0.049,0.026,66,36,24,13
0.086,0.254,0.679,-0.52,0.062,0,0.4019,0.2636,0.329,0.341,0.283,0.160,0.159,0.073,0.052,0.032,45,37,32,20,0.238,0.164,0.128,0.075,0.049,0.026,66,36,24,13
0.102,0.276,0.954,0.2,0.291,1,0.3697,0.2352,0.391,0.180,0.283,0.160,0.159,0.073,0.052,0.032,45,37,32,20,0.238,0.164,0.128,0.075,0.049,0.026,66,36,24,13
0.082,0.184,0.654,0,0.000,0,0.3562,0.2235,0.351,0.166,0.283,0.160,0.159,0.073,0.052,0.032,45,37,32,20,0.238,0.164,0.128,0.075,0.049,0.026,66,36,24,13
0.074,0.150,0.477,-0.79,0.151,-1,0.3492,0.2186,0.435,0.736,0.283,0.160,0.159,0.073,0.052,0.032,45,37,32,20,0.238,0.164,0.128,0.075,0.049,0.026,66,36,24,13
0.062,0.184,0.564,0,0.000,0,0.3558,0.2231,0.197,0.166,0.283,0.160,0.159,0.073,0.052,0.032,45,37,32,20,0.238,0.164,0.128,0.075,0.049,0.026,66,36,24,13
0.067,0.199,0.679,-1.19,0.219,1,0.3734,0.2340,0.275,0.586,0.283,0.160,0.159,0.073,0.052,0.032,45,37,32,20,0.238,0.164,0.128,0.075,0.049,0.026,66,36,24,13
0.066,0.110,0.242,1.99,0.186,0,0.3908,0.2467,0.150,-0.326,0.283,0.160,0.159,0.073,0.052,0.032,45,37,32,20,0.238,0.164,0.128,0.075,0.049,0.026,66,36,24,13
0.056,0.129,0.359,1.69,0.290,0,0.4091,0.2595,0.069,-0.697,0.283,0.160,0.159,0.073,0.052,0.032,45,37,32,20,0.238,0.164,0.128,0.075,0.049,0.026,66,36,24,13
0.080,0.147,0.543,-0.52,0.062,0,0.4193,0.2632,0.109,0.341,0.283,0.160,0.159,0.073,0.052,0.032,45,37,32,20,0.238,0.164,0.128,0.075,0.049,0.026,66,36,24,13
0.079,0.114,0.028,1.99,0.186,0,0.4215,0.2607,0.080,-0.326,0.283,0.160,0.159,0.073,0.052,0.032,45,37,32,20,0.238,0.164,0.128,0.075,0.049,0.026,66,36,24,13
0.095,0.113,0.322,-0.79,0.151,-1,0.3965,0.2363,0.314,0.736,0.283,0.160,0.159,0.073,0.052,0.032,45,37,32,20,0.238,0.164,0.128,0.075,0.049,0.026,66,36,24,13
0.085,0.116,0.065,1.99,0.186,0,0.3606,0.2047,0.086,-0.326,0.283,0.160,0.159,0.073,0.052,0.032,45,37,32,20,0.238,0.164,0.128,0.075,0.049,0.026,66,36,24,13
0.082,0.100,0.206,2.53,0.140,0,0.3241,0.1729,0.113,-0.121,0.283,0.160,0.159,0.073,0.052,0.032,45,37,32,20,0.238,0.164,0.128,0.075,0.049,0.026,66,36,24,13
0.066,0.151,0.246,-1.1,0.105,-1,0.3077,0.1573,0.276,0.192,0.283,0.160,0.159,0.073,0.052,0.032,45,37,32,20,0.238,0.164,0.128,0.075,0.049,0.026,66,36,24,13
0.069,0.156,0.274,-0.79,0.151,-1,0.2989,0.1493,0.437,0.736,0.283,0.160,0.159,0.073,0.052,0.032,45,37,32,20,0.238,0.164,0.128,0.075,0.049,0.026,66,36,24,13
0.054,0.213,0.324,-0.52,0.062,0,0.2913,0.1427,0.376,0.341,0.283,0.160,0.159,0.073,0.052,0.032,45,37,32,20,0.238,0.164,0.128,0.075,0.049,0.026,66,36,24,13
0.041,0.180,0.329,0,0.000,0,0.2998,0.1479,0.260,0.166,0.283,0.160,0.159,0.073,0.052,0.032,45,37,32,20,0.238,0.164,0.128,0.075,0.049,0.026,66,36,24,13
0.042,0.215,0.464,-0.79,0.151,-1,0.3153,0.1559,0.357,0.736,0.283,0.160,0.159,0.073,0.052,0.032,45,37,32,20,0.238,0.164,0.128,0.075,0.049,0.026,66,36,24,13
0.049,0.214,0.144,3.14,0.186,0,0.3364,0.1681,0.153,-0.486,0.283,0.160,0.159,0.073,0.052,0.032,45,37,32,20,0.238,0.164,0.128,0.075,0.049,0.026,66,36,24,13
0.059,0.276,0.635,0.2,0.291,1,0.3512,0.1777,0.238,0.180,0.283,0.160,0.159,0.073,0.052,0.032,45,37,32,20,0.238,0.164,0.128,0.075,0.049,0.026,66,36,24,13
0.048,0.250,0.133,0.85,0.046,0,0.3609,0.1844,0.156,0.06,0.283,0.160,0.159,0.073,0.052,0.032,45,37,32,20,0.238,0.164,0.128,0.075,0.049,0.026,66,36,24,13
0.048,0.267,0.544,-0.08,0.108,0,0.3505,0.1785,0.313,0.059,0.283,0.160,0.159,0.073,0.052,0.032,45,37,32,20,0.238,0.164,0.128,0.075,0.049,0.026,66,36,24,13
0.046,0.195,0.118,0.85,0.046,0,0.3269,0.1620,0.155,0.06,0.283,0.160,0.159,0.073,0.052,0.032,45,37,32,20,0.238,0.164,0.128,0.075,0.049,0.026,66,36,24,13
0.046,0.197,0.625,1.69,0.290,0,0.3019,0.1437,0.102,-0.697,0.283,0.160,0.159,0.073,0.052,0.032,45,37,32,20,0.238,0.164,0.128,0.075,0.049,0.026,66,36,24,13
0.047,0.194,0.532,-0.48,0.134,0,0.2779,0.1246,0.289,0.007,0.283,0.160,0.159,0.073,0.052,0.032,45,37,32,20,0.238,0.164,0.128,0.075,0.049,0.026,66,36,24,13
0.047,0.172,0.094,-0.79,0.151,-1,0.2550,0.1061,0.442,0.736,0.283,0.160,0.159,0.073,0.052,0.032,45,37,32,20,0.238,0.164,0.128,0.075,0.049,0.026,66,36,24,13
0.044,0.150,0.006,-0.42,0.180,0,0.2296,0.0875,0.316,0.318,0.283,0.160,0.159,0.073,0.052,0.032,45,37,32,20,0.238,0.164,0.128,0.075,0.049,0.026,66,36,24,13
0.036,0.138,0.001,2.53,0.140,0,0.2088,0.0749,0.104,-0.121,0.283,0.160,0.159,0.073,0.052,0.032,45,37,32,20,0.238,0.164,0.128,0.075,0.049,0.026,66,36,24,13
0.057,0.155,0.002,-1.1,0.105,-1,0.1808,0.0599,0.350,0.192,0.283,0.160,0.159,0.073,0.052,0.032,45,37,32,20,0.238,0.164,0.128,0.075,0.049,0.026,66,36,24,13
0.059,0.166,0.003,-1.19,0.219,1,0.1541,0.0484,0.416,0.586,0.283,0.160,0.159,0.073,0.052,0.032,45,37,32,20,0.238,0.164,0.128,0.075,0.049,0.026,66,36,24,13
0.050,0.183,0.003,1.69,0.290,0,0.1252,0.0363,0.144,-0.697,0.283,0.160,0.159,0.073,0.052,0.032,45,37,32,20,0.238,0.164,0.128,0.075,0.049,0.026,66,36,24,13
0.044,0.133,0.037,1.69,0.290,0,0.1146,0.0381,0.077,-0.697,0.283,0.160,0.159,0.073,0.052,0.032,45,37,32,20,0.238,0.164,0.128,0.075,0.049,0.026,66,36,24,13
0.038,0.117,0.002,-1.14,0.131,0,0.1030,0.0368,0.275,0.987,0.283,0.160,0.159,0.073,0.052,0.032,45,37,32,20,0.238,0.164,0.128,0.075,0.049,0.026,66,36,24,13
0.039,0.118,0.002,1.99,0.186,0,0.0894,0.0325,0.146,-0.326,0.283,0.160,0.159,0.073,0.052,0.032,45,37,32,20,0.238,0.164,0.128,0.075,0.049,0.026,66,36,24,13
0.061,0.137,0.001,3.14,0.186,0,0.0769,0.0300,0.112,-0.486,0.283,0.160,0.159,0.073,0.052,0.032,45,37,32,20,0.238,0.164,0.128,0.075,0.049,0.026,66,36,24,13
0.074,0.144,0.079,-0.79,0.151,-1,0.0647,0.0252,0.310,0.736,0.283,0.160,0.159,0.073,0.052,0.032,45,37,32,20,0.238,0.164,0.128,0.075,0.049,0.026,66,36,24,13
0.087,0.176,0.183,2.53,0.140,0,0.0640,0.0248,0.160,-0.121,0.283,0.160,0.159,0.073,0.052,0.032,45,37,32,20,0.238,0.164,0.128,0.075,0.049,0.026,66,36,24,13
0.090,0.266,0.270,-0.48,0.134,0,0.0628,0.0232,0.203,0.007,0.283,0.160,0.159,0.073,0.052,0.032,45,37,32,20,0.238,0.164,0.128,0.075,0.049,0.026,66,36,24,13
0.112,0.305,0.253,-1.19,0.219,1,0.0663,0.0237,0.241,0.586,0.283,0.160,0.159,0.073,0.052,0.032,45,37,32,20,0.238,0.164,0.128,0.075,0.049,0.026,66,36,24,13
0.114,0.257,0.007,2.53,0.140,0,0.0656,0.0229,0.095,-0.121,0.283,0.160,0.159,0.073,0.052,0.032,45,37,32,20,0.238,0.164,0.128,0.075,0.049,0.026,66,36,24,13
0.092,0.362,0.172,1.37,0.298,0,0.0691,0.0235,0.109,-0.510,0.283,0.160,0.159,0.073,0.052,0.032,45,37,32,20,0.238,0.164,0.128,0.075,0.049,0.026,66,36,24,13
0.094,0.369,0.385,1.37,0.298,0,0.0754,0.0265,0.113,-0.510,0.283,0.160,0.159,0.073,0.052,0.032,45,37,32,20,0.238,0.164,0.128,0.075,0.049,0.026,66,36,24,13
0.142,0.361,0.178,1.69,0.290,0,0.0843,0.0300,0.080,-0.697,0.283,0.160,0.159,0.073,0.052,0.032,45,37,32,20,0.238,0.164,0.128,0.075,0.049,0.026,66,36,24,13
0.144,0.351,0.490,-0.52,0.062,0,0.0998,0.0371,0.143,0.341,0.283,0.160,0.159,0.073,0.052,0.032,45,37,32,20,0.238,0.164,0.128,0.075,0.049,0.026,66,36,24,13
0.119,0.403,0.529,-1.19,0.219,1,0.1083,0.0411,0.433,0.586,0.283,0.160,0.159,0.073,0.052,0.032,45,37,32,20,0.238,0.164,0.128,0.075,0.049,0.026,66,36,24,13
0.116,0.429,0.302,0,0.000,0,0.1078,0.0405,0.228,0.166,0.283,0.160,0.159,0.073,0.052,0.032,45,37,32,20,0.238,0.164,0.128,0.075,0.049,0.026,66,36,24,13
0.143,0.419,0.504,-0.08,0.108,0,0.0996,0.0380,0.219,0.059,0.283,0.160,0.159,0.073,0.052,0.032,45,37,32,20,0.238,0.164,0.128,0.075,0.049,0.026,66,36,24,13
0.143,0.356,0.344,1.99,0.186,0,0.1051,0.0450,0.085,-0.326,0.283,0.160,0.159,0.073,0.052,0.032,45,37,32,20,0.238,0.164,0.128,0.075,0.049,0.026,66,36,24,13
0.205,0.453,0.682,-1.19,0.219,1,0.1160,0.0565,0.381,0.586,0.283,0.160,0.159,0.073,0.052,0.032,45,37,32,20,0.238,0.164,0.128,0.075,0.049,0.026,66,36,24,13
0.143,0.327,0.484,3.14,0.186,0,0.1382,0.0756,0.109,-0.486,0.283,0.160,0.159,0.073,0.052,0.032,45,37,32,20,0.238,0.164,0.128,0.075,0.049,0.026,66,36,24,13
0.138,0.293,0.473,0.85,0.046,0,0.1619,0.0915,0.160,0.06,0.283,0.160,0.159,0.073,0.052,0.032,45,37,32,20,0.238,0.164,0.128,0.075,0.049,0.026,66,36,24,13
0.138,0.435,0.778,-0.48,0.134,0,0.1890,0.1092,0.333,0.007,0.283,0.160,0.159,0.073,0.052,0.032,45,37,32,20,0.238,0.164,0.128,0.075,0.049,0.026,66,36,24,13
0.126,0.723,0.567,-1.19,0.219,1,0.2051,0.1180,0.425,0.586,0.283,0.160,0.159,0.073,0.052,0.032,45,37,32,20,0.238,0.164,0.128,0.075,0.049,0.026,66,36,24,13
0.158,0.385,0.683,-0.42,0.180,0,0.2199,0.1249,0.292,0.318,0.283,0.160,0.159,0.073,0.052,0.032,45,37,32,20,0.238,0.164,0.128,0.075,0.049,0.026,66,36,24,13
0.144,0.303,0.788,1.69,0.290,0,0.2439,0.1389,0.090,-0.697,0.283,0.160,0.159,0.073,0.052,0.032,45,37,32,20,0.238,0.164,0.128,0.075,0.049,0.026,66,36,24,13
0.096,0.206,0.555,-0.08,0.108,0,0.2569,0.1460,0.321,0.059,0.283,0.160,0.159,0.073,0.052,0.032,45,37,32,20,0.238,0.164,0.128,0.075,0.049,0.026,66,36,24,13
0.079,0.137,0.617,0.85,0.046,0,0.2792,0.1653,0.258,0.06,0.283,0.160,0.159,0.073,0.052,0.032,45,37,32,20,0.238,0.164,0.128,0.075,0.049,0.026,66,36,24,13
0.070,0.145,0.401,2.53,0.140,0,0.2918,0.1794,0.147,-0.121,0.283,0.160,0.159,0.073,0.052,0.032,45,37,32,20,0.238,0.164,0.128,0.075,0.049,0.026,66,36,24,13
0.056,0.227,0.360,-1.19,0.219,1,0.3022,0.1932,0.335,0.586,0.283,0.160,0.159,0.073,0.052,0.032,45,37,32,20,0.238,0.164,0.128,0.075,0.049,0.026,66,36,24,13
0.042,0.260,0.454,-0.48,0.134,0,0.3132,0.2087,0.365,0.007,0.283,0.160,0.159,0.073,0.052,0.032,45,37,32,20,0.238,0.164,0.128,0.075,0.049,0.026,66,36,24,13
0.046,0.215,0.265,-1.1,0.105,-1,0.3195,0.2215,0.313,0.192,0.283,0.160,0.159,0.073,0.052,0.032,45,37,32,20,0.238,0.164,0.128,0.075,0.049,0.026,66,36,24,13
0.046,0.200,0.226,1.37,0.298,0,0.3286,0.2370,0.164,-0.510,0.283,0.160,0.159,0.073,0.052,0.032,45,37,32,20,0.238,0.164,0.128,0.075,0.049,0.026,66,36,24,13
0.057,0.130,0.439,-0.79,0.151,-1,0.3469,0.2606,0.332,0.736,0.283,0.160,0.159,0.073,0.052,0.032,45,37,32,20,0.238,0.164,0.128,0.075,0.049,0.026,66,36,24,13
0.043,0.116,0.341,1.42,0.221,0,0.3644,0.2832,0.152,-0.397,0.283,0.160,0.159,0.073,0.052,0.032,45,37,32,20,0.238,0.164,0.128,0.075,0.049,0.026,66,36,24,13
0.046,0.175,0.295,-0.08,0.108,0,0.3642,0.2923,0.221,0.059,0.283,0.160,0.159,0.073,0.052,0.032,45,37,32,20,0.238,0.164,0.128,0.075,0.049,0.026,66,36,24,13
0.046,0.188,0.365,1.69,0.290,0,0.3761,0.3098,0.130,-0.697,0.283,0.160,0.159,0.073,0.052,0.032,45,37,32,20,0.238,0.164,0.128,0.075,0.049,0.026,66,36,24,13
0.046,0.177,0.330,-0.48,0.134,0,0.3859,0.3226,0.344,0.007,0.283,0.160,0.159,0.073,0.052,0.032,45,37,32,20,0.238,0.164,0.128,0.075,0.049,0.026,66,36,24,13
0.044,0.215,0.389,-0.48,0.134,0,0.4165,0.3493,0.302,0.007,0.283,0.160,0.159,0.073,0.052,0.032,45,37,32,20,0.238,0.164,0.128,0.075,0.049,0.026,66,36,24,13
0.047,0.167,0.177,-0.79,0.151,-1,0.4326,0.3628,0.387,0.736,0.283,0.160,0.159,0.073,0.052,0.032,45,37,32,20,0.238,0.164,0.128,0.075,0.049,0.026,66,36,24,13
0.041,0.174,0.135,-0.08,0.108,0,0.4545,0.3815,0.257,0.059,0.283,0.160,0.159,0.073,0.052,0.032,45,37,32,20,0.238,0.164,0.128,0.075,0.049,0.026,66,36,24,13
0.048,0.142,0.159,-0.52,0.062,0,0.4653,0.3908,0.217,0.341,0.283,0.160,0.159,0.073,0.052,0.032,45,37,32,20,0.238,0.164,0.128,0.075,0.049,0.026,66,36,24,13
0.048,0.104,0.042,2.53,0.140,0,0.4647,0.3930,0.207,-0.121,0.283,0.160,0.159,0.073,0.052,0.032,45,37,32,20,0.238,0.164,0.128,0.075,0.049,0.026,66,36,24,13
0.051,0.094,0.057,1.42,0.221,0,0.4653,0.3980,0.150,-0.397,0.283,0.160,0.159,0.073,0.052,0.032,45,37,32,20,0.238,0.164,0.128,0.075,0.049,0.026,66,36,24,13
0.064,0.102,0.007,-1.14,0.131,0,0.4563,0.3960,0.257,0.987,0.283,0.160,0.159,0.073,0.052,0.032,45,37,32,20,0.238,0.164,0.128,0.075,0.049,0.026,66,36,24,13
0.059,0.092,0.007,2.1,0.128,0,0.4451,0.3955,0.137,0.02,0.283,0.160,0.159,0.073,0.052,0.032,45,37,32,20,0.238,0.164,0.128,0.075,0.049,0.026,66,36,24,13
0.051,0.079,0.003,-0.79,0.151,-1,0.4245,0.3886,0.405,0.736,0.283,0.160,0.159,0.073,0.052,0.032,45,37,32,20,0.238,0.164,0.128,0.075,0.049,0.026,66,36,24,13
0.060,0.037,0.054,-1.1,0.105,-1,0.4090,0.3856,0.371,0.192,0.283,0.160,0.159,0.073,0.052,0.032,45,37,32,20,0.238,0.164,0.128,0.075,0.049,0.026,66,36,24,13
0.058,0.052,0.009,-1.1,0.105,-1,0.3861,0.3736,0.370,0.192,0.283,0.160,0.159,0.073,0.052,0.032,45,37,32,20,0.238,0.164,0.128,0.075,0.049,0.026,66,36,24,13
0.066,0.096,0.024,0.22,0.230,0,0.3570,0.3558,0.325,0.303,0.283,0.160,0.159,0.073,0.052,0.032,45,37,32,20,0.238,0.164,0.128,0.075,0.049,0.026,66,36,24,13
0.083,0.125,0.012,0.22,0.230,0,0.3252,0.3338,0.334,0.303,0.283,0.160,0.159,0.073,0.052,0.032,45,37,32,20,0.238,0.164,0.128,0.075,0.049,0.026,66,36,24,13
0.085,0.091,0.003,1.99,0.186,0,0.3098,0.3236,0.095,-0.326,0.283,0.160,0.159,0.073,0.052,0.032,45,37,32,20,0.238,0.164,0.128,0.075,0.049,0.026,66,36,24,13
0.078,0.113,0.062,-1.14,0.131,0,0.3054,0.3197,0.199,0.987,0.283,0.160,0.159,0.073,0.052,0.032,45,37,32,20,0.238,0.164,0.128,0.075,0.049,0.026,66,36,24,13
0.074,0.122,0.338,-0.08,0.108,0,0.3003,0.3114,0.248,0.059,0.283,0.160,0.159,0.073,0.052,0.032,45,37,32,20,0.238,0.164,0.128,0.075,0.049,0.026,66,36,24,13
0.071,0.115,0.301,2.53,0.140,0,0.3029,0.3097,0.096,-0.121,0.283,0.160,0.159,0.073,0.052,0.032,45,37,32,20,0.238,0.164,0.128,0.075,0.049,0.026,66,36,24,13
0.060,0.161,0.440,-0.42,0.180,0,0.3109,0.3126,0.236,0.318,0.283,0.160,0.159,0.073,0.052,0.032,45,37,32,20,0.238,0.164,0.128,0.075,0.049,0.026,66,36,24,13
0.049,0.171,0.391,1.69,0.290,0,0.3327,0.3272,0.060,-0.697,0.283,0.160,0.159,0.073,0.052,0.032,45,37,32,20,0.238,0.164,0.128,0.075,0.049,0.026,66,36,24,13
0.076,0.151,0.278,-1.1,0.105,-1,0.3364,0.3277,0.219,0.192,0.283,0.160,0.159,0.073,0.052,0.032,45,37,32,20,0.238,0.164,0.128,0.075,0.049,0.026,66,36,24,13
0.083,0.192,0.361,1.69,0.290,0,0.3491,0.3367,0.090,-0.697,0.283,0.160,0.159,0.073,0.052,0.032,45,37,32,20,0.238,0.164,0.128,0.075,0.049,0.026,66,36,24,13
0.108,0.176,0.374,-0.08,0.108,0,0.3424,0.3309,0.293,0.059,0.283,0.160,0.159,0.073,0.052,0.032,45,37,32,20,0.238,0.164,0.128,0.075,0.049,0.026,66,36,24,13
0.097,0.164,0.338,0,0.000,0,0.3280,0.3214,0.194,0.166,0.283,0.160,0.159,0.073,0.052,0.032,45,37,32,20,0.238,0.164,0.128,0.075,0.049,0.026,66,36,24,13
0.095,0.121,0.406,3.14,0.186,0,0.3109,0.3109,0.122,-0.486,0.283,0.160,0.159,0.073,0.052,0.032,45,37,32,20,0.238,0.164,0.128,0.075,0.049,0.026,66,36,24,13
0.095,0.136,0.184,-1.1,0.105,-1,0.2914,0.2980,0.394,0.192,0.283,0.160,0.159,0.073,0.052,0.032,45,37,32,20,0.238,0.164,0.128,0.075,0.049,0.026,66,36,24,13
0.099,0.127,0.211,-1.1,0.105,-1,0.2623,0.2750,0.317,0.192,0.283,0.160,0.159,0.073,0.052,0.032,45,37,32,20,0.238,0.164,0.128,0.075,0.049,0.026,66,36,24,13
0.100,0.116,0.073,1.99,0.186,0,0.2364,0.2525,0.189,-0.326,0.283,0.160,0.159,0.073,0.052,0.032,45,37,32,20,0.238,0.164,0.128,0.075,0.049,0.026,66,36,24,13
0.098,0.132,0.034,-0.79,0.151,-1,0.2191,0.2349,0.411,0.736,0.283,0.160,0.159,0.073,0.052,0.032,45,37,32,20,0.238,0.164,0.128,0.075,0.049,0.026,66,36,24,13
0.099,0.175,0.280,-0.48,0.134,0,0.2010,0.2151,0.413,0.007,0.283,0.160,0.159,0.073,0.052,0.032,45,37,32,20,0.238,0.164,0.128,0.075,0.049,0.026,66,36,24,13
0.122,0.207,0.499,-1.19,0.219,1,0.1839,0.1961,0.421,0.586,0.283,0.160,0.159,0.073,0.052,0.032,45,37,32,20,0.238,0.164,0.128,0.075,0.049,0.026,66,36,24,13
0.124,0.189,0.240,-0.52,0.062,0,0.1720,0.1828,0.321,0.341,0.283,0.160,0.159,0.073,0.052,0.032,45,37,32,20,0.238,0.164,0.128,0.075,0.049,0.026,66,36,24,13
0.154,0.171,0.105,-1.19,0.219,1,0.1670,0.1762,0.428,0.586,0.283,0.160,0.159,0.073,0.052,0.032,45,37,32,20,0.238,0.164,0.128,0.075,0.049,0.026,66,36,24,13
0.198,0.129,0.051,-1.1,0.105,-1,0.1722,0.1787,0.393,0.192,0.283,0.160,0.159,0.073,0.052,0.032,45,37,32,20,0.238,0.164,0.128,0.075,0.049,0.026,66,36,24,13
0.203,0.138,0.066,-0.52,0.062,0,0.1793,0.1819,0.176,0.341,0.283,0.160,0.159,0.073,0.052,0.032,45,37,32,20,0.238,0.164,0.128,0.075,0.049,0.026,66,36,24,13
0.187,0.095,0.022,1.99,0.186,0,0.1837,0.1828,0.074,-0.326,0.283,0.160,0.159,0.073,0.052,0.032,45,37,32,20,0.238,0.164,0.128,0.075,0.049,0.026,66,36,24,13
0.161,0.074,0.119,2.53,0.140,0,0.1923,0.1872,0.089,-0.121,0.283,0.160,0.159,0.073,0.052,0.032,45,37,32,20,0.238,0.164,0.128,0.075,0.049,0.026,66,36,24,13
0.161,0.087,0.249,-1.1,0.105,-1,0.1975,0.1881,0.203,0.192,0.283,0.160,0.159,0.073,0.052,0.032,45,37,32,20,0.238,0.164,0.128,0.075,0.049,0.026,66,36,24,13
0.162,0.115,0.074,3.14,0.186,0,0.1934,0.1802,0.031,-0.486,0.283,0.160,0.159,0.073,0.052,0.032,45,37,32,20,0.238,0.164,0.128,0.075,0.049,0.026,66,36,24,13
0.187,0.133,0.119,3.14,0.186,0,0.1859,0.1715,0.057,-0.486,0.283,0.160,0.159,0.073,0.052,0.032,45,37,32,20,0.238,0.164,0.128,0.075,0.049,0.026,66,36,24,13
0.262,0.190,0.379,0,0.000,0,0.1683,0.1542,0.111,0.166,0.283,0.160,0.159,0.073,0.052,0.032,45,37,32,20,0.238,0.164,0.128,0.075,0.049,0.026,66,36,24,13
0.213,0.186,0.239,3.14,0.186,0,0.1497,0.1374,0.064,-0.486,0.283,0.160,0.159,0.073,0.052,0.032,45,37,32,20,0.238,0.164,0.128,0.075,0.049,0.026,66,36,24,13
0.194,0.177,0.211,2.1,0.128,0,0.1279,0.1195,0.041,0.02,0.283,0.160,0.159,0.073,0.052,0.032,45,37,32,20,0.238,0.164,0.128,0.075,0.049,0.026,66,36,24,13
0.159,0.229,0.400,-1.19,0.219,1,0.1193,0.1127,0.327,0.586,0.283,0.160,0.159,0.073,0.052,0.032,45,37,32,20,0.238,0.164,0.128,0.075,0.049,0.026,66,36,24,13
0.171,0.213,0.575,-0.52,0.062,0,0.1211,0.1128,0.218,0.341,0.283,0.160,0.159,0.073,0.052,0.032,45,37,32,20,0.238,0.164,0.128,0.075,0.049,0.026,66,36,24,13
0.171,0.222,0.285,1.37,0.298,0,0.1311,0.1178,0.185,-0.510,0.283,0.160,0.159,0.073,0.052,0.032,45,37,32,20,0.238,0.164,0.128,0.075,0.049,0.026,66,36,24,13
0.147,0.132,0.155,-0.79,0.151,-1,0.1492,0.1281,0.461,0.736,0.283,0.160,0.159,0.073,0.052,0.032,45,37,32,20,0.238,0.164,0.128,0.075,0.049,0.026,66,36,24,13
0.125,0.135,0.062,-1.1,0.105,-1,0.1883,0.1543,0.363,0.192,0.283,0.160,0.159,0.073,0.052,0.032,45,37,32,20,0.238,0.164,0.128,0.075,0.049,0.026,66,36,24,13
0.135,0.133,0.040,0.85,0.046,0,0.2306,0.1825,0.215,0.06,0.283,0.160,0.159,0.073,0.052,0.032,45,37,32,20,0.238,0.164,0.128,0.075,0.049,0.026,66,36,24,13
0.113,0.219,0.317,-0.08,0.108,0,0.2805,0.2177,0.262,0.059,0.283,0.160,0.159,0.073,0.052,0.032,45,37,32,20,0.238,0.164,0.128,0.075,0.049,0.026,66,36,24,13
0.116,0.302,0.513,-1.19,0.219,1,0.3319,0.2516,0.393,0.586,0.283,0.160,0.159,0.073,0.052,0.032,45,37,32,20,0.238,0.164,0.128,0.075,0.049,0.026,66,36,24,13
0.114,0.259,0.399,3.14,0.186,0,0.3747,0.2784,0.102,-0.486,0.283,0.160,0.159,0.073,0.052,0.032,45,37,32,20,0.238,0.164,0.128,0.075,0.049,0.026,66,36,24,13
0.144,0.389,0.695,-0.08,0.108,0,0.3993,0.2927,0.208,0.059,0.283,0.160,0.159,0.073,0.052,0.032,45,37,32,20,0.238,0.164,0.128,0.075,0.049,0.026,66,36,24,13
0.146,0.274,0.718,2.53,0.140,0,0.4116,0.2997,0.115,-0.121,0.283,0.160,0.159,0.073,0.052,0.032,45,37,32,20,0.238,0.164,0.128,0.075,0.049,0.026,66,36,24,13
0.100,0.712,0.995,0.2,0.291,1,0.4030,0.2920,0.286,0.180,0.283,0.160,0.159,0.073,0.052,0.032,45,37,32,20,0.238,0.164,0.128,0.075,0.049,0.026,66,36,24,13
0.092,0.391,0.764,-0.52,0.062,0,0.3867,0.2790,0.239,0.341,0.283,0.160,0.159,0.073,0.052,0.032,45,37,32,20,0.238,0.164,0.128,0.075,0.049,0.026,66,36,24,13
0.092,0.405,0.810,-0.48,0.134,0,0.3613,0.2609,0.356,0.007,0.283,0.160,0.159,0.073,0.052,0.032,45,37,32,20,0.238,0.164,0.128,0.075,0.049,0.026,66,36,24,13
0.113,0.353,0.611,-0.48,0.134,0,0.3362,0.2479,0.327,0.007,0.283,0.160,0.159,0.073,0.052,0.032,45,37,32,20,0.238,0.164,0.128,0.075,0.049,0.026,66,36,24,13
0.123,0.433,0.943,0.2,0.291,1,0.3197,0.2447,0.370,0.180,0.283,0.160,0.159,0.073,0.052,0.032,45,37,32,20,0.238,0.164,0.128,0.075,0.049,0.026,66,36,24,13
0.117,0.253,0.457,-0.79,0.151,-1,0.3074,0.2459,0.375,0.736,0.283,0.160,0.159,0.073,0.052,0.032,45,37,32,20,0.238,0.164,0.128,0.075,0.049,0.026,66,36,24,13
0.117,0.147,0.746,2.53,0.140,0,0.2996,0.2494,0.129,-0.121,0.283,0.160,0.159,0.073,0.052,0.032,45,37,32,20,0.238,0.164,0.128,0.075,0.049,0.026,66,36,24,13
0.099,0.153,0.500,0.85,0.046,0,0.3094,0.2661,0.136,0.06,0.283,0.160,0.159,0.073,0.052,0.032,45,37,32,20,0.238,0.164,0.128,0.075,0.049,0.026,66,36,24,13
0.104,0.280,0.919,-1.19,0.219,1,0.3349,0.2924,0.413,0.586,0.283,0.160,0.159,0.073,0.052,0.032,45,37,32,20,0.238,0.164,0.128,0.075,0.049,0.026,66,36,24,13
0.136,0.369,0.544,0.2,0.291,1,0.3547,0.3109,0.248,0.180,0.283,0.160,0.159,0.073,0.052,0.032,45,37,32,20,0.238,0.164,0.128,0.075,0.049,0.026,66,36,24,13
0.136,0.306,0.493,-0.48,0.134,0,0.3557,0.3114,0.120,0.007,0.283,0.160,0.159,0.073,0.052,0.032,45,37,32,20,0.238,0.164,0.128,0.075,0.049,0.026,66,36,24,13
0.131,0.245,0.085,3.14,0.186,0,0.3423,0.2994,0.057,-0.486,0.283,0.160,0.159,0.073,0.052,0.032,45,37,32,20,0.238,0.164,0.128,0.075,0.049,0.026,66,36,24,13
0.118,0.314,0.531,1.37,0.298,0,0.3114,0.2747,0.154,-0.510,0.283,0.160,0.159,0.073,0.052,0.032,45,37,32,20,0.238,0.164,0.128,0.075,0.049,0.026,66,36,24,13
0.140,0.238,0.059,1.99,0.186,0,0.2799,0.2498,0.074,-0.326,0.283,0.160,0.159,0.073,0.052,0.032,45,37,32,20,0.238,0.164,0.128,0.075,0.049,0.026,66,36,24,13
0.156,0.262,0.312,1.42,0.221,0,0.2453,0.2220,0.054,-0.397,0.283,0.160,0.159,0.073,0.052,0.032,45,37,32,20,0.238,0.164,0.128,0.075,0.049,0.026,66,36,24,13
0.150,0.245,0.352,-1.1,0.105,-1,0.2167,0.1994,0.170,0.192,0.283,0.160,0.159,0.073,0.052,0.032,45,37,32,20,0.238,0.164,0.128,0.075,0.049,0.026,66,36,24,13
0.128,0.235,0.398,-0.08,0.108,0,0.1932,0.1835,0.264,0.059,0.283,0.160,0.159,0.073,0.052,0.032,45,37,32,20,0.238,0.164,0.128,0.075,0.049,0.026,66,36,24,13
0.131,0.309,0.481,-0.52,0.062,0,0.1810,0.1786,0.396,0.341,0.283,0.160,0.159,0.073,0.052,0.032,45,37,32,20,0.238,0.164,0.128,0.075,0.049,0.026,66,36,24,13
0.106,0.290,0.466,0,0.000,0,0.1761,0.1795,0.196,0.166,0.283,0.160,0.159,0.073,0.052,0.032,45,37,32,20,0.238,0.164,0.128,0.075,0.049,0.026,66,36,24,13
0.081,0.296,0.509,-1.19,0.219,1,0.1855,0.1886,0.266,0.586,0.283,0.160,0.159,0.073,0.052,0.032,45,37,32,20,0.238,0.164,0.128,0.075,0.049,0.026,66,36,24,13
0.079,0.234,0.428,2.53,0.140,0,0.2037,0.2024,0.137,-0.121,0.283,0.160,0.159,0.073,0.052,0.032,45,37,32,20,0.238,0.164,0.128,0.075,0.049,0.026,66,36,24,13
0.090,0.228,0.113,2.53,0.140,0,0.2285,0.2192,0.070,-0.121,0.283,0.160,0.159,0.073,0.052,0.032,45,37,32,20,0.238,0.164,0.128,0.075,0.049,0.026,66,36,24,13
0.114,0.231,0.558,-0.08,0.108,0,0.2575,0.2400,0.112,0.059,0.283,0.160,0.159,0.073,0.052,0.032,45,37,32,20,0.238,0.164,0.128,0.075,0.049,0.026,66,36,24,13
0.106,0.172,0.432,0.85,0.046,0,0.2911,0.2642,0.065,0.06,0.283,0.160,0.159,0.073,0.052,0.032,45,37,32,20,0.238,0.164,0.128,0.075,0.049,0.026,66,36,24,13
0.102,0.207,0.704,-0.08,0.108,0,0.3111,0.2766,0.124,0.059,0.283,0.160,0.159,0.073,0.052,0.032,45,37,32,20,0.238,0.164,0.128,0.075,0.049,0.026,66,36,24,13
0.100,0.185,0.250,1.99,0.186,0,0.3320,0.2908,0.066,-0.326,0.283,0.160,0.159,0.073,0.052,0.032,45,37,32,20,0.238,0.164,0.128,0.075,0.049,0.026,66,36,24,13
0.109,0.217,0.936,1.76,0.409,0,0.3565,0.3080,0.142,-0.884,0.283,0.160,0.159,0.073,0.052,0.032,45,37,32,20,0.238,0.164,0.128,0.075,0.049,0.026,66,36,24,13
0.120,0.128,0.561,0,0.000,0,0.3759,0.3200,0.159,0.166,0.283,0.160,0.159,0.073,0.052,0.032,45,37,32,20,0.238,0.164,0.128,0.075,0.049,0.026,66,36,24,13
0.110,0.124,0.248,-0.79,0.151,-1,0.3844,0.3231,0.381,0.736,0.283,0.160,0.159,0.073,0.052,0.032,45,37,32,20,0.238,0.164,0.128,0.075,0.049,0.026,66,36,24,13
0.103,0.065,0.069,-1.1,0.105,-1,0.3708,0.3082,0.339,0.192,0.283,0.160,0.159,0.073,0.052,0.032,45,37,32,20,0.238,0.164,0.128,0.075,0.049,0.026,66,36,24,13
0.083,0.085,0.017,0.85,0.046,0,0.3544,0.2942,0.225,0.06,0.283,0.160,0.159,0.073,0.052,0.032,45,37,32,20,0.238,0.164,0.128,0.075,0.049,0.026,66,36,24,13
0.082,0.104,0.026,-1.1,0.105,-1,0.3439,0.2853,0.441,0.192,0.283,0.160,0.159,0.073,0.052,0.032,45,37,32,20,0.238,0.164,0.128,0.075,0.049,0.026,66,36,24,13
0.083,0.118,0.053,-1.19,0.219,1,0.3300,0.2728,0.415,0.586,0.283,0.160,0.159,0.073,0.052,0.032,45,37,32,20,0.238,0.164,0.128,0.075,0.049,0.026,66,36,24,13
0.085,0.111,0.112,1.69,0.290,0,0.3335,0.2727,0.153,-0.697,0.283,0.160,0.159,0.073,0.052,0.032,45,37,32,20,0.238,0.164,0.128,0.075,0.049,0.026,66,36,24,13
0.105,0.098,0.030,-1.1,0.105,-1,0.3416,0.2765,0.423,0.192,0.283,0.160,0.159,0.073,0.052,0.032,45,37,32,20,0.238,0.164,0.128,0.075,0.049,0.026,66,36,24,13
0.113,0.125,0.451,0,0.000,0,0.3534,0.2851,0.358,0.166,0.283,0.160,0.159,0.073,0.052,0.032,45,37,32,20,0.238,0.164,0.128,0.075,0.049,0.026,66,36,24,13
0.114,0.145,0.301,-0.52,0.062,0,0.3567,0.2882,0.337,0.341,0.283,0.160,0.159,0.073,0.052,0.032,45,37,32,20,0.238,0.164,0.128,0.075,0.049,0.026,66,36,24,13
0.169,0.232,0.308,0.2,0.291,1,0.3549,0.2872,0.380,0.180,0.283,0.160,0.159,0.073,0.052,0.032,45,37,32,20,0.238,0.164,0.128,0.075,0.049,0.026,66,36,24,13
0.166,0.167,0.330,-0.42,0.180,0,0.3566,0.2921,0.217,0.318,0.283,0.160,0.159,0.073,0.052,0.032,45,37,32,20,0.238,0.164,0.128,0.075,0.049,0.026,66,36,24,13
0.210,0.169,0.073,-1.14,0.131,0,0.3505,0.2899,0.144,0.987,0.283,0.160,0.159,0.073,0.052,0.032,45,37,32,20,0.238,0.164,0.128,0.075,0.049,0.026,66,36,24,13
0.210,0.141,0.109,2.53,0.140,0,0.3445,0.2903,0.122,-0.121,0.283,0.160,0.159,0.073,0.052,0.032,45,37,32,20,0.238,0.164,0.128,0.075,0.049,0.026,66,36,24,13
0.175,0.092,0.009,1.99,0.186,0,0.3433,0.2947,0.104,-0.326,0.283,0.160,0.159,0.073,0.052,0.032,45,37,32,20,0.238,0.164,0.128,0.075,0.049,0.026,66,36,24,13
0.185,0.114,0.264,0.85,0.046,0,0.3383,0.2951,0.137,0.06,0.283,0.160,0.159,0.073,0.052,0.032,45,37,32,20,0.238,0.164,0.128,0.075,0.049,0.026,66,36,24,13
0.154,0.152,0.363,3.14,0.186,0,0.3347,0.2963,0.058,-0.486,0.283,0.160,0.159,0.073,0.052,0.032,45,37,32,20,0.238,0.164,0.128,0.075,0.049,0.026,66,36,24,13
0.192,0.263,0.474,-1.19,0.219,1,0.3228,0.2874,0.329,0.586,0.283,0.160,0.159,0.073,0.052,0.032,45,37,32,20,0.238,0.164,0.128,0.075,0.049,0.026,66,36,24,13
0.208,0.241,0.509,0,0.000,0,0.3076,0.2721,0.234,0.166,0.283,0.160,0.159,0.073,0.052,0.032,45,37,32,20,0.238,0.164,0.128,0.075,0.049,0.026,66,36,24,13
0.203,0.197,0.193,0.85,0.046,0,0.2881,0.2507,0.117,0.06,0.283,0.160,0.159,0.073,0.052,0.032,45,37,32,20,0.238,0.164,0.128,0.075,0.049,0.026,66,36,24,13
0.203,0.411,0.911,0.2,0.291,1,0.2632,0.2231,0.267,0.180,0.283,0.160,0.159,0.073,0.052,0.032,45,37,32,20,0.238,0.164,0.128,0.075,0.049,0.026,66,36,24,13
0.197,0.267,0.352,2.53,0.140,0,0.2452,0.2044,0.112,-0.121,0.283,0.160,0.159,0.073,0.052,0.032,45,37,32,20,0.238,0.164,0.128,0.075,0.049,0.026,66,36,24,13
0.202,0.310,0.586,-0.52,0.062,0,0.2293,0.1892,0.201,0.341,0.283,0.160,0.159,0.073,0.052,0.032,45,37,32,20,0.238,0.164,0.128,0.075,0.049,0.026,66,36,24,13
0.220,0.267,0.622,-1.1,0.105,-1,0.2109,0.1746,0.276,0.192,0.283,0.160,0.159,0.073,0.052,0.032,45,37,32,20,0.238,0.164,0.128,0.075,0.049,0.026,66,36,24,13
0.229,0.274,0.855,1.69,0.290,0,0.1933,0.1587,0.170,-0.697,0.283,0.160,0.159,0.073,0.052,0.032,45,37,32,20,0.238,0.164,0.128,0.075,0.049,0.026,66,36,24,13
0.241,0.375,0.455,0,0.000,0,0.1925,0.1575,0.288,0.166,0.283,0.160,0.159,0.073,0.052,0.032,45,37,32,20,0.238,0.164,0.128,0.075,0.049,0.026,66,36,24,13
0.229,0.357,0.382,0,0.000,0,0.2118,0.1737,0.239,0.166,0.283,0.160,0.159,0.073,0.052,0.032,45,37,32,20,0.238,0.164,0.128,0.075,0.049,0.026,66,36,24,13
0.229,0.468,0.609,0.2,0.291,1,0.2194,0.1790,0.278,0.180,0.283,0.160,0.159,0.073,0.052,0.032,45,37,32,20,0.238,0.164,0.128,0.075,0.049,0.026,66,36,24,13
0.185,0.304,0.640,-0.52,0.062,0,0.2208,0.1775,0.173,0.341,0.283,0.160,0.159,0.073,0.052,0.032,45,37,32,20,0.238,0.164,0.128,0.075,0.049,0.026,66,36,24,13
0.182,0.235,0.472,1.99,0.186,0,0.2311,0.1850,0.061,-0.326,0.283,0.160,0.159,0.073,0.052,0.032,45,37,32,20,0.238,0.164,0.128,0.075,0.049,0.026,66,36,24,13
0.155,0.265,0.897,-0.52,0.062,0,0.2361,0.1866,0.129,0.341,0.283,0.160,0.159,0.073,0.052,0.032,45,37,32,20,0.238,0.164,0.128,0.075,0.049,0.026,66,36,24,13
0.143,0.165,0.860,2.53,0.140,0,0.2476,0.1934,0.119,-0.121,0.283,0.160,0.159,0.073,0.052,0.032,45,37,32,20,0.238,0.164,0.128,0.075,0.049,0.026,66,36,24,13
0.138,0.146,0.465,1.99,0.186,0,0.2591,0.2002,0.087,-0.326,0.283,0.160,0.159,0.073,0.052,0.032,45,37,32,20,0.238,0.164,0.128,0.075,0.049,0.026,66,36,24,13
0.128,0.195,0.774,-0.52,0.062,0,0.2732,0.2093,0.139,0.341,0.283,0.160,0.159,0.073,0.052,0.032,45,37,32,20,0.238,0.164,0.128,0.075,0.049,0.026,66,36,24,13
0.127,0.134,0.648,-0.52,0.062,0,0.2885,0.2188,0.189,0.341,0.283,0.160,0.159,0.073,0.052,0.032,45,37,32,20,0.238,0.164,0.128,0.075,0.049,0.026,66,36,24,13
0.126,0.179,0.597,-0.52,0.062,0,0.3005,0.2231,0.148,0.341,0.283,0.160,0.159,0.073,0.052,0.032,45,37,32,20,0.238,0.164,0.128,0.075,0.049,0.026,66,36,24,13
0.124,0.105,0.480,-0.08,0.108,0,0.3010,0.2164,0.171,0.059,0.283,0.160,0.159,0.073,0.052,0.032,45,37,32,20,0.238,0.164,0.128,0.075,0.049,0.026,66,36,24,13
0.108,0.134,0.016,3.14,0.186,0,0.2913,0.2016,0.099,-0.486,0.283,0.160,0.159,0.073,0.052,0.032,45,37,32,20,0.238,0.164,0.128,0.075,0.049,0.026,66,36,24,13
0.129,0.115,0.421,3.14,0.186,0,0.2773,0.1853,0.122,-0.486,0.283,0.160,0.159,0.073,0.052,0.032,45,37,32,20,0.238,0.164,0.128,0.075,0.049,0.026,66,36,24,13
0.122,0.126,0.089,0.85,0.046,0,0.2678,0.1768,0.210,0.06,0.283,0.160,0.159,0.073,0.052,0.032,45,37,32,20,0.238,0.164,0.128,0.075,0.049,0.026,66,36,24,13
0.128,0.159,0.291,-0.48,0.134,0,0.2546,0.1687,0.199,0.007,0.283,0.160,0.159,0.073,0.052,0.032,45,37,32,20,0.238,0.164,0.128,0.075,0.049,0.026,66,36,24,13
0.124,0.127,0.119,-1.14,0.131,0,0.2355,0.1576,0.336,0.987,0.283,0.160,0.159,0.073,0.052,0.032,45,37,32,20,0.238,0.164,0.128,0.075,0.049,0.026,66,36,24,13
0.085,0.145,0.339,-1.1,0.105,-1,0.2153,0.1458,0.464,0.192,0.283,0.160,0.159,0.073,0.052,0.032,45,37,32,20,0.238,0.164,0.128,0.075,0.049,0.026,66,36,24,13
0.070,0.099,0.268,3.14,0.186,0,0.2099,0.1474,0.113,-0.486,0.283,0.160,0.159,0.073,0.052,0.032,45,37,32,20,0.238,0.164,0.128,0.075,0.049,0.026,66,36,24,13
0.064,0.088,0.361,-1.14,0.131,0,0.2191,0.1617,0.324,0.987,0.283,0.160,0.159,0.073,0.052,0.032,45,37,32,20,0.238,0.164,0.128,0.075,0.049,0.026,66,36,24,13
0.061,0.096,0.246,-0.79,0.151,-1,0.2342,0.1817,0.425,0.736,0.283,0.160,0.159,0.073,0.052,0.032,45,37,32,20,0.238,0.164,0.128,0.075,0.049,0.026,66,36,24,13
0.046,0.084,0.130,0.85,0.046,0,0.2394,0.1913,0.135,0.06,0.283,0.160,0.159,0.073,0.052,0.032,45,37,32,20,0.238,0.164,0.128,0.075,0.049,0.026,66,36,24,13
0.050,0.116,0.416,1.37,0.298,0,0.2526,0.2087,0.165,-0.510,0.283,0.160,0.159,0.073,0.052,0.032,45,37,32,20,0.238,0.164,0.128,0.075,0.049,0.026,66,36,24,13
0.050,0.136,0.437,-1.19,0.219,1,0.2666,0.2264,0.390,0.586,0.283,0.160,0.159,0.073,0.052,0.032,45,37,32,20,0.238,0.164,0.128,0.075,0.049,0.026,66,36,24,13
0.051,0.160,0.044,1.99,0.186,0,0.2835,0.2457,0.107,-0.326,0.283,0.160,0.159,0.073,0.052,0.032,45,37,32,20,0.238,0.164,0.128,0.075,0.049,0.026,66,36,24,13
0.051,0.243,0.411,0.2,0.291,1,0.2879,0.2542,0.235,0.180,0.283,0.160,0.159,0.073,0.052,0.032,45,37,32,20,0.238,0.164,0.128,0.075,0.049,0.026,66,36,24,13
0.058,0.190,0.278,0,0.000,0,0.2829,0.2566,0.270,0.166,0.283,0.160,0.159,0.073,0.052,0.032,45,37,32,20,0.238,0.164,0.128,0.075,0.049,0.026,66,36,24,13
0.062,0.258,0.561,1.76,0.409,0,0.2642,0.2453,0.128,-0.884,0.283,0.160,0.159,0.073,0.052,0.032,45,37,32,20,0.238,0.164,0.128,0.075,0.049,0.026,66,36,24,13
0.065,0.191,0.662,1.69,0.290,0,0.2390,0.2263,0.089,-0.697,0.283,0.160,0.159,0.073,0.052,0.032,45,37,32,20,0.238,0.164,0.128,0.075,0.049,0.026,66,36,24,13
0.070,0.157,0.367,-1.1,0.105,-1,0.2113,0.2038,0.278,0.192,0.283,0.160,0.159,0.073,0.052,0.032,45,37,32,20,0.238,0.164,0.128,0.075,0.049,0.026,66,36,24,13
0.072,0.114,0.409,0.85,0.046,0,0.1922,0.1883,0.370,0.06,0.283,0.160,0.159,0.073,0.052,0.032,45,37,32,20,0.238,0.164,0.128,0.075,0.049,0.026,66,36,24,13
0.093,0.117,0.295,-0.79,0.151,-1,0.1736,0.1745,0.475,0.736,0.283,0.160,0.159,0.073,0.052,0.032,45,37,32,20,0.238,0.164,0.128,0.075,0.049,0.026,66,36,24,13
0.089,0.130,0.194,0,0.000,0,0.1721,0.1781,0.295,0.166,0.283,0.160,0.159,0.073,0.052,0.032,45,37,32,20,0.238,0.164,0.128,0.075,0.049,0.026,66,36,24,13
0.100,0.098,0.243,-0.42,0.180,0,0.1785,0.1896,0.298,0.318,0.283,0.160,0.159,0.073,0.052,0.032,45,37,32,20,0.238,0.164,0.128,0.075,0.049,0.026,66,36,24,13
0.100,0.099,0.182,0.85,0.046,0,0.1907,0.2060,0.294,0.06,0.283,0.160,0.159,0.073,0.052,0.032,45,37,32,20,0.238,0.164,0.128,0.075,0.049,0.026,66,36,24,13
0.105,0.105,0.203,1.99,0.186,0,0.2139,0.2326,0.142,-0.326,0.283,0.160,0.159,0.073,0.052,0.032,45,37,32,20,0.238,0.164,0.128,0.075,0.049,0.026,66,36,24,13
0.103,0.124,0.026,-1.1,0.105,-1,0.2384,0.2602,0.349,0.192,0.283,0.160,0.159,0.073,0.052,0.032,45,37,32,20,0.238,0.164,0.128,0.075,0.049,0.026,66,36,24,13
0.103,0.137,0.065,0,0.000,0,0.2729,0.2944,0.275,0.166,0.283,0.160,0.159,0.073,0.052,0.032,45,37,32,20,0.238,0.164,0.128,0.075,0.049,0.026,66,36,24,13
0.149,0.117,0.048,2.53,0.140,0,0.3089,0.3279,0.108,-0.121,0.283,0.160,0.159,0.073,0.052,0.032,45,37,32,20,0.238,0.164,0.128,0.075,0.049,0.026,66,36,24,13
0.182,0.143,0.086,-0.52,0.062,0,0.3260,0.3421,0.193,0.341,0.283,0.160,0.159,0.073,0.052,0.032,45,37,32,20,0.238,0.164,0.128,0.075,0.049,0.026,66,36,24,13
0.192,0.116,0.141,3.14,0.186,0,0.3467,0.3579,0.070,-0.486,0.283,0.160,0.159,0.073,0.052,0.032,45,37,32,20,0.238,0.164,0.128,0.075,0.049,0.026,66,36,24,13
0.201,0.151,0.358,-0.52,0.062,0,0.3690,0.3733,0.252,0.341,0.283,0.160,0.159,0.073,0.052,0.032,45,37,32,20,0.238,0.164,0.128,0.075,0.049,0.026,66,36,24,13
0.208,0.113,0.363,-1.1,0.105,-1,0.3823,0.3805,0.203,0.192,0.283,0.160,0.159,0.073,0.052,0.032,45,37,32,20,0.238,0.164,0.128,0.075,0.049,0.026,66,36,24,13
0.195,0.096,0.152,1.99,0.186,0,0.3862,0.3784,0.087,-0.326,0.283,0.160,0.159,0.073,0.052,0.032,45,37,32,20,0.238,0.164,0.128,0.075,0.049,0.026,66,36,24,13
0.172,0.122,0.754,-1.19,0.219,1,0.3842,0.3732,0.363,0.586,0.283,0.160,0.159,0.073,0.052,0.032,45,37,32,20,0.238,0.164,0.128,0.075,0.049,0.026,66,36,24,13
0.120,0.136,0.732,-0.52,0.062,0,0.3763,0.3632,0.282,0.341,0.283,0.160,0.159,0.073,0.052,0.032,45,37,32,20,0.238,0.164,0.128,0.075,0.049,0.026,66,36,24,13
0.149,0.112,0.553,0,0.000,0,0.3581,0.3460,0.179,0.166,0.283,0.160,0.159,0.073,0.052,0.032,45,37,32,20,0.238,0.164,0.128,0.075,0.049,0.026,66,36,24,13
0.147,0.115,0.676,0,0.000,0,0.3358,0.3263,0.219,0.166,0.283,0.160,0.159,0.073,0.052,0.032,45,37,32,20,0.238,0.164,0.128,0.075,0.049,0.026,66,36,24,13
0.144,0.105,0.690,2.53,0.140,0,0.3260,0.3175,0.188,-0.121,0.283,0.160,0.159,0.073,0.052,0.032,45,37,32,20,0.238,0.164,0.128,0.075,0.049,0.026,66,36,24,13
0.129,0.101,0.738,0,0.000,0,0.3181,0.3109,0.180,0.166,0.283,0.160,0.159,0.073,0.052,0.032,45,37,32,20,0.238,0.164,0.128,0.075,0.049,0.026,66,36,24,13
0.100,0.112,0.713,0,0.000,0,0.3197,0.3134,0.151,0.166,0.283,0.160,0.159,0.073,0.052,0.032,45,37,32,20,0.238,0.164,0.128,0.075,0.049,0.026,66,36,24,13
0.102,0.126,0.790,-0.52,0.062,0,0.3209,0.3151,0.240,0.341,0.283,0.160,0.159,0.073,0.052,0.032,45,37,32,20,0.238,0.164,0.128,0.075,0.049,0.026,66,36,24,13
0.121,0.155,0.757,-0.48,0.134,0,0.3231,0.3170,0.270,0.007,0.283,0.160,0.159,0.073,0.052,0.032,45,37,32,20,0.238,0.164,0.128,0.075,0.049,0.026,66,36,24,13
0.132,0.153,0.692,-0.08,0.108,0,0.3296,0.3223,0.228,0.059,0.283,0.160,0.159,0.073,0.052,0.032,45,37,32,20,0.238,0.164,0.128,0.075,0.049,0.026,66,36,24,13
0.108,0.152,0.402,-0.48,0.134,0,0.3353,0.3283,0.227,0.007,0.283,0.160,0.159,0.073,0.052,0.032,45,37,32,20,0.238,0.164,0.128,0.075,0.049,0.026,66,36,24,13
0.073,0.212,0.543,1.76,0.409,0,0.3461,0.3373,0.103,-0.884,0.283,0.160,0.159,0.073,0.052,0.032,45,37,32,20,0.238,0.164,0.128,0.075,0.049,0.026,66,36,24,13
0.069,0.172,0.519,-1.19,0.219,1,0.3540,0.3414,0.325,0.586,0.283,0.160,0.159,0.073,0.052,0.032,45,37,32,20,0.238,0.164,0.128,0.075,0.049,0.026,66,36,24,13
0.069,0.207,0.638,-0.08,0.108,0,0.3709,0.3510,0.161,0.059,0.283,0.160,0.159,0.073,0.052,0.032,45,37,32,20,0.238,0.164,0.128,0.075,0.049,0.026,66,36,24,13
0.065,0.145,0.242,1.99,0.186,0,0.3856,0.3591,0.074,-0.326,0.283,0.160,0.159,0.073,0.052,0.032,45,37,32,20,0.238,0.164,0.128,0.075,0.049,0.026,66,36,24,13
0.067,0.112,0.443,1.37,0.298,0,0.3941,0.3619,0.133,-0.510,0.283,0.160,0.159,0.073,0.052,0.032,45,37,32,20,0.238,0.164,0.128,0.075,0.049,0.026,66,36,24,13
0.062,0.136,0.089,-0.79,0.151,-1,0.4029,0.3652,0.284,0.736,0.283,0.160,0.159,0.073,0.052,0.032,45,37,32,20,0.238,0.164,0.128,0.075,0.049,0.026,66,36,24,13
0.077,0.131,0.124,2.53,0.140,0,0.4065,0.3647,0.092,-0.121,0.283,0.160,0.159,0.073,0.052,0.032,45,37,32,20,0.238,0.164,0.128,0.075,0.049,0.026,66,36,24,13
0.069,0.198,0.414,-1.19,0.219,1,0.3938,0.3545,0.314,0.586,0.283,0.160,0.159,0.073,0.052,0.032,45,37,32,20,0.238,0.164,0.128,0.075,0.049,0.026,66,36,24,13
0.079,0.182,0.151,-0.52,0.062,0,0.3862,0.3514,0.253,0.341,0.283,0.160,0.159,0.073,0.052,0.032,45,37,32,20,0.238,0.164,0.128,0.075,0.049,0.026,66,36,24,13
0.074,0.128,0.308,-0.79,0.151,-1,0.3678,0.3416,0.456,0.736,0.283,0.160,0.159,0.073,0.052,0.032,45,37,32,20,0.238,0.164,0.128,0.075,0.049,0.026,66,36,24,13
0.072,0.127,0.372,-0.48,0.134,0,0.3445,0.3280,0.369,0.007,0.283,0.160,0.159,0.073,0.052,0.032,45,37,32,20,0.238,0.164,0.128,0.075,0.049,0.026,66,36,24,13
0.111,0.102,0.395,1.99,0.186,0,0.3333,0.3230,0.206,-0.326,0.283,0.160,0.159,0.073,0.052,0.032,45,37,32,20,0.238,0.164,0.128,0.075,0.049,0.026,66,36,24,13
0.094,0.108,0.552,0,0.000,0,0.3297,0.3222,0.415,0.166,0.283,0.160,0.159,0.073,0.052,0.032,45,37,32,20,0.238,0.164,0.128,0.075,0.049,0.026,66,36,24,13
0.099,0.124,0.566,-0.42,0.180,0,0.3366,0.3280,0.495,0.318,0.283,0.160,0.159,0.073,0.052,0.032,45,37,32,20,0.238,0.164,0.128,0.075,0.049,0.026,66,36,24,13
0.100,0.117,0.654,0,0.000,0,0.3352,0.3265,0.441,0.166,0.283,0.160,0.159,0.073,0.052,0.032,45,37,32,20,0.238,0.164,0.128,0.075,0.049,0.026,66,36,24,13
0.106,0.125,0.380,-1.1,0.105,-1,0.3225,0.3133,0.432,0.192,0.283,0.160,0.159,0.073,0.052,0.032,45,37,32,20,0.238,0.164,0.128,0.075,0.049,0.026,66,36,24,13
0.130,0.143,0.901,-1.19,0.219,1,0.3142,0.3082,0.366,0.586,0.283,0.160,0.159,0.073,0.052,0.032,45,37,32,20,0.238,0.164,0.128,0.075,0.049,0.026,66,36,24,13
0.130,0.146,0.230,-1.14,0.131,0,0.2991,0.2994,0.303,0.987,0.283,0.160,0.159,0.073,0.052,0.032,45,37,32,20,0.238,0.164,0.128,0.075,0.049,0.026,66,36,24,13
0.094,0.157,0.496,-1.1,0.105,-1,0.2774,0.2856,0.356,0.192,0.283,0.160,0.159,0.073,0.052,0.032,45,37,32,20,0.238,0.164,0.128,0.075,0.049,0.026,66,36,24,13
0.088,0.257,0.846,1.37,0.298,0,0.2504,0.2662,0.129,-0.510,0.283,0.160,0.159,0.073,0.052,0.032,45,37,32,20,0.238,0.164,0.128,0.075,0.049,0.026,66,36,24,13
0.113,0.207,0.218,1.69,0.290,0,0.2331,0.2520,0.098,-0.697,0.283,0.160,0.159,0.073,0.052,0.032,45,37,32,20,0.238,0.164,0.128,0.075,0.049,0.026,66,36,24,13
0.164,0.210,0.420,-0.52,0.062,0,0.2145,0.2364,0.135,0.341,0.283,0.160,0.159,0.073,0.052,0.032,45,37,32,20,0.238,0.164,0.128,0.075,0.049,0.026,66,36,24,13
0.136,0.243,0.211,-0.52,0.062,0,0.1939,0.2159,0.095,0.341,0.283,0.160,0.159,0.073,0.052,0.032,45,37,32,20,0.238,0.164,0.128,0.075,0.049,0.026,66,36,24,13
0.113,0.134,0.312,2.53,0.140,0,0.1781,0.1971,0.124,-0.121,0.283,0.160,0.159,0.073,0.052,0.032,45,37,32,20,0.238,0.164,0.128,0.075,0.049,0.026,66,36,24,13
0.120,0.138,0.350,0.85,0.046,0,0.1637,0.1769,0.074,0.06,0.283,0.160,0.159,0.073,0.052,0.032,45,37,32,20,0.238,0.164,0.128,0.075,0.049,0.026,66,36,24,13
0.122,0.163,0.403,-0.08,0.108,0,0.1371,0.1455,0.077,0.059,0.283,0.160,0.159,0.073,0.052,0.032,45,37,32,20,0.238,0.164,0.128,0.075,0.049,0.026,66,36,24,13
0.114,0.140,0.234,2.53,0.140,0,0.1168,0.1183,0.045,-0.121,0.283,0.160,0.159,0.073,0.052,0.032,45,37,32,20,0.238,0.164,0.128,0.075,0.049,0.026,66,36,24,13
0.088,0.139,0.354,2.53,0.140,0,0.0915,0.0888,0.080,-0.121,0.283,0.160,0.159,0.073,0.052,0.032,45,37,32,20,0.238,0.164,0.128,0.075,0.049,0.026,66,36,24,13
0.093,0.197,0.890,1.37,0.298,0,0.0722,0.0632,0.093,-0.510,0.283,0.160,0.159,0.073,0.052,0.032,45,37,32,20,0.238,0.164,0.128,0.075,0.049,0.026,66,36,24,13
0.100,0.159,0.108,1.99,0.186,0,0.0618,0.0463,0.054,-0.326,0.283,0.160,0.159,0.073,0.052,0.032,45,37,32,20,0.238,0.164,0.128,0.075,0.049,0.026,66,36,24,13
0.107,0.213,0.796,0.2,0.291,1,0.0634,0.0389,0.183,0.180,0.283,0.160,0.159,0.073,0.052,0.032,45,37,32,20,0.238,0.164,0.128,0.075,0.049,0.026,66,36,24,13
0.124,0.216,0.422,-1.19,0.219,1,0.0843,0.0447,0.333,0.586,0.283,0.160,0.159,0.073,0.052,0.032,45,37,32,20,0.238,0.164,0.128,0.075,0.049,0.026,66,36,24,13
0.114,0.162,0.626,-0.79,0.151,-1,0.0997,0.0481,0.339,0.736,0.283,0.160,0.159,0.073,0.052,0.032,45,37,32,20,0.238,0.164,0.128,0.075,0.049,0.026,66,36,24,13
0.104,0.195,0.401,-0.48,0.134,0,0.1077,0.0433,0.294,0.007,0.283,0.160,0.159,0.073,0.052,0.032,45,37,32,20,0.238,0.164,0.128,0.075,0.049,0.026,66,36,24,13
0.107,0.173,0.232,2.1,0.128,0,0.1175,0.0442,0.093,0.02,0.283,0.160,0.159,0.073,0.052,0.032,45,37,32,20,0.238,0.164,0.128,0.075,0.049,0.026,66,36,24,13
0.090,0.165,0.277,1.42,0.221,0,0.1257,0.0440,0.164,-0.397,0.283,0.160,0.159,0.073,0.052,0.032,45,37,32,20,0.238,0.164,0.128,0.075,0.049,0.026,66,36,24,13
0.117,0.267,0.855,1.37,0.298,0,0.1408,0.0485,0.144,-0.510,0.283,0.160,0.159,0.073,0.052,0.032,45,37,32,20,0.238,0.164,0.128,0.075,0.049,0.026,66,36,24,13
0.145,0.170,0.409,-0.42,0.180,0,0.1512,0.0464,0.255,0.318,0.283,0.160,0.159,0.073,0.052,0.032,45,37,32,20,0.238,0.164,0.128,0.075,0.049,0.026,66,36,24,13
0.145,0.144,0.224,0.85,0.046,0,0.1707,0.0462,0.186,0.06,0.283,0.160,0.159,0.073,0.052,0.032,45,37,32,20,0.238,0.164,0.128,0.075,0.049,0.026,66,36,24,13
0.158,0.137,0.194,2.1,0.128,0,0.1870,0.0462,0.084,0.02,0.283,0.160,0.159,0.073,0.052,0.032,45,37,32,20,0.238,0.164,0.128,0.075,0.049,0.026,66,36,24,13
0.153,0.146,0.359,-1.14,0.131,0,0.2136,0.0529,0.257,0.987,0.283,0.160,0.159,0.073,0.052,0.032,45,37,32,20,0.238,0.164,0.128,0.075,0.049,0.026,66,36,24,13
0.143,0.188,0.570,-0.08,0.108,0,0.2386,0.0634,0.305,0.059,0.283,0.160,0.159,0.073,0.052,0.032,45,37,32,20,0.238,0.164,0.128,0.075,0.049,0.026,66,36,24,13
0.112,0.225,0.655,-0.42,0.180,0,0.2455,0.0635,0.400,0.318,0.283,0.160,0.159,0.073,0.052,0.032,45,37,32,20,0.238,0.164,0.128,0.075,0.049,0.026,66,36,24,13
0.116,0.156,0.457,-1.1,0.105,-1,0.2518,0.0647,0.434,0.192,0.283,0.160,0.159,0.073,0.052,0.032,45,37,32,20,0.238,0.164,0.128,0.075,0.049,0.026,66,36,24,13
0.140,0.174,0.407,2.1,0.128,0,0.2583,0.0681,0.157,0.02,0.283,0.160,0.159,0.073,0.052,0.032,45,37,32,20,0.238,0.164,0.128,0.075,0.049,0.026,66,36,24,13
0.135,0.210,0.842,-0.48,0.134,0,0.2596,0.0711,0.375,0.007,0.283,0.160,0.159,0.073,0.052,0.032,45,37,32,20,0.238,0.164,0.128,0.075,0.049,0.026,66,36,24,13
0.116,0.279,0.827,-1.19,0.219,1,0.2593,0.0750,0.389,0.586,0.283,0.160,0.159,0.073,0.052,0.032,45,37,32,20,0.238,0.164,0.128,0.075,0.049,0.026,66,36,24,13
0.135,0.320,0.940,-1.19,0.219,1,0.2544,0.0749,0.396,0.586,0.283,0.160,0.159,0.073,0.052,0.032,45,37,32,20,0.238,0.164,0.128,0.075,0.049,0.026,66,36,24,13
0.143,0.211,0.283,2.53,0.140,0,0.2488,0.0712,0.191,-0.121,0.283,0.160,0.159,0.073,0.052,0.032,45,37,32,20,0.238,0.164,0.128,0.075,0.049,0.026,66,36,24,13
0.116,0.185,0.383,3.14,0.186,0,0.2414,0.0654,0.150,-0.486,0.283,0.160,0.159,0.073,0.052,0.032,45,37,32,20,0.238,0.164,0.128,0.075,0.049,0.026,66,36,24,13
0.140,0.167,0.510,-1.1,0.105,-1,0.2384,0.0624,0.295,0.192,0.283,0.160,0.159,0.073,0.052,0.032,45,37,32,20,0.238,0.164,0.128,0.075,0.049,0.026,66,36,24,13
0.150,0.209,0.400,-0.42,0.180,0,0.2341,0.0598,0.283,0.318,0.283,0.160,0.159,0.073,0.052,0.032,45,37,32,20,0.238,0.164,0.128,0.075,0.049,0.026,66,36,24,13
0.152,0.231,0.445,-0.42,0.180,0,0.2269,0.0584,0.390,0.318,0.283,0.160,0.159,0.073,0.052,0.032,45,37,32,20,0.238,0.164,0.128,0.075,0.049,0.026,66,36,24,13
0.149,0.229,0.460,-0.48,0.134,0,0.2180,0.0596,0.313,0.007,0.283,0.160,0.159,0.073,0.052,0.032,45,37,32,20,0.238,0.164,0.128,0.075,0.049,0.026,66,36,24,13
0.127,0.250,0.492,0,0.000,0,0.2113,0.0655,0.167,0.166,0.283,0.160,0.159,0.073,0.052,0.032,45,37,32,20,0.238,0.164,0.128,0.075,0.049,0.026,66,36,24,13
0.102,0.203,0.343,1.99,0.186,0,0.2050,0.0705,0.178,-0.326,0.283,0.160,0.159,0.073,0.052,0.032,45,37,32,20,0.238,0.164,0.128,0.075,0.049,0.026,66,36,24,13
0.115,0.256,0.672,1.37,0.298,0,0.2094,0.0790,0.155,-0.510,0.283,0.160,0.159,0.073,0.052,0.032,45,37,32,20,0.238,0.164,0.128,0.075,0.049,0.026,66,36,24,13
0.078,0.292,0.592,0.2,0.291,1,0.2039,0.0805,0.257,0.180,0.283,0.160,0.159,0.073,0.052,0.032,45,37,32,20,0.238,0.164,0.128,0.075,0.049,0.026,66,36,24,13
0.050,0.200,0.297,2.1,0.128,0,0.2067,0.0853,0.070,0.02,0.283,0.160,0.159,0.073,0.052,0.032,45,37,32,20,0.238,0.164,0.128,0.075,0.049,0.026,66,36,24,13
0.063,0.244,0.396,-0.79,0.151,-1,0.1997,0.0873,0.330,0.736,0.283,0.160,0.159,0.073,0.052,0.032,45,37,32,20,0.238,0.164,0.128,0.075,0.049,0.026,66,36,24,13
0.058,0.266,0.476,-1.19,0.219,1,0.1768,0.0778,0.374,0.586,0.283,0.160,0.159,0.073,0.052,0.032,45,37,32,20,0.238,0.164,0.128,0.075,0.049,0.026,66,36,24,13
0.063,0.250,0.301,2.1,0.128,0,0.1543,0.0671,0.133,0.02,0.283,0.160,0.159,0.073,0.052,0.032,45,37,32,20,0.238,0.164,0.128,0.075,0.049,0.026,66,36,24,13
0.068,0.235,0.288,-1.1,0.105,-1,0.1277,0.0526,0.342,0.192,0.283,0.160,0.159,0.073,0.052,0.032,45,37,32,20,0.238,0.164,0.128,0.075,0.049,0.026,66,36,24,13
0.068,0.200,0.388,-0.08,0.108,0,0.1088,0.0432,0.383,0.059,0.283,0.160,0.159,0.073,0.052,0.032,45,37,32,20,0.238,0.164,0.128,0.075,0.049,0.026,66,36,24,13
0.081,0.189,0.235,-0.79,0.151,-1,0.0917,0.0364,0.468,0.736,0.283,0.160,0.159,0.073,0.052,0.032,45,37,32,20,0.238,0.164,0.128,0.075,0.049,0.026,66,36,24,13
0.083,0.206,0.280,1.69,0.290,0,0.0805,0.0313,0.121,-0.697,0.283,0.160,0.159,0.073,0.052,0.032,45,37,32,20,0.238,0.164,0.128,0.075,0.049,0.026,66,36,24,13
0.084,0.217,0.099,-1.14,0.131,0,0.0730,0.0273,0.326,0.987,0.283,0.160,0.159,0.073,0.052,0.032,45,37,32,20,0.238,0.164,0.128,0.075,0.049,0.026,66,36,24,13
0.080,0.259,0.242,-0.48,0.134,0,0.0663,0.0256,0.435,0.007,0.283,0.160,0.159,0.073,0.052,0.032,45,37,32,20,0.238,0.164,0.128,0.075,0.049,0.026,66,36,24,13
0.074,0.284,0.129,1.69,0.290,0,0.0710,0.0295,0.116,-0.697,0.283,0.160,0.159,0.073,0.052,0.032,45,37,32,20,0.238,0.164,0.128,0.075,0.049,0.026,66,36,24,13
0.073,0.241,0.333,-1.19,0.219,1,0.0814,0.0384,0.312,0.586,0.283,0.160,0.159,0.073,0.052,0.032,45,37,32,20,0.238,0.164,0.128,0.075,0.049,0.026,66,36,24,13
0.086,0.270,0.449,1.37,0.298,0,0.0938,0.0499,0.091,-0.510,0.283,0.160,0.159,0.073,0.052,0.032,45,37,32,20,0.238,0.164,0.128,0.075,0.049,0.026,66,36,24,13
0.056,0.313,0.487,0.2,0.291,1,0.1006,0.0593,0.168,0.180,0.283,0.160,0.159,0.073,0.052,0.032,45,37,32,20,0.238,0.164,0.128,0.075,0.049,0.026,66,36,24,13
0.053,0.185,0.309,1.42,0.221,0,0.1044,0.0680,0.072,-0.397,0.283,0.160,0.159,0.073,0.052,0.032,45,37,32,20,0.238,0.164,0.128,0.075,0.049,0.026,66,36,24,13
0.044,0.162,0.704,3.14,0.186,0,0.1032,0.0729,0.071,-0.486,0.283,0.160,0.159,0.073,0.052,0.032,45,37,32,20,0.238,0.164,0.128,0.075,0.049,0.026,66,36,24,13
0.039,0.169,0.099,1.99,0.186,0,0.1005,0.0749,0.063,-0.326,0.283,0.160,0.159,0.073,0.052,0.032,45,37,32,20,0.238,0.164,0.128,0.075,0.049,0.026,66,36,24,13
0.047,0.199,0.650,-0.52,0.062,0,0.0961,0.0730,0.075,0.341,0.283,0.160,0.159,0.073,0.052,0.032,45,37,32,20,0.238,0.164,0.128,0.075,0.049,0.026,66,36,24,13
0.039,0.197,0.052,2.53,0.140,0,0.0922,0.0700,0.057,-0.121,0.283,0.160,0.159,0.073,0.052,0.032,45,37,32,20,0.238,0.164,0.128,0.075,0.049,0.026,66,36,24,13
0.041,0.255,0.471,-0.48,0.134,0,0.0768,0.0576,0.167,0.007,0.283,0.160,0.159,0.073,0.052,0.032,45,37,32,20,0.238,0.164,0.128,0.075,0.049,0.026,66,36,24,13
0.046,0.196,0.493,3.14,0.186,0,0.0659,0.0490,0.077,-0.486,0.283,0.160,0.159,0.073,0.052,0.032,45,37,32,20,0.238,0.164,0.128,0.075,0.049,0.026,66,36,24,13
0.059,0.159,0.413,0.85,0.046,0,0.0546,0.0410,0.254,0.06,0.283,0.160,0.159,0.073,0.052,0.032,45,37,32,20,0.238,0.164,0.128,0.075,0.049,0.026,66,36,24,13
0.038,0.201,0.488,-1.1,0.105,-1,0.0538,0.0438,0.248,0.192,0.283,0.160,0.159,0.073,0.052,0.032,45,37,32,20,0.238,0.164,0.128,0.075,0.049,0.026,66,36,24,13
0.041,0.138,0.543,1.69,0.290,0,0.0646,0.0556,0.107,-0.697,0.283,0.160,0.159,0.073,0.052,0.032,45,37,32,20,0.238,0.164,0.128,0.075,0.049,0.026,66,36,24,13
0.032,0.148,0.466,-0.42,0.180,0,0.0753,0.0669,0.358,0.318,0.283,0.160,0.159,0.073,0.052,0.032,45,37,32,20,0.238,0.164,0.128,0.075,0.049,0.026,66,36,24,13
0.032,0.169,0.199,-0.79,0.151,-1,0.0914,0.0829,0.418,0.736,0.283,0.160,0.159,0.073,0.052,0.032,45,37,32,20,0.238,0.164,0.128,0.075,0.049,0.026,66,36,24,13
0.033,0.171,0.532,-0.48,0.134,0,0.1017,0.0944,0.363,0.007,0.283,0.160,0.159,0.073,0.052,0.032,45,37,32,20,0.238,0.164,0.128,0.075,0.049,0.026,66,36,24,13
0.026,0.206,0.337,-0.42,0.180,0,0.1092,0.1030,0.209,0.318,0.283,0.160,0.159,0.073,0.052,0.032,45,37,32,20,0.238,0.164,0.128,0.075,0.049,0.026,66,36,24,13
0.025,0.116,0.904,1.76,0.409,0,0.1163,0.1114,0.110,-0.884,0.283,0.160,0.159,0.073,0.052,0.032,45,37,32,20,0.238,0.164,0.128,0.075,0.049,0.026,66,36,24,13
0.025,0.070,0.050,2.53,0.140,0,0.1299,0.1254,0.078,-0.121,0.283,0.160,0.159,0.073,0.052,0.032,45,37,32,20,0.238,0.164,0.128,0.075,0.049,0.026,66,36,24,13
0.029,0.098,0.608,-0.08,0.108,0,0.1450,0.1397,0.219,0.059,0.283,0.160,0.159,0.073,0.052,0.032,45,37,32,20,0.238,0.164,0.128,0.075,0.049,0.026,66,36,24,13
0.031,0.106,0.237,2.1,0.128,0,0.1492,0.1443,0.058,0.02,0.283,0.160,0.159,0.073,0.052,0.032,45,37,32,20,0.238,0.164,0.128,0.075,0.049,0.026,66,36,24,13
0.029,0.117,0.879,1.69,0.290,0,0.1505,0.1449,0.058,-0.697,0.283,0.160,0.159,0.073,0.052,0.032,45,37,32,20,0.238,0.164,0.128,0.075,0.049,0.026,66,36,24,13
0.026,0.216,0.663,-0.42,0.180,0,0.1504,0.1431,0.204,0.318,0.283,0.160,0.159,0.073,0.052,0.032,45,37,32,20,0.238,0.164,0.128,0.075,0.049,0.026,66,36,24,13
0.032,0.237,0.309,-0.79,0.151,-1,0.1465,0.1381,0.354,0.736,0.283,0.160,0.159,0.073,0.052,0.032,45,37,32,20,0.238,0.164,0.128,0.075,0.049,0.026,66,36,24,13
0.033,0.226,0.176,-0.52,0.062,0,0.1337,0.1265,0.145,0.341,0.283,0.160,0.159,0.073,0.052,0.032,45,37,32,20,0.238,0.164,0.128,0.075,0.049,0.026,66,36,24,13
0.037,0.202,0.000,0.85,0.046,0,0.1202,0.1155,0.083,0.06,0.283,0.160,0.159,0.073,0.052,0.032,45,37,32,20,0.238,0.164,0.128,0.075,0.049,0.026,66,36,24,13
0.044,0.136,0.030,-0.79,0.151,-1,0.1053,0.1009,0.305,0.736,0.283,0.160,0.159,0.073,0.052,0.032,45,37,32,20,0.238,0.164,0.128,0.075,0.049,0.026,66,36,24,13
0.046,0.115,0.004,0.85,0.046,0,0.0958,0.0911,0.204,0.06,0.283,0.160,0.159,0.073,0.052,0.032,45,37,32,20,0.238,0.164,0.128,0.075,0.049,0.026,66,36,24,13
0.055,0.202,0.009,3.14,0.186,0,0.0895,0.0834,0.080,-0.486,0.283,0.160,0.159,0.073,0.052,0.032,45,37,32,20,0.238,0.164,0.128,0.075,0.049,0.026,66,36,24,13
0.055,0.162,0.028,1.99,0.186,0,0.1124,0.0991,0.123,-0.326,0.283,0.160,0.159,0.073,0.052,0.032,45,37,32,20,0.238,0.164,0.128,0.075,0.049,0.026,66,36,24,13
0.073,0.152,0.285,0,0.000,0,0.1505,0.1257,0.304,0.166,0.283,0.160,0.159,0.073,0.052,0.032,45,37,32,20,0.238,0.164,0.128,0.075,0.049,0.026,66,36,24,13
0.068,0.146,0.435,-0.42,0.180,0,0.1880,0.1497,0.292,0.318,0.283,0.160,0.159,0.073,0.052,0.032,45,37,32,20,0.238,0.164,0.128,0.075,0.049,0.026,66,36,24,13
0.103,0.207,0.605,-0.48,0.134,0,0.2203,0.1698,0.143,0.007,0.283,0.160,0.159,0.073,0.052,0.032,45,37,32,20,0.238,0.164,0.128,0.075,0.049,0.026,66,36,24,13
0.090,0.157,0.515,0.85,0.046,0,0.2470,0.1858,0.125,0.06,0.283,0.160,0.159,0.073,0.052,0.032,45,37,32,20,0.238,0.164,0.128,0.075,0.049,0.026,66,36,24,13
0.090,0.132,0.314,0.85,0.046,0,0.2633,0.1947,0.334,0.06,0.283,0.160,0.159,0.073,0.052,0.032,45,37,32,20,0.238,0.164,0.128,0.075,0.049,0.026,66,36,24,13
0.083,0.186,0.160,1.37,0.298,0,0.2708,0.1990,0.141,-0.510,0.283,0.160,0.159,0.073,0.052,0.032,45,37,32,20,0.238,0.164,0.128,0.075,0.049,0.026,66,36,24,13
0.083,0.106,0.005,1.99,0.186,0,0.2731,0.2034,0.092,-0.326,0.283,0.160,0.159,0.073,0.052,0.032,45,37,32,20,0.238,0.164,0.128,0.075,0.049,0.026,66,36,24,13
0.084,0.103,0.148,0,0.000,0,0.2652,0.2034,0.272,0.166,0.283,0.160,0.159,0.073,0.052,0.032,45,37,32,20,0.238,0.164,0.128,0.075,0.049,0.026,66,36,24,13
0.067,0.107,0.005,-0.79,0.151,-1,0.2517,0.2006,0.390,0.736,0.283,0.160,0.159,0.073,0.052,0.032,45,37,32,20,0.238,0.164,0.128,0.075,0.049,0.026,66,36,24,13
0.056,0.089,0.049,1.99,0.186,0,0.2325,0.1931,0.105,-0.326,0.283,0.160,0.159,0.073,0.052,0.032,45,37,32,20,0.238,0.164,0.128,0.075,0.049,0.026,66,36,24,13
0.056,0.114,0.350,-1.19,0.219,1,0.2161,0.1862,0.386,0.586,0.283,0.160,0.159,0.073,0.052,0.032,45,37,32,20,0.238,0.164,0.128,0.075,0.049,0.026,66,36,24,13
0.044,0.094,0.131,-1.1,0.105,-1,0.2149,0.1921,0.485,0.192,0.283,0.160,0.159,0.073,0.052,0.032,45,37,32,20,0.238,0.164,0.128,0.075,0.049,0.026,66,36,24,13
0.044,0.129,0.419,-1.19,0.219,1,0.2131,0.1968,0.471,0.586,0.283,0.160,0.159,0.073,0.052,0.032,45,37,32,20,0.238,0.164,0.128,0.075,0.049,0.026,66,36,24,13
0.044,0.084,0.140,-0.48,0.134,0,0.2199,0.2073,0.318,0.007,0.283,0.160,0.159,0.073,0.052,0.032,45,37,32,20,0.238,0.164,0.128,0.075,0.049,0.026,66,36,24,13
0.044,0.069,0.014,-0.79,0.151,-1,0.2276,0.2175,0.365,0.736,0.283,0.160,0.159,0.073,0.052,0.032,45,37,32,20,0.238,0.164,0.128,0.075,0.049,0.026,66,36,24,13
0.037,0.095,0.012,-0.42,0.180,0,0.2316,0.2253,0.472,0.318,0.283,0.160,0.159,0.073,0.052,0.032,45,37,32,20,0.238,0.164,0.128,0.075,0.049,0.026,66,36,24,13
0.034,0.068,0.011,0.85,0.046,0,0.2241,0.2234,0.149,0.06,0.283,0.160,0.159,0.073,0.052,0.032,45,37,32,20,0.238,0.164,0.128,0.075,0.049,0.026,66,36,24,13
0.035,0.071,0.017,1.69,0.290,0,0.2234,0.2266,0.054,-0.697,0.283,0.160,0.159,0.073,0.052,0.032,45,37,32,20,0.238,0.164,0.128,0.075,0.049,0.026,66,36,24,13
0.037,0.074,0.006,-0.79,0.151,-1,0.2206,0.2271,0.377,0.736,0.283,0.160,0.159,0.073,0.052,0.032,45,37,32,20,0.238,0.164,0.128,0.075,0.049,0.026,66,36,24,13
0.037,0.076,0.003,-0.79,0.151,-1,0.2054,0.2153,0.377,0.736,0.283,0.160,0.159,0.073,0.052,0.032,45,37,32,20,0.238,0.164,0.128,0.075,0.049,0.026,66,36,24,13
0.036,0.070,0.003,2.53,0.140,0,0.1714,0.1863,0.097,-0.121,0.283,0.160,0.159,0.073,0.052,0.032,45,37,32,20,0.238,0.164,0.128,0.075,0.049,0.026,66,36,24,13
0.023,0.094,0.003,1.69,0.290,0,0.1354,0.1535,0.074,-0.697,0.283,0.160,0.159,0.073,0.052,0.032,45,37,32,20,0.238,0.164,0.128,0.075,0.049,0.026,66,36,24,13
0.025,0.130,0.034,-0.42,0.180,0,0.1019,0.1213,0.426,0.318,0.283,0.160,0.159,0.073,0.052,0.032,45,37,32,20,0.238,0.164,0.128,0.075,0.049,0.026,66,36,24,13
0.020,0.230,0.042,-0.48,0.134,0,0.0752,0.0923,0.336,0.007,0.283,0.160,0.159,0.073,0.052,0.032,45,37,32,20,0.238,0.164,0.128,0.075,0.049,0.026,66,36,24,13
0.025,0.209,0.007,0.85,0.046,0,0.0534,0.0677,0.234,0.06,0.283,0.160,0.159,0.073,0.052,0.032,45,37,32,20,0.238,0.164,0.128,0.075,0.049,0.026,66,36,24,13
0.031,0.417,0.247,-0.48,0.134,0,0.0366,0.0498,0.361,0.007,0.283,0.160,0.159,0.073,0.052,0.032,45,37,32,20,0.238,0.164,0.128,0.075,0.049,0.026,66,36,24,13
0.041,0.343,0.389,1.69,0.290,0,0.0376,0.0468,0.097,-0.697,0.283,0.160,0.159,0.073,0.052,0.032,45,37,32,20,0.238,0.164,0.128,0.075,0.049,0.026,66,36,24,13
0.041,0.494,0.582,0.2,0.291,1,0.0375,0.0430,0.266,0.180,0.283,0.160,0.159,0.073,0.052,0.032,45,37,32,20,0.238,0.164,0.128,0.075,0.049,0.026,66,36,24,13
0.040,0.391,0.487,-0.52,0.062,0,0.0428,0.0440,0.168,0.341,0.283,0.160,0.159,0.073,0.052,0.032,45,37,32,20,0.238,0.164,0.128,0.075,0.049,0.026,66,36,24,13
0.048,0.396,0.454,1.69,0.290,0,0.0534,0.0516,0.044,-0.697,0.283,0.160,0.159,0.073,0.052,0.032,45,37,32,20,0.238,0.164,0.128,0.075,0.049,0.026,66,36,24,13
0.052,0.267,0.381,3.14,0.186,0,0.0625,0.0574,0.070,-0.486,0.283,0.160,0.159,0.073,0.052,0.032,45,37,32,20,0.238,0.164,0.128,0.075,0.049,0.026,66,36,24,13
0.044,0.353,0.237,1.69,0.290,0,0.0765,0.0667,0.071,-0.697,0.283,0.160,0.159,0.073,0.052,0.032,45,37,32,20,0.238,0.164,0.128,0.075,0.049,0.026,66,36,24,13
0.052,0.535,0.629,0.2,0.291,1,0.0883,0.0744,0.191,0.180,0.283,0.160,0.159,0.073,0.052,0.032,45,37,32,20,0.238,0.164,0.128,0.075,0.049,0.026,66,36,24,13
0.043,0.291,0.106,2.53,0.140,0,0.1012,0.0827,0.029,-0.121,0.283,0.160,0.159,0.073,0.052,0.032,45,37,32,20,0.238,0.164,0.128,0.075,0.049,0.026,66,36,24,13
0.054,0.458,0.939,0.2,0.291,1,0.0991,0.0802,0.218,0.180,0.283,0.160,0.159,0.073,0.052,0.032,45,37,32,20,0.238,0.164,0.128,0.075,0.049,0.026,66,36,24,13
0.056,0.246,0.154,2.53,0.140,0,0.1026,0.0830,0.085,-0.121,0.283,0.160,0.159,0.073,0.052,0.032,45,37,32,20,0.238,0.164,0.128,0.075,0.049,0.026,66,36,24,13
0.065,0.371,0.781,-1.19,0.219,1,0.1069,0.0848,0.290,0.586,0.283,0.160,0.159,0.073,0.052,0.032,45,37,32,20,0.238,0.164,0.128,0.075,0.049,0.026,66,36,24,13
0.100,0.181,0.507,2.53,0.140,0,0.1134,0.0863,0.081,-0.121,0.283,0.160,0.159,0.073,0.052,0.032,45,37,32,20,0.238,0.164,0.128,0.075,0.049,0.026,66,36,24,13
0.096,0.192,0.491,-0.79,0.151,-1,0.1219,0.0884,0.313,0.736,0.283,0.160,0.159,0.073,0.052,0.032,45,37,32,20,0.238,0.164,0.128,0.075,0.049,0.026,66,36,24,13
0.087,0.260,0.492,-0.08,0.108,0,0.1330,0.0927,0.293,0.059,0.283,0.160,0.159,0.073,0.052,0.032,45,37,32,20,0.238,0.164,0.128,0.075,0.049,0.026,66,36,24,13
0.106,0.325,0.833,1.37,0.298,0,0.1552,0.1062,0.221,-0.510,0.283,0.160,0.159,0.073,0.052,0.032,45,37,32,20,0.238,0.164,0.128,0.075,0.049,0.026,66,36,24,13
0.113,0.289,0.476,-0.48,0.134,0,0.1872,0.1261,0.361,0.007,0.283,0.160,0.159,0.073,0.052,0.032,45,37,32,20,0.238,0.164,0.128,0.075,0.049,0.026,66,36,24,13
0.132,0.219,0.360,-1.1,0.105,-1,0.2178,0.1463,0.395,0.192,0.283,0.160,0.159,0.073,0.052,0.032,45,37,32,20,0.238,0.164,0.128,0.075,0.049,0.026,66,36,24,13
0.127,0.263,0.480,-0.79,0.151,-1,0.2451,0.1666,0.489,0.736,0.283,0.160,0.159,0.073,0.052,0.032,45,37,32,20,0.238,0.164,0.128,0.075,0.049,0.026,66,36,24,13
0.156,0.322,0.500,-0.52,0.062,0,0.2689,0.1853,0.331,0.341,0.283,0.160,0.159,0.073,0.052,0.032,45,37,32,20,0.238,0.164,0.128,0.075,0.049,0.026,66,36,24,13
0.144,0.449,0.859,0.2,0.291,1,0.2829,0.1985,0.327,0.180,0.283,0.160,0.159,0.073,0.052,0.032,45,37,32,20,0.238,0.164,0.128,0.075,0.049,0.026,66,36,24,13
0.144,0.201,0.286,3.14,0.186,0,0.2925,0.2094,0.086,-0.486,0.283,0.160,0.159,0.073,0.052,0.032,45,37,32,20,0.238,0.164,0.128,0.075,0.049,0.026,66,36,24,13
0.112,0.289,0.915,-1.19,0.219,1,0.2934,0.2148,0.340,0.586,0.283,0.160,0.159,0.073,0.052,0.032,45,37,32,20,0.238,0.164,0.128,0.075,0.049,0.026,66,36,24,13
0.100,0.165,0.255,0.85,0.046,0,0.2958,0.2215,0.152,0.06,0.283,0.160,0.159,0.073,0.052,0.032,45,37,32,20,0.238,0.164,0.128,0.075,0.049,0.026,66,36,24,13
0.128,0.193,0.632,-0.08,0.108,0,0.2931,0.2226,0.203,0.059,0.283,0.160,0.159,0.073,0.052,0.032,45,37,32,20,0.238,0.164,0.128,0.075,0.049,0.026,66,36,24,13
0.109,0.172,0.225,2.53,0.140,0,0.2835,0.2175,0.164,-0.121,0.283,0.160,0.159,0.073,0.052,0.032,45,37,32,20,0.238,0.164,0.128,0.075,0.049,0.026,66,36,24,13
0.109,0.144,0.408,1.42,0.221,0,0.2738,0.2123,0.188,-0.397,0.283,0.160,0.159,0.073,0.052,0.032,45,37,32,20,0.238,0.164,0.128,0.075,0.049,0.026,66,36,24,13
0.132,0.231,0.156,-1.1,0.105,-1,0.2528,0.2017,0.333,0.192,0.283,0.160,0.159,0.073,0.052,0.032,45,37,32,20,0.238,0.164,0.128,0.075,0.049,0.026,66,36,24,13
0.142,0.248,0.186,2.53,0.140,0,0.2336,0.1934,0.123,-0.121,0.283,0.160,0.159,0.073,0.052,0.032,45,37,32,20,0.238,0.164,0.128,0.075,0.049,0.026,66,36,24,13
0.179,0.295,0.260,-1.19,0.219,1,0.2064,0.1776,0.415,0.586,0.283,0.160,0.159,0.073,0.052,0.032,45,37,32,20,0.238,0.164,0.128,0.075,0.049,0.026,66,36,24,13
0.170,0.183,0.312,-1.14,0.131,0,0.1785,0.1616,0.370,0.987,0.283,0.160,0.159,0.073,0.052,0.032,45,37,32,20,0.238,0.164,0.128,0.075,0.049,0.026,66,36,24,13
0.164,0.192,0.232,2.53,0.140,0,0.1549,0.1481,0.265,-0.121,0.283,0.160,0.159,0.073,0.052,0.032,45,37,32,20,0.238,0.164,0.128,0.075,0.049,0.026,66,36,24,13
0.175,0.168,0.278,-1.1,0.105,-1,0.1349,0.1416,0.323,0.192,0.283,0.160,0.159,0.073,0.052,0.032,45,37,32,20,0.238,0.164,0.128,0.075,0.049,0.026,66,36,24,13
0.149,0.193,0.469,1.37,0.298,0,0.1258,0.1450,0.124,-0.510,0.283,0.160,0.159,0.073,0.052,0.032,45,37,32,20,0.238,0.164,0.128,0.075,0.049,0.026,66,36,24,13
0.145,0.245,0.513,0.2,0.291,1,0.1228,0.1475,0.372,0.180,0.283,0.160,0.159,0.073,0.052,0.032,45,37,32,20,0.238,0.164,0.128,0.075,0.049,0.026,66,36,24,13
0.158,0.133,0.340,-0.79,0.151,-1,0.1267,0.1533,0.390,0.736,0.283,0.160,0.159,0.073,0.052,0.032,45,37,32,20,0.238,0.164,0.128,0.075,0.049,0.026,66,36,24,13
0.164,0.205,0.327,1.37,0.298,0,0.1291,0.1536,0.166,-0.510,0.283,0.160,0.159,0.073,0.052,0.032,45,37,32,20,0.238,0.164,0.128,0.075,0.049,0.026,66,36,24,13
0.165,0.150,0.421,0,0.000,0,0.1303,0.1545,0.134,0.166,0.283,0.160,0.159,0.073,0.052,0.032,45,37,32,20,0.238,0.164,0.128,0.075,0.049,0.026,66,36,24,13
0.172,0.303,0.458,0.2,0.291,1,0.1316,0.1627,0.285,0.180,0.283,0.160,0.159,0.073,0.052,0.032,45,37,32,20,0.238,0.164,0.128,0.075,0.049,0.026,66,36,24,13
0.172,0.335,0.469,0.2,0.291,1,0.1208,0.1682,0.275,0.180,0.283,0.160,0.159,0.073,0.052,0.032,45,37,32,20,0.238,0.164,0.128,0.075,0.049,0.026,66,36,24,13
0.145,0.179,0.114,1.99,0.186,0,0.1089,0.1843,0.047,-0.326,0.283,0.160,0.159,0.073,0.052,0.032,45,37,32,20,0.238,0.164,0.128,0.075,0.049,0.026,66,36,24,13
0.151,0.185,0.073,2.53,0.140,0,0.1013,0.2174,0.096,-0.121,0.283,0.160,0.159,0.073,0.052,0.032,45,37,32,20,0.238,0.164,0.128,0.075,0.049,0.026,66,36,24,13
0.150,0.253,0.083,1.42,0.221,0,0.0889,0.2573,0.149,-0.397,0.283,0.160,0.159,0.073,0.052,0.032,45,37,32,20,0.238,0.164,0.128,0.075,0.049,0.026,66,36,24,13
0.156,0.313,0.056,-0.52,0.062,0,0.0787,0.3098,0.115,0.341,0.283,0.160,0.159,0.073,0.052,0.032,45,37,32,20,0.238,0.164,0.128,0.075,0.049,0.026,66,36,24,13
0.178,0.248,0.046,3.14,0.186,0,0.0724,0.3743,0.053,-0.486,0.283,0.160,0.159,0.073,0.052,0.032,45,37,32,20,0.238,0.164,0.128,0.075,0.049,0.026,66,36,24,13
0.170,0.339,0.394,0.2,0.291,1,0.0704,0.4485,0.200,0.180,0.283,0.160,0.159,0.073,0.052,0.032,45,37,32,20,0.238,0.164,0.128,0.075,0.049,0.026,66,36,24,13
0.221,0.307,0.317,0.2,0.291,1,0.0717,0.5280,0.289,0.180,0.283,0.160,0.159,0.073,0.052,0.032,45,37,32,20,0.238,0.164,0.128,0.075,0.049,0.026,66,36,24,13
0.261,0.174,0.241,-0.52,0.062,0,0.0737,0.6059,0.242,0.341,0.283,0.160,0.159,0.073,0.052,0.032,45,37,32,20,0.238,0.164,0.128,0.075,0.049,0.026,66,36,24,13
0.262,0.131,0.020,0.85,0.046,0,0.0715,0.6726,0.268,0.06,0.283,0.160,0.159,0.073,0.052,0.032,45,37,32,20,0.238,0.164,0.128,0.075,0.049,0.026,66,36,24,13
0.256,0.068,0.001,1.99,0.186,0,0.0573,0.7153,0.300,-0.326,0.283,0.160,0.159,0.073,0.052,0.032,45,37,32,20,0.238,0.164,0.128,0.075,0.049,0.026,66,36,24,13
0.250,0.074,0.094,1.42,0.221,0,0.0204,0.7175,0.723,-0.397,0.283,0.160,0.159,0.073,0.052,0.032,45,37,32,20,0.238,0.164,0.128,0.075,0.049,0.026,66,36,24,13
