0.054,0.069,0.394,1.42,0.221,0,0.2005,0.6853,0.651,-0.397,0.173,0.120,0.029,0.000,0.000,0.000,8,0,0,0,0.173,0.116,0.026,0.011,0.009,0.000,5,4,3,0
0.060,0.069,0.290,1.99,0.186,0,0.2271,0.6537,0.230,-0.326,0.173,0.120,0.029,0.000,0.000,0.000,8,0,0,0,0.173,0.116,0.026,0.011,0.009,0.000,5,4,3,0
0.070,0.081,0.077,-0.79,0.151,-1,0.2432,0.6019,0.494,0.736,0.173,0.120,0.029,0.000,0.000,0.000,8,0,0,0,0.173,0.116,0.026,0.011,0.009,0.000,5,4,3,0
0.070,0.084,0.038,-0.79,0.151,-1,0.2532,0.5372,0.451,0.736,0.173,0.120,0.029,0.000,0.000,0.000,8,0,0,0,0.173,0.116,0.026,0.011,0.009,0.000,5,4,3,0
0.074,0.111,0.002,0.85,0.046,0,0.2595,0.4656,0.042,0.06,0.173,0.120,0.029,0.000,0.000,0.000,8,0,0,0,0.173,0.116,0.026,0.011,0.009,0.000,5,4,3,0
0.059,0.151,0.002,1.99,0.186,0,0.2637,0.3923,0.138,-0.326,0.173,0.120,0.029,0.000,0.000,0.000,8,0,0,0,0.173,0.116,0.026,0.011,0.009,0.000,5,4,3,0
0.048,0.150,0.000,0.85,0.046,0,0.2661,0.3215,0.384,0.06,0.173,0.120,0.029,0.000,0.000,0.000,8,0,0,0,0.173,0.116,0.026,0.011,0.009,0.000,5,4,3,0
0.051,0.182,0.001,0.85,0.046,0,0.2666,0.2564,0.221,0.06,0.173,0.120,0.029,0.000,0.000,0.000,8,0,0,0,0.173,0.116,0.026,0.011,0.009,0.000,5,4,3,0
0.070,0.123,0.004,3.14,0.186,0,0.2645,0.1995,0.081,-0.486,0.173,0.120,0.029,0.000,0.000,0.000,8,0,0,0,0.173,0.116,0.026,0.011,0.009,0.000,5,4,3,0
0.074,0.274,0.006,-0.42,0.180,0,0.2590,0.1526,0.367,0.318,0.173,0.120,0.029,0.000,0.000,0.000,8,0,0,0,0.173,0.116,0.026,0.011,0.009,0.000,5,4,3,0
0.077,0.286,0.009,-0.48,0.134,0,0.2477,0.1176,0.462,0.007,0.173,0.120,0.029,0.000,0.000,0.000,8,0,0,0,0.173,0.116,0.026,0.011,0.009,0.000,5,4,3,0
0.092,0.222,0.032,0.85,0.046,0,0.2248,0.0876,0.225,0.06,0.173,0.120,0.029,0.000,0.000,0.000,8,0,0,0,0.173,0.116,0.026,0.011,0.009,0.000,5,4,3,0
0.093,0.465,0.190,0.2,0.291,1,0.2040,0.0707,0.412,0.180,0.173,0.120,0.029,0.000,0.000,0.000,8,0,0,0,0.173,0.116,0.026,0.011,0.009,0.000,5,4,3,0
0.119,0.288,0.171,-1.1,0.105,-1,0.1894,0.0688,0.309,0.192,0.173,0.120,0.029,0.000,0.000,0.000,8,0,0,0,0.173,0.116,0.026,0.011,0.009,0.000,5,4,3,0
0.130,0.251,0.105,1.99,0.186,0,0.1900,0.0832,0.171,-0.326,0.173,0.120,0.029,0.000,0.000,0.000,8,0,0,0,0.173,0.116,0.026,0.011,0.009,0.000,5,4,3,0
0.129,0.319,0.003,-0.79,0.151,-1,0.1931,0.1013,0.552,0.736,0.173,0.120,0.029,0.000,0.000,0.000,8,0,0,0,0.173,0.116,0.026,0.011,0.009,0.000,5,4,3,0
0.132,0.285,0.001,-0.79,0.151,-1,0.1931,0.1170,0.366,0.736,0.173,0.120,0.029,0.000,0.000,0.000,8,0,0,0,0.173,0.116,0.026,0.011,0.009,0.000,5,4,3,0
0.161,0.252,0.008,1.99,0.186,0,0.1947,0.1303,0.048,-0.326,0.173,0.120,0.029,0.000,0.000,0.000,8,0,0,0,0.173,0.116,0.026,0.011,0.009,0.000,5,4,3,0
0.196,0.448,0.131,-1.19,0.219,1,0.1942,0.1367,0.376,0.586,0.173,0.120,0.029,0.000,0.000,0.000,8,0,0,0,0.173,0.116,0.026,0.011,0.009,0.000,5,4,3,0
0.204,0.306,0.001,0.85,0.046,0,0.1936,0.1408,0.417,0.06,0.173,0.120,0.029,0.000,0.000,0.000,8,0,0,0,0.173,0.116,0.026,0.011,0.009,0.000,5,4,3,0
0.209,0.327,0.031,1.99,0.186,0,0.1998,0.1485,0.111,-0.326,0.173,0.120,0.029,0.000,0.000,0.000,8,0,0,0,0.173,0.116,0.026,0.011,0.009,0.000,5,4,3,0
0.241,0.693,0.546,-1.19,0.219,1,0.2068,0.1556,0.217,0.586,0.173,0.120,0.029,0.000,0.000,0.000,8,0,0,0,0.173,0.116,0.026,0.011,0.009,0.000,5,4,3,0
0.230,0.451,0.228,0.85,0.046,0,0.2054,0.1566,0.232,0.06,0.173,0.120,0.029,0.000,0.000,0.000,8,0,0,0,0.173,0.116,0.026,0.011,0.009,0.000,5,4,3,0
0.216,0.787,0.439,0.2,0.291,1,0.1976,0.1537,0.432,0.180,0.173,0.120,0.029,0.000,0.000,0.000,8,0,0,0,0.173,0.116,0.026,0.011,0.009,0.000,5,4,3,0
0.186,0.707,0.399,1.37,0.298,0,0.1878,0.1481,0.181,-0.510,0.173,0.120,0.029,0.000,0.000,0.000,8,0,0,0,0.173,0.116,0.026,0.011,0.009,0.000,5,4,3,0
0.194,0.715,0.386,1.99,0.186,0,0.1903,0.1515,0.178,-0.326,0.173,0.120,0.029,0.000,0.000,0.000,8,0,0,0,0.173,0.116,0.026,0.011,0.009,0.000,5,4,3,0
0.279,0.753,0.491,0,0.000,0,0.1997,0.1628,0.378,0.166,0.173,0.120,0.029,0.000,0.000,0.000,8,0,0,0,0.173,0.116,0.026,0.011,0.009,0.000,5,4,3,0
0.333,0.824,0.651,-1.19,0.219,1,0.2082,0.1772,0.461,0.586,0.173,0.120,0.029,0.000,0.000,0.000,8,0,0,0,0.173,0.116,0.026,0.011,0.009,0.000,5,4,3,0
0.333,0.833,0.795,-1.19,0.219,1,0.2115,0.1871,0.437,0.586,0.173,0.120,0.029,0.000,0.000,0.000,8,0,0,0,0.173,0.116,0.026,0.011,0.009,0.000,5,4,3,0
0.293,0.763,0.514,0,0.000,0,0.2012,0.1844,0.260,0.166,0.173,0.120,0.029,0.000,0.000,0.000,8,0,0,0,0.173,0.116,0.026,0.011,0.009,0.000,5,4,3,0
0.293,0.764,0.255,1.99,0.186,0,0.1940,0.1832,0.143,-0.326,0.173,0.120,0.029,0.000,0.000,0.000,8,0,0,0,0.173,0.116,0.026,0.011,0.009,0.000,5,4,3,0
0.293,0.719,0.231,1.99,0.186,0,0.2016,0.1914,0.122,-0.326,0.173,0.120,0.029,0.000,0.000,0.000,8,0,0,0,0.173,0.116,0.026,0.011,0.009,0.000,5,4,3,0
0.236,0.683,0.774,-0.08,0.108,0,0.2221,0.2079,0.212,0.059,0.173,0.120,0.029,0.000,0.000,0.000,8,0,0,0,0.173,0.116,0.026,0.011,0.009,0.000,5,4,3,0
0.234,0.461,0.236,-0.42,0.180,0,0.2492,0.2273,0.298,0.318,0.173,0.120,0.029,0.000,0.000,0.000,8,0,0,0,0.173,0.116,0.026,0.011,0.009,0.000,5,4,3,0
0.188,0.378,0.040,-0.79,0.151,-1,0.2679,0.2427,0.276,0.736,0.173,0.120,0.029,0.000,0.000,0.000,8,0,0,0,0.173,0.116,0.026,0.011,0.009,0.000,5,4,3,0
0.173,0.303,0.211,1.42,0.221,0,0.2925,0.2621,0.124,-0.397,0.173,0.120,0.029,0.000,0.000,0.000,8,0,0,0,0.173,0.116,0.026,0.011,0.009,0.000,5,4,3,0
0.180,0.441,0.444,-1.19,0.219,1,0.3214,0.2847,0.476,0.586,0.173,0.120,0.029,0.000,0.000,0.000,8,0,0,0,0.173,0.116,0.026,0.011,0.009,0.000,5,4,3,0
0.183,0.369,0.069,0,0.000,0,0.3544,0.3103,0.358,0.166,0.173,0.120,0.029,0.000,0.000,0.000,8,0,0,0,0.173,0.116,0.026,0.011,0.009,0.000,5,4,3,0
0.183,0.286,0.003,1.99,0.186,0,0.3929,0.3406,0.153,-0.326,0.173,0.120,0.029,0.000,0.000,0.000,8,0,0,0,0.173,0.116,0.026,0.011,0.009,0.000,5,4,3,0
0.155,0.373,0.203,-0.52,0.062,0,0.4267,0.3685,0.340,0.341,0.173,0.120,0.029,0.000,0.000,0.000,8,0,0,0,0.173,0.116,0.026,0.011,0.009,0.000,5,4,3,0
0.155,0.283,0.093,0.85,0.046,0,0.4567,0.3941,0.413,0.06,0.173,0.120,0.029,0.000,0.000,0.000,8,0,0,0,0.173,0.116,0.026,0.011,0.009,0.000,5,4,3,0
0.151,0.320,0.120,1.99,0.186,0,0.4679,0.4033,0.237,-0.326,0.173,0.120,0.029,0.000,0.000,0.000,8,0,0,0,0.173,0.116,0.026,0.011,0.009,0.000,5,4,3,0
0.124,0.687,0.143,-1.14,0.131,0,0.4686,0.4025,0.300,0.987,0.173,0.120,0.029,0.000,0.000,0.000,8,0,0,0,0.173,0.116,0.026,0.011,0.009,0.000,5,4,3,0
0.130,0.310,0.177,1.99,0.186,0,0.4657,0.3983,0.188,-0.326,0.173,0.120,0.029,0.000,0.000,0.000,8,0,0,0,0.173,0.116,0.026,0.011,0.009,0.000,5,4,3,0
0.114,0.699,0.101,-0.79,0.151,-1,0.4537,0.3867,0.409,0.736,0.173,0.120,0.029,0.000,0.000,0.000,8,0,0,0,0.173,0.116,0.026,0.011,0.009,0.000,5,4,3,0
0.140,0.351,0.134,-0.79,0.151,-1,0.4364,0.3742,0.325,0.736,0.173,0.120,0.029,0.000,0.000,0.000,8,0,0,0,0.173,0.116,0.026,0.011,0.009,0.000,5,4,3,0
0.131,0.801,0.700,0.2,0.291,1,0.4107,0.3544,0.184,0.180,0.173,0.120,0.029,0.000,0.000,0.000,8,0,0,0,0.173,0.116,0.026,0.011,0.009,0.000,5,4,3,0
0.131,0.752,0.632,0.2,0.291,1,0.3822,0.3314,0.376,0.180,0.173,0.120,0.029,0.000,0.000,0.000,8,0,0,0,0.173,0.116,0.026,0.011,0.009,0.000,5,4,3,0
0.130,0.761,0.153,-1.19,0.219,1,0.3603,0.3120,0.491,0.586,0.173,0.120,0.029,0.000,0.000,0.000,8,0,0,0,0.173,0.116,0.026,0.011,0.009,0.000,5,4,3,0
0.131,0.794,0.361,0.2,0.291,1,0.3505,0.3029,0.375,0.180,0.173,0.120,0.029,0.000,0.000,0.000,8,0,0,0,0.173,0.116,0.026,0.011,0.009,0.000,5,4,3,0
0.124,0.771,0.642,0,0.000,0,0.3545,0.3061,0.331,0.166,0.173,0.120,0.029,0.000,0.000,0.000,8,0,0,0,0.173,0.116,0.026,0.011,0.009,0.000,5,4,3,0
0.100,0.828,0.316,-0.42,0.180,0,0.3628,0.3124,0.421,0.318,0.173,0.120,0.029,0.000,0.000,0.000,8,0,0,0,0.173,0.116,0.026,0.011,0.009,0.000,5,4,3,0
0.101,0.450,0.008,-0.79,0.151,-1,0.3556,0.3087,0.281,0.736,0.173,0.120,0.029,0.000,0.000,0.000,8,0,0,0,0.173,0.116,0.026,0.011,0.009,0.000,5,4,3,0
0.107,0.379,0.031,1.99,0.186,0,0.3591,0.3133,0.099,-0.326,0.173,0.120,0.029,0.000,0.000,0.000,8,0,0,0,0.173,0.116,0.026,0.011,0.009,0.000,5,4,3,0
0.107,0.709,0.537,-0.48,0.134,0,0.3572,0.3140,0.428,0.007,0.173,0.120,0.029,0.000,0.000,0.000,8,0,0,0,0.173,0.116,0.026,0.011,0.009,0.000,5,4,3,0
0.107,0.354,0.002,0.85,0.046,0,0.3520,0.3096,0.162,0.06,0.173,0.120,0.029,0.000,0.000,0.000,8,0,0,0,0.173,0.116,0.026,0.011,0.009,0.000,5,4,3,0
0.132,0.227,0.002,3.14,0.186,0,0.3395,0.2985,0.039,-0.486,0.173,0.120,0.029,0.000,0.000,0.000,8,0,0,0,0.173,0.116,0.026,0.011,0.009,0.000,5,4,3,0
0.132,0.334,0.459,-1.19,0.219,1,0.3218,0.2826,0.285,0.586,0.173,0.120,0.029,0.000,0.000,0.000,8,0,0,0,0.173,0.116,0.026,0.011,0.009,0.000,5,4,3,0
0.103,0.275,0.003,0.85,0.046,0,0.3156,0.2754,0.351,0.06,0.173,0.120,0.029,0.000,0.000,0.000,8,0,0,0,0.173,0.116,0.026,0.011,0.009,0.000,5,4,3,0
0.103,0.234,0.000,0.85,0.046,0,0.2979,0.2571,0.051,0.06,0.173,0.120,0.029,0.000,0.000,0.000,8,0,0,0,0.173,0.116,0.026,0.011,0.009,0.000,5,4,3,0
0.100,0.122,0.001,1.99,0.186,0,0.2862,0.2426,0.064,-0.326,0.173,0.120,0.029,0.000,0.000,0.000,8,0,0,0,0.173,0.116,0.026,0.011,0.009,0.000,5,4,3,0
0.097,0.150,0.038,-0.79,0.151,-1,0.2733,0.2279,0.425,0.736,0.173,0.120,0.029,0.000,0.000,0.000,8,0,0,0,0.173,0.116,0.026,0.011,0.009,0.000,5,4,3,0
0.082,0.156,0.001,0.85,0.046,0,0.2654,0.2188,0.375,0.06,0.173,0.120,0.029,0.000,0.000,0.000,8,0,0,0,0.173,0.116,0.026,0.011,0.009,0.000,5,4,3,0
0.082,0.111,0.001,0.85,0.046,0,0.2575,0.2124,0.036,0.06,0.173,0.120,0.029,0.000,0.000,0.000,8,0,0,0,0.173,0.116,0.026,0.011,0.009,0.000,5,4,3,0
0.082,0.101,0.004,1.99,0.186,0,0.2554,0.2113,0.151,-0.326,0.173,0.120,0.029,0.000,0.000,0.000,8,0,0,0,0.173,0.116,0.026,0.011,0.009,0.000,5,4,3,0
0.098,0.139,0.001,-0.79,0.151,-1,0.2534,0.2089,0.527,0.736,0.173,0.120,0.029,0.000,0.000,0.000,8,0,0,0,0.173,0.116,0.026,0.011,0.009,0.000,5,4,3,0
0.097,0.123,0.001,0.85,0.046,0,0.2594,0.2102,0.236,0.06,0.173,0.120,0.029,0.000,0.000,0.000,8,0,0,0,0.173,0.116,0.026,0.011,0.009,0.000,5,4,3,0
0.124,0.205,0.166,0.2,0.291,1,0.2720,0.2188,0.165,0.180,0.173,0.120,0.029,0.000,0.000,0.000,8,0,0,0,0.173,0.116,0.026,0.011,0.009,0.000,5,4,3,0
0.081,0.123,0.020,-0.79,0.151,-1,0.2857,0.2272,0.365,0.736,0.173,0.120,0.029,0.000,0.000,0.000,8,0,0,0,0.173,0.116,0.026,0.011,0.009,0.000,5,4,3,0
0.081,0.205,0.002,-1.19,0.219,1,0.3042,0.2399,0.478,0.586,0.173,0.120,0.029,0.000,0.000,0.000,8,0,0,0,0.173,0.116,0.026,0.011,0.009,0.000,5,4,3,0
0.080,0.094,0.000,0.85,0.046,0,0.3153,0.2463,0.208,0.06,0.173,0.120,0.029,0.000,0.000,0.000,8,0,0,0,0.173,0.116,0.026,0.011,0.009,0.000,5,4,3,0
0.065,0.090,0.053,1.99,0.186,0,0.3412,0.2664,0.158,-0.326,0.173,0.120,0.029,0.000,0.000,0.000,8,0,0,0,0.173,0.116,0.026,0.011,0.009,0.000,5,4,3,0
0.084,0.112,0.015,-0.79,0.151,-1,0.3664,0.2874,0.368,0.736,0.173,0.120,0.029,0.000,0.000,0.000,8,0,0,0,0.173,0.116,0.026,0.011,0.009,0.000,5,4,3,0
0.067,0.096,0.001,-0.79,0.151,-1,0.3882,0.3042,0.363,0.736,0.173,0.120,0.029,0.000,0.000,0.000,8,0,0,0,0.173,0.116,0.026,0.011,0.009,0.000,5,4,3,0
0.070,0.108,0.016,0.85,0.046,0,0.3889,0.3048,0.310,0.06,0.173,0.120,0.029,0.000,0.000,0.000,8,0,0,0,0.173,0.116,0.026,0.011,0.009,0.000,5,4,3,0
0.070,0.104,0.033,0.85,0.046,0,0.3774,0.2941,0.182,0.06,0.173,0.120,0.029,0.000,0.000,0.000,8,0,0,0,0.173,0.116,0.026,0.011,0.009,0.000,5,4,3,0
0.083,0.089,0.005,1.99,0.186,0,0.3741,0.2917,0.188,-0.326,0.173,0.120,0.029,0.000,0.000,0.000,8,0,0,0,0.173,0.116,0.026,0.011,0.009,0.000,5,4,3,0
0.083,0.143,0.076,-1.19,0.219,1,0.3744,0.2913,0.453,0.586,0.173,0.120,0.029,0.000,0.000,0.000,8,0,0,0,0.173,0.116,0.026,0.011,0.009,0.000,5,4,3,0
0.084,0.104,0.001,-0.79,0.151,-1,0.3736,0.2880,0.435,0.736,0.173,0.120,0.029,0.000,0.000,0.000,8,0,0,0,0.173,0.116,0.026,0.011,0.009,0.000,5,4,3,0
0.103,0.095,0.001,0.85,0.046,0,0.3605,0.2733,0.138,0.06,0.173,0.120,0.029,0.000,0.000,0.000,8,0,0,0,0.173,0.116,0.026,0.011,0.009,0.000,5,4,3,0
0.079,0.114,0.003,1.99,0.186,0,0.3458,0.2581,0.146,-0.326,0.173,0.120,0.029,0.000,0.000,0.000,8,0,0,0,0.173,0.116,0.026,0.011,0.009,0.000,5,4,3,0
0.080,0.167,0.007,-0.79,0.151,-1,0.3327,0.2479,0.500,0.736,0.173,0.120,0.029,0.000,0.000,0.000,8,0,0,0,0.173,0.116,0.026,0.011,0.009,0.000,5,4,3,0
0.081,0.215,0.166,0.2,0.291,1,0.3305,0.2488,0.435,0.180,0.173,0.120,0.029,0.000,0.000,0.000,8,0,0,0,0.173,0.116,0.026,0.011,0.009,0.000,5,4,3,0
0.105,0.179,0.047,-0.79,0.151,-1,0.3142,0.2361,0.376,0.736,0.173,0.120,0.029,0.000,0.000,0.000,8,0,0,0,0.173,0.116,0.026,0.011,0.009,0.000,5,4,3,0
0.128,0.704,0.416,0.2,0.291,1,0.3054,0.2302,0.418,0.180,0.173,0.120,0.029,0.000,0.000,0.000,8,0,0,0,0.173,0.116,0.026,0.011,0.009,0.000,5,4,3,0
0.105,0.257,0.205,2.53,0.140,0,0.2922,0.2231,0.190,-0.121,0.173,0.120,0.029,0.000,0.000,0.000,8,0,0,0,0.173,0.116,0.026,0.011,0.009,0.000,5,4,3,0
0.110,0.382,0.513,-1.1,0.105,-1,0.2849,0.2196,0.361,0.192,0.173,0.120,0.029,0.000,0.000,0.000,8,0,0,0,0.173,0.116,0.026,0.011,0.009,0.000,5,4,3,0
0.112,0.361,0.473,2.53,0.140,0,0.2883,0.2252,0.122,-0.121,0.173,0.120,0.029,0.000,0.000,0.000,8,0,0,0,0.173,0.116,0.026,0.011,0.009,0.000,5,4,3,0
0.092,0.431,0.686,-0.52,0.062,0,0.2806,0.2189,0.251,0.341,0.173,0.120,0.029,0.000,0.000,0.000,8,0,0,0,0.173,0.116,0.026,0.011,0.009,0.000,5,4,3,0
0.113,0.356,0.461,1.99,0.186,0,0.2858,0.2242,0.093,-0.326,0.173,0.120,0.029,0.000,0.000,0.000,8,0,0,0,0.173,0.116,0.026,0.011,0.009,0.000,5,4,3,0
0.121,0.384,0.377,-1.14,0.131,0,0.2825,0.2200,0.289,0.987,0.173,0.120,0.029,0.000,0.000,0.000,8,0,0,0,0.173,0.116,0.026,0.011,0.009,0.000,5,4,3,0
0.116,0.361,0.482,0,0.000,0,0.2842,0.2192,0.203,0.166,0.173,0.120,0.029,0.000,0.000,0.000,8,0,0,0,0.173,0.116,0.026,0.011,0.009,0.000,5,4,3,0
0.138,0.347,0.521,0.85,0.046,0,0.2765,0.2121,0.119,0.06,0.173,0.120,0.029,0.000,0.000,0.000,8,0,0,0,0.173,0.116,0.026,0.011,0.009,0.000,5,4,3,0
0.127,0.412,0.438,-0.52,0.062,0,0.2567,0.1933,0.163,0.341,0.173,0.120,0.029,0.000,0.000,0.000,8,0,0,0,0.173,0.116,0.026,0.011,0.009,0.000,5,4,3,0
0.154,0.217,0.480,1.99,0.186,0,0.2412,0.1807,0.132,-0.326,0.173,0.120,0.029,0.000,0.000,0.000,8,0,0,0,0.173,0.116,0.026,0.011,0.009,0.000,5,4,3,0
0.154,0.391,0.596,1.69,0.290,0,0.2419,0.1808,0.155,-0.697,0.173,0.120,0.029,0.000,0.000,0.000,8,0,0,0,0.173,0.116,0.026,0.011,0.009,0.000,5,4,3,0
0.127,0.707,0.419,-0.52,0.062,0,0.2518,0.1889,0.221,0.341,0.173,0.120,0.029,0.000,0.000,0.000,8,0,0,0,0.173,0.116,0.026,0.011,0.009,0.000,5,4,3,0
0.137,0.400,0.546,0,0.000,0,0.2526,0.1888,0.194,0.166,0.173,0.120,0.029,0.000,0.000,0.000,8,0,0,0,0.173,0.116,0.026,0.011,0.009,0.000,5,4,3,0
0.112,0.706,0.481,0,0.000,0,0.2412,0.1786,0.164,0.166,0.173,0.120,0.029,0.000,0.000,0.000,8,0,0,0,0.173,0.116,0.026,0.011,0.009,0.000,5,4,3,0
0.106,0.420,0.479,1.99,0.186,0,0.2312,0.1728,0.148,-0.326,0.173,0.120,0.029,0.000,0.000,0.000,8,0,0,0,0.173,0.116,0.026,0.011,0.009,0.000,5,4,3,0
0.106,0.743,0.897,0.22,0.230,0,0.2261,0.1709,0.164,0.303,0.173,0.120,0.029,0.000,0.000,0.000,8,0,0,0,0.173,0.116,0.026,0.011,0.009,0.000,5,4,3,0
0.090,0.466,0.516,-1.14,0.131,0,0.2057,0.1533,0.196,0.987,0.173,0.120,0.029,0.000,0.000,0.000,8,0,0,0,0.173,0.116,0.026,0.011,0.009,0.000,5,4,3,0
0.086,0.440,0.331,3.14,0.186,0,0.1812,0.1327,0.104,-0.486,0.173,0.120,0.029,0.000,0.000,0.000,8,0,0,0,0.173,0.116,0.026,0.011,0.009,0.000,5,4,3,0
0.070,0.357,0.543,-0.08,0.108,0,0.1491,0.1048,0.246,0.059,0.173,0.120,0.029,0.000,0.000,0.000,8,0,0,0,0.173,0.116,0.026,0.011,0.009,0.000,5,4,3,0
0.069,0.230,0.442,1.99,0.186,0,0.1288,0.0864,0.132,-0.326,0.173,0.120,0.029,0.000,0.000,0.000,8,0,0,0,0.173,0.116,0.026,0.011,0.009,0.000,5,4,3,0
0.070,0.174,0.164,1.42,0.221,0,0.1173,0.0765,0.125,-0.397,0.173,0.120,0.029,0.000,0.000,0.000,8,0,0,0,0.173,0.116,0.026,0.011,0.009,0.000,5,4,3,0
0.085,0.148,0.063,-0.79,0.151,-1,0.1097,0.0698,0.179,0.736,0.173,0.120,0.029,0.000,0.000,0.000,8,0,0,0,0.173,0.116,0.026,0.011,0.009,0.000,5,4,3,0
0.082,0.202,0.203,0.2,0.291,1,0.1046,0.0664,0.411,0.180,0.173,0.120,0.029,0.000,0.000,0.000,8,0,0,0,0.173,0.116,0.026,0.011,0.009,0.000,5,4,3,0
0.072,0.164,0.009,-0.79,0.151,-1,0.0959,0.0588,0.236,0.736,0.173,0.120,0.029,0.000,0.000,0.000,8,0,0,0,0.173,0.116,0.026,0.011,0.009,0.000,5,4,3,0
0.068,0.121,0.001,1.99,0.186,0,0.0982,0.0615,0.031,-0.326,0.173,0.120,0.029,0.000,0.000,0.000,8,0,0,0,0.173,0.116,0.026,0.011,0.009,0.000,5,4,3,0
0.068,0.114,0.020,2.53,0.140,0,0.1014,0.0661,0.082,-0.121,0.173,0.120,0.029,0.000,0.000,0.000,8,0,0,0,0.173,0.116,0.026,0.011,0.009,0.000,5,4,3,0
0.064,0.151,0.003,-0.79,0.151,-1,0.1017,0.0692,0.334,0.736,0.173,0.120,0.029,0.000,0.000,0.000,8,0,0,0,0.173,0.116,0.026,0.011,0.009,0.000,5,4,3,0
0.054,0.165,0.016,3.14,0.186,0,0.1076,0.0767,0.051,-0.486,0.173,0.120,0.029,0.000,0.000,0.000,8,0,0,0,0.173,0.116,0.026,0.011,0.009,0.000,5,4,3,0
0.056,0.197,0.014,1.69,0.290,0,0.1251,0.0893,0.032,-0.697,0.173,0.120,0.029,0.000,0.000,0.000,8,0,0,0,0.173,0.116,0.026,0.011,0.009,0.000,5,4,3,0
0.057,0.361,0.269,0.2,0.291,1,0.1491,0.1078,0.396,0.180,0.173,0.120,0.029,0.000,0.000,0.000,8,0,0,0,0.173,0.116,0.026,0.011,0.009,0.000,5,4,3,0
0.046,0.204,0.090,0.85,0.046,0,0.1781,0.1293,0.346,0.06,0.173,0.120,0.029,0.000,0.000,0.000,8,0,0,0,0.173,0.116,0.026,0.011,0.009,0.000,5,4,3,0
0.044,0.236,0.114,1.99,0.186,0,0.1920,0.1395,0.110,-0.326,0.173,0.120,0.029,0.000,0.000,0.000,8,0,0,0,0.173,0.116,0.026,0.011,0.009,0.000,5,4,3,0
0.044,0.305,0.292,0,0.000,0,0.1905,0.1400,0.266,0.166,0.173,0.120,0.029,0.000,0.000,0.000,8,0,0,0,0.173,0.116,0.026,0.011,0.009,0.000,5,4,3,0
0.044,0.423,0.435,1.37,0.298,0,0.1945,0.1464,0.211,-0.510,0.173,0.120,0.029,0.000,0.000,0.000,8,0,0,0,0.173,0.116,0.026,0.011,0.009,0.000,5,4,3,0
0.044,0.417,0.183,-0.42,0.180,0,0.1853,0.1440,0.362,0.318,0.173,0.120,0.029,0.000,0.000,0.000,8,0,0,0,0.173,0.116,0.026,0.011,0.009,0.000,5,4,3,0
0.036,0.270,0.302,0.85,0.046,0,0.1783,0.1456,0.213,0.06,0.173,0.120,0.029,0.000,0.000,0.000,8,0,0,0,0.173,0.116,0.026,0.011,0.009,0.000,5,4,3,0
0.029,0.220,0.171,2.53,0.140,0,0.1675,0.1441,0.215,-0.121,0.173,0.120,0.029,0.000,0.000,0.000,8,0,0,0,0.173,0.116,0.026,0.011,0.009,0.000,5,4,3,0
0.030,0.249,0.153,-0.79,0.151,-1,0.1623,0.1458,0.504,0.736,0.173,0.120,0.029,0.000,0.000,0.000,8,0,0,0,0.173,0.116,0.026,0.011,0.009,0.000,5,4,3,0
0.025,0.244,0.097,0,0.000,0,0.1628,0.1530,0.199,0.166,0.173,0.120,0.029,0.000,0.000,0.000,8,0,0,0,0.173,0.116,0.026,0.011,0.009,0.000,5,4,3,0
0.030,0.204,0.064,-1.14,0.131,0,0.1686,0.1648,0.407,0.987,0.173,0.120,0.029,0.000,0.000,0.000,8,0,0,0,0.173,0.116,0.026,0.011,0.009,0.000,5,4,3,0
0.029,0.196,0.091,-0.79,0.151,-1,0.1705,0.1728,0.491,0.736,0.173,0.120,0.029,0.000,0.000,0.000,8,0,0,0,0.173,0.116,0.026,0.011,0.009,0.000,5,4,3,0
0.029,0.136,0.123,2.53,0.140,0,0.1821,0.1857,0.126,-0.121,0.173,0.120,0.029,0.000,0.000,0.000,8,0,0,0,0.173,0.116,0.026,0.011,0.009,0.000,5,4,3,0
0.024,0.182,0.230,-0.79,0.151,-1,0.2062,0.2080,0.328,0.736,0.173,0.120,0.029,0.000,0.000,0.000,8,0,0,0,0.173,0.116,0.026,0.011,0.009,0.000,5,4,3,0
0.023,0.200,0.483,-0.52,0.062,0,0.2378,0.2350,0.282,0.341,0.173,0.120,0.029,0.000,0.000,0.000,8,0,0,0,0.173,0.116,0.026,0.011,0.009,0.000,5,4,3,0
0.025,0.206,0.558,-0.79,0.151,-1,0.2609,0.2531,0.346,0.736,0.173,0.120,0.029,0.000,0.000,0.000,8,0,0,0,0.173,0.116,0.026,0.011,0.009,0.000,5,4,3,0
0.020,0.218,0.525,1.69,0.290,0,0.2907,0.2741,0.143,-0.697,0.173,0.120,0.029,0.000,0.000,0.000,8,0,0,0,0.173,0.116,0.026,0.011,0.009,0.000,5,4,3,0
0.022,0.250,0.554,1.69,0.290,0,0.3202,0.2896,0.146,-0.697,0.173,0.120,0.029,0.000,0.000,0.000,8,0,0,0,0.173,0.116,0.026,0.011,0.009,0.000,5,4,3,0
0.024,0.269,0.299,-0.48,0.134,0,0.3442,0.3018,0.347,0.007,0.173,0.120,0.029,0.000,0.000,0.000,8,0,0,0,0.173,0.116,0.026,0.011,0.009,0.000,5,4,3,0
0.028,0.232,0.203,1.69,0.290,0,0.3655,0.3102,0.132,-0.697,0.173,0.120,0.029,0.000,0.000,0.000,8,0,0,0,0.173,0.116,0.026,0.011,0.009,0.000,5,4,3,0
0.028,0.167,0.390,-1.1,0.105,-1,0.3620,0.3005,0.353,0.192,0.173,0.120,0.029,0.000,0.000,0.000,8,0,0,0,0.173,0.116,0.026,0.011,0.009,0.000,5,4,3,0
0.030,0.141,0.080,0.85,0.046,0,0.3560,0.2893,0.177,0.06,0.173,0.120,0.029,0.000,0.000,0.000,8,0,0,0,0.173,0.116,0.026,0.011,0.009,0.000,5,4,3,0
0.036,0.168,0.081,1.99,0.186,0,0.3384,0.2724,0.214,-0.326,0.173,0.120,0.029,0.000,0.000,0.000,8,0,0,0,0.173,0.116,0.026,0.011,0.009,0.000,5,4,3,0
0.038,0.248,0.504,-0.48,0.134,0,0.3049,0.2459,0.342,0.007,0.173,0.120,0.029,0.000,0.000,0.000,8,0,0,0,0.173,0.116,0.026,0.011,0.009,0.000,5,4,3,0
0.032,0.149,0.172,3.14,0.186,0,0.2814,0.2300,0.085,-0.486,0.173,0.120,0.029,0.000,0.000,0.000,8,0,0,0,0.173,0.116,0.026,0.011,0.009,0.000,5,4,3,0
0.029,0.176,0.222,-1.14,0.131,0,0.2421,0.2014,0.319,0.987,0.173,0.120,0.029,0.000,0.000,0.000,8,0,0,0,0.173,0.116,0.026,0.011,0.009,0.000,5,4,3,0
0.034,0.211,0.311,-0.79,0.151,-1,0.2252,0.1861,0.510,0.736,0.173,0.120,0.029,0.000,0.000,0.000,8,0,0,0,0.173,0.116,0.026,0.011,0.009,0.000,5,4,3,0
0.034,0.273,0.585,0.22,0.230,0,0.2145,0.1764,0.337,0.303,0.173,0.120,0.029,0.000,0.000,0.000,8,0,0,0,0.173,0.116,0.026,0.011,0.009,0.000,5,4,3,0
0.028,0.273,0.476,0.22,0.230,0,0.2196,0.1805,0.258,0.303,0.173,0.120,0.029,0.000,0.000,0.000,8,0,0,0,0.173,0.116,0.026,0.011,0.009,0.000,5,4,3,0
0.034,0.192,0.419,-1.14,0.131,0,0.2320,0.1954,0.314,0.987,0.173,0.120,0.029,0.000,0.000,0.000,8,0,0,0,0.173,0.116,0.026,0.011,0.009,0.000,5,4,3,0
0.039,0.166,0.446,0.85,0.046,0,0.2505,0.2139,0.179,0.06,0.173,0.120,0.029,0.000,0.000,0.000,8,0,0,0,0.173,0.116,0.026,0.011,0.009,0.000,5,4,3,0
0.042,0.306,0.680,0.2,0.291,1,0.2659,0.2302,0.344,0.180,0.173,0.120,0.029,0.000,0.000,0.000,8,0,0,0,0.173,0.116,0.026,0.011,0.009,0.000,5,4,3,0
0.033,0.215,0.396,-1.1,0.105,-1,0.2862,0.2530,0.324,0.192,0.173,0.120,0.029,0.000,0.000,0.000,8,0,0,0,0.173,0.116,0.026,0.011,0.009,0.000,5,4,3,0
0.034,0.197,0.420,1.42,0.221,0,0.2921,0.2656,0.114,-0.397,0.173,0.120,0.029,0.000,0.000,0.000,8,0,0,0,0.173,0.116,0.026,0.011,0.009,0.000,5,4,3,0
0.033,0.299,0.635,1.76,0.409,0,0.2945,0.2746,0.131,-0.884,0.173,0.120,0.029,0.000,0.000,0.000,8,0,0,0,0.173,0.116,0.026,0.011,0.009,0.000,5,4,3,0
0.036,0.212,0.490,-1.1,0.105,-1,0.2832,0.2729,0.211,0.192,0.173,0.120,0.029,0.000,0.000,0.000,8,0,0,0,0.173,0.116,0.026,0.011,0.009,0.000,5,4,3,0
0.037,0.286,0.516,-0.08,0.108,0,0.2702,0.2709,0.137,0.059,0.173,0.120,0.029,0.000,0.000,0.000,8,0,0,0,0.173,0.116,0.026,0.011,0.009,0.000,5,4,3,0
0.037,0.201,0.411,1.69,0.290,0,0.2406,0.2547,0.090,-0.697,0.173,0.120,0.029,0.000,0.000,0.000,8,0,0,0,0.173,0.116,0.026,0.011,0.009,0.000,5,4,3,0
0.035,0.294,0.491,1.76,0.409,0,0.2021,0.2315,0.169,-0.884,0.173,0.120,0.029,0.000,0.000,0.000,8,0,0,0,0.173,0.116,0.026,0.011,0.009,0.000,5,4,3,0
0.031,0.199,0.164,1.99,0.186,0,0.1836,0.2220,0.130,-0.326,0.173,0.120,0.029,0.000,0.000,0.000,8,0,0,0,0.173,0.116,0.026,0.011,0.009,0.000,5,4,3,0
0.032,0.331,0.224,-0.08,0.108,0,0.1691,0.2177,0.176,0.059,0.173,0.120,0.029,0.000,0.000,0.000,8,0,0,0,0.173,0.116,0.026,0.011,0.009,0.000,5,4,3,0
0.033,0.243,0.370,0,0.000,0,0.1685,0.2244,0.186,0.166,0.173,0.120,0.029,0.000,0.000,0.000,8,0,0,0,0.173,0.116,0.026,0.011,0.009,0.000,5,4,3,0
0.025,0.212,0.021,-0.79,0.151,-1,0.1778,0.2379,0.384,0.736,0.173,0.120,0.029,0.000,0.000,0.000,8,0,0,0,0.173,0.116,0.026,0.011,0.009,0.000,5,4,3,0
0.021,0.224,0.052,0,0.000,0,0.1849,0.2476,0.201,0.166,0.173,0.120,0.029,0.000,0.000,0.000,8,0,0,0,0.173,0.116,0.026,0.011,0.009,0.000,5,4,3,0
0.020,0.247,0.076,1.69,0.290,0,0.2065,0.2629,0.111,-0.697,0.173,0.120,0.029,0.000,0.000,0.000,8,0,0,0,0.173,0.116,0.026,0.011,0.009,0.000,5,4,3,0
0.024,0.278,0.257,0.2,0.291,1,0.2211,0.2704,0.333,0.180,0.173,0.120,0.029,0.000,0.000,0.000,8,0,0,0,0.173,0.116,0.026,0.011,0.009,0.000,5,4,3,0
0.026,0.284,0.006,1.99,0.186,0,0.2476,0.2863,0.162,-0.326,0.173,0.120,0.029,0.000,0.000,0.000,8,0,0,0,0.173,0.116,0.026,0.011,0.009,0.000,5,4,3,0
0.028,0.272,0.004,-0.79,0.151,-1,0.2641,0.2985,0.445,0.736,0.173,0.120,0.029,0.000,0.000,0.000,8,0,0,0,0.173,0.116,0.026,0.011,0.009,0.000,5,4,3,0
0.035,0.280,0.034,0,0.000,0,0.2714,0.3021,0.186,0.166,0.173,0.120,0.029,0.000,0.000,0.000,8,0,0,0,0.173,0.116,0.026,0.011,0.009,0.000,5,4,3,0
0.052,0.281,0.002,-1.14,0.131,0,0.2616,0.2909,0.303,0.987,0.173,0.120,0.029,0.000,0.000,0.000,8,0,0,0,0.173,0.116,0.026,0.011,0.009,0.000,5,4,3,0
0.052,0.208,0.001,1.99,0.186,0,0.2549,0.2822,0.233,-0.326,0.173,0.120,0.029,0.000,0.000,0.000,8,0,0,0,0.173,0.116,0.026,0.011,0.009,0.000,5,4,3,0
0.057,0.178,0.001,0,0.000,0,0.2577,0.2831,0.214,0.166,0.173,0.120,0.029,0.000,0.000,0.000,8,0,0,0,0.173,0.116,0.026,0.011,0.009,0.000,5,4,3,0
0.053,0.239,0.001,-0.79,0.151,-1,0.2704,0.2911,0.446,0.736,0.173,0.120,0.029,0.000,0.000,0.000,8,0,0,0,0.173,0.116,0.026,0.011,0.009,0.000,5,4,3,0
0.071,0.302,0.001,-0.79,0.151,-1,0.2894,0.3047,0.391,0.736,0.173,0.120,0.029,0.000,0.000,0.000,8,0,0,0,0.173,0.116,0.026,0.011,0.009,0.000,5,4,3,0
0.065,0.202,0.000,2.53,0.140,0,0.3218,0.3294,0.155,-0.121,0.173,0.120,0.029,0.000,0.000,0.000,8,0,0,0,0.173,0.116,0.026,0.011,0.009,0.000,5,4,3,0
0.084,0.245,0.002,-0.79,0.151,-1,0.3520,0.3518,0.343,0.736,0.173,0.120,0.029,0.000,0.000,0.000,8,0,0,0,0.173,0.116,0.026,0.011,0.009,0.000,5,4,3,0
0.077,0.377,0.013,0,0.000,0,0.3822,0.3754,0.201,0.166,0.173,0.120,0.029,0.000,0.000,0.000,8,0,0,0,0.173,0.116,0.026,0.011,0.009,0.000,5,4,3,0
0.081,0.498,0.325,0.2,0.291,1,0.4000,0.3877,0.276,0.180,0.173,0.120,0.029,0.000,0.000,0.000,8,0,0,0,0.173,0.116,0.026,0.011,0.009,0.000,5,4,3,0
0.097,0.345,0.162,1.99,0.186,0,0.4010,0.3895,0.105,-0.326,0.173,0.120,0.029,0.000,0.000,0.000,8,0,0,0,0.173,0.116,0.026,0.011,0.009,0.000,5,4,3,0
0.095,0.359,0.076,1.99,0.186,0,0.3819,0.3774,0.134,-0.326,0.173,0.120,0.029,0.000,0.000,0.000,8,0,0,0,0.173,0.116,0.026,0.011,0.009,0.000,5,4,3,0
0.104,0.436,0.370,1.99,0.186,0,0.3404,0.3470,0.149,-0.326,0.173,0.120,0.029,0.000,0.000,0.000,8,0,0,0,0.173,0.116,0.026,0.011,0.009,0.000,5,4,3,0
0.093,0.803,0.765,0.2,0.291,1,0.2950,0.3137,0.287,0.180,0.173,0.120,0.029,0.000,0.000,0.000,8,0,0,0,0.173,0.116,0.026,0.011,0.009,0.000,5,4,3,0
0.095,0.720,0.695,-0.08,0.108,0,0.2406,0.2729,0.183,0.059,0.173,0.120,0.029,0.000,0.000,0.000,8,0,0,0,0.173,0.116,0.026,0.011,0.009,0.000,5,4,3,0
0.116,0.780,0.811,0.22,0.230,0,0.1931,0.2373,0.244,0.303,0.173,0.120,0.029,0.000,0.000,0.000,8,0,0,0,0.173,0.116,0.026,0.011,0.009,0.000,5,4,3,0
0.143,0.762,0.453,-0.08,0.108,0,0.1697,0.2215,0.263,0.059,0.173,0.120,0.029,0.000,0.000,0.000,8,0,0,0,0.173,0.116,0.026,0.011,0.009,0.000,5,4,3,0
0.153,0.775,0.461,-0.52,0.062,0,0.1697,0.2284,0.191,0.341,0.173,0.120,0.029,0.000,0.000,0.000,8,0,0,0,0.173,0.116,0.026,0.011,0.009,0.000,5,4,3,0
0.177,0.722,0.388,-1.14,0.131,0,0.1848,0.2468,0.312,0.987,0.173,0.120,0.029,0.000,0.000,0.000,8,0,0,0,0.173,0.116,0.026,0.011,0.009,0.000,5,4,3,0
0.167,0.699,0.580,1.42,0.221,0,0.2031,0.2675,0.240,-0.397,0.173,0.120,0.029,0.000,0.000,0.000,8,0,0,0,0.173,0.116,0.026,0.011,0.009,0.000,5,4,3,0
0.154,0.488,0.778,-0.42,0.180,0,0.2151,0.2790,0.203,0.318,0.173,0.120,0.029,0.000,0.000,0.000,8,0,0,0,0.173,0.116,0.026,0.011,0.009,0.000,5,4,3,0
0.128,0.413,0.425,2.53,0.140,0,0.2299,0.2926,0.051,-0.121,0.173,0.120,0.029,0.000,0.000,0.000,8,0,0,0,0.173,0.116,0.026,0.011,0.009,0.000,5,4,3,0
0.134,0.536,0.809,0.2,0.291,1,0.2415,0.3041,0.257,0.180,0.173,0.120,0.029,0.000,0.000,0.000,8,0,0,0,0.173,0.116,0.026,0.011,0.009,0.000,5,4,3,0
0.131,0.398,0.411,1.37,0.298,0,0.2393,0.3023,0.133,-0.510,0.173,0.120,0.029,0.000,0.000,0.000,8,0,0,0,0.173,0.116,0.026,0.011,0.009,0.000,5,4,3,0
0.126,0.278,0.309,1.42,0.221,0,0.2229,0.2874,0.079,-0.397,0.173,0.120,0.029,0.000,0.000,0.000,8,0,0,0,0.173,0.116,0.026,0.011,0.009,0.000,5,4,3,0
0.133,0.366,0.092,2.53,0.140,0,0.2015,0.2671,0.085,-0.121,0.173,0.120,0.029,0.000,0.000,0.000,8,0,0,0,0.173,0.116,0.026,0.011,0.009,0.000,5,4,3,0
0.119,0.357,0.110,0.85,0.046,0,0.1767,0.2414,0.193,0.06,0.173,0.120,0.029,0.000,0.000,0.000,8,0,0,0,0.173,0.116,0.026,0.011,0.009,0.000,5,4,3,0
0.127,0.577,0.110,0.22,0.230,0,0.1446,0.2075,0.261,0.303,0.173,0.120,0.029,0.000,0.000,0.000,8,0,0,0,0.173,0.116,0.026,0.011,0.009,0.000,5,4,3,0
0.126,0.546,0.114,-0.08,0.108,0,0.1091,0.1698,0.153,0.059,0.173,0.120,0.029,0.000,0.000,0.000,8,0,0,0,0.173,0.116,0.026,0.011,0.009,0.000,5,4,3,0
0.131,0.445,0.117,-1.14,0.131,0,0.0793,0.1392,0.236,0.987,0.173,0.120,0.029,0.000,0.000,0.000,8,0,0,0,0.173,0.116,0.026,0.011,0.009,0.000,5,4,3,0
0.104,0.467,0.388,-1.14,0.131,0,0.0562,0.1168,0.274,0.987,0.173,0.120,0.029,0.000,0.000,0.000,8,0,0,0,0.173,0.116,0.026,0.011,0.009,0.000,5,4,3,0
0.112,0.353,0.452,1.69,0.290,0,0.0541,0.1120,0.115,-0.697,0.173,0.120,0.029,0.000,0.000,0.000,8,0,0,0,0.173,0.116,0.026,0.011,0.009,0.000,5,4,3,0
0.092,0.504,0.550,0.2,0.291,1,0.0580,0.1131,0.295,0.180,0.173,0.120,0.029,0.000,0.000,0.000,8,0,0,0,0.173,0.116,0.026,0.011,0.009,0.000,5,4,3,0
0.071,0.404,0.225,3.14,0.186,0,0.0733,0.1242,0.076,-0.486,0.173,0.120,0.029,0.000,0.000,0.000,8,0,0,0,0.173,0.116,0.026,0.011,0.009,0.000,5,4,3,0
0.078,0.478,0.201,2.53,0.140,0,0.0911,0.1384,0.107,-0.121,0.173,0.120,0.029,0.000,0.000,0.000,8,0,0,0,0.173,0.116,0.026,0.011,0.009,0.000,5,4,3,0
0.071,0.468,0.211,2.53,0.140,0,0.1285,0.1721,0.075,-0.121,0.173,0.120,0.029,0.000,0.000,0.000,8,0,0,0,0.173,0.116,0.026,0.011,0.009,0.000,5,4,3,0
0.068,0.741,0.402,-1.14,0.131,0,0.1647,0.2040,0.175,0.987,0.173,0.120,0.029,0.000,0.000,0.000,8,0,0,0,0.173,0.116,0.026,0.011,0.009,0.000,5,4,3,0
0.068,0.792,0.503,0,0.000,0,0.1853,0.2203,0.206,0.166,0.173,0.120,0.029,0.000,0.000,0.000,8,0,0,0,0.173,0.116,0.026,0.011,0.009,0.000,5,4,3,0
0.059,0.765,0.802,0.2,0.291,1,0.1903,0.2213,0.296,0.180,0.173,0.120,0.029,0.000,0.000,0.000,8,0,0,0,0.173,0.116,0.026,0.011,0.009,0.000,5,4,3,0
0.068,0.480,0.508,2.53,0.140,0,0.1884,0.2158,0.120,-0.121,0.173,0.120,0.029,0.000,0.000,0.000,8,0,0,0,0.173,0.116,0.026,0.011,0.009,0.000,5,4,3,0
0.057,0.542,0.609,1.69,0.290,0,0.1785,0.2031,0.109,-0.697,0.173,0.120,0.029,0.000,0.000,0.000,8,0,0,0,0.173,0.116,0.026,0.011,0.009,0.000,5,4,3,0
0.060,0.696,0.729,0.2,0.291,1,0.1711,0.1931,0.284,0.180,0.173,0.120,0.029,0.000,0.000,0.000,8,0,0,0,0.173,0.116,0.026,0.011,0.009,0.000,5,4,3,0
0.074,0.544,0.338,1.69,0.290,0,0.1699,0.1891,0.108,-0.697,0.173,0.120,0.029,0.000,0.000,0.000,8,0,0,0,0.173,0.116,0.026,0.011,0.009,0.000,5,4,3,0
0.058,0.501,0.309,-0.79,0.151,-1,0.1724,0.1905,0.374,0.736,0.173,0.120,0.029,0.000,0.000,0.000,8,0,0,0,0.173,0.116,0.026,0.011,0.009,0.000,5,4,3,0
0.064,0.571,0.191,-0.42,0.180,0,0.1830,0.1969,0.324,0.318,0.173,0.120,0.029,0.000,0.000,0.000,8,0,0,0,0.173,0.116,0.026,0.011,0.009,0.000,5,4,3,0
0.062,0.529,0.264,-0.08,0.108,0,0.1862,0.1971,0.250,0.059,0.173,0.120,0.029,0.000,0.000,0.000,8,0,0,0,0.173,0.116,0.026,0.011,0.009,0.000,5,4,3,0
0.061,0.499,0.262,-1.1,0.105,-1,0.1796,0.1864,0.358,0.192,0.173,0.120,0.029,0.000,0.000,0.000,8,0,0,0,0.173,0.116,0.026,0.011,0.009,0.000,5,4,3,0
0.052,0.361,0.239,0.85,0.046,0,0.1820,0.1815,0.293,0.06,0.173,0.120,0.029,0.000,0.000,0.000,8,0,0,0,0.173,0.116,0.026,0.011,0.009,0.000,5,4,3,0
0.052,0.374,0.734,-0.08,0.108,0,0.1892,0.1798,0.247,0.059,0.173,0.120,0.029,0.000,0.000,0.000,8,0,0,0,0.173,0.116,0.026,0.011,0.009,0.000,5,4,3,0
0.049,0.347,0.722,0.22,0.230,0,0.2024,0.1794,0.148,0.303,0.173,0.120,0.029,0.000,0.000,0.000,8,0,0,0,0.173,0.116,0.026,0.011,0.009,0.000,5,4,3,0
0.049,0.302,0.561,-0.79,0.151,-1,0.2130,0.1759,0.377,0.736,0.173,0.120,0.029,0.000,0.000,0.000,8,0,0,0,0.173,0.116,0.026,0.011,0.009,0.000,5,4,3,0
0.061,0.260,0.470,0.85,0.046,0,0.2225,0.1714,0.147,0.06,0.173,0.120,0.029,0.000,0.000,0.000,8,0,0,0,0.173,0.116,0.026,0.011,0.009,0.000,5,4,3,0
0.060,0.236,0.626,2.53,0.140,0,0.2248,0.1638,0.060,-0.121,0.173,0.120,0.029,0.000,0.000,0.000,8,0,0,0,0.173,0.116,0.026,0.011,0.009,0.000,5,4,3,0
0.059,0.328,0.667,1.69,0.290,0,0.2343,0.1665,0.105,-0.697,0.173,0.120,0.029,0.000,0.000,0.000,8,0,0,0,0.173,0.116,0.026,0.011,0.009,0.000,5,4,3,0
0.075,0.321,0.506,0.22,0.230,0,0.2386,0.1682,0.319,0.303,0.173,0.120,0.029,0.000,0.000,0.000,8,0,0,0,0.173,0.116,0.026,0.011,0.009,0.000,5,4,3,0
0.075,0.252,0.694,-0.42,0.180,0,0.2262,0.1586,0.239,0.318,0.173,0.120,0.029,0.000,0.000,0.000,8,0,0,0,0.173,0.116,0.026,0.011,0.009,0.000,5,4,3,0
0.080,0.155,0.014,1.99,0.186,0,0.1996,0.1421,0.087,-0.326,0.173,0.120,0.029,0.000,0.000,0.000,8,0,0,0,0.173,0.116,0.026,0.011,0.009,0.000,5,4,3,0
0.087,0.170,0.325,-0.79,0.151,-1,0.1674,0.1214,0.348,0.736,0.173,0.120,0.029,0.000,0.000,0.000,8,0,0,0,0.173,0.116,0.026,0.011,0.009,0.000,5,4,3,0
0.087,0.150,0.055,0,0.000,0,0.1281,0.0942,0.268,0.166,0.173,0.120,0.029,0.000,0.000,0.000,8,0,0,0,0.173,0.116,0.026,0.011,0.009,0.000,5,4,3,0
0.098,0.161,0.008,1.99,0.186,0,0.0953,0.0711,0.103,-0.326,0.173,0.120,0.029,0.000,0.000,0.000,8,0,0,0,0.173,0.116,0.026,0.011,0.009,0.000,5,4,3,0
0.091,0.139,0.036,2.53,0.140,0,0.0747,0.0554,0.097,-0.121,0.173,0.120,0.029,0.000,0.000,0.000,8,0,0,0,0.173,0.116,0.026,0.011,0.009,0.000,5,4,3,0
0.139,0.123,0.023,2.53,0.140,0,0.0667,0.0488,0.149,-0.121,0.173,0.120,0.029,0.000,0.000,0.000,8,0,0,0,0.173,0.116,0.026,0.011,0.009,0.000,5,4,3,0
0.141,0.196,0.292,0,0.000,0,0.0735,0.0529,0.174,0.166,0.173,0.120,0.029,0.000,0.000,0.000,8,0,0,0,0.173,0.116,0.026,0.011,0.009,0.000,5,4,3,0
0.142,0.140,0.447,-0.79,0.151,-1,0.0736,0.0516,0.317,0.736,0.173,0.120,0.029,0.000,0.000,0.000,8,0,0,0,0.173,0.116,0.026,0.011,0.009,0.000,5,4,3,0
0.166,0.138,0.288,0,0.000,0,0.0683,0.0459,0.169,0.166,0.173,0.120,0.029,0.000,0.000,0.000,8,0,0,0,0.173,0.116,0.026,0.011,0.009,0.000,5,4,3,0
0.139,0.127,0.199,3.14,0.186,0,0.0654,0.0429,0.105,-0.486,0.173,0.120,0.029,0.000,0.000,0.000,8,0,0,0,0.173,0.116,0.026,0.011,0.009,0.000,5,4,3,0
0.118,0.147,0.647,0.85,0.046,0,0.0612,0.0397,0.069,0.06,0.173,0.120,0.029,0.000,0.000,0.000,8,0,0,0,0.173,0.116,0.026,0.011,0.009,0.000,5,4,3,0
0.118,0.164,0.727,1.42,0.221,0,0.0601,0.0394,0.118,-0.397,0.173,0.120,0.029,0.000,0.000,0.000,8,0,0,0,0.173,0.116,0.026,0.011,0.009,0.000,5,4,3,0
0.145,0.177,0.640,0.85,0.046,0,0.0547,0.0370,0.139,0.06,0.173,0.120,0.029,0.000,0.000,0.000,8,0,0,0,0.173,0.116,0.026,0.011,0.009,0.000,5,4,3,0
0.137,0.331,0.581,0.22,0.230,0,0.0440,0.0297,0.194,0.303,0.173,0.120,0.029,0.000,0.000,0.000,8,0,0,0,0.173,0.116,0.026,0.011,0.009,0.000,5,4,3,0
0.139,0.231,0.095,1.99,0.186,0,0.0385,0.0271,0.077,-0.326,0.173,0.120,0.029,0.000,0.000,0.000,8,0,0,0,0.173,0.116,0.026,0.011,0.009,0.000,5,4,3,0
0.138,0.353,0.417,-1.19,0.219,1,0.0355,0.0263,0.330,0.586,0.173,0.120,0.029,0.000,0.000,0.000,8,0,0,0,0.173,0.116,0.026,0.011,0.009,0.000,5,4,3,0
0.114,0.241,0.160,0,0.000,0,0.0420,0.0315,0.315,0.166,0.173,0.120,0.029,0.000,0.000,0.000,8,0,0,0,0.173,0.116,0.026,0.011,0.009,0.000,5,4,3,0
0.114,0.272,0.038,0.85,0.046,0,0.0488,0.0362,0.049,0.06,0.173,0.120,0.029,0.000,0.000,0.000,8,0,0,0,0.173,0.116,0.026,0.011,0.009,0.000,5,4,3,0
0.134,0.248,0.001,3.14,0.186,0,0.0487,0.0369,0.048,-0.486,0.173,0.120,0.029,0.000,0.000,0.000,8,0,0,0,0.173,0.116,0.026,0.011,0.009,0.000,5,4,3,0
0.126,0.327,0.113,1.37,0.298,0,0.0532,0.0406,0.170,-0.510,0.173,0.120,0.029,0.000,0.000,0.000,8,0,0,0,0.173,0.116,0.026,0.011,0.009,0.000,5,4,3,0
0.135,0.201,0.005,-0.79,0.151,-1,0.0598,0.0458,0.292,0.736,0.173,0.120,0.029,0.000,0.000,0.000,8,0,0,0,0.173,0.116,0.026,0.011,0.009,0.000,5,4,3,0
0.166,0.188,0.004,1.99,0.186,0,0.0680,0.0518,0.040,-0.326,0.173,0.120,0.029,0.000,0.000,0.000,8,0,0,0,0.173,0.116,0.026,0.011,0.009,0.000,5,4,3,0
0.159,0.174,0.001,0.85,0.046,0,0.0712,0.0537,0.036,0.06,0.173,0.120,0.029,0.000,0.000,0.000,8,0,0,0,0.173,0.116,0.026,0.011,0.009,0.000,5,4,3,0
0.164,0.229,0.212,-0.42,0.180,0,0.0748,0.0561,0.323,0.318,0.173,0.120,0.029,0.000,0.000,0.000,8,0,0,0,0.173,0.116,0.026,0.011,0.009,0.000,5,4,3,0
0.127,0.156,0.030,0.85,0.046,0,0.0744,0.0563,0.244,0.06,0.173,0.120,0.029,0.000,0.000,0.000,8,0,0,0,0.173,0.116,0.026,0.011,0.009,0.000,5,4,3,0
0.124,0.206,0.063,1.99,0.186,0,0.0697,0.0535,0.120,-0.326,0.173,0.120,0.029,0.000,0.000,0.000,8,0,0,0,0.173,0.116,0.026,0.011,0.009,0.000,5,4,3,0
0.095,0.302,0.117,1.69,0.290,0,0.0631,0.0501,0.184,-0.697,0.173,0.120,0.029,0.000,0.000,0.000,8,0,0,0,0.173,0.116,0.026,0.011,0.009,0.000,5,4,3,0
0.093,0.262,0.081,0,0.000,0,0.0554,0.0463,0.264,0.166,0.173,0.120,0.029,0.000,0.000,0.000,8,0,0,0,0.173,0.116,0.026,0.011,0.009,0.000,5,4,3,0
0.083,0.299,0.020,-1.14,0.131,0,0.0508,0.0448,0.410,0.987,0.173,0.120,0.029,0.000,0.000,0.000,8,0,0,0,0.173,0.116,0.026,0.011,0.009,0.000,5,4,3,0
0.069,0.288,0.106,-1.1,0.105,-1,0.0385,0.0361,0.535,0.192,0.173,0.120,0.029,0.000,0.000,0.000,8,0,0,0,0.173,0.116,0.026,0.011,0.009,0.000,5,4,3,0
0.074,0.281,0.164,-0.52,0.062,0,0.0315,0.0314,0.231,0.341,0.173,0.120,0.029,0.000,0.000,0.000,8,0,0,0,0.173,0.116,0.026,0.011,0.009,0.000,5,4,3,0
0.075,0.455,0.538,-1.19,0.219,1,0.0303,0.0322,0.450,0.586,0.173,0.120,0.029,0.000,0.000,0.000,8,0,0,0,0.173,0.116,0.026,0.011,0.009,0.000,5,4,3,0
0.076,0.301,0.335,2.53,0.140,0,0.0371,0.0430,0.172,-0.121,0.173,0.120,0.029,0.000,0.000,0.000,8,0,0,0,0.173,0.116,0.026,0.011,0.009,0.000,5,4,3,0
0.061,0.461,0.823,0.2,0.291,1,0.0464,0.0581,0.340,0.180,0.173,0.120,0.029,0.000,0.000,0.000,8,0,0,0,0.173,0.116,0.026,0.011,0.009,0.000,5,4,3,0
0.060,0.309,0.532,1.69,0.290,0,0.0632,0.0803,0.107,-0.697,0.173,0.120,0.029,0.000,0.000,0.000,8,0,0,0,0.173,0.116,0.026,0.011,0.009,0.000,5,4,3,0
0.061,0.381,0.762,-0.42,0.180,0,0.0763,0.0975,0.210,0.318,0.173,0.120,0.029,0.000,0.000,0.000,8,0,0,0,0.173,0.116,0.026,0.011,0.009,0.000,5,4,3,0
0.062,0.332,0.551,-1.14,0.131,0,0.0814,0.1072,0.187,0.987,0.173,0.120,0.029,0.000,0.000,0.000,8,0,0,0,0.173,0.116,0.026,0.011,0.009,0.000,5,4,3,0
0.073,0.296,0.575,2.53,0.140,0,0.0797,0.1066,0.104,-0.121,0.173,0.120,0.029,0.000,0.000,0.000,8,0,0,0,0.173,0.116,0.026,0.011,0.009,0.000,5,4,3,0
0.058,0.460,0.613,1.37,0.298,0,0.0733,0.0993,0.209,-0.510,0.173,0.120,0.029,0.000,0.000,0.000,8,0,0,0,0.173,0.116,0.026,0.011,0.009,0.000,5,4,3,0
0.061,0.370,0.446,1.69,0.290,0,0.0648,0.0893,0.072,-0.697,0.173,0.120,0.029,0.000,0.000,0.000,8,0,0,0,0.173,0.116,0.026,0.011,0.009,0.000,5,4,3,0
0.064,0.375,0.327,-1.14,0.131,0,0.0491,0.0734,0.190,0.987,0.173,0.120,0.029,0.000,0.000,0.000,8,0,0,0,0.173,0.116,0.026,0.011,0.009,0.000,5,4,3,0
0.041,0.302,0.428,1.69,0.290,0,0.0365,0.0618,0.179,-0.697,0.173,0.120,0.029,0.000,0.000,0.000,8,0,0,0,0.173,0.116,0.026,0.011,0.009,0.000,5,4,3,0
0.022,0.234,0.373,2.53,0.140,0,0.0216,0.0454,0.155,-0.121,0.173,0.120,0.029,0.000,0.000,0.000,8,0,0,0,0.173,0.116,0.026,0.011,0.009,0.000,5,4,3,0
0.021,0.242,0.474,-0.79,0.151,-1,0.0138,0.0402,0.260,0.736,0.173,0.120,0.029,0.000,0.000,0.000,8,0,0,0,0.173,0.116,0.026,0.011,0.009,0.000,5,4,3,0
0.016,0.270,0.255,-1.14,0.131,0,0.0131,0.0447,0.342,0.987,0.173,0.120,0.029,0.000,0.000,0.000,8,0,0,0,0.173,0.116,0.026,0.011,0.009,0.000,5,4,3,0
0.020,0.310,0.429,0,0.000,0,0.0155,0.0515,0.276,0.166,0.173,0.120,0.029,0.000,0.000,0.000,8,0,0,0,0.173,0.116,0.026,0.011,0.009,0.000,5,4,3,0
0.021,0.249,0.145,0.85,0.046,0,0.0256,0.0670,0.160,0.06,0.173,0.120,0.029,0.000,0.000,0.000,8,0,0,0,0.173,0.116,0.026,0.011,0.009,0.000,5,4,3,0
0.028,0.323,0.606,-0.42,0.180,0,0.0273,0.0754,0.222,0.318,0.173,0.120,0.029,0.000,0.000,0.000,8,0,0,0,0.173,0.116,0.026,0.011,0.009,0.000,5,4,3,0
0.019,0.302,0.123,1.69,0.290,0,0.0338,0.0880,0.055,-0.697,0.173,0.120,0.029,0.000,0.000,0.000,8,0,0,0,0.173,0.116,0.026,0.011,0.009,0.000,5,4,3,0
0.021,0.280,0.342,0.85,0.046,0,0.0414,0.1014,0.064,0.06,0.173,0.120,0.029,0.000,0.000,0.000,8,0,0,0,0.173,0.116,0.026,0.011,0.009,0.000,5,4,3,0
0.021,0.312,0.064,2.53,0.140,0,0.0514,0.1186,0.083,-0.121,0.173,0.120,0.029,0.000,0.000,0.000,8,0,0,0,0.173,0.116,0.026,0.011,0.009,0.000,5,4,3,0
0.022,0.441,0.346,1.76,0.409,0,0.0573,0.1294,0.122,-0.884,0.173,0.120,0.029,0.000,0.000,0.000,8,0,0,0,0.173,0.116,0.026,0.011,0.009,0.000,5,4,3,0
0.028,0.443,0.362,1.76,0.409,0,0.0594,0.1349,0.093,-0.884,0.173,0.120,0.029,0.000,0.000,0.000,8,0,0,0,0.173,0.116,0.026,0.011,0.009,0.000,5,4,3,0
0.028,0.336,0.146,-1.14,0.131,0,0.0588,0.1349,0.205,0.987,0.173,0.120,0.029,0.000,0.000,0.000,8,0,0,0,0.173,0.116,0.026,0.011,0.009,0.000,5,4,3,0
0.036,0.377,0.252,-0.79,0.151,-1,0.0627,0.1385,0.498,0.736,0.173,0.120,0.029,0.000,0.000,0.000,8,0,0,0,0.173,0.116,0.026,0.011,0.009,0.000,5,4,3,0
0.038,0.301,0.310,0,0.000,0,0.0562,0.1301,0.423,0.166,0.173,0.120,0.029,0.000,0.000,0.000,8,0,0,0,0.173,0.116,0.026,0.011,0.009,0.000,5,4,3,0
0.039,0.382,0.252,0,0.000,0,0.0489,0.1198,0.215,0.166,0.173,0.120,0.029,0.000,0.000,0.000,8,0,0,0,0.173,0.116,0.026,0.011,0.009,0.000,5,4,3,0
0.039,0.415,0.351,-1.19,0.219,1,0.0498,0.1182,0.363,0.586,0.173,0.120,0.029,0.000,0.000,0.000,8,0,0,0,0.173,0.116,0.026,0.011,0.009,0.000,5,4,3,0
0.043,0.518,0.556,1.76,0.409,0,0.0560,0.1222,0.122,-0.884,0.173,0.120,0.029,0.000,0.000,0.000,8,0,0,0,0.173,0.116,0.026,0.011,0.009,0.000,5,4,3,0
0.051,0.351,0.384,1.99,0.186,0,0.0671,0.1316,0.108,-0.326,0.173,0.120,0.029,0.000,0.000,0.000,8,0,0,0,0.173,0.116,0.026,0.011,0.009,0.000,5,4,3,0
0.064,0.443,0.574,-0.79,0.151,-1,0.0797,0.1418,0.297,0.736,0.173,0.120,0.029,0.000,0.000,0.000,8,0,0,0,0.173,0.116,0.026,0.011,0.009,0.000,5,4,3,0
0.064,0.359,0.424,1.99,0.186,0,0.0975,0.1617,0.144,-0.326,0.173,0.120,0.029,0.000,0.000,0.000,8,0,0,0,0.173,0.116,0.026,0.011,0.009,0.000,5,4,3,0
0.076,0.392,0.310,0,0.000,0,0.1068,0.1714,0.162,0.166,0.173,0.120,0.029,0.000,0.000,0.000,8,0,0,0,0.173,0.116,0.026,0.011,0.009,0.000,5,4,3,0
0.108,0.699,0.655,0,0.000,0,0.1049,0.1663,0.221,0.166,0.173,0.120,0.029,0.000,0.000,0.000,8,0,0,0,0.173,0.116,0.026,0.011,0.009,0.000,5,4,3,0
0.114,0.702,0.423,0.85,0.046,0,0.0978,0.1551,0.175,0.06,0.173,0.120,0.029,0.000,0.000,0.000,8,0,0,0,0.173,0.116,0.026,0.011,0.009,0.000,5,4,3,0
0.139,0.750,0.490,0,0.000,0,0.0841,0.1350,0.190,0.166,0.173,0.120,0.029,0.000,0.000,0.000,8,0,0,0,0.173,0.116,0.026,0.011,0.009,0.000,5,4,3,0
0.131,0.720,0.711,1.42,0.221,0,0.0743,0.1213,0.214,-0.397,0.173,0.120,0.029,0.000,0.000,0.000,8,0,0,0,0.173,0.116,0.026,0.011,0.009,0.000,5,4,3,0
0.129,0.747,0.419,2.53,0.140,0,0.0673,0.1116,0.126,-0.121,0.173,0.120,0.029,0.000,0.000,0.000,8,0,0,0,0.173,0.116,0.026,0.011,0.009,0.000,5,4,3,0
0.093,0.808,0.554,0.22,0.230,0,0.0656,0.1105,0.142,0.303,0.173,0.120,0.029,0.000,0.000,0.000,8,0,0,0,0.173,0.116,0.026,0.011,0.009,0.000,5,4,3,0
0.139,0.350,0.536,-1.14,0.131,0,0.0634,0.1095,0.254,0.987,0.173,0.120,0.029,0.000,0.000,0.000,8,0,0,0,0.173,0.116,0.026,0.011,0.009,0.000,5,4,3,0
0.114,0.767,0.446,-1.19,0.219,1,0.0649,0.1128,0.343,0.586,0.173,0.120,0.029,0.000,0.000,0.000,8,0,0,0,0.173,0.116,0.026,0.011,0.009,0.000,5,4,3,0
0.145,0.253,0.111,2.53,0.140,0,0.0705,0.1190,0.062,-0.121,0.173,0.120,0.029,0.000,0.000,0.000,8,0,0,0,0.173,0.116,0.026,0.011,0.009,0.000,5,4,3,0
0.145,0.311,0.056,1.69,0.290,0,0.0824,0.1296,0.137,-0.697,0.173,0.120,0.029,0.000,0.000,0.000,8,0,0,0,0.173,0.116,0.026,0.011,0.009,0.000,5,4,3,0
0.145,0.251,0.299,-0.42,0.180,0,0.0886,0.1368,0.410,0.318,0.173,0.120,0.029,0.000,0.000,0.000,8,0,0,0,0.173,0.116,0.026,0.011,0.009,0.000,5,4,3,0
0.142,0.236,0.162,0.85,0.046,0,0.0925,0.1399,0.082,0.06,0.173,0.120,0.029,0.000,0.000,0.000,8,0,0,0,0.173,0.116,0.026,0.011,0.009,0.000,5,4,3,0
0.135,0.225,0.072,2.53,0.140,0,0.0848,0.1323,0.056,-0.121,0.173,0.120,0.029,0.000,0.000,0.000,8,0,0,0,0.173,0.116,0.026,0.011,0.009,0.000,5,4,3,0
0.126,0.279,0.054,-1.1,0.105,-1,0.0778,0.1234,0.288,0.192,0.173,0.120,0.029,0.000,0.000,0.000,8,0,0,0,0.173,0.116,0.026,0.011,0.009,0.000,5,4,3,0
0.122,0.259,0.246,0.85,0.046,0,0.0721,0.1147,0.212,0.06,0.173,0.120,0.029,0.000,0.000,0.000,8,0,0,0,0.173,0.116,0.026,0.011,0.009,0.000,5,4,3,0
0.109,0.399,0.345,1.37,0.298,0,0.0744,0.1155,0.110,-0.510,0.173,0.120,0.029,0.000,0.000,0.000,8,0,0,0,0.173,0.116,0.026,0.011,0.009,0.000,5,4,3,0
0.105,0.394,0.499,0.2,0.291,1,0.0806,0.1208,0.274,0.180,0.173,0.120,0.029,0.000,0.000,0.000,8,0,0,0,0.173,0.116,0.026,0.011,0.009,0.000,5,4,3,0
0.113,0.239,0.159,-0.79,0.151,-1,0.0859,0.1235,0.537,0.736,0.173,0.120,0.029,0.000,0.000,0.000,8,0,0,0,0.173,0.116,0.026,0.011,0.009,0.000,5,4,3,0
0.090,0.335,0.387,0.2,0.291,1,0.0860,0.1202,0.415,0.180,0.173,0.120,0.029,0.000,0.000,0.000,8,0,0,0,0.173,0.116,0.026,0.011,0.009,0.000,5,4,3,0
0.086,0.227,0.009,1.99,0.186,0,0.0839,0.1140,0.176,-0.326,0.173,0.120,0.029,0.000,0.000,0.000,8,0,0,0,0.173,0.116,0.026,0.011,0.009,0.000,5,4,3,0
0.107,0.273,0.002,0,0.000,0,0.0777,0.1027,0.488,0.166,0.173,0.120,0.029,0.000,0.000,0.000,8,0,0,0,0.173,0.116,0.026,0.011,0.009,0.000,5,4,3,0
0.091,0.317,0.002,1.99,0.186,0,0.0746,0.0960,0.161,-0.326,0.173,0.120,0.029,0.000,0.000,0.000,8,0,0,0,0.173,0.116,0.026,0.011,0.009,0.000,5,4,3,0
0.091,0.298,0.002,-1.14,0.131,0,0.0700,0.0878,0.256,0.987,0.173,0.120,0.029,0.000,0.000,0.000,8,0,0,0,0.173,0.116,0.026,0.011,0.009,0.000,5,4,3,0
0.074,0.320,0.002,-1.14,0.131,0,0.0651,0.0796,0.336,0.987,0.173,0.120,0.029,0.000,0.000,0.000,8,0,0,0,0.173,0.116,0.026,0.011,0.009,0.000,5,4,3,0
0.079,0.302,0.004,0.85,0.046,0,0.0560,0.0677,0.197,0.06,0.173,0.120,0.029,0.000,0.000,0.000,8,0,0,0,0.173,0.116,0.026,0.011,0.009,0.000,5,4,3,0
0.078,0.707,0.042,1.37,0.298,0,0.0483,0.0582,0.177,-0.510,0.173,0.120,0.029,0.000,0.000,0.000,8,0,0,0,0.173,0.116,0.026,0.011,0.009,0.000,5,4,3,0
0.090,0.444,0.217,0.2,0.291,1,0.0403,0.0482,0.331,0.180,0.173,0.120,0.029,0.000,0.000,0.000,8,0,0,0,0.173,0.116,0.026,0.011,0.009,0.000,5,4,3,0
0.086,0.408,0.054,0,0.000,0,0.0347,0.0397,0.172,0.166,0.173,0.120,0.029,0.000,0.000,0.000,8,0,0,0,0.173,0.116,0.026,0.011,0.009,0.000,5,4,3,0
0.086,0.343,0.431,2.53,0.140,0,0.0361,0.0395,0.099,-0.121,0.173,0.120,0.029,0.000,0.000,0.000,8,0,0,0,0.173,0.116,0.026,0.011,0.009,0.000,5,4,3,0
0.086,0.365,0.387,-0.08,0.108,0,0.0407,0.0416,0.140,0.059,0.173,0.120,0.029,0.000,0.000,0.000,8,0,0,0,0.173,0.116,0.026,0.011,0.009,0.000,5,4,3,0
0.086,0.398,0.534,0,0.000,0,0.0347,0.0350,0.086,0.166,0.173,0.120,0.029,0.000,0.000,0.000,8,0,0,0,0.173,0.116,0.026,0.011,0.009,0.000,5,4,3,0
0.085,0.437,0.378,1.69,0.290,0,0.0308,0.0303,0.129,-0.697,0.173,0.120,0.029,0.000,0.000,0.000,8,0,0,0,0.173,0.116,0.026,0.011,0.009,0.000,5,4,3,0
0.089,0.388,0.549,0.85,0.046,0,0.0256,0.0247,0.061,0.06,0.173,0.120,0.029,0.000,0.000,0.000,8,0,0,0,0.173,0.116,0.026,0.011,0.009,0.000,5,4,3,0
0.093,0.421,0.463,1.69,0.290,0,0.0213,0.0198,0.119,-0.697,0.173,0.120,0.029,0.000,0.000,0.000,8,0,0,0,0.173,0.116,0.026,0.011,0.009,0.000,5,4,3,0
0.101,0.451,0.585,0,0.000,0,0.0171,0.0151,0.134,0.166,0.173,0.120,0.029,0.000,0.000,0.000,8,0,0,0,0.173,0.116,0.026,0.011,0.009,0.000,5,4,3,0
0.090,0.360,0.557,1.99,0.186,0,0.0166,0.0139,0.137,-0.326,0.173,0.120,0.029,0.000,0.000,0.000,8,0,0,0,0.173,0.116,0.026,0.011,0.009,0.000,5,4,3,0
0.103,0.387,0.588,0,0.000,0,0.0133,0.0104,0.138,0.166,0.173,0.120,0.029,0.000,0.000,0.000,8,0,0,0,0.173,0.116,0.026,0.011,0.009,0.000,5,4,3,0
0.096,0.293,0.395,2.53,0.140,0,0.0123,0.0093,0.118,-0.121,0.173,0.120,0.029,0.000,0.000,0.000,8,0,0,0,0.173,0.116,0.026,0.011,0.009,0.000,5,4,3,0
0.090,0.265,0.585,-0.79,0.151,-1,0.0119,0.0087,0.306,0.736,0.173,0.120,0.029,0.000,0.000,0.000,8,0,0,0,0.173,0.116,0.026,0.011,0.009,0.000,5,4,3,0
0.086,0.513,0.751,0.2,0.291,1,0.0116,0.0084,0.161,0.180,0.173,0.120,0.029,0.000,0.000,0.000,8,0,0,0,0.173,0.116,0.026,0.011,0.009,0.000,5,4,3,0
0.089,0.295,0.099,1.99,0.186,0,0.0114,0.0082,0.072,-0.326,0.173,0.120,0.029,0.000,0.000,0.000,8,0,0,0,0.173,0.116,0.026,0.011,0.009,0.000,5,4,3,0
0.090,0.312,0.081,0.85,0.046,0,0.0117,0.0085,0.109,0.06,0.173,0.120,0.029,0.000,0.000,0.000,8,0,0,0,0.173,0.116,0.026,0.011,0.009,0.000,5,4,3,0
0.098,0.369,0.522,1.42,0.221,0,0.0105,0.0070,0.138,-0.397,0.173,0.120,0.029,0.000,0.000,0.000,8,0,0,0,0.173,0.116,0.026,0.011,0.009,0.000,5,4,3,0
0.080,0.345,0.261,1.99,0.186,0,0.0101,0.0065,0.141,-0.326,0.173,0.120,0.029,0.000,0.000,0.000,8,0,0,0,0.173,0.116,0.026,0.011,0.009,0.000,5,4,3,0
0.080,0.498,0.461,0.2,0.291,1,0.0099,0.0062,0.321,0.180,0.173,0.120,0.029,0.000,0.000,0.000,8,0,0,0,0.173,0.116,0.026,0.011,0.009,0.000,5,4,3,0
0.080,0.447,0.392,1.37,0.298,0,0.0100,0.0063,0.229,-0.510,0.173,0.120,0.029,0.000,0.000,0.000,8,0,0,0,0.173,0.116,0.026,0.011,0.009,0.000,5,4,3,0
0.082,0.417,0.286,0,0.000,0,0.0094,0.0056,0.259,0.166,0.173,0.120,0.029,0.000,0.000,0.000,8,0,0,0,0.173,0.116,0.026,0.011,0.009,0.000,5,4,3,0
0.084,0.352,0.295,3.14,0.186,0,0.0098,0.0059,0.084,-0.486,0.173,0.120,0.029,0.000,0.000,0.000,8,0,0,0,0.173,0.116,0.026,0.011,0.009,0.000,5,4,3,0
0.083,0.353,0.295,-1.14,0.131,0,0.0098,0.0059,0.293,0.987,0.173,0.120,0.029,0.000,0.000,0.000,8,0,0,0,0.173,0.116,0.026,0.011,0.009,0.000,5,4,3,0
0.127,0.399,0.533,-1.1,0.105,-1,0.0090,0.0052,0.218,0.192,0.173,0.120,0.029,0.000,0.000,0.000,8,0,0,0,0.173,0.116,0.026,0.011,0.009,0.000,5,4,3,0
0.101,0.322,0.375,3.14,0.186,0,0.0087,0.0051,0.059,-0.486,0.173,0.120,0.029,0.000,0.000,0.000,8,0,0,0,0.173,0.116,0.026,0.011,0.009,0.000,5,4,3,0
0.101,0.729,0.582,0.2,0.291,1,0.0086,0.0050,0.247,0.180,0.173,0.120,0.029,0.000,0.000,0.000,8,0,0,0,0.173,0.116,0.026,0.011,0.009,0.000,5,4,3,0
0.081,0.565,0.194,1.37,0.298,0,0.0088,0.0053,0.201,-0.510,0.173,0.120,0.029,0.000,0.000,0.000,8,0,0,0,0.173,0.116,0.026,0.011,0.009,0.000,5,4,3,0
0.075,0.500,0.094,1.69,0.290,0,0.0091,0.0052,0.112,-0.697,0.173,0.120,0.029,0.000,0.000,0.000,8,0,0,0,0.173,0.116,0.026,0.011,0.009,0.000,5,4,3,0
0.062,0.536,0.453,1.69,0.290,0,0.0098,0.0063,0.138,-0.697,0.173,0.120,0.029,0.000,0.000,0.000,8,0,0,0,0.173,0.116,0.026,0.011,0.009,0.000,5,4,3,0
0.074,0.681,0.342,0,0.000,0,0.0107,0.0092,0.213,0.166,0.173,0.120,0.029,0.000,0.000,0.000,8,0,0,0,0.173,0.116,0.026,0.011,0.009,0.000,5,4,3,0
0.085,0.526,0.436,0,0.000,0,0.0113,0.0103,0.175,0.166,0.173,0.120,0.029,0.000,0.000,0.000,8,0,0,0,0.173,0.116,0.026,0.011,0.009,0.000,5,4,3,0
0.084,0.586,0.604,0.2,0.291,1,0.0104,0.0013,0.245,0.180,0.173,0.120,0.029,0.000,0.000,0.000,8,0,0,0,0.173,0.116,0.026,0.011,0.009,0.000,5,4,3,0
0.085,0.411,0.424,1.99,0.186,0,0.0091,-0.0081,0.110,-0.326,0.173,0.120,0.029,0.000,0.000,0.000,8,0,0,0,0.173,0.116,0.026,0.011,0.009,0.000,5,4,3,0
0.087,0.516,0.544,-1.19,0.219,1,0.0081,-0.0105,0.411,0.586,0.173,0.120,0.029,0.000,0.000,0.000,8,0,0,0,0.173,0.116,0.026,0.011,0.009,0.000,5,4,3,0
0.088,0.378,0.570,1.69,0.290,0,0.0071,-0.0070,0.106,-0.697,0.173,0.120,0.029,0.000,0.000,0.000,8,0,0,0,0.173,0.116,0.026,0.011,0.009,0.000,5,4,3,0
0.087,0.291,0.379,1.99,0.186,0,0.0068,0.0119,0.101,-0.326,0.173,0.120,0.029,0.000,0.000,0.000,8,0,0,0,0.173,0.116,0.026,0.011,0.009,0.000,5,4,3,0
0.079,0.281,0.245,-0.79,0.151,-1,0.0076,0.0498,0.449,0.736,0.173,0.120,0.029,0.000,0.000,0.000,8,0,0,0,0.173,0.116,0.026,0.011,0.009,0.000,5,4,3,0
0.088,0.330,0.352,-0.42,0.180,0,0.0093,0.1081,0.366,0.318,0.173,0.120,0.029,0.000,0.000,0.000,8,0,0,0,0.173,0.116,0.026,0.011,0.009,0.000,5,4,3,0
0.111,0.375,0.149,1.69,0.290,0,0.0117,0.1845,0.118,-0.697,0.173,0.120,0.029,0.000,0.000,0.000,8,0,0,0,0.173,0.116,0.026,0.011,0.009,0.000,5,4,3,0
0.144,0.351,0.388,-1.19,0.219,1,0.0141,0.2726,0.473,0.586,0.173,0.120,0.029,0.000,0.000,0.000,8,0,0,0,0.173,0.116,0.026,0.011,0.009,0.000,5,4,3,0
0.138,0.190,0.150,0,0.000,0,0.0151,0.3606,0.503,0.166,0.173,0.120,0.029,0.000,0.000,0.000,8,0,0,0,0.173,0.116,0.026,0.011,0.009,0.000,5,4,3,0
0.131,0.158,0.129,2.53,0.140,0,0.0130,0.4305,0.323,-0.121,0.173,0.120,0.029,0.000,0.000,0.000,8,0,0,0,0.173,0.116,0.026,0.011,0.009,0.000,5,4,3,0
0.119,0.233,0.047,1.99,0.186,0,0.0054,0.4569,0.665,-0.326,0.173,0.120,0.029,0.000,0.000,0.000,8,0,0,0,0.173,0.116,0.026,0.011,0.009,0.000,5,4,3,0
