0.188,0.283,0.511,-0.52,0.062,0,0.3693,0.8914,0.936,0.341,0.295,0.264,0.283,0.241,0.186,0.166,41,35,27,24,0.289,0.349,0.331,0.297,0.262,0.207,40,36,33,26
0.179,0.359,0.592,-1.19,0.219,1,0.3481,0.8408,0.635,0.586,0.295,0.264,0.283,0.241,0.186,0.166,41,35,27,24,0.289,0.349,0.331,0.297,0.262,0.207,40,36,33,26
0.138,0.220,0.337,-0.79,0.151,-1,0.3262,0.7777,0.543,0.736,0.295,0.264,0.283,0.241,0.186,0.166,41,35,27,24,0.289,0.349,0.331,0.297,0.262,0.207,40,36,33,26
0.141,0.209,0.504,-1.14,0.131,0,0.3091,0.7085,0.550,0.987,0.295,0.264,0.283,0.241,0.186,0.166,41,35,27,24,0.289,0.349,0.331,0.297,0.262,0.207,40,36,33,26
0.133,0.297,0.340,1.99,0.186,0,0.2992,0.6375,0.398,-0.326,0.295,0.264,0.283,0.241,0.186,0.166,41,35,27,24,0.289,0.349,0.331,0.297,0.262,0.207,40,36,33,26
0.135,0.525,0.595,0.2,0.291,1,0.2966,0.5678,0.430,0.180,0.295,0.264,0.283,0.241,0.186,0.166,41,35,27,24,0.289,0.349,0.331,0.297,0.262,0.207,40,36,33,26
0.137,0.417,0.370,-1.14,0.131,0,0.2994,0.5013,0.474,0.987,0.295,0.264,0.283,0.241,0.186,0.166,41,35,27,24,0.289,0.349,0.331,0.297,0.262,0.207,40,36,33,26
0.139,0.714,0.477,0.2,0.291,1,0.3045,0.4390,0.509,0.180,0.295,0.264,0.283,0.241,0.186,0.166,41,35,27,24,0.289,0.349,0.331,0.297,0.262,0.207,40,36,33,26
0.112,0.547,0.481,2.1,0.128,0,0.3082,0.3808,0.173,0.02,0.295,0.264,0.283,0.241,0.186,0.166,41,35,27,24,0.289,0.349,0.331,0.297,0.262,0.207,40,36,33,26
0.143,0.704,0.529,0.2,0.291,1,0.3064,0.3266,0.424,0.180,0.295,0.264,0.283,0.241,0.186,0.166,41,35,27,24,0.289,0.349,0.331,0.297,0.262,0.207,40,36,33,26
0.118,0.591,0.473,-1.14,0.131,0,0.2892,0.2740,0.368,0.987,0.295,0.264,0.283,0.241,0.186,0.166,41,35,27,24,0.289,0.349,0.331,0.297,0.262,0.207,40,36,33,26
0.114,0.869,0.323,3.14,0.186,0,0.2639,0.2237,0.233,-0.486,0.295,0.264,0.283,0.241,0.186,0.166,41,35,27,24,0.289,0.349,0.331,0.297,0.262,0.207,40,36,33,26
0.095,0.842,0.498,-0.48,0.134,0,0.2257,0.1765,0.393,0.007,0.295,0.264,0.283,0.241,0.186,0.166,41,35,27,24,0.289,0.349,0.331,0.297,0.262,0.207,40,36,33,26
0.111,0.879,0.260,0.85,0.046,0,0.1841,0.1355,0.210,0.06,0.295,0.264,0.283,0.241,0.186,0.166,41,35,27,24,0.289,0.349,0.331,0.297,0.262,0.207,40,36,33,26
0.117,0.868,0.577,-0.08,0.108,0,0.1326,0.0965,0.313,0.059,0.295,0.264,0.283,0.241,0.186,0.166,41,35,27,24,0.289,0.349,0.331,0.297,0.262,0.207,40,36,33,26
0.121,0.541,0.439,1.99,0.186,0,0.0930,0.0679,0.159,-0.326,0.295,0.264,0.283,0.241,0.186,0.166,41,35,27,24,0.289,0.349,0.331,0.297,0.262,0.207,40,36,33,26
0.113,0.504,0.571,0.85,0.046,0,0.0641,0.0465,0.273,0.06,0.295,0.264,0.283,0.241,0.186,0.166,41,35,27,24,0.289,0.349,0.331,0.297,0.262,0.207,40,36,33,26
0.113,0.486,0.123,2.53,0.140,0,0.0530,0.0369,0.190,-0.121,0.295,0.264,0.283,0.241,0.186,0.166,41,35,27,24,0.289,0.349,0.331,0.297,0.262,0.207,40,36,33,26
0.108,0.476,0.384,-0.79,0.151,-1,0.0532,0.0338,0.427,0.736,0.295,0.264,0.283,0.241,0.186,0.166,41,35,27,24,0.289,0.349,0.331,0.297,0.262,0.207,40,36,33,26
0.089,0.500,0.456,-1.19,0.219,1,0.0640,0.0359,0.573,0.586,0.295,0.264,0.283,0.241,0.186,0.166,41,35,27,24,0.289,0.349,0.331,0.297,0.262,0.207,40,36,33,26
0.081,0.445,0.182,-0.79,0.151,-1,0.0730,0.0391,0.594,0.736,0.295,0.264,0.283,0.241,0.186,0.166,41,35,27,24,0.289,0.349,0.331,0.297,0.262,0.207,40,36,33,26
0.081,0.479,0.146,0,0.000,0,0.0693,0.0337,0.671,0.166,0.295,0.264,0.283,0.241,0.186,0.166,41,35,27,24,0.289,0.349,0.331,0.297,0.262,0.207,40,36,33,26
0.081,0.443,0.233,2.1,0.128,0,0.0708,0.0347,0.119,0.02,0.295,0.264,0.283,0.241,0.186,0.166,41,35,27,24,0.289,0.349,0.331,0.297,0.262,0.207,40,36,33,26
0.099,0.430,0.208,-1.14,0.131,0,0.0630,0.0293,0.322,0.987,0.295,0.264,0.283,0.241,0.186,0.166,41,35,27,24,0.289,0.349,0.331,0.297,0.262,0.207,40,36,33,26
0.099,0.372,0.361,2.53,0.140,0,0.0504,0.0213,0.128,-0.121,0.295,0.264,0.283,0.241,0.186,0.166,41,35,27,24,0.289,0.349,0.331,0.297,0.262,0.207,40,36,33,26
0.106,0.438,0.435,2.1,0.128,0,0.0350,0.0133,0.117,0.02,0.295,0.264,0.283,0.241,0.186,0.166,41,35,27,24,0.289,0.349,0.331,0.297,0.262,0.207,40,36,33,26
0.095,0.875,0.321,3.14,0.186,0,0.0226,0.0071,0.063,-0.486,0.295,0.264,0.283,0.241,0.186,0.166,41,35,27,24,0.289,0.349,0.331,0.297,0.262,0.207,40,36,33,26
0.097,0.874,0.392,-0.08,0.108,0,0.0174,0.0033,0.140,0.059,0.295,0.264,0.283,0.241,0.186,0.166,41,35,27,24,0.289,0.349,0.331,0.297,0.262,0.207,40,36,33,26
0.093,0.868,0.186,2.53,0.140,0,0.0164,0.0040,0.130,-0.121,0.295,0.264,0.283,0.241,0.186,0.166,41,35,27,24,0.289,0.349,0.331,0.297,0.262,0.207,40,36,33,26
0.108,0.864,0.481,-0.48,0.134,0,0.0114,0.0038,0.332,0.007,0.295,0.264,0.283,0.241,0.186,0.166,41,35,27,24,0.289,0.349,0.331,0.297,0.262,0.207,40,36,33,26
0.091,0.878,0.421,-0.08,0.108,0,0.0143,0.0050,0.194,0.059,0.295,0.264,0.283,0.241,0.186,0.166,41,35,27,24,0.289,0.349,0.331,0.297,0.262,0.207,40,36,33,26
0.106,0.879,0.707,-0.08,0.108,0,0.0177,0.0056,0.235,0.059,0.295,0.264,0.283,0.241,0.186,0.166,41,35,27,24,0.289,0.349,0.331,0.297,0.262,0.207,40,36,33,26
0.108,0.423,0.562,3.14,0.186,0,0.0201,0.0047,0.177,-0.486,0.295,0.264,0.283,0.241,0.186,0.166,41,35,27,24,0.289,0.349,0.331,0.297,0.262,0.207,40,36,33,26
0.105,0.473,0.554,2.1,0.128,0,0.0332,0.0063,0.141,0.02,0.295,0.264,0.283,0.241,0.186,0.166,41,35,27,24,0.289,0.349,0.331,0.297,0.262,0.207,40,36,33,26
0.109,0.444,0.516,0.85,0.046,0,0.0518,0.0086,0.283,0.06,0.295,0.264,0.283,0.241,0.186,0.166,41,35,27,24,0.289,0.349,0.331,0.297,0.262,0.207,40,36,33,26
0.106,0.848,0.479,0,0.000,0,0.0720,0.0112,0.237,0.166,0.295,0.264,0.283,0.241,0.186,0.166,41,35,27,24,0.289,0.349,0.331,0.297,0.262,0.207,40,36,33,26
0.105,0.846,0.552,1.37,0.298,0,0.0797,0.0111,0.313,-0.510,0.295,0.264,0.283,0.241,0.186,0.166,41,35,27,24,0.289,0.349,0.331,0.297,0.262,0.207,40,36,33,26
0.108,0.838,0.484,2.1,0.128,0,0.0800,0.0103,0.097,0.02,0.295,0.264,0.283,0.241,0.186,0.166,41,35,27,24,0.289,0.349,0.331,0.297,0.262,0.207,40,36,33,26
0.113,0.837,0.585,-1.14,0.131,0,0.0920,0.0116,0.329,0.987,0.295,0.264,0.283,0.241,0.186,0.166,41,35,27,24,0.289,0.349,0.331,0.297,0.262,0.207,40,36,33,26
0.108,0.834,0.648,-0.08,0.108,0,0.1070,0.0134,0.361,0.059,0.295,0.264,0.283,0.241,0.186,0.166,41,35,27,24,0.289,0.349,0.331,0.297,0.262,0.207,40,36,33,26
0.128,0.479,0.585,1.42,0.221,0,0.1143,0.0139,0.180,-0.397,0.295,0.264,0.283,0.241,0.186,0.166,41,35,27,24,0.289,0.349,0.331,0.297,0.262,0.207,40,36,33,26
0.134,0.509,0.471,-0.08,0.108,0,0.1202,0.0149,0.266,0.059,0.295,0.264,0.283,0.241,0.186,0.166,41,35,27,24,0.289,0.349,0.331,0.297,0.262,0.207,40,36,33,26
0.134,0.512,0.658,0.2,0.291,1,0.1244,0.0156,0.389,0.180,0.295,0.264,0.283,0.241,0.186,0.166,41,35,27,24,0.289,0.349,0.331,0.297,0.262,0.207,40,36,33,26
0.133,0.421,0.379,2.53,0.140,0,0.1303,0.0173,0.166,-0.121,0.295,0.264,0.283,0.241,0.186,0.166,41,35,27,24,0.289,0.349,0.331,0.297,0.262,0.207,40,36,33,26
0.130,0.364,0.226,1.99,0.186,0,0.1393,0.0196,0.129,-0.326,0.295,0.264,0.283,0.241,0.186,0.166,41,35,27,24,0.289,0.349,0.331,0.297,0.262,0.207,40,36,33,26
0.129,0.362,0.160,-0.42,0.180,0,0.1626,0.0250,0.460,0.318,0.295,0.264,0.283,0.241,0.186,0.166,41,35,27,24,0.289,0.349,0.331,0.297,0.262,0.207,40,36,33,26
0.130,0.303,0.148,0,0.000,0,0.1819,0.0301,0.326,0.166,0.295,0.264,0.283,0.241,0.186,0.166,41,35,27,24,0.289,0.349,0.331,0.297,0.262,0.207,40,36,33,26
0.124,0.230,0.094,2.53,0.140,0,0.1873,0.0313,0.271,-0.121,0.295,0.264,0.283,0.241,0.186,0.166,41,35,27,24,0.289,0.349,0.331,0.297,0.262,0.207,40,36,33,26
0.107,0.149,0.070,1.99,0.186,0,0.1948,0.0335,0.195,-0.326,0.295,0.264,0.283,0.241,0.186,0.166,41,35,27,24,0.289,0.349,0.331,0.297,0.262,0.207,40,36,33,26
0.116,0.157,0.009,-1.14,0.131,0,0.1930,0.0340,0.466,0.987,0.295,0.264,0.283,0.241,0.186,0.166,41,35,27,24,0.289,0.349,0.331,0.297,0.262,0.207,40,36,33,26
0.118,0.191,0.011,0.85,0.046,0,0.1894,0.0350,0.392,0.06,0.295,0.264,0.283,0.241,0.186,0.166,41,35,27,24,0.289,0.349,0.331,0.297,0.262,0.207,40,36,33,26
0.113,0.191,0.039,1.99,0.186,0,0.1818,0.0340,0.193,-0.326,0.295,0.264,0.283,0.241,0.186,0.166,41,35,27,24,0.289,0.349,0.331,0.297,0.262,0.207,40,36,33,26
0.123,0.221,0.141,-1.14,0.131,0,0.1733,0.0327,0.329,0.987,0.295,0.264,0.283,0.241,0.186,0.166,41,35,27,24,0.289,0.349,0.331,0.297,0.262,0.207,40,36,33,26
0.098,0.442,0.497,-0.42,0.180,0,0.1781,0.0349,0.456,0.318,0.295,0.264,0.283,0.241,0.186,0.166,41,35,27,24,0.289,0.349,0.331,0.297,0.262,0.207,40,36,33,26
0.079,0.433,0.461,2.53,0.140,0,0.1706,0.0339,0.148,-0.121,0.295,0.264,0.283,0.241,0.186,0.166,41,35,27,24,0.289,0.349,0.331,0.297,0.262,0.207,40,36,33,26
0.084,0.357,0.649,2.53,0.140,0,0.1559,0.0320,0.218,-0.121,0.295,0.264,0.283,0.241,0.186,0.166,41,35,27,24,0.289,0.349,0.331,0.297,0.262,0.207,40,36,33,26
0.084,0.445,0.579,2.1,0.128,0,0.1544,0.0328,0.161,0.02,0.295,0.264,0.283,0.241,0.186,0.166,41,35,27,24,0.289,0.349,0.331,0.297,0.262,0.207,40,36,33,26
0.086,0.695,0.734,-0.48,0.134,0,0.1587,0.0351,0.334,0.007,0.295,0.264,0.283,0.241,0.186,0.166,41,35,27,24,0.289,0.349,0.331,0.297,0.262,0.207,40,36,33,26
0.086,0.723,0.638,1.37,0.298,0,0.1639,0.0385,0.197,-0.510,0.295,0.264,0.283,0.241,0.186,0.166,41,35,27,24,0.289,0.349,0.331,0.297,0.262,0.207,40,36,33,26
0.082,0.710,0.614,0.2,0.291,1,0.1523,0.0347,0.481,0.180,0.295,0.264,0.283,0.241,0.186,0.166,41,35,27,24,0.289,0.349,0.331,0.297,0.262,0.207,40,36,33,26
0.088,0.468,0.324,-1.1,0.105,-1,0.1382,0.0315,0.434,0.192,0.295,0.264,0.283,0.241,0.186,0.166,41,35,27,24,0.289,0.349,0.331,0.297,0.262,0.207,40,36,33,26
0.090,0.438,0.332,2.53,0.140,0,0.1254,0.0293,0.186,-0.121,0.295,0.264,0.283,0.241,0.186,0.166,41,35,27,24,0.289,0.349,0.331,0.297,0.262,0.207,40,36,33,26
0.086,0.698,0.469,0.2,0.291,1,0.1120,0.0267,0.388,0.180,0.295,0.264,0.283,0.241,0.186,0.166,41,35,27,24,0.289,0.349,0.331,0.297,0.262,0.207,40,36,33,26
0.094,0.457,0.594,1.69,0.290,0,0.1252,0.0339,0.155,-0.697,0.295,0.264,0.283,0.241,0.186,0.166,41,35,27,24,0.289,0.349,0.331,0.297,0.262,0.207,40,36,33,26
0.099,0.416,0.234,-0.79,0.151,-1,0.1467,0.0430,0.463,0.736,0.295,0.264,0.283,0.241,0.186,0.166,41,35,27,24,0.289,0.349,0.331,0.297,0.262,0.207,40,36,33,26
0.099,0.455,0.548,-0.52,0.062,0,0.1743,0.0542,0.251,0.341,0.295,0.264,0.283,0.241,0.186,0.166,41,35,27,24,0.289,0.349,0.331,0.297,0.262,0.207,40,36,33,26
0.084,0.479,0.359,3.14,0.186,0,0.2014,0.0633,0.136,-0.486,0.295,0.264,0.283,0.241,0.186,0.166,41,35,27,24,0.289,0.349,0.331,0.297,0.262,0.207,40,36,33,26
0.077,0.708,0.510,0.2,0.291,1,0.2315,0.0732,0.450,0.180,0.295,0.264,0.283,0.241,0.186,0.166,41,35,27,24,0.289,0.349,0.331,0.297,0.262,0.207,40,36,33,26
0.092,0.451,0.176,1.99,0.186,0,0.2584,0.0821,0.194,-0.326,0.295,0.264,0.283,0.241,0.186,0.166,41,35,27,24,0.289,0.349,0.331,0.297,0.262,0.207,40,36,33,26
0.103,0.488,0.398,-1.14,0.131,0,0.2750,0.0876,0.415,0.987,0.295,0.264,0.283,0.241,0.186,0.166,41,35,27,24,0.289,0.349,0.331,0.297,0.262,0.207,40,36,33,26
0.105,0.554,0.456,0,0.000,0,0.2733,0.0878,0.469,0.166,0.295,0.264,0.283,0.241,0.186,0.166,41,35,27,24,0.289,0.349,0.331,0.297,0.262,0.207,40,36,33,26
0.097,0.431,0.399,2.1,0.128,0,0.2702,0.0868,0.220,0.02,0.295,0.264,0.283,0.241,0.186,0.166,41,35,27,24,0.289,0.349,0.331,0.297,0.262,0.207,40,36,33,26
0.098,0.440,0.454,-1.14,0.131,0,0.2528,0.0809,0.419,0.987,0.295,0.264,0.283,0.241,0.186,0.166,41,35,27,24,0.289,0.349,0.331,0.297,0.262,0.207,40,36,33,26
0.094,0.584,0.647,0.2,0.291,1,0.2267,0.0723,0.551,0.180,0.295,0.264,0.283,0.241,0.186,0.166,41,35,27,24,0.289,0.349,0.331,0.297,0.262,0.207,40,36,33,26
0.115,0.515,0.713,0,0.000,0,0.1962,0.0627,0.379,0.166,0.295,0.264,0.283,0.241,0.186,0.166,41,35,27,24,0.289,0.349,0.331,0.297,0.262,0.207,40,36,33,26
0.140,0.568,0.402,2.53,0.140,0,0.1699,0.0551,0.329,-0.121,0.295,0.264,0.283,0.241,0.186,0.166,41,35,27,24,0.289,0.349,0.331,0.297,0.262,0.207,40,36,33,26
0.140,0.636,0.508,-0.48,0.134,0,0.1532,0.0509,0.289,0.007,0.295,0.264,0.283,0.241,0.186,0.166,41,35,27,24,0.289,0.349,0.331,0.297,0.262,0.207,40,36,33,26
0.147,0.506,0.334,-1.14,0.131,0,0.1260,0.0414,0.260,0.987,0.295,0.264,0.283,0.241,0.186,0.166,41,35,27,24,0.289,0.349,0.331,0.297,0.262,0.207,40,36,33,26
0.138,0.451,0.421,2.53,0.140,0,0.1034,0.0342,0.227,-0.121,0.295,0.264,0.283,0.241,0.186,0.166,41,35,27,24,0.289,0.349,0.331,0.297,0.262,0.207,40,36,33,26
0.142,0.460,0.475,2.53,0.140,0,0.0782,0.0256,0.162,-0.121,0.295,0.264,0.283,0.241,0.186,0.166,41,35,27,24,0.289,0.349,0.331,0.297,0.262,0.207,40,36,33,26
0.149,0.485,0.757,-0.52,0.062,0,0.0500,0.0153,0.152,0.341,0.295,0.264,0.283,0.241,0.186,0.166,41,35,27,24,0.289,0.349,0.331,0.297,0.262,0.207,40,36,33,26
0.146,0.549,0.466,1.37,0.298,0,0.0359,0.0111,0.171,-0.510,0.295,0.264,0.283,0.241,0.186,0.166,41,35,27,24,0.289,0.349,0.331,0.297,0.262,0.207,40,36,33,26
0.146,0.437,0.584,0.85,0.046,0,0.0263,0.0074,0.100,0.06,0.295,0.264,0.283,0.241,0.186,0.166,41,35,27,24,0.289,0.349,0.331,0.297,0.262,0.207,40,36,33,26
0.158,0.422,0.328,2.53,0.140,0,0.0294,0.0094,0.112,-0.121,0.295,0.264,0.283,0.241,0.186,0.166,41,35,27,24,0.289,0.349,0.331,0.297,0.262,0.207,40,36,33,26
0.158,0.428,0.353,0.85,0.046,0,0.0282,0.0084,0.132,0.06,0.295,0.264,0.283,0.241,0.186,0.166,41,35,27,24,0.289,0.349,0.331,0.297,0.262,0.207,40,36,33,26
0.163,0.415,0.443,1.99,0.186,0,0.0318,0.0096,0.148,-0.326,0.295,0.264,0.283,0.241,0.186,0.166,41,35,27,24,0.289,0.349,0.331,0.297,0.262,0.207,40,36,33,26
0.155,0.479,0.510,-0.52,0.062,0,0.0302,0.0090,0.154,0.341,0.295,0.264,0.283,0.241,0.186,0.166,41,35,27,24,0.289,0.349,0.331,0.297,0.262,0.207,40,36,33,26
0.173,0.379,0.450,2.1,0.128,0,0.0332,0.0105,0.089,0.02,0.295,0.264,0.283,0.241,0.186,0.166,41,35,27,24,0.289,0.349,0.331,0.297,0.262,0.207,40,36,33,26
0.173,0.419,0.429,-0.42,0.180,0,0.0274,0.0087,0.267,0.318,0.295,0.264,0.283,0.241,0.186,0.166,41,35,27,24,0.289,0.349,0.331,0.297,0.262,0.207,40,36,33,26
0.178,0.313,0.468,2.1,0.128,0,0.0327,0.0121,0.081,0.02,0.295,0.264,0.283,0.241,0.186,0.166,41,35,27,24,0.289,0.349,0.331,0.297,0.262,0.207,40,36,33,26
0.181,0.272,0.401,0.85,0.046,0,0.0253,0.0070,0.177,0.06,0.295,0.264,0.283,0.241,0.186,0.166,41,35,27,24,0.289,0.349,0.331,0.297,0.262,0.207,40,36,33,26
0.176,0.271,0.364,1.99,0.186,0,0.0371,0.0126,0.157,-0.326,0.295,0.264,0.283,0.241,0.186,0.166,41,35,27,24,0.289,0.349,0.331,0.297,0.262,0.207,40,36,33,26
0.188,0.308,0.446,2.1,0.128,0,0.0477,0.0162,0.115,0.02,0.295,0.264,0.283,0.241,0.186,0.166,41,35,27,24,0.289,0.349,0.331,0.297,0.262,0.207,40,36,33,26
0.227,0.406,0.536,0.2,0.291,1,0.0606,0.0219,0.370,0.180,0.295,0.264,0.283,0.241,0.186,0.166,41,35,27,24,0.289,0.349,0.331,0.297,0.262,0.207,40,36,33,26
0.219,0.402,0.682,0.2,0.291,1,0.0791,0.0334,0.360,0.180,0.295,0.264,0.283,0.241,0.186,0.166,41,35,27,24,0.289,0.349,0.331,0.297,0.262,0.207,40,36,33,26
0.232,0.348,0.478,-0.52,0.062,0,0.0837,0.0308,0.279,0.341,0.295,0.264,0.283,0.241,0.186,0.166,41,35,27,24,0.289,0.349,0.331,0.297,0.262,0.207,40,36,33,26
0.224,0.306,0.590,-0.08,0.108,0,0.0985,0.0353,0.299,0.059,0.295,0.264,0.283,0.241,0.186,0.166,41,35,27,24,0.289,0.349,0.331,0.297,0.262,0.207,40,36,33,26
0.213,0.269,0.591,-0.08,0.108,0,0.1258,0.0491,0.426,0.059,0.295,0.264,0.283,0.241,0.186,0.166,41,35,27,24,0.289,0.349,0.331,0.297,0.262,0.207,40,36,33,26
0.198,0.279,0.556,-1.1,0.105,-1,0.1606,0.0751,0.425,0.192,0.295,0.264,0.283,0.241,0.186,0.166,41,35,27,24,0.289,0.349,0.331,0.297,0.262,0.207,40,36,33,26
0.210,0.208,0.418,2.1,0.128,0,0.2048,0.1138,0.244,0.02,0.295,0.264,0.283,0.241,0.186,0.166,41,35,27,24,0.289,0.349,0.331,0.297,0.262,0.207,40,36,33,26
0.197,0.202,0.227,0,0.000,0,0.2543,0.1617,0.573,0.166,0.295,0.264,0.283,0.241,0.186,0.166,41,35,27,24,0.289,0.349,0.331,0.297,0.262,0.207,40,36,33,26
0.189,0.190,0.406,0,0.000,0,0.3165,0.2240,0.334,0.166,0.295,0.264,0.283,0.241,0.186,0.166,41,35,27,24,0.289,0.349,0.331,0.297,0.262,0.207,40,36,33,26
0.182,0.186,0.255,-1.14,0.131,0,0.3609,0.2766,0.489,0.987,0.295,0.264,0.283,0.241,0.186,0.166,41,35,27,24,0.289,0.349,0.331,0.297,0.262,0.207,40,36,33,26
0.184,0.212,0.390,-1.19,0.219,1,0.3940,0.3241,0.622,0.586,0.295,0.264,0.283,0.241,0.186,0.166,41,35,27,24,0.289,0.349,0.331,0.297,0.262,0.207,40,36,33,26
0.148,0.167,0.370,-1.1,0.105,-1,0.4214,0.3676,0.510,0.192,0.295,0.264,0.283,0.241,0.186,0.166,41,35,27,24,0.289,0.349,0.331,0.297,0.262,0.207,40,36,33,26
0.138,0.159,0.439,0.22,0.230,0,0.4462,0.4088,0.314,0.303,0.295,0.264,0.283,0.241,0.186,0.166,41,35,27,24,0.289,0.349,0.331,0.297,0.262,0.207,40,36,33,26
0.126,0.134,0.370,-1.14,0.131,0,0.4588,0.4421,0.479,0.987,0.295,0.264,0.283,0.241,0.186,0.166,41,35,27,24,0.289,0.349,0.331,0.297,0.262,0.207,40,36,33,26
0.139,0.118,0.368,1.99,0.186,0,0.4729,0.4734,0.228,-0.326,0.295,0.264,0.283,0.241,0.186,0.166,41,35,27,24,0.289,0.349,0.331,0.297,0.262,0.207,40,36,33,26
0.153,0.131,0.538,-0.08,0.108,0,0.4653,0.4876,0.370,0.059,0.295,0.264,0.283,0.241,0.186,0.166,41,35,27,24,0.289,0.349,0.331,0.297,0.262,0.207,40,36,33,26
0.167,0.119,0.378,2.1,0.128,0,0.4886,0.5160,0.178,0.02,0.295,0.264,0.283,0.241,0.186,0.166,41,35,27,24,0.289,0.349,0.331,0.297,0.262,0.207,40,36,33,26
0.171,0.120,0.452,-1.1,0.105,-1,0.5066,0.5397,0.515,0.192,0.295,0.264,0.283,0.241,0.186,0.166,41,35,27,24,0.289,0.349,0.331,0.297,0.262,0.207,40,36,33,26
0.204,0.118,0.396,-1.1,0.105,-1,0.5411,0.5762,0.309,0.192,0.295,0.264,0.283,0.241,0.186,0.166,41,35,27,24,0.289,0.349,0.331,0.297,0.262,0.207,40,36,33,26
0.201,0.144,0.335,-1.14,0.131,0,0.5601,0.6060,0.447,0.987,0.295,0.264,0.283,0.241,0.186,0.166,41,35,27,24,0.289,0.349,0.331,0.297,0.262,0.207,40,36,33,26
0.201,0.193,0.583,0.2,0.291,1,0.5539,0.6153,0.476,0.180,0.295,0.264,0.283,0.241,0.186,0.166,41,35,27,24,0.289,0.349,0.331,0.297,0.262,0.207,40,36,33,26
0.158,0.142,0.519,1.69,0.290,0,0.5481,0.6242,0.170,-0.697,0.295,0.264,0.283,0.241,0.186,0.166,41,35,27,24,0.289,0.349,0.331,0.297,0.262,0.207,40,36,33,26
0.158,0.144,0.456,-0.42,0.180,0,0.5565,0.6362,0.491,0.318,0.295,0.264,0.283,0.241,0.186,0.166,41,35,27,24,0.289,0.349,0.331,0.297,0.262,0.207,40,36,33,26
0.155,0.156,0.400,-1.1,0.105,-1,0.5748,0.6538,0.489,0.192,0.295,0.264,0.283,0.241,0.186,0.166,41,35,27,24,0.289,0.349,0.331,0.297,0.262,0.207,40,36,33,26
0.161,0.155,0.593,-0.52,0.062,0,0.5911,0.6710,0.449,0.341,0.295,0.264,0.283,0.241,0.186,0.166,41,35,27,24,0.289,0.349,0.331,0.297,0.262,0.207,40,36,33,26
0.155,0.177,0.521,-0.52,0.062,0,0.6113,0.6936,0.550,0.341,0.295,0.264,0.283,0.241,0.186,0.166,41,35,27,24,0.289,0.349,0.331,0.297,0.262,0.207,40,36,33,26
0.170,0.173,0.516,-0.52,0.062,0,0.6519,0.7312,0.510,0.341,0.295,0.264,0.283,0.241,0.186,0.166,41,35,27,24,0.289,0.349,0.331,0.297,0.262,0.207,40,36,33,26
0.159,0.169,0.527,-0.52,0.062,0,0.6832,0.7598,0.560,0.341,0.295,0.264,0.283,0.241,0.186,0.166,41,35,27,24,0.289,0.349,0.331,0.297,0.262,0.207,40,36,33,26
0.173,0.165,0.648,-1.19,0.219,1,0.7120,0.7855,0.642,0.586,0.295,0.264,0.283,0.241,0.186,0.166,41,35,27,24,0.289,0.349,0.331,0.297,0.262,0.207,40,36,33,26
0.186,0.130,0.336,0.85,0.046,0,0.7355,0.8070,0.463,0.06,0.295,0.264,0.283,0.241,0.186,0.166,41,35,27,24,0.289,0.349,0.331,0.297,0.262,0.207,40,36,33,26
0.193,0.114,0.258,-1.14,0.131,0,0.7586,0.8252,0.558,0.987,0.295,0.264,0.283,0.241,0.186,0.166,41,35,27,24,0.289,0.349,0.331,0.297,0.262,0.207,40,36,33,26
0.179,0.114,0.144,-1.14,0.131,0,0.7831,0.8378,0.509,0.987,0.295,0.264,0.283,0.241,0.186,0.166,41,35,27,24,0.289,0.349,0.331,0.297,0.262,0.207,40,36,33,26
0.217,0.108,0.298,-1.14,0.131,0,0.7956,0.8438,0.540,0.987,0.295,0.264,0.283,0.241,0.186,0.166,41,35,27,24,0.289,0.349,0.331,0.297,0.262,0.207,40,36,33,26
0.214,0.110,0.329,-0.52,0.062,0,0.7943,0.8412,0.637,0.341,0.295,0.264,0.283,0.241,0.186,0.166,41,35,27,24,0.289,0.349,0.331,0.297,0.262,0.207,40,36,33,26
0.232,0.095,0.155,1.99,0.186,0,0.8021,0.8424,0.333,-0.326,0.295,0.264,0.283,0.241,0.186,0.166,41,35,27,24,0.289,0.349,0.331,0.297,0.262,0.207,40,36,33,26
0.214,0.098,0.234,-1.14,0.131,0,0.8104,0.8447,0.524,0.987,0.295,0.264,0.283,0.241,0.186,0.166,41,35,27,24,0.289,0.349,0.331,0.297,0.262,0.207,40,36,33,26
0.196,0.101,0.414,-0.52,0.062,0,0.8358,0.8588,0.484,0.341,0.295,0.264,0.283,0.241,0.186,0.166,41,35,27,24,0.289,0.349,0.331,0.297,0.262,0.207,40,36,33,26
0.179,0.093,0.170,-1.14,0.131,0,0.8322,0.8616,0.497,0.987,0.295,0.264,0.283,0.241,0.186,0.166,41,35,27,24,0.289,0.349,0.331,0.297,0.262,0.207,40,36,33,26
0.167,0.112,0.372,-0.52,0.062,0,0.8174,0.8631,0.547,0.341,0.295,0.264,0.283,0.241,0.186,0.166,41,35,27,24,0.289,0.349,0.331,0.297,0.262,0.207,40,36,33,26
0.135,0.114,0.482,0.2,0.291,1,0.7900,0.8627,0.503,0.180,0.295,0.264,0.283,0.241,0.186,0.166,41,35,27,24,0.289,0.349,0.331,0.297,0.262,0.207,40,36,33,26
0.129,0.095,0.131,1.99,0.186,0,0.7750,0.8696,0.271,-0.326,0.295,0.264,0.283,0.241,0.186,0.166,41,35,27,24,0.289,0.349,0.331,0.297,0.262,0.207,40,36,33,26
0.130,0.099,0.082,-1.14,0.131,0,0.7699,0.8826,0.582,0.987,0.295,0.264,0.283,0.241,0.186,0.166,41,35,27,24,0.289,0.349,0.331,0.297,0.262,0.207,40,36,33,26
0.135,0.097,0.357,0,0.000,0,0.7703,0.8955,0.458,0.166,0.295,0.264,0.283,0.241,0.186,0.166,41,35,27,24,0.289,0.349,0.331,0.297,0.262,0.207,40,36,33,26
0.140,0.100,0.227,-1.14,0.131,0,0.7709,0.9122,0.523,0.987,0.295,0.264,0.283,0.241,0.186,0.166,41,35,27,24,0.289,0.349,0.331,0.297,0.262,0.207,40,36,33,26
0.131,0.104,0.374,-0.52,0.062,0,0.7704,0.9298,0.624,0.341,0.295,0.264,0.283,0.241,0.186,0.166,41,35,27,24,0.289,0.349,0.331,0.297,0.262,0.207,40,36,33,26
0.129,0.095,0.240,-1.1,0.105,-1,0.7671,0.9470,0.538,0.192,0.295,0.264,0.283,0.241,0.186,0.166,41,35,27,24,0.289,0.349,0.331,0.297,0.262,0.207,40,36,33,26
0.135,0.100,0.171,-0.08,0.108,0,0.7603,0.9625,0.368,0.059,0.295,0.264,0.283,0.241,0.186,0.166,41,35,27,24,0.289,0.349,0.331,0.297,0.262,0.207,40,36,33,26
0.124,0.097,0.135,-1.14,0.131,0,0.7511,0.9753,0.526,0.987,0.295,0.264,0.283,0.241,0.186,0.166,41,35,27,24,0.289,0.349,0.331,0.297,0.262,0.207,40,36,33,26
0.130,0.091,0.077,3.14,0.186,0,0.7432,0.9849,0.381,-0.486,0.295,0.264,0.283,0.241,0.186,0.166,41,35,27,24,0.289,0.349,0.331,0.297,0.262,0.207,40,36,33,26
0.117,0.078,0.099,1.99,0.186,0,0.7427,0.9912,0.384,-0.326,0.295,0.264,0.283,0.241,0.186,0.166,41,35,27,24,0.289,0.349,0.331,0.297,0.262,0.207,40,36,33,26
0.106,0.082,0.120,-1.14,0.131,0,0.7596,0.9950,0.578,0.987,0.295,0.264,0.283,0.241,0.186,0.166,41,35,27,24,0.289,0.349,0.331,0.297,0.262,0.207,40,36,33,26
0.103,0.085,0.256,-0.42,0.180,0,0.8079,0.9979,0.812,0.318,0.295,0.264,0.283,0.241,0.186,0.166,41,35,27,24,0.289,0.349,0.331,0.297,0.262,0.207,40,36,33,26
