0.105,0.416,0.540,1.42,0.221,0,0.2777,0.8376,0.728,-0.397,0.326,0.142,0.348,0.138,0.029,0.000,29,13,6,0,0.328,0.157,0.386,0.114,0.033,0.019,24,7,4,2
0.108,0.786,0.695,1.76,0.409,0,0.1946,0.7410,0.324,-0.884,0.326,0.142,0.348,0.138,0.029,0.000,29,13,6,0,0.328,0.157,0.386,0.114,0.033,0.019,24,7,4,2
0.111,0.781,0.706,-0.08,0.108,0,0.1666,0.6681,0.358,0.059,0.326,0.142,0.348,0.138,0.029,0.000,29,13,6,0,0.328,0.157,0.386,0.114,0.033,0.019,24,7,4,2
0.115,0.332,0.725,1.99,0.186,0,0.1752,0.6109,0.271,-0.326,0.326,0.142,0.348,0.138,0.029,0.000,29,13,6,0,0.328,0.157,0.386,0.114,0.033,0.019,24,7,4,2
0.127,0.699,0.743,0,0.000,0,0.2061,0.5639,0.216,0.166,0.326,0.142,0.348,0.138,0.029,0.000,29,13,6,0,0.328,0.157,0.386,0.114,0.033,0.019,24,7,4,2
0.122,0.816,0.805,0.2,0.291,1,0.2482,0.5234,0.354,0.180,0.326,0.142,0.348,0.138,0.029,0.000,29,13,6,0,0.328,0.157,0.386,0.114,0.033,0.019,24,7,4,2
0.132,0.770,0.867,0.2,0.291,1,0.2934,0.4875,0.389,0.180,0.326,0.142,0.348,0.138,0.029,0.000,29,13,6,0,0.328,0.157,0.386,0.114,0.033,0.019,24,7,4,2
0.127,0.324,0.703,0.85,0.046,0,0.3364,0.4557,0.166,0.06,0.326,0.142,0.348,0.138,0.029,0.000,29,13,6,0,0.328,0.157,0.386,0.114,0.033,0.019,24,7,4,2
0.130,0.260,0.384,2.53,0.140,0,0.3740,0.4282,0.128,-0.121,0.326,0.142,0.348,0.138,0.029,0.000,29,13,6,0,0.328,0.157,0.386,0.114,0.033,0.019,24,7,4,2
0.127,0.280,0.409,0.85,0.046,0,0.4048,0.4058,0.248,0.06,0.326,0.142,0.348,0.138,0.029,0.000,29,13,6,0,0.328,0.157,0.386,0.114,0.033,0.019,24,7,4,2
0.130,0.256,0.265,0,0.000,0,0.4351,0.3967,0.217,0.166,0.326,0.142,0.348,0.138,0.029,0.000,29,13,6,0,0.328,0.157,0.386,0.114,0.033,0.019,24,7,4,2
0.121,0.192,0.033,1.99,0.186,0,0.4478,0.3843,0.131,-0.326,0.326,0.142,0.348,0.138,0.029,0.000,29,13,6,0,0.328,0.157,0.386,0.114,0.033,0.019,24,7,4,2
0.164,0.172,0.060,1.99,0.186,0,0.4562,0.3774,0.144,-0.326,0.326,0.142,0.348,0.138,0.029,0.000,29,13,6,0,0.328,0.157,0.386,0.114,0.033,0.019,24,7,4,2
0.171,0.179,0.191,0.85,0.046,0,0.4635,0.3800,0.372,0.06,0.326,0.142,0.348,0.138,0.029,0.000,29,13,6,0,0.328,0.157,0.386,0.114,0.033,0.019,24,7,4,2
0.164,0.224,0.577,-0.52,0.062,0,0.4783,0.3920,0.276,0.341,0.326,0.142,0.348,0.138,0.029,0.000,29,13,6,0,0.328,0.157,0.386,0.114,0.033,0.019,24,7,4,2
0.167,0.213,0.508,-1.14,0.131,0,0.4922,0.4087,0.407,0.987,0.326,0.142,0.348,0.138,0.029,0.000,29,13,6,0,0.328,0.157,0.386,0.114,0.033,0.019,24,7,4,2
0.161,0.253,0.557,-0.52,0.062,0,0.5000,0.4211,0.398,0.341,0.326,0.142,0.348,0.138,0.029,0.000,29,13,6,0,0.328,0.157,0.386,0.114,0.033,0.019,24,7,4,2
0.149,0.254,0.559,-1.14,0.131,0,0.5057,0.4288,0.421,0.987,0.326,0.142,0.348,0.138,0.029,0.000,29,13,6,0,0.328,0.157,0.386,0.114,0.033,0.019,24,7,4,2
0.153,0.231,0.547,0.85,0.046,0,0.5321,0.4488,0.440,0.06,0.326,0.142,0.348,0.138,0.029,0.000,29,13,6,0,0.328,0.157,0.386,0.114,0.033,0.019,24,7,4,2
0.147,0.238,0.714,-0.42,0.180,0,0.5630,0.4710,0.338,0.318,0.326,0.142,0.348,0.138,0.029,0.000,29,13,6,0,0.328,0.157,0.386,0.114,0.033,0.019,24,7,4,2
0.147,0.229,0.606,0.85,0.046,0,0.6027,0.5040,0.226,0.06,0.326,0.142,0.348,0.138,0.029,0.000,29,13,6,0,0.328,0.157,0.386,0.114,0.033,0.019,24,7,4,2
0.118,0.254,0.666,-0.42,0.180,0,0.6387,0.5324,0.389,0.318,0.326,0.142,0.348,0.138,0.029,0.000,29,13,6,0,0.328,0.157,0.386,0.114,0.033,0.019,24,7,4,2
0.118,0.229,0.452,-0.08,0.108,0,0.6504,0.5426,0.325,0.059,0.326,0.142,0.348,0.138,0.029,0.000,29,13,6,0,0.328,0.157,0.386,0.114,0.033,0.019,24,7,4,2
0.119,0.217,0.339,1.99,0.186,0,0.6579,0.5522,0.166,-0.326,0.326,0.142,0.348,0.138,0.029,0.000,29,13,6,0,0.328,0.157,0.386,0.114,0.033,0.019,24,7,4,2
0.113,0.261,0.484,-0.08,0.108,0,0.6458,0.5457,0.351,0.059,0.326,0.142,0.348,0.138,0.029,0.000,29,13,6,0,0.328,0.157,0.386,0.114,0.033,0.019,24,7,4,2
0.107,0.732,0.600,0.2,0.291,1,0.6201,0.5298,0.456,0.180,0.326,0.142,0.348,0.138,0.029,0.000,29,13,6,0,0.328,0.157,0.386,0.114,0.033,0.019,24,7,4,2
0.115,0.184,0.349,2.53,0.140,0,0.5789,0.5050,0.175,-0.121,0.326,0.142,0.348,0.138,0.029,0.000,29,13,6,0,0.328,0.157,0.386,0.114,0.033,0.019,24,7,4,2
0.112,0.201,0.417,-1.14,0.131,0,0.5399,0.4842,0.362,0.987,0.326,0.142,0.348,0.138,0.029,0.000,29,13,6,0,0.328,0.157,0.386,0.114,0.033,0.019,24,7,4,2
0.122,0.683,0.803,0.2,0.291,1,0.5095,0.4728,0.413,0.180,0.326,0.142,0.348,0.138,0.029,0.000,29,13,6,0,0.328,0.157,0.386,0.114,0.033,0.019,24,7,4,2
0.126,0.200,0.360,-1.14,0.131,0,0.4741,0.4555,0.319,0.987,0.326,0.142,0.348,0.138,0.029,0.000,29,13,6,0,0.328,0.157,0.386,0.114,0.033,0.019,24,7,4,2
0.132,0.174,0.292,0.85,0.046,0,0.4460,0.4407,0.434,0.06,0.326,0.142,0.348,0.138,0.029,0.000,29,13,6,0,0.328,0.157,0.386,0.114,0.033,0.019,24,7,4,2
0.131,0.144,0.136,-0.79,0.151,-1,0.4336,0.4394,0.442,0.736,0.326,0.142,0.348,0.138,0.029,0.000,29,13,6,0,0.328,0.157,0.386,0.114,0.033,0.019,24,7,4,2
0.140,0.151,0.018,1.99,0.186,0,0.4434,0.4532,0.157,-0.326,0.326,0.142,0.348,0.138,0.029,0.000,29,13,6,0,0.328,0.157,0.386,0.114,0.033,0.019,24,7,4,2
0.140,0.194,0.067,0.85,0.046,0,0.4530,0.4651,0.165,0.06,0.326,0.142,0.348,0.138,0.029,0.000,29,13,6,0,0.328,0.157,0.386,0.114,0.033,0.019,24,7,4,2
0.136,0.205,0.211,-1.14,0.131,0,0.4508,0.4647,0.417,0.987,0.326,0.142,0.348,0.138,0.029,0.000,29,13,6,0,0.328,0.157,0.386,0.114,0.033,0.019,24,7,4,2
0.139,0.242,0.242,1.99,0.186,0,0.4337,0.4487,0.224,-0.326,0.326,0.142,0.348,0.138,0.029,0.000,29,13,6,0,0.328,0.157,0.386,0.114,0.033,0.019,24,7,4,2
0.129,0.229,0.380,2.1,0.128,0,0.4184,0.4316,0.122,0.02,0.326,0.142,0.348,0.138,0.029,0.000,29,13,6,0,0.328,0.157,0.386,0.114,0.033,0.019,24,7,4,2
0.129,0.726,0.474,0,0.000,0,0.4065,0.4177,0.377,0.166,0.326,0.142,0.348,0.138,0.029,0.000,29,13,6,0,0.328,0.157,0.386,0.114,0.033,0.019,24,7,4,2
0.129,0.846,0.661,0.2,0.291,1,0.3997,0.4086,0.457,0.180,0.326,0.142,0.348,0.138,0.029,0.000,29,13,6,0,0.328,0.157,0.386,0.114,0.033,0.019,24,7,4,2
0.127,0.853,0.696,0.2,0.291,1,0.3840,0.3915,0.398,0.180,0.326,0.142,0.348,0.138,0.029,0.000,29,13,6,0,0.328,0.157,0.386,0.114,0.033,0.019,24,7,4,2
0.127,0.300,0.511,0,0.000,0,0.3671,0.3756,0.344,0.166,0.326,0.142,0.348,0.138,0.029,0.000,29,13,6,0,0.328,0.157,0.386,0.114,0.033,0.019,24,7,4,2
0.121,0.275,0.394,1.99,0.186,0,0.3602,0.3682,0.161,-0.326,0.326,0.142,0.348,0.138,0.029,0.000,29,13,6,0,0.328,0.157,0.386,0.114,0.033,0.019,24,7,4,2
0.153,0.797,0.729,0.2,0.291,1,0.3637,0.3711,0.368,0.180,0.326,0.142,0.348,0.138,0.029,0.000,29,13,6,0,0.328,0.157,0.386,0.114,0.033,0.019,24,7,4,2
0.159,0.311,0.462,-0.08,0.108,0,0.3952,0.3973,0.306,0.059,0.326,0.142,0.348,0.138,0.029,0.000,29,13,6,0,0.328,0.157,0.386,0.114,0.033,0.019,24,7,4,2
0.159,0.231,0.504,-1.1,0.105,-1,0.4214,0.4210,0.334,0.192,0.326,0.142,0.348,0.138,0.029,0.000,29,13,6,0,0.328,0.157,0.386,0.114,0.033,0.019,24,7,4,2
0.174,0.163,0.490,3.14,0.186,0,0.4509,0.4477,0.137,-0.486,0.326,0.142,0.348,0.138,0.029,0.000,29,13,6,0,0.328,0.157,0.386,0.114,0.033,0.019,24,7,4,2
0.183,0.178,0.408,-1.1,0.105,-1,0.4844,0.4767,0.323,0.192,0.326,0.142,0.348,0.138,0.029,0.000,29,13,6,0,0.328,0.157,0.386,0.114,0.033,0.019,24,7,4,2
0.153,0.178,0.244,0.85,0.046,0,0.5253,0.5057,0.289,0.06,0.326,0.142,0.348,0.138,0.029,0.000,29,13,6,0,0.328,0.157,0.386,0.114,0.033,0.019,24,7,4,2
0.145,0.229,0.140,-0.08,0.108,0,0.5482,0.5168,0.311,0.059,0.326,0.142,0.348,0.138,0.029,0.000,29,13,6,0,0.328,0.157,0.386,0.114,0.033,0.019,24,7,4,2
0.145,0.189,0.221,2.1,0.128,0,0.5669,0.5242,0.136,0.02,0.326,0.142,0.348,0.138,0.029,0.000,29,13,6,0,0.328,0.157,0.386,0.114,0.033,0.019,24,7,4,2
0.143,0.242,0.431,-0.08,0.108,0,0.5781,0.5262,0.310,0.059,0.326,0.142,0.348,0.138,0.029,0.000,29,13,6,0,0.328,0.157,0.386,0.114,0.033,0.019,24,7,4,2
0.139,0.232,0.514,-1.14,0.131,0,0.5781,0.5204,0.353,0.987,0.326,0.142,0.348,0.138,0.029,0.000,29,13,6,0,0.328,0.157,0.386,0.114,0.033,0.019,24,7,4,2
0.119,0.792,0.775,0.2,0.291,1,0.5630,0.5027,0.434,0.180,0.326,0.142,0.348,0.138,0.029,0.000,29,13,6,0,0.328,0.157,0.386,0.114,0.033,0.019,24,7,4,2
0.111,0.813,0.877,0.2,0.291,1,0.5281,0.4702,0.375,0.180,0.326,0.142,0.348,0.138,0.029,0.000,29,13,6,0,0.328,0.157,0.386,0.114,0.033,0.019,24,7,4,2
0.113,0.273,0.563,0.85,0.046,0,0.4932,0.4406,0.300,0.06,0.326,0.142,0.348,0.138,0.029,0.000,29,13,6,0,0.328,0.157,0.386,0.114,0.033,0.019,24,7,4,2
0.081,0.759,0.810,-0.52,0.062,0,0.4769,0.4285,0.340,0.341,0.326,0.142,0.348,0.138,0.029,0.000,29,13,6,0,0.328,0.157,0.386,0.114,0.033,0.019,24,7,4,2
0.070,0.775,0.753,-0.52,0.062,0,0.4768,0.4334,0.350,0.341,0.326,0.142,0.348,0.138,0.029,0.000,29,13,6,0,0.328,0.157,0.386,0.114,0.033,0.019,24,7,4,2
0.073,0.798,0.600,-0.48,0.134,0,0.4784,0.4395,0.398,0.007,0.326,0.142,0.348,0.138,0.029,0.000,29,13,6,0,0.328,0.157,0.386,0.114,0.033,0.019,24,7,4,2
0.091,0.818,0.545,-0.42,0.180,0,0.4750,0.4423,0.417,0.318,0.326,0.142,0.348,0.138,0.029,0.000,29,13,6,0,0.328,0.157,0.386,0.114,0.033,0.019,24,7,4,2
0.119,0.836,0.719,0.2,0.291,1,0.4705,0.4457,0.458,0.180,0.326,0.142,0.348,0.138,0.029,0.000,29,13,6,0,0.328,0.157,0.386,0.114,0.033,0.019,24,7,4,2
0.112,0.695,0.450,0,0.000,0,0.4589,0.4435,0.215,0.166,0.326,0.142,0.348,0.138,0.029,0.000,29,13,6,0,0.328,0.157,0.386,0.114,0.033,0.019,24,7,4,2
0.124,0.716,0.269,1.99,0.186,0,0.4538,0.4423,0.139,-0.326,0.326,0.142,0.348,0.138,0.029,0.000,29,13,6,0,0.328,0.157,0.386,0.114,0.033,0.019,24,7,4,2
0.129,0.780,0.454,-0.48,0.134,0,0.4330,0.4292,0.337,0.007,0.326,0.142,0.348,0.138,0.029,0.000,29,13,6,0,0.328,0.157,0.386,0.114,0.033,0.019,24,7,4,2
0.111,0.831,0.541,-0.42,0.180,0,0.3946,0.4025,0.318,0.318,0.326,0.142,0.348,0.138,0.029,0.000,29,13,6,0,0.328,0.157,0.386,0.114,0.033,0.019,24,7,4,2
0.106,0.369,0.481,3.14,0.186,0,0.3393,0.3592,0.114,-0.486,0.326,0.142,0.348,0.138,0.029,0.000,29,13,6,0,0.328,0.157,0.386,0.114,0.033,0.019,24,7,4,2
0.110,0.808,0.521,1.76,0.409,0,0.2983,0.3249,0.165,-0.884,0.326,0.142,0.348,0.138,0.029,0.000,29,13,6,0,0.328,0.157,0.386,0.114,0.033,0.019,24,7,4,2
0.089,0.748,0.692,-0.48,0.134,0,0.2589,0.2928,0.340,0.007,0.326,0.142,0.348,0.138,0.029,0.000,29,13,6,0,0.328,0.157,0.386,0.114,0.033,0.019,24,7,4,2
0.084,0.355,0.457,2.53,0.140,0,0.2348,0.2731,0.142,-0.121,0.326,0.142,0.348,0.138,0.029,0.000,29,13,6,0,0.328,0.157,0.386,0.114,0.033,0.019,24,7,4,2
0.103,0.803,0.794,-1.19,0.219,1,0.2110,0.2530,0.416,0.586,0.326,0.142,0.348,0.138,0.029,0.000,29,13,6,0,0.328,0.157,0.386,0.114,0.033,0.019,24,7,4,2
0.132,0.744,0.771,-1.19,0.219,1,0.2058,0.2475,0.449,0.586,0.326,0.142,0.348,0.138,0.029,0.000,29,13,6,0,0.328,0.157,0.386,0.114,0.033,0.019,24,7,4,2
0.134,0.725,0.690,-0.42,0.180,0,0.1974,0.2379,0.292,0.318,0.326,0.142,0.348,0.138,0.029,0.000,29,13,6,0,0.328,0.157,0.386,0.114,0.033,0.019,24,7,4,2
0.134,0.774,0.660,-0.52,0.062,0,0.1974,0.2360,0.174,0.341,0.326,0.142,0.348,0.138,0.029,0.000,29,13,6,0,0.328,0.157,0.386,0.114,0.033,0.019,24,7,4,2
0.128,0.688,0.386,2.53,0.140,0,0.2074,0.2447,0.141,-0.121,0.326,0.142,0.348,0.138,0.029,0.000,29,13,6,0,0.328,0.157,0.386,0.114,0.033,0.019,24,7,4,2
0.150,0.845,0.466,1.37,0.298,0,0.2280,0.2628,0.167,-0.510,0.326,0.142,0.348,0.138,0.029,0.000,29,13,6,0,0.328,0.157,0.386,0.114,0.033,0.019,24,7,4,2
0.157,0.733,0.236,1.99,0.186,0,0.2616,0.2929,0.089,-0.326,0.326,0.142,0.348,0.138,0.029,0.000,29,13,6,0,0.328,0.157,0.386,0.114,0.033,0.019,24,7,4,2
0.172,0.779,0.381,1.42,0.221,0,0.2941,0.3194,0.127,-0.397,0.326,0.142,0.348,0.138,0.029,0.000,29,13,6,0,0.328,0.157,0.386,0.114,0.033,0.019,24,7,4,2
0.230,0.842,0.668,-0.48,0.134,0,0.3235,0.3428,0.183,0.007,0.326,0.142,0.348,0.138,0.029,0.000,29,13,6,0,0.328,0.157,0.386,0.114,0.033,0.019,24,7,4,2
0.270,0.719,0.365,1.99,0.186,0,0.3472,0.3607,0.076,-0.326,0.326,0.142,0.348,0.138,0.029,0.000,29,13,6,0,0.328,0.157,0.386,0.114,0.033,0.019,24,7,4,2
0.281,0.822,0.825,0.2,0.291,1,0.3581,0.3685,0.323,0.180,0.326,0.142,0.348,0.138,0.029,0.000,29,13,6,0,0.328,0.157,0.386,0.114,0.033,0.019,24,7,4,2
0.234,0.824,0.733,-1.19,0.219,1,0.3761,0.3803,0.494,0.586,0.326,0.142,0.348,0.138,0.029,0.000,29,13,6,0,0.328,0.157,0.386,0.114,0.033,0.019,24,7,4,2
0.186,0.733,0.727,-0.52,0.062,0,0.3928,0.3919,0.340,0.341,0.326,0.142,0.348,0.138,0.029,0.000,29,13,6,0,0.328,0.157,0.386,0.114,0.033,0.019,24,7,4,2
0.158,0.421,0.654,0,0.000,0,0.4095,0.4011,0.291,0.166,0.326,0.142,0.348,0.138,0.029,0.000,29,13,6,0,0.328,0.157,0.386,0.114,0.033,0.019,24,7,4,2
0.144,0.696,0.674,-0.08,0.108,0,0.4137,0.3959,0.372,0.059,0.326,0.142,0.348,0.138,0.029,0.000,29,13,6,0,0.328,0.157,0.386,0.114,0.033,0.019,24,7,4,2
0.137,0.354,0.443,1.99,0.186,0,0.4199,0.3925,0.271,-0.326,0.326,0.142,0.348,0.138,0.029,0.000,29,13,6,0,0.328,0.157,0.386,0.114,0.033,0.019,24,7,4,2
0.137,0.326,0.470,0,0.000,0,0.4447,0.4062,0.293,0.166,0.326,0.142,0.348,0.138,0.029,0.000,29,13,6,0,0.328,0.157,0.386,0.114,0.033,0.019,24,7,4,2
0.112,0.367,0.436,0.22,0.230,0,0.4825,0.4335,0.299,0.303,0.326,0.142,0.348,0.138,0.029,0.000,29,13,6,0,0.328,0.157,0.386,0.114,0.033,0.019,24,7,4,2
0.112,0.274,0.344,-1.14,0.131,0,0.5026,0.4474,0.436,0.987,0.326,0.142,0.348,0.138,0.029,0.000,29,13,6,0,0.328,0.157,0.386,0.114,0.033,0.019,24,7,4,2
0.131,0.251,0.421,0,0.000,0,0.5225,0.4612,0.307,0.166,0.326,0.142,0.348,0.138,0.029,0.000,29,13,6,0,0.328,0.157,0.386,0.114,0.033,0.019,24,7,4,2
0.133,0.280,0.485,-0.52,0.062,0,0.5307,0.4652,0.352,0.341,0.326,0.142,0.348,0.138,0.029,0.000,29,13,6,0,0.328,0.157,0.386,0.114,0.033,0.019,24,7,4,2
0.104,0.253,0.355,1.99,0.186,0,0.5333,0.4648,0.241,-0.326,0.326,0.142,0.348,0.138,0.029,0.000,29,13,6,0,0.328,0.157,0.386,0.114,0.033,0.019,24,7,4,2
0.067,0.211,0.660,-1.1,0.105,-1,0.5321,0.4638,0.363,0.192,0.326,0.142,0.348,0.138,0.029,0.000,29,13,6,0,0.328,0.157,0.386,0.114,0.033,0.019,24,7,4,2
0.061,0.206,0.371,-0.79,0.151,-1,0.5388,0.4715,0.450,0.736,0.326,0.142,0.348,0.138,0.029,0.000,29,13,6,0,0.328,0.157,0.386,0.114,0.033,0.019,24,7,4,2
0.059,0.310,0.525,-0.08,0.108,0,0.5370,0.4728,0.415,0.059,0.326,0.142,0.348,0.138,0.029,0.000,29,13,6,0,0.328,0.157,0.386,0.114,0.033,0.019,24,7,4,2
0.060,0.270,0.545,-0.08,0.108,0,0.5184,0.4581,0.186,0.059,0.326,0.142,0.348,0.138,0.029,0.000,29,13,6,0,0.328,0.157,0.386,0.114,0.033,0.019,24,7,4,2
0.063,0.250,0.192,1.37,0.298,0,0.5011,0.4457,0.144,-0.510,0.326,0.142,0.348,0.138,0.029,0.000,29,13,6,0,0.328,0.157,0.386,0.114,0.033,0.019,24,7,4,2
0.062,0.195,0.268,-0.79,0.151,-1,0.4754,0.4274,0.389,0.736,0.326,0.142,0.348,0.138,0.029,0.000,29,13,6,0,0.328,0.157,0.386,0.114,0.033,0.019,24,7,4,2
0.057,0.303,0.270,0.2,0.291,1,0.4395,0.4018,0.399,0.180,0.326,0.142,0.348,0.138,0.029,0.000,29,13,6,0,0.328,0.157,0.386,0.114,0.033,0.019,24,7,4,2
0.048,0.227,0.041,1.99,0.186,0,0.4027,0.3776,0.087,-0.326,0.326,0.142,0.348,0.138,0.029,0.000,29,13,6,0,0.328,0.157,0.386,0.114,0.033,0.019,24,7,4,2
0.038,0.181,0.001,0.85,0.046,0,0.3567,0.3488,0.132,0.06,0.326,0.142,0.348,0.138,0.029,0.000,29,13,6,0,0.328,0.157,0.386,0.114,0.033,0.019,24,7,4,2
0.029,0.200,0.004,-0.79,0.151,-1,0.3228,0.3288,0.506,0.736,0.326,0.142,0.348,0.138,0.029,0.000,29,13,6,0,0.328,0.157,0.386,0.114,0.033,0.019,24,7,4,2
0.024,0.204,0.005,-0.79,0.151,-1,0.2862,0.3028,0.445,0.736,0.326,0.142,0.348,0.138,0.029,0.000,29,13,6,0,0.328,0.157,0.386,0.114,0.033,0.019,24,7,4,2
0.024,0.218,0.017,-0.08,0.108,0,0.2583,0.2827,0.132,0.059,0.326,0.142,0.348,0.138,0.029,0.000,29,13,6,0,0.328,0.157,0.386,0.114,0.033,0.019,24,7,4,2
0.029,0.160,0.001,1.99,0.186,0,0.2499,0.2768,0.121,-0.326,0.326,0.142,0.348,0.138,0.029,0.000,29,13,6,0,0.328,0.157,0.386,0.114,0.033,0.019,24,7,4,2
0.031,0.193,0.002,-1.1,0.105,-1,0.2530,0.2791,0.526,0.192,0.326,0.142,0.348,0.138,0.029,0.000,29,13,6,0,0.328,0.157,0.386,0.114,0.033,0.019,24,7,4,2
0.032,0.195,0.005,-0.52,0.062,0,0.2619,0.2851,0.264,0.341,0.326,0.142,0.348,0.138,0.029,0.000,29,13,6,0,0.328,0.157,0.386,0.114,0.033,0.019,24,7,4,2
0.045,0.147,0.001,1.99,0.186,0,0.2683,0.2860,0.036,-0.326,0.326,0.142,0.348,0.138,0.029,0.000,29,13,6,0,0.328,0.157,0.386,0.114,0.033,0.019,24,7,4,2
0.054,0.146,0.001,0.85,0.046,0,0.2734,0.2864,0.240,0.06,0.326,0.142,0.348,0.138,0.029,0.000,29,13,6,0,0.328,0.157,0.386,0.114,0.033,0.019,24,7,4,2
0.046,0.168,0.001,-0.79,0.151,-1,0.2665,0.2760,0.535,0.736,0.326,0.142,0.348,0.138,0.029,0.000,29,13,6,0,0.328,0.157,0.386,0.114,0.033,0.019,24,7,4,2
0.043,0.157,0.001,1.69,0.290,0,0.2591,0.2668,0.096,-0.697,0.326,0.142,0.348,0.138,0.029,0.000,29,13,6,0,0.328,0.157,0.386,0.114,0.033,0.019,24,7,4,2
0.035,0.150,0.001,1.69,0.290,0,0.2564,0.2627,0.061,-0.697,0.326,0.142,0.348,0.138,0.029,0.000,29,13,6,0,0.328,0.157,0.386,0.114,0.033,0.019,24,7,4,2
0.035,0.144,0.001,-0.79,0.151,-1,0.2471,0.2529,0.520,0.736,0.326,0.142,0.348,0.138,0.029,0.000,29,13,6,0,0.328,0.157,0.386,0.114,0.033,0.019,24,7,4,2
0.042,0.132,0.003,-1.1,0.105,-1,0.2224,0.2271,0.469,0.192,0.326,0.142,0.348,0.138,0.029,0.000,29,13,6,0,0.328,0.157,0.386,0.114,0.033,0.019,24,7,4,2
0.039,0.132,0.001,1.99,0.186,0,0.1894,0.1963,0.138,-0.326,0.326,0.142,0.348,0.138,0.029,0.000,29,13,6,0,0.328,0.157,0.386,0.114,0.033,0.019,24,7,4,2
0.038,0.146,0.003,0.85,0.046,0,0.1692,0.1782,0.390,0.06,0.326,0.142,0.348,0.138,0.029,0.000,29,13,6,0,0.328,0.157,0.386,0.114,0.033,0.019,24,7,4,2
0.039,0.160,0.004,-1.1,0.105,-1,0.1659,0.1716,0.634,0.192,0.326,0.142,0.348,0.138,0.029,0.000,29,13,6,0,0.328,0.157,0.386,0.114,0.033,0.019,24,7,4,2
0.039,0.179,0.005,-1.19,0.219,1,0.1667,0.1689,0.467,0.586,0.326,0.142,0.348,0.138,0.029,0.000,29,13,6,0,0.328,0.157,0.386,0.114,0.033,0.019,24,7,4,2
0.032,0.183,0.016,-1.14,0.131,0,0.1644,0.1632,0.485,0.987,0.326,0.142,0.348,0.138,0.029,0.000,29,13,6,0,0.328,0.157,0.386,0.114,0.033,0.019,24,7,4,2
0.033,0.256,0.067,1.37,0.298,0,0.1801,0.1696,0.253,-0.510,0.326,0.142,0.348,0.138,0.029,0.000,29,13,6,0,0.328,0.157,0.386,0.114,0.033,0.019,24,7,4,2
0.043,0.204,0.074,-0.08,0.108,0,0.1897,0.1669,0.346,0.059,0.326,0.142,0.348,0.138,0.029,0.000,29,13,6,0,0.328,0.157,0.386,0.114,0.033,0.019,24,7,4,2
0.054,0.205,0.003,1.69,0.290,0,0.2081,0.1697,0.142,-0.697,0.326,0.142,0.348,0.138,0.029,0.000,29,13,6,0,0.328,0.157,0.386,0.114,0.033,0.019,24,7,4,2
0.066,0.205,0.003,-0.79,0.151,-1,0.2138,0.1622,0.490,0.736,0.326,0.142,0.348,0.138,0.029,0.000,29,13,6,0,0.328,0.157,0.386,0.114,0.033,0.019,24,7,4,2
0.082,0.218,0.017,-1.1,0.105,-1,0.2181,0.1536,0.377,0.192,0.326,0.142,0.348,0.138,0.029,0.000,29,13,6,0,0.328,0.157,0.386,0.114,0.033,0.019,24,7,4,2
0.081,0.258,0.018,1.37,0.298,0,0.2180,0.1435,0.187,-0.510,0.326,0.142,0.348,0.138,0.029,0.000,29,13,6,0,0.328,0.157,0.386,0.114,0.033,0.019,24,7,4,2
0.081,0.273,0.138,-1.1,0.105,-1,0.2006,0.1220,0.362,0.192,0.326,0.142,0.348,0.138,0.029,0.000,29,13,6,0,0.328,0.157,0.386,0.114,0.033,0.019,24,7,4,2
0.101,0.237,0.093,2.53,0.140,0,0.1888,0.1095,0.194,-0.121,0.326,0.142,0.348,0.138,0.029,0.000,29,13,6,0,0.328,0.157,0.386,0.114,0.033,0.019,24,7,4,2
0.105,0.339,0.465,-0.52,0.062,0,0.1729,0.0981,0.286,0.341,0.326,0.142,0.348,0.138,0.029,0.000,29,13,6,0,0.328,0.157,0.386,0.114,0.033,0.019,24,7,4,2
0.086,0.340,0.468,1.69,0.290,0,0.1689,0.0982,0.230,-0.697,0.326,0.142,0.348,0.138,0.029,0.000,29,13,6,0,0.328,0.157,0.386,0.114,0.033,0.019,24,7,4,2
0.092,0.374,0.517,0,0.000,0,0.1662,0.0996,0.284,0.166,0.326,0.142,0.348,0.138,0.029,0.000,29,13,6,0,0.328,0.157,0.386,0.114,0.033,0.019,24,7,4,2
0.099,0.434,0.506,-0.52,0.062,0,0.1779,0.1123,0.300,0.341,0.326,0.142,0.348,0.138,0.029,0.000,29,13,6,0,0.328,0.157,0.386,0.114,0.033,0.019,24,7,4,2
0.104,0.470,0.293,0,0.000,0,0.1789,0.1140,0.144,0.166,0.326,0.142,0.348,0.138,0.029,0.000,29,13,6,0,0.328,0.157,0.386,0.114,0.033,0.019,24,7,4,2
0.128,0.489,0.465,2.53,0.140,0,0.1695,0.1073,0.182,-0.121,0.326,0.142,0.348,0.138,0.029,0.000,29,13,6,0,0.328,0.157,0.386,0.114,0.033,0.019,24,7,4,2
0.149,0.436,0.030,1.99,0.186,0,0.1626,0.1022,0.082,-0.326,0.326,0.142,0.348,0.138,0.029,0.000,29,13,6,0,0.328,0.157,0.386,0.114,0.033,0.019,24,7,4,2
0.139,0.567,0.633,-0.08,0.108,0,0.1606,0.1018,0.139,0.059,0.326,0.142,0.348,0.138,0.029,0.000,29,13,6,0,0.328,0.157,0.386,0.114,0.033,0.019,24,7,4,2
0.155,0.455,0.102,2.53,0.140,0,0.1610,0.1027,0.067,-0.121,0.326,0.142,0.348,0.138,0.029,0.000,29,13,6,0,0.328,0.157,0.386,0.114,0.033,0.019,24,7,4,2
0.157,0.505,0.589,-1.19,0.219,1,0.1496,0.0916,0.298,0.586,0.326,0.142,0.348,0.138,0.029,0.000,29,13,6,0,0.328,0.157,0.386,0.114,0.033,0.019,24,7,4,2
0.134,0.354,0.192,1.99,0.186,0,0.1524,0.0913,0.166,-0.326,0.326,0.142,0.348,0.138,0.029,0.000,29,13,6,0,0.328,0.157,0.386,0.114,0.033,0.019,24,7,4,2
0.157,0.397,0.327,0,0.000,0,0.1678,0.0975,0.316,0.166,0.326,0.142,0.348,0.138,0.029,0.000,29,13,6,0,0.328,0.157,0.386,0.114,0.033,0.019,24,7,4,2
0.183,0.375,0.634,0,0.000,0,0.2087,0.1247,0.290,0.166,0.326,0.142,0.348,0.138,0.029,0.000,29,13,6,0,0.328,0.157,0.386,0.114,0.033,0.019,24,7,4,2
0.171,0.343,0.439,-1.1,0.105,-1,0.2453,0.1521,0.365,0.192,0.326,0.142,0.348,0.138,0.029,0.000,29,13,6,0,0.328,0.157,0.386,0.114,0.033,0.019,24,7,4,2
0.156,0.289,0.202,1.99,0.186,0,0.2896,0.1886,0.198,-0.326,0.326,0.142,0.348,0.138,0.029,0.000,29,13,6,0,0.328,0.157,0.386,0.114,0.033,0.019,24,7,4,2
0.130,0.403,0.504,0,0.000,0,0.3167,0.2153,0.140,0.166,0.326,0.142,0.348,0.138,0.029,0.000,29,13,6,0,0.328,0.157,0.386,0.114,0.033,0.019,24,7,4,2
0.160,0.416,0.624,-0.08,0.108,0,0.3314,0.2391,0.195,0.059,0.326,0.142,0.348,0.138,0.029,0.000,29,13,6,0,0.328,0.157,0.386,0.114,0.033,0.019,24,7,4,2
0.156,0.726,0.272,1.37,0.298,0,0.3335,0.2560,0.151,-0.510,0.326,0.142,0.348,0.138,0.029,0.000,29,13,6,0,0.328,0.157,0.386,0.114,0.033,0.019,24,7,4,2
0.160,0.402,0.590,2.53,0.140,0,0.3213,0.2647,0.135,-0.121,0.326,0.142,0.348,0.138,0.029,0.000,29,13,6,0,0.328,0.157,0.386,0.114,0.033,0.019,24,7,4,2
0.112,0.458,0.247,3.14,0.186,0,0.3112,0.2747,0.085,-0.486,0.326,0.142,0.348,0.138,0.029,0.000,29,13,6,0,0.328,0.157,0.386,0.114,0.033,0.019,24,7,4,2
0.089,0.721,0.728,-0.48,0.134,0,0.2965,0.2777,0.266,0.007,0.326,0.142,0.348,0.138,0.029,0.000,29,13,6,0,0.328,0.157,0.386,0.114,0.033,0.019,24,7,4,2
0.094,0.737,0.804,-1.19,0.219,1,0.2868,0.2792,0.419,0.586,0.326,0.142,0.348,0.138,0.029,0.000,29,13,6,0,0.328,0.157,0.386,0.114,0.033,0.019,24,7,4,2
0.097,0.748,0.675,-0.42,0.180,0,0.2801,0.2796,0.440,0.318,0.326,0.142,0.348,0.138,0.029,0.000,29,13,6,0,0.328,0.157,0.386,0.114,0.033,0.019,24,7,4,2
0.091,0.480,0.626,-0.08,0.108,0,0.2840,0.2848,0.324,0.059,0.326,0.142,0.348,0.138,0.029,0.000,29,13,6,0,0.328,0.157,0.386,0.114,0.033,0.019,24,7,4,2
0.100,0.716,0.584,-1.14,0.131,0,0.3104,0.3051,0.488,0.987,0.326,0.142,0.348,0.138,0.029,0.000,29,13,6,0,0.328,0.157,0.386,0.114,0.033,0.019,24,7,4,2
0.106,0.745,0.659,-0.48,0.134,0,0.3558,0.3436,0.498,0.007,0.326,0.142,0.348,0.138,0.029,0.000,29,13,6,0,0.328,0.157,0.386,0.114,0.033,0.019,24,7,4,2
0.106,0.763,0.703,-1.19,0.219,1,0.4048,0.3861,0.356,0.586,0.326,0.142,0.348,0.138,0.029,0.000,29,13,6,0,0.328,0.157,0.386,0.114,0.033,0.019,24,7,4,2
0.106,0.777,0.657,-0.42,0.180,0,0.4408,0.4170,0.309,0.318,0.326,0.142,0.348,0.138,0.029,0.000,29,13,6,0,0.328,0.157,0.386,0.114,0.033,0.019,24,7,4,2
0.147,0.441,0.302,3.14,0.186,0,0.4623,0.4378,0.110,-0.486,0.326,0.142,0.348,0.138,0.029,0.000,29,13,6,0,0.328,0.157,0.386,0.114,0.033,0.019,24,7,4,2
0.153,0.714,0.831,1.76,0.409,0,0.4754,0.4492,0.173,-0.884,0.326,0.142,0.348,0.138,0.029,0.000,29,13,6,0,0.328,0.157,0.386,0.114,0.033,0.019,24,7,4,2
0.140,0.560,0.145,1.99,0.186,0,0.4899,0.4621,0.113,-0.326,0.326,0.142,0.348,0.138,0.029,0.000,29,13,6,0,0.328,0.157,0.386,0.114,0.033,0.019,24,7,4,2
0.158,0.753,0.636,-0.52,0.062,0,0.4909,0.4650,0.216,0.341,0.326,0.142,0.348,0.138,0.029,0.000,29,13,6,0,0.328,0.157,0.386,0.114,0.033,0.019,24,7,4,2
0.089,0.710,0.574,-0.52,0.062,0,0.4727,0.4535,0.157,0.341,0.326,0.142,0.348,0.138,0.029,0.000,29,13,6,0,0.328,0.157,0.386,0.114,0.033,0.019,24,7,4,2
0.087,0.719,0.616,-1.14,0.131,0,0.4309,0.4222,0.387,0.987,0.326,0.142,0.348,0.138,0.029,0.000,29,13,6,0,0.328,0.157,0.386,0.114,0.033,0.019,24,7,4,2
0.094,0.808,0.744,-0.52,0.062,0,0.3818,0.3856,0.492,0.341,0.326,0.142,0.348,0.138,0.029,0.000,29,13,6,0,0.328,0.157,0.386,0.114,0.033,0.019,24,7,4,2
0.122,0.795,0.738,-0.52,0.062,0,0.3245,0.3405,0.505,0.341,0.326,0.142,0.348,0.138,0.029,0.000,29,13,6,0,0.328,0.157,0.386,0.114,0.033,0.019,24,7,4,2
0.122,0.694,0.604,0,0.000,0,0.2862,0.3104,0.341,0.166,0.326,0.142,0.348,0.138,0.029,0.000,29,13,6,0,0.328,0.157,0.386,0.114,0.033,0.019,24,7,4,2
0.067,0.518,0.681,-1.14,0.131,0,0.2659,0.2937,0.407,0.987,0.326,0.142,0.348,0.138,0.029,0.000,29,13,6,0,0.328,0.157,0.386,0.114,0.033,0.019,24,7,4,2
0.069,0.785,0.747,-1.19,0.219,1,0.2660,0.2908,0.503,0.586,0.326,0.142,0.348,0.138,0.029,0.000,29,13,6,0,0.328,0.157,0.386,0.114,0.033,0.019,24,7,4,2
0.063,0.798,0.802,0.2,0.291,1,0.2754,0.2917,0.337,0.180,0.326,0.142,0.348,0.138,0.029,0.000,29,13,6,0,0.328,0.157,0.386,0.114,0.033,0.019,24,7,4,2
0.097,0.758,0.393,1.37,0.298,0,0.2876,0.2940,0.207,-0.510,0.326,0.142,0.348,0.138,0.029,0.000,29,13,6,0,0.328,0.157,0.386,0.114,0.033,0.019,24,7,4,2
0.105,0.524,0.247,-1.1,0.105,-1,0.2965,0.2928,0.336,0.192,0.326,0.142,0.348,0.138,0.029,0.000,29,13,6,0,0.328,0.157,0.386,0.114,0.033,0.019,24,7,4,2
0.096,0.712,0.399,1.76,0.409,0,0.3149,0.2986,0.195,-0.884,0.326,0.142,0.348,0.138,0.029,0.000,29,13,6,0,0.328,0.157,0.386,0.114,0.033,0.019,24,7,4,2
0.093,0.704,0.261,-0.08,0.108,0,0.3236,0.2986,0.366,0.059,0.326,0.142,0.348,0.138,0.029,0.000,29,13,6,0,0.328,0.157,0.386,0.114,0.033,0.019,24,7,4,2
0.097,0.522,0.192,0,0.000,0,0.3234,0.2919,0.307,0.166,0.326,0.142,0.348,0.138,0.029,0.000,29,13,6,0,0.328,0.157,0.386,0.114,0.033,0.019,24,7,4,2
0.097,0.719,0.302,-1.19,0.219,1,0.2983,0.2675,0.445,0.586,0.326,0.142,0.348,0.138,0.029,0.000,29,13,6,0,0.328,0.157,0.386,0.114,0.033,0.019,24,7,4,2
0.092,0.550,0.312,-0.48,0.134,0,0.2554,0.2298,0.293,0.007,0.326,0.142,0.348,0.138,0.029,0.000,29,13,6,0,0.328,0.157,0.386,0.114,0.033,0.019,24,7,4,2
0.097,0.638,0.441,1.76,0.409,0,0.2103,0.1902,0.145,-0.884,0.326,0.142,0.348,0.138,0.029,0.000,29,13,6,0,0.328,0.157,0.386,0.114,0.033,0.019,24,7,4,2
0.082,0.547,0.393,2.53,0.140,0,0.1731,0.1572,0.125,-0.121,0.326,0.142,0.348,0.138,0.029,0.000,29,13,6,0,0.328,0.157,0.386,0.114,0.033,0.019,24,7,4,2
0.065,0.648,0.573,1.37,0.298,0,0.1566,0.1402,0.189,-0.510,0.326,0.142,0.348,0.138,0.029,0.000,29,13,6,0,0.328,0.157,0.386,0.114,0.033,0.019,24,7,4,2
0.062,0.686,0.531,-0.52,0.062,0,0.1514,0.1335,0.185,0.341,0.326,0.142,0.348,0.138,0.029,0.000,29,13,6,0,0.328,0.157,0.386,0.114,0.033,0.019,24,7,4,2
0.071,0.735,0.605,0.22,0.230,0,0.1522,0.1312,0.275,0.303,0.326,0.142,0.348,0.138,0.029,0.000,29,13,6,0,0.328,0.157,0.386,0.114,0.033,0.019,24,7,4,2
0.074,0.569,0.403,-1.1,0.105,-1,0.1493,0.1266,0.409,0.192,0.326,0.142,0.348,0.138,0.029,0.000,29,13,6,0,0.328,0.157,0.386,0.114,0.033,0.019,24,7,4,2
0.088,0.523,0.256,0,0.000,0,0.1395,0.1145,0.276,0.166,0.326,0.142,0.348,0.138,0.029,0.000,29,13,6,0,0.328,0.157,0.386,0.114,0.033,0.019,24,7,4,2
0.092,0.476,0.266,2.53,0.140,0,0.1436,0.1127,0.202,-0.121,0.326,0.142,0.348,0.138,0.029,0.000,29,13,6,0,0.328,0.157,0.386,0.114,0.033,0.019,24,7,4,2
0.086,0.586,0.268,-0.52,0.062,0,0.1475,0.1101,0.262,0.341,0.326,0.142,0.348,0.138,0.029,0.000,29,13,6,0,0.328,0.157,0.386,0.114,0.033,0.019,24,7,4,2
0.086,0.347,0.029,1.99,0.186,0,0.1650,0.1179,0.101,-0.326,0.326,0.142,0.348,0.138,0.029,0.000,29,13,6,0,0.328,0.157,0.386,0.114,0.033,0.019,24,7,4,2
0.102,0.352,0.294,0.22,0.230,0,0.1797,0.1232,0.217,0.303,0.326,0.142,0.348,0.138,0.029,0.000,29,13,6,0,0.328,0.157,0.386,0.114,0.033,0.019,24,7,4,2
0.146,0.270,0.010,-0.79,0.151,-1,0.1871,0.1231,0.355,0.736,0.326,0.142,0.348,0.138,0.029,0.000,29,13,6,0,0.328,0.157,0.386,0.114,0.033,0.019,24,7,4,2
0.179,0.219,0.002,1.99,0.186,0,0.1907,0.1222,0.161,-0.326,0.326,0.142,0.348,0.138,0.029,0.000,29,13,6,0,0.328,0.157,0.386,0.114,0.033,0.019,24,7,4,2
0.190,0.222,0.003,1.99,0.186,0,0.1946,0.1244,0.056,-0.326,0.326,0.142,0.348,0.138,0.029,0.000,29,13,6,0,0.328,0.157,0.386,0.114,0.033,0.019,24,7,4,2
0.221,0.178,0.106,0.85,0.046,0,0.2006,0.1274,0.123,0.06,0.326,0.142,0.348,0.138,0.029,0.000,29,13,6,0,0.328,0.157,0.386,0.114,0.033,0.019,24,7,4,2
0.206,0.171,0.013,0.85,0.046,0,0.2097,0.1327,0.400,0.06,0.326,0.142,0.348,0.138,0.029,0.000,29,13,6,0,0.328,0.157,0.386,0.114,0.033,0.019,24,7,4,2
0.206,0.198,0.009,-0.79,0.151,-1,0.1982,0.1241,0.285,0.736,0.326,0.142,0.348,0.138,0.029,0.000,29,13,6,0,0.328,0.157,0.386,0.114,0.033,0.019,24,7,4,2
0.202,0.198,0.002,1.99,0.186,0,0.1818,0.1124,0.059,-0.326,0.326,0.142,0.348,0.138,0.029,0.000,29,13,6,0,0.328,0.157,0.386,0.114,0.033,0.019,24,7,4,2
0.211,0.284,0.321,-0.08,0.108,0,0.1564,0.0952,0.245,0.059,0.326,0.142,0.348,0.138,0.029,0.000,29,13,6,0,0.328,0.157,0.386,0.114,0.033,0.019,24,7,4,2
0.211,0.351,0.309,-1.19,0.219,1,0.1352,0.0840,0.546,0.586,0.326,0.142,0.348,0.138,0.029,0.000,29,13,6,0,0.328,0.157,0.386,0.114,0.033,0.019,24,7,4,2
0.211,0.217,0.071,0.85,0.046,0,0.1207,0.0748,0.217,0.06,0.326,0.142,0.348,0.138,0.029,0.000,29,13,6,0,0.328,0.157,0.386,0.114,0.033,0.019,24,7,4,2
0.199,0.193,0.002,1.99,0.186,0,0.1186,0.0713,0.110,-0.326,0.326,0.142,0.348,0.138,0.029,0.000,29,13,6,0,0.328,0.157,0.386,0.114,0.033,0.019,24,7,4,2
0.216,0.299,0.087,-1.19,0.219,1,0.1295,0.0753,0.476,0.586,0.326,0.142,0.348,0.138,0.029,0.000,29,13,6,0,0.328,0.157,0.386,0.114,0.033,0.019,24,7,4,2
0.227,0.270,0.108,-0.08,0.108,0,0.1427,0.0813,0.448,0.059,0.326,0.142,0.348,0.138,0.029,0.000,29,13,6,0,0.328,0.157,0.386,0.114,0.033,0.019,24,7,4,2
0.232,0.373,0.138,-1.19,0.219,1,0.1482,0.0823,0.421,0.586,0.326,0.142,0.348,0.138,0.029,0.000,29,13,6,0,0.328,0.157,0.386,0.114,0.033,0.019,24,7,4,2
0.277,0.142,0.057,1.99,0.186,0,0.1556,0.0919,0.175,-0.326,0.326,0.142,0.348,0.138,0.029,0.000,29,13,6,0,0.328,0.157,0.386,0.114,0.033,0.019,24,7,4,2
0.266,0.146,0.162,-1.1,0.105,-1,0.1624,0.1101,0.395,0.192,0.326,0.142,0.348,0.138,0.029,0.000,29,13,6,0,0.328,0.157,0.386,0.114,0.033,0.019,24,7,4,2
0.315,0.190,0.111,1.99,0.186,0,0.1812,0.1493,0.156,-0.326,0.326,0.142,0.348,0.138,0.029,0.000,29,13,6,0,0.328,0.157,0.386,0.114,0.033,0.019,24,7,4,2
0.325,0.285,0.124,-0.52,0.062,0,0.1879,0.1932,0.338,0.341,0.326,0.142,0.348,0.138,0.029,0.000,29,13,6,0,0.328,0.157,0.386,0.114,0.033,0.019,24,7,4,2
0.350,0.300,0.353,-0.52,0.062,0,0.1886,0.2453,0.326,0.341,0.326,0.142,0.348,0.138,0.029,0.000,29,13,6,0,0.328,0.157,0.386,0.114,0.033,0.019,24,7,4,2
0.300,0.246,0.282,1.99,0.186,0,0.1869,0.3049,0.216,-0.326,0.326,0.142,0.348,0.138,0.029,0.000,29,13,6,0,0.328,0.157,0.386,0.114,0.033,0.019,24,7,4,2
0.307,0.231,0.300,0.85,0.046,0,0.1842,0.3706,0.318,0.06,0.326,0.142,0.348,0.138,0.029,0.000,29,13,6,0,0.328,0.157,0.386,0.114,0.033,0.019,24,7,4,2
0.319,0.349,0.773,1.37,0.298,0,0.1816,0.4404,0.347,-0.510,0.326,0.142,0.348,0.138,0.029,0.000,29,13,6,0,0.328,0.157,0.386,0.114,0.033,0.019,24,7,4,2
0.261,0.342,0.486,-0.52,0.062,0,0.1799,0.5122,0.388,0.341,0.326,0.142,0.348,0.138,0.029,0.000,29,13,6,0,0.328,0.157,0.386,0.114,0.033,0.019,24,7,4,2
0.286,0.305,0.523,0,0.000,0,0.1791,0.5834,0.421,0.166,0.326,0.142,0.348,0.138,0.029,0.000,29,13,6,0,0.328,0.157,0.386,0.114,0.033,0.019,24,7,4,2
0.222,0.250,0.641,-1.19,0.219,1,0.1780,0.6512,0.597,0.586,0.326,0.142,0.348,0.138,0.029,0.000,29,13,6,0,0.328,0.157,0.386,0.114,0.033,0.019,24,7,4,2
0.228,0.163,0.483,-1.1,0.105,-1,0.1742,0.7126,0.567,0.192,0.326,0.142,0.348,0.138,0.029,0.000,29,13,6,0,0.328,0.157,0.386,0.114,0.033,0.019,24,7,4,2
0.250,0.142,0.152,0.85,0.046,0,0.1634,0.7643,0.883,0.06,0.326,0.142,0.348,0.138,0.029,0.000,29,13,6,0,0.328,0.157,0.386,0.114,0.033,0.019,24,7,4,2
