0.217,0.107,0.664,1.42,0.221,0,0.6514,0.9597,0.751,-0.397,0.752,0.154,1.000,0.937,0.800,0.610,205,86,80,45,0.619,0.167,0.907,0.751,0.488,0.234,84,67,41,37
0.293,0.115,0.624,0.85,0.046,0,0.6474,0.9439,0.482,0.06,0.752,0.154,1.000,0.937,0.800,0.610,205,86,80,45,0.619,0.167,0.907,0.751,0.488,0.234,84,67,41,37
0.289,0.116,0.556,0.85,0.046,0,0.6192,0.9131,0.389,0.06,0.752,0.154,1.000,0.937,0.800,0.610,205,86,80,45,0.619,0.167,0.907,0.751,0.488,0.234,84,67,41,37
0.270,0.172,0.586,-0.52,0.062,0,0.5838,0.8722,0.314,0.341,0.752,0.154,1.000,0.937,0.800,0.610,205,86,80,45,0.619,0.167,0.907,0.751,0.488,0.234,84,67,41,37
0.261,0.159,0.676,-0.08,0.108,0,0.5527,0.8255,0.369,0.059,0.752,0.154,1.000,0.937,0.800,0.610,205,86,80,45,0.619,0.167,0.907,0.751,0.488,0.234,84,67,41,37
0.319,0.150,0.663,0.85,0.046,0,0.5330,0.7772,0.301,0.06,0.752,0.154,1.000,0.937,0.800,0.610,205,86,80,45,0.619,0.167,0.907,0.751,0.488,0.234,84,67,41,37
0.261,0.253,0.686,-0.52,0.062,0,0.5277,0.7308,0.354,0.341,0.752,0.154,1.000,0.937,0.800,0.610,205,86,80,45,0.619,0.167,0.907,0.751,0.488,0.234,84,67,41,37
0.313,0.261,0.696,0.22,0.230,0,0.5367,0.6892,0.379,0.303,0.752,0.154,1.000,0.937,0.800,0.610,205,86,80,45,0.619,0.167,0.907,0.751,0.488,0.234,84,67,41,37
0.291,0.783,0.799,0.2,0.291,1,0.5576,0.6547,0.432,0.180,0.752,0.154,1.000,0.937,0.800,0.610,205,86,80,45,0.619,0.167,0.907,0.751,0.488,0.234,84,67,41,37
0.296,0.294,0.544,-1.14,0.131,0,0.5862,0.6288,0.356,0.987,0.752,0.154,1.000,0.937,0.800,0.610,205,86,80,45,0.619,0.167,0.907,0.751,0.488,0.234,84,67,41,37
0.300,0.302,0.356,3.14,0.186,0,0.6180,0.6150,0.099,-0.486,0.752,0.154,1.000,0.937,0.800,0.610,205,86,80,45,0.619,0.167,0.907,0.751,0.488,0.234,84,67,41,37
0.279,0.813,0.689,-1.19,0.219,1,0.6451,0.6110,0.392,0.586,0.752,0.154,1.000,0.937,0.800,0.610,205,86,80,45,0.619,0.167,0.907,0.751,0.488,0.234,84,67,41,37
0.289,0.692,0.483,0,0.000,0,0.6622,0.6150,0.206,0.166,0.752,0.154,1.000,0.937,0.800,0.610,205,86,80,45,0.619,0.167,0.907,0.751,0.488,0.234,84,67,41,37
0.300,0.402,0.437,3.14,0.186,0,0.6634,0.6146,0.140,-0.486,0.752,0.154,1.000,0.937,0.800,0.610,205,86,80,45,0.619,0.167,0.907,0.751,0.488,0.234,84,67,41,37
0.297,0.385,0.350,1.99,0.186,0,0.6581,0.6128,0.119,-0.326,0.752,0.154,1.000,0.937,0.800,0.610,205,86,80,45,0.619,0.167,0.907,0.751,0.488,0.234,84,67,41,37
0.309,0.813,0.699,-1.19,0.219,1,0.6538,0.6112,0.447,0.586,0.752,0.154,1.000,0.937,0.800,0.610,205,86,80,45,0.619,0.167,0.907,0.751,0.488,0.234,84,67,41,37
0.309,0.760,0.669,-0.48,0.134,0,0.6437,0.6049,0.376,0.007,0.752,0.154,1.000,0.937,0.800,0.610,205,86,80,45,0.619,0.167,0.907,0.751,0.488,0.234,84,67,41,37
0.309,0.790,0.765,-1.19,0.219,1,0.6369,0.5967,0.412,0.586,0.752,0.154,1.000,0.937,0.800,0.610,205,86,80,45,0.619,0.167,0.907,0.751,0.488,0.234,84,67,41,37
0.294,0.721,0.744,-0.08,0.108,0,0.6361,0.5880,0.358,0.059,0.752,0.154,1.000,0.937,0.800,0.610,205,86,80,45,0.619,0.167,0.907,0.751,0.488,0.234,84,67,41,37
0.240,0.386,0.711,-0.52,0.062,0,0.6455,0.5814,0.360,0.341,0.752,0.154,1.000,0.937,0.800,0.610,205,86,80,45,0.619,0.167,0.907,0.751,0.488,0.234,84,67,41,37
0.243,0.363,0.661,-0.52,0.062,0,0.6640,0.5799,0.362,0.341,0.752,0.154,1.000,0.937,0.800,0.610,205,86,80,45,0.619,0.167,0.907,0.751,0.488,0.234,84,67,41,37
0.239,0.272,0.570,-0.08,0.108,0,0.6955,0.5892,0.353,0.059,0.752,0.154,1.000,0.937,0.800,0.610,205,86,80,45,0.619,0.167,0.907,0.751,0.488,0.234,84,67,41,37
0.204,0.262,0.557,-0.52,0.062,0,0.7339,0.6045,0.286,0.341,0.752,0.154,1.000,0.937,0.800,0.610,205,86,80,45,0.619,0.167,0.907,0.751,0.488,0.234,84,67,41,37
0.204,0.217,0.476,-0.52,0.062,0,0.7718,0.6205,0.310,0.341,0.752,0.154,1.000,0.937,0.800,0.610,205,86,80,45,0.619,0.167,0.907,0.751,0.488,0.234,84,67,41,37
0.218,0.277,0.498,0.2,0.291,1,0.8046,0.6325,0.381,0.180,0.752,0.154,1.000,0.937,0.800,0.610,205,86,80,45,0.619,0.167,0.907,0.751,0.488,0.234,84,67,41,37
0.219,0.165,0.285,2.53,0.140,0,0.8338,0.6432,0.181,-0.121,0.752,0.154,1.000,0.937,0.800,0.610,205,86,80,45,0.619,0.167,0.907,0.751,0.488,0.234,84,67,41,37
0.174,0.145,0.254,0.85,0.046,0,0.8499,0.6438,0.241,0.06,0.752,0.154,1.000,0.937,0.800,0.610,205,86,80,45,0.619,0.167,0.907,0.751,0.488,0.234,84,67,41,37
0.168,0.219,0.336,-0.52,0.062,0,0.8502,0.6328,0.297,0.341,0.752,0.154,1.000,0.937,0.800,0.610,205,86,80,45,0.619,0.167,0.907,0.751,0.488,0.234,84,67,41,37
0.111,0.145,0.356,0.85,0.046,0,0.8510,0.6230,0.254,0.06,0.752,0.154,1.000,0.937,0.800,0.610,205,86,80,45,0.619,0.167,0.907,0.751,0.488,0.234,84,67,41,37
0.117,0.155,0.400,-0.79,0.151,-1,0.8451,0.6124,0.469,0.736,0.752,0.154,1.000,0.937,0.800,0.610,205,86,80,45,0.619,0.167,0.907,0.751,0.488,0.234,84,67,41,37
0.117,0.176,0.664,-0.42,0.180,0,0.8420,0.6057,0.354,0.318,0.752,0.154,1.000,0.937,0.800,0.610,205,86,80,45,0.619,0.167,0.907,0.751,0.488,0.234,84,67,41,37
0.137,0.125,0.513,-1.14,0.131,0,0.8289,0.5960,0.389,0.987,0.752,0.154,1.000,0.937,0.800,0.610,205,86,80,45,0.619,0.167,0.907,0.751,0.488,0.234,84,67,41,37
0.177,0.222,0.807,0.2,0.291,1,0.8115,0.5852,0.502,0.180,0.752,0.154,1.000,0.937,0.800,0.610,205,86,80,45,0.619,0.167,0.907,0.751,0.488,0.234,84,67,41,37
0.177,0.178,0.518,0,0.000,0,0.8019,0.5794,0.327,0.166,0.752,0.154,1.000,0.937,0.800,0.610,205,86,80,45,0.619,0.167,0.907,0.751,0.488,0.234,84,67,41,37
0.163,0.190,0.517,-0.52,0.062,0,0.8022,0.5794,0.354,0.341,0.752,0.154,1.000,0.937,0.800,0.610,205,86,80,45,0.619,0.167,0.907,0.751,0.488,0.234,84,67,41,37
0.193,0.113,0.482,2.53,0.140,0,0.8079,0.5838,0.223,-0.121,0.752,0.154,1.000,0.937,0.800,0.610,205,86,80,45,0.619,0.167,0.907,0.751,0.488,0.234,84,67,41,37
0.136,0.121,0.382,-1.1,0.105,-1,0.8068,0.5844,0.366,0.192,0.752,0.154,1.000,0.937,0.800,0.610,205,86,80,45,0.619,0.167,0.907,0.751,0.488,0.234,84,67,41,37
0.130,0.128,0.005,-0.79,0.151,-1,0.8071,0.5865,0.538,0.736,0.752,0.154,1.000,0.937,0.800,0.610,205,86,80,45,0.619,0.167,0.907,0.751,0.488,0.234,84,67,41,37
0.101,0.146,0.004,-0.79,0.151,-1,0.7916,0.5776,0.415,0.736,0.752,0.154,1.000,0.937,0.800,0.610,205,86,80,45,0.619,0.167,0.907,0.751,0.488,0.234,84,67,41,37
0.104,0.174,0.105,1.99,0.186,0,0.7625,0.5595,0.153,-0.326,0.752,0.154,1.000,0.937,0.800,0.610,205,86,80,45,0.619,0.167,0.907,0.751,0.488,0.234,84,67,41,37
0.109,0.229,0.352,-0.52,0.062,0,0.7250,0.5357,0.344,0.341,0.752,0.154,1.000,0.937,0.800,0.610,205,86,80,45,0.619,0.167,0.907,0.751,0.488,0.234,84,67,41,37
0.110,0.386,0.553,-1.19,0.219,1,0.6856,0.5092,0.519,0.586,0.752,0.154,1.000,0.937,0.800,0.610,205,86,80,45,0.619,0.167,0.907,0.751,0.488,0.234,84,67,41,37
0.114,0.387,0.785,-1.19,0.219,1,0.6433,0.4800,0.429,0.586,0.752,0.154,1.000,0.937,0.800,0.610,205,86,80,45,0.619,0.167,0.907,0.751,0.488,0.234,84,67,41,37
0.110,0.370,0.730,-0.52,0.062,0,0.5988,0.4486,0.254,0.341,0.752,0.154,1.000,0.937,0.800,0.610,205,86,80,45,0.619,0.167,0.907,0.751,0.488,0.234,84,67,41,37
0.103,0.498,0.651,-0.42,0.180,0,0.5632,0.4241,0.456,0.318,0.752,0.154,1.000,0.937,0.800,0.610,205,86,80,45,0.619,0.167,0.907,0.751,0.488,0.234,84,67,41,37
0.087,0.796,0.667,-1.19,0.219,1,0.5328,0.4047,0.430,0.586,0.752,0.154,1.000,0.937,0.800,0.610,205,86,80,45,0.619,0.167,0.907,0.751,0.488,0.234,84,67,41,37
0.093,0.742,0.756,1.76,0.409,0,0.5238,0.4012,0.191,-0.884,0.752,0.154,1.000,0.937,0.800,0.610,205,86,80,45,0.619,0.167,0.907,0.751,0.488,0.234,84,67,41,37
0.093,0.468,0.375,-1.1,0.105,-1,0.5308,0.4102,0.375,0.192,0.752,0.154,1.000,0.937,0.800,0.610,205,86,80,45,0.619,0.167,0.907,0.751,0.488,0.234,84,67,41,37
0.115,0.534,0.178,-0.79,0.151,-1,0.5458,0.4258,0.317,0.736,0.752,0.154,1.000,0.937,0.800,0.610,205,86,80,45,0.619,0.167,0.907,0.751,0.488,0.234,84,67,41,37
0.135,0.421,0.401,1.42,0.221,0,0.5558,0.4380,0.166,-0.397,0.752,0.154,1.000,0.937,0.800,0.610,205,86,80,45,0.619,0.167,0.907,0.751,0.488,0.234,84,67,41,37
0.167,0.550,0.316,-0.48,0.134,0,0.5516,0.4393,0.218,0.007,0.752,0.154,1.000,0.937,0.800,0.610,205,86,80,45,0.619,0.167,0.907,0.751,0.488,0.234,84,67,41,37
0.153,0.359,0.218,3.14,0.186,0,0.5404,0.4328,0.104,-0.486,0.752,0.154,1.000,0.937,0.800,0.610,205,86,80,45,0.619,0.167,0.907,0.751,0.488,0.234,84,67,41,37
0.111,0.325,0.285,1.99,0.186,0,0.5234,0.4159,0.109,-0.326,0.752,0.154,1.000,0.937,0.800,0.610,205,86,80,45,0.619,0.167,0.907,0.751,0.488,0.234,84,67,41,37
0.091,0.308,0.145,0.85,0.046,0,0.5049,0.3941,0.108,0.06,0.752,0.154,1.000,0.937,0.800,0.610,205,86,80,45,0.619,0.167,0.907,0.751,0.488,0.234,84,67,41,37
0.086,0.441,0.410,-0.08,0.108,0,0.4834,0.3696,0.221,0.059,0.752,0.154,1.000,0.937,0.800,0.610,205,86,80,45,0.619,0.167,0.907,0.751,0.488,0.234,84,67,41,37
0.093,0.563,0.501,1.37,0.298,0,0.4613,0.3477,0.145,-0.510,0.752,0.154,1.000,0.937,0.800,0.610,205,86,80,45,0.619,0.167,0.907,0.751,0.488,0.234,84,67,41,37
0.093,0.543,0.533,0.22,0.230,0,0.4486,0.3347,0.218,0.303,0.752,0.154,1.000,0.937,0.800,0.610,205,86,80,45,0.619,0.167,0.907,0.751,0.488,0.234,84,67,41,37
0.131,0.406,0.275,-1.14,0.131,0,0.4488,0.3349,0.358,0.987,0.752,0.154,1.000,0.937,0.800,0.610,205,86,80,45,0.619,0.167,0.907,0.751,0.488,0.234,84,67,41,37
0.131,0.384,0.471,0.85,0.046,0,0.4563,0.3442,0.360,0.06,0.752,0.154,1.000,0.937,0.800,0.610,205,86,80,45,0.619,0.167,0.907,0.751,0.488,0.234,84,67,41,37
0.131,0.360,0.595,-1.1,0.105,-1,0.4755,0.3631,0.376,0.192,0.752,0.154,1.000,0.937,0.800,0.610,205,86,80,45,0.619,0.167,0.907,0.751,0.488,0.234,84,67,41,37
0.120,0.460,0.596,-1.19,0.219,1,0.5130,0.3955,0.517,0.586,0.752,0.154,1.000,0.937,0.800,0.610,205,86,80,45,0.619,0.167,0.907,0.751,0.488,0.234,84,67,41,37
0.148,0.447,0.489,-1.1,0.105,-1,0.5521,0.4262,0.450,0.192,0.752,0.154,1.000,0.937,0.800,0.610,205,86,80,45,0.619,0.167,0.907,0.751,0.488,0.234,84,67,41,37
0.145,0.597,0.305,1.37,0.298,0,0.5944,0.4584,0.226,-0.510,0.752,0.154,1.000,0.937,0.800,0.610,205,86,80,45,0.619,0.167,0.907,0.751,0.488,0.234,84,67,41,37
0.139,0.468,0.067,0,0.000,0,0.6223,0.4776,0.195,0.166,0.752,0.154,1.000,0.937,0.800,0.610,205,86,80,45,0.619,0.167,0.907,0.751,0.488,0.234,84,67,41,37
0.124,0.446,0.044,1.99,0.186,0,0.6455,0.4906,0.179,-0.326,0.752,0.154,1.000,0.937,0.800,0.610,205,86,80,45,0.619,0.167,0.907,0.751,0.488,0.234,84,67,41,37
0.139,0.487,0.050,1.42,0.221,0,0.6513,0.4908,0.171,-0.397,0.752,0.154,1.000,0.937,0.800,0.610,205,86,80,45,0.619,0.167,0.907,0.751,0.488,0.234,84,67,41,37
0.163,0.562,0.278,-1.19,0.219,1,0.6477,0.4852,0.363,0.586,0.752,0.154,1.000,0.937,0.800,0.610,205,86,80,45,0.619,0.167,0.907,0.751,0.488,0.234,84,67,41,37
0.159,0.458,0.128,3.14,0.186,0,0.6387,0.4767,0.107,-0.486,0.752,0.154,1.000,0.937,0.800,0.610,205,86,80,45,0.619,0.167,0.907,0.751,0.488,0.234,84,67,41,37
0.162,0.402,0.260,-1.1,0.105,-1,0.6277,0.4690,0.321,0.192,0.752,0.154,1.000,0.937,0.800,0.610,205,86,80,45,0.619,0.167,0.907,0.751,0.488,0.234,84,67,41,37
0.164,0.356,0.368,-0.79,0.151,-1,0.6234,0.4662,0.327,0.736,0.752,0.154,1.000,0.937,0.800,0.610,205,86,80,45,0.619,0.167,0.907,0.751,0.488,0.234,84,67,41,37
0.164,0.377,0.219,-1.14,0.131,0,0.6163,0.4617,0.411,0.987,0.752,0.154,1.000,0.937,0.800,0.610,205,86,80,45,0.619,0.167,0.907,0.751,0.488,0.234,84,67,41,37
0.128,0.509,0.375,-0.52,0.062,0,0.6209,0.4638,0.398,0.341,0.752,0.154,1.000,0.937,0.800,0.610,205,86,80,45,0.619,0.167,0.907,0.751,0.488,0.234,84,67,41,37
0.128,0.515,0.499,-0.08,0.108,0,0.6367,0.4752,0.238,0.059,0.752,0.154,1.000,0.937,0.800,0.610,205,86,80,45,0.619,0.167,0.907,0.751,0.488,0.234,84,67,41,37
0.138,0.454,0.431,-1.14,0.131,0,0.6552,0.4910,0.263,0.987,0.752,0.154,1.000,0.937,0.800,0.610,205,86,80,45,0.619,0.167,0.907,0.751,0.488,0.234,84,67,41,37
0.136,0.580,0.559,1.37,0.298,0,0.6863,0.5148,0.182,-0.510,0.752,0.154,1.000,0.937,0.800,0.610,205,86,80,45,0.619,0.167,0.907,0.751,0.488,0.234,84,67,41,37
0.122,0.425,0.531,0.22,0.230,0,0.7227,0.5422,0.216,0.303,0.752,0.154,1.000,0.937,0.800,0.610,205,86,80,45,0.619,0.167,0.907,0.751,0.488,0.234,84,67,41,37
0.123,0.383,0.372,-0.52,0.062,0,0.7547,0.5665,0.204,0.341,0.752,0.154,1.000,0.937,0.800,0.610,205,86,80,45,0.619,0.167,0.907,0.751,0.488,0.234,84,67,41,37
0.095,0.258,0.261,1.42,0.221,0,0.7705,0.5793,0.152,-0.397,0.752,0.154,1.000,0.937,0.800,0.610,205,86,80,45,0.619,0.167,0.907,0.751,0.488,0.234,84,67,41,37
0.093,0.175,0.176,3.14,0.186,0,0.7832,0.5872,0.159,-0.486,0.752,0.154,1.000,0.937,0.800,0.610,205,86,80,45,0.619,0.167,0.907,0.751,0.488,0.234,84,67,41,37
0.078,0.196,0.189,0,0.000,0,0.7866,0.5868,0.177,0.166,0.752,0.154,1.000,0.937,0.800,0.610,205,86,80,45,0.619,0.167,0.907,0.751,0.488,0.234,84,67,41,37
0.092,0.158,0.083,-1.1,0.105,-1,0.7856,0.5827,0.371,0.192,0.752,0.154,1.000,0.937,0.800,0.610,205,86,80,45,0.619,0.167,0.907,0.751,0.488,0.234,84,67,41,37
0.091,0.143,0.088,-1.1,0.105,-1,0.7813,0.5756,0.390,0.192,0.752,0.154,1.000,0.937,0.800,0.610,205,86,80,45,0.619,0.167,0.907,0.751,0.488,0.234,84,67,41,37
0.070,0.136,0.119,-1.1,0.105,-1,0.7831,0.5737,0.435,0.192,0.752,0.154,1.000,0.937,0.800,0.610,205,86,80,45,0.619,0.167,0.907,0.751,0.488,0.234,84,67,41,37
0.074,0.115,0.124,-1.1,0.105,-1,0.7796,0.5700,0.413,0.192,0.752,0.154,1.000,0.937,0.800,0.610,205,86,80,45,0.619,0.167,0.907,0.751,0.488,0.234,84,67,41,37
0.081,0.113,0.084,0.85,0.046,0,0.7783,0.5730,0.274,0.06,0.752,0.154,1.000,0.937,0.800,0.610,205,86,80,45,0.619,0.167,0.907,0.751,0.488,0.234,84,67,41,37
0.087,0.175,0.263,1.37,0.298,0,0.7890,0.5876,0.237,-0.510,0.752,0.154,1.000,0.937,0.800,0.610,205,86,80,45,0.619,0.167,0.907,0.751,0.488,0.234,84,67,41,37
0.077,0.151,0.299,-0.52,0.062,0,0.8074,0.6096,0.300,0.341,0.752,0.154,1.000,0.937,0.800,0.610,205,86,80,45,0.619,0.167,0.907,0.751,0.488,0.234,84,67,41,37
0.070,0.152,0.281,-1.1,0.105,-1,0.8325,0.6348,0.339,0.192,0.752,0.154,1.000,0.937,0.800,0.610,205,86,80,45,0.619,0.167,0.907,0.751,0.488,0.234,84,67,41,37
0.063,0.149,0.266,-0.08,0.108,0,0.8434,0.6480,0.338,0.059,0.752,0.154,1.000,0.937,0.800,0.610,205,86,80,45,0.619,0.167,0.907,0.751,0.488,0.234,84,67,41,37
0.065,0.140,0.237,-0.79,0.151,-1,0.8400,0.6460,0.430,0.736,0.752,0.154,1.000,0.937,0.800,0.610,205,86,80,45,0.619,0.167,0.907,0.751,0.488,0.234,84,67,41,37
0.064,0.136,0.183,-0.08,0.108,0,0.8265,0.6343,0.259,0.059,0.752,0.154,1.000,0.937,0.800,0.610,205,86,80,45,0.619,0.167,0.907,0.751,0.488,0.234,84,67,41,37
0.083,0.133,0.214,-0.08,0.108,0,0.8092,0.6186,0.248,0.059,0.752,0.154,1.000,0.937,0.800,0.610,205,86,80,45,0.619,0.167,0.907,0.751,0.488,0.234,84,67,41,37
0.108,0.113,0.099,-0.79,0.151,-1,0.7880,0.5996,0.443,0.736,0.752,0.154,1.000,0.937,0.800,0.610,205,86,80,45,0.619,0.167,0.907,0.751,0.488,0.234,84,67,41,37
0.112,0.117,0.103,0.85,0.046,0,0.7629,0.5768,0.360,0.06,0.752,0.154,1.000,0.937,0.800,0.610,205,86,80,45,0.619,0.167,0.907,0.751,0.488,0.234,84,67,41,37
0.118,0.134,0.189,1.42,0.221,0,0.7485,0.5640,0.258,-0.397,0.752,0.154,1.000,0.937,0.800,0.610,205,86,80,45,0.619,0.167,0.907,0.751,0.488,0.234,84,67,41,37
0.118,0.162,0.442,-0.08,0.108,0,0.7477,0.5639,0.267,0.059,0.752,0.154,1.000,0.937,0.800,0.610,205,86,80,45,0.619,0.167,0.907,0.751,0.488,0.234,84,67,41,37
0.132,0.132,0.352,-1.14,0.131,0,0.7548,0.5715,0.314,0.987,0.752,0.154,1.000,0.937,0.800,0.610,205,86,80,45,0.619,0.167,0.907,0.751,0.488,0.234,84,67,41,37
0.103,0.146,0.446,-1.1,0.105,-1,0.7712,0.5873,0.490,0.192,0.752,0.154,1.000,0.937,0.800,0.610,205,86,80,45,0.619,0.167,0.907,0.751,0.488,0.234,84,67,41,37
0.109,0.159,0.418,-0.08,0.108,0,0.7889,0.6041,0.284,0.059,0.752,0.154,1.000,0.937,0.800,0.610,205,86,80,45,0.619,0.167,0.907,0.751,0.488,0.234,84,67,41,37
0.121,0.118,0.050,1.99,0.186,0,0.8036,0.6181,0.109,-0.326,0.752,0.154,1.000,0.937,0.800,0.610,205,86,80,45,0.619,0.167,0.907,0.751,0.488,0.234,84,67,41,37
0.121,0.125,0.030,0.85,0.046,0,0.8095,0.6242,0.176,0.06,0.752,0.154,1.000,0.937,0.800,0.610,205,86,80,45,0.619,0.167,0.907,0.751,0.488,0.234,84,67,41,37
0.121,0.188,0.330,-1.19,0.219,1,0.8038,0.6218,0.463,0.586,0.752,0.154,1.000,0.937,0.800,0.610,205,86,80,45,0.619,0.167,0.907,0.751,0.488,0.234,84,67,41,37
0.157,0.170,0.391,-1.19,0.219,1,0.7801,0.6080,0.320,0.586,0.752,0.154,1.000,0.937,0.800,0.610,205,86,80,45,0.619,0.167,0.907,0.751,0.488,0.234,84,67,41,37
0.171,0.111,0.012,1.99,0.186,0,0.7506,0.5894,0.090,-0.326,0.752,0.154,1.000,0.937,0.800,0.610,205,86,80,45,0.619,0.167,0.907,0.751,0.488,0.234,84,67,41,37
0.177,0.097,0.103,0.85,0.046,0,0.7229,0.5704,0.286,0.06,0.752,0.154,1.000,0.937,0.800,0.610,205,86,80,45,0.619,0.167,0.907,0.751,0.488,0.234,84,67,41,37
0.166,0.102,0.230,0.85,0.046,0,0.7044,0.5569,0.481,0.06,0.752,0.154,1.000,0.937,0.800,0.610,205,86,80,45,0.619,0.167,0.907,0.751,0.488,0.234,84,67,41,37
0.180,0.099,0.107,0.85,0.046,0,0.6868,0.5452,0.364,0.06,0.752,0.154,1.000,0.937,0.800,0.610,205,86,80,45,0.619,0.167,0.907,0.751,0.488,0.234,84,67,41,37
0.155,0.110,0.006,-0.79,0.151,-1,0.6768,0.5387,0.502,0.736,0.752,0.154,1.000,0.937,0.800,0.610,205,86,80,45,0.619,0.167,0.907,0.751,0.488,0.234,84,67,41,37
0.156,0.148,0.065,0,0.000,0,0.6804,0.5417,0.520,0.166,0.752,0.154,1.000,0.937,0.800,0.610,205,86,80,45,0.619,0.167,0.907,0.751,0.488,0.234,84,67,41,37
0.135,0.194,0.213,-0.52,0.062,0,0.6961,0.5504,0.423,0.341,0.752,0.154,1.000,0.937,0.800,0.610,205,86,80,45,0.619,0.167,0.907,0.751,0.488,0.234,84,67,41,37
0.142,0.204,0.265,-0.79,0.151,-1,0.7285,0.5739,0.426,0.736,0.752,0.154,1.000,0.937,0.800,0.610,205,86,80,45,0.619,0.167,0.907,0.751,0.488,0.234,84,67,41,37
0.148,0.218,0.394,-1.14,0.131,0,0.7663,0.6020,0.330,0.987,0.752,0.154,1.000,0.937,0.800,0.610,205,86,80,45,0.619,0.167,0.907,0.751,0.488,0.234,84,67,41,37
0.123,0.338,0.683,-1.19,0.219,1,0.7999,0.6259,0.403,0.586,0.752,0.154,1.000,0.937,0.800,0.610,205,86,80,45,0.619,0.167,0.907,0.751,0.488,0.234,84,67,41,37
0.080,0.343,0.483,1.37,0.298,0,0.8344,0.6507,0.179,-0.510,0.752,0.154,1.000,0.937,0.800,0.610,205,86,80,45,0.619,0.167,0.907,0.751,0.488,0.234,84,67,41,37
0.065,0.357,0.523,0.2,0.291,1,0.8613,0.6733,0.294,0.180,0.752,0.154,1.000,0.937,0.800,0.610,205,86,80,45,0.619,0.167,0.907,0.751,0.488,0.234,84,67,41,37
0.062,0.155,0.295,3.14,0.186,0,0.8834,0.6909,0.104,-0.486,0.752,0.154,1.000,0.937,0.800,0.610,205,86,80,45,0.619,0.167,0.907,0.751,0.488,0.234,84,67,41,37
0.065,0.226,0.524,0.2,0.291,1,0.8923,0.6965,0.325,0.180,0.752,0.154,1.000,0.937,0.800,0.610,205,86,80,45,0.619,0.167,0.907,0.751,0.488,0.234,84,67,41,37
0.062,0.126,0.283,-0.79,0.151,-1,0.8960,0.6955,0.340,0.736,0.752,0.154,1.000,0.937,0.800,0.610,205,86,80,45,0.619,0.167,0.907,0.751,0.488,0.234,84,67,41,37
0.076,0.164,0.491,-0.42,0.180,0,0.8954,0.6877,0.315,0.318,0.752,0.154,1.000,0.937,0.800,0.610,205,86,80,45,0.619,0.167,0.907,0.751,0.488,0.234,84,67,41,37
0.079,0.141,0.322,-0.79,0.151,-1,0.8947,0.6799,0.408,0.736,0.752,0.154,1.000,0.937,0.800,0.610,205,86,80,45,0.619,0.167,0.907,0.751,0.488,0.234,84,67,41,37
0.071,0.174,0.418,-0.52,0.062,0,0.8897,0.6687,0.413,0.341,0.752,0.154,1.000,0.937,0.800,0.610,205,86,80,45,0.619,0.167,0.907,0.751,0.488,0.234,84,67,41,37
0.071,0.178,0.207,-0.52,0.062,0,0.8919,0.6671,0.450,0.341,0.752,0.154,1.000,0.937,0.800,0.610,205,86,80,45,0.619,0.167,0.907,0.751,0.488,0.234,84,67,41,37
0.060,0.124,0.164,0,0.000,0,0.9000,0.6717,0.399,0.166,0.752,0.154,1.000,0.937,0.800,0.610,205,86,80,45,0.619,0.167,0.907,0.751,0.488,0.234,84,67,41,37
0.050,0.128,0.023,-0.79,0.151,-1,0.9132,0.6818,0.501,0.736,0.752,0.154,1.000,0.937,0.800,0.610,205,86,80,45,0.619,0.167,0.907,0.751,0.488,0.234,84,67,41,37
0.045,0.119,0.057,-0.79,0.151,-1,0.9254,0.6931,0.543,0.736,0.752,0.154,1.000,0.937,0.800,0.610,205,86,80,45,0.619,0.167,0.907,0.751,0.488,0.234,84,67,41,37
0.055,0.127,0.024,-1.1,0.105,-1,0.9344,0.7043,0.422,0.192,0.752,0.154,1.000,0.937,0.800,0.610,205,86,80,45,0.619,0.167,0.907,0.751,0.488,0.234,84,67,41,37
0.070,0.137,0.083,-0.52,0.062,0,0.9378,0.7101,0.447,0.341,0.752,0.154,1.000,0.937,0.800,0.610,205,86,80,45,0.619,0.167,0.907,0.751,0.488,0.234,84,67,41,37
0.070,0.125,0.005,-1.1,0.105,-1,0.9376,0.7084,0.562,0.192,0.752,0.154,1.000,0.937,0.800,0.610,205,86,80,45,0.619,0.167,0.907,0.751,0.488,0.234,84,67,41,37
0.084,0.128,0.015,1.99,0.186,0,0.9316,0.7023,0.313,-0.326,0.752,0.154,1.000,0.937,0.800,0.610,205,86,80,45,0.619,0.167,0.907,0.751,0.488,0.234,84,67,41,37
0.071,0.155,0.235,-0.52,0.062,0,0.9265,0.6937,0.348,0.341,0.752,0.154,1.000,0.937,0.800,0.610,205,86,80,45,0.619,0.167,0.907,0.751,0.488,0.234,84,67,41,37
0.071,0.150,0.216,-1.14,0.131,0,0.9172,0.6781,0.476,0.987,0.752,0.154,1.000,0.937,0.800,0.610,205,86,80,45,0.619,0.167,0.907,0.751,0.488,0.234,84,67,41,37
0.071,0.188,0.089,-0.79,0.151,-1,0.8933,0.6527,0.518,0.736,0.752,0.154,1.000,0.937,0.800,0.610,205,86,80,45,0.619,0.167,0.907,0.751,0.488,0.234,84,67,41,37
0.084,0.177,0.115,-0.79,0.151,-1,0.8578,0.6221,0.298,0.736,0.752,0.154,1.000,0.937,0.800,0.610,205,86,80,45,0.619,0.167,0.907,0.751,0.488,0.234,84,67,41,37
0.085,0.324,0.637,0.2,0.291,1,0.8293,0.5998,0.327,0.180,0.752,0.154,1.000,0.937,0.800,0.610,205,86,80,45,0.619,0.167,0.907,0.751,0.488,0.234,84,67,41,37
0.131,0.254,0.204,-0.79,0.151,-1,0.7981,0.5781,0.341,0.736,0.752,0.154,1.000,0.937,0.800,0.610,205,86,80,45,0.619,0.167,0.907,0.751,0.488,0.234,84,67,41,37
0.158,0.337,0.502,-1.19,0.219,1,0.7771,0.5653,0.349,0.586,0.752,0.154,1.000,0.937,0.800,0.610,205,86,80,45,0.619,0.167,0.907,0.751,0.488,0.234,84,67,41,37
0.176,0.326,0.657,-1.19,0.219,1,0.7565,0.5537,0.345,0.586,0.752,0.154,1.000,0.937,0.800,0.610,205,86,80,45,0.619,0.167,0.907,0.751,0.488,0.234,84,67,41,37
0.150,0.412,0.862,0.2,0.291,1,0.7413,0.5451,0.327,0.180,0.752,0.154,1.000,0.937,0.800,0.610,205,86,80,45,0.619,0.167,0.907,0.751,0.488,0.234,84,67,41,37
0.133,0.388,0.511,-0.42,0.180,0,0.7230,0.5317,0.297,0.318,0.752,0.154,1.000,0.937,0.800,0.610,205,86,80,45,0.619,0.167,0.907,0.751,0.488,0.234,84,67,41,37
0.109,0.367,0.705,1.69,0.290,0,0.7056,0.5219,0.195,-0.697,0.752,0.154,1.000,0.937,0.800,0.610,205,86,80,45,0.619,0.167,0.907,0.751,0.488,0.234,84,67,41,37
0.106,0.341,0.543,-0.79,0.151,-1,0.6786,0.5047,0.279,0.736,0.752,0.154,1.000,0.937,0.800,0.610,205,86,80,45,0.619,0.167,0.907,0.751,0.488,0.234,84,67,41,37
0.110,0.335,0.434,1.42,0.221,0,0.6535,0.4887,0.238,-0.397,0.752,0.154,1.000,0.937,0.800,0.610,205,86,80,45,0.619,0.167,0.907,0.751,0.488,0.234,84,67,41,37
0.115,0.688,0.719,-1.19,0.219,1,0.6242,0.4696,0.342,0.586,0.752,0.154,1.000,0.937,0.800,0.610,205,86,80,45,0.619,0.167,0.907,0.751,0.488,0.234,84,67,41,37
0.137,0.716,0.797,0.2,0.291,1,0.5913,0.4467,0.335,0.180,0.752,0.154,1.000,0.937,0.800,0.610,205,86,80,45,0.619,0.167,0.907,0.751,0.488,0.234,84,67,41,37
0.162,0.521,0.710,-1.19,0.219,1,0.5572,0.4215,0.389,0.586,0.752,0.154,1.000,0.937,0.800,0.610,205,86,80,45,0.619,0.167,0.907,0.751,0.488,0.234,84,67,41,37
0.195,0.376,0.436,1.99,0.186,0,0.5245,0.3956,0.166,-0.326,0.752,0.154,1.000,0.937,0.800,0.610,205,86,80,45,0.619,0.167,0.907,0.751,0.488,0.234,84,67,41,37
0.161,0.744,0.634,0.22,0.230,0,0.4977,0.3732,0.309,0.303,0.752,0.154,1.000,0.937,0.800,0.610,205,86,80,45,0.619,0.167,0.907,0.751,0.488,0.234,84,67,41,37
0.136,0.790,0.601,1.37,0.298,0,0.4889,0.3623,0.288,-0.510,0.752,0.154,1.000,0.937,0.800,0.610,205,86,80,45,0.619,0.167,0.907,0.751,0.488,0.234,84,67,41,37
0.126,0.803,0.390,-0.48,0.134,0,0.4896,0.3564,0.334,0.007,0.752,0.154,1.000,0.937,0.800,0.610,205,86,80,45,0.619,0.167,0.907,0.751,0.488,0.234,84,67,41,37
0.130,0.525,0.203,-0.79,0.151,-1,0.4942,0.3542,0.464,0.736,0.752,0.154,1.000,0.937,0.800,0.610,205,86,80,45,0.619,0.167,0.907,0.751,0.488,0.234,84,67,41,37
0.153,0.776,0.314,0,0.000,0,0.4889,0.3464,0.404,0.166,0.752,0.154,1.000,0.937,0.800,0.610,205,86,80,45,0.619,0.167,0.907,0.751,0.488,0.234,84,67,41,37
0.194,0.778,0.440,1.99,0.186,0,0.4886,0.3450,0.140,-0.326,0.752,0.154,1.000,0.937,0.800,0.610,205,86,80,45,0.619,0.167,0.907,0.751,0.488,0.234,84,67,41,37
0.227,0.752,0.508,-0.48,0.134,0,0.4900,0.3446,0.257,0.007,0.752,0.154,1.000,0.937,0.800,0.610,205,86,80,45,0.619,0.167,0.907,0.751,0.488,0.234,84,67,41,37
0.180,0.430,0.579,3.14,0.186,0,0.5046,0.3547,0.115,-0.486,0.752,0.154,1.000,0.937,0.800,0.610,205,86,80,45,0.619,0.167,0.907,0.751,0.488,0.234,84,67,41,37
0.173,0.747,0.653,-1.19,0.219,1,0.5175,0.3631,0.410,0.586,0.752,0.154,1.000,0.937,0.800,0.610,205,86,80,45,0.619,0.167,0.907,0.751,0.488,0.234,84,67,41,37
0.151,0.340,0.460,1.99,0.186,0,0.5456,0.3818,0.091,-0.326,0.752,0.154,1.000,0.937,0.800,0.610,205,86,80,45,0.619,0.167,0.907,0.751,0.488,0.234,84,67,41,37
0.146,0.314,0.097,0.85,0.046,0,0.5800,0.4025,0.050,0.06,0.752,0.154,1.000,0.937,0.800,0.610,205,86,80,45,0.619,0.167,0.907,0.751,0.488,0.234,84,67,41,37
0.131,0.736,0.741,0.2,0.291,1,0.6174,0.4271,0.336,0.180,0.752,0.154,1.000,0.937,0.800,0.610,205,86,80,45,0.619,0.167,0.907,0.751,0.488,0.234,84,67,41,37
0.120,0.472,0.416,-0.42,0.180,0,0.6479,0.4472,0.307,0.318,0.752,0.154,1.000,0.937,0.800,0.610,205,86,80,45,0.619,0.167,0.907,0.751,0.488,0.234,84,67,41,37
0.115,0.325,0.267,1.99,0.186,0,0.6838,0.4746,0.101,-0.326,0.752,0.154,1.000,0.937,0.800,0.610,205,86,80,45,0.619,0.167,0.907,0.751,0.488,0.234,84,67,41,37
0.136,0.261,0.134,3.14,0.186,0,0.7150,0.5024,0.095,-0.486,0.752,0.154,1.000,0.937,0.800,0.610,205,86,80,45,0.619,0.167,0.907,0.751,0.488,0.234,84,67,41,37
0.108,0.288,0.389,-0.52,0.062,0,0.7469,0.5332,0.315,0.341,0.752,0.154,1.000,0.937,0.800,0.610,205,86,80,45,0.619,0.167,0.907,0.751,0.488,0.234,84,67,41,37
0.088,0.333,0.194,-1.19,0.219,1,0.7757,0.5636,0.491,0.586,0.752,0.154,1.000,0.937,0.800,0.610,205,86,80,45,0.619,0.167,0.907,0.751,0.488,0.234,84,67,41,37
0.109,0.165,0.002,-1.1,0.105,-1,0.7953,0.5850,0.365,0.192,0.752,0.154,1.000,0.937,0.800,0.610,205,86,80,45,0.619,0.167,0.907,0.751,0.488,0.234,84,67,41,37
0.118,0.141,0.001,1.99,0.186,0,0.8177,0.6095,0.174,-0.326,0.752,0.154,1.000,0.937,0.800,0.610,205,86,80,45,0.619,0.167,0.907,0.751,0.488,0.234,84,67,41,37
0.077,0.166,0.142,0.22,0.230,0,0.8414,0.6358,0.422,0.303,0.752,0.154,1.000,0.937,0.800,0.610,205,86,80,45,0.619,0.167,0.907,0.751,0.488,0.234,84,67,41,37
0.073,0.134,0.010,-1.1,0.105,-1,0.8636,0.6643,0.431,0.192,0.752,0.154,1.000,0.937,0.800,0.610,205,86,80,45,0.619,0.167,0.907,0.751,0.488,0.234,84,67,41,37
0.073,0.104,0.001,-1.1,0.105,-1,0.8889,0.6938,0.457,0.192,0.752,0.154,1.000,0.937,0.800,0.610,205,86,80,45,0.619,0.167,0.907,0.751,0.488,0.234,84,67,41,37
0.067,0.087,0.001,-0.79,0.151,-1,0.9053,0.7174,0.516,0.736,0.752,0.154,1.000,0.937,0.800,0.610,205,86,80,45,0.619,0.167,0.907,0.751,0.488,0.234,84,67,41,37
0.071,0.084,0.000,-0.79,0.151,-1,0.9172,0.7387,0.427,0.736,0.752,0.154,1.000,0.937,0.800,0.610,205,86,80,45,0.619,0.167,0.907,0.751,0.488,0.234,84,67,41,37
0.058,0.074,0.001,-1.1,0.105,-1,0.9283,0.7604,0.354,0.192,0.752,0.154,1.000,0.937,0.800,0.610,205,86,80,45,0.619,0.167,0.907,0.751,0.488,0.234,84,67,41,37
0.062,0.074,0.001,-0.79,0.151,-1,0.9405,0.7847,0.451,0.736,0.752,0.154,1.000,0.937,0.800,0.610,205,86,80,45,0.619,0.167,0.907,0.751,0.488,0.234,84,67,41,37
0.062,0.073,0.001,-0.79,0.151,-1,0.9462,0.8042,0.433,0.736,0.752,0.154,1.000,0.937,0.800,0.610,205,86,80,45,0.619,0.167,0.907,0.751,0.488,0.234,84,67,41,37
0.041,0.072,0.140,1.42,0.221,0,0.9555,0.8262,0.221,-0.397,0.752,0.154,1.000,0.937,0.800,0.610,205,86,80,45,0.619,0.167,0.907,0.751,0.488,0.234,84,67,41,37
0.041,0.081,0.133,-0.52,0.062,0,0.9640,0.8454,0.264,0.341,0.752,0.154,1.000,0.937,0.800,0.610,205,86,80,45,0.619,0.167,0.907,0.751,0.488,0.234,84,67,41,37
0.033,0.084,0.075,-0.79,0.151,-1,0.9700,0.8609,0.486,0.736,0.752,0.154,1.000,0.937,0.800,0.610,205,86,80,45,0.619,0.167,0.907,0.751,0.488,0.234,84,67,41,37
0.024,0.107,0.151,-0.08,0.108,0,0.9711,0.8695,0.398,0.059,0.752,0.154,1.000,0.937,0.800,0.610,205,86,80,45,0.619,0.167,0.907,0.751,0.488,0.234,84,67,41,37
0.027,0.100,0.112,0.85,0.046,0,0.9703,0.8735,0.312,0.06,0.752,0.154,1.000,0.937,0.800,0.610,205,86,80,45,0.619,0.167,0.907,0.751,0.488,0.234,84,67,41,37
0.023,0.110,0.231,-1.1,0.105,-1,0.9669,0.8729,0.475,0.192,0.752,0.154,1.000,0.937,0.800,0.610,205,86,80,45,0.619,0.167,0.907,0.751,0.488,0.234,84,67,41,37
0.028,0.112,0.130,0,0.000,0,0.9667,0.8758,0.348,0.166,0.752,0.154,1.000,0.937,0.800,0.610,205,86,80,45,0.619,0.167,0.907,0.751,0.488,0.234,84,67,41,37
0.036,0.105,0.186,-0.79,0.151,-1,0.9661,0.8763,0.486,0.736,0.752,0.154,1.000,0.937,0.800,0.610,205,86,80,45,0.619,0.167,0.907,0.751,0.488,0.234,84,67,41,37
0.040,0.121,0.339,-0.52,0.062,0,0.9642,0.8729,0.358,0.341,0.752,0.154,1.000,0.937,0.800,0.610,205,86,80,45,0.619,0.167,0.907,0.751,0.488,0.234,84,67,41,37
0.047,0.112,0.346,1.42,0.221,0,0.9638,0.8716,0.209,-0.397,0.752,0.154,1.000,0.937,0.800,0.610,205,86,80,45,0.619,0.167,0.907,0.751,0.488,0.234,84,67,41,37
0.056,0.153,0.329,-0.48,0.134,0,0.9640,0.8737,0.345,0.007,0.752,0.154,1.000,0.937,0.800,0.610,205,86,80,45,0.619,0.167,0.907,0.751,0.488,0.234,84,67,41,37
0.056,0.148,0.437,-0.08,0.108,0,0.9662,0.8810,0.308,0.059,0.752,0.154,1.000,0.937,0.800,0.610,205,86,80,45,0.619,0.167,0.907,0.751,0.488,0.234,84,67,41,37
0.051,0.137,0.293,-0.79,0.151,-1,0.9676,0.8865,0.439,0.736,0.752,0.154,1.000,0.937,0.800,0.610,205,86,80,45,0.619,0.167,0.907,0.751,0.488,0.234,84,67,41,37
0.061,0.150,0.364,-0.79,0.151,-1,0.9688,0.8919,0.379,0.736,0.752,0.154,1.000,0.937,0.800,0.610,205,86,80,45,0.619,0.167,0.907,0.751,0.488,0.234,84,67,41,37
0.067,0.186,0.651,-0.52,0.062,0,0.9694,0.8945,0.336,0.341,0.752,0.154,1.000,0.937,0.800,0.610,205,86,80,45,0.619,0.167,0.907,0.751,0.488,0.234,84,67,41,37
0.065,0.204,0.718,-0.48,0.134,0,0.9694,0.8949,0.449,0.007,0.752,0.154,1.000,0.937,0.800,0.610,205,86,80,45,0.619,0.167,0.907,0.751,0.488,0.234,84,67,41,37
0.056,0.206,0.662,-0.42,0.180,0,0.9690,0.8933,0.495,0.318,0.752,0.154,1.000,0.937,0.800,0.610,205,86,80,45,0.619,0.167,0.907,0.751,0.488,0.234,84,67,41,37
0.069,0.156,0.613,0,0.000,0,0.9678,0.8897,0.402,0.166,0.752,0.154,1.000,0.937,0.800,0.610,205,86,80,45,0.619,0.167,0.907,0.751,0.488,0.234,84,67,41,37
0.091,0.207,0.496,-0.52,0.062,0,0.9662,0.8855,0.410,0.341,0.752,0.154,1.000,0.937,0.800,0.610,205,86,80,45,0.619,0.167,0.907,0.751,0.488,0.234,84,67,41,37
0.083,0.261,0.553,-0.08,0.108,0,0.9661,0.8849,0.402,0.059,0.752,0.154,1.000,0.937,0.800,0.610,205,86,80,45,0.619,0.167,0.907,0.751,0.488,0.234,84,67,41,37
0.084,0.247,0.464,-1.14,0.131,0,0.9662,0.8881,0.385,0.987,0.752,0.154,1.000,0.937,0.800,0.610,205,86,80,45,0.619,0.167,0.907,0.751,0.488,0.234,84,67,41,37
0.105,0.290,0.605,-0.52,0.062,0,0.9662,0.8955,0.444,0.341,0.752,0.154,1.000,0.937,0.800,0.610,205,86,80,45,0.619,0.167,0.907,0.751,0.488,0.234,84,67,41,37
0.108,0.244,0.402,-1.1,0.105,-1,0.9645,0.9060,0.433,0.192,0.752,0.154,1.000,0.937,0.800,0.610,205,86,80,45,0.619,0.167,0.907,0.751,0.488,0.234,84,67,41,37
0.132,0.359,0.654,-0.42,0.180,0,0.9640,0.9212,0.431,0.318,0.752,0.154,1.000,0.937,0.800,0.610,205,86,80,45,0.619,0.167,0.907,0.751,0.488,0.234,84,67,41,37
0.164,0.378,0.644,0.2,0.291,1,0.9638,0.9373,0.439,0.180,0.752,0.154,1.000,0.937,0.800,0.610,205,86,80,45,0.619,0.167,0.907,0.751,0.488,0.234,84,67,41,37
0.154,0.279,0.499,-0.42,0.180,0,0.9642,0.9525,0.412,0.318,0.752,0.154,1.000,0.937,0.800,0.610,205,86,80,45,0.619,0.167,0.907,0.751,0.488,0.234,84,67,41,37
0.188,0.331,0.623,-0.48,0.134,0,0.9648,0.9654,0.402,0.007,0.752,0.154,1.000,0.937,0.800,0.610,205,86,80,45,0.619,0.167,0.907,0.751,0.488,0.234,84,67,41,37
0.198,0.221,0.809,-1.19,0.219,1,0.9653,0.9750,0.502,0.586,0.752,0.154,1.000,0.937,0.800,0.610,205,86,80,45,0.619,0.167,0.907,0.751,0.488,0.234,84,67,41,37
0.194,0.229,0.581,-0.52,0.062,0,0.9649,0.9814,0.468,0.341,0.752,0.154,1.000,0.937,0.800,0.610,205,86,80,45,0.619,0.167,0.907,0.751,0.488,0.234,84,67,41,37
0.182,0.243,0.579,-0.42,0.180,0,0.9624,0.9855,0.540,0.318,0.752,0.154,1.000,0.937,0.800,0.610,205,86,80,45,0.619,0.167,0.907,0.751,0.488,0.234,84,67,41,37
0.199,0.212,0.549,-0.52,0.062,0,0.9563,0.9896,0.558,0.341,0.752,0.154,1.000,0.937,0.800,0.610,205,86,80,45,0.619,0.167,0.907,0.751,0.488,0.234,84,67,41,37
0.218,0.186,0.354,-0.52,0.062,0,0.9445,0.9976,0.927,0.341,0.752,0.154,1.000,0.937,0.800,0.610,205,86,80,45,0.619,0.167,0.907,0.751,0.488,0.234,84,67,41,37
