0.101,0.833,0.657,1.42,0.221,0,0.8957,0.9791,0.728,-0.397,0.777,0.101,1.000,1.000,0.984,0.726,62,62,50,44,0.666,0.157,1.000,0.839,0.645,0.355,62,42,32,16
0.109,0.774,0.650,-0.52,0.062,0,0.9041,0.9812,0.492,0.341,0.777,0.101,1.000,1.000,0.984,0.726,62,62,50,44,0.666,0.157,1.000,0.839,0.645,0.355,62,42,32,16
0.159,0.695,0.546,-0.79,0.151,-1,0.9020,0.9675,0.569,0.736,0.777,0.101,1.000,1.000,0.984,0.726,62,62,50,44,0.666,0.157,1.000,0.839,0.645,0.355,62,42,32,16
0.150,0.795,0.792,0.2,0.291,1,0.8962,0.9445,0.517,0.180,0.777,0.101,1.000,1.000,0.984,0.726,62,62,50,44,0.666,0.157,1.000,0.839,0.645,0.355,62,42,32,16
0.201,0.728,0.751,-0.42,0.180,0,0.8909,0.9174,0.494,0.318,0.777,0.101,1.000,1.000,0.984,0.726,62,62,50,44,0.666,0.157,1.000,0.839,0.645,0.355,62,42,32,16
0.187,0.739,0.658,0,0.000,0,0.8886,0.8893,0.378,0.166,0.777,0.101,1.000,1.000,0.984,0.726,62,62,50,44,0.666,0.157,1.000,0.839,0.645,0.355,62,42,32,16
0.197,0.691,0.622,0.85,0.046,0,0.8900,0.8625,0.378,0.06,0.777,0.101,1.000,1.000,0.984,0.726,62,62,50,44,0.666,0.157,1.000,0.839,0.645,0.355,62,42,32,16
0.199,0.692,0.643,0,0.000,0,0.8947,0.8380,0.345,0.166,0.777,0.101,1.000,1.000,0.984,0.726,62,62,50,44,0.666,0.157,1.000,0.839,0.645,0.355,62,42,32,16
0.160,0.342,0.554,0.85,0.046,0,0.9014,0.8160,0.285,0.06,0.777,0.101,1.000,1.000,0.984,0.726,62,62,50,44,0.666,0.157,1.000,0.839,0.645,0.355,62,42,32,16
0.136,0.745,0.676,-0.08,0.108,0,0.9082,0.7963,0.404,0.059,0.777,0.101,1.000,1.000,0.984,0.726,62,62,50,44,0.666,0.157,1.000,0.839,0.645,0.355,62,42,32,16
0.132,0.541,0.736,-0.48,0.134,0,0.9077,0.7742,0.443,0.007,0.777,0.101,1.000,1.000,0.984,0.726,62,62,50,44,0.666,0.157,1.000,0.839,0.645,0.355,62,42,32,16
0.129,0.449,0.681,0,0.000,0,0.9085,0.7563,0.258,0.166,0.777,0.101,1.000,1.000,0.984,0.726,62,62,50,44,0.666,0.157,1.000,0.839,0.645,0.355,62,42,32,16
0.119,0.750,0.815,-1.19,0.219,1,0.9051,0.7391,0.572,0.586,0.777,0.101,1.000,1.000,0.984,0.726,62,62,50,44,0.666,0.157,1.000,0.839,0.645,0.355,62,42,32,16
0.178,0.385,0.688,-1.1,0.105,-1,0.9020,0.7259,0.392,0.192,0.777,0.101,1.000,1.000,0.984,0.726,62,62,50,44,0.666,0.157,1.000,0.839,0.645,0.355,62,42,32,16
0.209,0.812,0.745,-1.19,0.219,1,0.8976,0.7160,0.437,0.586,0.777,0.101,1.000,1.000,0.984,0.726,62,62,50,44,0.666,0.157,1.000,0.839,0.645,0.355,62,42,32,16
0.215,0.711,0.644,-0.08,0.108,0,0.8896,0.7068,0.379,0.059,0.777,0.101,1.000,1.000,0.984,0.726,62,62,50,44,0.666,0.157,1.000,0.839,0.645,0.355,62,42,32,16
0.206,0.426,0.543,-0.52,0.062,0,0.8784,0.6983,0.352,0.341,0.777,0.101,1.000,1.000,0.984,0.726,62,62,50,44,0.666,0.157,1.000,0.839,0.645,0.355,62,42,32,16
0.169,0.393,0.689,0,0.000,0,0.8682,0.6910,0.305,0.166,0.777,0.101,1.000,1.000,0.984,0.726,62,62,50,44,0.666,0.157,1.000,0.839,0.645,0.355,62,42,32,16
0.137,0.381,0.503,-0.79,0.151,-1,0.8541,0.6794,0.492,0.736,0.777,0.101,1.000,1.000,0.984,0.726,62,62,50,44,0.666,0.157,1.000,0.839,0.645,0.355,62,42,32,16
0.112,0.787,0.676,-0.48,0.134,0,0.8387,0.6676,0.480,0.007,0.777,0.101,1.000,1.000,0.984,0.726,62,62,50,44,0.666,0.157,1.000,0.839,0.645,0.355,62,42,32,16
0.113,0.695,0.548,-1.1,0.105,-1,0.8256,0.6602,0.480,0.192,0.777,0.101,1.000,1.000,0.984,0.726,62,62,50,44,0.666,0.157,1.000,0.839,0.645,0.355,62,42,32,16
0.130,0.801,0.518,0,0.000,0,0.8151,0.6560,0.346,0.166,0.777,0.101,1.000,1.000,0.984,0.726,62,62,50,44,0.666,0.157,1.000,0.839,0.645,0.355,62,42,32,16
0.123,0.780,0.492,-0.42,0.180,0,0.8065,0.6502,0.418,0.318,0.777,0.101,1.000,1.000,0.984,0.726,62,62,50,44,0.666,0.157,1.000,0.839,0.645,0.355,62,42,32,16
0.103,0.801,0.723,-1.19,0.219,1,0.8022,0.6457,0.476,0.586,0.777,0.101,1.000,1.000,0.984,0.726,62,62,50,44,0.666,0.157,1.000,0.839,0.645,0.355,62,42,32,16
0.103,0.822,0.644,-1.19,0.219,1,0.7995,0.6403,0.409,0.586,0.777,0.101,1.000,1.000,0.984,0.726,62,62,50,44,0.666,0.157,1.000,0.839,0.645,0.355,62,42,32,16
0.083,0.342,0.078,2.53,0.140,0,0.8095,0.6460,0.146,-0.121,0.777,0.101,1.000,1.000,0.984,0.726,62,62,50,44,0.666,0.157,1.000,0.839,0.645,0.355,62,42,32,16
0.084,0.749,0.375,-0.42,0.180,0,0.8216,0.6533,0.326,0.318,0.777,0.101,1.000,1.000,0.984,0.726,62,62,50,44,0.666,0.157,1.000,0.839,0.645,0.355,62,42,32,16
0.064,0.401,0.032,-0.79,0.151,-1,0.8368,0.6611,0.456,0.736,0.777,0.101,1.000,1.000,0.984,0.726,62,62,50,44,0.666,0.157,1.000,0.839,0.645,0.355,62,42,32,16
0.059,0.315,0.008,-0.79,0.151,-1,0.8381,0.6580,0.383,0.736,0.777,0.101,1.000,1.000,0.984,0.726,62,62,50,44,0.666,0.157,1.000,0.839,0.645,0.355,62,42,32,16
0.059,0.292,0.006,1.69,0.290,0,0.8344,0.6491,0.154,-0.697,0.777,0.101,1.000,1.000,0.984,0.726,62,62,50,44,0.666,0.157,1.000,0.839,0.645,0.355,62,42,32,16
0.074,0.355,0.022,-1.1,0.105,-1,0.8151,0.6279,0.417,0.192,0.777,0.101,1.000,1.000,0.984,0.726,62,62,50,44,0.666,0.157,1.000,0.839,0.645,0.355,62,42,32,16
0.077,0.304,0.014,3.14,0.186,0,0.8047,0.6113,0.241,-0.486,0.777,0.101,1.000,1.000,0.984,0.726,62,62,50,44,0.666,0.157,1.000,0.839,0.645,0.355,62,42,32,16
0.076,0.347,0.050,-1.1,0.105,-1,0.7867,0.5898,0.442,0.192,0.777,0.101,1.000,1.000,0.984,0.726,62,62,50,44,0.666,0.157,1.000,0.839,0.645,0.355,62,42,32,16
0.079,0.346,0.070,1.42,0.221,0,0.7671,0.5680,0.290,-0.397,0.777,0.101,1.000,1.000,0.984,0.726,62,62,50,44,0.666,0.157,1.000,0.839,0.645,0.355,62,42,32,16
0.063,0.430,0.179,-1.1,0.105,-1,0.7514,0.5504,0.533,0.192,0.777,0.101,1.000,1.000,0.984,0.726,62,62,50,44,0.666,0.157,1.000,0.839,0.645,0.355,62,42,32,16
0.049,0.399,0.125,0.85,0.046,0,0.7429,0.5385,0.264,0.06,0.777,0.101,1.000,1.000,0.984,0.726,62,62,50,44,0.666,0.157,1.000,0.839,0.645,0.355,62,42,32,16
0.047,0.450,0.322,-1.14,0.131,0,0.7355,0.5267,0.456,0.987,0.777,0.101,1.000,1.000,0.984,0.726,62,62,50,44,0.666,0.157,1.000,0.839,0.645,0.355,62,42,32,16
0.052,0.766,0.418,-0.79,0.151,-1,0.7334,0.5192,0.464,0.736,0.777,0.101,1.000,1.000,0.984,0.726,62,62,50,44,0.666,0.157,1.000,0.839,0.645,0.355,62,42,32,16
0.062,0.775,0.579,-0.08,0.108,0,0.7312,0.5119,0.279,0.059,0.777,0.101,1.000,1.000,0.984,0.726,62,62,50,44,0.666,0.157,1.000,0.839,0.645,0.355,62,42,32,16
0.063,0.719,0.350,-0.79,0.151,-1,0.7340,0.5115,0.402,0.736,0.777,0.101,1.000,1.000,0.984,0.726,62,62,50,44,0.666,0.157,1.000,0.839,0.645,0.355,62,42,32,16
0.080,0.822,0.699,0.2,0.291,1,0.7360,0.5109,0.433,0.180,0.777,0.101,1.000,1.000,0.984,0.726,62,62,50,44,0.666,0.157,1.000,0.839,0.645,0.355,62,42,32,16
0.104,0.836,0.175,0.85,0.046,0,0.7328,0.5067,0.086,0.06,0.777,0.101,1.000,1.000,0.984,0.726,62,62,50,44,0.666,0.157,1.000,0.839,0.645,0.355,62,42,32,16
0.088,0.829,0.040,0.85,0.046,0,0.7201,0.4971,0.057,0.06,0.777,0.101,1.000,1.000,0.984,0.726,62,62,50,44,0.666,0.157,1.000,0.839,0.645,0.355,62,42,32,16
0.088,0.875,0.286,2.53,0.140,0,0.7060,0.4920,0.252,-0.121,0.777,0.101,1.000,1.000,0.984,0.726,62,62,50,44,0.666,0.157,1.000,0.839,0.645,0.355,62,42,32,16
0.106,0.874,0.171,0.85,0.046,0,0.6878,0.4835,0.209,0.06,0.777,0.101,1.000,1.000,0.984,0.726,62,62,50,44,0.666,0.157,1.000,0.839,0.645,0.355,62,42,32,16
0.136,0.841,0.068,3.14,0.186,0,0.6773,0.4776,0.077,-0.486,0.777,0.101,1.000,1.000,0.984,0.726,62,62,50,44,0.666,0.157,1.000,0.839,0.645,0.355,62,42,32,16
0.167,0.878,0.504,-0.42,0.180,0,0.6574,0.4629,0.246,0.318,0.777,0.101,1.000,1.000,0.984,0.726,62,62,50,44,0.666,0.157,1.000,0.839,0.645,0.355,62,42,32,16
0.175,0.873,0.468,-0.52,0.062,0,0.6396,0.4480,0.365,0.341,0.777,0.101,1.000,1.000,0.984,0.726,62,62,50,44,0.666,0.157,1.000,0.839,0.645,0.355,62,42,32,16
0.214,0.873,0.608,-0.42,0.180,0,0.6148,0.4318,0.318,0.318,0.777,0.101,1.000,1.000,0.984,0.726,62,62,50,44,0.666,0.157,1.000,0.839,0.645,0.355,62,42,32,16
0.234,0.844,0.239,1.69,0.290,0,0.6057,0.4308,0.147,-0.697,0.777,0.101,1.000,1.000,0.984,0.726,62,62,50,44,0.666,0.157,1.000,0.839,0.645,0.355,62,42,32,16
0.271,0.867,0.791,0.2,0.291,1,0.5988,0.4388,0.442,0.180,0.777,0.101,1.000,1.000,0.984,0.726,62,62,50,44,0.666,0.157,1.000,0.839,0.645,0.355,62,42,32,16
0.274,0.857,0.725,-1.19,0.219,1,0.6097,0.4652,0.492,0.586,0.777,0.101,1.000,1.000,0.984,0.726,62,62,50,44,0.666,0.157,1.000,0.839,0.645,0.355,62,42,32,16
0.279,0.805,0.542,1.69,0.290,0,0.6183,0.5043,0.228,-0.697,0.777,0.101,1.000,1.000,0.984,0.726,62,62,50,44,0.666,0.157,1.000,0.839,0.645,0.355,62,42,32,16
0.284,0.834,0.516,-0.42,0.180,0,0.6334,0.5582,0.359,0.318,0.777,0.101,1.000,1.000,0.984,0.726,62,62,50,44,0.666,0.157,1.000,0.839,0.645,0.355,62,42,32,16
0.292,0.828,0.722,-1.19,0.219,1,0.6474,0.6181,0.546,0.586,0.777,0.101,1.000,1.000,0.984,0.726,62,62,50,44,0.666,0.157,1.000,0.839,0.645,0.355,62,42,32,16
0.299,0.848,0.771,-1.19,0.219,1,0.6575,0.6795,0.547,0.586,0.777,0.101,1.000,1.000,0.984,0.726,62,62,50,44,0.666,0.157,1.000,0.839,0.645,0.355,62,42,32,16
0.316,0.859,0.666,-1.19,0.219,1,0.6623,0.7380,0.524,0.586,0.777,0.101,1.000,1.000,0.984,0.726,62,62,50,44,0.666,0.157,1.000,0.839,0.645,0.355,62,42,32,16
0.340,0.839,0.549,0.85,0.046,0,0.6618,0.7904,0.560,0.06,0.777,0.101,1.000,1.000,0.984,0.726,62,62,50,44,0.666,0.157,1.000,0.839,0.645,0.355,62,42,32,16
0.336,0.366,0.525,0,0.000,0,0.6588,0.8352,0.572,0.166,0.777,0.101,1.000,1.000,0.984,0.726,62,62,50,44,0.666,0.157,1.000,0.839,0.645,0.355,62,42,32,16
0.366,0.389,0.498,-0.52,0.062,0,0.6586,0.8729,0.584,0.341,0.777,0.101,1.000,1.000,0.984,0.726,62,62,50,44,0.666,0.157,1.000,0.839,0.645,0.355,62,42,32,16
0.480,0.728,0.421,-0.42,0.180,0,0.6703,0.9072,0.637,0.318,0.777,0.101,1.000,1.000,0.984,0.726,62,62,50,44,0.666,0.157,1.000,0.839,0.645,0.355,62,42,32,16
0.493,0.396,0.300,-0.52,0.062,0,0.7069,0.9451,0.990,0.341,0.777,0.101,1.000,1.000,0.984,0.726,62,62,50,44,0.666,0.157,1.000,0.839,0.645,0.355,62,42,32,16
