0.182,0.083,0.355,1.42,0.221,0,0.1865,0.7096,0.642,-0.397,0.584,0.231,0.780,0.595,0.399,0.317,177,98,82,77,0.452,0.233,0.537,0.416,0.298,0.218,84,78,72,59
0.171,0.084,0.370,0.85,0.046,0,0.3013,0.7119,0.312,0.06,0.584,0.231,0.780,0.595,0.399,0.317,177,98,82,77,0.452,0.233,0.537,0.416,0.298,0.218,84,78,72,59
0.163,0.115,0.318,2.53,0.140,0,0.3365,0.6653,0.122,-0.121,0.584,0.231,0.780,0.595,0.399,0.317,177,98,82,77,0.452,0.233,0.537,0.416,0.298,0.218,84,78,72,59
0.152,0.189,0.392,-0.08,0.108,0,0.3277,0.5907,0.284,0.059,0.584,0.231,0.780,0.595,0.399,0.317,177,98,82,77,0.452,0.233,0.537,0.416,0.298,0.218,84,78,72,59
0.117,0.198,0.091,3.14,0.186,0,0.3012,0.5046,0.105,-0.486,0.584,0.231,0.780,0.595,0.399,0.317,177,98,82,77,0.452,0.233,0.537,0.416,0.298,0.218,84,78,72,59
0.158,0.271,0.573,-0.08,0.108,0,0.2753,0.4193,0.190,0.059,0.584,0.231,0.780,0.595,0.399,0.317,177,98,82,77,0.452,0.233,0.537,0.416,0.298,0.218,84,78,72,59
0.154,0.286,0.129,1.99,0.186,0,0.2610,0.3436,0.080,-0.326,0.584,0.231,0.780,0.595,0.399,0.317,177,98,82,77,0.452,0.233,0.537,0.416,0.298,0.218,84,78,72,59
0.161,0.349,0.595,-1.19,0.219,1,0.2636,0.2829,0.432,0.586,0.584,0.231,0.780,0.595,0.399,0.317,177,98,82,77,0.452,0.233,0.537,0.416,0.298,0.218,84,78,72,59
0.169,0.336,0.369,-0.08,0.108,0,0.2838,0.2402,0.263,0.059,0.584,0.231,0.780,0.595,0.399,0.317,177,98,82,77,0.452,0.233,0.537,0.416,0.298,0.218,84,78,72,59
0.137,0.263,0.201,1.99,0.186,0,0.3184,0.2157,0.154,-0.326,0.584,0.231,0.780,0.595,0.399,0.317,177,98,82,77,0.452,0.233,0.537,0.416,0.298,0.218,84,78,72,59
0.133,0.289,0.278,-0.42,0.180,0,0.3580,0.2076,0.382,0.318,0.584,0.231,0.780,0.595,0.399,0.317,177,98,82,77,0.452,0.233,0.537,0.416,0.298,0.218,84,78,72,59
0.122,0.284,0.166,-0.42,0.180,0,0.4054,0.2171,0.430,0.318,0.584,0.231,0.780,0.595,0.399,0.317,177,98,82,77,0.452,0.233,0.537,0.416,0.298,0.218,84,78,72,59
0.099,0.329,0.239,-0.42,0.180,0,0.4384,0.2269,0.299,0.318,0.584,0.231,0.780,0.595,0.399,0.317,177,98,82,77,0.452,0.233,0.537,0.416,0.298,0.218,84,78,72,59
0.094,0.240,0.284,-0.08,0.108,0,0.4619,0.2419,0.220,0.059,0.584,0.231,0.780,0.595,0.399,0.317,177,98,82,77,0.452,0.233,0.537,0.416,0.298,0.218,84,78,72,59
0.099,0.259,0.267,1.69,0.290,0,0.4832,0.2596,0.127,-0.697,0.584,0.231,0.780,0.595,0.399,0.317,177,98,82,77,0.452,0.233,0.537,0.416,0.298,0.218,84,78,72,59
0.126,0.334,0.324,-1.19,0.219,1,0.4955,0.2736,0.393,0.586,0.584,0.231,0.780,0.595,0.399,0.317,177,98,82,77,0.452,0.233,0.537,0.416,0.298,0.218,84,78,72,59
0.133,0.314,0.071,3.14,0.186,0,0.5093,0.2883,0.112,-0.486,0.584,0.231,0.780,0.595,0.399,0.317,177,98,82,77,0.452,0.233,0.537,0.416,0.298,0.218,84,78,72,59
0.133,0.419,0.344,0.2,0.291,1,0.5072,0.2896,0.345,0.180,0.584,0.231,0.780,0.595,0.399,0.317,177,98,82,77,0.452,0.233,0.537,0.416,0.298,0.218,84,78,72,59
0.133,0.377,0.094,1.42,0.221,0,0.5042,0.2871,0.207,-0.397,0.584,0.231,0.780,0.595,0.399,0.317,177,98,82,77,0.452,0.233,0.537,0.416,0.298,0.218,84,78,72,59
0.114,0.330,0.079,-0.79,0.151,-1,0.4934,0.2780,0.352,0.736,0.584,0.231,0.780,0.595,0.399,0.317,177,98,82,77,0.452,0.233,0.537,0.416,0.298,0.218,84,78,72,59
0.141,0.264,0.155,-1.14,0.131,0,0.4819,0.2698,0.336,0.987,0.584,0.231,0.780,0.595,0.399,0.317,177,98,82,77,0.452,0.233,0.537,0.416,0.298,0.218,84,78,72,59
0.143,0.278,0.141,-1.1,0.105,-1,0.4714,0.2638,0.509,0.192,0.584,0.231,0.780,0.595,0.399,0.317,177,98,82,77,0.452,0.233,0.537,0.416,0.298,0.218,84,78,72,59
0.120,0.186,0.114,-0.79,0.151,-1,0.4825,0.2732,0.465,0.736,0.584,0.231,0.780,0.595,0.399,0.317,177,98,82,77,0.452,0.233,0.537,0.416,0.298,0.218,84,78,72,59
0.125,0.255,0.422,-0.08,0.108,0,0.4974,0.2810,0.204,0.059,0.584,0.231,0.780,0.595,0.399,0.317,177,98,82,77,0.452,0.233,0.537,0.416,0.298,0.218,84,78,72,59
0.107,0.257,0.256,2.53,0.140,0,0.5314,0.3041,0.104,-0.121,0.584,0.231,0.780,0.595,0.399,0.317,177,98,82,77,0.452,0.233,0.537,0.416,0.298,0.218,84,78,72,59
0.160,0.280,0.315,-1.19,0.219,1,0.5647,0.3236,0.499,0.586,0.584,0.231,0.780,0.595,0.399,0.317,177,98,82,77,0.452,0.233,0.537,0.416,0.298,0.218,84,78,72,59
0.133,0.282,0.025,2.53,0.140,0,0.6034,0.3487,0.182,-0.121,0.584,0.231,0.780,0.595,0.399,0.317,177,98,82,77,0.452,0.233,0.537,0.416,0.298,0.218,84,78,72,59
0.141,0.297,0.005,1.99,0.186,0,0.6276,0.3607,0.065,-0.326,0.584,0.231,0.780,0.595,0.399,0.317,177,98,82,77,0.452,0.233,0.537,0.416,0.298,0.218,84,78,72,59
0.131,0.341,0.499,-1.19,0.219,1,0.6392,0.3637,0.346,0.586,0.584,0.231,0.780,0.595,0.399,0.317,177,98,82,77,0.452,0.233,0.537,0.416,0.298,0.218,84,78,72,59
0.126,0.247,0.055,-0.79,0.151,-1,0.6383,0.3596,0.487,0.736,0.584,0.231,0.780,0.595,0.399,0.317,177,98,82,77,0.452,0.233,0.537,0.416,0.298,0.218,84,78,72,59
0.127,0.277,0.033,-1.19,0.219,1,0.6099,0.3361,0.352,0.586,0.584,0.231,0.780,0.595,0.399,0.317,177,98,82,77,0.452,0.233,0.537,0.416,0.298,0.218,84,78,72,59
0.127,0.249,0.002,3.14,0.186,0,0.5798,0.3149,0.102,-0.486,0.584,0.231,0.780,0.595,0.399,0.317,177,98,82,77,0.452,0.233,0.537,0.416,0.298,0.218,84,78,72,59
0.133,0.191,0.054,-0.79,0.151,-1,0.5494,0.2955,0.448,0.736,0.584,0.231,0.780,0.595,0.399,0.317,177,98,82,77,0.452,0.233,0.537,0.416,0.298,0.218,84,78,72,59
0.162,0.180,0.003,0.85,0.046,0,0.5279,0.2857,0.411,0.06,0.584,0.231,0.780,0.595,0.399,0.317,177,98,82,77,0.452,0.233,0.537,0.416,0.298,0.218,84,78,72,59
0.174,0.255,0.016,-0.79,0.151,-1,0.5092,0.2744,0.460,0.736,0.584,0.231,0.780,0.595,0.399,0.317,177,98,82,77,0.452,0.233,0.537,0.416,0.298,0.218,84,78,72,59
0.168,0.299,0.223,-1.19,0.219,1,0.4996,0.2684,0.509,0.586,0.584,0.231,0.780,0.595,0.399,0.317,177,98,82,77,0.452,0.233,0.537,0.416,0.298,0.218,84,78,72,59
0.168,0.282,0.017,0,0.000,0,0.5071,0.2733,0.445,0.166,0.584,0.231,0.780,0.595,0.399,0.317,177,98,82,77,0.452,0.233,0.537,0.416,0.298,0.218,84,78,72,59
0.168,0.291,0.113,0.2,0.291,1,0.5177,0.2774,0.394,0.180,0.584,0.231,0.780,0.595,0.399,0.317,177,98,82,77,0.452,0.233,0.537,0.416,0.298,0.218,84,78,72,59
0.164,0.229,0.006,-1.1,0.105,-1,0.5216,0.2747,0.476,0.192,0.584,0.231,0.780,0.595,0.399,0.317,177,98,82,77,0.452,0.233,0.537,0.416,0.298,0.218,84,78,72,59
0.119,0.223,0.008,0.85,0.046,0,0.5057,0.2577,0.234,0.06,0.584,0.231,0.780,0.595,0.399,0.317,177,98,82,77,0.452,0.233,0.537,0.416,0.298,0.218,84,78,72,59
0.147,0.313,0.049,1.69,0.290,0,0.4923,0.2421,0.095,-0.697,0.584,0.231,0.780,0.595,0.399,0.317,177,98,82,77,0.452,0.233,0.537,0.416,0.298,0.218,84,78,72,59
0.121,0.311,0.038,-1.14,0.131,0,0.4668,0.2160,0.288,0.987,0.584,0.231,0.780,0.595,0.399,0.317,177,98,82,77,0.452,0.233,0.537,0.416,0.298,0.218,84,78,72,59
0.153,0.309,0.032,2.53,0.140,0,0.4494,0.1959,0.222,-0.121,0.584,0.231,0.780,0.595,0.399,0.317,177,98,82,77,0.452,0.233,0.537,0.416,0.298,0.218,84,78,72,59
0.181,0.324,0.067,0.85,0.046,0,0.4306,0.1771,0.224,0.06,0.584,0.231,0.780,0.595,0.399,0.317,177,98,82,77,0.452,0.233,0.537,0.416,0.298,0.218,84,78,72,59
0.180,0.327,0.193,0,0.000,0,0.4172,0.1676,0.241,0.166,0.584,0.231,0.780,0.595,0.399,0.317,177,98,82,77,0.452,0.233,0.537,0.416,0.298,0.218,84,78,72,59
0.226,0.419,0.144,-0.42,0.180,0,0.4062,0.1583,0.294,0.318,0.584,0.231,0.780,0.595,0.399,0.317,177,98,82,77,0.452,0.233,0.537,0.416,0.298,0.218,84,78,72,59
0.180,0.409,0.490,-1.19,0.219,1,0.3942,0.1473,0.271,0.586,0.584,0.231,0.780,0.595,0.399,0.317,177,98,82,77,0.452,0.233,0.537,0.416,0.298,0.218,84,78,72,59
0.170,0.389,0.055,1.99,0.186,0,0.3887,0.1399,0.061,-0.326,0.584,0.231,0.780,0.595,0.399,0.317,177,98,82,77,0.452,0.233,0.537,0.416,0.298,0.218,84,78,72,59
0.164,0.358,0.401,3.14,0.186,0,0.3836,0.1314,0.117,-0.486,0.584,0.231,0.780,0.595,0.399,0.317,177,98,82,77,0.452,0.233,0.537,0.416,0.298,0.218,84,78,72,59
0.163,0.465,0.507,1.37,0.298,0,0.3836,0.1283,0.179,-0.510,0.584,0.231,0.780,0.595,0.399,0.317,177,98,82,77,0.452,0.233,0.537,0.416,0.298,0.218,84,78,72,59
0.158,0.321,0.426,0.85,0.046,0,0.3891,0.1302,0.128,0.06,0.584,0.231,0.780,0.595,0.399,0.317,177,98,82,77,0.452,0.233,0.537,0.416,0.298,0.218,84,78,72,59
0.197,0.421,0.477,0,0.000,0,0.3891,0.1290,0.163,0.166,0.584,0.231,0.780,0.595,0.399,0.317,177,98,82,77,0.452,0.233,0.537,0.416,0.298,0.218,84,78,72,59
0.197,0.412,0.562,-1.19,0.219,1,0.3766,0.1162,0.352,0.586,0.584,0.231,0.780,0.595,0.399,0.317,177,98,82,77,0.452,0.233,0.537,0.416,0.298,0.218,84,78,72,59
0.178,0.346,0.332,3.14,0.186,0,0.3678,0.1067,0.120,-0.486,0.584,0.231,0.780,0.595,0.399,0.317,177,98,82,77,0.452,0.233,0.537,0.416,0.298,0.218,84,78,72,59
0.183,0.320,0.199,1.99,0.186,0,0.3678,0.1067,0.120,-0.326,0.584,0.231,0.780,0.595,0.399,0.317,177,98,82,77,0.452,0.233,0.537,0.416,0.298,0.218,84,78,72,59
0.176,0.275,0.246,-0.52,0.062,0,0.3819,0.1191,0.257,0.341,0.584,0.231,0.780,0.595,0.399,0.317,177,98,82,77,0.452,0.233,0.537,0.416,0.298,0.218,84,78,72,59
0.174,0.249,0.180,-1.1,0.105,-1,0.3946,0.1325,0.503,0.192,0.584,0.231,0.780,0.595,0.399,0.317,177,98,82,77,0.452,0.233,0.537,0.416,0.298,0.218,84,78,72,59
0.116,0.221,0.083,-1.1,0.105,-1,0.4021,0.1419,0.506,0.192,0.584,0.231,0.780,0.595,0.399,0.317,177,98,82,77,0.452,0.233,0.537,0.416,0.298,0.218,84,78,72,59
0.144,0.208,0.093,2.53,0.140,0,0.4084,0.1536,0.160,-0.121,0.584,0.231,0.780,0.595,0.399,0.317,177,98,82,77,0.452,0.233,0.537,0.416,0.298,0.218,84,78,72,59
0.126,0.295,0.128,-1.14,0.131,0,0.4125,0.1630,0.297,0.987,0.584,0.231,0.780,0.595,0.399,0.317,177,98,82,77,0.452,0.233,0.537,0.416,0.298,0.218,84,78,72,59
0.116,0.333,0.034,3.14,0.186,0,0.4260,0.1791,0.147,-0.486,0.584,0.231,0.780,0.595,0.399,0.317,177,98,82,77,0.452,0.233,0.537,0.416,0.298,0.218,84,78,72,59
0.116,0.366,0.335,0.2,0.291,1,0.4244,0.1812,0.401,0.180,0.584,0.231,0.780,0.595,0.399,0.317,177,98,82,77,0.452,0.233,0.537,0.416,0.298,0.218,84,78,72,59
0.113,0.314,0.221,-1.1,0.105,-1,0.4216,0.1855,0.364,0.192,0.584,0.231,0.780,0.595,0.399,0.317,177,98,82,77,0.452,0.233,0.537,0.416,0.298,0.218,84,78,72,59
0.091,0.375,0.124,1.37,0.298,0,0.4110,0.1820,0.187,-0.510,0.584,0.231,0.780,0.595,0.399,0.317,177,98,82,77,0.452,0.233,0.537,0.416,0.298,0.218,84,78,72,59
0.097,0.380,0.253,0.2,0.291,1,0.3882,0.1680,0.348,0.180,0.584,0.231,0.780,0.595,0.399,0.317,177,98,82,77,0.452,0.233,0.537,0.416,0.298,0.218,84,78,72,59
0.098,0.326,0.066,3.14,0.186,0,0.3744,0.1610,0.149,-0.486,0.584,0.231,0.780,0.595,0.399,0.317,177,98,82,77,0.452,0.233,0.537,0.416,0.298,0.218,84,78,72,59
0.088,0.279,0.229,-1.1,0.105,-1,0.3626,0.1551,0.376,0.192,0.584,0.231,0.780,0.595,0.399,0.317,177,98,82,77,0.452,0.233,0.537,0.416,0.298,0.218,84,78,72,59
0.115,0.279,0.184,-0.79,0.151,-1,0.3613,0.1620,0.411,0.736,0.584,0.231,0.780,0.595,0.399,0.317,177,98,82,77,0.452,0.233,0.537,0.416,0.298,0.218,84,78,72,59
0.113,0.310,0.327,-1.19,0.219,1,0.3674,0.1755,0.457,0.586,0.584,0.231,0.780,0.595,0.399,0.317,177,98,82,77,0.452,0.233,0.537,0.416,0.298,0.218,84,78,72,59
0.140,0.344,0.063,-0.48,0.134,0,0.3732,0.1895,0.241,0.007,0.584,0.231,0.780,0.595,0.399,0.317,177,98,82,77,0.452,0.233,0.537,0.416,0.298,0.218,84,78,72,59
0.147,0.277,0.124,1.69,0.290,0,0.3826,0.2061,0.049,-0.697,0.584,0.231,0.780,0.595,0.399,0.317,177,98,82,77,0.452,0.233,0.537,0.416,0.298,0.218,84,78,72,59
0.154,0.171,0.005,2.53,0.140,0,0.3897,0.2226,0.057,-0.121,0.584,0.231,0.780,0.595,0.399,0.317,177,98,82,77,0.452,0.233,0.537,0.416,0.298,0.218,84,78,72,59
0.144,0.165,0.070,2.53,0.140,0,0.4122,0.2495,0.052,-0.121,0.584,0.231,0.780,0.595,0.399,0.317,177,98,82,77,0.452,0.233,0.537,0.416,0.298,0.218,84,78,72,59
0.152,0.154,0.005,2.53,0.140,0,0.4419,0.2831,0.034,-0.121,0.584,0.231,0.780,0.595,0.399,0.317,177,98,82,77,0.452,0.233,0.537,0.416,0.298,0.218,84,78,72,59
0.162,0.193,0.369,1.42,0.221,0,0.4661,0.3131,0.030,-0.397,0.584,0.231,0.780,0.595,0.399,0.317,177,98,82,77,0.452,0.233,0.537,0.416,0.298,0.218,84,78,72,59
0.164,0.213,0.262,2.53,0.140,0,0.4864,0.3363,0.027,-0.121,0.584,0.231,0.780,0.595,0.399,0.317,177,98,82,77,0.452,0.233,0.537,0.416,0.298,0.218,84,78,72,59
0.168,0.272,0.322,-0.08,0.108,0,0.5034,0.3548,0.088,0.059,0.584,0.231,0.780,0.595,0.399,0.317,177,98,82,77,0.452,0.233,0.537,0.416,0.298,0.218,84,78,72,59
0.168,0.328,0.595,-1.19,0.219,1,0.5279,0.3764,0.246,0.586,0.584,0.231,0.780,0.595,0.399,0.317,177,98,82,77,0.452,0.233,0.537,0.416,0.298,0.218,84,78,72,59
0.194,0.309,0.494,-0.08,0.108,0,0.5571,0.4006,0.194,0.059,0.584,0.231,0.780,0.595,0.399,0.317,177,98,82,77,0.452,0.233,0.537,0.416,0.298,0.218,84,78,72,59
0.130,0.321,0.720,-1.19,0.219,1,0.5873,0.4220,0.445,0.586,0.584,0.231,0.780,0.595,0.399,0.317,177,98,82,77,0.452,0.233,0.537,0.416,0.298,0.218,84,78,72,59
0.154,0.211,0.511,0.85,0.046,0,0.6302,0.4550,0.367,0.06,0.584,0.231,0.780,0.595,0.399,0.317,177,98,82,77,0.452,0.233,0.537,0.416,0.298,0.218,84,78,72,59
0.193,0.210,0.407,0,0.000,0,0.6760,0.4904,0.406,0.166,0.584,0.231,0.780,0.595,0.399,0.317,177,98,82,77,0.452,0.233,0.537,0.416,0.298,0.218,84,78,72,59
0.186,0.252,0.459,-0.42,0.180,0,0.7246,0.5297,0.511,0.318,0.584,0.231,0.780,0.595,0.399,0.317,177,98,82,77,0.452,0.233,0.537,0.416,0.298,0.218,84,78,72,59
0.177,0.186,0.391,0,0.000,0,0.7759,0.5739,0.393,0.166,0.584,0.231,0.780,0.595,0.399,0.317,177,98,82,77,0.452,0.233,0.537,0.416,0.298,0.218,84,78,72,59
0.178,0.253,0.290,-0.08,0.108,0,0.8246,0.6150,0.378,0.059,0.584,0.231,0.780,0.595,0.399,0.317,177,98,82,77,0.452,0.233,0.537,0.416,0.298,0.218,84,78,72,59
0.172,0.225,0.254,-0.52,0.062,0,0.8699,0.6577,0.451,0.341,0.584,0.231,0.780,0.595,0.399,0.317,177,98,82,77,0.452,0.233,0.537,0.416,0.298,0.218,84,78,72,59
0.165,0.158,0.185,0.85,0.046,0,0.9004,0.6904,0.323,0.06,0.584,0.231,0.780,0.595,0.399,0.317,177,98,82,77,0.452,0.233,0.537,0.416,0.298,0.218,84,78,72,59
0.142,0.137,0.124,-1.14,0.131,0,0.9189,0.7140,0.355,0.987,0.584,0.231,0.780,0.595,0.399,0.317,177,98,82,77,0.452,0.233,0.537,0.416,0.298,0.218,84,78,72,59
0.121,0.104,0.050,-1.14,0.131,0,0.9256,0.7280,0.444,0.987,0.584,0.231,0.780,0.595,0.399,0.317,177,98,82,77,0.452,0.233,0.537,0.416,0.298,0.218,84,78,72,59
0.134,0.102,0.121,-0.79,0.151,-1,0.9167,0.7298,0.541,0.736,0.584,0.231,0.780,0.595,0.399,0.317,177,98,82,77,0.452,0.233,0.537,0.416,0.298,0.218,84,78,72,59
0.102,0.089,0.075,0.85,0.046,0,0.9140,0.7334,0.364,0.06,0.584,0.231,0.780,0.595,0.399,0.317,177,98,82,77,0.452,0.233,0.537,0.416,0.298,0.218,84,78,72,59
0.107,0.119,0.231,-0.52,0.062,0,0.9103,0.7357,0.327,0.341,0.584,0.231,0.780,0.595,0.399,0.317,177,98,82,77,0.452,0.233,0.537,0.416,0.298,0.218,84,78,72,59
0.086,0.097,0.058,-1.14,0.131,0,0.9088,0.7392,0.406,0.987,0.584,0.231,0.780,0.595,0.399,0.317,177,98,82,77,0.452,0.233,0.537,0.416,0.298,0.218,84,78,72,59
0.085,0.099,0.032,-0.08,0.108,0,0.9053,0.7414,0.482,0.059,0.584,0.231,0.780,0.595,0.399,0.317,177,98,82,77,0.452,0.233,0.537,0.416,0.298,0.218,84,78,72,59
0.080,0.088,0.097,0.85,0.046,0,0.9006,0.7413,0.404,0.06,0.584,0.231,0.780,0.595,0.399,0.317,177,98,82,77,0.452,0.233,0.537,0.416,0.298,0.218,84,78,72,59
0.084,0.085,0.116,0.85,0.046,0,0.9004,0.7447,0.298,0.06,0.584,0.231,0.780,0.595,0.399,0.317,177,98,82,77,0.452,0.233,0.537,0.416,0.298,0.218,84,78,72,59
0.076,0.089,0.213,-1.14,0.131,0,0.8985,0.7471,0.399,0.987,0.584,0.231,0.780,0.595,0.399,0.317,177,98,82,77,0.452,0.233,0.537,0.416,0.298,0.218,84,78,72,59
0.072,0.086,0.132,-0.79,0.151,-1,0.8942,0.7469,0.530,0.736,0.584,0.231,0.780,0.595,0.399,0.317,177,98,82,77,0.452,0.233,0.537,0.416,0.298,0.218,84,78,72,59
0.080,0.096,0.311,-0.52,0.062,0,0.8883,0.7444,0.357,0.341,0.584,0.231,0.780,0.595,0.399,0.317,177,98,82,77,0.452,0.233,0.537,0.416,0.298,0.218,84,78,72,59
0.085,0.100,0.271,-0.52,0.062,0,0.8860,0.7456,0.350,0.341,0.584,0.231,0.780,0.595,0.399,0.317,177,98,82,77,0.452,0.233,0.537,0.416,0.298,0.218,84,78,72,59
0.109,0.099,0.287,-0.08,0.108,0,0.8866,0.7502,0.403,0.059,0.584,0.231,0.780,0.595,0.399,0.317,177,98,82,77,0.452,0.233,0.537,0.416,0.298,0.218,84,78,72,59
0.114,0.096,0.254,-0.52,0.062,0,0.8845,0.7534,0.403,0.341,0.584,0.231,0.780,0.595,0.399,0.317,177,98,82,77,0.452,0.233,0.537,0.416,0.298,0.218,84,78,72,59
0.117,0.098,0.153,1.69,0.290,0,0.8860,0.7565,0.179,-0.697,0.584,0.231,0.780,0.595,0.399,0.317,177,98,82,77,0.452,0.233,0.537,0.416,0.298,0.218,84,78,72,59
0.117,0.088,0.074,-1.14,0.131,0,0.8900,0.7621,0.338,0.987,0.584,0.231,0.780,0.595,0.399,0.317,177,98,82,77,0.452,0.233,0.537,0.416,0.298,0.218,84,78,72,59
0.117,0.083,0.085,-1.14,0.131,0,0.8967,0.7711,0.372,0.987,0.584,0.231,0.780,0.595,0.399,0.317,177,98,82,77,0.452,0.233,0.537,0.416,0.298,0.218,84,78,72,59
0.112,0.081,0.139,0.85,0.046,0,0.9015,0.7809,0.262,0.06,0.584,0.231,0.780,0.595,0.399,0.317,177,98,82,77,0.452,0.233,0.537,0.416,0.298,0.218,84,78,72,59
0.112,0.078,0.140,-1.14,0.131,0,0.9051,0.7926,0.378,0.987,0.584,0.231,0.780,0.595,0.399,0.317,177,98,82,77,0.452,0.233,0.537,0.416,0.298,0.218,84,78,72,59
0.117,0.081,0.339,-0.08,0.108,0,0.9068,0.8023,0.393,0.059,0.584,0.231,0.780,0.595,0.399,0.317,177,98,82,77,0.452,0.233,0.537,0.416,0.298,0.218,84,78,72,59
0.149,0.079,0.342,-0.52,0.062,0,0.9059,0.8091,0.407,0.341,0.584,0.231,0.780,0.595,0.399,0.317,177,98,82,77,0.452,0.233,0.537,0.416,0.298,0.218,84,78,72,59
0.116,0.076,0.338,0,0.000,0,0.9046,0.8140,0.389,0.166,0.584,0.231,0.780,0.595,0.399,0.317,177,98,82,77,0.452,0.233,0.537,0.416,0.298,0.218,84,78,72,59
0.106,0.075,0.411,1.42,0.221,0,0.9098,0.8214,0.284,-0.397,0.584,0.231,0.780,0.595,0.399,0.317,177,98,82,77,0.452,0.233,0.537,0.416,0.298,0.218,84,78,72,59
0.138,0.077,0.370,-0.52,0.062,0,0.9161,0.8275,0.391,0.341,0.584,0.231,0.780,0.595,0.399,0.317,177,98,82,77,0.452,0.233,0.537,0.416,0.298,0.218,84,78,72,59
0.138,0.084,0.232,0.22,0.230,0,0.9245,0.8331,0.317,0.303,0.584,0.231,0.780,0.595,0.399,0.317,177,98,82,77,0.452,0.233,0.537,0.416,0.298,0.218,84,78,72,59
0.159,0.070,0.183,-1.14,0.131,0,0.9348,0.8386,0.352,0.987,0.584,0.231,0.780,0.595,0.399,0.317,177,98,82,77,0.452,0.233,0.537,0.416,0.298,0.218,84,78,72,59
0.174,0.070,0.057,-1.14,0.131,0,0.9462,0.8446,0.358,0.987,0.584,0.231,0.780,0.595,0.399,0.317,177,98,82,77,0.452,0.233,0.537,0.416,0.298,0.218,84,78,72,59
0.150,0.068,0.045,-1.14,0.131,0,0.9533,0.8474,0.409,0.987,0.584,0.231,0.780,0.595,0.399,0.317,177,98,82,77,0.452,0.233,0.537,0.416,0.298,0.218,84,78,72,59
0.122,0.069,0.014,0.85,0.046,0,0.9556,0.8456,0.351,0.06,0.584,0.231,0.780,0.595,0.399,0.317,177,98,82,77,0.452,0.233,0.537,0.416,0.298,0.218,84,78,72,59
0.134,0.070,0.021,0.85,0.046,0,0.9559,0.8441,0.333,0.06,0.584,0.231,0.780,0.595,0.399,0.317,177,98,82,77,0.452,0.233,0.537,0.416,0.298,0.218,84,78,72,59
0.141,0.081,0.457,0.2,0.291,1,0.9599,0.8478,0.440,0.180,0.584,0.231,0.780,0.595,0.399,0.317,177,98,82,77,0.452,0.233,0.537,0.416,0.298,0.218,84,78,72,59
0.129,0.076,0.172,-0.79,0.151,-1,0.9632,0.8528,0.523,0.736,0.584,0.231,0.780,0.595,0.399,0.317,177,98,82,77,0.452,0.233,0.537,0.416,0.298,0.218,84,78,72,59
0.120,0.080,0.110,-1.1,0.105,-1,0.9628,0.8538,0.498,0.192,0.584,0.231,0.780,0.595,0.399,0.317,177,98,82,77,0.452,0.233,0.537,0.416,0.298,0.218,84,78,72,59
0.109,0.088,0.197,-1.19,0.219,1,0.9612,0.8522,0.512,0.586,0.584,0.231,0.780,0.595,0.399,0.317,177,98,82,77,0.452,0.233,0.537,0.416,0.298,0.218,84,78,72,59
0.109,0.091,0.244,-0.52,0.062,0,0.9655,0.8548,0.367,0.341,0.584,0.231,0.780,0.595,0.399,0.317,177,98,82,77,0.452,0.233,0.537,0.416,0.298,0.218,84,78,72,59
0.097,0.082,0.006,-1.14,0.131,0,0.9657,0.8547,0.425,0.987,0.584,0.231,0.780,0.595,0.399,0.317,177,98,82,77,0.452,0.233,0.537,0.416,0.298,0.218,84,78,72,59
0.083,0.076,0.069,-0.52,0.062,0,0.9642,0.8533,0.522,0.341,0.584,0.231,0.780,0.595,0.399,0.317,177,98,82,77,0.452,0.233,0.537,0.416,0.298,0.218,84,78,72,59
0.091,0.074,0.091,-0.79,0.151,-1,0.9610,0.8488,0.526,0.736,0.584,0.231,0.780,0.595,0.399,0.317,177,98,82,77,0.452,0.233,0.537,0.416,0.298,0.218,84,78,72,59
0.096,0.074,0.113,-0.79,0.151,-1,0.9548,0.8386,0.574,0.736,0.584,0.231,0.780,0.595,0.399,0.317,177,98,82,77,0.452,0.233,0.537,0.416,0.298,0.218,84,78,72,59
0.100,0.079,0.319,-0.52,0.062,0,0.9471,0.8250,0.441,0.341,0.584,0.231,0.780,0.595,0.399,0.317,177,98,82,77,0.452,0.233,0.537,0.416,0.298,0.218,84,78,72,59
0.102,0.077,0.310,0.85,0.046,0,0.9409,0.8120,0.327,0.06,0.584,0.231,0.780,0.595,0.399,0.317,177,98,82,77,0.452,0.233,0.537,0.416,0.298,0.218,84,78,72,59
0.103,0.082,0.322,-1.14,0.131,0,0.9358,0.7992,0.452,0.987,0.584,0.231,0.780,0.595,0.399,0.317,177,98,82,77,0.452,0.233,0.537,0.416,0.298,0.218,84,78,72,59
0.126,0.094,0.364,-0.08,0.108,0,0.9334,0.7898,0.439,0.059,0.584,0.231,0.780,0.595,0.399,0.317,177,98,82,77,0.452,0.233,0.537,0.416,0.298,0.218,84,78,72,59
0.126,0.101,0.340,-0.08,0.108,0,0.9289,0.7794,0.450,0.059,0.584,0.231,0.780,0.595,0.399,0.317,177,98,82,77,0.452,0.233,0.537,0.416,0.298,0.218,84,78,72,59
0.107,0.115,0.403,-0.52,0.062,0,0.9250,0.7705,0.320,0.341,0.584,0.231,0.780,0.595,0.399,0.317,177,98,82,77,0.452,0.233,0.537,0.416,0.298,0.218,84,78,72,59
0.107,0.098,0.326,-1.14,0.131,0,0.9193,0.7607,0.371,0.987,0.584,0.231,0.780,0.595,0.399,0.317,177,98,82,77,0.452,0.233,0.537,0.416,0.298,0.218,84,78,72,59
0.114,0.092,0.247,-0.79,0.151,-1,0.9135,0.7527,0.532,0.736,0.584,0.231,0.780,0.595,0.399,0.317,177,98,82,77,0.452,0.233,0.537,0.416,0.298,0.218,84,78,72,59
0.114,0.088,0.355,-0.52,0.062,0,0.9078,0.7477,0.314,0.341,0.584,0.231,0.780,0.595,0.399,0.317,177,98,82,77,0.452,0.233,0.537,0.416,0.298,0.218,84,78,72,59
0.146,0.087,0.272,2.53,0.140,0,0.9083,0.7486,0.198,-0.121,0.584,0.231,0.780,0.595,0.399,0.317,177,98,82,77,0.452,0.233,0.537,0.416,0.298,0.218,84,78,72,59
0.181,0.092,0.391,-0.52,0.062,0,0.9092,0.7522,0.349,0.341,0.584,0.231,0.780,0.595,0.399,0.317,177,98,82,77,0.452,0.233,0.537,0.416,0.298,0.218,84,78,72,59
0.179,0.081,0.302,0,0.000,0,0.9131,0.7559,0.239,0.166,0.584,0.231,0.780,0.595,0.399,0.317,177,98,82,77,0.452,0.233,0.537,0.416,0.298,0.218,84,78,72,59
0.147,0.085,0.323,-0.52,0.062,0,0.9152,0.7572,0.356,0.341,0.584,0.231,0.780,0.595,0.399,0.317,177,98,82,77,0.452,0.233,0.537,0.416,0.298,0.218,84,78,72,59
0.125,0.080,0.275,2.53,0.140,0,0.9166,0.7586,0.212,-0.121,0.584,0.231,0.780,0.595,0.399,0.317,177,98,82,77,0.452,0.233,0.537,0.416,0.298,0.218,84,78,72,59
0.127,0.083,0.216,-1.14,0.131,0,0.9145,0.7571,0.278,0.987,0.584,0.231,0.780,0.595,0.399,0.317,177,98,82,77,0.452,0.233,0.537,0.416,0.298,0.218,84,78,72,59
0.134,0.104,0.418,-0.52,0.062,0,0.9100,0.7534,0.339,0.341,0.584,0.231,0.780,0.595,0.399,0.317,177,98,82,77,0.452,0.233,0.537,0.416,0.298,0.218,84,78,72,59
0.128,0.118,0.395,-0.52,0.062,0,0.8917,0.7378,0.410,0.341,0.584,0.231,0.780,0.595,0.399,0.317,177,98,82,77,0.452,0.233,0.537,0.416,0.298,0.218,84,78,72,59
0.141,0.110,0.350,0,0.000,0,0.8782,0.7249,0.334,0.166,0.584,0.231,0.780,0.595,0.399,0.317,177,98,82,77,0.452,0.233,0.537,0.416,0.298,0.218,84,78,72,59
0.163,0.111,0.458,-0.52,0.062,0,0.8643,0.7095,0.359,0.341,0.584,0.231,0.780,0.595,0.399,0.317,177,98,82,77,0.452,0.233,0.537,0.416,0.298,0.218,84,78,72,59
0.155,0.111,0.467,-0.52,0.062,0,0.8499,0.6923,0.378,0.341,0.584,0.231,0.780,0.595,0.399,0.317,177,98,82,77,0.452,0.233,0.537,0.416,0.298,0.218,84,78,72,59
0.155,0.098,0.127,0,0.000,0,0.8383,0.6778,0.319,0.166,0.584,0.231,0.780,0.595,0.399,0.317,177,98,82,77,0.452,0.233,0.537,0.416,0.298,0.218,84,78,72,59
0.140,0.111,0.465,0.2,0.291,1,0.8373,0.6722,0.400,0.180,0.584,0.231,0.780,0.595,0.399,0.317,177,98,82,77,0.452,0.233,0.537,0.416,0.298,0.218,84,78,72,59
0.140,0.091,0.301,-0.79,0.151,-1,0.8390,0.6687,0.363,0.736,0.584,0.231,0.780,0.595,0.399,0.317,177,98,82,77,0.452,0.233,0.537,0.416,0.298,0.218,84,78,72,59
0.140,0.092,0.251,-0.79,0.151,-1,0.8369,0.6625,0.398,0.736,0.584,0.231,0.780,0.595,0.399,0.317,177,98,82,77,0.452,0.233,0.537,0.416,0.298,0.218,84,78,72,59
0.115,0.090,0.408,-1.1,0.105,-1,0.8353,0.6543,0.325,0.192,0.584,0.231,0.780,0.595,0.399,0.317,177,98,82,77,0.452,0.233,0.537,0.416,0.298,0.218,84,78,72,59
0.107,0.101,0.388,0.85,0.046,0,0.8353,0.6480,0.136,0.06,0.584,0.231,0.780,0.595,0.399,0.317,177,98,82,77,0.452,0.233,0.537,0.416,0.298,0.218,84,78,72,59
0.082,0.107,0.247,0.85,0.046,0,0.8311,0.6382,0.214,0.06,0.584,0.231,0.780,0.595,0.399,0.317,177,98,82,77,0.452,0.233,0.537,0.416,0.298,0.218,84,78,72,59
0.074,0.148,0.409,-0.52,0.062,0,0.8258,0.6284,0.224,0.341,0.584,0.231,0.780,0.595,0.399,0.317,177,98,82,77,0.452,0.233,0.537,0.416,0.298,0.218,84,78,72,59
0.076,0.140,0.358,-0.08,0.108,0,0.8050,0.6076,0.217,0.059,0.584,0.231,0.780,0.595,0.399,0.317,177,98,82,77,0.452,0.233,0.537,0.416,0.298,0.218,84,78,72,59
0.072,0.139,0.276,1.99,0.186,0,0.7850,0.5862,0.149,-0.326,0.584,0.231,0.780,0.595,0.399,0.317,177,98,82,77,0.452,0.233,0.537,0.416,0.298,0.218,84,78,72,59
0.064,0.135,0.201,2.53,0.140,0,0.7588,0.5601,0.150,-0.121,0.584,0.231,0.780,0.595,0.399,0.317,177,98,82,77,0.452,0.233,0.537,0.416,0.298,0.218,84,78,72,59
0.051,0.151,0.358,-0.08,0.108,0,0.7322,0.5323,0.339,0.059,0.584,0.231,0.780,0.595,0.399,0.317,177,98,82,77,0.452,0.233,0.537,0.416,0.298,0.218,84,78,72,59
0.047,0.156,0.215,0,0.000,0,0.6991,0.5003,0.260,0.166,0.584,0.231,0.780,0.595,0.399,0.317,177,98,82,77,0.452,0.233,0.537,0.416,0.298,0.218,84,78,72,59
0.062,0.145,0.091,-0.52,0.062,0,0.6560,0.4608,0.361,0.341,0.584,0.231,0.780,0.595,0.399,0.317,177,98,82,77,0.452,0.233,0.537,0.416,0.298,0.218,84,78,72,59
0.080,0.121,0.067,-0.79,0.151,-1,0.6086,0.4179,0.363,0.736,0.584,0.231,0.780,0.595,0.399,0.317,177,98,82,77,0.452,0.233,0.537,0.416,0.298,0.218,84,78,72,59
0.088,0.123,0.340,1.37,0.298,0,0.5843,0.3925,0.095,-0.510,0.584,0.231,0.780,0.595,0.399,0.317,177,98,82,77,0.452,0.233,0.537,0.416,0.298,0.218,84,78,72,59
0.089,0.114,0.049,-0.79,0.151,-1,0.5726,0.3776,0.283,0.736,0.584,0.231,0.780,0.595,0.399,0.317,177,98,82,77,0.452,0.233,0.537,0.416,0.298,0.218,84,78,72,59
0.079,0.114,0.104,-0.08,0.108,0,0.5739,0.3724,0.268,0.059,0.584,0.231,0.780,0.595,0.399,0.317,177,98,82,77,0.452,0.233,0.537,0.416,0.298,0.218,84,78,72,59
0.060,0.104,0.108,1.42,0.221,0,0.5792,0.3709,0.070,-0.397,0.584,0.231,0.780,0.595,0.399,0.317,177,98,82,77,0.452,0.233,0.537,0.416,0.298,0.218,84,78,72,59
0.066,0.102,0.042,1.99,0.186,0,0.5927,0.3748,0.048,-0.326,0.584,0.231,0.780,0.595,0.399,0.317,177,98,82,77,0.452,0.233,0.537,0.416,0.298,0.218,84,78,72,59
0.053,0.103,0.288,-0.08,0.108,0,0.6076,0.3809,0.236,0.059,0.584,0.231,0.780,0.595,0.399,0.317,177,98,82,77,0.452,0.233,0.537,0.416,0.298,0.218,84,78,72,59
0.056,0.113,0.046,-0.79,0.151,-1,0.6080,0.3739,0.242,0.736,0.584,0.231,0.780,0.595,0.399,0.317,177,98,82,77,0.452,0.233,0.537,0.416,0.298,0.218,84,78,72,59
0.059,0.120,0.018,3.14,0.186,0,0.6024,0.3609,0.065,-0.486,0.584,0.231,0.780,0.595,0.399,0.317,177,98,82,77,0.452,0.233,0.537,0.416,0.298,0.218,84,78,72,59
0.057,0.099,0.177,1.42,0.221,0,0.5883,0.3413,0.154,-0.397,0.584,0.231,0.780,0.595,0.399,0.317,177,98,82,77,0.452,0.233,0.537,0.416,0.298,0.218,84,78,72,59
0.055,0.155,0.159,-0.52,0.062,0,0.5712,0.3193,0.382,0.341,0.584,0.231,0.780,0.595,0.399,0.317,177,98,82,77,0.452,0.233,0.537,0.416,0.298,0.218,84,78,72,59
0.068,0.145,0.175,1.42,0.221,0,0.5458,0.2931,0.200,-0.397,0.584,0.231,0.780,0.595,0.399,0.317,177,98,82,77,0.452,0.233,0.537,0.416,0.298,0.218,84,78,72,59
0.077,0.179,0.115,0,0.000,0,0.5071,0.2576,0.230,0.166,0.584,0.231,0.780,0.595,0.399,0.317,177,98,82,77,0.452,0.233,0.537,0.416,0.298,0.218,84,78,72,59
0.099,0.181,0.348,1.37,0.298,0,0.4786,0.2316,0.227,-0.510,0.584,0.231,0.780,0.595,0.399,0.317,177,98,82,77,0.452,0.233,0.537,0.416,0.298,0.218,84,78,72,59
0.104,0.140,0.116,-0.79,0.151,-1,0.4588,0.2129,0.359,0.736,0.584,0.231,0.780,0.595,0.399,0.317,177,98,82,77,0.452,0.233,0.537,0.416,0.298,0.218,84,78,72,59
0.105,0.180,0.361,0.2,0.291,1,0.4744,0.2195,0.263,0.180,0.584,0.231,0.780,0.595,0.399,0.317,177,98,82,77,0.452,0.233,0.537,0.416,0.298,0.218,84,78,72,59
0.094,0.130,0.176,-0.79,0.151,-1,0.4860,0.2265,0.422,0.736,0.584,0.231,0.780,0.595,0.399,0.317,177,98,82,77,0.452,0.233,0.537,0.416,0.298,0.218,84,78,72,59
0.084,0.181,0.385,0.2,0.291,1,0.4983,0.2348,0.276,0.180,0.584,0.231,0.780,0.595,0.399,0.317,177,98,82,77,0.452,0.233,0.537,0.416,0.298,0.218,84,78,72,59
0.087,0.128,0.006,2.53,0.140,0,0.5182,0.2488,0.040,-0.121,0.584,0.231,0.780,0.595,0.399,0.317,177,98,82,77,0.452,0.233,0.537,0.416,0.298,0.218,84,78,72,59
0.085,0.139,0.152,2.53,0.140,0,0.5506,0.2723,0.074,-0.121,0.584,0.231,0.780,0.595,0.399,0.317,177,98,82,77,0.452,0.233,0.537,0.416,0.298,0.218,84,78,72,59
0.088,0.181,0.053,0.85,0.046,0,0.5822,0.2983,0.193,0.06,0.584,0.231,0.780,0.595,0.399,0.317,177,98,82,77,0.452,0.233,0.537,0.416,0.298,0.218,84,78,72,59
0.087,0.234,0.020,0.85,0.046,0,0.6021,0.3163,0.084,0.06,0.584,0.231,0.780,0.595,0.399,0.317,177,98,82,77,0.452,0.233,0.537,0.416,0.298,0.218,84,78,72,59
0.084,0.265,0.003,1.99,0.186,0,0.6061,0.3230,0.040,-0.326,0.584,0.231,0.780,0.595,0.399,0.317,177,98,82,77,0.452,0.233,0.537,0.416,0.298,0.218,84,78,72,59
0.082,0.322,0.397,0.2,0.291,1,0.5922,0.3161,0.250,0.180,0.584,0.231,0.780,0.595,0.399,0.317,177,98,82,77,0.452,0.233,0.537,0.416,0.298,0.218,84,78,72,59
0.074,0.259,0.369,0.85,0.046,0,0.5673,0.3029,0.317,0.06,0.584,0.231,0.780,0.595,0.399,0.317,177,98,82,77,0.452,0.233,0.537,0.416,0.298,0.218,84,78,72,59
0.082,0.277,0.253,-0.52,0.062,0,0.5276,0.2765,0.180,0.341,0.584,0.231,0.780,0.595,0.399,0.317,177,98,82,77,0.452,0.233,0.537,0.416,0.298,0.218,84,78,72,59
0.078,0.288,0.397,1.37,0.298,0,0.4857,0.2510,0.188,-0.510,0.584,0.231,0.780,0.595,0.399,0.317,177,98,82,77,0.452,0.233,0.537,0.416,0.298,0.218,84,78,72,59
0.096,0.301,0.660,-0.48,0.134,0,0.4501,0.2307,0.452,0.007,0.584,0.231,0.780,0.595,0.399,0.317,177,98,82,77,0.452,0.233,0.537,0.416,0.298,0.218,84,78,72,59
0.088,0.342,0.582,-0.48,0.134,0,0.4386,0.2314,0.276,0.007,0.584,0.231,0.780,0.595,0.399,0.317,177,98,82,77,0.452,0.233,0.537,0.416,0.298,0.218,84,78,72,59
0.090,0.243,0.325,-1.14,0.131,0,0.4329,0.2377,0.279,0.987,0.584,0.231,0.780,0.595,0.399,0.317,177,98,82,77,0.452,0.233,0.537,0.416,0.298,0.218,84,78,72,59
0.087,0.239,0.336,0.22,0.230,0,0.4418,0.2544,0.306,0.303,0.584,0.231,0.780,0.595,0.399,0.317,177,98,82,77,0.452,0.233,0.537,0.416,0.298,0.218,84,78,72,59
0.083,0.215,0.477,0.2,0.291,1,0.4696,0.2849,0.308,0.180,0.584,0.231,0.780,0.595,0.399,0.317,177,98,82,77,0.452,0.233,0.537,0.416,0.298,0.218,84,78,72,59
0.084,0.123,0.001,0.85,0.046,0,0.5113,0.3251,0.054,0.06,0.584,0.231,0.780,0.595,0.399,0.317,177,98,82,77,0.452,0.233,0.537,0.416,0.298,0.218,84,78,72,59
0.089,0.108,0.002,2.53,0.140,0,0.5840,0.3865,0.045,-0.121,0.584,0.231,0.780,0.595,0.399,0.317,177,98,82,77,0.452,0.233,0.537,0.416,0.298,0.218,84,78,72,59
0.082,0.101,0.003,-0.79,0.151,-1,0.6461,0.4395,0.225,0.736,0.584,0.231,0.780,0.595,0.399,0.317,177,98,82,77,0.452,0.233,0.537,0.416,0.298,0.218,84,78,72,59
0.066,0.136,0.070,1.37,0.298,0,0.7018,0.4853,0.097,-0.510,0.584,0.231,0.780,0.595,0.399,0.317,177,98,82,77,0.452,0.233,0.537,0.416,0.298,0.218,84,78,72,59
0.059,0.136,0.002,1.99,0.186,0,0.7382,0.5151,0.047,-0.326,0.584,0.231,0.780,0.595,0.399,0.317,177,98,82,77,0.452,0.233,0.537,0.416,0.298,0.218,84,78,72,59
0.054,0.141,0.001,1.99,0.186,0,0.7672,0.5387,0.062,-0.326,0.584,0.231,0.780,0.595,0.399,0.317,177,98,82,77,0.452,0.233,0.537,0.416,0.298,0.218,84,78,72,59
0.069,0.146,0.036,-0.08,0.108,0,0.7875,0.5590,0.272,0.059,0.584,0.231,0.780,0.595,0.399,0.317,177,98,82,77,0.452,0.233,0.537,0.416,0.298,0.218,84,78,72,59
0.084,0.161,0.023,0,0.000,0,0.7906,0.5693,0.177,0.166,0.584,0.231,0.780,0.595,0.399,0.317,177,98,82,77,0.452,0.233,0.537,0.416,0.298,0.218,84,78,72,59
0.093,0.125,0.037,3.14,0.186,0,0.7842,0.5743,0.110,-0.486,0.584,0.231,0.780,0.595,0.399,0.317,177,98,82,77,0.452,0.233,0.537,0.416,0.298,0.218,84,78,72,59
0.086,0.171,0.041,-1.14,0.131,0,0.7740,0.5772,0.359,0.987,0.584,0.231,0.780,0.595,0.399,0.317,177,98,82,77,0.452,0.233,0.537,0.416,0.298,0.218,84,78,72,59
0.080,0.154,0.209,0,0.000,0,0.7698,0.5848,0.359,0.166,0.584,0.231,0.780,0.595,0.399,0.317,177,98,82,77,0.452,0.233,0.537,0.416,0.298,0.218,84,78,72,59
0.064,0.131,0.065,-0.52,0.062,0,0.7702,0.5929,0.295,0.341,0.584,0.231,0.780,0.595,0.399,0.317,177,98,82,77,0.452,0.233,0.537,0.416,0.298,0.218,84,78,72,59
0.068,0.110,0.025,-1.14,0.131,0,0.7825,0.6114,0.451,0.987,0.584,0.231,0.780,0.595,0.399,0.317,177,98,82,77,0.452,0.233,0.537,0.416,0.298,0.218,84,78,72,59
0.081,0.105,0.010,-0.79,0.151,-1,0.8068,0.6380,0.428,0.736,0.584,0.231,0.780,0.595,0.399,0.317,177,98,82,77,0.452,0.233,0.537,0.416,0.298,0.218,84,78,72,59
0.091,0.095,0.021,-1.14,0.131,0,0.8436,0.6757,0.386,0.987,0.584,0.231,0.780,0.595,0.399,0.317,177,98,82,77,0.452,0.233,0.537,0.416,0.298,0.218,84,78,72,59
0.097,0.098,0.014,-0.79,0.151,-1,0.8794,0.7146,0.545,0.736,0.584,0.231,0.780,0.595,0.399,0.317,177,98,82,77,0.452,0.233,0.537,0.416,0.298,0.218,84,78,72,59
0.079,0.097,0.051,0.22,0.230,0,0.9120,0.7508,0.397,0.303,0.584,0.231,0.780,0.595,0.399,0.317,177,98,82,77,0.452,0.233,0.537,0.416,0.298,0.218,84,78,72,59
0.080,0.082,0.003,0,0.000,0,0.9345,0.7779,0.272,0.166,0.584,0.231,0.780,0.595,0.399,0.317,177,98,82,77,0.452,0.233,0.537,0.416,0.298,0.218,84,78,72,59
0.075,0.088,0.066,-0.52,0.062,0,0.9455,0.7968,0.379,0.341,0.584,0.231,0.780,0.595,0.399,0.317,177,98,82,77,0.452,0.233,0.537,0.416,0.298,0.218,84,78,72,59
0.077,0.083,0.005,2.53,0.140,0,0.9510,0.8080,0.234,-0.121,0.584,0.231,0.780,0.595,0.399,0.317,177,98,82,77,0.452,0.233,0.537,0.416,0.298,0.218,84,78,72,59
0.077,0.097,0.103,-0.42,0.180,0,0.9564,0.8172,0.394,0.318,0.584,0.231,0.780,0.595,0.399,0.317,177,98,82,77,0.452,0.233,0.537,0.416,0.298,0.218,84,78,72,59
0.061,0.082,0.016,-0.79,0.151,-1,0.9549,0.8193,0.402,0.736,0.584,0.231,0.780,0.595,0.399,0.317,177,98,82,77,0.452,0.233,0.537,0.416,0.298,0.218,84,78,72,59
0.058,0.086,0.078,-0.52,0.062,0,0.9411,0.8090,0.351,0.341,0.584,0.231,0.780,0.595,0.399,0.317,177,98,82,77,0.452,0.233,0.537,0.416,0.298,0.218,84,78,72,59
0.061,0.098,0.108,-0.42,0.180,0,0.9309,0.7994,0.423,0.318,0.584,0.231,0.780,0.595,0.399,0.317,177,98,82,77,0.452,0.233,0.537,0.416,0.298,0.218,84,78,72,59
0.077,0.075,0.058,2.53,0.140,0,0.9275,0.7941,0.225,-0.121,0.584,0.231,0.780,0.595,0.399,0.317,177,98,82,77,0.452,0.233,0.537,0.416,0.298,0.218,84,78,72,59
0.065,0.085,0.189,-0.52,0.062,0,0.9200,0.7862,0.356,0.341,0.584,0.231,0.780,0.595,0.399,0.317,177,98,82,77,0.452,0.233,0.537,0.416,0.298,0.218,84,78,72,59
0.068,0.077,0.225,-0.79,0.151,-1,0.9098,0.7773,0.502,0.736,0.584,0.231,0.780,0.595,0.399,0.317,177,98,82,77,0.452,0.233,0.537,0.416,0.298,0.218,84,78,72,59
0.060,0.107,0.326,-0.42,0.180,0,0.8892,0.7615,0.362,0.318,0.584,0.231,0.780,0.595,0.399,0.317,177,98,82,77,0.452,0.233,0.537,0.416,0.298,0.218,84,78,72,59
0.059,0.095,0.206,-1.14,0.131,0,0.8584,0.7409,0.375,0.987,0.584,0.231,0.780,0.595,0.399,0.317,177,98,82,77,0.452,0.233,0.537,0.416,0.298,0.218,84,78,72,59
0.045,0.091,0.240,0.85,0.046,0,0.8354,0.7231,0.290,0.06,0.584,0.231,0.780,0.595,0.399,0.317,177,98,82,77,0.452,0.233,0.537,0.416,0.298,0.218,84,78,72,59
0.036,0.084,0.258,-0.08,0.108,0,0.8188,0.7108,0.372,0.059,0.584,0.231,0.780,0.595,0.399,0.317,177,98,82,77,0.452,0.233,0.537,0.416,0.298,0.218,84,78,72,59
0.037,0.073,0.028,-0.79,0.151,-1,0.8071,0.7013,0.490,0.736,0.584,0.231,0.780,0.595,0.399,0.317,177,98,82,77,0.452,0.233,0.537,0.416,0.298,0.218,84,78,72,59
0.048,0.075,0.090,0.85,0.046,0,0.7970,0.6939,0.422,0.06,0.584,0.231,0.780,0.595,0.399,0.317,177,98,82,77,0.452,0.233,0.537,0.416,0.298,0.218,84,78,72,59
0.044,0.081,0.048,0.85,0.046,0,0.7917,0.6908,0.336,0.06,0.584,0.231,0.780,0.595,0.399,0.317,177,98,82,77,0.452,0.233,0.537,0.416,0.298,0.218,84,78,72,59
0.044,0.083,0.055,0,0.000,0,0.7865,0.6875,0.349,0.166,0.584,0.231,0.780,0.595,0.399,0.317,177,98,82,77,0.452,0.233,0.537,0.416,0.298,0.218,84,78,72,59
0.042,0.094,0.004,-0.79,0.151,-1,0.7837,0.6861,0.504,0.736,0.584,0.231,0.780,0.595,0.399,0.317,177,98,82,77,0.452,0.233,0.537,0.416,0.298,0.218,84,78,72,59
0.038,0.101,0.074,-0.48,0.134,0,0.7862,0.6920,0.337,0.007,0.584,0.231,0.780,0.595,0.399,0.317,177,98,82,77,0.452,0.233,0.537,0.416,0.298,0.218,84,78,72,59
0.039,0.109,0.105,-1.14,0.131,0,0.7799,0.6915,0.205,0.987,0.584,0.231,0.780,0.595,0.399,0.317,177,98,82,77,0.452,0.233,0.537,0.416,0.298,0.218,84,78,72,59
0.039,0.113,0.139,1.99,0.186,0,0.7691,0.6886,0.201,-0.326,0.584,0.231,0.780,0.595,0.399,0.317,177,98,82,77,0.452,0.233,0.537,0.416,0.298,0.218,84,78,72,59
0.034,0.116,0.004,-0.79,0.151,-1,0.7429,0.6744,0.384,0.736,0.584,0.231,0.780,0.595,0.399,0.317,177,98,82,77,0.452,0.233,0.537,0.416,0.298,0.218,84,78,72,59
0.035,0.113,0.153,1.69,0.290,0,0.7041,0.6466,0.122,-0.697,0.584,0.231,0.780,0.595,0.399,0.317,177,98,82,77,0.452,0.233,0.537,0.416,0.298,0.218,84,78,72,59
0.039,0.114,0.015,1.99,0.186,0,0.6535,0.6090,0.113,-0.326,0.584,0.231,0.780,0.595,0.399,0.317,177,98,82,77,0.452,0.233,0.537,0.416,0.298,0.218,84,78,72,59
0.047,0.127,0.496,0.2,0.291,1,0.6140,0.5774,0.391,0.180,0.584,0.231,0.780,0.595,0.399,0.317,177,98,82,77,0.452,0.233,0.537,0.416,0.298,0.218,84,78,72,59
0.047,0.106,0.412,-1.1,0.105,-1,0.5860,0.5563,0.452,0.192,0.584,0.231,0.780,0.595,0.399,0.317,177,98,82,77,0.452,0.233,0.537,0.416,0.298,0.218,84,78,72,59
0.045,0.128,0.456,-0.42,0.180,0,0.5610,0.5354,0.259,0.318,0.584,0.231,0.780,0.595,0.399,0.317,177,98,82,77,0.452,0.233,0.537,0.416,0.298,0.218,84,78,72,59
0.043,0.128,0.327,-1.14,0.131,0,0.5281,0.5060,0.441,0.987,0.584,0.231,0.780,0.595,0.399,0.317,177,98,82,77,0.452,0.233,0.537,0.416,0.298,0.218,84,78,72,59
0.051,0.173,0.463,-0.42,0.180,0,0.4981,0.4815,0.362,0.318,0.584,0.231,0.780,0.595,0.399,0.317,177,98,82,77,0.452,0.233,0.537,0.416,0.298,0.218,84,78,72,59
0.051,0.144,0.548,1.69,0.290,0,0.4905,0.4739,0.117,-0.697,0.584,0.231,0.780,0.595,0.399,0.317,177,98,82,77,0.452,0.233,0.537,0.416,0.298,0.218,84,78,72,59
0.051,0.149,0.541,-0.42,0.180,0,0.4943,0.4765,0.432,0.318,0.584,0.231,0.780,0.595,0.399,0.317,177,98,82,77,0.452,0.233,0.537,0.416,0.298,0.218,84,78,72,59
0.052,0.157,0.399,-0.48,0.134,0,0.5038,0.4817,0.377,0.007,0.584,0.231,0.780,0.595,0.399,0.317,177,98,82,77,0.452,0.233,0.537,0.416,0.298,0.218,84,78,72,59
0.064,0.143,0.107,1.42,0.221,0,0.5082,0.4840,0.058,-0.397,0.584,0.231,0.780,0.595,0.399,0.317,177,98,82,77,0.452,0.233,0.537,0.416,0.298,0.218,84,78,72,59
0.078,0.190,0.631,0.2,0.291,1,0.5042,0.4754,0.302,0.180,0.584,0.231,0.780,0.595,0.399,0.317,177,98,82,77,0.452,0.233,0.537,0.416,0.298,0.218,84,78,72,59
0.075,0.170,0.278,-0.42,0.180,0,0.4892,0.4536,0.361,0.318,0.584,0.231,0.780,0.595,0.399,0.317,177,98,82,77,0.452,0.233,0.537,0.416,0.298,0.218,84,78,72,59
0.072,0.137,0.223,2.53,0.140,0,0.4621,0.4171,0.102,-0.121,0.584,0.231,0.780,0.595,0.399,0.317,177,98,82,77,0.452,0.233,0.537,0.416,0.298,0.218,84,78,72,59
0.075,0.140,0.199,3.14,0.186,0,0.4321,0.3774,0.073,-0.486,0.584,0.231,0.780,0.595,0.399,0.317,177,98,82,77,0.452,0.233,0.537,0.416,0.298,0.218,84,78,72,59
0.077,0.143,0.425,-0.42,0.180,0,0.4003,0.3365,0.399,0.318,0.584,0.231,0.780,0.595,0.399,0.317,177,98,82,77,0.452,0.233,0.537,0.416,0.298,0.218,84,78,72,59
0.078,0.142,0.223,-0.42,0.180,0,0.3671,0.2945,0.419,0.318,0.584,0.231,0.780,0.595,0.399,0.317,177,98,82,77,0.452,0.233,0.537,0.416,0.298,0.218,84,78,72,59
0.078,0.120,0.273,-0.48,0.134,0,0.3368,0.2575,0.151,0.007,0.584,0.231,0.780,0.595,0.399,0.317,177,98,82,77,0.452,0.233,0.537,0.416,0.298,0.218,84,78,72,59
0.095,0.114,0.097,-1.14,0.131,0,0.3265,0.2401,0.313,0.987,0.584,0.231,0.780,0.595,0.399,0.317,177,98,82,77,0.452,0.233,0.537,0.416,0.298,0.218,84,78,72,59
0.100,0.109,0.025,0.85,0.046,0,0.3249,0.2347,0.485,0.06,0.584,0.231,0.780,0.595,0.399,0.317,177,98,82,77,0.452,0.233,0.537,0.416,0.298,0.218,84,78,72,59
0.115,0.101,0.013,1.99,0.186,0,0.3424,0.2465,0.138,-0.326,0.584,0.231,0.780,0.595,0.399,0.317,177,98,82,77,0.452,0.233,0.537,0.416,0.298,0.218,84,78,72,59
0.090,0.111,0.041,1.99,0.186,0,0.3868,0.2901,0.048,-0.326,0.584,0.231,0.780,0.595,0.399,0.317,177,98,82,77,0.452,0.233,0.537,0.416,0.298,0.218,84,78,72,59
0.072,0.111,0.029,-1.14,0.131,0,0.4273,0.3306,0.277,0.987,0.584,0.231,0.780,0.595,0.399,0.317,177,98,82,77,0.452,0.233,0.537,0.416,0.298,0.218,84,78,72,59
0.071,0.100,0.003,0.85,0.046,0,0.4516,0.3560,0.318,0.06,0.584,0.231,0.780,0.595,0.399,0.317,177,98,82,77,0.452,0.233,0.537,0.416,0.298,0.218,84,78,72,59
0.069,0.091,0.076,1.99,0.186,0,0.4541,0.3588,0.041,-0.326,0.584,0.231,0.780,0.595,0.399,0.317,177,98,82,77,0.452,0.233,0.537,0.416,0.298,0.218,84,78,72,59
0.070,0.103,0.005,1.99,0.186,0,0.4492,0.3551,0.044,-0.326,0.584,0.231,0.780,0.595,0.399,0.317,177,98,82,77,0.452,0.233,0.537,0.416,0.298,0.218,84,78,72,59
0.073,0.127,0.100,-0.42,0.180,0,0.4393,0.3451,0.449,0.318,0.584,0.231,0.780,0.595,0.399,0.317,177,98,82,77,0.452,0.233,0.537,0.416,0.298,0.218,84,78,72,59
0.073,0.127,0.111,-0.42,0.180,0,0.4166,0.3223,0.347,0.318,0.584,0.231,0.780,0.595,0.399,0.317,177,98,82,77,0.452,0.233,0.537,0.416,0.298,0.218,84,78,72,59
0.083,0.114,0.009,1.99,0.186,0,0.3890,0.2929,0.099,-0.326,0.584,0.231,0.780,0.595,0.399,0.317,177,98,82,77,0.452,0.233,0.537,0.416,0.298,0.218,84,78,72,59
0.085,0.117,0.140,0,0.000,0,0.3770,0.2752,0.349,0.166,0.584,0.231,0.780,0.595,0.399,0.317,177,98,82,77,0.452,0.233,0.537,0.416,0.298,0.218,84,78,72,59
0.089,0.177,0.169,-0.42,0.180,0,0.3858,0.2765,0.494,0.318,0.584,0.231,0.780,0.595,0.399,0.317,177,98,82,77,0.452,0.233,0.537,0.416,0.298,0.218,84,78,72,59
0.093,0.165,0.075,-0.79,0.151,-1,0.3988,0.2834,0.534,0.736,0.584,0.231,0.780,0.595,0.399,0.317,177,98,82,77,0.452,0.233,0.537,0.416,0.298,0.218,84,78,72,59
0.101,0.167,0.247,-0.48,0.134,0,0.4289,0.3115,0.196,0.007,0.584,0.231,0.780,0.595,0.399,0.317,177,98,82,77,0.452,0.233,0.537,0.416,0.298,0.218,84,78,72,59
0.102,0.169,0.280,-1.14,0.131,0,0.4677,0.3530,0.344,0.987,0.584,0.231,0.780,0.595,0.399,0.317,177,98,82,77,0.452,0.233,0.537,0.416,0.298,0.218,84,78,72,59
0.082,0.200,0.068,-0.42,0.180,0,0.5001,0.3923,0.446,0.318,0.584,0.231,0.780,0.595,0.399,0.317,177,98,82,77,0.452,0.233,0.537,0.416,0.298,0.218,84,78,72,59
0.080,0.150,0.006,1.99,0.186,0,0.5167,0.4176,0.076,-0.326,0.584,0.231,0.780,0.595,0.399,0.317,177,98,82,77,0.452,0.233,0.537,0.416,0.298,0.218,84,78,72,59
0.065,0.138,0.062,1.99,0.186,0,0.5246,0.4366,0.086,-0.326,0.584,0.231,0.780,0.595,0.399,0.317,177,98,82,77,0.452,0.233,0.537,0.416,0.298,0.218,84,78,72,59
0.066,0.183,0.135,-0.42,0.180,0,0.5220,0.4451,0.418,0.318,0.584,0.231,0.780,0.595,0.399,0.317,177,98,82,77,0.452,0.233,0.537,0.416,0.298,0.218,84,78,72,59
0.066,0.180,0.002,-0.42,0.180,0,0.4946,0.4278,0.307,0.318,0.584,0.231,0.780,0.595,0.399,0.317,177,98,82,77,0.452,0.233,0.537,0.416,0.298,0.218,84,78,72,59
0.069,0.137,0.023,3.14,0.186,0,0.4682,0.4112,0.047,-0.486,0.584,0.231,0.780,0.595,0.399,0.317,177,98,82,77,0.452,0.233,0.537,0.416,0.298,0.218,84,78,72,59
0.068,0.158,0.407,-0.52,0.062,0,0.4534,0.4024,0.232,0.341,0.584,0.231,0.780,0.595,0.399,0.317,177,98,82,77,0.452,0.233,0.537,0.416,0.298,0.218,84,78,72,59
0.059,0.223,0.239,0.2,0.291,1,0.4466,0.3992,0.464,0.180,0.584,0.231,0.780,0.595,0.399,0.317,177,98,82,77,0.452,0.233,0.537,0.416,0.298,0.218,84,78,72,59
0.059,0.210,0.299,0.22,0.230,0,0.4442,0.3951,0.202,0.303,0.584,0.231,0.780,0.595,0.399,0.317,177,98,82,77,0.452,0.233,0.537,0.416,0.298,0.218,84,78,72,59
0.067,0.185,0.254,-0.42,0.180,0,0.4608,0.4087,0.143,0.318,0.584,0.231,0.780,0.595,0.399,0.317,177,98,82,77,0.452,0.233,0.537,0.416,0.298,0.218,84,78,72,59
0.067,0.152,0.031,-0.79,0.151,-1,0.4797,0.4276,0.471,0.736,0.584,0.231,0.780,0.595,0.399,0.317,177,98,82,77,0.452,0.233,0.537,0.416,0.298,0.218,84,78,72,59
0.071,0.200,0.055,-0.42,0.180,0,0.5017,0.4513,0.268,0.318,0.584,0.231,0.780,0.595,0.399,0.317,177,98,82,77,0.452,0.233,0.537,0.416,0.298,0.218,84,78,72,59
0.057,0.178,0.024,1.69,0.290,0,0.5199,0.4705,0.035,-0.697,0.584,0.231,0.780,0.595,0.399,0.317,177,98,82,77,0.452,0.233,0.537,0.416,0.298,0.218,84,78,72,59
0.057,0.131,0.051,3.14,0.186,0,0.5444,0.4959,0.085,-0.486,0.584,0.231,0.780,0.595,0.399,0.317,177,98,82,77,0.452,0.233,0.537,0.416,0.298,0.218,84,78,72,59
0.059,0.132,0.174,-0.42,0.180,0,0.5665,0.5186,0.394,0.318,0.584,0.231,0.780,0.595,0.399,0.317,177,98,82,77,0.452,0.233,0.537,0.416,0.298,0.218,84,78,72,59
0.059,0.123,0.004,1.42,0.221,0,0.5755,0.5292,0.135,-0.397,0.584,0.231,0.780,0.595,0.399,0.317,177,98,82,77,0.452,0.233,0.537,0.416,0.298,0.218,84,78,72,59
0.059,0.127,0.002,1.99,0.186,0,0.5699,0.5294,0.073,-0.326,0.584,0.231,0.780,0.595,0.399,0.317,177,98,82,77,0.452,0.233,0.537,0.416,0.298,0.218,84,78,72,59
0.059,0.131,0.009,-0.48,0.134,0,0.5544,0.5237,0.432,0.007,0.584,0.231,0.780,0.595,0.399,0.317,177,98,82,77,0.452,0.233,0.537,0.416,0.298,0.218,84,78,72,59
0.054,0.116,0.002,-0.79,0.151,-1,0.5498,0.5242,0.355,0.736,0.584,0.231,0.780,0.595,0.399,0.317,177,98,82,77,0.452,0.233,0.537,0.416,0.298,0.218,84,78,72,59
0.050,0.094,0.001,-1.14,0.131,0,0.5414,0.5197,0.358,0.987,0.584,0.231,0.780,0.595,0.399,0.317,177,98,82,77,0.452,0.233,0.537,0.416,0.298,0.218,84,78,72,59
0.042,0.107,0.024,-1.14,0.131,0,0.5373,0.5173,0.476,0.987,0.584,0.231,0.780,0.595,0.399,0.317,177,98,82,77,0.452,0.233,0.537,0.416,0.298,0.218,84,78,72,59
0.053,0.098,0.085,0,0.000,0,0.5428,0.5208,0.357,0.166,0.584,0.231,0.780,0.595,0.399,0.317,177,98,82,77,0.452,0.233,0.537,0.416,0.298,0.218,84,78,72,59
0.044,0.091,0.026,-0.79,0.151,-1,0.5551,0.5277,0.366,0.736,0.584,0.231,0.780,0.595,0.399,0.317,177,98,82,77,0.452,0.233,0.537,0.416,0.298,0.218,84,78,72,59
0.054,0.081,0.083,1.99,0.186,0,0.5736,0.5389,0.177,-0.326,0.584,0.231,0.780,0.595,0.399,0.317,177,98,82,77,0.452,0.233,0.537,0.416,0.298,0.218,84,78,72,59
0.057,0.084,0.242,0.85,0.046,0,0.5969,0.5541,0.290,0.06,0.584,0.231,0.780,0.595,0.399,0.317,177,98,82,77,0.452,0.233,0.537,0.416,0.298,0.218,84,78,72,59
0.060,0.084,0.202,-1.1,0.105,-1,0.6288,0.5747,0.387,0.192,0.584,0.231,0.780,0.595,0.399,0.317,177,98,82,77,0.452,0.233,0.537,0.416,0.298,0.218,84,78,72,59
0.055,0.085,0.090,3.14,0.186,0,0.6458,0.5856,0.104,-0.486,0.584,0.231,0.780,0.595,0.399,0.317,177,98,82,77,0.452,0.233,0.537,0.416,0.298,0.218,84,78,72,59
0.057,0.098,0.167,-0.52,0.062,0,0.6535,0.5887,0.343,0.341,0.584,0.231,0.780,0.595,0.399,0.317,177,98,82,77,0.452,0.233,0.537,0.416,0.298,0.218,84,78,72,59
0.055,0.086,0.027,-1.1,0.105,-1,0.6582,0.5914,0.359,0.192,0.584,0.231,0.780,0.595,0.399,0.317,177,98,82,77,0.452,0.233,0.537,0.416,0.298,0.218,84,78,72,59
0.055,0.080,0.033,2.53,0.140,0,0.6527,0.5840,0.169,-0.121,0.584,0.231,0.780,0.595,0.399,0.317,177,98,82,77,0.452,0.233,0.537,0.416,0.298,0.218,84,78,72,59
0.058,0.085,0.084,-0.79,0.151,-1,0.6409,0.5714,0.423,0.736,0.584,0.231,0.780,0.595,0.399,0.317,177,98,82,77,0.452,0.233,0.537,0.416,0.298,0.218,84,78,72,59
0.058,0.089,0.122,0,0.000,0,0.6342,0.5641,0.355,0.166,0.584,0.231,0.780,0.595,0.399,0.317,177,98,82,77,0.452,0.233,0.537,0.416,0.298,0.218,84,78,72,59
0.055,0.106,0.043,-0.79,0.151,-1,0.6160,0.5464,0.331,0.736,0.584,0.231,0.780,0.595,0.399,0.317,177,98,82,77,0.452,0.233,0.537,0.416,0.298,0.218,84,78,72,59
0.071,0.094,0.151,2.53,0.140,0,0.5988,0.5297,0.159,-0.121,0.584,0.231,0.780,0.595,0.399,0.317,177,98,82,77,0.452,0.233,0.537,0.416,0.298,0.218,84,78,72,59
0.060,0.120,0.012,0,0.000,0,0.5674,0.5011,0.275,0.166,0.584,0.231,0.780,0.595,0.399,0.317,177,98,82,77,0.452,0.233,0.537,0.416,0.298,0.218,84,78,72,59
0.053,0.109,0.007,0.85,0.046,0,0.5453,0.4803,0.272,0.06,0.584,0.231,0.780,0.595,0.399,0.317,177,98,82,77,0.452,0.233,0.537,0.416,0.298,0.218,84,78,72,59
0.053,0.121,0.003,3.14,0.186,0,0.5302,0.4642,0.194,-0.486,0.584,0.231,0.780,0.595,0.399,0.317,177,98,82,77,0.452,0.233,0.537,0.416,0.298,0.218,84,78,72,59
0.053,0.108,0.019,0,0.000,0,0.5141,0.4488,0.235,0.166,0.584,0.231,0.780,0.595,0.399,0.317,177,98,82,77,0.452,0.233,0.537,0.416,0.298,0.218,84,78,72,59
0.050,0.109,0.002,-0.79,0.151,-1,0.5173,0.4450,0.470,0.736,0.584,0.231,0.780,0.595,0.399,0.317,177,98,82,77,0.452,0.233,0.537,0.416,0.298,0.218,84,78,72,59
0.050,0.107,0.002,-0.79,0.151,-1,0.5145,0.4358,0.474,0.736,0.584,0.231,0.780,0.595,0.399,0.317,177,98,82,77,0.452,0.233,0.537,0.416,0.298,0.218,84,78,72,59
0.047,0.107,0.052,0.85,0.046,0,0.5161,0.4288,0.167,0.06,0.584,0.231,0.780,0.595,0.399,0.317,177,98,82,77,0.452,0.233,0.537,0.416,0.298,0.218,84,78,72,59
0.057,0.111,0.224,-1.14,0.131,0,0.5326,0.4337,0.355,0.987,0.584,0.231,0.780,0.595,0.399,0.317,177,98,82,77,0.452,0.233,0.537,0.416,0.298,0.218,84,78,72,59
0.045,0.152,0.425,-0.42,0.180,0,0.5587,0.4458,0.406,0.318,0.584,0.231,0.780,0.595,0.399,0.317,177,98,82,77,0.452,0.233,0.537,0.416,0.298,0.218,84,78,72,59
0.070,0.131,0.289,1.42,0.221,0,0.5901,0.4609,0.172,-0.397,0.584,0.231,0.780,0.595,0.399,0.317,177,98,82,77,0.452,0.233,0.537,0.416,0.298,0.218,84,78,72,59
0.056,0.187,0.255,-0.48,0.134,0,0.6099,0.4718,0.299,0.007,0.584,0.231,0.780,0.595,0.399,0.317,177,98,82,77,0.452,0.233,0.537,0.416,0.298,0.218,84,78,72,59
0.055,0.184,0.472,1.37,0.298,0,0.6145,0.4725,0.180,-0.510,0.584,0.231,0.780,0.595,0.399,0.317,177,98,82,77,0.452,0.233,0.537,0.416,0.298,0.218,84,78,72,59
0.054,0.144,0.168,3.14,0.186,0,0.6231,0.4787,0.155,-0.486,0.584,0.231,0.780,0.595,0.399,0.317,177,98,82,77,0.452,0.233,0.537,0.416,0.298,0.218,84,78,72,59
0.044,0.215,0.275,-0.42,0.180,0,0.6098,0.4650,0.357,0.318,0.584,0.231,0.780,0.595,0.399,0.317,177,98,82,77,0.452,0.233,0.537,0.416,0.298,0.218,84,78,72,59
0.045,0.194,0.161,2.53,0.140,0,0.5823,0.4394,0.125,-0.121,0.584,0.231,0.780,0.595,0.399,0.317,177,98,82,77,0.452,0.233,0.537,0.416,0.298,0.218,84,78,72,59
0.056,0.282,0.445,-0.08,0.108,0,0.5386,0.3990,0.222,0.059,0.584,0.231,0.780,0.595,0.399,0.317,177,98,82,77,0.452,0.233,0.537,0.416,0.298,0.218,84,78,72,59
0.087,0.212,0.372,-1.14,0.131,0,0.4845,0.3524,0.414,0.987,0.584,0.231,0.780,0.595,0.399,0.317,177,98,82,77,0.452,0.233,0.537,0.416,0.298,0.218,84,78,72,59
0.087,0.272,0.128,-0.42,0.180,0,0.4311,0.3076,0.454,0.318,0.584,0.231,0.780,0.595,0.399,0.317,177,98,82,77,0.452,0.233,0.537,0.416,0.298,0.218,84,78,72,59
0.091,0.155,0.086,-0.79,0.151,-1,0.3919,0.2735,0.271,0.736,0.584,0.231,0.780,0.595,0.399,0.317,177,98,82,77,0.452,0.233,0.537,0.416,0.298,0.218,84,78,72,59
0.096,0.162,0.289,-1.19,0.219,1,0.3774,0.2585,0.467,0.586,0.584,0.231,0.780,0.595,0.399,0.317,177,98,82,77,0.452,0.233,0.537,0.416,0.298,0.218,84,78,72,59
0.075,0.136,0.056,-0.79,0.151,-1,0.3633,0.2457,0.415,0.736,0.584,0.231,0.780,0.595,0.399,0.317,177,98,82,77,0.452,0.233,0.537,0.416,0.298,0.218,84,78,72,59
0.085,0.117,0.001,0.85,0.046,0,0.3639,0.2451,0.050,0.06,0.584,0.231,0.780,0.595,0.399,0.317,177,98,82,77,0.452,0.233,0.537,0.416,0.298,0.218,84,78,72,59
0.077,0.128,0.043,3.14,0.186,0,0.3886,0.2603,0.086,-0.486,0.584,0.231,0.780,0.595,0.399,0.317,177,98,82,77,0.452,0.233,0.537,0.416,0.298,0.218,84,78,72,59
0.084,0.147,0.050,-0.79,0.151,-1,0.4025,0.2684,0.452,0.736,0.584,0.231,0.780,0.595,0.399,0.317,177,98,82,77,0.452,0.233,0.537,0.416,0.298,0.218,84,78,72,59
0.086,0.277,0.364,0.2,0.291,1,0.4018,0.2647,0.304,0.180,0.584,0.231,0.780,0.595,0.399,0.317,177,98,82,77,0.452,0.233,0.537,0.416,0.298,0.218,84,78,72,59
0.086,0.212,0.003,1.99,0.186,0,0.3850,0.2509,0.049,-0.326,0.584,0.231,0.780,0.595,0.399,0.317,177,98,82,77,0.452,0.233,0.537,0.416,0.298,0.218,84,78,72,59
0.088,0.244,0.158,-1.19,0.219,1,0.3507,0.2247,0.463,0.586,0.584,0.231,0.780,0.595,0.399,0.317,177,98,82,77,0.452,0.233,0.537,0.416,0.298,0.218,84,78,72,59
0.090,0.207,0.006,0.85,0.046,0,0.2963,0.1828,0.687,0.06,0.584,0.231,0.780,0.595,0.399,0.317,177,98,82,77,0.452,0.233,0.537,0.416,0.298,0.218,84,78,72,59
0.093,0.262,0.215,1.99,0.186,0,0.2333,0.1365,0.186,-0.326,0.584,0.231,0.780,0.595,0.399,0.317,177,98,82,77,0.452,0.233,0.537,0.416,0.298,0.218,84,78,72,59
0.102,0.329,0.072,0,0.000,0,0.1617,0.0875,0.464,0.166,0.584,0.231,0.780,0.595,0.399,0.317,177,98,82,77,0.452,0.233,0.537,0.416,0.298,0.218,84,78,72,59
0.067,0.320,0.313,1.69,0.290,0,0.1142,0.0580,0.144,-0.697,0.584,0.231,0.780,0.595,0.399,0.317,177,98,82,77,0.452,0.233,0.537,0.416,0.298,0.218,84,78,72,59
0.083,0.260,0.316,-1.14,0.131,0,0.0886,0.0451,0.304,0.987,0.584,0.231,0.780,0.595,0.399,0.317,177,98,82,77,0.452,0.233,0.537,0.416,0.298,0.218,84,78,72,59
0.085,0.293,0.300,-0.79,0.151,-1,0.0872,0.0476,0.377,0.736,0.584,0.231,0.780,0.595,0.399,0.317,177,98,82,77,0.452,0.233,0.537,0.416,0.298,0.218,84,78,72,59
0.071,0.244,0.378,-0.52,0.062,0,0.0791,0.0425,0.204,0.341,0.584,0.231,0.780,0.595,0.399,0.317,177,98,82,77,0.452,0.233,0.537,0.416,0.298,0.218,84,78,72,59
0.109,0.229,0.262,1.99,0.186,0,0.0914,0.0502,0.082,-0.326,0.584,0.231,0.780,0.595,0.399,0.317,177,98,82,77,0.452,0.233,0.537,0.416,0.298,0.218,84,78,72,59
0.089,0.205,0.055,2.53,0.140,0,0.1131,0.0593,0.080,-0.121,0.584,0.231,0.780,0.595,0.399,0.317,177,98,82,77,0.452,0.233,0.537,0.416,0.298,0.218,84,78,72,59
0.072,0.212,0.346,3.14,0.186,0,0.1483,0.0749,0.062,-0.486,0.584,0.231,0.780,0.595,0.399,0.317,177,98,82,77,0.452,0.233,0.537,0.416,0.298,0.218,84,78,72,59
0.048,0.258,0.346,-0.42,0.180,0,0.1795,0.0870,0.163,0.318,0.584,0.231,0.780,0.595,0.399,0.317,177,98,82,77,0.452,0.233,0.537,0.416,0.298,0.218,84,78,72,59
0.047,0.250,0.246,0.85,0.046,0,0.1947,0.0909,0.044,0.06,0.584,0.231,0.780,0.595,0.399,0.317,177,98,82,77,0.452,0.233,0.537,0.416,0.298,0.218,84,78,72,59
0.048,0.322,0.205,1.37,0.298,0,0.1874,0.0847,0.103,-0.510,0.584,0.231,0.780,0.595,0.399,0.317,177,98,82,77,0.452,0.233,0.537,0.416,0.298,0.218,84,78,72,59
0.047,0.219,0.162,1.69,0.290,0,0.1769,0.0770,0.099,-0.697,0.584,0.231,0.780,0.595,0.399,0.317,177,98,82,77,0.452,0.233,0.537,0.416,0.298,0.218,84,78,72,59
0.049,0.185,0.235,0.85,0.046,0,0.1645,0.0694,0.141,0.06,0.584,0.231,0.780,0.595,0.399,0.317,177,98,82,77,0.452,0.233,0.537,0.416,0.298,0.218,84,78,72,59
0.041,0.175,0.448,2.1,0.128,0,0.1503,0.0626,0.079,0.02,0.584,0.231,0.780,0.595,0.399,0.317,177,98,82,77,0.452,0.233,0.537,0.416,0.298,0.218,84,78,72,59
0.051,0.226,0.286,-0.79,0.151,-1,0.1230,0.0515,0.323,0.736,0.584,0.231,0.780,0.595,0.399,0.317,177,98,82,77,0.452,0.233,0.537,0.416,0.298,0.218,84,78,72,59
0.048,0.304,0.631,-1.19,0.219,1,0.1055,0.0435,0.449,0.586,0.584,0.231,0.780,0.595,0.399,0.317,177,98,82,77,0.452,0.233,0.537,0.416,0.298,0.218,84,78,72,59
0.051,0.397,0.517,-0.48,0.134,0,0.0986,0.0348,0.311,0.007,0.584,0.231,0.780,0.595,0.399,0.317,177,98,82,77,0.452,0.233,0.537,0.416,0.298,0.218,84,78,72,59
0.050,0.365,0.501,-0.79,0.151,-1,0.1063,0.0310,0.383,0.736,0.584,0.231,0.780,0.595,0.399,0.317,177,98,82,77,0.452,0.233,0.537,0.416,0.298,0.218,84,78,72,59
0.043,0.329,0.577,-0.48,0.134,0,0.1287,0.0345,0.359,0.007,0.584,0.231,0.780,0.595,0.399,0.317,177,98,82,77,0.452,0.233,0.537,0.416,0.298,0.218,84,78,72,59
0.036,0.226,0.314,1.99,0.186,0,0.1741,0.0526,0.129,-0.326,0.584,0.231,0.780,0.595,0.399,0.317,177,98,82,77,0.452,0.233,0.537,0.416,0.298,0.218,84,78,72,59
0.034,0.232,0.003,0.85,0.046,0,0.2312,0.0837,0.132,0.06,0.584,0.231,0.780,0.595,0.399,0.317,177,98,82,77,0.452,0.233,0.537,0.416,0.298,0.218,84,78,72,59
0.037,0.239,0.123,0.85,0.046,0,0.3052,0.1337,0.176,0.06,0.584,0.231,0.780,0.595,0.399,0.317,177,98,82,77,0.452,0.233,0.537,0.416,0.298,0.218,84,78,72,59
0.036,0.307,0.342,-0.48,0.134,0,0.3500,0.1797,0.251,0.007,0.584,0.231,0.780,0.595,0.399,0.317,177,98,82,77,0.452,0.233,0.537,0.416,0.298,0.218,84,78,72,59
0.033,0.288,0.299,1.69,0.290,0,0.3787,0.2298,0.126,-0.697,0.584,0.231,0.780,0.595,0.399,0.317,177,98,82,77,0.452,0.233,0.537,0.416,0.298,0.218,84,78,72,59
0.029,0.263,0.032,1.99,0.186,0,0.4010,0.2907,0.158,-0.326,0.584,0.231,0.780,0.595,0.399,0.317,177,98,82,77,0.452,0.233,0.537,0.416,0.298,0.218,84,78,72,59
0.035,0.220,0.081,1.99,0.186,0,0.4056,0.3510,0.192,-0.326,0.584,0.231,0.780,0.595,0.399,0.317,177,98,82,77,0.452,0.233,0.537,0.416,0.298,0.218,84,78,72,59
0.023,0.171,0.072,-0.52,0.062,0,0.3919,0.4078,0.271,0.341,0.584,0.231,0.780,0.595,0.399,0.317,177,98,82,77,0.452,0.233,0.537,0.416,0.298,0.218,84,78,72,59
0.026,0.125,0.118,-0.42,0.180,0,0.3627,0.4599,0.355,0.318,0.584,0.231,0.780,0.595,0.399,0.317,177,98,82,77,0.452,0.233,0.537,0.416,0.298,0.218,84,78,72,59
0.031,0.118,0.025,-0.48,0.134,0,0.3240,0.5083,0.414,0.007,0.584,0.231,0.780,0.595,0.399,0.317,177,98,82,77,0.452,0.233,0.537,0.416,0.298,0.218,84,78,72,59
0.036,0.095,0.090,1.69,0.290,0,0.2863,0.5570,0.206,-0.697,0.584,0.231,0.780,0.595,0.399,0.317,177,98,82,77,0.452,0.233,0.537,0.416,0.298,0.218,84,78,72,59
0.032,0.067,0.073,-1.1,0.105,-1,0.2652,0.6136,0.508,0.192,0.584,0.231,0.780,0.595,0.399,0.317,177,98,82,77,0.452,0.233,0.537,0.416,0.298,0.218,84,78,72,59
0.028,0.051,0.066,-1.1,0.105,-1,0.2815,0.6902,0.561,0.192,0.584,0.231,0.780,0.595,0.399,0.317,177,98,82,77,0.452,0.233,0.537,0.416,0.298,0.218,84,78,72,59
0.023,0.041,0.095,-0.79,0.151,-1,0.3626,0.8037,0.801,0.736,0.584,0.231,0.780,0.595,0.399,0.317,177,98,82,77,0.452,0.233,0.537,0.416,0.298,0.218,84,78,72,59
