0.099,0.165,0.433,1.42,0.221,0,0.3436,0.9210,0.624,-0.397,0.229,0.129,0.147,0.025,0.002,0.000,25,9,1,0,0.222,0.170,0.140,0.065,0.037,0.027,31,10,8,6
0.103,0.234,0.501,-0.42,0.180,0,0.2591,0.8405,0.449,0.318,0.229,0.129,0.147,0.025,0.002,0.000,25,9,1,0,0.222,0.170,0.140,0.065,0.037,0.027,31,10,8,6
0.151,0.251,0.343,2.53,0.140,0,0.2583,0.8008,0.133,-0.121,0.229,0.129,0.147,0.025,0.002,0.000,25,9,1,0,0.222,0.170,0.140,0.065,0.037,0.027,31,10,8,6
0.163,0.769,0.612,-0.52,0.062,0,0.3003,0.7784,0.167,0.341,0.229,0.129,0.147,0.025,0.002,0.000,25,9,1,0,0.222,0.170,0.140,0.065,0.037,0.027,31,10,8,6
0.172,0.252,0.390,3.14,0.186,0,0.3563,0.7577,0.128,-0.486,0.229,0.129,0.147,0.025,0.002,0.000,25,9,1,0,0.222,0.170,0.140,0.065,0.037,0.027,31,10,8,6
0.139,0.763,0.394,0.85,0.046,0,0.4069,0.7296,0.166,0.06,0.229,0.129,0.147,0.025,0.002,0.000,25,9,1,0,0.222,0.170,0.140,0.065,0.037,0.027,31,10,8,6
0.144,0.720,0.342,2.1,0.128,0,0.4414,0.6905,0.063,0.02,0.229,0.129,0.147,0.025,0.002,0.000,25,9,1,0,0.222,0.170,0.140,0.065,0.037,0.027,31,10,8,6
0.115,0.778,0.581,-0.08,0.108,0,0.4562,0.6412,0.195,0.059,0.229,0.129,0.147,0.025,0.002,0.000,25,9,1,0,0.222,0.170,0.140,0.065,0.037,0.027,31,10,8,6
0.112,0.687,0.498,-0.79,0.151,-1,0.4529,0.5856,0.307,0.736,0.229,0.129,0.147,0.025,0.002,0.000,25,9,1,0,0.222,0.170,0.140,0.065,0.037,0.027,31,10,8,6
0.119,0.744,0.673,0.22,0.230,0,0.4370,0.5295,0.288,0.303,0.229,0.129,0.147,0.025,0.002,0.000,25,9,1,0,0.222,0.170,0.140,0.065,0.037,0.027,31,10,8,6
0.121,0.735,0.701,-0.48,0.134,0,0.4204,0.4866,0.263,0.007,0.229,0.129,0.147,0.025,0.002,0.000,25,9,1,0,0.222,0.170,0.140,0.065,0.037,0.027,31,10,8,6
0.115,0.399,0.268,1.99,0.186,0,0.4137,0.4565,0.147,-0.326,0.229,0.129,0.147,0.025,0.002,0.000,25,9,1,0,0.222,0.170,0.140,0.065,0.037,0.027,31,10,8,6
0.125,0.743,0.749,-1.19,0.219,1,0.4110,0.4388,0.443,0.586,0.229,0.129,0.147,0.025,0.002,0.000,25,9,1,0,0.222,0.170,0.140,0.065,0.037,0.027,31,10,8,6
0.154,0.361,0.668,-0.52,0.062,0,0.4286,0.4419,0.280,0.341,0.229,0.129,0.147,0.025,0.002,0.000,25,9,1,0,0.222,0.170,0.140,0.065,0.037,0.027,31,10,8,6
0.143,0.764,0.792,0.2,0.291,1,0.4590,0.4591,0.383,0.180,0.229,0.129,0.147,0.025,0.002,0.000,25,9,1,0,0.222,0.170,0.140,0.065,0.037,0.027,31,10,8,6
0.153,0.715,0.711,-0.48,0.134,0,0.4941,0.4839,0.432,0.007,0.229,0.129,0.147,0.025,0.002,0.000,25,9,1,0,0.222,0.170,0.140,0.065,0.037,0.027,31,10,8,6
0.160,0.397,0.634,0,0.000,0,0.5330,0.5117,0.253,0.166,0.229,0.129,0.147,0.025,0.002,0.000,25,9,1,0,0.222,0.170,0.140,0.065,0.037,0.027,31,10,8,6
0.148,0.378,0.328,-0.79,0.151,-1,0.5719,0.5398,0.407,0.736,0.229,0.129,0.147,0.025,0.002,0.000,25,9,1,0,0.222,0.170,0.140,0.065,0.037,0.027,31,10,8,6
0.156,0.404,0.476,-1.1,0.105,-1,0.5994,0.5564,0.329,0.192,0.229,0.129,0.147,0.025,0.002,0.000,25,9,1,0,0.222,0.170,0.140,0.065,0.037,0.027,31,10,8,6
0.182,0.568,0.754,0.2,0.291,1,0.6077,0.5573,0.319,0.180,0.229,0.129,0.147,0.025,0.002,0.000,25,9,1,0,0.222,0.170,0.140,0.065,0.037,0.027,31,10,8,6
0.145,0.374,0.107,1.99,0.186,0,0.5968,0.5441,0.158,-0.326,0.229,0.129,0.147,0.025,0.002,0.000,25,9,1,0,0.222,0.170,0.140,0.065,0.037,0.027,31,10,8,6
0.170,0.346,0.231,1.99,0.186,0,0.5840,0.5316,0.174,-0.326,0.229,0.129,0.147,0.025,0.002,0.000,25,9,1,0,0.222,0.170,0.140,0.065,0.037,0.027,31,10,8,6
0.171,0.422,0.418,-0.52,0.062,0,0.5714,0.5213,0.269,0.341,0.229,0.129,0.147,0.025,0.002,0.000,25,9,1,0,0.222,0.170,0.140,0.065,0.037,0.027,31,10,8,6
0.118,0.503,0.700,-1.19,0.219,1,0.5447,0.5006,0.396,0.586,0.229,0.129,0.147,0.025,0.002,0.000,25,9,1,0,0.222,0.170,0.140,0.065,0.037,0.027,31,10,8,6
0.113,0.495,0.714,-0.42,0.180,0,0.5134,0.4779,0.357,0.318,0.229,0.129,0.147,0.025,0.002,0.000,25,9,1,0,0.222,0.170,0.140,0.065,0.037,0.027,31,10,8,6
0.109,0.487,0.577,-0.52,0.062,0,0.4780,0.4524,0.289,0.341,0.229,0.129,0.147,0.025,0.002,0.000,25,9,1,0,0.222,0.170,0.140,0.065,0.037,0.027,31,10,8,6
0.134,0.474,0.625,-0.52,0.062,0,0.4523,0.4346,0.360,0.341,0.229,0.129,0.147,0.025,0.002,0.000,25,9,1,0,0.222,0.170,0.140,0.065,0.037,0.027,31,10,8,6
0.132,0.706,0.652,-0.08,0.108,0,0.4298,0.4230,0.366,0.059,0.229,0.129,0.147,0.025,0.002,0.000,25,9,1,0,0.222,0.170,0.140,0.065,0.037,0.027,31,10,8,6
0.197,0.388,0.664,0.85,0.046,0,0.4188,0.4220,0.169,0.06,0.229,0.129,0.147,0.025,0.002,0.000,25,9,1,0,0.222,0.170,0.140,0.065,0.037,0.027,31,10,8,6
0.171,0.392,0.584,-1.14,0.131,0,0.4055,0.4167,0.328,0.987,0.229,0.129,0.147,0.025,0.002,0.000,25,9,1,0,0.222,0.170,0.140,0.065,0.037,0.027,31,10,8,6
0.171,0.743,0.670,-0.48,0.134,0,0.3835,0.4029,0.367,0.007,0.229,0.129,0.147,0.025,0.002,0.000,25,9,1,0,0.222,0.170,0.140,0.065,0.037,0.027,31,10,8,6
0.164,0.325,0.648,2.53,0.140,0,0.3680,0.3897,0.116,-0.121,0.229,0.129,0.147,0.025,0.002,0.000,25,9,1,0,0.222,0.170,0.140,0.065,0.037,0.027,31,10,8,6
0.164,0.310,0.667,2.53,0.140,0,0.3524,0.3740,0.124,-0.121,0.229,0.129,0.147,0.025,0.002,0.000,25,9,1,0,0.222,0.170,0.140,0.065,0.037,0.027,31,10,8,6
0.158,0.716,0.740,-0.48,0.134,0,0.3300,0.3521,0.302,0.007,0.229,0.129,0.147,0.025,0.002,0.000,25,9,1,0,0.222,0.170,0.140,0.065,0.037,0.027,31,10,8,6
0.125,0.341,0.612,0.85,0.046,0,0.3066,0.3293,0.158,0.06,0.229,0.129,0.147,0.025,0.002,0.000,25,9,1,0,0.222,0.170,0.140,0.065,0.037,0.027,31,10,8,6
0.126,0.685,0.615,0.85,0.046,0,0.2787,0.3042,0.087,0.06,0.229,0.129,0.147,0.025,0.002,0.000,25,9,1,0,0.222,0.170,0.140,0.065,0.037,0.027,31,10,8,6
0.120,0.813,0.709,0.2,0.291,1,0.2445,0.2737,0.313,0.180,0.229,0.129,0.147,0.025,0.002,0.000,25,9,1,0,0.222,0.170,0.140,0.065,0.037,0.027,31,10,8,6
0.119,0.411,0.529,0.85,0.046,0,0.2069,0.2436,0.250,0.06,0.229,0.129,0.147,0.025,0.002,0.000,25,9,1,0,0.222,0.170,0.140,0.065,0.037,0.027,31,10,8,6
0.131,0.754,0.720,-1.19,0.219,1,0.1637,0.2089,0.319,0.586,0.229,0.129,0.147,0.025,0.002,0.000,25,9,1,0,0.222,0.170,0.140,0.065,0.037,0.027,31,10,8,6
0.130,0.462,0.665,1.69,0.290,0,0.1346,0.1858,0.117,-0.697,0.229,0.129,0.147,0.025,0.002,0.000,25,9,1,0,0.222,0.170,0.140,0.065,0.037,0.027,31,10,8,6
0.139,0.681,0.831,0.2,0.291,1,0.1281,0.1829,0.299,0.180,0.229,0.129,0.147,0.025,0.002,0.000,25,9,1,0,0.222,0.170,0.140,0.065,0.037,0.027,31,10,8,6
0.155,0.552,0.665,-0.08,0.108,0,0.1326,0.1902,0.119,0.059,0.229,0.129,0.147,0.025,0.002,0.000,25,9,1,0,0.222,0.170,0.140,0.065,0.037,0.027,31,10,8,6
0.128,0.409,0.568,2.53,0.140,0,0.1402,0.2019,0.030,-0.121,0.229,0.129,0.147,0.025,0.002,0.000,25,9,1,0,0.222,0.170,0.140,0.065,0.037,0.027,31,10,8,6
0.122,0.419,0.667,0.85,0.046,0,0.1477,0.2129,0.061,0.06,0.229,0.129,0.147,0.025,0.002,0.000,25,9,1,0,0.222,0.170,0.140,0.065,0.037,0.027,31,10,8,6
0.138,0.351,0.538,3.14,0.186,0,0.1579,0.2266,0.059,-0.486,0.229,0.129,0.147,0.025,0.002,0.000,25,9,1,0,0.222,0.170,0.140,0.065,0.037,0.027,31,10,8,6
0.132,0.337,0.371,3.14,0.186,0,0.1704,0.2393,0.048,-0.486,0.229,0.129,0.147,0.025,0.002,0.000,25,9,1,0,0.222,0.170,0.140,0.065,0.037,0.027,31,10,8,6
0.141,0.313,0.412,0.85,0.046,0,0.1829,0.2528,0.023,0.06,0.229,0.129,0.147,0.025,0.002,0.000,25,9,1,0,0.222,0.170,0.140,0.065,0.037,0.027,31,10,8,6
0.146,0.466,0.688,0.2,0.291,1,0.1913,0.2619,0.244,0.180,0.229,0.129,0.147,0.025,0.002,0.000,25,9,1,0,0.222,0.170,0.140,0.065,0.037,0.027,31,10,8,6
0.141,0.421,0.564,-0.52,0.062,0,0.1892,0.2605,0.131,0.341,0.229,0.129,0.147,0.025,0.002,0.000,25,9,1,0,0.222,0.170,0.140,0.065,0.037,0.027,31,10,8,6
0.120,0.332,0.350,1.99,0.186,0,0.1830,0.2527,0.129,-0.326,0.229,0.129,0.147,0.025,0.002,0.000,25,9,1,0,0.222,0.170,0.140,0.065,0.037,0.027,31,10,8,6
0.145,0.459,0.276,0,0.000,0,0.1810,0.2498,0.198,0.166,0.229,0.129,0.147,0.025,0.002,0.000,25,9,1,0,0.222,0.170,0.140,0.065,0.037,0.027,31,10,8,6
0.171,0.488,0.396,-0.08,0.108,0,0.1898,0.2556,0.296,0.059,0.229,0.129,0.147,0.025,0.002,0.000,25,9,1,0,0.222,0.170,0.140,0.065,0.037,0.027,31,10,8,6
0.148,0.435,0.291,1.69,0.290,0,0.2102,0.2725,0.164,-0.697,0.229,0.129,0.147,0.025,0.002,0.000,25,9,1,0,0.222,0.170,0.140,0.065,0.037,0.027,31,10,8,6
0.155,0.431,0.366,-0.08,0.108,0,0.2356,0.2937,0.239,0.059,0.229,0.129,0.147,0.025,0.002,0.000,25,9,1,0,0.222,0.170,0.140,0.065,0.037,0.027,31,10,8,6
0.147,0.334,0.410,-1.14,0.131,0,0.2847,0.3350,0.274,0.987,0.229,0.129,0.147,0.025,0.002,0.000,25,9,1,0,0.222,0.170,0.140,0.065,0.037,0.027,31,10,8,6
0.151,0.453,0.454,-0.42,0.180,0,0.3329,0.3754,0.404,0.318,0.229,0.129,0.147,0.025,0.002,0.000,25,9,1,0,0.222,0.170,0.140,0.065,0.037,0.027,31,10,8,6
0.190,0.423,0.432,0.22,0.230,0,0.3688,0.4041,0.206,0.303,0.229,0.129,0.147,0.025,0.002,0.000,25,9,1,0,0.222,0.170,0.140,0.065,0.037,0.027,31,10,8,6
0.183,0.381,0.314,0.22,0.230,0,0.4043,0.4293,0.247,0.303,0.229,0.129,0.147,0.025,0.002,0.000,25,9,1,0,0.222,0.170,0.140,0.065,0.037,0.027,31,10,8,6
0.168,0.255,0.408,3.14,0.186,0,0.4377,0.4505,0.148,-0.486,0.229,0.129,0.147,0.025,0.002,0.000,25,9,1,0,0.222,0.170,0.140,0.065,0.037,0.027,31,10,8,6
0.164,0.284,0.354,-0.52,0.062,0,0.4626,0.4646,0.230,0.341,0.229,0.129,0.147,0.025,0.002,0.000,25,9,1,0,0.222,0.170,0.140,0.065,0.037,0.027,31,10,8,6
0.171,0.203,0.206,1.99,0.186,0,0.4789,0.4738,0.116,-0.326,0.229,0.129,0.147,0.025,0.002,0.000,25,9,1,0,0.222,0.170,0.140,0.065,0.037,0.027,31,10,8,6
0.205,0.275,0.442,-1.19,0.219,1,0.4750,0.4662,0.412,0.586,0.229,0.129,0.147,0.025,0.002,0.000,25,9,1,0,0.222,0.170,0.140,0.065,0.037,0.027,31,10,8,6
0.193,0.197,0.412,-0.79,0.151,-1,0.4725,0.4624,0.347,0.736,0.229,0.129,0.147,0.025,0.002,0.000,25,9,1,0,0.222,0.170,0.140,0.065,0.037,0.027,31,10,8,6
0.237,0.339,0.581,-0.52,0.062,0,0.4557,0.4446,0.270,0.341,0.229,0.129,0.147,0.025,0.002,0.000,25,9,1,0,0.222,0.170,0.140,0.065,0.037,0.027,31,10,8,6
0.214,0.366,0.599,-0.08,0.108,0,0.4417,0.4319,0.289,0.059,0.229,0.129,0.147,0.025,0.002,0.000,25,9,1,0,0.222,0.170,0.140,0.065,0.037,0.027,31,10,8,6
0.222,0.282,0.457,0.85,0.046,0,0.4305,0.4217,0.219,0.06,0.229,0.129,0.147,0.025,0.002,0.000,25,9,1,0,0.222,0.170,0.140,0.065,0.037,0.027,31,10,8,6
0.233,0.398,0.532,-1.19,0.219,1,0.4208,0.4126,0.469,0.586,0.229,0.129,0.147,0.025,0.002,0.000,25,9,1,0,0.222,0.170,0.140,0.065,0.037,0.027,31,10,8,6
0.263,0.338,0.504,-0.42,0.180,0,0.4201,0.4097,0.371,0.318,0.229,0.129,0.147,0.025,0.002,0.000,25,9,1,0,0.222,0.170,0.140,0.065,0.037,0.027,31,10,8,6
0.259,0.398,0.441,-0.08,0.108,0,0.4177,0.4056,0.237,0.059,0.229,0.129,0.147,0.025,0.002,0.000,25,9,1,0,0.222,0.170,0.140,0.065,0.037,0.027,31,10,8,6
0.269,0.400,0.353,0,0.000,0,0.4223,0.4066,0.352,0.166,0.229,0.129,0.147,0.025,0.002,0.000,25,9,1,0,0.222,0.170,0.140,0.065,0.037,0.027,31,10,8,6
0.257,0.410,0.450,1.42,0.221,0,0.4204,0.4030,0.196,-0.397,0.229,0.129,0.147,0.025,0.002,0.000,25,9,1,0,0.222,0.170,0.140,0.065,0.037,0.027,31,10,8,6
0.266,0.782,0.613,-1.19,0.219,1,0.4053,0.3878,0.374,0.586,0.229,0.129,0.147,0.025,0.002,0.000,25,9,1,0,0.222,0.170,0.140,0.065,0.037,0.027,31,10,8,6
0.221,0.749,0.436,1.37,0.298,0,0.3993,0.3811,0.093,-0.510,0.229,0.129,0.147,0.025,0.002,0.000,25,9,1,0,0.222,0.170,0.140,0.065,0.037,0.027,31,10,8,6
0.275,0.828,0.648,0.2,0.291,1,0.3790,0.3627,0.324,0.180,0.229,0.129,0.147,0.025,0.002,0.000,25,9,1,0,0.222,0.170,0.140,0.065,0.037,0.027,31,10,8,6
0.270,0.771,0.661,-0.48,0.134,0,0.3401,0.3301,0.337,0.007,0.229,0.129,0.147,0.025,0.002,0.000,25,9,1,0,0.222,0.170,0.140,0.065,0.037,0.027,31,10,8,6
0.281,0.521,0.332,1.99,0.186,0,0.2993,0.2955,0.145,-0.326,0.229,0.129,0.147,0.025,0.002,0.000,25,9,1,0,0.222,0.170,0.140,0.065,0.037,0.027,31,10,8,6
0.284,0.727,0.531,0,0.000,0,0.2548,0.2573,0.237,0.166,0.229,0.129,0.147,0.025,0.002,0.000,25,9,1,0,0.222,0.170,0.140,0.065,0.037,0.027,31,10,8,6
0.236,0.767,0.665,-1.19,0.219,1,0.2154,0.2234,0.447,0.586,0.229,0.129,0.147,0.025,0.002,0.000,25,9,1,0,0.222,0.170,0.140,0.065,0.037,0.027,31,10,8,6
0.247,0.842,0.484,-0.52,0.062,0,0.1796,0.1921,0.270,0.341,0.229,0.129,0.147,0.025,0.002,0.000,25,9,1,0,0.222,0.170,0.140,0.065,0.037,0.027,31,10,8,6
0.247,0.671,0.298,0,0.000,0,0.1456,0.1623,0.247,0.166,0.229,0.129,0.147,0.025,0.002,0.000,25,9,1,0,0.222,0.170,0.140,0.065,0.037,0.027,31,10,8,6
0.175,0.638,0.299,1.99,0.186,0,0.1302,0.1484,0.065,-0.326,0.229,0.129,0.147,0.025,0.002,0.000,25,9,1,0,0.222,0.170,0.140,0.065,0.037,0.027,31,10,8,6
0.168,0.803,0.566,0.2,0.291,1,0.1140,0.1321,0.235,0.180,0.229,0.129,0.147,0.025,0.002,0.000,25,9,1,0,0.222,0.170,0.140,0.065,0.037,0.027,31,10,8,6
0.130,0.549,0.175,2.53,0.140,0,0.1048,0.1220,0.056,-0.121,0.229,0.129,0.147,0.025,0.002,0.000,25,9,1,0,0.222,0.170,0.140,0.065,0.037,0.027,31,10,8,6
0.120,0.649,0.168,-0.52,0.062,0,0.0935,0.1089,0.088,0.341,0.229,0.129,0.147,0.025,0.002,0.000,25,9,1,0,0.222,0.170,0.140,0.065,0.037,0.027,31,10,8,6
0.118,0.586,0.403,2.1,0.128,0,0.0887,0.1026,0.054,0.02,0.229,0.129,0.147,0.025,0.002,0.000,25,9,1,0,0.222,0.170,0.140,0.065,0.037,0.027,31,10,8,6
0.142,0.501,0.081,1.99,0.186,0,0.0901,0.1011,0.079,-0.326,0.229,0.129,0.147,0.025,0.002,0.000,25,9,1,0,0.222,0.170,0.140,0.065,0.037,0.027,31,10,8,6
0.138,0.616,0.276,0,0.000,0,0.0862,0.0944,0.104,0.166,0.229,0.129,0.147,0.025,0.002,0.000,25,9,1,0,0.222,0.170,0.140,0.065,0.037,0.027,31,10,8,6
0.132,0.564,0.165,1.99,0.186,0,0.0904,0.0954,0.145,-0.326,0.229,0.129,0.147,0.025,0.002,0.000,25,9,1,0,0.222,0.170,0.140,0.065,0.037,0.027,31,10,8,6
0.112,0.576,0.540,0,0.000,0,0.0930,0.0958,0.079,0.166,0.229,0.129,0.147,0.025,0.002,0.000,25,9,1,0,0.222,0.170,0.140,0.065,0.037,0.027,31,10,8,6
0.102,0.560,0.333,-0.08,0.108,0,0.0904,0.0915,0.086,0.059,0.229,0.129,0.147,0.025,0.002,0.000,25,9,1,0,0.222,0.170,0.140,0.065,0.037,0.027,31,10,8,6
0.081,0.509,0.611,1.76,0.409,0,0.0909,0.0900,0.144,-0.884,0.229,0.129,0.147,0.025,0.002,0.000,25,9,1,0,0.222,0.170,0.140,0.065,0.037,0.027,31,10,8,6
0.082,0.355,0.587,2.53,0.140,0,0.0945,0.0909,0.051,-0.121,0.229,0.129,0.147,0.025,0.002,0.000,25,9,1,0,0.222,0.170,0.140,0.065,0.037,0.027,31,10,8,6
0.079,0.498,0.410,-0.08,0.108,0,0.1091,0.0977,0.095,0.059,0.229,0.129,0.147,0.025,0.002,0.000,25,9,1,0,0.222,0.170,0.140,0.065,0.037,0.027,31,10,8,6
0.064,0.453,0.470,1.69,0.290,0,0.1246,0.1045,0.104,-0.697,0.229,0.129,0.147,0.025,0.002,0.000,25,9,1,0,0.222,0.170,0.140,0.065,0.037,0.027,31,10,8,6
0.063,0.375,0.400,0,0.000,0,0.1345,0.1073,0.189,0.166,0.229,0.129,0.147,0.025,0.002,0.000,25,9,1,0,0.222,0.170,0.140,0.065,0.037,0.027,31,10,8,6
0.061,0.338,0.392,0,0.000,0,0.1460,0.1091,0.153,0.166,0.229,0.129,0.147,0.025,0.002,0.000,25,9,1,0,0.222,0.170,0.140,0.065,0.037,0.027,31,10,8,6
0.064,0.426,0.203,-0.42,0.180,0,0.1469,0.1016,0.337,0.318,0.229,0.129,0.147,0.025,0.002,0.000,25,9,1,0,0.222,0.170,0.140,0.065,0.037,0.027,31,10,8,6
0.059,0.307,0.150,3.14,0.186,0,0.1442,0.0938,0.124,-0.486,0.229,0.129,0.147,0.025,0.002,0.000,25,9,1,0,0.222,0.170,0.140,0.065,0.037,0.027,31,10,8,6
0.058,0.259,0.271,-0.52,0.062,0,0.1451,0.0895,0.155,0.341,0.229,0.129,0.147,0.025,0.002,0.000,25,9,1,0,0.222,0.170,0.140,0.065,0.037,0.027,31,10,8,6
0.057,0.171,0.116,-1.1,0.105,-1,0.1608,0.0932,0.419,0.192,0.229,0.129,0.147,0.025,0.002,0.000,25,9,1,0,0.222,0.170,0.140,0.065,0.037,0.027,31,10,8,6
0.053,0.144,0.057,-0.79,0.151,-1,0.1757,0.0953,0.369,0.736,0.229,0.129,0.147,0.025,0.002,0.000,25,9,1,0,0.222,0.170,0.140,0.065,0.037,0.027,31,10,8,6
0.063,0.121,0.005,2.53,0.140,0,0.1853,0.0952,0.055,-0.121,0.229,0.129,0.147,0.025,0.002,0.000,25,9,1,0,0.222,0.170,0.140,0.065,0.037,0.027,31,10,8,6
0.067,0.124,0.001,0.85,0.046,0,0.1988,0.1006,0.072,0.06,0.229,0.129,0.147,0.025,0.002,0.000,25,9,1,0,0.222,0.170,0.140,0.065,0.037,0.027,31,10,8,6
0.072,0.147,0.011,-0.79,0.151,-1,0.2075,0.1030,0.425,0.736,0.229,0.129,0.147,0.025,0.002,0.000,25,9,1,0,0.222,0.170,0.140,0.065,0.037,0.027,31,10,8,6
0.088,0.214,0.025,0.2,0.291,1,0.2104,0.1033,0.241,0.180,0.229,0.129,0.147,0.025,0.002,0.000,25,9,1,0,0.222,0.170,0.140,0.065,0.037,0.027,31,10,8,6
0.072,0.177,0.004,1.99,0.186,0,0.2136,0.1038,0.029,-0.326,0.229,0.129,0.147,0.025,0.002,0.000,25,9,1,0,0.222,0.170,0.140,0.065,0.037,0.027,31,10,8,6
0.071,0.192,0.004,1.42,0.221,0,0.2113,0.1012,0.106,-0.397,0.229,0.129,0.147,0.025,0.002,0.000,25,9,1,0,0.222,0.170,0.140,0.065,0.037,0.027,31,10,8,6
0.060,0.243,0.169,-0.08,0.108,0,0.2048,0.0949,0.325,0.059,0.229,0.129,0.147,0.025,0.002,0.000,25,9,1,0,0.222,0.170,0.140,0.065,0.037,0.027,31,10,8,6
0.059,0.259,0.028,3.14,0.186,0,0.1875,0.0833,0.067,-0.486,0.229,0.129,0.147,0.025,0.002,0.000,25,9,1,0,0.222,0.170,0.140,0.065,0.037,0.027,31,10,8,6
0.053,0.267,0.010,0.85,0.046,0,0.1611,0.0680,0.053,0.06,0.229,0.129,0.147,0.025,0.002,0.000,25,9,1,0,0.222,0.170,0.140,0.065,0.037,0.027,31,10,8,6
0.055,0.420,0.114,1.37,0.298,0,0.1488,0.0612,0.182,-0.510,0.229,0.129,0.147,0.025,0.002,0.000,25,9,1,0,0.222,0.170,0.140,0.065,0.037,0.027,31,10,8,6
0.055,0.313,0.089,-0.79,0.151,-1,0.1332,0.0540,0.402,0.736,0.229,0.129,0.147,0.025,0.002,0.000,25,9,1,0,0.222,0.170,0.140,0.065,0.037,0.027,31,10,8,6
0.055,0.384,0.097,-0.52,0.062,0,0.1206,0.0487,0.190,0.341,0.229,0.129,0.147,0.025,0.002,0.000,25,9,1,0,0.222,0.170,0.140,0.065,0.037,0.027,31,10,8,6
0.049,0.394,0.082,0,0.000,0,0.1137,0.0450,0.282,0.166,0.229,0.129,0.147,0.025,0.002,0.000,25,9,1,0,0.222,0.170,0.140,0.065,0.037,0.027,31,10,8,6
0.061,0.343,0.041,2.53,0.140,0,0.1127,0.0441,0.122,-0.121,0.229,0.129,0.147,0.025,0.002,0.000,25,9,1,0,0.222,0.170,0.140,0.065,0.037,0.027,31,10,8,6
0.059,0.466,0.390,-0.48,0.134,0,0.1091,0.0422,0.263,0.007,0.229,0.129,0.147,0.025,0.002,0.000,25,9,1,0,0.222,0.170,0.140,0.065,0.037,0.027,31,10,8,6
0.060,0.341,0.306,1.99,0.186,0,0.1083,0.0433,0.094,-0.326,0.229,0.129,0.147,0.025,0.002,0.000,25,9,1,0,0.222,0.170,0.140,0.065,0.037,0.027,31,10,8,6
0.072,0.450,0.142,1.69,0.290,0,0.1186,0.0499,0.128,-0.697,0.229,0.129,0.147,0.025,0.002,0.000,25,9,1,0,0.222,0.170,0.140,0.065,0.037,0.027,31,10,8,6
0.077,0.407,0.252,-1.1,0.105,-1,0.1299,0.0558,0.226,0.192,0.229,0.129,0.147,0.025,0.002,0.000,25,9,1,0,0.222,0.170,0.140,0.065,0.037,0.027,31,10,8,6
0.064,0.349,0.145,-0.08,0.108,0,0.1376,0.0588,0.140,0.059,0.229,0.129,0.147,0.025,0.002,0.000,25,9,1,0,0.222,0.170,0.140,0.065,0.037,0.027,31,10,8,6
0.063,0.308,0.143,0.85,0.046,0,0.1372,0.0583,0.180,0.06,0.229,0.129,0.147,0.025,0.002,0.000,25,9,1,0,0.222,0.170,0.140,0.065,0.037,0.027,31,10,8,6
0.070,0.296,0.272,-0.79,0.151,-1,0.1284,0.0545,0.280,0.736,0.229,0.129,0.147,0.025,0.002,0.000,25,9,1,0,0.222,0.170,0.140,0.065,0.037,0.027,31,10,8,6
0.086,0.256,0.195,2.53,0.140,0,0.1100,0.0472,0.094,-0.121,0.229,0.129,0.147,0.025,0.002,0.000,25,9,1,0,0.222,0.170,0.140,0.065,0.037,0.027,31,10,8,6
0.083,0.434,0.631,1.37,0.298,0,0.0937,0.0396,0.161,-0.510,0.229,0.129,0.147,0.025,0.002,0.000,25,9,1,0,0.222,0.170,0.140,0.065,0.037,0.027,31,10,8,6
0.086,0.309,0.281,0.85,0.046,0,0.0830,0.0349,0.240,0.06,0.229,0.129,0.147,0.025,0.002,0.000,25,9,1,0,0.222,0.170,0.140,0.065,0.037,0.027,31,10,8,6
0.083,0.297,0.220,0.85,0.046,0,0.0807,0.0339,0.280,0.06,0.229,0.129,0.147,0.025,0.002,0.000,25,9,1,0,0.222,0.170,0.140,0.065,0.037,0.027,31,10,8,6
0.097,0.387,0.379,0,0.000,0,0.0769,0.0322,0.251,0.166,0.229,0.129,0.147,0.025,0.002,0.000,25,9,1,0,0.222,0.170,0.140,0.065,0.037,0.027,31,10,8,6
0.121,0.539,0.326,-1.19,0.219,1,0.0706,0.0285,0.353,0.586,0.229,0.129,0.147,0.025,0.002,0.000,25,9,1,0,0.222,0.170,0.140,0.065,0.037,0.027,31,10,8,6
0.179,0.438,0.100,0.85,0.046,0,0.0759,0.0306,0.093,0.06,0.229,0.129,0.147,0.025,0.002,0.000,25,9,1,0,0.222,0.170,0.140,0.065,0.037,0.027,31,10,8,6
0.225,0.414,0.205,-0.79,0.151,-1,0.0827,0.0348,0.204,0.736,0.229,0.129,0.147,0.025,0.002,0.000,25,9,1,0,0.222,0.170,0.140,0.065,0.037,0.027,31,10,8,6
0.239,0.493,0.179,2.53,0.140,0,0.0984,0.0453,0.124,-0.121,0.229,0.129,0.147,0.025,0.002,0.000,25,9,1,0,0.222,0.170,0.140,0.065,0.037,0.027,31,10,8,6
0.171,0.303,0.007,3.14,0.186,0,0.1103,0.0541,0.075,-0.486,0.229,0.129,0.147,0.025,0.002,0.000,25,9,1,0,0.222,0.170,0.140,0.065,0.037,0.027,31,10,8,6
0.214,0.571,0.001,1.99,0.186,0,0.1247,0.0650,0.071,-0.326,0.229,0.129,0.147,0.025,0.002,0.000,25,9,1,0,0.222,0.170,0.140,0.065,0.037,0.027,31,10,8,6
0.221,0.678,0.029,0,0.000,0,0.1314,0.0714,0.106,0.166,0.229,0.129,0.147,0.025,0.002,0.000,25,9,1,0,0.222,0.170,0.140,0.065,0.037,0.027,31,10,8,6
0.255,0.759,0.226,-0.52,0.062,0,0.1303,0.0739,0.142,0.341,0.229,0.129,0.147,0.025,0.002,0.000,25,9,1,0,0.222,0.170,0.140,0.065,0.037,0.027,31,10,8,6
0.264,0.690,0.009,3.14,0.186,0,0.1224,0.0717,0.085,-0.486,0.229,0.129,0.147,0.025,0.002,0.000,25,9,1,0,0.222,0.170,0.140,0.065,0.037,0.027,31,10,8,6
0.262,0.558,0.065,3.14,0.186,0,0.1209,0.0725,0.100,-0.486,0.229,0.129,0.147,0.025,0.002,0.000,25,9,1,0,0.222,0.170,0.140,0.065,0.037,0.027,31,10,8,6
0.258,0.735,0.299,-1.19,0.219,1,0.1232,0.0756,0.409,0.586,0.229,0.129,0.147,0.025,0.002,0.000,25,9,1,0,0.222,0.170,0.140,0.065,0.037,0.027,31,10,8,6
0.209,0.770,0.212,-1.19,0.219,1,0.1188,0.0751,0.448,0.586,0.229,0.129,0.147,0.025,0.002,0.000,25,9,1,0,0.222,0.170,0.140,0.065,0.037,0.027,31,10,8,6
0.199,0.768,0.271,-1.19,0.219,1,0.1038,0.0665,0.457,0.586,0.229,0.129,0.147,0.025,0.002,0.000,25,9,1,0,0.222,0.170,0.140,0.065,0.037,0.027,31,10,8,6
0.228,0.544,0.255,0,0.000,0,0.0866,0.0577,0.364,0.166,0.229,0.129,0.147,0.025,0.002,0.000,25,9,1,0,0.222,0.170,0.140,0.065,0.037,0.027,31,10,8,6
0.274,0.739,0.445,1.76,0.409,0,0.0754,0.0539,0.195,-0.884,0.229,0.129,0.147,0.025,0.002,0.000,25,9,1,0,0.222,0.170,0.140,0.065,0.037,0.027,31,10,8,6
0.278,0.777,0.462,0.2,0.291,1,0.0748,0.0579,0.376,0.180,0.229,0.129,0.147,0.025,0.002,0.000,25,9,1,0,0.222,0.170,0.140,0.065,0.037,0.027,31,10,8,6
0.254,0.760,0.619,0.2,0.291,1,0.0876,0.0727,0.331,0.180,0.229,0.129,0.147,0.025,0.002,0.000,25,9,1,0,0.222,0.170,0.140,0.065,0.037,0.027,31,10,8,6
0.180,0.611,0.163,-0.52,0.062,0,0.0945,0.0855,0.176,0.341,0.229,0.129,0.147,0.025,0.002,0.000,25,9,1,0,0.222,0.170,0.140,0.065,0.037,0.027,31,10,8,6
0.175,0.636,0.196,-0.52,0.062,0,0.0932,0.0915,0.110,0.341,0.229,0.129,0.147,0.025,0.002,0.000,25,9,1,0,0.222,0.170,0.140,0.065,0.037,0.027,31,10,8,6
0.183,0.573,0.010,1.99,0.186,0,0.0995,0.1027,0.067,-0.326,0.229,0.129,0.147,0.025,0.002,0.000,25,9,1,0,0.222,0.170,0.140,0.065,0.037,0.027,31,10,8,6
0.227,0.554,0.203,2.53,0.140,0,0.1122,0.1170,0.124,-0.121,0.229,0.129,0.147,0.025,0.002,0.000,25,9,1,0,0.222,0.170,0.140,0.065,0.037,0.027,31,10,8,6
0.188,0.587,0.049,3.14,0.186,0,0.1359,0.1371,0.061,-0.486,0.229,0.129,0.147,0.025,0.002,0.000,25,9,1,0,0.222,0.170,0.140,0.065,0.037,0.027,31,10,8,6
0.126,0.727,0.103,-0.08,0.108,0,0.1580,0.1537,0.093,0.059,0.229,0.129,0.147,0.025,0.002,0.000,25,9,1,0,0.222,0.170,0.140,0.065,0.037,0.027,31,10,8,6
0.096,0.653,0.326,-0.08,0.108,0,0.1743,0.1622,0.079,0.059,0.229,0.129,0.147,0.025,0.002,0.000,25,9,1,0,0.222,0.170,0.140,0.065,0.037,0.027,31,10,8,6
0.076,0.733,0.540,-1.19,0.219,1,0.1794,0.1600,0.212,0.586,0.229,0.129,0.147,0.025,0.002,0.000,25,9,1,0,0.222,0.170,0.140,0.065,0.037,0.027,31,10,8,6
0.116,0.551,0.107,1.99,0.186,0,0.1885,0.1600,0.084,-0.326,0.229,0.129,0.147,0.025,0.002,0.000,25,9,1,0,0.222,0.170,0.140,0.065,0.037,0.027,31,10,8,6
0.113,0.721,0.337,1.37,0.298,0,0.1955,0.1593,0.148,-0.510,0.229,0.129,0.147,0.025,0.002,0.000,25,9,1,0,0.222,0.170,0.140,0.065,0.037,0.027,31,10,8,6
0.109,0.729,0.546,1.76,0.409,0,0.2057,0.1633,0.174,-0.884,0.229,0.129,0.147,0.025,0.002,0.000,25,9,1,0,0.222,0.170,0.140,0.065,0.037,0.027,31,10,8,6
0.109,0.473,0.369,0,0.000,0,0.2231,0.1755,0.193,0.166,0.229,0.129,0.147,0.025,0.002,0.000,25,9,1,0,0.222,0.170,0.140,0.065,0.037,0.027,31,10,8,6
0.107,0.447,0.559,0,0.000,0,0.2368,0.1862,0.213,0.166,0.229,0.129,0.147,0.025,0.002,0.000,25,9,1,0,0.222,0.170,0.140,0.065,0.037,0.027,31,10,8,6
0.134,0.459,0.611,-1.19,0.219,1,0.2326,0.1829,0.412,0.586,0.229,0.129,0.147,0.025,0.002,0.000,25,9,1,0,0.222,0.170,0.140,0.065,0.037,0.027,31,10,8,6
0.143,0.297,0.182,0.85,0.046,0,0.2225,0.1750,0.249,0.06,0.229,0.129,0.147,0.025,0.002,0.000,25,9,1,0,0.222,0.170,0.140,0.065,0.037,0.027,31,10,8,6
0.143,0.294,0.166,-0.79,0.151,-1,0.2225,0.1768,0.309,0.736,0.229,0.129,0.147,0.025,0.002,0.000,25,9,1,0,0.222,0.170,0.140,0.065,0.037,0.027,31,10,8,6
0.147,0.342,0.445,-0.08,0.108,0,0.2343,0.1875,0.289,0.059,0.229,0.129,0.147,0.025,0.002,0.000,25,9,1,0,0.222,0.170,0.140,0.065,0.037,0.027,31,10,8,6
0.126,0.393,0.212,-0.79,0.151,-1,0.2496,0.2029,0.387,0.736,0.229,0.129,0.147,0.025,0.002,0.000,25,9,1,0,0.222,0.170,0.140,0.065,0.037,0.027,31,10,8,6
0.104,0.792,0.626,0.2,0.291,1,0.2668,0.2198,0.380,0.180,0.229,0.129,0.147,0.025,0.002,0.000,25,9,1,0,0.222,0.170,0.140,0.065,0.037,0.027,31,10,8,6
0.104,0.754,0.242,0,0.000,0,0.2769,0.2284,0.295,0.166,0.229,0.129,0.147,0.025,0.002,0.000,25,9,1,0,0.222,0.170,0.140,0.065,0.037,0.027,31,10,8,6
0.144,0.763,0.179,1.99,0.186,0,0.2984,0.2440,0.202,-0.326,0.229,0.129,0.147,0.025,0.002,0.000,25,9,1,0,0.222,0.170,0.140,0.065,0.037,0.027,31,10,8,6
0.207,0.748,0.453,-0.52,0.062,0,0.3171,0.2576,0.269,0.341,0.229,0.129,0.147,0.025,0.002,0.000,25,9,1,0,0.222,0.170,0.140,0.065,0.037,0.027,31,10,8,6
0.212,0.778,0.566,0.2,0.291,1,0.3413,0.2782,0.285,0.180,0.229,0.129,0.147,0.025,0.002,0.000,25,9,1,0,0.222,0.170,0.140,0.065,0.037,0.027,31,10,8,6
0.208,0.777,0.439,-1.19,0.219,1,0.3549,0.2923,0.440,0.586,0.229,0.129,0.147,0.025,0.002,0.000,25,9,1,0,0.222,0.170,0.140,0.065,0.037,0.027,31,10,8,6
0.165,0.454,0.415,0.22,0.230,0,0.3439,0.2871,0.205,0.303,0.229,0.129,0.147,0.025,0.002,0.000,25,9,1,0,0.222,0.170,0.140,0.065,0.037,0.027,31,10,8,6
0.170,0.299,0.001,3.14,0.186,0,0.3105,0.2660,0.094,-0.486,0.229,0.129,0.147,0.025,0.002,0.000,25,9,1,0,0.222,0.170,0.140,0.065,0.037,0.027,31,10,8,6
0.205,0.270,0.168,3.14,0.186,0,0.2711,0.2411,0.098,-0.486,0.229,0.129,0.147,0.025,0.002,0.000,25,9,1,0,0.222,0.170,0.140,0.065,0.037,0.027,31,10,8,6
0.208,0.352,0.002,-0.79,0.151,-1,0.2275,0.2164,0.405,0.736,0.229,0.129,0.147,0.025,0.002,0.000,25,9,1,0,0.222,0.170,0.140,0.065,0.037,0.027,31,10,8,6
0.248,0.386,0.006,0,0.000,0,0.1861,0.1946,0.175,0.166,0.229,0.129,0.147,0.025,0.002,0.000,25,9,1,0,0.222,0.170,0.140,0.065,0.037,0.027,31,10,8,6
0.200,0.428,0.001,1.99,0.186,0,0.1536,0.1762,0.098,-0.326,0.229,0.129,0.147,0.025,0.002,0.000,25,9,1,0,0.222,0.170,0.140,0.065,0.037,0.027,31,10,8,6
0.177,0.831,0.073,-1.19,0.219,1,0.1284,0.1597,0.434,0.586,0.229,0.129,0.147,0.025,0.002,0.000,25,9,1,0,0.222,0.170,0.140,0.065,0.037,0.027,31,10,8,6
0.178,0.798,0.243,0,0.000,0,0.1041,0.1409,0.324,0.166,0.229,0.129,0.147,0.025,0.002,0.000,25,9,1,0,0.222,0.170,0.140,0.065,0.037,0.027,31,10,8,6
0.163,0.798,0.313,-0.52,0.062,0,0.0763,0.1149,0.168,0.341,0.229,0.129,0.147,0.025,0.002,0.000,25,9,1,0,0.222,0.170,0.140,0.065,0.037,0.027,31,10,8,6
0.158,0.479,0.003,1.99,0.186,0,0.0612,0.0972,0.114,-0.326,0.229,0.129,0.147,0.025,0.002,0.000,25,9,1,0,0.222,0.170,0.140,0.065,0.037,0.027,31,10,8,6
0.128,0.730,0.160,-0.42,0.180,0,0.0547,0.0873,0.366,0.318,0.229,0.129,0.147,0.025,0.002,0.000,25,9,1,0,0.222,0.170,0.140,0.065,0.037,0.027,31,10,8,6
0.098,0.711,0.296,0.2,0.291,1,0.0518,0.0866,0.413,0.180,0.229,0.129,0.147,0.025,0.002,0.000,25,9,1,0,0.222,0.170,0.140,0.065,0.037,0.027,31,10,8,6
0.101,0.271,0.004,1.99,0.186,0,0.0497,0.0884,0.091,-0.326,0.229,0.129,0.147,0.025,0.002,0.000,25,9,1,0,0.222,0.170,0.140,0.065,0.037,0.027,31,10,8,6
0.088,0.278,0.063,-0.42,0.180,0,0.0512,0.0962,0.284,0.318,0.229,0.129,0.147,0.025,0.002,0.000,25,9,1,0,0.222,0.170,0.140,0.065,0.037,0.027,31,10,8,6
0.112,0.189,0.069,1.99,0.186,0,0.0698,0.1175,0.166,-0.326,0.229,0.129,0.147,0.025,0.002,0.000,25,9,1,0,0.222,0.170,0.140,0.065,0.037,0.027,31,10,8,6
0.105,0.210,0.051,-0.79,0.151,-1,0.0785,0.1323,0.338,0.736,0.229,0.129,0.147,0.025,0.002,0.000,25,9,1,0,0.222,0.170,0.140,0.065,0.037,0.027,31,10,8,6
0.101,0.257,0.239,1.37,0.298,0,0.1035,0.1615,0.164,-0.510,0.229,0.129,0.147,0.025,0.002,0.000,25,9,1,0,0.222,0.170,0.140,0.065,0.037,0.027,31,10,8,6
0.086,0.185,0.011,2.53,0.140,0,0.1315,0.1924,0.053,-0.121,0.229,0.129,0.147,0.025,0.002,0.000,25,9,1,0,0.222,0.170,0.140,0.065,0.037,0.027,31,10,8,6
0.070,0.223,0.137,-1.1,0.105,-1,0.1619,0.2210,0.194,0.192,0.229,0.129,0.147,0.025,0.002,0.000,25,9,1,0,0.222,0.170,0.140,0.065,0.037,0.027,31,10,8,6
0.063,0.212,0.006,2.53,0.140,0,0.1864,0.2423,0.061,-0.121,0.229,0.129,0.147,0.025,0.002,0.000,25,9,1,0,0.222,0.170,0.140,0.065,0.037,0.027,31,10,8,6
0.061,0.205,0.024,2.53,0.140,0,0.2042,0.2542,0.064,-0.121,0.229,0.129,0.147,0.025,0.002,0.000,25,9,1,0,0.222,0.170,0.140,0.065,0.037,0.027,31,10,8,6
0.066,0.266,0.126,1.69,0.290,0,0.2242,0.2666,0.066,-0.697,0.229,0.129,0.147,0.025,0.002,0.000,25,9,1,0,0.222,0.170,0.140,0.065,0.037,0.027,31,10,8,6
0.051,0.266,0.033,0.85,0.046,0,0.2374,0.2720,0.128,0.06,0.229,0.129,0.147,0.025,0.002,0.000,25,9,1,0,0.222,0.170,0.140,0.065,0.037,0.027,31,10,8,6
0.041,0.528,0.601,-0.48,0.134,0,0.2463,0.2718,0.228,0.007,0.229,0.129,0.147,0.025,0.002,0.000,25,9,1,0,0.222,0.170,0.140,0.065,0.037,0.027,31,10,8,6
0.041,0.484,0.719,0.2,0.291,1,0.2572,0.2725,0.250,0.180,0.229,0.129,0.147,0.025,0.002,0.000,25,9,1,0,0.222,0.170,0.140,0.065,0.037,0.027,31,10,8,6
0.041,0.377,0.382,-1.14,0.131,0,0.2686,0.2755,0.400,0.987,0.229,0.129,0.147,0.025,0.002,0.000,25,9,1,0,0.222,0.170,0.140,0.065,0.037,0.027,31,10,8,6
0.054,0.382,0.504,-1.1,0.105,-1,0.2786,0.2761,0.426,0.192,0.229,0.129,0.147,0.025,0.002,0.000,25,9,1,0,0.222,0.170,0.140,0.065,0.037,0.027,31,10,8,6
0.061,0.369,0.663,-0.52,0.062,0,0.2905,0.2771,0.349,0.341,0.229,0.129,0.147,0.025,0.002,0.000,25,9,1,0,0.222,0.170,0.140,0.065,0.037,0.027,31,10,8,6
0.064,0.372,0.514,-0.48,0.134,0,0.3127,0.2889,0.504,0.007,0.229,0.129,0.147,0.025,0.002,0.000,25,9,1,0,0.222,0.170,0.140,0.065,0.037,0.027,31,10,8,6
0.063,0.349,0.314,-0.08,0.108,0,0.3478,0.3138,0.305,0.059,0.229,0.129,0.147,0.025,0.002,0.000,25,9,1,0,0.222,0.170,0.140,0.065,0.037,0.027,31,10,8,6
0.068,0.253,0.284,-1.14,0.131,0,0.3741,0.3331,0.246,0.987,0.229,0.129,0.147,0.025,0.002,0.000,25,9,1,0,0.222,0.170,0.140,0.065,0.037,0.027,31,10,8,6
0.068,0.156,0.270,1.42,0.221,0,0.4066,0.3599,0.101,-0.397,0.229,0.129,0.147,0.025,0.002,0.000,25,9,1,0,0.222,0.170,0.140,0.065,0.037,0.027,31,10,8,6
0.081,0.151,0.199,-0.79,0.151,-1,0.4415,0.3874,0.369,0.736,0.229,0.129,0.147,0.025,0.002,0.000,25,9,1,0,0.222,0.170,0.140,0.065,0.037,0.027,31,10,8,6
0.068,0.149,0.129,-0.79,0.151,-1,0.4545,0.3958,0.272,0.736,0.229,0.129,0.147,0.025,0.002,0.000,25,9,1,0,0.222,0.170,0.140,0.065,0.037,0.027,31,10,8,6
0.078,0.153,0.050,3.14,0.186,0,0.4508,0.3901,0.033,-0.486,0.229,0.129,0.147,0.025,0.002,0.000,25,9,1,0,0.222,0.170,0.140,0.065,0.037,0.027,31,10,8,6
0.077,0.162,0.003,2.53,0.140,0,0.4248,0.3661,0.057,-0.121,0.229,0.129,0.147,0.025,0.002,0.000,25,9,1,0,0.222,0.170,0.140,0.065,0.037,0.027,31,10,8,6
0.084,0.288,0.178,0.2,0.291,1,0.3870,0.3319,0.349,0.180,0.229,0.129,0.147,0.025,0.002,0.000,25,9,1,0,0.222,0.170,0.140,0.065,0.037,0.027,31,10,8,6
0.088,0.188,0.005,0.85,0.046,0,0.3371,0.2897,0.077,0.06,0.229,0.129,0.147,0.025,0.002,0.000,25,9,1,0,0.222,0.170,0.140,0.065,0.037,0.027,31,10,8,6
0.087,0.246,0.006,1.42,0.221,0,0.2759,0.2373,0.034,-0.397,0.229,0.129,0.147,0.025,0.002,0.000,25,9,1,0,0.222,0.170,0.140,0.065,0.037,0.027,31,10,8,6
0.092,0.318,0.123,-0.08,0.108,0,0.2203,0.1897,0.127,0.059,0.229,0.129,0.147,0.025,0.002,0.000,25,9,1,0,0.222,0.170,0.140,0.065,0.037,0.027,31,10,8,6
0.066,0.437,0.032,0.22,0.230,0,0.1715,0.1494,0.261,0.303,0.229,0.129,0.147,0.025,0.002,0.000,25,9,1,0,0.222,0.170,0.140,0.065,0.037,0.027,31,10,8,6
0.071,0.297,0.003,2.53,0.140,0,0.1316,0.1174,0.085,-0.121,0.229,0.129,0.147,0.025,0.002,0.000,25,9,1,0,0.222,0.170,0.140,0.065,0.037,0.027,31,10,8,6
0.064,0.349,0.099,3.14,0.186,0,0.1119,0.1028,0.073,-0.486,0.229,0.129,0.147,0.025,0.002,0.000,25,9,1,0,0.222,0.170,0.140,0.065,0.037,0.027,31,10,8,6
0.084,0.441,0.033,-0.48,0.134,0,0.1103,0.1056,0.264,0.007,0.229,0.129,0.147,0.025,0.002,0.000,25,9,1,0,0.222,0.170,0.140,0.065,0.037,0.027,31,10,8,6
0.107,0.474,0.005,-0.42,0.180,0,0.1187,0.1154,0.281,0.318,0.229,0.129,0.147,0.025,0.002,0.000,25,9,1,0,0.222,0.170,0.140,0.065,0.037,0.027,31,10,8,6
0.076,0.454,0.052,0,0.000,0,0.1209,0.1192,0.168,0.166,0.229,0.129,0.147,0.025,0.002,0.000,25,9,1,0,0.222,0.170,0.140,0.065,0.037,0.027,31,10,8,6
0.080,0.442,0.346,1.42,0.221,0,0.1300,0.1288,0.093,-0.397,0.229,0.129,0.147,0.025,0.002,0.000,25,9,1,0,0.222,0.170,0.140,0.065,0.037,0.027,31,10,8,6
0.077,0.360,0.133,0.85,0.046,0,0.1374,0.1350,0.096,0.06,0.229,0.129,0.147,0.025,0.002,0.000,25,9,1,0,0.222,0.170,0.140,0.065,0.037,0.027,31,10,8,6
0.080,0.446,0.553,1.42,0.221,0,0.1389,0.1357,0.159,-0.397,0.229,0.129,0.147,0.025,0.002,0.000,25,9,1,0,0.222,0.170,0.140,0.065,0.037,0.027,31,10,8,6
0.062,0.538,0.545,1.37,0.298,0,0.1373,0.1338,0.140,-0.510,0.229,0.129,0.147,0.025,0.002,0.000,25,9,1,0,0.222,0.170,0.140,0.065,0.037,0.027,31,10,8,6
0.063,0.695,0.177,1.76,0.409,0,0.1367,0.1310,0.139,-0.884,0.229,0.129,0.147,0.025,0.002,0.000,25,9,1,0,0.222,0.170,0.140,0.065,0.037,0.027,31,10,8,6
0.061,0.706,0.436,0,0.000,0,0.1331,0.1255,0.104,0.166,0.229,0.129,0.147,0.025,0.002,0.000,25,9,1,0,0.222,0.170,0.140,0.065,0.037,0.027,31,10,8,6
0.049,0.715,0.315,-0.08,0.108,0,0.1277,0.1168,0.188,0.059,0.229,0.129,0.147,0.025,0.002,0.000,25,9,1,0,0.222,0.170,0.140,0.065,0.037,0.027,31,10,8,6
0.051,0.713,0.396,-0.52,0.062,0,0.1129,0.1011,0.137,0.341,0.229,0.129,0.147,0.025,0.002,0.000,25,9,1,0,0.222,0.170,0.140,0.065,0.037,0.027,31,10,8,6
0.054,0.730,0.717,0.2,0.291,1,0.0974,0.0863,0.280,0.180,0.229,0.129,0.147,0.025,0.002,0.000,25,9,1,0,0.222,0.170,0.140,0.065,0.037,0.027,31,10,8,6
0.059,0.642,0.430,1.76,0.409,0,0.0954,0.0811,0.196,-0.884,0.229,0.129,0.147,0.025,0.002,0.000,25,9,1,0,0.222,0.170,0.140,0.065,0.037,0.027,31,10,8,6
0.058,0.499,0.449,-0.52,0.062,0,0.0956,0.0765,0.142,0.341,0.229,0.129,0.147,0.025,0.002,0.000,25,9,1,0,0.222,0.170,0.140,0.065,0.037,0.027,31,10,8,6
0.055,0.372,0.278,0.85,0.046,0,0.1008,0.0749,0.069,0.06,0.229,0.129,0.147,0.025,0.002,0.000,25,9,1,0,0.222,0.170,0.140,0.065,0.037,0.027,31,10,8,6
0.057,0.279,0.277,1.42,0.221,0,0.1054,0.0752,0.177,-0.397,0.229,0.129,0.147,0.025,0.002,0.000,25,9,1,0,0.222,0.170,0.140,0.065,0.037,0.027,31,10,8,6
0.053,0.226,0.125,-0.79,0.151,-1,0.1096,0.0734,0.214,0.736,0.229,0.129,0.147,0.025,0.002,0.000,25,9,1,0,0.222,0.170,0.140,0.065,0.037,0.027,31,10,8,6
0.049,0.226,0.003,3.14,0.186,0,0.1195,0.0766,0.065,-0.486,0.229,0.129,0.147,0.025,0.002,0.000,25,9,1,0,0.222,0.170,0.140,0.065,0.037,0.027,31,10,8,6
0.060,0.217,0.094,1.42,0.221,0,0.1314,0.0817,0.126,-0.397,0.229,0.129,0.147,0.025,0.002,0.000,25,9,1,0,0.222,0.170,0.140,0.065,0.037,0.027,31,10,8,6
0.062,0.187,0.009,-0.79,0.151,-1,0.1457,0.0880,0.323,0.736,0.229,0.129,0.147,0.025,0.002,0.000,25,9,1,0,0.222,0.170,0.140,0.065,0.037,0.027,31,10,8,6
0.064,0.210,0.001,0.85,0.046,0,0.1404,0.0814,0.098,0.06,0.229,0.129,0.147,0.025,0.002,0.000,25,9,1,0,0.222,0.170,0.140,0.065,0.037,0.027,31,10,8,6
0.057,0.307,0.007,1.37,0.298,0,0.1363,0.0757,0.108,-0.510,0.229,0.129,0.147,0.025,0.002,0.000,25,9,1,0,0.222,0.170,0.140,0.065,0.037,0.027,31,10,8,6
0.053,0.230,0.034,-0.52,0.062,0,0.1290,0.0684,0.224,0.341,0.229,0.129,0.147,0.025,0.002,0.000,25,9,1,0,0.222,0.170,0.140,0.065,0.037,0.027,31,10,8,6
0.078,0.180,0.002,2.53,0.140,0,0.1283,0.0669,0.152,-0.121,0.229,0.129,0.147,0.025,0.002,0.000,25,9,1,0,0.222,0.170,0.140,0.065,0.037,0.027,31,10,8,6
0.076,0.195,0.001,0.85,0.046,0,0.1327,0.0688,0.128,0.06,0.229,0.129,0.147,0.025,0.002,0.000,25,9,1,0,0.222,0.170,0.140,0.065,0.037,0.027,31,10,8,6
0.061,0.252,0.268,0.2,0.291,1,0.1423,0.0755,0.333,0.180,0.229,0.129,0.147,0.025,0.002,0.000,25,9,1,0,0.222,0.170,0.140,0.065,0.037,0.027,31,10,8,6
0.056,0.229,0.042,-0.42,0.180,0,0.1502,0.0821,0.332,0.318,0.229,0.129,0.147,0.025,0.002,0.000,25,9,1,0,0.222,0.170,0.140,0.065,0.037,0.027,31,10,8,6
0.070,0.221,0.039,1.69,0.290,0,0.1577,0.0882,0.117,-0.697,0.229,0.129,0.147,0.025,0.002,0.000,25,9,1,0,0.222,0.170,0.140,0.065,0.037,0.027,31,10,8,6
0.058,0.241,0.003,-0.48,0.134,0,0.1510,0.0837,0.332,0.007,0.229,0.129,0.147,0.025,0.002,0.000,25,9,1,0,0.222,0.170,0.140,0.065,0.037,0.027,31,10,8,6
0.049,0.196,0.054,1.42,0.221,0,0.1489,0.0846,0.252,-0.397,0.229,0.129,0.147,0.025,0.002,0.000,25,9,1,0,0.222,0.170,0.140,0.065,0.037,0.027,31,10,8,6
0.066,0.194,0.134,3.14,0.186,0,0.1431,0.0826,0.166,-0.486,0.229,0.129,0.147,0.025,0.002,0.000,25,9,1,0,0.222,0.170,0.140,0.065,0.037,0.027,31,10,8,6
0.065,0.273,0.205,-1.14,0.131,0,0.1435,0.0871,0.202,0.987,0.229,0.129,0.147,0.025,0.002,0.000,25,9,1,0,0.222,0.170,0.140,0.065,0.037,0.027,31,10,8,6
0.060,0.341,0.032,-1.14,0.131,0,0.1439,0.0902,0.299,0.987,0.229,0.129,0.147,0.025,0.002,0.000,25,9,1,0,0.222,0.170,0.140,0.065,0.037,0.027,31,10,8,6
0.055,0.246,0.046,2.53,0.140,0,0.1414,0.0928,0.211,-0.121,0.229,0.129,0.147,0.025,0.002,0.000,25,9,1,0,0.222,0.170,0.140,0.065,0.037,0.027,31,10,8,6
0.057,0.235,0.006,2.1,0.128,0,0.1467,0.0999,0.097,0.02,0.229,0.129,0.147,0.025,0.002,0.000,25,9,1,0,0.222,0.170,0.140,0.065,0.037,0.027,31,10,8,6
0.046,0.216,0.143,-0.79,0.151,-1,0.1569,0.1102,0.389,0.736,0.229,0.129,0.147,0.025,0.002,0.000,25,9,1,0,0.222,0.170,0.140,0.065,0.037,0.027,31,10,8,6
0.055,0.312,0.434,-0.42,0.180,0,0.1689,0.1193,0.337,0.318,0.229,0.129,0.147,0.025,0.002,0.000,25,9,1,0,0.222,0.170,0.140,0.065,0.037,0.027,31,10,8,6
0.057,0.207,0.143,0.85,0.046,0,0.1881,0.1335,0.135,0.06,0.229,0.129,0.147,0.025,0.002,0.000,25,9,1,0,0.222,0.170,0.140,0.065,0.037,0.027,31,10,8,6
0.056,0.218,0.514,-0.79,0.151,-1,0.1980,0.1412,0.246,0.736,0.229,0.129,0.147,0.025,0.002,0.000,25,9,1,0,0.222,0.170,0.140,0.065,0.037,0.027,31,10,8,6
0.067,0.305,0.137,1.37,0.298,0,0.2033,0.1443,0.230,-0.510,0.229,0.129,0.147,0.025,0.002,0.000,25,9,1,0,0.222,0.170,0.140,0.065,0.037,0.027,31,10,8,6
0.062,0.325,0.320,0.22,0.230,0,0.2041,0.1438,0.265,0.303,0.229,0.129,0.147,0.025,0.002,0.000,25,9,1,0,0.222,0.170,0.140,0.065,0.037,0.027,31,10,8,6
0.064,0.236,0.137,1.99,0.186,0,0.2045,0.1428,0.142,-0.326,0.229,0.129,0.147,0.025,0.002,0.000,25,9,1,0,0.222,0.170,0.140,0.065,0.037,0.027,31,10,8,6
0.064,0.292,0.288,1.69,0.290,0,0.2013,0.1382,0.154,-0.697,0.229,0.129,0.147,0.025,0.002,0.000,25,9,1,0,0.222,0.170,0.140,0.065,0.037,0.027,31,10,8,6
0.054,0.299,0.324,-0.42,0.180,0,0.1990,0.1347,0.307,0.318,0.229,0.129,0.147,0.025,0.002,0.000,25,9,1,0,0.222,0.170,0.140,0.065,0.037,0.027,31,10,8,6
0.053,0.422,0.386,0.2,0.291,1,0.1924,0.1283,0.325,0.180,0.229,0.129,0.147,0.025,0.002,0.000,25,9,1,0,0.222,0.170,0.140,0.065,0.037,0.027,31,10,8,6
0.046,0.264,0.217,-0.79,0.151,-1,0.1748,0.1146,0.428,0.736,0.229,0.129,0.147,0.025,0.002,0.000,25,9,1,0,0.222,0.170,0.140,0.065,0.037,0.027,31,10,8,6
0.061,0.384,0.206,-1.19,0.219,1,0.1487,0.0955,0.415,0.586,0.229,0.129,0.147,0.025,0.002,0.000,25,9,1,0,0.222,0.170,0.140,0.065,0.037,0.027,31,10,8,6
0.080,0.268,0.004,2.53,0.140,0,0.1406,0.0889,0.119,-0.121,0.229,0.129,0.147,0.025,0.002,0.000,25,9,1,0,0.222,0.170,0.140,0.065,0.037,0.027,31,10,8,6
0.077,0.349,0.006,-0.79,0.151,-1,0.1335,0.0826,0.354,0.736,0.229,0.129,0.147,0.025,0.002,0.000,25,9,1,0,0.222,0.170,0.140,0.065,0.037,0.027,31,10,8,6
0.097,0.254,0.001,2.53,0.140,0,0.1373,0.0859,0.227,-0.121,0.229,0.129,0.147,0.025,0.002,0.000,25,9,1,0,0.222,0.170,0.140,0.065,0.037,0.027,31,10,8,6
0.109,0.350,0.000,-0.42,0.180,0,0.1433,0.0890,0.361,0.318,0.229,0.129,0.147,0.025,0.002,0.000,25,9,1,0,0.222,0.170,0.140,0.065,0.037,0.027,31,10,8,6
0.104,0.264,0.002,1.99,0.186,0,0.1532,0.0956,0.078,-0.326,0.229,0.129,0.147,0.025,0.002,0.000,25,9,1,0,0.222,0.170,0.140,0.065,0.037,0.027,31,10,8,6
0.105,0.226,0.028,-1.14,0.131,0,0.1639,0.1023,0.273,0.987,0.229,0.129,0.147,0.025,0.002,0.000,25,9,1,0,0.222,0.170,0.140,0.065,0.037,0.027,31,10,8,6
0.133,0.270,0.005,-0.79,0.151,-1,0.1730,0.1087,0.399,0.736,0.229,0.129,0.147,0.025,0.002,0.000,25,9,1,0,0.222,0.170,0.140,0.065,0.037,0.027,31,10,8,6
0.130,0.211,0.009,1.99,0.186,0,0.1756,0.1095,0.110,-0.326,0.229,0.129,0.147,0.025,0.002,0.000,25,9,1,0,0.222,0.170,0.140,0.065,0.037,0.027,31,10,8,6
0.087,0.291,0.067,1.37,0.298,0,0.1753,0.1094,0.135,-0.510,0.229,0.129,0.147,0.025,0.002,0.000,25,9,1,0,0.222,0.170,0.140,0.065,0.037,0.027,31,10,8,6
0.112,0.262,0.144,0.22,0.230,0,0.1699,0.1070,0.313,0.303,0.229,0.129,0.147,0.025,0.002,0.000,25,9,1,0,0.222,0.170,0.140,0.065,0.037,0.027,31,10,8,6
0.086,0.299,0.119,-1.19,0.219,1,0.1554,0.0999,0.358,0.586,0.229,0.129,0.147,0.025,0.002,0.000,25,9,1,0,0.222,0.170,0.140,0.065,0.037,0.027,31,10,8,6
0.086,0.196,0.025,3.14,0.186,0,0.1309,0.0852,0.094,-0.486,0.229,0.129,0.147,0.025,0.002,0.000,25,9,1,0,0.222,0.170,0.140,0.065,0.037,0.027,31,10,8,6
0.106,0.243,0.047,0,0.000,0,0.1094,0.0738,0.181,0.166,0.229,0.129,0.147,0.025,0.002,0.000,25,9,1,0,0.222,0.170,0.140,0.065,0.037,0.027,31,10,8,6
0.109,0.186,0.006,2.53,0.140,0,0.0941,0.0672,0.105,-0.121,0.229,0.129,0.147,0.025,0.002,0.000,25,9,1,0,0.222,0.170,0.140,0.065,0.037,0.027,31,10,8,6
0.115,0.248,0.089,0,0.000,0,0.0838,0.0634,0.138,0.166,0.229,0.129,0.147,0.025,0.002,0.000,25,9,1,0,0.222,0.170,0.140,0.065,0.037,0.027,31,10,8,6
0.113,0.230,0.059,0.85,0.046,0,0.0785,0.0623,0.140,0.06,0.229,0.129,0.147,0.025,0.002,0.000,25,9,1,0,0.222,0.170,0.140,0.065,0.037,0.027,31,10,8,6
0.115,0.229,0.040,1.42,0.221,0,0.0737,0.0607,0.107,-0.397,0.229,0.129,0.147,0.025,0.002,0.000,25,9,1,0,0.222,0.170,0.140,0.065,0.037,0.027,31,10,8,6
0.148,0.331,0.135,-0.08,0.108,0,0.0671,0.0583,0.147,0.059,0.229,0.129,0.147,0.025,0.002,0.000,25,9,1,0,0.222,0.170,0.140,0.065,0.037,0.027,31,10,8,6
0.152,0.412,0.588,1.76,0.409,0,0.0683,0.0605,0.132,-0.884,0.229,0.129,0.147,0.025,0.002,0.000,25,9,1,0,0.222,0.170,0.140,0.065,0.037,0.027,31,10,8,6
0.206,0.409,0.568,-0.52,0.062,0,0.0727,0.0647,0.107,0.341,0.229,0.129,0.147,0.025,0.002,0.000,25,9,1,0,0.222,0.170,0.140,0.065,0.037,0.027,31,10,8,6
0.174,0.304,0.293,-1.14,0.131,0,0.0842,0.0743,0.205,0.987,0.229,0.129,0.147,0.025,0.002,0.000,25,9,1,0,0.222,0.170,0.140,0.065,0.037,0.027,31,10,8,6
0.145,0.298,0.506,1.99,0.186,0,0.0903,0.0772,0.117,-0.326,0.229,0.129,0.147,0.025,0.002,0.000,25,9,1,0,0.222,0.170,0.140,0.065,0.037,0.027,31,10,8,6
0.126,0.283,0.211,0.85,0.046,0,0.0999,0.0838,0.076,0.06,0.229,0.129,0.147,0.025,0.002,0.000,25,9,1,0,0.222,0.170,0.140,0.065,0.037,0.027,31,10,8,6
0.126,0.301,0.416,2.1,0.128,0,0.1172,0.0964,0.065,0.02,0.229,0.129,0.147,0.025,0.002,0.000,25,9,1,0,0.222,0.170,0.140,0.065,0.037,0.027,31,10,8,6
0.126,0.370,0.507,0,0.000,0,0.1392,0.1142,0.069,0.166,0.229,0.129,0.147,0.025,0.002,0.000,25,9,1,0,0.222,0.170,0.140,0.065,0.037,0.027,31,10,8,6
0.118,0.375,0.454,3.14,0.186,0,0.1583,0.1297,0.084,-0.486,0.229,0.129,0.147,0.025,0.002,0.000,25,9,1,0,0.222,0.170,0.140,0.065,0.037,0.027,31,10,8,6
0.095,0.450,0.179,3.14,0.186,0,0.1771,0.1446,0.075,-0.486,0.229,0.129,0.147,0.025,0.002,0.000,25,9,1,0,0.222,0.170,0.140,0.065,0.037,0.027,31,10,8,6
0.096,0.719,0.619,-0.52,0.062,0,0.2093,0.1705,0.148,0.341,0.229,0.129,0.147,0.025,0.002,0.000,25,9,1,0,0.222,0.170,0.140,0.065,0.037,0.027,31,10,8,6
0.107,0.721,0.633,0,0.000,0,0.2345,0.1917,0.126,0.166,0.229,0.129,0.147,0.025,0.002,0.000,25,9,1,0,0.222,0.170,0.140,0.065,0.037,0.027,31,10,8,6
0.159,0.768,0.624,-1.19,0.219,1,0.2438,0.1992,0.342,0.586,0.229,0.129,0.147,0.025,0.002,0.000,25,9,1,0,0.222,0.170,0.140,0.065,0.037,0.027,31,10,8,6
0.152,0.704,0.505,1.37,0.298,0,0.2561,0.2102,0.233,-0.510,0.229,0.129,0.147,0.025,0.002,0.000,25,9,1,0,0.222,0.170,0.140,0.065,0.037,0.027,31,10,8,6
0.167,0.447,0.382,0,0.000,0,0.2680,0.2208,0.222,0.166,0.229,0.129,0.147,0.025,0.002,0.000,25,9,1,0,0.222,0.170,0.140,0.065,0.037,0.027,31,10,8,6
0.167,0.451,0.297,-0.48,0.134,0,0.2734,0.2293,0.363,0.007,0.229,0.129,0.147,0.025,0.002,0.000,25,9,1,0,0.222,0.170,0.140,0.065,0.037,0.027,31,10,8,6
0.202,0.366,0.098,0,0.000,0,0.2601,0.2240,0.266,0.166,0.229,0.129,0.147,0.025,0.002,0.000,25,9,1,0,0.222,0.170,0.140,0.065,0.037,0.027,31,10,8,6
0.202,0.351,0.003,2.53,0.140,0,0.2445,0.2169,0.227,-0.121,0.229,0.129,0.147,0.025,0.002,0.000,25,9,1,0,0.222,0.170,0.140,0.065,0.037,0.027,31,10,8,6
0.179,0.404,0.064,-1.14,0.131,0,0.2360,0.2156,0.293,0.987,0.229,0.129,0.147,0.025,0.002,0.000,25,9,1,0,0.222,0.170,0.140,0.065,0.037,0.027,31,10,8,6
0.178,0.307,0.002,-0.79,0.151,-1,0.2337,0.2203,0.449,0.736,0.229,0.129,0.147,0.025,0.002,0.000,25,9,1,0,0.222,0.170,0.140,0.065,0.037,0.027,31,10,8,6
0.128,0.456,0.127,-0.52,0.062,0,0.2262,0.2210,0.237,0.341,0.229,0.129,0.147,0.025,0.002,0.000,25,9,1,0,0.222,0.170,0.140,0.065,0.037,0.027,31,10,8,6
0.121,0.494,0.099,-0.52,0.062,0,0.2236,0.2275,0.191,0.341,0.229,0.129,0.147,0.025,0.002,0.000,25,9,1,0,0.222,0.170,0.140,0.065,0.037,0.027,31,10,8,6
0.146,0.747,0.566,0.2,0.291,1,0.2140,0.2268,0.372,0.180,0.229,0.129,0.147,0.025,0.002,0.000,25,9,1,0,0.222,0.170,0.140,0.065,0.037,0.027,31,10,8,6
0.096,0.334,0.111,0.85,0.046,0,0.2044,0.2264,0.159,0.06,0.229,0.129,0.147,0.025,0.002,0.000,25,9,1,0,0.222,0.170,0.140,0.065,0.037,0.027,31,10,8,6
0.113,0.360,0.301,-0.52,0.062,0,0.1991,0.2288,0.077,0.341,0.229,0.129,0.147,0.025,0.002,0.000,25,9,1,0,0.222,0.170,0.140,0.065,0.037,0.027,31,10,8,6
0.108,0.277,0.322,1.99,0.186,0,0.1974,0.2338,0.161,-0.326,0.229,0.129,0.147,0.025,0.002,0.000,25,9,1,0,0.222,0.170,0.140,0.065,0.037,0.027,31,10,8,6
0.127,0.417,0.448,-1.19,0.219,1,0.1917,0.2336,0.371,0.586,0.229,0.129,0.147,0.025,0.002,0.000,25,9,1,0,0.222,0.170,0.140,0.065,0.037,0.027,31,10,8,6
0.131,0.266,0.056,2.1,0.128,0,0.1852,0.2321,0.048,0.02,0.229,0.129,0.147,0.025,0.002,0.000,25,9,1,0,0.222,0.170,0.140,0.065,0.037,0.027,31,10,8,6
0.107,0.359,0.473,1.37,0.298,0,0.1800,0.2303,0.082,-0.510,0.229,0.129,0.147,0.025,0.002,0.000,25,9,1,0,0.222,0.170,0.140,0.065,0.037,0.027,31,10,8,6
0.091,0.323,0.322,-0.42,0.180,0,0.1788,0.2322,0.343,0.318,0.229,0.129,0.147,0.025,0.002,0.000,25,9,1,0,0.222,0.170,0.140,0.065,0.037,0.027,31,10,8,6
0.114,0.315,0.271,1.76,0.409,0,0.1776,0.2305,0.164,-0.884,0.229,0.129,0.147,0.025,0.002,0.000,25,9,1,0,0.222,0.170,0.140,0.065,0.037,0.027,31,10,8,6
0.113,0.197,0.002,1.99,0.186,0,0.1727,0.2243,0.052,-0.326,0.229,0.129,0.147,0.025,0.002,0.000,25,9,1,0,0.222,0.170,0.140,0.065,0.037,0.027,31,10,8,6
0.133,0.286,0.300,-1.19,0.219,1,0.1857,0.2311,0.295,0.586,0.229,0.129,0.147,0.025,0.002,0.000,25,9,1,0,0.222,0.170,0.140,0.065,0.037,0.027,31,10,8,6
0.124,0.199,0.038,-0.79,0.151,-1,0.2090,0.2482,0.450,0.736,0.229,0.129,0.147,0.025,0.002,0.000,25,9,1,0,0.222,0.170,0.140,0.065,0.037,0.027,31,10,8,6
0.119,0.308,0.419,0.2,0.291,1,0.2104,0.2473,0.278,0.180,0.229,0.129,0.147,0.025,0.002,0.000,25,9,1,0,0.222,0.170,0.140,0.065,0.037,0.027,31,10,8,6
0.096,0.179,0.003,3.14,0.186,0,0.2201,0.2525,0.097,-0.486,0.229,0.129,0.147,0.025,0.002,0.000,25,9,1,0,0.222,0.170,0.140,0.065,0.037,0.027,31,10,8,6
0.119,0.206,0.017,2.53,0.140,0,0.2485,0.2710,0.231,-0.121,0.229,0.129,0.147,0.025,0.002,0.000,25,9,1,0,0.222,0.170,0.140,0.065,0.037,0.027,31,10,8,6
0.096,0.272,0.260,-0.52,0.062,0,0.2935,0.3008,0.309,0.341,0.229,0.129,0.147,0.025,0.002,0.000,25,9,1,0,0.222,0.170,0.140,0.065,0.037,0.027,31,10,8,6
0.115,0.272,0.005,-0.79,0.151,-1,0.3293,0.3216,0.422,0.736,0.229,0.129,0.147,0.025,0.002,0.000,25,9,1,0,0.222,0.170,0.140,0.065,0.037,0.027,31,10,8,6
0.124,0.297,0.003,-0.79,0.151,-1,0.3620,0.3420,0.438,0.736,0.229,0.129,0.147,0.025,0.002,0.000,25,9,1,0,0.222,0.170,0.140,0.065,0.037,0.027,31,10,8,6
0.128,0.279,0.003,0,0.000,0,0.3864,0.3554,0.293,0.166,0.229,0.129,0.147,0.025,0.002,0.000,25,9,1,0,0.222,0.170,0.140,0.065,0.037,0.027,31,10,8,6
0.190,0.753,0.339,0.2,0.291,1,0.4142,0.3702,0.404,0.180,0.229,0.129,0.147,0.025,0.002,0.000,25,9,1,0,0.222,0.170,0.140,0.065,0.037,0.027,31,10,8,6
0.183,0.419,0.119,-1.19,0.219,1,0.4365,0.3799,0.477,0.586,0.229,0.129,0.147,0.025,0.002,0.000,25,9,1,0,0.222,0.170,0.140,0.065,0.037,0.027,31,10,8,6
0.146,0.302,0.018,-0.42,0.180,0,0.4608,0.3922,0.283,0.318,0.229,0.129,0.147,0.025,0.002,0.000,25,9,1,0,0.222,0.170,0.140,0.065,0.037,0.027,31,10,8,6
0.178,0.344,0.021,-0.42,0.180,0,0.4754,0.3956,0.341,0.318,0.229,0.129,0.147,0.025,0.002,0.000,25,9,1,0,0.222,0.170,0.140,0.065,0.037,0.027,31,10,8,6
0.142,0.292,0.022,-0.48,0.134,0,0.4757,0.3892,0.362,0.007,0.229,0.129,0.147,0.025,0.002,0.000,25,9,1,0,0.222,0.170,0.140,0.065,0.037,0.027,31,10,8,6
0.150,0.363,0.002,-1.19,0.219,1,0.4606,0.3724,0.373,0.586,0.229,0.129,0.147,0.025,0.002,0.000,25,9,1,0,0.222,0.170,0.140,0.065,0.037,0.027,31,10,8,6
0.150,0.250,0.001,1.99,0.186,0,0.4489,0.3618,0.158,-0.326,0.229,0.129,0.147,0.025,0.002,0.000,25,9,1,0,0.222,0.170,0.140,0.065,0.037,0.027,31,10,8,6
0.145,0.758,0.070,-1.19,0.219,1,0.4355,0.3498,0.468,0.586,0.229,0.129,0.147,0.025,0.002,0.000,25,9,1,0,0.222,0.170,0.140,0.065,0.037,0.027,31,10,8,6
0.181,0.272,0.005,-1.1,0.105,-1,0.4084,0.3283,0.483,0.192,0.229,0.129,0.147,0.025,0.002,0.000,25,9,1,0,0.222,0.170,0.140,0.065,0.037,0.027,31,10,8,6
0.209,0.212,0.002,1.99,0.186,0,0.3872,0.3119,0.119,-0.326,0.229,0.129,0.147,0.025,0.002,0.000,25,9,1,0,0.222,0.170,0.140,0.065,0.037,0.027,31,10,8,6
0.204,0.299,0.131,-0.52,0.062,0,0.3628,0.2944,0.232,0.341,0.229,0.129,0.147,0.025,0.002,0.000,25,9,1,0,0.222,0.170,0.140,0.065,0.037,0.027,31,10,8,6
0.189,0.230,0.013,-1.14,0.131,0,0.3235,0.2659,0.350,0.987,0.229,0.129,0.147,0.025,0.002,0.000,25,9,1,0,0.222,0.170,0.140,0.065,0.037,0.027,31,10,8,6
0.150,0.248,0.058,3.14,0.186,0,0.2815,0.2352,0.126,-0.486,0.229,0.129,0.147,0.025,0.002,0.000,25,9,1,0,0.222,0.170,0.140,0.065,0.037,0.027,31,10,8,6
0.154,0.219,0.009,0.85,0.046,0,0.2424,0.2058,0.098,0.06,0.229,0.129,0.147,0.025,0.002,0.000,25,9,1,0,0.222,0.170,0.140,0.065,0.037,0.027,31,10,8,6
0.160,0.269,0.041,-0.79,0.151,-1,0.2129,0.1824,0.439,0.736,0.229,0.129,0.147,0.025,0.002,0.000,25,9,1,0,0.222,0.170,0.140,0.065,0.037,0.027,31,10,8,6
0.187,0.403,0.231,0.2,0.291,1,0.1760,0.1519,0.356,0.180,0.229,0.129,0.147,0.025,0.002,0.000,25,9,1,0,0.222,0.170,0.140,0.065,0.037,0.027,31,10,8,6
0.153,0.276,0.238,1.99,0.186,0,0.1414,0.1242,0.104,-0.326,0.229,0.129,0.147,0.025,0.002,0.000,25,9,1,0,0.222,0.170,0.140,0.065,0.037,0.027,31,10,8,6
0.107,0.307,0.222,0,0.000,0,0.1057,0.0964,0.341,0.166,0.229,0.129,0.147,0.025,0.002,0.000,25,9,1,0,0.222,0.170,0.140,0.065,0.037,0.027,31,10,8,6
0.089,0.307,0.470,2.1,0.128,0,0.0831,0.0772,0.126,0.02,0.229,0.129,0.147,0.025,0.002,0.000,25,9,1,0,0.222,0.170,0.140,0.065,0.037,0.027,31,10,8,6
0.092,0.382,0.855,-0.08,0.108,0,0.0641,0.0605,0.317,0.059,0.229,0.129,0.147,0.025,0.002,0.000,25,9,1,0,0.222,0.170,0.140,0.065,0.037,0.027,31,10,8,6
0.096,0.263,0.695,1.99,0.186,0,0.0638,0.0598,0.087,-0.326,0.229,0.129,0.147,0.025,0.002,0.000,25,9,1,0,0.222,0.170,0.140,0.065,0.037,0.027,31,10,8,6
0.077,0.283,0.718,-1.14,0.131,0,0.0693,0.0634,0.179,0.987,0.229,0.129,0.147,0.025,0.002,0.000,25,9,1,0,0.222,0.170,0.140,0.065,0.037,0.027,31,10,8,6
0.065,0.350,0.635,-0.42,0.180,0,0.0745,0.0661,0.233,0.318,0.229,0.129,0.147,0.025,0.002,0.000,25,9,1,0,0.222,0.170,0.140,0.065,0.037,0.027,31,10,8,6
0.068,0.202,0.035,1.99,0.186,0,0.0788,0.0694,0.066,-0.326,0.229,0.129,0.147,0.025,0.002,0.000,25,9,1,0,0.222,0.170,0.140,0.065,0.037,0.027,31,10,8,6
0.068,0.214,0.002,0.85,0.046,0,0.0806,0.0705,0.042,0.06,0.229,0.129,0.147,0.025,0.002,0.000,25,9,1,0,0.222,0.170,0.140,0.065,0.037,0.027,31,10,8,6
0.088,0.206,0.006,2.53,0.140,0,0.0856,0.0740,0.053,-0.121,0.229,0.129,0.147,0.025,0.002,0.000,25,9,1,0,0.222,0.170,0.140,0.065,0.037,0.027,31,10,8,6
0.089,0.239,0.086,0.85,0.046,0,0.0844,0.0731,0.052,0.06,0.229,0.129,0.147,0.025,0.002,0.000,25,9,1,0,0.222,0.170,0.140,0.065,0.037,0.027,31,10,8,6
0.090,0.307,0.254,1.76,0.409,0,0.0769,0.0660,0.076,-0.884,0.229,0.129,0.147,0.025,0.002,0.000,25,9,1,0,0.222,0.170,0.140,0.065,0.037,0.027,31,10,8,6
0.088,0.271,0.036,2.1,0.128,0,0.0635,0.0528,0.035,0.02,0.229,0.129,0.147,0.025,0.002,0.000,25,9,1,0,0.222,0.170,0.140,0.065,0.037,0.027,31,10,8,6
0.085,0.243,0.187,1.99,0.186,0,0.0607,0.0477,0.090,-0.326,0.229,0.129,0.147,0.025,0.002,0.000,25,9,1,0,0.222,0.170,0.140,0.065,0.037,0.027,31,10,8,6
0.091,0.340,0.592,0.2,0.291,1,0.0685,0.0524,0.332,0.180,0.229,0.129,0.147,0.025,0.002,0.000,25,9,1,0,0.222,0.170,0.140,0.065,0.037,0.027,31,10,8,6
0.096,0.357,0.450,-0.48,0.134,0,0.0799,0.0619,0.339,0.007,0.229,0.129,0.147,0.025,0.002,0.000,25,9,1,0,0.222,0.170,0.140,0.065,0.037,0.027,31,10,8,6
0.106,0.259,0.048,-0.79,0.151,-1,0.0886,0.0675,0.390,0.736,0.229,0.129,0.147,0.025,0.002,0.000,25,9,1,0,0.222,0.170,0.140,0.065,0.037,0.027,31,10,8,6
0.104,0.242,0.043,0,0.000,0,0.1039,0.0785,0.341,0.166,0.229,0.129,0.147,0.025,0.002,0.000,25,9,1,0,0.222,0.170,0.140,0.065,0.037,0.027,31,10,8,6
0.100,0.204,0.003,2.53,0.140,0,0.1284,0.0958,0.127,-0.121,0.229,0.129,0.147,0.025,0.002,0.000,25,9,1,0,0.222,0.170,0.140,0.065,0.037,0.027,31,10,8,6
0.081,0.291,0.008,-0.52,0.062,0,0.1598,0.1185,0.184,0.341,0.229,0.129,0.147,0.025,0.002,0.000,25,9,1,0,0.222,0.170,0.140,0.065,0.037,0.027,31,10,8,6
0.078,0.240,0.004,-0.52,0.062,0,0.2045,0.1512,0.114,0.341,0.229,0.129,0.147,0.025,0.002,0.000,25,9,1,0,0.222,0.170,0.140,0.065,0.037,0.027,31,10,8,6
0.077,0.204,0.005,2.53,0.140,0,0.2394,0.1739,0.096,-0.121,0.229,0.129,0.147,0.025,0.002,0.000,25,9,1,0,0.222,0.170,0.140,0.065,0.037,0.027,31,10,8,6
0.110,0.207,0.098,1.99,0.186,0,0.2697,0.1925,0.090,-0.326,0.229,0.129,0.147,0.025,0.002,0.000,25,9,1,0,0.222,0.170,0.140,0.065,0.037,0.027,31,10,8,6
0.086,0.221,0.076,1.99,0.186,0,0.2994,0.2116,0.132,-0.326,0.229,0.129,0.147,0.025,0.002,0.000,25,9,1,0,0.222,0.170,0.140,0.065,0.037,0.027,31,10,8,6
0.073,0.275,0.607,0,0.000,0,0.3171,0.2217,0.179,0.166,0.229,0.129,0.147,0.025,0.002,0.000,25,9,1,0,0.222,0.170,0.140,0.065,0.037,0.027,31,10,8,6
0.070,0.288,0.501,-0.52,0.062,0,0.3128,0.2163,0.220,0.341,0.229,0.129,0.147,0.025,0.002,0.000,25,9,1,0,0.222,0.170,0.140,0.065,0.037,0.027,31,10,8,6
0.085,0.259,0.713,-0.52,0.062,0,0.2929,0.1985,0.325,0.341,0.229,0.129,0.147,0.025,0.002,0.000,25,9,1,0,0.222,0.170,0.140,0.065,0.037,0.027,31,10,8,6
0.105,0.200,0.747,-0.08,0.108,0,0.2690,0.1801,0.230,0.059,0.229,0.129,0.147,0.025,0.002,0.000,25,9,1,0,0.222,0.170,0.140,0.065,0.037,0.027,31,10,8,6
0.100,0.156,0.543,-1.14,0.131,0,0.2438,0.1631,0.181,0.987,0.229,0.129,0.147,0.025,0.002,0.000,25,9,1,0,0.222,0.170,0.140,0.065,0.037,0.027,31,10,8,6
0.097,0.177,0.332,-0.79,0.151,-1,0.2206,0.1493,0.449,0.736,0.229,0.129,0.147,0.025,0.002,0.000,25,9,1,0,0.222,0.170,0.140,0.065,0.037,0.027,31,10,8,6
0.092,0.159,0.811,-0.42,0.180,0,0.2023,0.1386,0.294,0.318,0.229,0.129,0.147,0.025,0.002,0.000,25,9,1,0,0.222,0.170,0.140,0.065,0.037,0.027,31,10,8,6
0.087,0.125,0.003,1.99,0.186,0,0.2112,0.1485,0.052,-0.326,0.229,0.129,0.147,0.025,0.002,0.000,25,9,1,0,0.222,0.170,0.140,0.065,0.037,0.027,31,10,8,6
0.083,0.119,0.048,3.14,0.186,0,0.2429,0.1782,0.108,-0.486,0.229,0.129,0.147,0.025,0.002,0.000,25,9,1,0,0.222,0.170,0.140,0.065,0.037,0.027,31,10,8,6
0.104,0.133,0.135,-0.79,0.151,-1,0.2791,0.2127,0.446,0.736,0.229,0.129,0.147,0.025,0.002,0.000,25,9,1,0,0.222,0.170,0.140,0.065,0.037,0.027,31,10,8,6
0.109,0.174,0.231,-0.48,0.134,0,0.3073,0.2377,0.228,0.007,0.229,0.129,0.147,0.025,0.002,0.000,25,9,1,0,0.222,0.170,0.140,0.065,0.037,0.027,31,10,8,6
0.102,0.177,0.005,1.99,0.186,0,0.3220,0.2498,0.103,-0.326,0.229,0.129,0.147,0.025,0.002,0.000,25,9,1,0,0.222,0.170,0.140,0.065,0.037,0.027,31,10,8,6
0.102,0.172,0.023,0,0.000,0,0.3158,0.2420,0.266,0.166,0.229,0.129,0.147,0.025,0.002,0.000,25,9,1,0,0.222,0.170,0.140,0.065,0.037,0.027,31,10,8,6
0.104,0.193,0.002,0.85,0.046,0,0.3036,0.2298,0.166,0.06,0.229,0.129,0.147,0.025,0.002,0.000,25,9,1,0,0.222,0.170,0.140,0.065,0.037,0.027,31,10,8,6
0.109,0.194,0.007,3.14,0.186,0,0.2924,0.2195,0.097,-0.486,0.229,0.129,0.147,0.025,0.002,0.000,25,9,1,0,0.222,0.170,0.140,0.065,0.037,0.027,31,10,8,6
0.114,0.290,0.002,-0.42,0.180,0,0.2696,0.1994,0.321,0.318,0.229,0.129,0.147,0.025,0.002,0.000,25,9,1,0,0.222,0.170,0.140,0.065,0.037,0.027,31,10,8,6
0.119,0.197,0.002,2.53,0.140,0,0.2463,0.1812,0.137,-0.121,0.229,0.129,0.147,0.025,0.002,0.000,25,9,1,0,0.222,0.170,0.140,0.065,0.037,0.027,31,10,8,6
0.100,0.230,0.001,1.99,0.186,0,0.2307,0.1686,0.098,-0.326,0.229,0.129,0.147,0.025,0.002,0.000,25,9,1,0,0.222,0.170,0.140,0.065,0.037,0.027,31,10,8,6
0.098,0.271,0.017,-1.14,0.131,0,0.2189,0.1607,0.237,0.987,0.229,0.129,0.147,0.025,0.002,0.000,25,9,1,0,0.222,0.170,0.140,0.065,0.037,0.027,31,10,8,6
0.096,0.683,0.060,-1.19,0.219,1,0.2202,0.1659,0.416,0.586,0.229,0.129,0.147,0.025,0.002,0.000,25,9,1,0,0.222,0.170,0.140,0.065,0.037,0.027,31,10,8,6
0.100,0.326,0.054,1.42,0.221,0,0.2229,0.1704,0.121,-0.397,0.229,0.129,0.147,0.025,0.002,0.000,25,9,1,0,0.222,0.170,0.140,0.065,0.037,0.027,31,10,8,6
0.116,0.409,0.113,-0.08,0.108,0,0.2342,0.1831,0.204,0.059,0.229,0.129,0.147,0.025,0.002,0.000,25,9,1,0,0.222,0.170,0.140,0.065,0.037,0.027,31,10,8,6
0.116,0.423,0.138,-0.52,0.062,0,0.2532,0.2016,0.305,0.341,0.229,0.129,0.147,0.025,0.002,0.000,25,9,1,0,0.222,0.170,0.140,0.065,0.037,0.027,31,10,8,6
0.118,0.727,0.031,0.22,0.230,0,0.2627,0.2136,0.242,0.303,0.229,0.129,0.147,0.025,0.002,0.000,25,9,1,0,0.222,0.170,0.140,0.065,0.037,0.027,31,10,8,6
0.099,0.307,0.012,2.53,0.140,0,0.2788,0.2311,0.110,-0.121,0.229,0.129,0.147,0.025,0.002,0.000,25,9,1,0,0.222,0.170,0.140,0.065,0.037,0.027,31,10,8,6
0.126,0.284,0.043,2.53,0.140,0,0.3041,0.2553,0.109,-0.121,0.229,0.129,0.147,0.025,0.002,0.000,25,9,1,0,0.222,0.170,0.140,0.065,0.037,0.027,31,10,8,6
0.124,0.374,0.041,-0.48,0.134,0,0.3339,0.2871,0.308,0.007,0.229,0.129,0.147,0.025,0.002,0.000,25,9,1,0,0.222,0.170,0.140,0.065,0.037,0.027,31,10,8,6
0.111,0.232,0.001,-0.79,0.151,-1,0.3624,0.3170,0.230,0.736,0.229,0.129,0.147,0.025,0.002,0.000,25,9,1,0,0.222,0.170,0.140,0.065,0.037,0.027,31,10,8,6
0.117,0.176,0.003,3.14,0.186,0,0.3853,0.3398,0.063,-0.486,0.229,0.129,0.147,0.025,0.002,0.000,25,9,1,0,0.222,0.170,0.140,0.065,0.037,0.027,31,10,8,6
0.151,0.215,0.084,-1.1,0.105,-1,0.3920,0.3456,0.226,0.192,0.229,0.129,0.147,0.025,0.002,0.000,25,9,1,0,0.222,0.170,0.140,0.065,0.037,0.027,31,10,8,6
0.151,0.294,0.070,-0.48,0.134,0,0.3905,0.3439,0.276,0.007,0.229,0.129,0.147,0.025,0.002,0.000,25,9,1,0,0.222,0.170,0.140,0.065,0.037,0.027,31,10,8,6
0.140,0.191,0.044,3.14,0.186,0,0.3801,0.3389,0.141,-0.486,0.229,0.129,0.147,0.025,0.002,0.000,25,9,1,0,0.222,0.170,0.140,0.065,0.037,0.027,31,10,8,6
0.131,0.147,0.001,1.99,0.186,0,0.3667,0.3377,0.116,-0.326,0.229,0.129,0.147,0.025,0.002,0.000,25,9,1,0,0.222,0.170,0.140,0.065,0.037,0.027,31,10,8,6
0.130,0.334,0.328,0.2,0.291,1,0.3667,0.3538,0.434,0.180,0.229,0.129,0.147,0.025,0.002,0.000,25,9,1,0,0.222,0.170,0.140,0.065,0.037,0.027,31,10,8,6
0.127,0.179,0.417,-0.48,0.134,0,0.3716,0.3840,0.495,0.007,0.229,0.129,0.147,0.025,0.002,0.000,25,9,1,0,0.222,0.170,0.140,0.065,0.037,0.027,31,10,8,6
0.125,0.202,0.427,-1.19,0.219,1,0.3651,0.4189,0.398,0.586,0.229,0.129,0.147,0.025,0.002,0.000,25,9,1,0,0.222,0.170,0.140,0.065,0.037,0.027,31,10,8,6
0.123,0.132,0.265,-1.14,0.131,0,0.3691,0.4728,0.505,0.987,0.229,0.129,0.147,0.025,0.002,0.000,25,9,1,0,0.222,0.170,0.140,0.065,0.037,0.027,31,10,8,6
0.147,0.170,0.522,1.37,0.298,0,0.3750,0.5350,0.315,-0.510,0.229,0.129,0.147,0.025,0.002,0.000,25,9,1,0,0.222,0.170,0.140,0.065,0.037,0.027,31,10,8,6
0.185,0.151,0.495,-0.52,0.062,0,0.3824,0.6018,0.374,0.341,0.229,0.129,0.147,0.025,0.002,0.000,25,9,1,0,0.222,0.170,0.140,0.065,0.037,0.027,31,10,8,6
0.191,0.199,0.512,-1.19,0.219,1,0.3919,0.6697,0.477,0.586,0.229,0.129,0.147,0.025,0.002,0.000,25,9,1,0,0.222,0.170,0.140,0.065,0.037,0.027,31,10,8,6
0.203,0.200,0.564,-1.19,0.219,1,0.4047,0.7356,0.566,0.586,0.229,0.129,0.147,0.025,0.002,0.000,25,9,1,0,0.222,0.170,0.140,0.065,0.037,0.027,31,10,8,6
0.256,0.127,0.303,-1.1,0.105,-1,0.4235,0.7975,0.437,0.192,0.229,0.129,0.147,0.025,0.002,0.000,25,9,1,0,0.222,0.170,0.140,0.065,0.037,0.027,31,10,8,6
0.272,0.179,0.460,1.37,0.298,0,0.4527,0.8546,0.301,-0.510,0.229,0.129,0.147,0.025,0.002,0.000,25,9,1,0,0.222,0.170,0.140,0.065,0.037,0.027,31,10,8,6
0.285,0.199,0.662,0.2,0.291,1,0.4984,0.9084,0.527,0.180,0.229,0.129,0.147,0.025,0.002,0.000,25,9,1,0,0.222,0.170,0.140,0.065,0.037,0.027,31,10,8,6
0.280,0.150,0.313,-0.52,0.062,0,0.5692,0.9626,0.866,0.341,0.229,0.129,0.147,0.025,0.002,0.000,25,9,1,0,0.222,0.170,0.140,0.065,0.037,0.027,31,10,8,6
