0.075,0.104,0.553,1.42,0.221,0,0.0215,0.7916,0.686,-0.397,0.310,0.232,0.315,0.248,0.143,0.086,149,65,36,28,0.272,0.215,0.313,0.221,0.080,0.042,143,63,33,10
0.089,0.106,0.508,0.85,0.046,0,0.0520,0.7701,0.367,0.06,0.310,0.232,0.315,0.248,0.143,0.086,149,65,36,28,0.272,0.215,0.313,0.221,0.080,0.042,143,63,33,10
0.101,0.099,0.375,0,0.000,0,0.0826,0.7407,0.208,0.166,0.310,0.232,0.315,0.248,0.143,0.086,149,65,36,28,0.272,0.215,0.313,0.221,0.080,0.042,143,63,33,10
0.111,0.079,0.247,1.99,0.186,0,0.1114,0.7027,0.193,-0.326,0.310,0.232,0.315,0.248,0.143,0.086,149,65,36,28,0.272,0.215,0.313,0.221,0.080,0.042,143,63,33,10
0.121,0.093,0.074,1.99,0.186,0,0.1375,0.6569,0.148,-0.326,0.310,0.232,0.315,0.248,0.143,0.086,149,65,36,28,0.272,0.215,0.313,0.221,0.080,0.042,143,63,33,10
0.132,0.148,0.184,-0.52,0.062,0,0.1606,0.6057,0.197,0.341,0.310,0.232,0.315,0.248,0.143,0.086,149,65,36,28,0.272,0.215,0.313,0.221,0.080,0.042,143,63,33,10
0.104,0.221,0.107,-0.08,0.108,0,0.1811,0.5521,0.174,0.059,0.310,0.232,0.315,0.248,0.143,0.086,149,65,36,28,0.272,0.215,0.313,0.221,0.080,0.042,143,63,33,10
0.113,0.164,0.014,1.69,0.290,0,0.1997,0.4998,0.128,-0.697,0.310,0.232,0.315,0.248,0.143,0.086,149,65,36,28,0.272,0.215,0.313,0.221,0.080,0.042,143,63,33,10
0.113,0.144,0.002,-1.1,0.105,-1,0.2173,0.4525,0.297,0.192,0.310,0.232,0.315,0.248,0.143,0.086,149,65,36,28,0.272,0.215,0.313,0.221,0.080,0.042,143,63,33,10
0.096,0.181,0.219,-0.08,0.108,0,0.2352,0.4138,0.243,0.059,0.310,0.232,0.315,0.248,0.143,0.086,149,65,36,28,0.272,0.215,0.313,0.221,0.080,0.042,143,63,33,10
0.123,0.186,0.272,1.69,0.290,0,0.2552,0.3906,0.134,-0.697,0.310,0.232,0.315,0.248,0.143,0.086,149,65,36,28,0.272,0.215,0.313,0.221,0.080,0.042,143,63,33,10
0.124,0.199,0.442,-0.52,0.062,0,0.2753,0.3785,0.243,0.341,0.310,0.232,0.315,0.248,0.143,0.086,149,65,36,28,0.272,0.215,0.313,0.221,0.080,0.042,143,63,33,10
0.126,0.228,0.363,-0.52,0.062,0,0.3029,0.3804,0.309,0.341,0.310,0.232,0.315,0.248,0.143,0.086,149,65,36,28,0.272,0.215,0.313,0.221,0.080,0.042,143,63,33,10
0.126,0.375,0.686,0.2,0.291,1,0.3224,0.3857,0.356,0.180,0.310,0.232,0.315,0.248,0.143,0.086,149,65,36,28,0.272,0.215,0.313,0.221,0.080,0.042,143,63,33,10
0.129,0.464,0.584,0.2,0.291,1,0.3409,0.3969,0.290,0.180,0.310,0.232,0.315,0.248,0.143,0.086,149,65,36,28,0.272,0.215,0.313,0.221,0.080,0.042,143,63,33,10
0.130,0.303,0.494,-0.52,0.062,0,0.3580,0.4093,0.211,0.341,0.310,0.232,0.315,0.248,0.143,0.086,149,65,36,28,0.272,0.215,0.313,0.221,0.080,0.042,143,63,33,10
0.124,0.200,0.484,-0.79,0.151,-1,0.3804,0.4257,0.388,0.736,0.310,0.232,0.315,0.248,0.143,0.086,149,65,36,28,0.272,0.215,0.313,0.221,0.080,0.042,143,63,33,10
0.127,0.196,0.427,-0.52,0.062,0,0.4006,0.4358,0.244,0.341,0.310,0.232,0.315,0.248,0.143,0.086,149,65,36,28,0.272,0.215,0.313,0.221,0.080,0.042,143,63,33,10
0.147,0.128,0.155,3.14,0.186,0,0.4280,0.4471,0.122,-0.486,0.310,0.232,0.315,0.248,0.143,0.086,149,65,36,28,0.272,0.215,0.313,0.221,0.080,0.042,143,63,33,10
0.156,0.179,0.405,-0.48,0.134,0,0.4629,0.4619,0.291,0.007,0.310,0.232,0.315,0.248,0.143,0.086,149,65,36,28,0.272,0.215,0.313,0.221,0.080,0.042,143,63,33,10
0.159,0.150,0.434,-1.19,0.219,1,0.5023,0.4824,0.445,0.586,0.310,0.232,0.315,0.248,0.143,0.086,149,65,36,28,0.272,0.215,0.313,0.221,0.080,0.042,143,63,33,10
0.197,0.129,0.426,-0.52,0.062,0,0.5320,0.4992,0.360,0.341,0.310,0.232,0.315,0.248,0.143,0.086,149,65,36,28,0.272,0.215,0.313,0.221,0.080,0.042,143,63,33,10
0.197,0.124,0.464,0,0.000,0,0.5482,0.5069,0.309,0.166,0.310,0.232,0.315,0.248,0.143,0.086,149,65,36,28,0.272,0.215,0.313,0.221,0.080,0.042,143,63,33,10
0.179,0.090,0.428,0,0.000,0,0.5478,0.5008,0.230,0.166,0.310,0.232,0.315,0.248,0.143,0.086,149,65,36,28,0.272,0.215,0.313,0.221,0.080,0.042,143,63,33,10
0.173,0.110,0.258,0,0.000,0,0.5196,0.4713,0.165,0.166,0.310,0.232,0.315,0.248,0.143,0.086,149,65,36,28,0.272,0.215,0.313,0.221,0.080,0.042,143,63,33,10
0.175,0.157,0.201,0.85,0.046,0,0.4695,0.4270,0.135,0.06,0.310,0.232,0.315,0.248,0.143,0.086,149,65,36,28,0.272,0.215,0.313,0.221,0.080,0.042,143,63,33,10
0.167,0.146,0.171,2.53,0.140,0,0.4100,0.3789,0.153,-0.121,0.310,0.232,0.315,0.248,0.143,0.086,149,65,36,28,0.272,0.215,0.313,0.221,0.080,0.042,143,63,33,10
0.169,0.178,0.224,3.14,0.186,0,0.3633,0.3435,0.095,-0.486,0.310,0.232,0.315,0.248,0.143,0.086,149,65,36,28,0.272,0.215,0.313,0.221,0.080,0.042,143,63,33,10
0.161,0.239,0.148,-1.14,0.131,0,0.3108,0.3056,0.216,0.987,0.310,0.232,0.315,0.248,0.143,0.086,149,65,36,28,0.272,0.215,0.313,0.221,0.080,0.042,143,63,33,10
0.164,0.220,0.272,0,0.000,0,0.2734,0.2786,0.178,0.166,0.310,0.232,0.315,0.248,0.143,0.086,149,65,36,28,0.272,0.215,0.313,0.221,0.080,0.042,143,63,33,10
0.195,0.343,0.349,-0.42,0.180,0,0.2494,0.2575,0.290,0.318,0.310,0.232,0.315,0.248,0.143,0.086,149,65,36,28,0.272,0.215,0.313,0.221,0.080,0.042,143,63,33,10
0.153,0.345,0.640,0.2,0.291,1,0.2312,0.2401,0.323,0.180,0.310,0.232,0.315,0.248,0.143,0.086,149,65,36,28,0.272,0.215,0.313,0.221,0.080,0.042,143,63,33,10
0.153,0.317,0.396,-0.52,0.062,0,0.2286,0.2365,0.154,0.341,0.310,0.232,0.315,0.248,0.143,0.086,149,65,36,28,0.272,0.215,0.313,0.221,0.080,0.042,143,63,33,10
0.150,0.243,0.340,-0.08,0.108,0,0.2404,0.2448,0.216,0.059,0.310,0.232,0.315,0.248,0.143,0.086,149,65,36,28,0.272,0.215,0.313,0.221,0.080,0.042,143,63,33,10
0.140,0.146,0.004,2.53,0.140,0,0.2690,0.2662,0.083,-0.121,0.310,0.232,0.315,0.248,0.143,0.086,149,65,36,28,0.272,0.215,0.313,0.221,0.080,0.042,143,63,33,10
0.132,0.168,0.186,-0.52,0.062,0,0.2944,0.2837,0.069,0.341,0.310,0.232,0.315,0.248,0.143,0.086,149,65,36,28,0.272,0.215,0.313,0.221,0.080,0.042,143,63,33,10
0.126,0.125,0.002,2.53,0.140,0,0.3078,0.2916,0.037,-0.121,0.310,0.232,0.315,0.248,0.143,0.086,149,65,36,28,0.272,0.215,0.313,0.221,0.080,0.042,143,63,33,10
0.127,0.115,0.139,1.69,0.290,0,0.3066,0.2858,0.058,-0.697,0.310,0.232,0.315,0.248,0.143,0.086,149,65,36,28,0.272,0.215,0.313,0.221,0.080,0.042,143,63,33,10
0.125,0.101,0.097,2.53,0.140,0,0.2997,0.2755,0.040,-0.121,0.310,0.232,0.315,0.248,0.143,0.086,149,65,36,28,0.272,0.215,0.313,0.221,0.080,0.042,143,63,33,10
0.161,0.109,0.194,1.99,0.186,0,0.2839,0.2597,0.069,-0.326,0.310,0.232,0.315,0.248,0.143,0.086,149,65,36,28,0.272,0.215,0.313,0.221,0.080,0.042,143,63,33,10
0.157,0.175,0.300,0,0.000,0,0.2593,0.2384,0.067,0.166,0.310,0.232,0.315,0.248,0.143,0.086,149,65,36,28,0.272,0.215,0.313,0.221,0.080,0.042,143,63,33,10
0.135,0.121,0.343,-1.14,0.131,0,0.2208,0.2046,0.203,0.987,0.310,0.232,0.315,0.248,0.143,0.086,149,65,36,28,0.272,0.215,0.313,0.221,0.080,0.042,143,63,33,10
0.126,0.153,0.404,-0.52,0.062,0,0.1638,0.1543,0.238,0.341,0.310,0.232,0.315,0.248,0.143,0.086,149,65,36,28,0.272,0.215,0.313,0.221,0.080,0.042,143,63,33,10
0.121,0.123,0.158,2.53,0.140,0,0.1163,0.1109,0.167,-0.121,0.310,0.232,0.315,0.248,0.143,0.086,149,65,36,28,0.272,0.215,0.313,0.221,0.080,0.042,143,63,33,10
0.121,0.157,0.195,-0.08,0.108,0,0.0844,0.0805,0.276,0.059,0.310,0.232,0.315,0.248,0.143,0.086,149,65,36,28,0.272,0.215,0.313,0.221,0.080,0.042,143,63,33,10
0.115,0.191,0.169,-1.1,0.105,-1,0.0754,0.0685,0.382,0.192,0.310,0.232,0.315,0.248,0.143,0.086,149,65,36,28,0.272,0.215,0.313,0.221,0.080,0.042,143,63,33,10
0.090,0.169,0.161,-1.1,0.105,-1,0.0801,0.0683,0.389,0.192,0.310,0.232,0.315,0.248,0.143,0.086,149,65,36,28,0.272,0.215,0.313,0.221,0.080,0.042,143,63,33,10
0.089,0.168,0.182,0.85,0.046,0,0.1005,0.0799,0.222,0.06,0.310,0.232,0.315,0.248,0.143,0.086,149,65,36,28,0.272,0.215,0.313,0.221,0.080,0.042,143,63,33,10
0.109,0.212,0.224,-1.1,0.105,-1,0.1179,0.0871,0.289,0.192,0.310,0.232,0.315,0.248,0.143,0.086,149,65,36,28,0.272,0.215,0.313,0.221,0.080,0.042,143,63,33,10
0.117,0.250,0.498,-1.19,0.219,1,0.1334,0.0909,0.226,0.586,0.310,0.232,0.315,0.248,0.143,0.086,149,65,36,28,0.272,0.215,0.313,0.221,0.080,0.042,143,63,33,10
0.124,0.177,0.024,1.99,0.186,0,0.1414,0.0906,0.072,-0.326,0.310,0.232,0.315,0.248,0.143,0.086,149,65,36,28,0.272,0.215,0.313,0.221,0.080,0.042,143,63,33,10
0.121,0.170,0.119,1.69,0.290,0,0.1489,0.0904,0.090,-0.697,0.310,0.232,0.315,0.248,0.143,0.086,149,65,36,28,0.272,0.215,0.313,0.221,0.080,0.042,143,63,33,10
0.121,0.158,0.037,3.14,0.186,0,0.1602,0.0952,0.083,-0.486,0.310,0.232,0.315,0.248,0.143,0.086,149,65,36,28,0.272,0.215,0.313,0.221,0.080,0.042,143,63,33,10
0.110,0.151,0.010,0.85,0.046,0,0.1703,0.1005,0.055,0.06,0.310,0.232,0.315,0.248,0.143,0.086,149,65,36,28,0.272,0.215,0.313,0.221,0.080,0.042,143,63,33,10
0.105,0.185,0.002,-0.08,0.108,0,0.1687,0.0984,0.063,0.059,0.310,0.232,0.315,0.248,0.143,0.086,149,65,36,28,0.272,0.215,0.313,0.221,0.080,0.042,143,63,33,10
0.137,0.190,0.047,-0.08,0.108,0,0.1587,0.0893,0.081,0.059,0.310,0.232,0.315,0.248,0.143,0.086,149,65,36,28,0.272,0.215,0.313,0.221,0.080,0.042,143,63,33,10
0.138,0.167,0.042,1.69,0.290,0,0.1590,0.0893,0.059,-0.697,0.310,0.232,0.315,0.248,0.143,0.086,149,65,36,28,0.272,0.215,0.313,0.221,0.080,0.042,143,63,33,10
0.154,0.123,0.002,1.99,0.186,0,0.1787,0.1043,0.080,-0.326,0.310,0.232,0.315,0.248,0.143,0.086,149,65,36,28,0.272,0.215,0.313,0.221,0.080,0.042,143,63,33,10
0.161,0.147,0.005,0.85,0.046,0,0.2115,0.1286,0.098,0.06,0.310,0.232,0.315,0.248,0.143,0.086,149,65,36,28,0.272,0.215,0.313,0.221,0.080,0.042,143,63,33,10
0.162,0.214,0.061,0.22,0.230,0,0.2453,0.1539,0.192,0.303,0.310,0.232,0.315,0.248,0.143,0.086,149,65,36,28,0.272,0.215,0.313,0.221,0.080,0.042,143,63,33,10
0.136,0.214,0.008,-0.52,0.062,0,0.2677,0.1696,0.150,0.341,0.310,0.232,0.315,0.248,0.143,0.086,149,65,36,28,0.272,0.215,0.313,0.221,0.080,0.042,143,63,33,10
0.140,0.218,0.011,1.99,0.186,0,0.2855,0.1811,0.159,-0.326,0.310,0.232,0.315,0.248,0.143,0.086,149,65,36,28,0.272,0.215,0.313,0.221,0.080,0.042,143,63,33,10
0.171,0.250,0.165,-1.1,0.105,-1,0.3006,0.1909,0.311,0.192,0.310,0.232,0.315,0.248,0.143,0.086,149,65,36,28,0.272,0.215,0.313,0.221,0.080,0.042,143,63,33,10
0.146,0.230,0.421,-0.08,0.108,0,0.3139,0.2005,0.296,0.059,0.310,0.232,0.315,0.248,0.143,0.086,149,65,36,28,0.272,0.215,0.313,0.221,0.080,0.042,143,63,33,10
0.144,0.198,0.339,-1.1,0.105,-1,0.3148,0.2013,0.366,0.192,0.310,0.232,0.315,0.248,0.143,0.086,149,65,36,28,0.272,0.215,0.313,0.221,0.080,0.042,143,63,33,10
0.152,0.332,0.369,-1.19,0.219,1,0.3061,0.1953,0.442,0.586,0.310,0.232,0.315,0.248,0.143,0.086,149,65,36,28,0.272,0.215,0.313,0.221,0.080,0.042,143,63,33,10
0.167,0.264,0.388,-0.42,0.180,0,0.2887,0.1830,0.385,0.318,0.310,0.232,0.315,0.248,0.143,0.086,149,65,36,28,0.272,0.215,0.313,0.221,0.080,0.042,143,63,33,10
0.199,0.334,0.542,0.22,0.230,0,0.2655,0.1671,0.227,0.303,0.310,0.232,0.315,0.248,0.143,0.086,149,65,36,28,0.272,0.215,0.313,0.221,0.080,0.042,143,63,33,10
0.199,0.341,0.596,-0.52,0.062,0,0.2329,0.1459,0.231,0.341,0.310,0.232,0.315,0.248,0.143,0.086,149,65,36,28,0.272,0.215,0.313,0.221,0.080,0.042,143,63,33,10
0.199,0.361,0.623,-0.42,0.180,0,0.2076,0.1315,0.378,0.318,0.310,0.232,0.315,0.248,0.143,0.086,149,65,36,28,0.272,0.215,0.313,0.221,0.080,0.042,143,63,33,10
0.194,0.487,0.696,0.2,0.291,1,0.1990,0.1302,0.289,0.180,0.310,0.232,0.315,0.248,0.143,0.086,149,65,36,28,0.272,0.215,0.313,0.221,0.080,0.042,143,63,33,10
0.186,0.342,0.393,0,0.000,0,0.2008,0.1364,0.129,0.166,0.310,0.232,0.315,0.248,0.143,0.086,149,65,36,28,0.272,0.215,0.313,0.221,0.080,0.042,143,63,33,10
0.168,0.315,0.430,0,0.000,0,0.1948,0.1363,0.103,0.166,0.310,0.232,0.315,0.248,0.143,0.086,149,65,36,28,0.272,0.215,0.313,0.221,0.080,0.042,143,63,33,10
0.183,0.293,0.214,1.69,0.290,0,0.1828,0.1306,0.056,-0.697,0.310,0.232,0.315,0.248,0.143,0.086,149,65,36,28,0.272,0.215,0.313,0.221,0.080,0.042,143,63,33,10
0.200,0.206,0.012,1.99,0.186,0,0.1648,0.1209,0.045,-0.326,0.310,0.232,0.315,0.248,0.143,0.086,149,65,36,28,0.272,0.215,0.313,0.221,0.080,0.042,143,63,33,10
0.200,0.160,0.026,2.53,0.140,0,0.1486,0.1125,0.040,-0.121,0.310,0.232,0.315,0.248,0.143,0.086,149,65,36,28,0.272,0.215,0.313,0.221,0.080,0.042,143,63,33,10
0.134,0.198,0.381,-0.52,0.062,0,0.1341,0.1041,0.053,0.341,0.310,0.232,0.315,0.248,0.143,0.086,149,65,36,28,0.272,0.215,0.313,0.221,0.080,0.042,143,63,33,10
0.138,0.129,0.004,1.99,0.186,0,0.1140,0.0920,0.027,-0.326,0.310,0.232,0.315,0.248,0.143,0.086,149,65,36,28,0.272,0.215,0.313,0.221,0.080,0.042,143,63,33,10
0.115,0.127,0.001,1.99,0.186,0,0.0911,0.0762,0.049,-0.326,0.310,0.232,0.315,0.248,0.143,0.086,149,65,36,28,0.272,0.215,0.313,0.221,0.080,0.042,143,63,33,10
0.109,0.138,0.021,0.85,0.046,0,0.0668,0.0582,0.068,0.06,0.310,0.232,0.315,0.248,0.143,0.086,149,65,36,28,0.272,0.215,0.313,0.221,0.080,0.042,143,63,33,10
0.107,0.146,0.064,1.42,0.221,0,0.0500,0.0455,0.100,-0.397,0.310,0.232,0.315,0.248,0.143,0.086,149,65,36,28,0.272,0.215,0.313,0.221,0.080,0.042,143,63,33,10
0.098,0.138,0.142,0.85,0.046,0,0.0344,0.0344,0.082,0.06,0.310,0.232,0.315,0.248,0.143,0.086,149,65,36,28,0.272,0.215,0.313,0.221,0.080,0.042,143,63,33,10
0.081,0.255,0.332,1.37,0.298,0,0.0309,0.0306,0.160,-0.510,0.310,0.232,0.315,0.248,0.143,0.086,149,65,36,28,0.272,0.215,0.313,0.221,0.080,0.042,143,63,33,10
0.081,0.259,0.387,-0.52,0.062,0,0.0409,0.0359,0.302,0.341,0.310,0.232,0.315,0.248,0.143,0.086,149,65,36,28,0.272,0.215,0.313,0.221,0.080,0.042,143,63,33,10
0.098,0.244,0.433,-0.52,0.062,0,0.0666,0.0517,0.171,0.341,0.310,0.232,0.315,0.248,0.143,0.086,149,65,36,28,0.272,0.215,0.313,0.221,0.080,0.042,143,63,33,10
0.083,0.219,0.373,-1.14,0.131,0,0.0973,0.0710,0.236,0.987,0.310,0.232,0.315,0.248,0.143,0.086,149,65,36,28,0.272,0.215,0.313,0.221,0.080,0.042,143,63,33,10
0.084,0.217,0.326,-0.79,0.151,-1,0.1169,0.0844,0.262,0.736,0.310,0.232,0.315,0.248,0.143,0.086,149,65,36,28,0.272,0.215,0.313,0.221,0.080,0.042,143,63,33,10
0.076,0.184,0.165,1.99,0.186,0,0.1345,0.0987,0.086,-0.326,0.310,0.232,0.315,0.248,0.143,0.086,149,65,36,28,0.272,0.215,0.313,0.221,0.080,0.042,143,63,33,10
0.077,0.225,0.323,1.37,0.298,0,0.1471,0.1109,0.139,-0.510,0.310,0.232,0.315,0.248,0.143,0.086,149,65,36,28,0.272,0.215,0.313,0.221,0.080,0.042,143,63,33,10
0.096,0.142,0.003,1.99,0.186,0,0.1557,0.1210,0.083,-0.326,0.310,0.232,0.315,0.248,0.143,0.086,149,65,36,28,0.272,0.215,0.313,0.221,0.080,0.042,143,63,33,10
0.085,0.215,0.332,-0.08,0.108,0,0.1564,0.1254,0.167,0.059,0.310,0.232,0.315,0.248,0.143,0.086,149,65,36,28,0.272,0.215,0.313,0.221,0.080,0.042,143,63,33,10
0.081,0.214,0.296,-0.08,0.108,0,0.1444,0.1201,0.188,0.059,0.310,0.232,0.315,0.248,0.143,0.086,149,65,36,28,0.272,0.215,0.313,0.221,0.080,0.042,143,63,33,10
0.079,0.326,0.270,-0.48,0.134,0,0.1187,0.1053,0.345,0.007,0.310,0.232,0.315,0.248,0.143,0.086,149,65,36,28,0.272,0.215,0.313,0.221,0.080,0.042,143,63,33,10
0.079,0.282,0.063,0,0.000,0,0.0927,0.0888,0.236,0.166,0.310,0.232,0.315,0.248,0.143,0.086,149,65,36,28,0.272,0.215,0.313,0.221,0.080,0.042,143,63,33,10
0.063,0.252,0.255,2.53,0.140,0,0.0747,0.0761,0.177,-0.121,0.310,0.232,0.315,0.248,0.143,0.086,149,65,36,28,0.272,0.215,0.313,0.221,0.080,0.042,143,63,33,10
0.058,0.353,0.388,-0.48,0.134,0,0.0690,0.0699,0.307,0.007,0.310,0.232,0.315,0.248,0.143,0.086,149,65,36,28,0.272,0.215,0.313,0.221,0.080,0.042,143,63,33,10
0.049,0.227,0.027,0.85,0.046,0,0.0804,0.0741,0.261,0.06,0.310,0.232,0.315,0.248,0.143,0.086,149,65,36,28,0.272,0.215,0.313,0.221,0.080,0.042,143,63,33,10
0.076,0.254,0.309,-1.1,0.105,-1,0.1001,0.0828,0.302,0.192,0.310,0.232,0.315,0.248,0.143,0.086,149,65,36,28,0.272,0.215,0.313,0.221,0.080,0.042,143,63,33,10
0.074,0.238,0.005,2.53,0.140,0,0.1279,0.0975,0.049,-0.121,0.310,0.232,0.315,0.248,0.143,0.086,149,65,36,28,0.272,0.215,0.313,0.221,0.080,0.042,143,63,33,10
0.079,0.333,0.228,-1.19,0.219,1,0.1567,0.1119,0.270,0.586,0.310,0.232,0.315,0.248,0.143,0.086,149,65,36,28,0.272,0.215,0.313,0.221,0.080,0.042,143,63,33,10
0.099,0.397,0.098,1.37,0.298,0,0.1973,0.1348,0.110,-0.510,0.310,0.232,0.315,0.248,0.143,0.086,149,65,36,28,0.272,0.215,0.313,0.221,0.080,0.042,143,63,33,10
0.109,0.239,0.104,2.53,0.140,0,0.2365,0.1578,0.051,-0.121,0.310,0.232,0.315,0.248,0.143,0.086,149,65,36,28,0.272,0.215,0.313,0.221,0.080,0.042,143,63,33,10
0.109,0.285,0.099,3.14,0.186,0,0.2734,0.1818,0.049,-0.486,0.310,0.232,0.315,0.248,0.143,0.086,149,65,36,28,0.272,0.215,0.313,0.221,0.080,0.042,143,63,33,10
0.158,0.373,0.093,1.37,0.298,0,0.2921,0.1962,0.121,-0.510,0.310,0.232,0.315,0.248,0.143,0.086,149,65,36,28,0.272,0.215,0.313,0.221,0.080,0.042,143,63,33,10
0.148,0.399,0.166,-0.48,0.134,0,0.2871,0.1977,0.112,0.007,0.310,0.232,0.315,0.248,0.143,0.086,149,65,36,28,0.272,0.215,0.313,0.221,0.080,0.042,143,63,33,10
0.142,0.271,0.040,3.14,0.186,0,0.2626,0.1878,0.057,-0.486,0.310,0.232,0.315,0.248,0.143,0.086,149,65,36,28,0.272,0.215,0.313,0.221,0.080,0.042,143,63,33,10
0.170,0.416,0.169,-0.79,0.151,-1,0.2268,0.1718,0.345,0.736,0.310,0.232,0.315,0.248,0.143,0.086,149,65,36,28,0.272,0.215,0.313,0.221,0.080,0.042,143,63,33,10
0.140,0.448,0.423,-1.19,0.219,1,0.1983,0.1618,0.453,0.586,0.310,0.232,0.315,0.248,0.143,0.086,149,65,36,28,0.272,0.215,0.313,0.221,0.080,0.042,143,63,33,10
0.142,0.385,0.091,-1.1,0.105,-1,0.1872,0.1640,0.290,0.192,0.310,0.232,0.315,0.248,0.143,0.086,149,65,36,28,0.272,0.215,0.313,0.221,0.080,0.042,143,63,33,10
0.142,0.391,0.208,-1.14,0.131,0,0.1928,0.1767,0.387,0.987,0.310,0.232,0.315,0.248,0.143,0.086,149,65,36,28,0.272,0.215,0.313,0.221,0.080,0.042,143,63,33,10
0.142,0.526,0.626,-1.19,0.219,1,0.2096,0.1961,0.554,0.586,0.310,0.232,0.315,0.248,0.143,0.086,149,65,36,28,0.272,0.215,0.313,0.221,0.080,0.042,143,63,33,10
0.151,0.595,0.632,0.2,0.291,1,0.2393,0.2221,0.353,0.180,0.310,0.232,0.315,0.248,0.143,0.086,149,65,36,28,0.272,0.215,0.313,0.221,0.080,0.042,143,63,33,10
0.157,0.513,0.555,-0.08,0.108,0,0.2832,0.2565,0.321,0.059,0.310,0.232,0.315,0.248,0.143,0.086,149,65,36,28,0.272,0.215,0.313,0.221,0.080,0.042,143,63,33,10
0.155,0.557,0.625,-1.19,0.219,1,0.3314,0.2917,0.454,0.586,0.310,0.232,0.315,0.248,0.143,0.086,149,65,36,28,0.272,0.215,0.313,0.221,0.080,0.042,143,63,33,10
0.179,0.469,0.607,-0.08,0.108,0,0.3876,0.3316,0.330,0.059,0.310,0.232,0.315,0.248,0.143,0.086,149,65,36,28,0.272,0.215,0.313,0.221,0.080,0.042,143,63,33,10
0.173,0.355,0.486,-1.1,0.105,-1,0.4330,0.3628,0.342,0.192,0.310,0.232,0.315,0.248,0.143,0.086,149,65,36,28,0.272,0.215,0.313,0.221,0.080,0.042,143,63,33,10
0.159,0.362,0.437,0,0.000,0,0.4650,0.3844,0.204,0.166,0.310,0.232,0.315,0.248,0.143,0.086,149,65,36,28,0.272,0.215,0.313,0.221,0.080,0.042,143,63,33,10
0.159,0.320,0.532,1.69,0.290,0,0.4766,0.3913,0.112,-0.697,0.310,0.232,0.315,0.248,0.143,0.086,149,65,36,28,0.272,0.215,0.313,0.221,0.080,0.042,143,63,33,10
0.134,0.228,0.528,3.14,0.186,0,0.4666,0.3820,0.140,-0.486,0.310,0.232,0.315,0.248,0.143,0.086,149,65,36,28,0.272,0.215,0.313,0.221,0.080,0.042,143,63,33,10
0.132,0.237,0.616,2.53,0.140,0,0.4401,0.3631,0.099,-0.121,0.310,0.232,0.315,0.248,0.143,0.086,149,65,36,28,0.272,0.215,0.313,0.221,0.080,0.042,143,63,33,10
0.132,0.430,0.743,-1.19,0.219,1,0.4070,0.3433,0.264,0.586,0.310,0.232,0.315,0.248,0.143,0.086,149,65,36,28,0.272,0.215,0.313,0.221,0.080,0.042,143,63,33,10
0.086,0.352,0.768,-0.08,0.108,0,0.3598,0.3183,0.158,0.059,0.310,0.232,0.315,0.248,0.143,0.086,149,65,36,28,0.272,0.215,0.313,0.221,0.080,0.042,143,63,33,10
0.056,0.395,0.749,0.2,0.291,1,0.3042,0.2909,0.331,0.180,0.310,0.232,0.315,0.248,0.143,0.086,149,65,36,28,0.272,0.215,0.313,0.221,0.080,0.042,143,63,33,10
0.059,0.246,0.300,-1.1,0.105,-1,0.2478,0.2633,0.339,0.192,0.310,0.232,0.315,0.248,0.143,0.086,149,65,36,28,0.272,0.215,0.313,0.221,0.080,0.042,143,63,33,10
0.038,0.186,0.393,1.42,0.221,0,0.1918,0.2343,0.223,-0.397,0.310,0.232,0.315,0.248,0.143,0.086,149,65,36,28,0.272,0.215,0.313,0.221,0.080,0.042,143,63,33,10
0.041,0.165,0.112,-0.79,0.151,-1,0.1532,0.2153,0.328,0.736,0.310,0.232,0.315,0.248,0.143,0.086,149,65,36,28,0.272,0.215,0.313,0.221,0.080,0.042,143,63,33,10
0.041,0.196,0.265,1.37,0.298,0,0.1491,0.2198,0.182,-0.510,0.310,0.232,0.315,0.248,0.143,0.086,149,65,36,28,0.272,0.215,0.313,0.221,0.080,0.042,143,63,33,10
0.042,0.171,0.026,-0.79,0.151,-1,0.1649,0.2362,0.376,0.736,0.310,0.232,0.315,0.248,0.143,0.086,149,65,36,28,0.272,0.215,0.313,0.221,0.080,0.042,143,63,33,10
0.052,0.259,0.368,0.2,0.291,1,0.1996,0.2623,0.338,0.180,0.310,0.232,0.315,0.248,0.143,0.086,149,65,36,28,0.272,0.215,0.313,0.221,0.080,0.042,143,63,33,10
0.044,0.271,0.005,-0.08,0.108,0,0.2311,0.2826,0.180,0.059,0.310,0.232,0.315,0.248,0.143,0.086,149,65,36,28,0.272,0.215,0.313,0.221,0.080,0.042,143,63,33,10
0.056,0.225,0.002,-0.08,0.108,0,0.2572,0.2982,0.161,0.059,0.310,0.232,0.315,0.248,0.143,0.086,149,65,36,28,0.272,0.215,0.313,0.221,0.080,0.042,143,63,33,10
0.047,0.170,0.003,-0.79,0.151,-1,0.2691,0.3067,0.324,0.736,0.310,0.232,0.315,0.248,0.143,0.086,149,65,36,28,0.272,0.215,0.313,0.221,0.080,0.042,143,63,33,10
0.047,0.175,0.026,1.76,0.409,0,0.2707,0.3114,0.153,-0.884,0.310,0.232,0.315,0.248,0.143,0.086,149,65,36,28,0.272,0.215,0.313,0.221,0.080,0.042,143,63,33,10
0.045,0.128,0.002,1.99,0.186,0,0.2626,0.3135,0.080,-0.326,0.310,0.232,0.315,0.248,0.143,0.086,149,65,36,28,0.272,0.215,0.313,0.221,0.080,0.042,143,63,33,10
0.038,0.178,0.031,1.69,0.290,0,0.2563,0.3179,0.143,-0.697,0.310,0.232,0.315,0.248,0.143,0.086,149,65,36,28,0.272,0.215,0.313,0.221,0.080,0.042,143,63,33,10
0.035,0.218,0.009,0,0.000,0,0.2391,0.3115,0.140,0.166,0.310,0.232,0.315,0.248,0.143,0.086,149,65,36,28,0.272,0.215,0.313,0.221,0.080,0.042,143,63,33,10
0.045,0.233,0.005,-1.14,0.131,0,0.2110,0.2915,0.231,0.987,0.310,0.232,0.315,0.248,0.143,0.086,149,65,36,28,0.272,0.215,0.313,0.221,0.080,0.042,143,63,33,10
0.049,0.225,0.028,1.42,0.221,0,0.1750,0.2627,0.199,-0.397,0.310,0.232,0.315,0.248,0.143,0.086,149,65,36,28,0.272,0.215,0.313,0.221,0.080,0.042,143,63,33,10
0.063,0.191,0.141,2.53,0.140,0,0.1529,0.2449,0.188,-0.121,0.310,0.232,0.315,0.248,0.143,0.086,149,65,36,28,0.272,0.215,0.313,0.221,0.080,0.042,143,63,33,10
0.061,0.315,0.372,-0.48,0.134,0,0.1582,0.2502,0.313,0.007,0.310,0.232,0.315,0.248,0.143,0.086,149,65,36,28,0.272,0.215,0.313,0.221,0.080,0.042,143,63,33,10
0.065,0.347,0.301,-1.19,0.219,1,0.1779,0.2657,0.411,0.586,0.310,0.232,0.315,0.248,0.143,0.086,149,65,36,28,0.272,0.215,0.313,0.221,0.080,0.042,143,63,33,10
0.069,0.349,0.254,-0.52,0.062,0,0.1953,0.2750,0.241,0.341,0.310,0.232,0.315,0.248,0.143,0.086,149,65,36,28,0.272,0.215,0.313,0.221,0.080,0.042,143,63,33,10
0.081,0.310,0.159,-1.14,0.131,0,0.2136,0.2806,0.296,0.987,0.310,0.232,0.315,0.248,0.143,0.086,149,65,36,28,0.272,0.215,0.313,0.221,0.080,0.042,143,63,33,10
0.113,0.356,0.248,1.99,0.186,0,0.2310,0.2799,0.193,-0.326,0.310,0.232,0.315,0.248,0.143,0.086,149,65,36,28,0.272,0.215,0.313,0.221,0.080,0.042,143,63,33,10
0.109,0.402,0.438,1.69,0.290,0,0.2656,0.2902,0.182,-0.697,0.310,0.232,0.315,0.248,0.143,0.086,149,65,36,28,0.272,0.215,0.313,0.221,0.080,0.042,143,63,33,10
0.126,0.424,0.233,-0.42,0.180,0,0.3011,0.2984,0.387,0.318,0.310,0.232,0.315,0.248,0.143,0.086,149,65,36,28,0.272,0.215,0.313,0.221,0.080,0.042,143,63,33,10
0.123,0.354,0.246,0,0.000,0,0.3346,0.3030,0.254,0.166,0.310,0.232,0.315,0.248,0.143,0.086,149,65,36,28,0.272,0.215,0.313,0.221,0.080,0.042,143,63,33,10
0.128,0.354,0.051,-0.42,0.180,0,0.3366,0.2853,0.322,0.318,0.310,0.232,0.315,0.248,0.143,0.086,149,65,36,28,0.272,0.215,0.313,0.221,0.080,0.042,143,63,33,10
0.119,0.380,0.159,0.2,0.291,1,0.3231,0.2557,0.338,0.180,0.310,0.232,0.315,0.248,0.143,0.086,149,65,36,28,0.272,0.215,0.313,0.221,0.080,0.042,143,63,33,10
0.113,0.286,0.015,2.53,0.140,0,0.2979,0.2196,0.166,-0.121,0.310,0.232,0.315,0.248,0.143,0.086,149,65,36,28,0.272,0.215,0.313,0.221,0.080,0.042,143,63,33,10
0.119,0.218,0.002,0.85,0.046,0,0.2655,0.1817,0.236,0.06,0.310,0.232,0.315,0.248,0.143,0.086,149,65,36,28,0.272,0.215,0.313,0.221,0.080,0.042,143,63,33,10
0.098,0.181,0.001,0.85,0.046,0,0.2412,0.1543,0.290,0.06,0.310,0.232,0.315,0.248,0.143,0.086,149,65,36,28,0.272,0.215,0.313,0.221,0.080,0.042,143,63,33,10
0.082,0.198,0.001,-1.1,0.105,-1,0.2325,0.1415,0.251,0.192,0.310,0.232,0.315,0.248,0.143,0.086,149,65,36,28,0.272,0.215,0.313,0.221,0.080,0.042,143,63,33,10
0.082,0.193,0.001,-1.14,0.131,0,0.2327,0.1351,0.264,0.987,0.310,0.232,0.315,0.248,0.143,0.086,149,65,36,28,0.272,0.215,0.313,0.221,0.080,0.042,143,63,33,10
0.083,0.270,0.001,-1.1,0.105,-1,0.2303,0.1273,0.394,0.192,0.310,0.232,0.315,0.248,0.143,0.086,149,65,36,28,0.272,0.215,0.313,0.221,0.080,0.042,143,63,33,10
0.105,0.291,0.000,-0.08,0.108,0,0.2101,0.1055,0.204,0.059,0.310,0.232,0.315,0.248,0.143,0.086,149,65,36,28,0.272,0.215,0.313,0.221,0.080,0.042,143,63,33,10
0.108,0.246,0.001,1.99,0.186,0,0.1864,0.0820,0.099,-0.326,0.310,0.232,0.315,0.248,0.143,0.086,149,65,36,28,0.272,0.215,0.313,0.221,0.080,0.042,143,63,33,10
0.108,0.192,0.001,1.99,0.186,0,0.1730,0.0707,0.109,-0.326,0.310,0.232,0.315,0.248,0.143,0.086,149,65,36,28,0.272,0.215,0.313,0.221,0.080,0.042,143,63,33,10
0.112,0.279,0.005,-0.42,0.180,0,0.1580,0.0620,0.306,0.318,0.310,0.232,0.315,0.248,0.143,0.086,149,65,36,28,0.272,0.215,0.313,0.221,0.080,0.042,143,63,33,10
0.105,0.305,0.005,-0.08,0.108,0,0.1287,0.0453,0.193,0.059,0.310,0.232,0.315,0.248,0.143,0.086,149,65,36,28,0.272,0.215,0.313,0.221,0.080,0.042,143,63,33,10
0.102,0.370,0.065,1.37,0.298,0,0.1012,0.0334,0.147,-0.510,0.310,0.232,0.315,0.248,0.143,0.086,149,65,36,28,0.272,0.215,0.313,0.221,0.080,0.042,143,63,33,10
0.102,0.333,0.038,0,0.000,0,0.0693,0.0188,0.228,0.166,0.310,0.232,0.315,0.248,0.143,0.086,149,65,36,28,0.272,0.215,0.313,0.221,0.080,0.042,143,63,33,10
0.098,0.424,0.079,1.37,0.298,0,0.0474,0.0121,0.123,-0.510,0.310,0.232,0.315,0.248,0.143,0.086,149,65,36,28,0.272,0.215,0.313,0.221,0.080,0.042,143,63,33,10
0.102,0.336,0.071,-1.14,0.131,0,0.0362,0.0102,0.213,0.987,0.310,0.232,0.315,0.248,0.143,0.086,149,65,36,28,0.272,0.215,0.313,0.221,0.080,0.042,143,63,33,10
0.073,0.299,0.220,0.85,0.046,0,0.0305,0.0092,0.153,0.06,0.310,0.232,0.315,0.248,0.143,0.086,149,65,36,28,0.272,0.215,0.313,0.221,0.080,0.042,143,63,33,10
0.074,0.275,0.063,2.1,0.128,0,0.0198,0.0045,0.083,0.02,0.310,0.232,0.315,0.248,0.143,0.086,149,65,36,28,0.272,0.215,0.313,0.221,0.080,0.042,143,63,33,10
0.078,0.205,0.001,1.99,0.186,0,0.0162,0.0037,0.085,-0.326,0.310,0.232,0.315,0.248,0.143,0.086,149,65,36,28,0.272,0.215,0.313,0.221,0.080,0.042,143,63,33,10
0.078,0.209,0.067,0,0.000,0,0.0115,0.0018,0.079,0.166,0.310,0.232,0.315,0.248,0.143,0.086,149,65,36,28,0.272,0.215,0.313,0.221,0.080,0.042,143,63,33,10
0.079,0.205,0.139,0.85,0.046,0,0.0059,-0.0000,0.067,0.06,0.310,0.232,0.315,0.248,0.143,0.086,149,65,36,28,0.272,0.215,0.313,0.221,0.080,0.042,143,63,33,10
0.102,0.203,0.059,3.14,0.186,0,0.0051,-0.0002,0.057,-0.486,0.310,0.232,0.315,0.248,0.143,0.086,149,65,36,28,0.272,0.215,0.313,0.221,0.080,0.042,143,63,33,10
0.108,0.161,0.103,3.14,0.186,0,0.0065,0.0002,0.044,-0.486,0.310,0.232,0.315,0.248,0.143,0.086,149,65,36,28,0.272,0.215,0.313,0.221,0.080,0.042,143,63,33,10
0.118,0.160,0.004,2.53,0.140,0,0.0108,0.0017,0.035,-0.121,0.310,0.232,0.315,0.248,0.143,0.086,149,65,36,28,0.272,0.215,0.313,0.221,0.080,0.042,143,63,33,10
0.110,0.174,0.228,-0.42,0.180,0,0.0107,0.0015,0.071,0.318,0.310,0.232,0.315,0.248,0.143,0.086,149,65,36,28,0.272,0.215,0.313,0.221,0.080,0.042,143,63,33,10
0.129,0.199,0.001,2.53,0.140,0,0.0096,0.0014,0.018,-0.121,0.310,0.232,0.315,0.248,0.143,0.086,149,65,36,28,0.272,0.215,0.313,0.221,0.080,0.042,143,63,33,10
0.142,0.252,0.236,1.76,0.409,0,0.0100,0.0013,0.037,-0.884,0.310,0.232,0.315,0.248,0.143,0.086,149,65,36,28,0.272,0.215,0.313,0.221,0.080,0.042,143,63,33,10
0.142,0.190,0.021,3.14,0.186,0,0.0115,0.0018,0.037,-0.486,0.310,0.232,0.315,0.248,0.143,0.086,149,65,36,28,0.272,0.215,0.313,0.221,0.080,0.042,143,63,33,10
0.141,0.193,0.201,2.53,0.140,0,0.0130,0.0022,0.038,-0.121,0.310,0.232,0.315,0.248,0.143,0.086,149,65,36,28,0.272,0.215,0.313,0.221,0.080,0.042,143,63,33,10
0.141,0.242,0.004,1.99,0.186,0,0.0158,0.0032,0.022,-0.326,0.310,0.232,0.315,0.248,0.143,0.086,149,65,36,28,0.272,0.215,0.313,0.221,0.080,0.042,143,63,33,10
0.143,0.256,0.006,2.53,0.140,0,0.0167,0.0039,0.025,-0.121,0.310,0.232,0.315,0.248,0.143,0.086,149,65,36,28,0.272,0.215,0.313,0.221,0.080,0.042,143,63,33,10
0.175,0.417,0.527,-1.19,0.219,1,0.0153,0.0037,0.225,0.586,0.310,0.232,0.315,0.248,0.143,0.086,149,65,36,28,0.272,0.215,0.313,0.221,0.080,0.042,143,63,33,10
0.182,0.417,0.096,0.85,0.046,0,0.0173,0.0046,0.071,0.06,0.310,0.232,0.315,0.248,0.143,0.086,149,65,36,28,0.272,0.215,0.313,0.221,0.080,0.042,143,63,33,10
0.156,0.430,0.027,3.14,0.186,0,0.0187,0.0047,0.059,-0.486,0.310,0.232,0.315,0.248,0.143,0.086,149,65,36,28,0.272,0.215,0.313,0.221,0.080,0.042,143,63,33,10
0.129,0.705,0.507,-0.08,0.108,0,0.0224,0.0059,0.147,0.059,0.310,0.232,0.315,0.248,0.143,0.086,149,65,36,28,0.272,0.215,0.313,0.221,0.080,0.042,143,63,33,10
0.113,0.744,0.344,-0.52,0.062,0,0.0295,0.0090,0.277,0.341,0.310,0.232,0.315,0.248,0.143,0.086,149,65,36,28,0.272,0.215,0.313,0.221,0.080,0.042,143,63,33,10
0.117,0.815,0.389,-0.52,0.062,0,0.0332,0.0091,0.284,0.341,0.310,0.232,0.315,0.248,0.143,0.086,149,65,36,28,0.272,0.215,0.313,0.221,0.080,0.042,143,63,33,10
0.167,0.765,0.471,0.85,0.046,0,0.0363,0.0078,0.294,0.06,0.310,0.232,0.315,0.248,0.143,0.086,149,65,36,28,0.272,0.215,0.313,0.221,0.080,0.042,143,63,33,10
0.140,0.799,0.423,0,0.000,0,0.0486,0.0116,0.274,0.166,0.310,0.232,0.315,0.248,0.143,0.086,149,65,36,28,0.272,0.215,0.313,0.221,0.080,0.042,143,63,33,10
0.141,0.766,0.173,1.99,0.186,0,0.0692,0.0212,0.131,-0.326,0.310,0.232,0.315,0.248,0.143,0.086,149,65,36,28,0.272,0.215,0.313,0.221,0.080,0.042,143,63,33,10
0.117,0.851,0.459,0.2,0.291,1,0.0910,0.0307,0.271,0.180,0.310,0.232,0.315,0.248,0.143,0.086,149,65,36,28,0.272,0.215,0.313,0.221,0.080,0.042,143,63,33,10
0.122,0.807,0.427,-1.19,0.219,1,0.1157,0.0433,0.435,0.586,0.310,0.232,0.315,0.248,0.143,0.086,149,65,36,28,0.272,0.215,0.313,0.221,0.080,0.042,143,63,33,10
0.095,0.570,0.587,0,0.000,0,0.1362,0.0535,0.199,0.166,0.310,0.232,0.315,0.248,0.143,0.086,149,65,36,28,0.272,0.215,0.313,0.221,0.080,0.042,143,63,33,10
0.090,0.543,0.396,1.69,0.290,0,0.1545,0.0639,0.079,-0.697,0.310,0.232,0.315,0.248,0.143,0.086,149,65,36,28,0.272,0.215,0.313,0.221,0.080,0.042,143,63,33,10
0.095,0.494,0.453,1.69,0.290,0,0.1738,0.0761,0.123,-0.697,0.310,0.232,0.315,0.248,0.143,0.086,149,65,36,28,0.272,0.215,0.313,0.221,0.080,0.042,143,63,33,10
0.095,0.541,0.676,-0.48,0.134,0,0.1909,0.0886,0.343,0.007,0.310,0.232,0.315,0.248,0.143,0.086,149,65,36,28,0.272,0.215,0.313,0.221,0.080,0.042,143,63,33,10
0.090,0.634,0.689,0.2,0.291,1,0.1994,0.0973,0.176,0.180,0.310,0.232,0.315,0.248,0.143,0.086,149,65,36,28,0.272,0.215,0.313,0.221,0.080,0.042,143,63,33,10
0.106,0.445,0.021,1.99,0.186,0,0.1902,0.0955,0.078,-0.326,0.310,0.232,0.315,0.248,0.143,0.086,149,65,36,28,0.272,0.215,0.313,0.221,0.080,0.042,143,63,33,10
0.108,0.398,0.147,-0.79,0.151,-1,0.1664,0.0850,0.305,0.736,0.310,0.232,0.315,0.248,0.143,0.086,149,65,36,28,0.272,0.215,0.313,0.221,0.080,0.042,143,63,33,10
0.106,0.426,0.513,0.85,0.046,0,0.1477,0.0808,0.214,0.06,0.310,0.232,0.315,0.248,0.143,0.086,149,65,36,28,0.272,0.215,0.313,0.221,0.080,0.042,143,63,33,10
0.106,0.482,0.509,1.69,0.290,0,0.1282,0.0738,0.080,-0.697,0.310,0.232,0.315,0.248,0.143,0.086,149,65,36,28,0.272,0.215,0.313,0.221,0.080,0.042,143,63,33,10
0.102,0.560,0.410,0.2,0.291,1,0.1111,0.0676,0.290,0.180,0.310,0.232,0.315,0.248,0.143,0.086,149,65,36,28,0.272,0.215,0.313,0.221,0.080,0.042,143,63,33,10
0.067,0.522,0.286,-0.42,0.180,0,0.1155,0.0757,0.499,0.318,0.310,0.232,0.315,0.248,0.143,0.086,149,65,36,28,0.272,0.215,0.313,0.221,0.080,0.042,143,63,33,10
0.062,0.552,0.262,-1.1,0.105,-1,0.1256,0.0863,0.468,0.192,0.310,0.232,0.315,0.248,0.143,0.086,149,65,36,28,0.272,0.215,0.313,0.221,0.080,0.042,143,63,33,10
0.078,0.780,0.295,0,0.000,0,0.1324,0.0930,0.278,0.166,0.310,0.232,0.315,0.248,0.143,0.086,149,65,36,28,0.272,0.215,0.313,0.221,0.080,0.042,143,63,33,10
0.077,0.787,0.636,-0.08,0.108,0,0.1448,0.1054,0.272,0.059,0.310,0.232,0.315,0.248,0.143,0.086,149,65,36,28,0.272,0.215,0.313,0.221,0.080,0.042,143,63,33,10
0.087,0.434,0.131,2.53,0.140,0,0.1712,0.1280,0.142,-0.121,0.310,0.232,0.315,0.248,0.143,0.086,149,65,36,28,0.272,0.215,0.313,0.221,0.080,0.042,143,63,33,10
0.083,0.758,0.494,-1.19,0.219,1,0.2014,0.1559,0.374,0.586,0.310,0.232,0.315,0.248,0.143,0.086,149,65,36,28,0.272,0.215,0.313,0.221,0.080,0.042,143,63,33,10
0.068,0.345,0.341,0,0.000,0,0.2277,0.1824,0.131,0.166,0.310,0.232,0.315,0.248,0.143,0.086,149,65,36,28,0.272,0.215,0.313,0.221,0.080,0.042,143,63,33,10
0.086,0.266,0.289,0.85,0.046,0,0.2403,0.1995,0.063,0.06,0.310,0.232,0.315,0.248,0.143,0.086,149,65,36,28,0.272,0.215,0.313,0.221,0.080,0.042,143,63,33,10
0.083,0.274,0.173,1.99,0.186,0,0.2343,0.2030,0.059,-0.326,0.310,0.232,0.315,0.248,0.143,0.086,149,65,36,28,0.272,0.215,0.313,0.221,0.080,0.042,143,63,33,10
0.103,0.203,0.453,2.53,0.140,0,0.2161,0.1979,0.096,-0.121,0.310,0.232,0.315,0.248,0.143,0.086,149,65,36,28,0.272,0.215,0.313,0.221,0.080,0.042,143,63,33,10
0.105,0.319,0.401,1.69,0.290,0,0.2035,0.1957,0.061,-0.697,0.310,0.232,0.315,0.248,0.143,0.086,149,65,36,28,0.272,0.215,0.313,0.221,0.080,0.042,143,63,33,10
0.108,0.337,0.464,-0.08,0.108,0,0.2007,0.2002,0.156,0.059,0.310,0.232,0.315,0.248,0.143,0.086,149,65,36,28,0.272,0.215,0.313,0.221,0.080,0.042,143,63,33,10
0.117,0.284,0.431,0,0.000,0,0.1994,0.2020,0.178,0.166,0.310,0.232,0.315,0.248,0.143,0.086,149,65,36,28,0.272,0.215,0.313,0.221,0.080,0.042,143,63,33,10
0.120,0.236,0.200,-0.79,0.151,-1,0.1868,0.1951,0.343,0.736,0.310,0.232,0.315,0.248,0.143,0.086,149,65,36,28,0.272,0.215,0.313,0.221,0.080,0.042,143,63,33,10
0.132,0.279,0.106,-0.08,0.108,0,0.1751,0.1860,0.210,0.059,0.310,0.232,0.315,0.248,0.143,0.086,149,65,36,28,0.272,0.215,0.313,0.221,0.080,0.042,143,63,33,10
0.128,0.237,0.453,2.53,0.140,0,0.1836,0.1947,0.102,-0.121,0.310,0.232,0.315,0.248,0.143,0.086,149,65,36,28,0.272,0.215,0.313,0.221,0.080,0.042,143,63,33,10
0.100,0.217,0.208,-0.79,0.151,-1,0.1920,0.2033,0.365,0.736,0.310,0.232,0.315,0.248,0.143,0.086,149,65,36,28,0.272,0.215,0.313,0.221,0.080,0.042,143,63,33,10
0.103,0.275,0.128,0,0.000,0,0.2016,0.2148,0.182,0.166,0.310,0.232,0.315,0.248,0.143,0.086,149,65,36,28,0.272,0.215,0.313,0.221,0.080,0.042,143,63,33,10
0.102,0.330,0.004,3.14,0.186,0,0.2185,0.2312,0.125,-0.486,0.310,0.232,0.315,0.248,0.143,0.086,149,65,36,28,0.272,0.215,0.313,0.221,0.080,0.042,143,63,33,10
0.102,0.307,0.494,0,0.000,0,0.2281,0.2418,0.149,0.166,0.310,0.232,0.315,0.248,0.143,0.086,149,65,36,28,0.272,0.215,0.313,0.221,0.080,0.042,143,63,33,10
0.108,0.359,0.639,-0.52,0.062,0,0.2265,0.2438,0.187,0.341,0.310,0.232,0.315,0.248,0.143,0.086,149,65,36,28,0.272,0.215,0.313,0.221,0.080,0.042,143,63,33,10
0.130,0.308,0.244,2.53,0.140,0,0.2159,0.2376,0.142,-0.121,0.310,0.232,0.315,0.248,0.143,0.086,149,65,36,28,0.272,0.215,0.313,0.221,0.080,0.042,143,63,33,10
0.142,0.395,0.055,1.42,0.221,0,0.1999,0.2252,0.148,-0.397,0.310,0.232,0.315,0.248,0.143,0.086,149,65,36,28,0.272,0.215,0.313,0.221,0.080,0.042,143,63,33,10
0.139,0.496,0.552,0.2,0.291,1,0.1813,0.2118,0.334,0.180,0.310,0.232,0.315,0.248,0.143,0.086,149,65,36,28,0.272,0.215,0.313,0.221,0.080,0.042,143,63,33,10
0.139,0.508,0.309,-0.52,0.062,0,0.1661,0.2001,0.193,0.341,0.310,0.232,0.315,0.248,0.143,0.086,149,65,36,28,0.272,0.215,0.313,0.221,0.080,0.042,143,63,33,10
0.139,0.552,0.228,-0.42,0.180,0,0.1447,0.1823,0.188,0.318,0.310,0.232,0.315,0.248,0.143,0.086,149,65,36,28,0.272,0.215,0.313,0.221,0.080,0.042,143,63,33,10
0.139,0.515,0.309,-0.42,0.180,0,0.1244,0.1641,0.302,0.318,0.310,0.232,0.315,0.248,0.143,0.086,149,65,36,28,0.272,0.215,0.313,0.221,0.080,0.042,143,63,33,10
0.169,0.476,0.415,-0.52,0.062,0,0.1030,0.1453,0.180,0.341,0.310,0.232,0.315,0.248,0.143,0.086,149,65,36,28,0.272,0.215,0.313,0.221,0.080,0.042,143,63,33,10
0.158,0.366,0.023,1.99,0.186,0,0.1019,0.1432,0.069,-0.326,0.310,0.232,0.315,0.248,0.143,0.086,149,65,36,28,0.272,0.215,0.313,0.221,0.080,0.042,143,63,33,10
0.168,0.336,0.422,2.53,0.140,0,0.1173,0.1551,0.069,-0.121,0.310,0.232,0.315,0.248,0.143,0.086,149,65,36,28,0.272,0.215,0.313,0.221,0.080,0.042,143,63,33,10
0.141,0.347,0.373,-0.52,0.062,0,0.1357,0.1684,0.205,0.341,0.310,0.232,0.315,0.248,0.143,0.086,149,65,36,28,0.272,0.215,0.313,0.221,0.080,0.042,143,63,33,10
0.127,0.295,0.046,1.99,0.186,0,0.1529,0.1821,0.076,-0.326,0.310,0.232,0.315,0.248,0.143,0.086,149,65,36,28,0.272,0.215,0.313,0.221,0.080,0.042,143,63,33,10
0.128,0.255,0.002,1.42,0.221,0,0.1616,0.1860,0.060,-0.397,0.310,0.232,0.315,0.248,0.143,0.086,149,65,36,28,0.272,0.215,0.313,0.221,0.080,0.042,143,63,33,10
0.128,0.226,0.002,2.53,0.140,0,0.1726,0.1922,0.079,-0.121,0.310,0.232,0.315,0.248,0.143,0.086,149,65,36,28,0.272,0.215,0.313,0.221,0.080,0.042,143,63,33,10
0.129,0.197,0.008,-0.79,0.151,-1,0.1690,0.1847,0.253,0.736,0.310,0.232,0.315,0.248,0.143,0.086,149,65,36,28,0.272,0.215,0.313,0.221,0.080,0.042,143,63,33,10
0.118,0.236,0.022,-0.08,0.108,0,0.1651,0.1797,0.080,0.059,0.310,0.232,0.315,0.248,0.143,0.086,149,65,36,28,0.272,0.215,0.313,0.221,0.080,0.042,143,63,33,10
0.121,0.194,0.005,1.99,0.186,0,0.1482,0.1622,0.079,-0.326,0.310,0.232,0.315,0.248,0.143,0.086,149,65,36,28,0.272,0.215,0.313,0.221,0.080,0.042,143,63,33,10
0.119,0.170,0.011,2.53,0.140,0,0.1433,0.1544,0.114,-0.121,0.310,0.232,0.315,0.248,0.143,0.086,149,65,36,28,0.272,0.215,0.313,0.221,0.080,0.042,143,63,33,10
0.108,0.277,0.062,-0.08,0.108,0,0.1584,0.1620,0.210,0.059,0.310,0.232,0.315,0.248,0.143,0.086,149,65,36,28,0.272,0.215,0.313,0.221,0.080,0.042,143,63,33,10
0.108,0.263,0.088,1.42,0.221,0,0.1788,0.1718,0.090,-0.397,0.310,0.232,0.315,0.248,0.143,0.086,149,65,36,28,0.272,0.215,0.313,0.221,0.080,0.042,143,63,33,10
0.087,0.354,0.477,-0.48,0.134,0,0.1900,0.1754,0.215,0.007,0.310,0.232,0.315,0.248,0.143,0.086,149,65,36,28,0.272,0.215,0.313,0.221,0.080,0.042,143,63,33,10
0.103,0.322,0.622,-0.08,0.108,0,0.2079,0.1835,0.216,0.059,0.310,0.232,0.315,0.248,0.143,0.086,149,65,36,28,0.272,0.215,0.313,0.221,0.080,0.042,143,63,33,10
0.088,0.316,0.589,0.85,0.046,0,0.2322,0.1975,0.215,0.06,0.310,0.232,0.315,0.248,0.143,0.086,149,65,36,28,0.272,0.215,0.313,0.221,0.080,0.042,143,63,33,10
0.082,0.459,0.922,0.2,0.291,1,0.2524,0.2086,0.322,0.180,0.310,0.232,0.315,0.248,0.143,0.086,149,65,36,28,0.272,0.215,0.313,0.221,0.080,0.042,143,63,33,10
0.079,0.375,0.789,-0.52,0.062,0,0.2630,0.2122,0.308,0.341,0.310,0.232,0.315,0.248,0.143,0.086,149,65,36,28,0.272,0.215,0.313,0.221,0.080,0.042,143,63,33,10
0.095,0.311,0.781,-1.1,0.105,-1,0.2565,0.2028,0.286,0.192,0.310,0.232,0.315,0.248,0.143,0.086,149,65,36,28,0.272,0.215,0.313,0.221,0.080,0.042,143,63,33,10
0.100,0.278,0.524,1.99,0.186,0,0.2416,0.1881,0.128,-0.326,0.310,0.232,0.315,0.248,0.143,0.086,149,65,36,28,0.272,0.215,0.313,0.221,0.080,0.042,143,63,33,10
0.103,0.422,0.653,-0.08,0.108,0,0.2243,0.1717,0.346,0.059,0.310,0.232,0.315,0.248,0.143,0.086,149,65,36,28,0.272,0.215,0.313,0.221,0.080,0.042,143,63,33,10
0.087,0.457,0.672,-0.08,0.108,0,0.2096,0.1589,0.291,0.059,0.310,0.232,0.315,0.248,0.143,0.086,149,65,36,28,0.272,0.215,0.313,0.221,0.080,0.042,143,63,33,10
0.081,0.345,0.140,1.99,0.186,0,0.1937,0.1467,0.112,-0.326,0.310,0.232,0.315,0.248,0.143,0.086,149,65,36,28,0.272,0.215,0.313,0.221,0.080,0.042,143,63,33,10
0.076,0.363,0.212,-0.79,0.151,-1,0.1791,0.1352,0.327,0.736,0.310,0.232,0.315,0.248,0.143,0.086,149,65,36,28,0.272,0.215,0.313,0.221,0.080,0.042,143,63,33,10
0.094,0.405,0.456,-1.19,0.219,1,0.1744,0.1317,0.435,0.586,0.310,0.232,0.315,0.248,0.143,0.086,149,65,36,28,0.272,0.215,0.313,0.221,0.080,0.042,143,63,33,10
0.095,0.420,0.107,-0.48,0.134,0,0.1588,0.1178,0.191,0.007,0.310,0.232,0.315,0.248,0.143,0.086,149,65,36,28,0.272,0.215,0.313,0.221,0.080,0.042,143,63,33,10
0.095,0.243,0.003,3.14,0.186,0,0.1443,0.1077,0.052,-0.486,0.310,0.232,0.315,0.248,0.143,0.086,149,65,36,28,0.272,0.215,0.313,0.221,0.080,0.042,143,63,33,10
0.093,0.346,0.187,-0.42,0.180,0,0.1178,0.0896,0.326,0.318,0.310,0.232,0.315,0.248,0.143,0.086,149,65,36,28,0.272,0.215,0.313,0.221,0.080,0.042,143,63,33,10
0.088,0.310,0.160,3.14,0.186,0,0.0970,0.0777,0.089,-0.486,0.310,0.232,0.315,0.248,0.143,0.086,149,65,36,28,0.272,0.215,0.313,0.221,0.080,0.042,143,63,33,10
0.092,0.429,0.004,2.53,0.140,0,0.0904,0.0759,0.072,-0.121,0.310,0.232,0.315,0.248,0.143,0.086,149,65,36,28,0.272,0.215,0.313,0.221,0.080,0.042,143,63,33,10
0.097,0.501,0.150,0,0.000,0,0.0865,0.0760,0.087,0.166,0.310,0.232,0.315,0.248,0.143,0.086,149,65,36,28,0.272,0.215,0.313,0.221,0.080,0.042,143,63,33,10
0.084,0.536,0.443,-0.48,0.134,0,0.0719,0.0689,0.194,0.007,0.310,0.232,0.315,0.248,0.143,0.086,149,65,36,28,0.272,0.215,0.313,0.221,0.080,0.042,143,63,33,10
0.093,0.617,0.463,1.37,0.298,0,0.0585,0.0603,0.131,-0.510,0.310,0.232,0.315,0.248,0.143,0.086,149,65,36,28,0.272,0.215,0.313,0.221,0.080,0.042,143,63,33,10
0.078,0.442,0.216,3.14,0.186,0,0.0487,0.0554,0.063,-0.486,0.310,0.232,0.315,0.248,0.143,0.086,149,65,36,28,0.272,0.215,0.313,0.221,0.080,0.042,143,63,33,10
0.092,0.492,0.482,0.2,0.291,1,0.0446,0.0537,0.283,0.180,0.310,0.232,0.315,0.248,0.143,0.086,149,65,36,28,0.272,0.215,0.313,0.221,0.080,0.042,143,63,33,10
0.072,0.452,0.288,-1.1,0.105,-1,0.0433,0.0532,0.345,0.192,0.310,0.232,0.315,0.248,0.143,0.086,149,65,36,28,0.272,0.215,0.313,0.221,0.080,0.042,143,63,33,10
0.106,0.453,0.254,0.85,0.046,0,0.0389,0.0486,0.232,0.06,0.310,0.232,0.315,0.248,0.143,0.086,149,65,36,28,0.272,0.215,0.313,0.221,0.080,0.042,143,63,33,10
0.097,0.482,0.618,0,0.000,0,0.0324,0.0429,0.188,0.166,0.310,0.232,0.315,0.248,0.143,0.086,149,65,36,28,0.272,0.215,0.313,0.221,0.080,0.042,143,63,33,10
0.102,0.468,0.329,1.99,0.186,0,0.0374,0.0469,0.102,-0.326,0.310,0.232,0.315,0.248,0.143,0.086,149,65,36,28,0.272,0.215,0.313,0.221,0.080,0.042,143,63,33,10
0.105,0.501,0.276,0.85,0.046,0,0.0480,0.0560,0.192,0.06,0.310,0.232,0.315,0.248,0.143,0.086,149,65,36,28,0.272,0.215,0.313,0.221,0.080,0.042,143,63,33,10
0.085,0.563,0.493,-0.52,0.062,0,0.0580,0.0658,0.157,0.341,0.310,0.232,0.315,0.248,0.143,0.086,149,65,36,28,0.272,0.215,0.313,0.221,0.080,0.042,143,63,33,10
0.079,0.574,0.329,1.69,0.290,0,0.0706,0.0775,0.070,-0.697,0.310,0.232,0.315,0.248,0.143,0.086,149,65,36,28,0.272,0.215,0.313,0.221,0.080,0.042,143,63,33,10
0.117,0.540,0.297,1.42,0.221,0,0.0800,0.0862,0.121,-0.397,0.310,0.232,0.315,0.248,0.143,0.086,149,65,36,28,0.272,0.215,0.313,0.221,0.080,0.042,143,63,33,10
0.136,0.595,0.396,-0.48,0.134,0,0.0894,0.0936,0.220,0.007,0.310,0.232,0.315,0.248,0.143,0.086,149,65,36,28,0.272,0.215,0.313,0.221,0.080,0.042,143,63,33,10
0.140,0.605,0.678,-0.08,0.108,0,0.0920,0.0947,0.129,0.059,0.310,0.232,0.315,0.248,0.143,0.086,149,65,36,28,0.272,0.215,0.313,0.221,0.080,0.042,143,63,33,10
0.136,0.498,0.157,3.14,0.186,0,0.0859,0.0901,0.086,-0.486,0.310,0.232,0.315,0.248,0.143,0.086,149,65,36,28,0.272,0.215,0.313,0.221,0.080,0.042,143,63,33,10
0.140,0.574,0.550,-1.19,0.219,1,0.0734,0.0803,0.294,0.586,0.310,0.232,0.315,0.248,0.143,0.086,149,65,36,28,0.272,0.215,0.313,0.221,0.080,0.042,143,63,33,10
0.133,0.577,0.561,1.37,0.298,0,0.0735,0.0770,0.179,-0.510,0.310,0.232,0.315,0.248,0.143,0.086,149,65,36,28,0.272,0.215,0.313,0.221,0.080,0.042,143,63,33,10
0.130,0.472,0.422,0,0.000,0,0.0742,0.0738,0.194,0.166,0.310,0.232,0.315,0.248,0.143,0.086,149,65,36,28,0.272,0.215,0.313,0.221,0.080,0.042,143,63,33,10
0.137,0.420,0.546,2.53,0.140,0,0.0812,0.0741,0.143,-0.121,0.310,0.232,0.315,0.248,0.143,0.086,149,65,36,28,0.272,0.215,0.313,0.221,0.080,0.042,143,63,33,10
0.116,0.399,0.484,-0.79,0.151,-1,0.0915,0.0763,0.345,0.736,0.310,0.232,0.315,0.248,0.143,0.086,149,65,36,28,0.272,0.215,0.313,0.221,0.080,0.042,143,63,33,10
0.109,0.504,0.610,-0.08,0.108,0,0.1098,0.0848,0.189,0.059,0.310,0.232,0.315,0.248,0.143,0.086,149,65,36,28,0.272,0.215,0.313,0.221,0.080,0.042,143,63,33,10
0.138,0.560,0.677,-1.19,0.219,1,0.1254,0.0911,0.296,0.586,0.310,0.232,0.315,0.248,0.143,0.086,149,65,36,28,0.272,0.215,0.313,0.221,0.080,0.042,143,63,33,10
0.126,0.443,0.510,1.42,0.221,0,0.1470,0.1014,0.122,-0.397,0.310,0.232,0.315,0.248,0.143,0.086,149,65,36,28,0.272,0.215,0.313,0.221,0.080,0.042,143,63,33,10
0.143,0.397,0.491,0.85,0.046,0,0.1734,0.1135,0.115,0.06,0.310,0.232,0.315,0.248,0.143,0.086,149,65,36,28,0.272,0.215,0.313,0.221,0.080,0.042,143,63,33,10
0.147,0.402,0.485,0.85,0.046,0,0.1991,0.1261,0.150,0.06,0.310,0.232,0.315,0.248,0.143,0.086,149,65,36,28,0.272,0.215,0.313,0.221,0.080,0.042,143,63,33,10
0.128,0.425,0.384,1.99,0.186,0,0.2170,0.1364,0.107,-0.326,0.310,0.232,0.315,0.248,0.143,0.086,149,65,36,28,0.272,0.215,0.313,0.221,0.080,0.042,143,63,33,10
0.128,0.415,0.256,-0.08,0.108,0,0.2253,0.1405,0.194,0.059,0.310,0.232,0.315,0.248,0.143,0.086,149,65,36,28,0.272,0.215,0.313,0.221,0.080,0.042,143,63,33,10
0.142,0.373,0.266,1.99,0.186,0,0.2352,0.1484,0.103,-0.326,0.310,0.232,0.315,0.248,0.143,0.086,149,65,36,28,0.272,0.215,0.313,0.221,0.080,0.042,143,63,33,10
0.145,0.487,0.679,-0.52,0.062,0,0.2316,0.1477,0.280,0.341,0.310,0.232,0.315,0.248,0.143,0.086,149,65,36,28,0.272,0.215,0.313,0.221,0.080,0.042,143,63,33,10
0.152,0.544,0.611,-0.48,0.134,0,0.2200,0.1408,0.316,0.007,0.310,0.232,0.315,0.248,0.143,0.086,149,65,36,28,0.272,0.215,0.313,0.221,0.080,0.042,143,63,33,10
0.183,0.481,0.205,1.99,0.186,0,0.2074,0.1334,0.119,-0.326,0.310,0.232,0.315,0.248,0.143,0.086,149,65,36,28,0.272,0.215,0.313,0.221,0.080,0.042,143,63,33,10
0.188,0.644,0.634,0.2,0.291,1,0.1872,0.1211,0.308,0.180,0.310,0.232,0.315,0.248,0.143,0.086,149,65,36,28,0.272,0.215,0.313,0.221,0.080,0.042,143,63,33,10
0.147,0.480,0.546,-1.14,0.131,0,0.1640,0.1081,0.385,0.987,0.310,0.232,0.315,0.248,0.143,0.086,149,65,36,28,0.272,0.215,0.313,0.221,0.080,0.042,143,63,33,10
0.135,0.465,0.444,-1.1,0.105,-1,0.1400,0.0940,0.270,0.192,0.310,0.232,0.315,0.248,0.143,0.086,149,65,36,28,0.272,0.215,0.313,0.221,0.080,0.042,143,63,33,10
0.120,0.463,0.298,3.14,0.186,0,0.1270,0.0860,0.115,-0.486,0.310,0.232,0.315,0.248,0.143,0.086,149,65,36,28,0.272,0.215,0.313,0.221,0.080,0.042,143,63,33,10
0.119,0.696,0.676,-0.48,0.134,0,0.1288,0.0908,0.418,0.007,0.310,0.232,0.315,0.248,0.143,0.086,149,65,36,28,0.272,0.215,0.313,0.221,0.080,0.042,143,63,33,10
0.125,0.747,0.536,-1.19,0.219,1,0.1562,0.1137,0.354,0.586,0.310,0.232,0.315,0.248,0.143,0.086,149,65,36,28,0.272,0.215,0.313,0.221,0.080,0.042,143,63,33,10
0.162,0.464,0.025,1.99,0.186,0,0.1912,0.1431,0.046,-0.326,0.310,0.232,0.315,0.248,0.143,0.086,149,65,36,28,0.272,0.215,0.313,0.221,0.080,0.042,143,63,33,10
0.166,0.782,0.436,0.2,0.291,1,0.2317,0.1763,0.232,0.180,0.310,0.232,0.315,0.248,0.143,0.086,149,65,36,28,0.272,0.215,0.313,0.221,0.080,0.042,143,63,33,10
0.151,0.702,0.492,-0.52,0.062,0,0.2571,0.1995,0.352,0.341,0.310,0.232,0.315,0.248,0.143,0.086,149,65,36,28,0.272,0.215,0.313,0.221,0.080,0.042,143,63,33,10
0.184,0.562,0.004,1.99,0.186,0,0.2681,0.2114,0.107,-0.326,0.310,0.232,0.315,0.248,0.143,0.086,149,65,36,28,0.272,0.215,0.313,0.221,0.080,0.042,143,63,33,10
0.185,0.536,0.004,3.14,0.186,0,0.2686,0.2134,0.058,-0.486,0.310,0.232,0.315,0.248,0.143,0.086,149,65,36,28,0.272,0.215,0.313,0.221,0.080,0.042,143,63,33,10
0.172,0.525,0.043,-1.1,0.105,-1,0.2528,0.2026,0.233,0.192,0.310,0.232,0.315,0.248,0.143,0.086,149,65,36,28,0.272,0.215,0.313,0.221,0.080,0.042,143,63,33,10
0.149,0.802,0.041,-0.08,0.108,0,0.2193,0.1792,0.264,0.059,0.310,0.232,0.315,0.248,0.143,0.086,149,65,36,28,0.272,0.215,0.313,0.221,0.080,0.042,143,63,33,10
0.151,0.777,0.195,1.37,0.298,0,0.1717,0.1450,0.118,-0.510,0.310,0.232,0.315,0.248,0.143,0.086,149,65,36,28,0.272,0.215,0.313,0.221,0.080,0.042,143,63,33,10
0.159,0.471,0.046,1.99,0.186,0,0.1288,0.1140,0.122,-0.326,0.310,0.232,0.315,0.248,0.143,0.086,149,65,36,28,0.272,0.215,0.313,0.221,0.080,0.042,143,63,33,10
0.182,0.713,0.229,-0.52,0.062,0,0.0892,0.0848,0.426,0.341,0.310,0.232,0.315,0.248,0.143,0.086,149,65,36,28,0.272,0.215,0.313,0.221,0.080,0.042,143,63,33,10
0.148,0.801,0.353,-1.19,0.219,1,0.0718,0.0708,0.530,0.586,0.310,0.232,0.315,0.248,0.143,0.086,149,65,36,28,0.272,0.215,0.313,0.221,0.080,0.042,143,63,33,10
0.182,0.713,0.182,0,0.000,0,0.0678,0.0655,0.242,0.166,0.310,0.232,0.315,0.248,0.143,0.086,149,65,36,28,0.272,0.215,0.313,0.221,0.080,0.042,143,63,33,10
0.169,0.762,0.214,-1.14,0.131,0,0.0748,0.0692,0.311,0.987,0.310,0.232,0.315,0.248,0.143,0.086,149,65,36,28,0.272,0.215,0.313,0.221,0.080,0.042,143,63,33,10
0.154,0.860,0.715,0.2,0.291,1,0.0986,0.0857,0.377,0.180,0.310,0.232,0.315,0.248,0.143,0.086,149,65,36,28,0.272,0.215,0.313,0.221,0.080,0.042,143,63,33,10
0.155,0.559,0.612,0.85,0.046,0,0.1207,0.0999,0.106,0.06,0.310,0.232,0.315,0.248,0.143,0.086,149,65,36,28,0.272,0.215,0.313,0.221,0.080,0.042,143,63,33,10
0.170,0.539,0.465,-1.14,0.131,0,0.1443,0.1133,0.147,0.987,0.310,0.232,0.315,0.248,0.143,0.086,149,65,36,28,0.272,0.215,0.313,0.221,0.080,0.042,143,63,33,10
0.180,0.502,0.534,1.69,0.290,0,0.1714,0.1295,0.036,-0.697,0.310,0.232,0.315,0.248,0.143,0.086,149,65,36,28,0.272,0.215,0.313,0.221,0.080,0.042,143,63,33,10
0.155,0.339,0.190,3.14,0.186,0,0.1952,0.1435,0.048,-0.486,0.310,0.232,0.315,0.248,0.143,0.086,149,65,36,28,0.272,0.215,0.313,0.221,0.080,0.042,143,63,33,10
0.144,0.300,0.062,2.1,0.128,0,0.2131,0.1512,0.039,0.02,0.310,0.232,0.315,0.248,0.143,0.086,149,65,36,28,0.272,0.215,0.313,0.221,0.080,0.042,143,63,33,10
0.145,0.348,0.061,3.14,0.186,0,0.2290,0.1557,0.037,-0.486,0.310,0.232,0.315,0.248,0.143,0.086,149,65,36,28,0.272,0.215,0.313,0.221,0.080,0.042,143,63,33,10
0.133,0.303,0.007,1.99,0.186,0,0.2331,0.1539,0.033,-0.326,0.310,0.232,0.315,0.248,0.143,0.086,149,65,36,28,0.272,0.215,0.313,0.221,0.080,0.042,143,63,33,10
0.109,0.440,0.175,-1.19,0.219,1,0.2281,0.1454,0.262,0.586,0.310,0.232,0.315,0.248,0.143,0.086,149,65,36,28,0.272,0.215,0.313,0.221,0.080,0.042,143,63,33,10
0.090,0.350,0.166,-1.1,0.105,-1,0.2142,0.1319,0.135,0.192,0.310,0.232,0.315,0.248,0.143,0.086,149,65,36,28,0.272,0.215,0.313,0.221,0.080,0.042,143,63,33,10
0.084,0.338,0.063,-1.14,0.131,0,0.1929,0.1148,0.218,0.987,0.310,0.232,0.315,0.248,0.143,0.086,149,65,36,28,0.272,0.215,0.313,0.221,0.080,0.042,143,63,33,10
0.077,0.324,0.098,2.53,0.140,0,0.1706,0.0980,0.222,-0.121,0.310,0.232,0.315,0.248,0.143,0.086,149,65,36,28,0.272,0.215,0.313,0.221,0.080,0.042,143,63,33,10
0.077,0.394,0.243,0.22,0.230,0,0.1495,0.0827,0.247,0.303,0.310,0.232,0.315,0.248,0.143,0.086,149,65,36,28,0.272,0.215,0.313,0.221,0.080,0.042,143,63,33,10
0.080,0.356,0.235,0,0.000,0,0.1414,0.0747,0.236,0.166,0.310,0.232,0.315,0.248,0.143,0.086,149,65,36,28,0.272,0.215,0.313,0.221,0.080,0.042,143,63,33,10
0.067,0.338,0.228,-0.79,0.151,-1,0.1402,0.0705,0.386,0.736,0.310,0.232,0.315,0.248,0.143,0.086,149,65,36,28,0.272,0.215,0.313,0.221,0.080,0.042,143,63,33,10
0.072,0.381,0.325,1.69,0.290,0,0.1541,0.0747,0.139,-0.697,0.310,0.232,0.315,0.248,0.143,0.086,149,65,36,28,0.272,0.215,0.313,0.221,0.080,0.042,143,63,33,10
0.062,0.361,0.337,0.85,0.046,0,0.1715,0.0805,0.232,0.06,0.310,0.232,0.315,0.248,0.143,0.086,149,65,36,28,0.272,0.215,0.313,0.221,0.080,0.042,143,63,33,10
0.064,0.396,0.495,-1.14,0.131,0,0.1891,0.0857,0.331,0.987,0.310,0.232,0.315,0.248,0.143,0.086,149,65,36,28,0.272,0.215,0.313,0.221,0.080,0.042,143,63,33,10
0.068,0.444,0.458,0,0.000,0,0.1945,0.0855,0.323,0.166,0.310,0.232,0.315,0.248,0.143,0.086,149,65,36,28,0.272,0.215,0.313,0.221,0.080,0.042,143,63,33,10
0.055,0.544,0.486,-0.48,0.134,0,0.1799,0.0749,0.330,0.007,0.310,0.232,0.315,0.248,0.143,0.086,149,65,36,28,0.272,0.215,0.313,0.221,0.080,0.042,143,63,33,10
0.057,0.621,0.689,1.37,0.298,0,0.1705,0.0683,0.113,-0.510,0.310,0.232,0.315,0.248,0.143,0.086,149,65,36,28,0.272,0.215,0.313,0.221,0.080,0.042,143,63,33,10
0.061,0.435,0.508,-1.14,0.131,0,0.1546,0.0590,0.198,0.987,0.310,0.232,0.315,0.248,0.143,0.086,149,65,36,28,0.272,0.215,0.313,0.221,0.080,0.042,143,63,33,10
0.061,0.469,0.346,0.85,0.046,0,0.1310,0.0462,0.117,0.06,0.310,0.232,0.315,0.248,0.143,0.086,149,65,36,28,0.272,0.215,0.313,0.221,0.080,0.042,143,63,33,10
0.056,0.402,0.091,1.99,0.186,0,0.1125,0.0372,0.069,-0.326,0.310,0.232,0.315,0.248,0.143,0.086,149,65,36,28,0.272,0.215,0.313,0.221,0.080,0.042,143,63,33,10
0.053,0.505,0.384,1.76,0.409,0,0.1076,0.0348,0.089,-0.884,0.310,0.232,0.315,0.248,0.143,0.086,149,65,36,28,0.272,0.215,0.313,0.221,0.080,0.042,143,63,33,10
0.055,0.411,0.502,-0.52,0.062,0,0.1075,0.0335,0.090,0.341,0.310,0.232,0.315,0.248,0.143,0.086,149,65,36,28,0.272,0.215,0.313,0.221,0.080,0.042,143,63,33,10
0.085,0.465,0.424,1.37,0.298,0,0.1169,0.0369,0.127,-0.510,0.310,0.232,0.315,0.248,0.143,0.086,149,65,36,28,0.272,0.215,0.313,0.221,0.080,0.042,143,63,33,10
0.085,0.375,0.251,0.85,0.046,0,0.1211,0.0390,0.084,0.06,0.310,0.232,0.315,0.248,0.143,0.086,149,65,36,28,0.272,0.215,0.313,0.221,0.080,0.042,143,63,33,10
0.093,0.357,0.587,1.42,0.221,0,0.1193,0.0390,0.104,-0.397,0.310,0.232,0.315,0.248,0.143,0.086,149,65,36,28,0.272,0.215,0.313,0.221,0.080,0.042,143,63,33,10
0.088,0.370,0.334,0,0.000,0,0.1101,0.0348,0.129,0.166,0.310,0.232,0.315,0.248,0.143,0.086,149,65,36,28,0.272,0.215,0.313,0.221,0.080,0.042,143,63,33,10
0.101,0.324,0.218,2.53,0.140,0,0.1086,0.0343,0.072,-0.121,0.310,0.232,0.315,0.248,0.143,0.086,149,65,36,28,0.272,0.215,0.313,0.221,0.080,0.042,143,63,33,10
0.101,0.280,0.085,0.85,0.046,0,0.1082,0.0328,0.079,0.06,0.310,0.232,0.315,0.248,0.143,0.086,149,65,36,28,0.272,0.215,0.313,0.221,0.080,0.042,143,63,33,10
0.106,0.276,0.460,2.53,0.140,0,0.1152,0.0345,0.124,-0.121,0.310,0.232,0.315,0.248,0.143,0.086,149,65,36,28,0.272,0.215,0.313,0.221,0.080,0.042,143,63,33,10
0.100,0.258,0.084,2.53,0.140,0,0.1244,0.0356,0.085,-0.121,0.310,0.232,0.315,0.248,0.143,0.086,149,65,36,28,0.272,0.215,0.313,0.221,0.080,0.042,143,63,33,10
0.102,0.376,0.372,-0.42,0.180,0,0.1360,0.0371,0.209,0.318,0.310,0.232,0.315,0.248,0.143,0.086,149,65,36,28,0.272,0.215,0.313,0.221,0.080,0.042,143,63,33,10
0.150,0.372,0.368,-0.48,0.134,0,0.1590,0.0431,0.233,0.007,0.310,0.232,0.315,0.248,0.143,0.086,149,65,36,28,0.272,0.215,0.313,0.221,0.080,0.042,143,63,33,10
0.136,0.307,0.660,-1.19,0.219,1,0.1780,0.0480,0.393,0.586,0.310,0.232,0.315,0.248,0.143,0.086,149,65,36,28,0.272,0.215,0.313,0.221,0.080,0.042,143,63,33,10
0.136,0.262,0.582,0.85,0.046,0,0.1981,0.0559,0.176,0.06,0.310,0.232,0.315,0.248,0.143,0.086,149,65,36,28,0.272,0.215,0.313,0.221,0.080,0.042,143,63,33,10
0.135,0.265,0.458,1.42,0.221,0,0.2210,0.0668,0.144,-0.397,0.310,0.232,0.315,0.248,0.143,0.086,149,65,36,28,0.272,0.215,0.313,0.221,0.080,0.042,143,63,33,10
0.125,0.362,0.630,-0.42,0.180,0,0.2349,0.0767,0.299,0.318,0.310,0.232,0.315,0.248,0.143,0.086,149,65,36,28,0.272,0.215,0.313,0.221,0.080,0.042,143,63,33,10
0.127,0.396,0.572,-0.42,0.180,0,0.2361,0.0833,0.263,0.318,0.310,0.232,0.315,0.248,0.143,0.086,149,65,36,28,0.272,0.215,0.313,0.221,0.080,0.042,143,63,33,10
0.104,0.415,0.518,1.37,0.298,0,0.2238,0.0847,0.161,-0.510,0.310,0.232,0.315,0.248,0.143,0.086,149,65,36,28,0.272,0.215,0.313,0.221,0.080,0.042,143,63,33,10
0.107,0.296,0.569,2.53,0.140,0,0.2113,0.0856,0.112,-0.121,0.310,0.232,0.315,0.248,0.143,0.086,149,65,36,28,0.272,0.215,0.313,0.221,0.080,0.042,143,63,33,10
0.088,0.346,0.591,-0.08,0.108,0,0.2031,0.0872,0.290,0.059,0.310,0.232,0.315,0.248,0.143,0.086,149,65,36,28,0.272,0.215,0.313,0.221,0.080,0.042,143,63,33,10
0.088,0.256,0.499,0,0.000,0,0.1910,0.0849,0.258,0.166,0.310,0.232,0.315,0.248,0.143,0.086,149,65,36,28,0.272,0.215,0.313,0.221,0.080,0.042,143,63,33,10
0.090,0.338,0.467,0,0.000,0,0.1688,0.0763,0.173,0.166,0.310,0.232,0.315,0.248,0.143,0.086,149,65,36,28,0.272,0.215,0.313,0.221,0.080,0.042,143,63,33,10
0.109,0.258,0.268,-0.08,0.108,0,0.1424,0.0649,0.163,0.059,0.310,0.232,0.315,0.248,0.143,0.086,149,65,36,28,0.272,0.215,0.313,0.221,0.080,0.042,143,63,33,10
0.085,0.310,0.439,1.37,0.298,0,0.1172,0.0534,0.142,-0.510,0.310,0.232,0.315,0.248,0.143,0.086,149,65,36,28,0.272,0.215,0.313,0.221,0.080,0.042,143,63,33,10
0.085,0.205,0.121,1.99,0.186,0,0.1023,0.0464,0.103,-0.326,0.310,0.232,0.315,0.248,0.143,0.086,149,65,36,28,0.272,0.215,0.313,0.221,0.080,0.042,143,63,33,10
0.081,0.252,0.355,-1.1,0.105,-1,0.1036,0.0501,0.158,0.192,0.310,0.232,0.315,0.248,0.143,0.086,149,65,36,28,0.272,0.215,0.313,0.221,0.080,0.042,143,63,33,10
0.084,0.225,0.333,1.42,0.221,0,0.1217,0.0638,0.091,-0.397,0.310,0.232,0.315,0.248,0.143,0.086,149,65,36,28,0.272,0.215,0.313,0.221,0.080,0.042,143,63,33,10
0.109,0.251,0.210,-0.79,0.151,-1,0.1309,0.0701,0.119,0.736,0.310,0.232,0.315,0.248,0.143,0.086,149,65,36,28,0.272,0.215,0.313,0.221,0.080,0.042,143,63,33,10
0.117,0.243,0.357,1.42,0.221,0,0.1398,0.0772,0.066,-0.397,0.310,0.232,0.315,0.248,0.143,0.086,149,65,36,28,0.272,0.215,0.313,0.221,0.080,0.042,143,63,33,10
0.118,0.309,0.388,1.69,0.290,0,0.1530,0.0889,0.118,-0.697,0.310,0.232,0.315,0.248,0.143,0.086,149,65,36,28,0.272,0.215,0.313,0.221,0.080,0.042,143,63,33,10
0.101,0.284,0.209,1.99,0.186,0,0.1662,0.1020,0.111,-0.326,0.310,0.232,0.315,0.248,0.143,0.086,149,65,36,28,0.272,0.215,0.313,0.221,0.080,0.042,143,63,33,10
0.104,0.304,0.066,1.99,0.186,0,0.1847,0.1195,0.102,-0.326,0.310,0.232,0.315,0.248,0.143,0.086,149,65,36,28,0.272,0.215,0.313,0.221,0.080,0.042,143,63,33,10
0.126,0.338,0.361,0,0.000,0,0.1927,0.1276,0.134,0.166,0.310,0.232,0.315,0.248,0.143,0.086,149,65,36,28,0.272,0.215,0.313,0.221,0.080,0.042,143,63,33,10
0.130,0.336,0.517,-0.42,0.180,0,0.1985,0.1354,0.249,0.318,0.310,0.232,0.315,0.248,0.143,0.086,149,65,36,28,0.272,0.215,0.313,0.221,0.080,0.042,143,63,33,10
0.152,0.327,0.077,0.85,0.046,0,0.1937,0.1347,0.155,0.06,0.310,0.232,0.315,0.248,0.143,0.086,149,65,36,28,0.272,0.215,0.313,0.221,0.080,0.042,143,63,33,10
0.160,0.292,0.106,2.53,0.140,0,0.1938,0.1378,0.120,-0.121,0.310,0.232,0.315,0.248,0.143,0.086,149,65,36,28,0.272,0.215,0.313,0.221,0.080,0.042,143,63,33,10
0.168,0.337,0.007,0.85,0.046,0,0.2083,0.1503,0.175,0.06,0.310,0.232,0.315,0.248,0.143,0.086,149,65,36,28,0.272,0.215,0.313,0.221,0.080,0.042,143,63,33,10
0.160,0.420,0.428,-1.19,0.219,1,0.2387,0.1720,0.480,0.586,0.310,0.232,0.315,0.248,0.143,0.086,149,65,36,28,0.272,0.215,0.313,0.221,0.080,0.042,143,63,33,10
0.160,0.322,0.172,-1.1,0.105,-1,0.2686,0.1940,0.349,0.192,0.310,0.232,0.315,0.248,0.143,0.086,149,65,36,28,0.272,0.215,0.313,0.221,0.080,0.042,143,63,33,10
0.148,0.310,0.233,0.85,0.046,0,0.2997,0.2163,0.178,0.06,0.310,0.232,0.315,0.248,0.143,0.086,149,65,36,28,0.272,0.215,0.313,0.221,0.080,0.042,143,63,33,10
0.147,0.341,0.292,-0.79,0.151,-1,0.3314,0.2394,0.423,0.736,0.310,0.232,0.315,0.248,0.143,0.086,149,65,36,28,0.272,0.215,0.313,0.221,0.080,0.042,143,63,33,10
0.147,0.396,0.472,-0.52,0.062,0,0.3623,0.2627,0.399,0.341,0.310,0.232,0.315,0.248,0.143,0.086,149,65,36,28,0.272,0.215,0.313,0.221,0.080,0.042,143,63,33,10
0.150,0.409,0.537,-1.19,0.219,1,0.3837,0.2803,0.429,0.586,0.310,0.232,0.315,0.248,0.143,0.086,149,65,36,28,0.272,0.215,0.313,0.221,0.080,0.042,143,63,33,10
0.147,0.308,0.293,3.14,0.186,0,0.4209,0.3112,0.110,-0.486,0.310,0.232,0.315,0.248,0.143,0.086,149,65,36,28,0.272,0.215,0.313,0.221,0.080,0.042,143,63,33,10
0.145,0.328,0.409,-0.52,0.062,0,0.4585,0.3447,0.233,0.341,0.310,0.232,0.315,0.248,0.143,0.086,149,65,36,28,0.272,0.215,0.313,0.221,0.080,0.042,143,63,33,10
0.139,0.271,0.453,-0.52,0.062,0,0.4843,0.3696,0.389,0.341,0.310,0.232,0.315,0.248,0.143,0.086,149,65,36,28,0.272,0.215,0.313,0.221,0.080,0.042,143,63,33,10
0.132,0.226,0.067,0.85,0.046,0,0.4886,0.3772,0.232,0.06,0.310,0.232,0.315,0.248,0.143,0.086,149,65,36,28,0.272,0.215,0.313,0.221,0.080,0.042,143,63,33,10
0.132,0.190,0.003,1.99,0.186,0,0.4898,0.3829,0.133,-0.326,0.310,0.232,0.315,0.248,0.143,0.086,149,65,36,28,0.272,0.215,0.313,0.221,0.080,0.042,143,63,33,10
0.132,0.174,0.000,-0.79,0.151,-1,0.4973,0.3941,0.353,0.736,0.310,0.232,0.315,0.248,0.143,0.086,149,65,36,28,0.272,0.215,0.313,0.221,0.080,0.042,143,63,33,10
0.112,0.165,0.001,-1.1,0.105,-1,0.5051,0.4075,0.468,0.192,0.310,0.232,0.315,0.248,0.143,0.086,149,65,36,28,0.272,0.215,0.313,0.221,0.080,0.042,143,63,33,10
0.116,0.182,0.003,-0.79,0.151,-1,0.5016,0.4122,0.352,0.736,0.310,0.232,0.315,0.248,0.143,0.086,149,65,36,28,0.272,0.215,0.313,0.221,0.080,0.042,143,63,33,10
0.141,0.167,0.002,1.99,0.186,0,0.4982,0.4177,0.198,-0.326,0.310,0.232,0.315,0.248,0.143,0.086,149,65,36,28,0.272,0.215,0.313,0.221,0.080,0.042,143,63,33,10
0.139,0.226,0.122,0,0.000,0,0.4833,0.4126,0.373,0.166,0.310,0.232,0.315,0.248,0.143,0.086,149,65,36,28,0.272,0.215,0.313,0.221,0.080,0.042,143,63,33,10
0.121,0.240,0.183,2.53,0.140,0,0.4774,0.4146,0.191,-0.121,0.310,0.232,0.315,0.248,0.143,0.086,149,65,36,28,0.272,0.215,0.313,0.221,0.080,0.042,143,63,33,10
0.133,0.316,0.437,-0.08,0.108,0,0.4712,0.4146,0.306,0.059,0.310,0.232,0.315,0.248,0.143,0.086,149,65,36,28,0.272,0.215,0.313,0.221,0.080,0.042,143,63,33,10
0.126,0.325,0.184,-1.1,0.105,-1,0.4702,0.4166,0.420,0.192,0.310,0.232,0.315,0.248,0.143,0.086,149,65,36,28,0.272,0.215,0.313,0.221,0.080,0.042,143,63,33,10
0.120,0.403,0.072,-0.08,0.108,0,0.4602,0.4118,0.328,0.059,0.310,0.232,0.315,0.248,0.143,0.086,149,65,36,28,0.272,0.215,0.313,0.221,0.080,0.042,143,63,33,10
0.101,0.333,0.013,0.85,0.046,0,0.4606,0.4131,0.121,0.06,0.310,0.232,0.315,0.248,0.143,0.086,149,65,36,28,0.272,0.215,0.313,0.221,0.080,0.042,143,63,33,10
0.101,0.362,0.285,-1.19,0.219,1,0.4692,0.4206,0.291,0.586,0.310,0.232,0.315,0.248,0.143,0.086,149,65,36,28,0.272,0.215,0.313,0.221,0.080,0.042,143,63,33,10
0.131,0.264,0.011,-0.79,0.151,-1,0.4818,0.4301,0.392,0.736,0.310,0.232,0.315,0.248,0.143,0.086,149,65,36,28,0.272,0.215,0.313,0.221,0.080,0.042,143,63,33,10
0.138,0.355,0.097,0.2,0.291,1,0.4809,0.4291,0.247,0.180,0.310,0.232,0.315,0.248,0.143,0.086,149,65,36,28,0.272,0.215,0.313,0.221,0.080,0.042,143,63,33,10
0.172,0.282,0.004,1.99,0.186,0,0.4820,0.4309,0.044,-0.326,0.310,0.232,0.315,0.248,0.143,0.086,149,65,36,28,0.272,0.215,0.313,0.221,0.080,0.042,143,63,33,10
0.166,0.379,0.284,0.2,0.291,1,0.4895,0.4403,0.293,0.180,0.310,0.232,0.315,0.248,0.143,0.086,149,65,36,28,0.272,0.215,0.313,0.221,0.080,0.042,143,63,33,10
0.166,0.287,0.293,0.22,0.230,0,0.5074,0.4592,0.309,0.303,0.310,0.232,0.315,0.248,0.143,0.086,149,65,36,28,0.272,0.215,0.313,0.221,0.080,0.042,143,63,33,10
0.167,0.254,0.101,0.22,0.230,0,0.5061,0.4645,0.108,0.303,0.310,0.232,0.315,0.248,0.143,0.086,149,65,36,28,0.272,0.215,0.313,0.221,0.080,0.042,143,63,33,10
0.157,0.164,0.005,1.99,0.186,0,0.5023,0.4688,0.054,-0.326,0.310,0.232,0.315,0.248,0.143,0.086,149,65,36,28,0.272,0.215,0.313,0.221,0.080,0.042,143,63,33,10
0.174,0.169,0.309,0.85,0.046,0,0.5134,0.4820,0.220,0.06,0.310,0.232,0.315,0.248,0.143,0.086,149,65,36,28,0.272,0.215,0.313,0.221,0.080,0.042,143,63,33,10
0.151,0.230,0.147,-0.48,0.134,0,0.5276,0.4950,0.363,0.007,0.310,0.232,0.315,0.248,0.143,0.086,149,65,36,28,0.272,0.215,0.313,0.221,0.080,0.042,143,63,33,10
0.143,0.155,0.060,1.99,0.186,0,0.5393,0.5046,0.085,-0.326,0.310,0.232,0.315,0.248,0.143,0.086,149,65,36,28,0.272,0.215,0.313,0.221,0.080,0.042,143,63,33,10
0.555,0.201,0.347,-0.52,0.062,0,0.5461,0.5092,0.236,0.341,0.310,0.232,0.315,0.248,0.143,0.086,149,65,36,28,0.272,0.215,0.313,0.221,0.080,0.042,143,63,33,10
0.569,0.151,0.349,0,0.000,0,0.5669,0.5202,0.282,0.166,0.310,0.232,0.315,0.248,0.143,0.086,149,65,36,28,0.272,0.215,0.313,0.221,0.080,0.042,143,63,33,10
0.568,0.157,0.373,0,0.000,0,0.5900,0.5305,0.269,0.166,0.310,0.232,0.315,0.248,0.143,0.086,149,65,36,28,0.272,0.215,0.313,0.221,0.080,0.042,143,63,33,10
0.569,0.136,0.202,-1.1,0.105,-1,0.5998,0.5317,0.339,0.192,0.310,0.232,0.315,0.248,0.143,0.086,149,65,36,28,0.272,0.215,0.313,0.221,0.080,0.042,143,63,33,10
0.567,0.145,0.340,0,0.000,0,0.6067,0.5317,0.127,0.166,0.310,0.232,0.315,0.248,0.143,0.086,149,65,36,28,0.272,0.215,0.313,0.221,0.080,0.042,143,63,33,10
0.561,0.125,0.296,0.85,0.046,0,0.5927,0.5192,0.153,0.06,0.310,0.232,0.315,0.248,0.143,0.086,149,65,36,28,0.272,0.215,0.313,0.221,0.080,0.042,143,63,33,10
0.546,0.197,0.436,1.37,0.298,0,0.5891,0.5153,0.178,-0.510,0.310,0.232,0.315,0.248,0.143,0.086,149,65,36,28,0.272,0.215,0.313,0.221,0.080,0.042,143,63,33,10
0.547,0.168,0.399,0.22,0.230,0,0.5868,0.5151,0.179,0.303,0.310,0.232,0.315,0.248,0.143,0.086,149,65,36,28,0.272,0.215,0.313,0.221,0.080,0.042,143,63,33,10
0.547,0.142,0.459,-0.79,0.151,-1,0.5979,0.5248,0.201,0.736,0.310,0.232,0.315,0.248,0.143,0.086,149,65,36,28,0.272,0.215,0.313,0.221,0.080,0.042,143,63,33,10
0.555,0.162,0.480,-1.14,0.131,0,0.5949,0.5253,0.247,0.987,0.310,0.232,0.315,0.248,0.143,0.086,149,65,36,28,0.272,0.215,0.313,0.221,0.080,0.042,143,63,33,10
0.553,0.231,0.611,-0.08,0.108,0,0.5850,0.5214,0.282,0.059,0.310,0.232,0.315,0.248,0.143,0.086,149,65,36,28,0.272,0.215,0.313,0.221,0.080,0.042,143,63,33,10
0.542,0.214,0.597,0,0.000,0,0.5744,0.5172,0.253,0.166,0.310,0.232,0.315,0.248,0.143,0.086,149,65,36,28,0.272,0.215,0.313,0.221,0.080,0.042,143,63,33,10
0.542,0.226,0.514,0,0.000,0,0.5757,0.5205,0.224,0.166,0.310,0.232,0.315,0.248,0.143,0.086,149,65,36,28,0.272,0.215,0.313,0.221,0.080,0.042,143,63,33,10
0.539,0.193,0.545,0,0.000,0,0.5686,0.5189,0.174,0.166,0.310,0.232,0.315,0.248,0.143,0.086,149,65,36,28,0.272,0.215,0.313,0.221,0.080,0.042,143,63,33,10
0.540,0.161,0.417,0.85,0.046,0,0.5582,0.5150,0.112,0.06,0.310,0.232,0.315,0.248,0.143,0.086,149,65,36,28,0.272,0.215,0.313,0.221,0.080,0.042,143,63,33,10
0.537,0.110,0.314,3.14,0.186,0,0.5555,0.5149,0.059,-0.486,0.310,0.232,0.315,0.248,0.143,0.086,149,65,36,28,0.272,0.215,0.313,0.221,0.080,0.042,143,63,33,10
0.537,0.112,0.327,-0.79,0.151,-1,0.5536,0.5134,0.206,0.736,0.310,0.232,0.315,0.248,0.143,0.086,149,65,36,28,0.272,0.215,0.313,0.221,0.080,0.042,143,63,33,10
0.534,0.097,0.263,2.53,0.140,0,0.5481,0.5092,0.094,-0.121,0.310,0.232,0.315,0.248,0.143,0.086,149,65,36,28,0.272,0.215,0.313,0.221,0.080,0.042,143,63,33,10
0.530,0.100,0.152,0.85,0.046,0,0.5312,0.4973,0.066,0.06,0.310,0.232,0.315,0.248,0.143,0.086,149,65,36,28,0.272,0.215,0.313,0.221,0.080,0.042,143,63,33,10
0.530,0.095,0.242,1.99,0.186,0,0.5345,0.4979,0.076,-0.326,0.310,0.232,0.315,0.248,0.143,0.086,149,65,36,28,0.272,0.215,0.313,0.221,0.080,0.042,143,63,33,10
0.531,0.103,0.053,-1.1,0.105,-1,0.5281,0.4901,0.306,0.192,0.310,0.232,0.315,0.248,0.143,0.086,149,65,36,28,0.272,0.215,0.313,0.221,0.080,0.042,143,63,33,10
0.536,0.098,0.265,-0.48,0.134,0,0.5316,0.4886,0.284,0.007,0.310,0.232,0.315,0.248,0.143,0.086,149,65,36,28,0.272,0.215,0.313,0.221,0.080,0.042,143,63,33,10
0.535,0.087,0.077,0.85,0.046,0,0.5325,0.4858,0.271,0.06,0.310,0.232,0.315,0.248,0.143,0.086,149,65,36,28,0.272,0.215,0.313,0.221,0.080,0.042,143,63,33,10
0.533,0.095,0.004,-1.1,0.105,-1,0.5288,0.4812,0.377,0.192,0.310,0.232,0.315,0.248,0.143,0.086,149,65,36,28,0.272,0.215,0.313,0.221,0.080,0.042,143,63,33,10
0.531,0.081,0.041,3.14,0.186,0,0.5357,0.4830,0.142,-0.486,0.310,0.232,0.315,0.248,0.143,0.086,149,65,36,28,0.272,0.215,0.313,0.221,0.080,0.042,143,63,33,10
0.530,0.108,0.002,-1.1,0.105,-1,0.5440,0.4861,0.346,0.192,0.310,0.232,0.315,0.248,0.143,0.086,149,65,36,28,0.272,0.215,0.313,0.221,0.080,0.042,143,63,33,10
0.531,0.102,0.000,1.99,0.186,0,0.5760,0.5046,0.219,-0.326,0.310,0.232,0.315,0.248,0.143,0.086,149,65,36,28,0.272,0.215,0.313,0.221,0.080,0.042,143,63,33,10
0.539,0.108,0.004,-0.79,0.151,-1,0.5943,0.5146,0.372,0.736,0.310,0.232,0.315,0.248,0.143,0.086,149,65,36,28,0.272,0.215,0.313,0.221,0.080,0.042,143,63,33,10
0.540,0.115,0.006,-0.08,0.108,0,0.6105,0.5240,0.268,0.059,0.310,0.232,0.315,0.248,0.143,0.086,149,65,36,28,0.272,0.215,0.313,0.221,0.080,0.042,143,63,33,10
0.527,0.112,0.001,-0.79,0.151,-1,0.6205,0.5299,0.309,0.736,0.310,0.232,0.315,0.248,0.143,0.086,149,65,36,28,0.272,0.215,0.313,0.221,0.080,0.042,143,63,33,10
0.528,0.101,0.003,0.85,0.046,0,0.6375,0.5408,0.262,0.06,0.310,0.232,0.315,0.248,0.143,0.086,149,65,36,28,0.272,0.215,0.313,0.221,0.080,0.042,143,63,33,10
0.530,0.131,0.003,0.22,0.230,0,0.6562,0.5539,0.257,0.303,0.310,0.232,0.315,0.248,0.143,0.086,149,65,36,28,0.272,0.215,0.313,0.221,0.080,0.042,143,63,33,10
0.529,0.105,0.005,0.85,0.046,0,0.6765,0.5692,0.247,0.06,0.310,0.232,0.315,0.248,0.143,0.086,149,65,36,28,0.272,0.215,0.313,0.221,0.080,0.042,143,63,33,10
0.530,0.126,0.004,-1.1,0.105,-1,0.6992,0.5857,0.304,0.192,0.310,0.232,0.315,0.248,0.143,0.086,149,65,36,28,0.272,0.215,0.313,0.221,0.080,0.042,143,63,33,10
0.532,0.112,0.084,-0.42,0.180,0,0.7230,0.6007,0.348,0.318,0.310,0.232,0.315,0.248,0.143,0.086,149,65,36,28,0.272,0.215,0.313,0.221,0.080,0.042,143,63,33,10
0.526,0.124,0.093,-1.1,0.105,-1,0.7387,0.6086,0.323,0.192,0.310,0.232,0.315,0.248,0.143,0.086,149,65,36,28,0.272,0.215,0.313,0.221,0.080,0.042,143,63,33,10
0.529,0.109,0.142,0.85,0.046,0,0.7388,0.6051,0.195,0.06,0.310,0.232,0.315,0.248,0.143,0.086,149,65,36,28,0.272,0.215,0.313,0.221,0.080,0.042,143,63,33,10
0.519,0.195,0.672,0.2,0.291,1,0.7299,0.5973,0.401,0.180,0.310,0.232,0.315,0.248,0.143,0.086,149,65,36,28,0.272,0.215,0.313,0.221,0.080,0.042,143,63,33,10
0.524,0.118,0.323,0,0.000,0,0.7132,0.5845,0.307,0.166,0.310,0.232,0.315,0.248,0.143,0.086,149,65,36,28,0.272,0.215,0.313,0.221,0.080,0.042,143,63,33,10
0.527,0.176,0.485,1.76,0.409,0,0.7076,0.5791,0.164,-0.884,0.310,0.232,0.315,0.248,0.143,0.086,149,65,36,28,0.272,0.215,0.313,0.221,0.080,0.042,143,63,33,10
0.532,0.109,0.571,0,0.000,0,0.6873,0.5657,0.255,0.166,0.310,0.232,0.315,0.248,0.143,0.086,149,65,36,28,0.272,0.215,0.313,0.221,0.080,0.042,143,63,33,10
0.532,0.118,0.448,0,0.000,0,0.6745,0.5615,0.241,0.166,0.310,0.232,0.315,0.248,0.143,0.086,149,65,36,28,0.272,0.215,0.313,0.221,0.080,0.042,143,63,33,10
0.531,0.129,0.339,-0.79,0.151,-1,0.6536,0.5546,0.452,0.736,0.310,0.232,0.315,0.248,0.143,0.086,149,65,36,28,0.272,0.215,0.313,0.221,0.080,0.042,143,63,33,10
0.532,0.176,0.432,-0.52,0.062,0,0.6266,0.5458,0.303,0.341,0.310,0.232,0.315,0.248,0.143,0.086,149,65,36,28,0.272,0.215,0.313,0.221,0.080,0.042,143,63,33,10
0.534,0.190,0.295,0,0.000,0,0.6090,0.5434,0.184,0.166,0.310,0.232,0.315,0.248,0.143,0.086,149,65,36,28,0.272,0.215,0.313,0.221,0.080,0.042,143,63,33,10
0.538,0.231,0.319,-0.79,0.151,-1,0.5836,0.5354,0.362,0.736,0.310,0.232,0.315,0.248,0.143,0.086,149,65,36,28,0.272,0.215,0.313,0.221,0.080,0.042,143,63,33,10
0.532,0.329,0.418,0.2,0.291,1,0.5575,0.5263,0.312,0.180,0.310,0.232,0.315,0.248,0.143,0.086,149,65,36,28,0.272,0.215,0.313,0.221,0.080,0.042,143,63,33,10
0.532,0.303,0.567,1.76,0.409,0,0.5367,0.5197,0.082,-0.884,0.310,0.232,0.315,0.248,0.143,0.086,149,65,36,28,0.272,0.215,0.313,0.221,0.080,0.042,143,63,33,10
0.529,0.174,0.327,0.85,0.046,0,0.5247,0.5166,0.086,0.06,0.310,0.232,0.315,0.248,0.143,0.086,149,65,36,28,0.272,0.215,0.313,0.221,0.080,0.042,143,63,33,10
0.528,0.258,0.411,0.2,0.291,1,0.5204,0.5159,0.307,0.180,0.310,0.232,0.315,0.248,0.143,0.086,149,65,36,28,0.272,0.215,0.313,0.221,0.080,0.042,143,63,33,10
0.545,0.208,0.162,-0.42,0.180,0,0.5091,0.5071,0.240,0.318,0.310,0.232,0.315,0.248,0.143,0.086,149,65,36,28,0.272,0.215,0.313,0.221,0.080,0.042,143,63,33,10
0.545,0.147,0.065,2.53,0.140,0,0.5000,0.4976,0.100,-0.121,0.310,0.232,0.315,0.248,0.143,0.086,149,65,36,28,0.272,0.215,0.313,0.221,0.080,0.042,143,63,33,10
0.544,0.189,0.394,-0.52,0.062,0,0.4946,0.4854,0.300,0.341,0.310,0.232,0.315,0.248,0.143,0.086,149,65,36,28,0.272,0.215,0.313,0.221,0.080,0.042,143,63,33,10
0.544,0.171,0.065,0,0.000,0,0.4966,0.4751,0.277,0.166,0.310,0.232,0.315,0.248,0.143,0.086,149,65,36,28,0.272,0.215,0.313,0.221,0.080,0.042,143,63,33,10
0.544,0.192,0.101,0,0.000,0,0.4951,0.4626,0.141,0.166,0.310,0.232,0.315,0.248,0.143,0.086,149,65,36,28,0.272,0.215,0.313,0.221,0.080,0.042,143,63,33,10
0.543,0.223,0.297,0.22,0.230,0,0.4863,0.4477,0.184,0.303,0.310,0.232,0.315,0.248,0.143,0.086,149,65,36,28,0.272,0.215,0.313,0.221,0.080,0.042,143,63,33,10
0.543,0.159,0.344,1.69,0.290,0,0.4950,0.4453,0.104,-0.697,0.310,0.232,0.315,0.248,0.143,0.086,149,65,36,28,0.272,0.215,0.313,0.221,0.080,0.042,143,63,33,10
0.533,0.123,0.254,2.53,0.140,0,0.5183,0.4532,0.062,-0.121,0.310,0.232,0.315,0.248,0.143,0.086,149,65,36,28,0.272,0.215,0.313,0.221,0.080,0.042,143,63,33,10
0.539,0.161,0.388,-0.08,0.108,0,0.5493,0.4648,0.100,0.059,0.310,0.232,0.315,0.248,0.143,0.086,149,65,36,28,0.272,0.215,0.313,0.221,0.080,0.042,143,63,33,10
0.537,0.125,0.126,1.99,0.186,0,0.5994,0.4909,0.084,-0.326,0.310,0.232,0.315,0.248,0.143,0.086,149,65,36,28,0.272,0.215,0.313,0.221,0.080,0.042,143,63,33,10
0.530,0.183,0.306,0.22,0.230,0,0.6368,0.5104,0.233,0.303,0.310,0.232,0.315,0.248,0.143,0.086,149,65,36,28,0.272,0.215,0.313,0.221,0.080,0.042,143,63,33,10
0.530,0.144,0.112,0,0.000,0,0.6705,0.5280,0.142,0.166,0.310,0.232,0.315,0.248,0.143,0.086,149,65,36,28,0.272,0.215,0.313,0.221,0.080,0.042,143,63,33,10
0.524,0.113,0.014,0.85,0.046,0,0.6893,0.5357,0.148,0.06,0.310,0.232,0.315,0.248,0.143,0.086,149,65,36,28,0.272,0.215,0.313,0.221,0.080,0.042,143,63,33,10
0.521,0.122,0.001,-0.79,0.151,-1,0.7017,0.5371,0.360,0.736,0.310,0.232,0.315,0.248,0.143,0.086,149,65,36,28,0.272,0.215,0.313,0.221,0.080,0.042,143,63,33,10
0.521,0.169,0.121,0.2,0.291,1,0.7064,0.5326,0.283,0.180,0.310,0.232,0.315,0.248,0.143,0.086,149,65,36,28,0.272,0.215,0.313,0.221,0.080,0.042,143,63,33,10
0.522,0.094,0.002,1.99,0.186,0,0.7100,0.5268,0.125,-0.326,0.310,0.232,0.315,0.248,0.143,0.086,149,65,36,28,0.272,0.215,0.313,0.221,0.080,0.042,143,63,33,10
0.519,0.097,0.007,-0.79,0.151,-1,0.7178,0.5266,0.356,0.736,0.310,0.232,0.315,0.248,0.143,0.086,149,65,36,28,0.272,0.215,0.313,0.221,0.080,0.042,143,63,33,10
0.523,0.085,0.003,-0.79,0.151,-1,0.7402,0.5347,0.472,0.736,0.310,0.232,0.315,0.248,0.143,0.086,149,65,36,28,0.272,0.215,0.313,0.221,0.080,0.042,143,63,33,10
0.519,0.090,0.001,-0.79,0.151,-1,0.7520,0.5374,0.399,0.736,0.310,0.232,0.315,0.248,0.143,0.086,149,65,36,28,0.272,0.215,0.313,0.221,0.080,0.042,143,63,33,10
0.520,0.098,0.007,-0.08,0.108,0,0.7538,0.5365,0.298,0.059,0.310,0.232,0.315,0.248,0.143,0.086,149,65,36,28,0.272,0.215,0.313,0.221,0.080,0.042,143,63,33,10
0.521,0.113,0.026,-0.48,0.134,0,0.7496,0.5329,0.461,0.007,0.310,0.232,0.315,0.248,0.143,0.086,149,65,36,28,0.272,0.215,0.313,0.221,0.080,0.042,143,63,33,10
0.519,0.097,0.019,-1.1,0.105,-1,0.7509,0.5353,0.492,0.192,0.310,0.232,0.315,0.248,0.143,0.086,149,65,36,28,0.272,0.215,0.313,0.221,0.080,0.042,143,63,33,10
0.519,0.095,0.007,-0.79,0.151,-1,0.7394,0.5332,0.558,0.736,0.310,0.232,0.315,0.248,0.143,0.086,149,65,36,28,0.272,0.215,0.313,0.221,0.080,0.042,143,63,33,10
0.520,0.094,0.004,-1.1,0.105,-1,0.7139,0.5242,0.436,0.192,0.310,0.232,0.315,0.248,0.143,0.086,149,65,36,28,0.272,0.215,0.313,0.221,0.080,0.042,143,63,33,10
0.526,0.090,0.002,2.53,0.140,0,0.6852,0.5161,0.136,-0.121,0.310,0.232,0.315,0.248,0.143,0.086,149,65,36,28,0.272,0.215,0.313,0.221,0.080,0.042,143,63,33,10
0.525,0.146,0.201,-0.52,0.062,0,0.6570,0.5077,0.376,0.341,0.310,0.232,0.315,0.248,0.143,0.086,149,65,36,28,0.272,0.215,0.313,0.221,0.080,0.042,143,63,33,10
0.525,0.111,0.134,-1.1,0.105,-1,0.6418,0.5054,0.320,0.192,0.310,0.232,0.315,0.248,0.143,0.086,149,65,36,28,0.272,0.215,0.313,0.221,0.080,0.042,143,63,33,10
0.525,0.130,0.067,3.14,0.186,0,0.6317,0.5058,0.098,-0.486,0.310,0.232,0.315,0.248,0.143,0.086,149,65,36,28,0.272,0.215,0.313,0.221,0.080,0.042,143,63,33,10
0.532,0.124,0.139,-0.79,0.151,-1,0.6187,0.5051,0.197,0.736,0.310,0.232,0.315,0.248,0.143,0.086,149,65,36,28,0.272,0.215,0.313,0.221,0.080,0.042,143,63,33,10
0.541,0.258,0.453,0.2,0.291,1,0.6185,0.5111,0.311,0.180,0.310,0.232,0.315,0.248,0.143,0.086,149,65,36,28,0.272,0.215,0.313,0.221,0.080,0.042,143,63,33,10
0.542,0.300,0.423,0.2,0.291,1,0.6055,0.5083,0.244,0.180,0.310,0.232,0.315,0.248,0.143,0.086,149,65,36,28,0.272,0.215,0.313,0.221,0.080,0.042,143,63,33,10
0.541,0.123,0.006,3.14,0.186,0,0.5983,0.5084,0.049,-0.486,0.310,0.232,0.315,0.248,0.143,0.086,149,65,36,28,0.272,0.215,0.313,0.221,0.080,0.042,143,63,33,10
0.541,0.125,0.158,0.85,0.046,0,0.5940,0.5094,0.112,0.06,0.310,0.232,0.315,0.248,0.143,0.086,149,65,36,28,0.272,0.215,0.313,0.221,0.080,0.042,143,63,33,10
0.553,0.145,0.193,1.42,0.221,0,0.5958,0.5126,0.253,-0.397,0.310,0.232,0.315,0.248,0.143,0.086,149,65,36,28,0.272,0.215,0.313,0.221,0.080,0.042,143,63,33,10
0.555,0.312,0.393,0.2,0.291,1,0.6015,0.5193,0.242,0.180,0.310,0.232,0.315,0.248,0.143,0.086,149,65,36,28,0.272,0.215,0.313,0.221,0.080,0.042,143,63,33,10
0.552,0.147,0.005,1.99,0.186,0,0.6215,0.5335,0.058,-0.326,0.310,0.232,0.315,0.248,0.143,0.086,149,65,36,28,0.272,0.215,0.313,0.221,0.080,0.042,143,63,33,10
0.553,0.113,0.004,0.85,0.046,0,0.6409,0.5475,0.150,0.06,0.310,0.232,0.315,0.248,0.143,0.086,149,65,36,28,0.272,0.215,0.313,0.221,0.080,0.042,143,63,33,10
0.557,0.113,0.001,-0.79,0.151,-1,0.6662,0.5631,0.369,0.736,0.310,0.232,0.315,0.248,0.143,0.086,149,65,36,28,0.272,0.215,0.313,0.221,0.080,0.042,143,63,33,10
0.556,0.197,0.187,0.2,0.291,1,0.6931,0.5783,0.294,0.180,0.310,0.232,0.315,0.248,0.143,0.086,149,65,36,28,0.272,0.215,0.313,0.221,0.080,0.042,143,63,33,10
0.556,0.223,0.208,0.2,0.291,1,0.7249,0.5954,0.280,0.180,0.310,0.232,0.315,0.248,0.143,0.086,149,65,36,28,0.272,0.215,0.313,0.221,0.080,0.042,143,63,33,10
0.555,0.146,0.170,-0.42,0.180,0,0.7585,0.6152,0.380,0.318,0.310,0.232,0.315,0.248,0.143,0.086,149,65,36,28,0.272,0.215,0.313,0.221,0.080,0.042,143,63,33,10
0.555,0.105,0.017,-0.79,0.151,-1,0.7886,0.6327,0.465,0.736,0.310,0.232,0.315,0.248,0.143,0.086,149,65,36,28,0.272,0.215,0.313,0.221,0.080,0.042,143,63,33,10
0.548,0.115,0.113,-1.1,0.105,-1,0.8127,0.6452,0.354,0.192,0.310,0.232,0.315,0.248,0.143,0.086,149,65,36,28,0.272,0.215,0.313,0.221,0.080,0.042,143,63,33,10
0.540,0.128,0.412,-0.52,0.062,0,0.8336,0.6552,0.235,0.341,0.310,0.232,0.315,0.248,0.143,0.086,149,65,36,28,0.272,0.215,0.313,0.221,0.080,0.042,143,63,33,10
0.539,0.100,0.157,0.85,0.046,0,0.8576,0.6684,0.337,0.06,0.310,0.232,0.315,0.248,0.143,0.086,149,65,36,28,0.272,0.215,0.313,0.221,0.080,0.042,143,63,33,10
0.537,0.121,0.279,-0.08,0.108,0,0.8756,0.6797,0.364,0.059,0.310,0.232,0.315,0.248,0.143,0.086,149,65,36,28,0.272,0.215,0.313,0.221,0.080,0.042,143,63,33,10
0.536,0.133,0.352,0.22,0.230,0,0.8922,0.6942,0.306,0.303,0.310,0.232,0.315,0.248,0.143,0.086,149,65,36,28,0.272,0.215,0.313,0.221,0.080,0.042,143,63,33,10
0.539,0.114,0.276,0,0.000,0,0.9108,0.7114,0.261,0.166,0.310,0.232,0.315,0.248,0.143,0.086,149,65,36,28,0.272,0.215,0.313,0.221,0.080,0.042,143,63,33,10
0.546,0.130,0.290,-1.1,0.105,-1,0.9212,0.7244,0.359,0.192,0.310,0.232,0.315,0.248,0.143,0.086,149,65,36,28,0.272,0.215,0.313,0.221,0.080,0.042,143,63,33,10
0.536,0.136,0.320,-0.79,0.151,-1,0.9299,0.7375,0.404,0.736,0.310,0.232,0.315,0.248,0.143,0.086,149,65,36,28,0.272,0.215,0.313,0.221,0.080,0.042,143,63,33,10
0.533,0.148,0.274,0,0.000,0,0.9310,0.7446,0.227,0.166,0.310,0.232,0.315,0.248,0.143,0.086,149,65,36,28,0.272,0.215,0.313,0.221,0.080,0.042,143,63,33,10
0.532,0.228,0.485,0.2,0.291,1,0.9369,0.7522,0.350,0.180,0.310,0.232,0.315,0.248,0.143,0.086,149,65,36,28,0.272,0.215,0.313,0.221,0.080,0.042,143,63,33,10
0.539,0.204,0.481,-0.48,0.134,0,0.9382,0.7533,0.346,0.007,0.310,0.232,0.315,0.248,0.143,0.086,149,65,36,28,0.272,0.215,0.313,0.221,0.080,0.042,143,63,33,10
0.540,0.170,0.335,-0.48,0.134,0,0.9307,0.7466,0.319,0.007,0.310,0.232,0.315,0.248,0.143,0.086,149,65,36,28,0.272,0.215,0.313,0.221,0.080,0.042,143,63,33,10
0.539,0.133,0.289,0,0.000,0,0.9174,0.7373,0.278,0.166,0.310,0.232,0.315,0.248,0.143,0.086,149,65,36,28,0.272,0.215,0.313,0.221,0.080,0.042,143,63,33,10
0.539,0.114,0.170,2.53,0.140,0,0.9056,0.7248,0.200,-0.121,0.310,0.232,0.315,0.248,0.143,0.086,149,65,36,28,0.272,0.215,0.313,0.221,0.080,0.042,143,63,33,10
0.541,0.114,0.101,-1.1,0.105,-1,0.8875,0.7043,0.356,0.192,0.310,0.232,0.315,0.248,0.143,0.086,149,65,36,28,0.272,0.215,0.313,0.221,0.080,0.042,143,63,33,10
0.538,0.116,0.205,0.22,0.230,0,0.8687,0.6815,0.262,0.303,0.310,0.232,0.315,0.248,0.143,0.086,149,65,36,28,0.272,0.215,0.313,0.221,0.080,0.042,143,63,33,10
0.538,0.105,0.042,-1.1,0.105,-1,0.8432,0.6591,0.401,0.192,0.310,0.232,0.315,0.248,0.143,0.086,149,65,36,28,0.272,0.215,0.313,0.221,0.080,0.042,143,63,33,10
0.539,0.105,0.052,-0.79,0.151,-1,0.8145,0.6393,0.413,0.736,0.310,0.232,0.315,0.248,0.143,0.086,149,65,36,28,0.272,0.215,0.313,0.221,0.080,0.042,143,63,33,10
0.549,0.107,0.032,-1.1,0.105,-1,0.7859,0.6240,0.384,0.192,0.310,0.232,0.315,0.248,0.143,0.086,149,65,36,28,0.272,0.215,0.313,0.221,0.080,0.042,143,63,33,10
0.549,0.106,0.153,-1.1,0.105,-1,0.7605,0.6182,0.326,0.192,0.310,0.232,0.315,0.248,0.143,0.086,149,65,36,28,0.272,0.215,0.313,0.221,0.080,0.042,143,63,33,10
0.546,0.093,0.025,-1.1,0.105,-1,0.7427,0.6239,0.292,0.192,0.310,0.232,0.315,0.248,0.143,0.086,149,65,36,28,0.272,0.215,0.313,0.221,0.080,0.042,143,63,33,10
0.553,0.094,0.001,0.85,0.046,0,0.7314,0.6417,0.188,0.06,0.310,0.232,0.315,0.248,0.143,0.086,149,65,36,28,0.272,0.215,0.313,0.221,0.080,0.042,143,63,33,10
0.562,0.080,0.170,0.85,0.046,0,0.7242,0.6727,0.161,0.06,0.310,0.232,0.315,0.248,0.143,0.086,149,65,36,28,0.272,0.215,0.313,0.221,0.080,0.042,143,63,33,10
0.560,0.119,0.118,0.85,0.046,0,0.7179,0.7105,0.210,0.06,0.310,0.232,0.315,0.248,0.143,0.086,149,65,36,28,0.272,0.215,0.313,0.221,0.080,0.042,143,63,33,10
0.558,0.136,0.150,2.53,0.140,0,0.7095,0.7517,0.173,-0.121,0.310,0.232,0.315,0.248,0.143,0.086,149,65,36,28,0.272,0.215,0.313,0.221,0.080,0.042,143,63,33,10
0.560,0.149,0.294,0.85,0.046,0,0.6960,0.7925,0.227,0.06,0.310,0.232,0.315,0.248,0.143,0.086,149,65,36,28,0.272,0.215,0.313,0.221,0.080,0.042,143,63,33,10
0.553,0.219,0.180,0,0.000,0,0.6744,0.8298,0.307,0.166,0.310,0.232,0.315,0.248,0.143,0.086,149,65,36,28,0.272,0.215,0.313,0.221,0.080,0.042,143,63,33,10
0.555,0.196,0.325,3.14,0.186,0,0.6420,0.8609,0.143,-0.486,0.310,0.232,0.315,0.248,0.143,0.086,149,65,36,28,0.272,0.215,0.313,0.221,0.080,0.042,143,63,33,10
0.573,0.194,0.239,0,0.000,0,0.5969,0.8845,0.264,0.166,0.310,0.232,0.315,0.248,0.143,0.086,149,65,36,28,0.272,0.215,0.313,0.221,0.080,0.042,143,63,33,10
0.578,0.154,0.278,0,0.000,0,0.5382,0.9005,0.371,0.166,0.310,0.232,0.315,0.248,0.143,0.086,149,65,36,28,0.272,0.215,0.313,0.221,0.080,0.042,143,63,33,10
0.583,0.132,0.346,3.14,0.186,0,0.4659,0.9110,0.655,-0.486,0.310,0.232,0.315,0.248,0.143,0.086,149,65,36,28,0.272,0.215,0.313,0.221,0.080,0.042,143,63,33,10
