0.093,0.079,0.655,1.42,0.221,0,0.7523,0.9401,0.799,-0.397,0.752,0.161,1.000,0.865,0.841,0.714,126,57,56,33,0.584,0.227,0.810,0.563,0.317,0.286,56,35,31,29
0.098,0.079,0.432,0.85,0.046,0,0.7520,0.9297,0.540,0.06,0.752,0.161,1.000,0.865,0.841,0.714,126,57,56,33,0.584,0.227,0.810,0.563,0.317,0.286,56,35,31,29
0.094,0.079,0.356,-0.79,0.151,-1,0.7535,0.9030,0.553,0.736,0.752,0.161,1.000,0.865,0.841,0.714,126,57,56,33,0.584,0.227,0.810,0.563,0.317,0.286,56,35,31,29
0.071,0.083,0.385,0.85,0.046,0,0.7551,0.8638,0.468,0.06,0.752,0.161,1.000,0.865,0.841,0.714,126,57,56,33,0.584,0.227,0.810,0.563,0.317,0.286,56,35,31,29
0.070,0.085,0.380,0,0.000,0,0.7559,0.8162,0.463,0.166,0.752,0.161,1.000,0.865,0.841,0.714,126,57,56,33,0.584,0.227,0.810,0.563,0.317,0.286,56,35,31,29
0.069,0.083,0.264,0.85,0.046,0,0.7556,0.7641,0.383,0.06,0.752,0.161,1.000,0.865,0.841,0.714,126,57,56,33,0.584,0.227,0.810,0.563,0.317,0.286,56,35,31,29
0.073,0.084,0.341,0,0.000,0,0.7546,0.7113,0.404,0.166,0.752,0.161,1.000,0.865,0.841,0.714,126,57,56,33,0.584,0.227,0.810,0.563,0.317,0.286,56,35,31,29
0.072,0.086,0.262,1.99,0.186,0,0.7535,0.6614,0.301,-0.326,0.752,0.161,1.000,0.865,0.841,0.714,126,57,56,33,0.584,0.227,0.810,0.563,0.317,0.286,56,35,31,29
0.076,0.092,0.315,-0.52,0.062,0,0.7534,0.6175,0.378,0.341,0.752,0.161,1.000,0.865,0.841,0.714,126,57,56,33,0.584,0.227,0.810,0.563,0.317,0.286,56,35,31,29
0.075,0.097,0.140,-0.79,0.151,-1,0.7550,0.5818,0.457,0.736,0.752,0.161,1.000,0.865,0.841,0.714,126,57,56,33,0.584,0.227,0.810,0.563,0.317,0.286,56,35,31,29
0.074,0.113,0.250,-0.08,0.108,0,0.7562,0.5543,0.381,0.059,0.752,0.161,1.000,0.865,0.841,0.714,126,57,56,33,0.584,0.227,0.810,0.563,0.317,0.286,56,35,31,29
0.057,0.116,0.207,2.53,0.140,0,0.7656,0.5418,0.241,-0.121,0.752,0.161,1.000,0.865,0.841,0.714,126,57,56,33,0.584,0.227,0.810,0.563,0.317,0.286,56,35,31,29
0.054,0.147,0.269,-0.08,0.108,0,0.7794,0.5409,0.378,0.059,0.752,0.161,1.000,0.865,0.841,0.714,126,57,56,33,0.584,0.227,0.810,0.563,0.317,0.286,56,35,31,29
0.054,0.178,0.212,-0.79,0.151,-1,0.7989,0.5523,0.458,0.736,0.752,0.161,1.000,0.865,0.841,0.714,126,57,56,33,0.584,0.227,0.810,0.563,0.317,0.286,56,35,31,29
0.045,0.193,0.337,-0.08,0.108,0,0.8132,0.5628,0.295,0.059,0.752,0.161,1.000,0.865,0.841,0.714,126,57,56,33,0.584,0.227,0.810,0.563,0.317,0.286,56,35,31,29
0.046,0.206,0.265,-0.08,0.108,0,0.8193,0.5682,0.352,0.059,0.752,0.161,1.000,0.865,0.841,0.714,126,57,56,33,0.584,0.227,0.810,0.563,0.317,0.286,56,35,31,29
0.048,0.173,0.174,2.53,0.140,0,0.8207,0.5699,0.137,-0.121,0.752,0.161,1.000,0.865,0.841,0.714,126,57,56,33,0.584,0.227,0.810,0.563,0.317,0.286,56,35,31,29
0.047,0.195,0.141,-0.08,0.108,0,0.8165,0.5640,0.331,0.059,0.752,0.161,1.000,0.865,0.841,0.714,126,57,56,33,0.584,0.227,0.810,0.563,0.317,0.286,56,35,31,29
0.044,0.170,0.056,2.53,0.140,0,0.8095,0.5554,0.143,-0.121,0.752,0.161,1.000,0.865,0.841,0.714,126,57,56,33,0.584,0.227,0.810,0.563,0.317,0.286,56,35,31,29
0.041,0.227,0.177,-0.08,0.108,0,0.7948,0.5389,0.309,0.059,0.752,0.161,1.000,0.865,0.841,0.714,126,57,56,33,0.584,0.227,0.810,0.563,0.317,0.286,56,35,31,29
0.064,0.243,0.161,-0.08,0.108,0,0.7800,0.5270,0.325,0.059,0.752,0.161,1.000,0.865,0.841,0.714,126,57,56,33,0.584,0.227,0.810,0.563,0.317,0.286,56,35,31,29
0.067,0.209,0.119,-0.79,0.151,-1,0.7662,0.5146,0.385,0.736,0.752,0.161,1.000,0.865,0.841,0.714,126,57,56,33,0.584,0.227,0.810,0.563,0.317,0.286,56,35,31,29
0.070,0.154,0.237,-1.14,0.131,0,0.7573,0.5051,0.476,0.987,0.752,0.161,1.000,0.865,0.841,0.714,126,57,56,33,0.584,0.227,0.810,0.563,0.317,0.286,56,35,31,29
0.092,0.184,0.107,-0.79,0.151,-1,0.7495,0.5007,0.557,0.736,0.752,0.161,1.000,0.865,0.841,0.714,126,57,56,33,0.584,0.227,0.810,0.563,0.317,0.286,56,35,31,29
0.118,0.228,0.205,-0.48,0.134,0,0.7526,0.5043,0.388,0.007,0.752,0.161,1.000,0.865,0.841,0.714,126,57,56,33,0.584,0.227,0.810,0.563,0.317,0.286,56,35,31,29
0.153,0.296,0.372,0.2,0.291,1,0.7645,0.5171,0.379,0.180,0.752,0.161,1.000,0.865,0.841,0.714,126,57,56,33,0.584,0.227,0.810,0.563,0.317,0.286,56,35,31,29
0.154,0.280,0.480,-0.52,0.062,0,0.7771,0.5285,0.371,0.341,0.752,0.161,1.000,0.865,0.841,0.714,126,57,56,33,0.584,0.227,0.810,0.563,0.317,0.286,56,35,31,29
0.126,0.357,0.164,1.99,0.186,0,0.7906,0.5421,0.154,-0.326,0.752,0.161,1.000,0.865,0.841,0.714,126,57,56,33,0.584,0.227,0.810,0.563,0.317,0.286,56,35,31,29
0.163,0.514,0.658,-0.08,0.108,0,0.7895,0.5404,0.238,0.059,0.752,0.161,1.000,0.865,0.841,0.714,126,57,56,33,0.584,0.227,0.810,0.563,0.317,0.286,56,35,31,29
0.199,0.523,0.283,3.14,0.186,0,0.7853,0.5362,0.187,-0.486,0.752,0.161,1.000,0.865,0.841,0.714,126,57,56,33,0.584,0.227,0.810,0.563,0.317,0.286,56,35,31,29
0.209,0.750,0.724,-1.19,0.219,1,0.7684,0.5212,0.353,0.586,0.752,0.161,1.000,0.865,0.841,0.714,126,57,56,33,0.584,0.227,0.810,0.563,0.317,0.286,56,35,31,29
0.181,0.557,0.391,1.99,0.186,0,0.7494,0.5049,0.101,-0.326,0.752,0.161,1.000,0.865,0.841,0.714,126,57,56,33,0.584,0.227,0.810,0.563,0.317,0.286,56,35,31,29
0.156,0.846,0.744,0.2,0.291,1,0.7188,0.4775,0.319,0.180,0.752,0.161,1.000,0.865,0.841,0.714,126,57,56,33,0.584,0.227,0.810,0.563,0.317,0.286,56,35,31,29
0.155,0.717,0.549,-1.19,0.219,1,0.6868,0.4483,0.510,0.586,0.752,0.161,1.000,0.865,0.841,0.714,126,57,56,33,0.584,0.227,0.810,0.563,0.317,0.286,56,35,31,29
0.196,0.721,0.603,0.2,0.291,1,0.6569,0.4196,0.426,0.180,0.752,0.161,1.000,0.865,0.841,0.714,126,57,56,33,0.584,0.227,0.810,0.563,0.317,0.286,56,35,31,29
0.220,0.667,0.569,-1.19,0.219,1,0.6400,0.3995,0.451,0.586,0.752,0.161,1.000,0.865,0.841,0.714,126,57,56,33,0.584,0.227,0.810,0.563,0.317,0.286,56,35,31,29
0.203,0.541,0.379,-1.14,0.131,0,0.6367,0.3911,0.503,0.987,0.752,0.161,1.000,0.865,0.841,0.714,126,57,56,33,0.584,0.227,0.810,0.563,0.317,0.286,56,35,31,29
0.194,0.595,0.434,-0.79,0.151,-1,0.6459,0.3920,0.608,0.736,0.752,0.161,1.000,0.865,0.841,0.714,126,57,56,33,0.584,0.227,0.810,0.563,0.317,0.286,56,35,31,29
0.188,0.712,0.635,-1.19,0.219,1,0.6671,0.4033,0.489,0.586,0.752,0.161,1.000,0.865,0.841,0.714,126,57,56,33,0.584,0.227,0.810,0.563,0.317,0.286,56,35,31,29
0.169,0.807,0.639,-1.19,0.219,1,0.6951,0.4169,0.514,0.586,0.752,0.161,1.000,0.865,0.841,0.714,126,57,56,33,0.584,0.227,0.810,0.563,0.317,0.286,56,35,31,29
0.142,0.456,0.260,2.53,0.140,0,0.7246,0.4316,0.215,-0.121,0.752,0.161,1.000,0.865,0.841,0.714,126,57,56,33,0.584,0.227,0.810,0.563,0.317,0.286,56,35,31,29
0.123,0.524,0.439,-0.79,0.151,-1,0.7502,0.4463,0.469,0.736,0.752,0.161,1.000,0.865,0.841,0.714,126,57,56,33,0.584,0.227,0.810,0.563,0.317,0.286,56,35,31,29
0.129,0.929,0.489,1.76,0.409,0,0.7818,0.4646,0.144,-0.884,0.752,0.161,1.000,0.865,0.841,0.714,126,57,56,33,0.584,0.227,0.810,0.563,0.317,0.286,56,35,31,29
0.127,0.462,0.325,-0.08,0.108,0,0.8129,0.4846,0.299,0.059,0.752,0.161,1.000,0.865,0.841,0.714,126,57,56,33,0.584,0.227,0.810,0.563,0.317,0.286,56,35,31,29
0.106,0.470,0.296,-0.52,0.062,0,0.8367,0.4984,0.306,0.341,0.752,0.161,1.000,0.865,0.841,0.714,126,57,56,33,0.584,0.227,0.810,0.563,0.317,0.286,56,35,31,29
0.106,0.407,0.096,-1.1,0.105,-1,0.8400,0.4982,0.386,0.192,0.752,0.161,1.000,0.865,0.841,0.714,126,57,56,33,0.584,0.227,0.810,0.563,0.317,0.286,56,35,31,29
0.090,0.443,0.046,-0.08,0.108,0,0.8173,0.4784,0.335,0.059,0.752,0.161,1.000,0.865,0.841,0.714,126,57,56,33,0.584,0.227,0.810,0.563,0.317,0.286,56,35,31,29
0.099,0.370,0.051,2.53,0.140,0,0.7812,0.4533,0.262,-0.121,0.752,0.161,1.000,0.865,0.841,0.714,126,57,56,33,0.584,0.227,0.810,0.563,0.317,0.286,56,35,31,29
0.150,0.401,0.148,-1.1,0.105,-1,0.7262,0.4158,0.373,0.192,0.752,0.161,1.000,0.865,0.841,0.714,126,57,56,33,0.584,0.227,0.810,0.563,0.317,0.286,56,35,31,29
0.125,0.466,0.382,-0.48,0.134,0,0.6668,0.3792,0.384,0.007,0.752,0.161,1.000,0.865,0.841,0.714,126,57,56,33,0.584,0.227,0.810,0.563,0.317,0.286,56,35,31,29
0.104,0.438,0.459,-0.79,0.151,-1,0.5990,0.3382,0.470,0.736,0.752,0.161,1.000,0.865,0.841,0.714,126,57,56,33,0.584,0.227,0.810,0.563,0.317,0.286,56,35,31,29
0.107,0.536,0.532,0.22,0.230,0,0.5429,0.3069,0.359,0.303,0.752,0.161,1.000,0.865,0.841,0.714,126,57,56,33,0.584,0.227,0.810,0.563,0.317,0.286,56,35,31,29
0.128,0.507,0.497,1.42,0.221,0,0.4979,0.2845,0.326,-0.397,0.752,0.161,1.000,0.865,0.841,0.714,126,57,56,33,0.584,0.227,0.810,0.563,0.317,0.286,56,35,31,29
0.163,0.847,0.639,0,0.000,0,0.4676,0.2710,0.286,0.166,0.752,0.161,1.000,0.865,0.841,0.714,126,57,56,33,0.584,0.227,0.810,0.563,0.317,0.286,56,35,31,29
0.141,0.847,0.758,0.2,0.291,1,0.4528,0.2667,0.455,0.180,0.752,0.161,1.000,0.865,0.841,0.714,126,57,56,33,0.584,0.227,0.810,0.563,0.317,0.286,56,35,31,29
0.165,0.920,0.901,0.2,0.291,1,0.4523,0.2699,0.421,0.180,0.752,0.161,1.000,0.865,0.841,0.714,126,57,56,33,0.584,0.227,0.810,0.563,0.317,0.286,56,35,31,29
0.164,0.934,0.809,-0.52,0.062,0,0.4594,0.2764,0.293,0.341,0.752,0.161,1.000,0.865,0.841,0.714,126,57,56,33,0.584,0.227,0.810,0.563,0.317,0.286,56,35,31,29
0.179,0.929,0.821,-0.52,0.062,0,0.4672,0.2838,0.260,0.341,0.752,0.161,1.000,0.865,0.841,0.714,126,57,56,33,0.584,0.227,0.810,0.563,0.317,0.286,56,35,31,29
0.179,0.755,0.830,-1.19,0.219,1,0.4655,0.2830,0.380,0.586,0.752,0.161,1.000,0.865,0.841,0.714,126,57,56,33,0.584,0.227,0.810,0.563,0.317,0.286,56,35,31,29
0.155,0.553,0.505,2.1,0.128,0,0.4573,0.2802,0.083,0.02,0.752,0.161,1.000,0.865,0.841,0.714,126,57,56,33,0.584,0.227,0.810,0.563,0.317,0.286,56,35,31,29
0.185,0.526,0.284,2.1,0.128,0,0.4456,0.2775,0.068,0.02,0.752,0.161,1.000,0.865,0.841,0.714,126,57,56,33,0.584,0.227,0.810,0.563,0.317,0.286,56,35,31,29
0.185,0.506,0.291,2.1,0.128,0,0.4391,0.2827,0.077,0.02,0.752,0.161,1.000,0.865,0.841,0.714,126,57,56,33,0.584,0.227,0.810,0.563,0.317,0.286,56,35,31,29
0.182,0.513,0.128,3.14,0.186,0,0.4341,0.2878,0.145,-0.486,0.752,0.161,1.000,0.865,0.841,0.714,126,57,56,33,0.584,0.227,0.810,0.563,0.317,0.286,56,35,31,29
0.183,0.832,0.563,1.37,0.298,0,0.4248,0.2911,0.154,-0.510,0.752,0.161,1.000,0.865,0.841,0.714,126,57,56,33,0.584,0.227,0.810,0.563,0.317,0.286,56,35,31,29
0.172,0.839,0.352,-0.79,0.151,-1,0.4106,0.2873,0.312,0.736,0.752,0.161,1.000,0.865,0.841,0.714,126,57,56,33,0.584,0.227,0.810,0.563,0.317,0.286,56,35,31,29
0.136,0.451,0.471,-1.19,0.219,1,0.4016,0.2831,0.366,0.586,0.752,0.161,1.000,0.865,0.841,0.714,126,57,56,33,0.584,0.227,0.810,0.563,0.317,0.286,56,35,31,29
0.138,0.898,0.293,-1.14,0.131,0,0.4109,0.2919,0.346,0.987,0.752,0.161,1.000,0.865,0.841,0.714,126,57,56,33,0.584,0.227,0.810,0.563,0.317,0.286,56,35,31,29
0.126,0.469,0.549,0.2,0.291,1,0.4421,0.3162,0.430,0.180,0.752,0.161,1.000,0.865,0.841,0.714,126,57,56,33,0.584,0.227,0.810,0.563,0.317,0.286,56,35,31,29
0.097,0.317,0.118,0.85,0.046,0,0.4838,0.3431,0.311,0.06,0.752,0.161,1.000,0.865,0.841,0.714,126,57,56,33,0.584,0.227,0.810,0.563,0.317,0.286,56,35,31,29
0.063,0.362,0.336,1.69,0.290,0,0.5459,0.3796,0.331,-0.697,0.752,0.161,1.000,0.865,0.841,0.714,126,57,56,33,0.584,0.227,0.810,0.563,0.317,0.286,56,35,31,29
0.049,0.318,0.082,0,0.000,0,0.6112,0.4140,0.320,0.166,0.752,0.161,1.000,0.865,0.841,0.714,126,57,56,33,0.584,0.227,0.810,0.563,0.317,0.286,56,35,31,29
0.038,0.293,0.032,-0.79,0.151,-1,0.6882,0.4531,0.488,0.736,0.752,0.161,1.000,0.865,0.841,0.714,126,57,56,33,0.584,0.227,0.810,0.563,0.317,0.286,56,35,31,29
0.029,0.319,0.022,-0.52,0.062,0,0.7585,0.4860,0.462,0.341,0.752,0.161,1.000,0.865,0.841,0.714,126,57,56,33,0.584,0.227,0.810,0.563,0.317,0.286,56,35,31,29
0.031,0.345,0.054,-0.52,0.062,0,0.8150,0.5078,0.368,0.341,0.752,0.161,1.000,0.865,0.841,0.714,126,57,56,33,0.584,0.227,0.810,0.563,0.317,0.286,56,35,31,29
0.036,0.282,0.074,-0.08,0.108,0,0.8519,0.5171,0.406,0.059,0.752,0.161,1.000,0.865,0.841,0.714,126,57,56,33,0.584,0.227,0.810,0.563,0.317,0.286,56,35,31,29
0.046,0.214,0.072,-0.79,0.151,-1,0.8641,0.5144,0.466,0.736,0.752,0.161,1.000,0.865,0.841,0.714,126,57,56,33,0.584,0.227,0.810,0.563,0.317,0.286,56,35,31,29
0.039,0.170,0.063,-0.52,0.062,0,0.8530,0.5004,0.407,0.341,0.752,0.161,1.000,0.865,0.841,0.714,126,57,56,33,0.584,0.227,0.810,0.563,0.317,0.286,56,35,31,29
0.039,0.132,0.005,-1.1,0.105,-1,0.8266,0.4819,0.410,0.192,0.752,0.161,1.000,0.865,0.841,0.714,126,57,56,33,0.584,0.227,0.810,0.563,0.317,0.286,56,35,31,29
0.041,0.109,0.002,-0.79,0.151,-1,0.7947,0.4643,0.462,0.736,0.752,0.161,1.000,0.865,0.841,0.714,126,57,56,33,0.584,0.227,0.810,0.563,0.317,0.286,56,35,31,29
0.042,0.102,0.002,-0.79,0.151,-1,0.7716,0.4576,0.439,0.736,0.752,0.161,1.000,0.865,0.841,0.714,126,57,56,33,0.584,0.227,0.810,0.563,0.317,0.286,56,35,31,29
0.051,0.095,0.034,-0.79,0.151,-1,0.7576,0.4571,0.403,0.736,0.752,0.161,1.000,0.865,0.841,0.714,126,57,56,33,0.584,0.227,0.810,0.563,0.317,0.286,56,35,31,29
0.052,0.100,0.036,-0.79,0.151,-1,0.7510,0.4635,0.436,0.736,0.752,0.161,1.000,0.865,0.841,0.714,126,57,56,33,0.584,0.227,0.810,0.563,0.317,0.286,56,35,31,29
0.067,0.099,0.037,-0.79,0.151,-1,0.7454,0.4653,0.474,0.736,0.752,0.161,1.000,0.865,0.841,0.714,126,57,56,33,0.584,0.227,0.810,0.563,0.317,0.286,56,35,31,29
0.068,0.105,0.101,0,0.000,0,0.7359,0.4591,0.356,0.166,0.752,0.161,1.000,0.865,0.841,0.714,126,57,56,33,0.584,0.227,0.810,0.563,0.317,0.286,56,35,31,29
0.067,0.104,0.103,2.1,0.128,0,0.7353,0.4605,0.212,0.02,0.752,0.161,1.000,0.865,0.841,0.714,126,57,56,33,0.584,0.227,0.810,0.563,0.317,0.286,56,35,31,29
0.089,0.113,0.143,0,0.000,0,0.7382,0.4657,0.345,0.166,0.752,0.161,1.000,0.865,0.841,0.714,126,57,56,33,0.584,0.227,0.810,0.563,0.317,0.286,56,35,31,29
0.111,0.165,0.259,0.22,0.230,0,0.7414,0.4770,0.290,0.303,0.752,0.161,1.000,0.865,0.841,0.714,126,57,56,33,0.584,0.227,0.810,0.563,0.317,0.286,56,35,31,29
0.110,0.164,0.318,-0.08,0.108,0,0.7289,0.4787,0.248,0.059,0.752,0.161,1.000,0.865,0.841,0.714,126,57,56,33,0.584,0.227,0.810,0.563,0.317,0.286,56,35,31,29
0.119,0.186,0.625,0.22,0.230,0,0.7000,0.4721,0.218,0.303,0.752,0.161,1.000,0.865,0.841,0.714,126,57,56,33,0.584,0.227,0.810,0.563,0.317,0.286,56,35,31,29
0.151,0.137,0.422,2.1,0.128,0,0.6793,0.4753,0.096,0.02,0.752,0.161,1.000,0.865,0.841,0.714,126,57,56,33,0.584,0.227,0.810,0.563,0.317,0.286,56,35,31,29
0.184,0.156,0.277,2.53,0.140,0,0.6629,0.4857,0.148,-0.121,0.752,0.161,1.000,0.865,0.841,0.714,126,57,56,33,0.584,0.227,0.810,0.563,0.317,0.286,56,35,31,29
0.212,0.287,0.752,0.2,0.291,1,0.6601,0.5085,0.394,0.180,0.752,0.161,1.000,0.865,0.841,0.714,126,57,56,33,0.584,0.227,0.810,0.563,0.317,0.286,56,35,31,29
0.252,0.257,0.581,0,0.000,0,0.6598,0.5331,0.199,0.166,0.752,0.161,1.000,0.865,0.841,0.714,126,57,56,33,0.584,0.227,0.810,0.563,0.317,0.286,56,35,31,29
0.303,0.339,0.694,0.22,0.230,0,0.6651,0.5578,0.330,0.303,0.752,0.161,1.000,0.865,0.841,0.714,126,57,56,33,0.584,0.227,0.810,0.563,0.317,0.286,56,35,31,29
0.287,0.352,0.838,0.2,0.291,1,0.6794,0.5861,0.434,0.180,0.752,0.161,1.000,0.865,0.841,0.714,126,57,56,33,0.584,0.227,0.810,0.563,0.317,0.286,56,35,31,29
0.269,0.285,0.828,-1.19,0.219,1,0.7050,0.6211,0.544,0.586,0.752,0.161,1.000,0.865,0.841,0.714,126,57,56,33,0.584,0.227,0.810,0.563,0.317,0.286,56,35,31,29
0.255,0.261,0.696,0,0.000,0,0.7403,0.6597,0.356,0.166,0.752,0.161,1.000,0.865,0.841,0.714,126,57,56,33,0.584,0.227,0.810,0.563,0.317,0.286,56,35,31,29
0.230,0.312,0.826,0.2,0.291,1,0.7804,0.7007,0.481,0.180,0.752,0.161,1.000,0.865,0.841,0.714,126,57,56,33,0.584,0.227,0.810,0.563,0.317,0.286,56,35,31,29
0.230,0.311,0.789,0.2,0.291,1,0.8215,0.7404,0.406,0.180,0.752,0.161,1.000,0.865,0.841,0.714,126,57,56,33,0.584,0.227,0.810,0.563,0.317,0.286,56,35,31,29
0.208,0.291,0.734,0.2,0.291,1,0.8592,0.7755,0.398,0.180,0.752,0.161,1.000,0.865,0.841,0.714,126,57,56,33,0.584,0.227,0.810,0.563,0.317,0.286,56,35,31,29
0.194,0.166,0.629,0.85,0.046,0,0.8902,0.8042,0.211,0.06,0.752,0.161,1.000,0.865,0.841,0.714,126,57,56,33,0.584,0.227,0.810,0.563,0.317,0.286,56,35,31,29
0.188,0.171,0.679,-0.08,0.108,0,0.9097,0.8264,0.372,0.059,0.752,0.161,1.000,0.865,0.841,0.714,126,57,56,33,0.584,0.227,0.810,0.563,0.317,0.286,56,35,31,29
0.174,0.139,0.443,1.99,0.186,0,0.9266,0.8458,0.262,-0.326,0.752,0.161,1.000,0.865,0.841,0.714,126,57,56,33,0.584,0.227,0.810,0.563,0.317,0.286,56,35,31,29
0.164,0.143,0.540,0,0.000,0,0.9427,0.8649,0.261,0.166,0.752,0.161,1.000,0.865,0.841,0.714,126,57,56,33,0.584,0.227,0.810,0.563,0.317,0.286,56,35,31,29
0.147,0.126,0.294,-1.14,0.131,0,0.9628,0.8906,0.411,0.987,0.752,0.161,1.000,0.865,0.841,0.714,126,57,56,33,0.584,0.227,0.810,0.563,0.317,0.286,56,35,31,29
0.136,0.144,0.459,-0.08,0.108,0,0.9703,0.9054,0.425,0.059,0.752,0.161,1.000,0.865,0.841,0.714,126,57,56,33,0.584,0.227,0.810,0.563,0.317,0.286,56,35,31,29
0.116,0.130,0.319,-1.14,0.131,0,0.9705,0.9138,0.473,0.987,0.752,0.161,1.000,0.865,0.841,0.714,126,57,56,33,0.584,0.227,0.810,0.563,0.317,0.286,56,35,31,29
0.110,0.139,0.362,-0.08,0.108,0,0.9678,0.9189,0.484,0.059,0.752,0.161,1.000,0.865,0.841,0.714,126,57,56,33,0.584,0.227,0.810,0.563,0.317,0.286,56,35,31,29
0.101,0.126,0.391,-0.08,0.108,0,0.9681,0.9244,0.482,0.059,0.752,0.161,1.000,0.865,0.841,0.714,126,57,56,33,0.584,0.227,0.810,0.563,0.317,0.286,56,35,31,29
0.092,0.110,0.230,-1.14,0.131,0,0.9762,0.9358,0.519,0.987,0.752,0.161,1.000,0.865,0.841,0.714,126,57,56,33,0.584,0.227,0.810,0.563,0.317,0.286,56,35,31,29
0.085,0.104,0.348,-1.14,0.131,0,0.9805,0.9451,0.536,0.987,0.752,0.161,1.000,0.865,0.841,0.714,126,57,56,33,0.584,0.227,0.810,0.563,0.317,0.286,56,35,31,29
0.086,0.111,0.438,-0.42,0.180,0,0.9839,0.9510,0.520,0.318,0.752,0.161,1.000,0.865,0.841,0.714,126,57,56,33,0.584,0.227,0.810,0.563,0.317,0.286,56,35,31,29
0.087,0.102,0.307,-1.14,0.131,0,0.9864,0.9552,0.511,0.987,0.752,0.161,1.000,0.865,0.841,0.714,126,57,56,33,0.584,0.227,0.810,0.563,0.317,0.286,56,35,31,29
0.091,0.101,0.359,-1.14,0.131,0,0.9878,0.9591,0.583,0.987,0.752,0.161,1.000,0.865,0.841,0.714,126,57,56,33,0.584,0.227,0.810,0.563,0.317,0.286,56,35,31,29
0.086,0.092,0.397,-1.1,0.105,-1,0.9892,0.9639,0.513,0.192,0.752,0.161,1.000,0.865,0.841,0.714,126,57,56,33,0.584,0.227,0.810,0.563,0.317,0.286,56,35,31,29
0.097,0.093,0.165,-1.14,0.131,0,0.9898,0.9694,0.564,0.987,0.752,0.161,1.000,0.865,0.841,0.714,126,57,56,33,0.584,0.227,0.810,0.563,0.317,0.286,56,35,31,29
0.099,0.100,0.346,-0.52,0.062,0,0.9900,0.9756,0.751,0.341,0.752,0.161,1.000,0.865,0.841,0.714,126,57,56,33,0.584,0.227,0.810,0.563,0.317,0.286,56,35,31,29
0.102,0.101,0.511,-0.42,0.180,0,0.9901,0.9816,0.563,0.318,0.752,0.161,1.000,0.865,0.841,0.714,126,57,56,33,0.584,0.227,0.810,0.563,0.317,0.286,56,35,31,29
0.105,0.096,0.114,-1.14,0.131,0,0.9901,0.9873,0.492,0.987,0.752,0.161,1.000,0.865,0.841,0.714,126,57,56,33,0.584,0.227,0.810,0.563,0.317,0.286,56,35,31,29
0.109,0.095,0.321,-1.14,0.131,0,0.9900,0.9922,0.546,0.987,0.752,0.161,1.000,0.865,0.841,0.714,126,57,56,33,0.584,0.227,0.810,0.563,0.317,0.286,56,35,31,29
0.112,0.100,0.339,-1.14,0.131,0,0.9898,0.9961,0.580,0.987,0.752,0.161,1.000,0.865,0.841,0.714,126,57,56,33,0.584,0.227,0.810,0.563,0.317,0.286,56,35,31,29
0.116,0.099,0.356,0,0.000,0,0.9896,0.9988,0.391,0.166,0.752,0.161,1.000,0.865,0.841,0.714,126,57,56,33,0.584,0.227,0.810,0.563,0.317,0.286,56,35,31,29
0.119,0.089,0.298,-1.14,0.131,0,0.9894,1.0001,0.578,0.987,0.752,0.161,1.000,0.865,0.841,0.714,126,57,56,33,0.584,0.227,0.810,0.563,0.317,0.286,56,35,31,29
0.124,0.086,0.493,1.42,0.221,0,0.9892,1.0003,0.496,-0.397,0.752,0.161,1.000,0.865,0.841,0.714,126,57,56,33,0.584,0.227,0.810,0.563,0.317,0.286,56,35,31,29
0.131,0.090,0.454,-0.42,0.180,0,0.9890,0.9999,0.607,0.318,0.752,0.161,1.000,0.865,0.841,0.714,126,57,56,33,0.584,0.227,0.810,0.563,0.317,0.286,56,35,31,29
0.138,0.086,0.366,0.22,0.230,0,0.9886,0.9995,0.845,0.303,0.752,0.161,1.000,0.865,0.841,0.714,126,57,56,33,0.584,0.227,0.810,0.563,0.317,0.286,56,35,31,29
