0.038,0.153,0.614,1.42,0.221,0,0.9034,0.9486,0.782,-0.397,0.779,0.195,0.982,0.887,0.735,0.626,313,307,280,276,0.650,0.165,0.939,0.776,0.599,0.440,302,276,253,90
0.029,0.152,0.386,0.85,0.046,0,0.9371,0.9583,0.562,0.06,0.779,0.195,0.982,0.887,0.735,0.626,313,307,280,276,0.650,0.165,0.939,0.776,0.599,0.440,302,276,253,90
0.031,0.136,0.136,-0.79,0.151,-1,0.9522,0.9466,0.441,0.736,0.779,0.195,0.982,0.887,0.735,0.626,313,307,280,276,0.650,0.165,0.939,0.776,0.599,0.440,302,276,253,90
0.040,0.142,0.185,-1.14,0.131,0,0.9548,0.9188,0.326,0.987,0.779,0.195,0.982,0.887,0.735,0.626,313,307,280,276,0.650,0.165,0.939,0.776,0.599,0.440,302,276,253,90
0.044,0.191,0.556,0.2,0.291,1,0.9494,0.8797,0.425,0.180,0.779,0.195,0.982,0.887,0.735,0.626,313,307,280,276,0.650,0.165,0.939,0.776,0.599,0.440,302,276,253,90
0.050,0.171,0.283,-0.42,0.180,0,0.9399,0.8339,0.379,0.318,0.779,0.195,0.982,0.887,0.735,0.626,313,307,280,276,0.650,0.165,0.939,0.776,0.599,0.440,302,276,253,90
0.050,0.134,0.070,-0.79,0.151,-1,0.9288,0.7855,0.313,0.736,0.779,0.195,0.982,0.887,0.735,0.626,313,307,280,276,0.650,0.165,0.939,0.776,0.599,0.440,302,276,253,90
0.047,0.111,0.199,1.69,0.290,0,0.9179,0.7382,0.077,-0.697,0.779,0.195,0.982,0.887,0.735,0.626,313,307,280,276,0.650,0.165,0.939,0.776,0.599,0.440,302,276,253,90
0.051,0.116,0.018,-0.79,0.151,-1,0.9084,0.6950,0.346,0.736,0.779,0.195,0.982,0.887,0.735,0.626,313,307,280,276,0.650,0.165,0.939,0.776,0.599,0.440,302,276,253,90
0.054,0.110,0.001,2.53,0.140,0,0.9008,0.6584,0.145,-0.121,0.779,0.195,0.982,0.887,0.735,0.626,313,307,280,276,0.650,0.165,0.939,0.776,0.599,0.440,302,276,253,90
0.059,0.118,0.014,1.42,0.221,0,0.8938,0.6290,0.068,-0.397,0.779,0.195,0.982,0.887,0.735,0.626,313,307,280,276,0.650,0.165,0.939,0.776,0.599,0.440,302,276,253,90
0.054,0.155,0.003,-0.79,0.151,-1,0.8913,0.6118,0.233,0.736,0.779,0.195,0.982,0.887,0.735,0.626,313,307,280,276,0.650,0.165,0.939,0.776,0.599,0.440,302,276,253,90
0.056,0.149,0.001,-1.1,0.105,-1,0.8890,0.6042,0.357,0.192,0.779,0.195,0.982,0.887,0.735,0.626,313,307,280,276,0.650,0.165,0.939,0.776,0.599,0.440,302,276,253,90
0.087,0.167,0.204,0.22,0.230,0,0.8833,0.6012,0.189,0.303,0.779,0.195,0.982,0.887,0.735,0.626,313,307,280,276,0.650,0.165,0.939,0.776,0.599,0.440,302,276,253,90
0.087,0.125,0.005,0.85,0.046,0,0.8772,0.6030,0.182,0.06,0.779,0.195,0.982,0.887,0.735,0.626,313,307,280,276,0.650,0.165,0.939,0.776,0.599,0.440,302,276,253,90
0.081,0.120,0.052,0,0.000,0,0.8704,0.6068,0.191,0.166,0.779,0.195,0.982,0.887,0.735,0.626,313,307,280,276,0.650,0.165,0.939,0.776,0.599,0.440,302,276,253,90
0.086,0.116,0.176,-0.08,0.108,0,0.8615,0.6071,0.226,0.059,0.779,0.195,0.982,0.887,0.735,0.626,313,307,280,276,0.650,0.165,0.939,0.776,0.599,0.440,302,276,253,90
0.108,0.153,0.402,1.37,0.298,0,0.8535,0.6060,0.116,-0.510,0.779,0.195,0.982,0.887,0.735,0.626,313,307,280,276,0.650,0.165,0.939,0.776,0.599,0.440,302,276,253,90
0.117,0.126,0.322,0,0.000,0,0.8458,0.6024,0.141,0.166,0.779,0.195,0.982,0.887,0.735,0.626,313,307,280,276,0.650,0.165,0.939,0.776,0.599,0.440,302,276,253,90
0.136,0.111,0.171,1.99,0.186,0,0.8446,0.6050,0.105,-0.326,0.779,0.195,0.982,0.887,0.735,0.626,313,307,280,276,0.650,0.165,0.939,0.776,0.599,0.440,302,276,253,90
0.141,0.127,0.444,0,0.000,0,0.8454,0.6118,0.203,0.166,0.779,0.195,0.982,0.887,0.735,0.626,313,307,280,276,0.650,0.165,0.939,0.776,0.599,0.440,302,276,253,90
0.145,0.122,0.184,-1.1,0.105,-1,0.8468,0.6195,0.297,0.192,0.779,0.195,0.982,0.887,0.735,0.626,313,307,280,276,0.650,0.165,0.939,0.776,0.599,0.440,302,276,253,90
0.171,0.186,0.612,0.2,0.291,1,0.8482,0.6257,0.279,0.180,0.779,0.195,0.982,0.887,0.735,0.626,313,307,280,276,0.650,0.165,0.939,0.776,0.599,0.440,302,276,253,90
0.171,0.173,0.541,-1.19,0.219,1,0.8534,0.6343,0.430,0.586,0.779,0.195,0.982,0.887,0.735,0.626,313,307,280,276,0.650,0.165,0.939,0.776,0.599,0.440,302,276,253,90
0.155,0.135,0.465,-1.1,0.105,-1,0.8668,0.6524,0.336,0.192,0.779,0.195,0.982,0.887,0.735,0.626,313,307,280,276,0.650,0.165,0.939,0.776,0.599,0.440,302,276,253,90
0.127,0.174,0.583,-0.42,0.180,0,0.8835,0.6754,0.386,0.318,0.779,0.195,0.982,0.887,0.735,0.626,313,307,280,276,0.650,0.165,0.939,0.776,0.599,0.440,302,276,253,90
0.127,0.144,0.259,0,0.000,0,0.8979,0.6978,0.264,0.166,0.779,0.195,0.982,0.887,0.735,0.626,313,307,280,276,0.650,0.165,0.939,0.776,0.599,0.440,302,276,253,90
0.128,0.163,0.214,0,0.000,0,0.9112,0.7211,0.205,0.166,0.779,0.195,0.982,0.887,0.735,0.626,313,307,280,276,0.650,0.165,0.939,0.776,0.599,0.440,302,276,253,90
0.136,0.183,0.372,1.37,0.298,0,0.9197,0.7374,0.096,-0.510,0.779,0.195,0.982,0.887,0.735,0.626,313,307,280,276,0.650,0.165,0.939,0.776,0.599,0.440,302,276,253,90
0.128,0.163,0.326,-0.08,0.108,0,0.9310,0.7549,0.168,0.059,0.779,0.195,0.982,0.887,0.735,0.626,313,307,280,276,0.650,0.165,0.939,0.776,0.599,0.440,302,276,253,90
0.130,0.131,0.210,1.42,0.221,0,0.9411,0.7702,0.083,-0.397,0.779,0.195,0.982,0.887,0.735,0.626,313,307,280,276,0.650,0.165,0.939,0.776,0.599,0.440,302,276,253,90
0.130,0.149,0.258,0.22,0.230,0,0.9432,0.7767,0.145,0.303,0.779,0.195,0.982,0.887,0.735,0.626,313,307,280,276,0.650,0.165,0.939,0.776,0.599,0.440,302,276,253,90
0.134,0.127,0.232,-0.42,0.180,0,0.9403,0.7758,0.225,0.318,0.779,0.195,0.982,0.887,0.735,0.626,313,307,280,276,0.650,0.165,0.939,0.776,0.599,0.440,302,276,253,90
0.159,0.104,0.134,-1.1,0.105,-1,0.9357,0.7737,0.252,0.192,0.779,0.195,0.982,0.887,0.735,0.626,313,307,280,276,0.650,0.165,0.939,0.776,0.599,0.440,302,276,253,90
0.105,0.110,0.221,-0.42,0.180,0,0.9320,0.7711,0.327,0.318,0.779,0.195,0.982,0.887,0.735,0.626,313,307,280,276,0.650,0.165,0.939,0.776,0.599,0.440,302,276,253,90
0.116,0.101,0.050,-0.79,0.151,-1,0.9286,0.7693,0.479,0.736,0.779,0.195,0.982,0.887,0.735,0.626,313,307,280,276,0.650,0.165,0.939,0.776,0.599,0.440,302,276,253,90
0.114,0.107,0.164,0,0.000,0,0.9297,0.7743,0.277,0.166,0.779,0.195,0.982,0.887,0.735,0.626,313,307,280,276,0.650,0.165,0.939,0.776,0.599,0.440,302,276,253,90
0.111,0.111,0.027,-1.1,0.105,-1,0.9366,0.7899,0.326,0.192,0.779,0.195,0.982,0.887,0.735,0.626,313,307,280,276,0.650,0.165,0.939,0.776,0.599,0.440,302,276,253,90
0.106,0.118,0.216,-0.08,0.108,0,0.9449,0.8095,0.350,0.059,0.779,0.195,0.982,0.887,0.735,0.626,313,307,280,276,0.650,0.165,0.939,0.776,0.599,0.440,302,276,253,90
0.112,0.114,0.116,-1.1,0.105,-1,0.9548,0.8322,0.389,0.192,0.779,0.195,0.982,0.887,0.735,0.626,313,307,280,276,0.650,0.165,0.939,0.776,0.599,0.440,302,276,253,90
0.113,0.103,0.156,0.85,0.046,0,0.9624,0.8509,0.341,0.06,0.779,0.195,0.982,0.887,0.735,0.626,313,307,280,276,0.650,0.165,0.939,0.776,0.599,0.440,302,276,253,90
0.103,0.126,0.052,0,0.000,0,0.9662,0.8626,0.287,0.166,0.779,0.195,0.982,0.887,0.735,0.626,313,307,280,276,0.650,0.165,0.939,0.776,0.599,0.440,302,276,253,90
0.078,0.101,0.050,1.99,0.186,0,0.9707,0.8747,0.149,-0.326,0.779,0.195,0.982,0.887,0.735,0.626,313,307,280,276,0.650,0.165,0.939,0.776,0.599,0.440,302,276,253,90
0.077,0.146,0.356,-1.19,0.219,1,0.9753,0.8851,0.477,0.586,0.779,0.195,0.982,0.887,0.735,0.626,313,307,280,276,0.650,0.165,0.939,0.776,0.599,0.440,302,276,253,90
0.082,0.125,0.223,-0.79,0.151,-1,0.9765,0.8905,0.456,0.736,0.779,0.195,0.982,0.887,0.735,0.626,313,307,280,276,0.650,0.165,0.939,0.776,0.599,0.440,302,276,253,90
0.089,0.158,0.330,-0.52,0.062,0,0.9764,0.8943,0.177,0.341,0.779,0.195,0.982,0.887,0.735,0.626,313,307,280,276,0.650,0.165,0.939,0.776,0.599,0.440,302,276,253,90
0.089,0.148,0.096,-1.14,0.131,0,0.9724,0.8909,0.360,0.987,0.779,0.195,0.982,0.887,0.735,0.626,313,307,280,276,0.650,0.165,0.939,0.776,0.599,0.440,302,276,253,90
0.071,0.120,0.080,1.99,0.186,0,0.9710,0.8910,0.189,-0.326,0.779,0.195,0.982,0.887,0.735,0.626,313,307,280,276,0.650,0.165,0.939,0.776,0.599,0.440,302,276,253,90
0.070,0.142,0.237,-0.42,0.180,0,0.9728,0.8960,0.414,0.318,0.779,0.195,0.982,0.887,0.735,0.626,313,307,280,276,0.650,0.165,0.939,0.776,0.599,0.440,302,276,253,90
0.076,0.138,0.117,-0.08,0.108,0,0.9756,0.9052,0.228,0.059,0.779,0.195,0.982,0.887,0.735,0.626,313,307,280,276,0.650,0.165,0.939,0.776,0.599,0.440,302,276,253,90
0.083,0.134,0.117,-1.14,0.131,0,0.9783,0.9148,0.273,0.987,0.779,0.195,0.982,0.887,0.735,0.626,313,307,280,276,0.650,0.165,0.939,0.776,0.599,0.440,302,276,253,90
0.067,0.123,0.224,-0.08,0.108,0,0.9806,0.9239,0.370,0.059,0.779,0.195,0.982,0.887,0.735,0.626,313,307,280,276,0.650,0.165,0.939,0.776,0.599,0.440,302,276,253,90
0.062,0.110,0.070,-0.79,0.151,-1,0.9820,0.9276,0.520,0.736,0.779,0.195,0.982,0.887,0.735,0.626,313,307,280,276,0.650,0.165,0.939,0.776,0.599,0.440,302,276,253,90
0.066,0.104,0.017,-1.1,0.105,-1,0.9833,0.9307,0.471,0.192,0.779,0.195,0.982,0.887,0.735,0.626,313,307,280,276,0.650,0.165,0.939,0.776,0.599,0.440,302,276,253,90
0.050,0.109,0.068,0,0.000,0,0.9839,0.9290,0.334,0.166,0.779,0.195,0.982,0.887,0.735,0.626,313,307,280,276,0.650,0.165,0.939,0.776,0.599,0.440,302,276,253,90
0.063,0.121,0.070,-0.52,0.062,0,0.9837,0.9241,0.393,0.341,0.779,0.195,0.982,0.887,0.735,0.626,313,307,280,276,0.650,0.165,0.939,0.776,0.599,0.440,302,276,253,90
0.075,0.109,0.058,-0.79,0.151,-1,0.9842,0.9210,0.511,0.736,0.779,0.195,0.982,0.887,0.735,0.626,313,307,280,276,0.650,0.165,0.939,0.776,0.599,0.440,302,276,253,90
0.082,0.103,0.049,-0.79,0.151,-1,0.9845,0.9175,0.404,0.736,0.779,0.195,0.982,0.887,0.735,0.626,313,307,280,276,0.650,0.165,0.939,0.776,0.599,0.440,302,276,253,90
0.079,0.113,0.065,-1.14,0.131,0,0.9846,0.9135,0.425,0.987,0.779,0.195,0.982,0.887,0.735,0.626,313,307,280,276,0.650,0.165,0.939,0.776,0.599,0.440,302,276,253,90
0.078,0.128,0.068,0,0.000,0,0.9826,0.9058,0.347,0.166,0.779,0.195,0.982,0.887,0.735,0.626,313,307,280,276,0.650,0.165,0.939,0.776,0.599,0.440,302,276,253,90
0.078,0.128,0.147,-0.52,0.062,0,0.9804,0.8993,0.303,0.341,0.779,0.195,0.982,0.887,0.735,0.626,313,307,280,276,0.650,0.165,0.939,0.776,0.599,0.440,302,276,253,90
0.082,0.120,0.044,-0.79,0.151,-1,0.9814,0.8971,0.475,0.736,0.779,0.195,0.982,0.887,0.735,0.626,313,307,280,276,0.650,0.165,0.939,0.776,0.599,0.440,302,276,253,90
0.070,0.140,0.201,-0.08,0.108,0,0.9832,0.8971,0.324,0.059,0.779,0.195,0.982,0.887,0.735,0.626,313,307,280,276,0.650,0.165,0.939,0.776,0.599,0.440,302,276,253,90
0.083,0.167,0.302,-0.52,0.062,0,0.9815,0.8909,0.349,0.341,0.779,0.195,0.982,0.887,0.735,0.626,313,307,280,276,0.650,0.165,0.939,0.776,0.599,0.440,302,276,253,90
0.086,0.150,0.040,-1.1,0.105,-1,0.9771,0.8780,0.416,0.192,0.779,0.195,0.982,0.887,0.735,0.626,313,307,280,276,0.650,0.165,0.939,0.776,0.599,0.440,302,276,253,90
0.080,0.155,0.083,0.85,0.046,0,0.9713,0.8634,0.303,0.06,0.779,0.195,0.982,0.887,0.735,0.626,313,307,280,276,0.650,0.165,0.939,0.776,0.599,0.440,302,276,253,90
0.076,0.195,0.388,-1.19,0.219,1,0.9619,0.8431,0.522,0.586,0.779,0.195,0.982,0.887,0.735,0.626,313,307,280,276,0.650,0.165,0.939,0.776,0.599,0.440,302,276,253,90
0.090,0.209,0.216,-0.52,0.062,0,0.9520,0.8241,0.367,0.341,0.779,0.195,0.982,0.887,0.735,0.626,313,307,280,276,0.650,0.165,0.939,0.776,0.599,0.440,302,276,253,90
0.111,0.200,0.127,-0.08,0.108,0,0.9432,0.8088,0.259,0.059,0.779,0.195,0.982,0.887,0.735,0.626,313,307,280,276,0.650,0.165,0.939,0.776,0.599,0.440,302,276,253,90
0.116,0.159,0.040,-1.14,0.131,0,0.9332,0.7916,0.355,0.987,0.779,0.195,0.982,0.887,0.735,0.626,313,307,280,276,0.650,0.165,0.939,0.776,0.599,0.440,302,276,253,90
0.109,0.166,0.161,-0.08,0.108,0,0.9246,0.7764,0.358,0.059,0.779,0.195,0.982,0.887,0.735,0.626,313,307,280,276,0.650,0.165,0.939,0.776,0.599,0.440,302,276,253,90
0.084,0.117,0.055,0.85,0.046,0,0.9181,0.7686,0.199,0.06,0.779,0.195,0.982,0.887,0.735,0.626,313,307,280,276,0.650,0.165,0.939,0.776,0.599,0.440,302,276,253,90
0.106,0.102,0.004,-0.79,0.151,-1,0.9173,0.7675,0.520,0.736,0.779,0.195,0.982,0.887,0.735,0.626,313,307,280,276,0.650,0.165,0.939,0.776,0.599,0.440,302,276,253,90
0.112,0.097,0.000,-1.1,0.105,-1,0.9198,0.7697,0.398,0.192,0.779,0.195,0.982,0.887,0.735,0.626,313,307,280,276,0.650,0.165,0.939,0.776,0.599,0.440,302,276,253,90
0.101,0.096,0.001,2.53,0.140,0,0.9227,0.7723,0.084,-0.121,0.779,0.195,0.982,0.887,0.735,0.626,313,307,280,276,0.650,0.165,0.939,0.776,0.599,0.440,302,276,253,90
0.108,0.101,0.011,-0.08,0.108,0,0.9254,0.7743,0.328,0.059,0.779,0.195,0.982,0.887,0.735,0.626,313,307,280,276,0.650,0.165,0.939,0.776,0.599,0.440,302,276,253,90
0.133,0.094,0.011,0.85,0.046,0,0.9296,0.7796,0.126,0.06,0.779,0.195,0.982,0.887,0.735,0.626,313,307,280,276,0.650,0.165,0.939,0.776,0.599,0.440,302,276,253,90
0.104,0.090,0.003,-1.14,0.131,0,0.9279,0.7731,0.226,0.987,0.779,0.195,0.982,0.887,0.735,0.626,313,307,280,276,0.650,0.165,0.939,0.776,0.599,0.440,302,276,253,90
0.099,0.089,0.001,1.99,0.186,0,0.9265,0.7678,0.100,-0.326,0.779,0.195,0.982,0.887,0.735,0.626,313,307,280,276,0.650,0.165,0.939,0.776,0.599,0.440,302,276,253,90
0.105,0.083,0.000,2.53,0.140,0,0.9263,0.7654,0.144,-0.121,0.779,0.195,0.982,0.887,0.735,0.626,313,307,280,276,0.650,0.165,0.939,0.776,0.599,0.440,302,276,253,90
0.111,0.088,0.010,-1.1,0.105,-1,0.9279,0.7651,0.365,0.192,0.779,0.195,0.982,0.887,0.735,0.626,313,307,280,276,0.650,0.165,0.939,0.776,0.599,0.440,302,276,253,90
0.113,0.089,0.020,-0.79,0.151,-1,0.9284,0.7624,0.461,0.736,0.779,0.195,0.982,0.887,0.735,0.626,313,307,280,276,0.650,0.165,0.939,0.776,0.599,0.440,302,276,253,90
0.107,0.100,0.193,0,0.000,0,0.9295,0.7594,0.366,0.166,0.779,0.195,0.982,0.887,0.735,0.626,313,307,280,276,0.650,0.165,0.939,0.776,0.599,0.440,302,276,253,90
0.140,0.095,0.164,0.85,0.046,0,0.9331,0.7599,0.263,0.06,0.779,0.195,0.982,0.887,0.735,0.626,313,307,280,276,0.650,0.165,0.939,0.776,0.599,0.440,302,276,253,90
0.139,0.108,0.218,-1.14,0.131,0,0.9376,0.7656,0.433,0.987,0.779,0.195,0.982,0.887,0.735,0.626,313,307,280,276,0.650,0.165,0.939,0.776,0.599,0.440,302,276,253,90
0.114,0.143,0.192,0,0.000,0,0.9441,0.7770,0.317,0.166,0.779,0.195,0.982,0.887,0.735,0.626,313,307,280,276,0.650,0.165,0.939,0.776,0.599,0.440,302,276,253,90
0.117,0.148,0.442,-1.19,0.219,1,0.9515,0.7881,0.446,0.586,0.779,0.195,0.982,0.887,0.735,0.626,313,307,280,276,0.650,0.165,0.939,0.776,0.599,0.440,302,276,253,90
0.111,0.147,0.239,-0.42,0.180,0,0.9573,0.7975,0.385,0.318,0.779,0.195,0.982,0.887,0.735,0.626,313,307,280,276,0.650,0.165,0.939,0.776,0.599,0.440,302,276,253,90
0.094,0.110,0.099,0.85,0.046,0,0.9614,0.8045,0.201,0.06,0.779,0.195,0.982,0.887,0.735,0.626,313,307,280,276,0.650,0.165,0.939,0.776,0.599,0.440,302,276,253,90
0.097,0.121,0.169,0.85,0.046,0,0.9632,0.8092,0.240,0.06,0.779,0.195,0.982,0.887,0.735,0.626,313,307,280,276,0.650,0.165,0.939,0.776,0.599,0.440,302,276,253,90
0.092,0.117,0.175,0.85,0.046,0,0.9681,0.8174,0.295,0.06,0.779,0.195,0.982,0.887,0.735,0.626,313,307,280,276,0.650,0.165,0.939,0.776,0.599,0.440,302,276,253,90
0.091,0.141,0.233,-0.42,0.180,0,0.9720,0.8221,0.285,0.318,0.779,0.195,0.982,0.887,0.735,0.626,313,307,280,276,0.650,0.165,0.939,0.776,0.599,0.440,302,276,253,90
0.112,0.120,0.145,-1.14,0.131,0,0.9727,0.8201,0.317,0.987,0.779,0.195,0.982,0.887,0.735,0.626,313,307,280,276,0.650,0.165,0.939,0.776,0.599,0.440,302,276,253,90
0.089,0.145,0.111,0.22,0.230,0,0.9703,0.8105,0.298,0.303,0.779,0.195,0.982,0.887,0.735,0.626,313,307,280,276,0.650,0.165,0.939,0.776,0.599,0.440,302,276,253,90
0.072,0.114,0.162,-0.08,0.108,0,0.9672,0.8000,0.284,0.059,0.779,0.195,0.982,0.887,0.735,0.626,313,307,280,276,0.650,0.165,0.939,0.776,0.599,0.440,302,276,253,90
0.076,0.108,0.015,-0.79,0.151,-1,0.9631,0.7895,0.454,0.736,0.779,0.195,0.982,0.887,0.735,0.626,313,307,280,276,0.650,0.165,0.939,0.776,0.599,0.440,302,276,253,90
0.076,0.102,0.117,3.14,0.186,0,0.9627,0.7880,0.112,-0.486,0.779,0.195,0.982,0.887,0.735,0.626,313,307,280,276,0.650,0.165,0.939,0.776,0.599,0.440,302,276,253,90
0.059,0.108,0.054,-1.14,0.131,0,0.9610,0.7872,0.309,0.987,0.779,0.195,0.982,0.887,0.735,0.626,313,307,280,276,0.650,0.165,0.939,0.776,0.599,0.440,302,276,253,90
0.062,0.115,0.019,-0.79,0.151,-1,0.9617,0.7930,0.539,0.736,0.779,0.195,0.982,0.887,0.735,0.626,313,307,280,276,0.650,0.165,0.939,0.776,0.599,0.440,302,276,253,90
0.059,0.128,0.075,0,0.000,0,0.9603,0.7957,0.325,0.166,0.779,0.195,0.982,0.887,0.735,0.626,313,307,280,276,0.650,0.165,0.939,0.776,0.599,0.440,302,276,253,90
0.056,0.150,0.201,-0.08,0.108,0,0.9588,0.7967,0.287,0.059,0.779,0.195,0.982,0.887,0.735,0.626,313,307,280,276,0.650,0.165,0.939,0.776,0.599,0.440,302,276,253,90
0.053,0.152,0.257,-0.08,0.108,0,0.9584,0.7982,0.319,0.059,0.779,0.195,0.982,0.887,0.735,0.626,313,307,280,276,0.650,0.165,0.939,0.776,0.599,0.440,302,276,253,90
0.058,0.124,0.120,0.85,0.046,0,0.9582,0.8014,0.199,0.06,0.779,0.195,0.982,0.887,0.735,0.626,313,307,280,276,0.650,0.165,0.939,0.776,0.599,0.440,302,276,253,90
0.060,0.123,0.140,-0.79,0.151,-1,0.9590,0.8044,0.409,0.736,0.779,0.195,0.982,0.887,0.735,0.626,313,307,280,276,0.650,0.165,0.939,0.776,0.599,0.440,302,276,253,90
0.045,0.118,0.051,-0.79,0.151,-1,0.9590,0.8018,0.357,0.736,0.779,0.195,0.982,0.887,0.735,0.626,313,307,280,276,0.650,0.165,0.939,0.776,0.599,0.440,302,276,253,90
0.045,0.117,0.008,0.85,0.046,0,0.9569,0.7931,0.224,0.06,0.779,0.195,0.982,0.887,0.735,0.626,313,307,280,276,0.650,0.165,0.939,0.776,0.599,0.440,302,276,253,90
0.045,0.133,0.118,0,0.000,0,0.9534,0.7807,0.291,0.166,0.779,0.195,0.982,0.887,0.735,0.626,313,307,280,276,0.650,0.165,0.939,0.776,0.599,0.440,302,276,253,90
0.047,0.118,0.097,3.14,0.186,0,0.9511,0.7701,0.159,-0.486,0.779,0.195,0.982,0.887,0.735,0.626,313,307,280,276,0.650,0.165,0.939,0.776,0.599,0.440,302,276,253,90
0.050,0.125,0.132,0,0.000,0,0.9494,0.7611,0.262,0.166,0.779,0.195,0.982,0.887,0.735,0.626,313,307,280,276,0.650,0.165,0.939,0.776,0.599,0.440,302,276,253,90
0.063,0.130,0.154,-1.1,0.105,-1,0.9505,0.7568,0.356,0.192,0.779,0.195,0.982,0.887,0.735,0.626,313,307,280,276,0.650,0.165,0.939,0.776,0.599,0.440,302,276,253,90
0.066,0.143,0.228,-0.08,0.108,0,0.9498,0.7513,0.207,0.059,0.779,0.195,0.982,0.887,0.735,0.626,313,307,280,276,0.650,0.165,0.939,0.776,0.599,0.440,302,276,253,90
0.070,0.121,0.079,-1.14,0.131,0,0.9466,0.7400,0.304,0.987,0.779,0.195,0.982,0.887,0.735,0.626,313,307,280,276,0.650,0.165,0.939,0.776,0.599,0.440,302,276,253,90
0.070,0.128,0.210,-0.52,0.062,0,0.9417,0.7255,0.278,0.341,0.779,0.195,0.982,0.887,0.735,0.626,313,307,280,276,0.650,0.165,0.939,0.776,0.599,0.440,302,276,253,90
0.067,0.100,0.002,1.99,0.186,0,0.9384,0.7148,0.121,-0.326,0.779,0.195,0.982,0.887,0.735,0.626,313,307,280,276,0.650,0.165,0.939,0.776,0.599,0.440,302,276,253,90
0.084,0.102,0.004,-0.79,0.151,-1,0.9372,0.7085,0.413,0.736,0.779,0.195,0.982,0.887,0.735,0.626,313,307,280,276,0.650,0.165,0.939,0.776,0.599,0.440,302,276,253,90
0.108,0.099,0.027,-1.1,0.105,-1,0.9369,0.7053,0.373,0.192,0.779,0.195,0.982,0.887,0.735,0.626,313,307,280,276,0.650,0.165,0.939,0.776,0.599,0.440,302,276,253,90
0.111,0.104,0.001,-0.79,0.151,-1,0.9350,0.7028,0.355,0.736,0.779,0.195,0.982,0.887,0.735,0.626,313,307,280,276,0.650,0.165,0.939,0.776,0.599,0.440,302,276,253,90
0.109,0.105,0.029,0.85,0.046,0,0.9300,0.6952,0.177,0.06,0.779,0.195,0.982,0.887,0.735,0.626,313,307,280,276,0.650,0.165,0.939,0.776,0.599,0.440,302,276,253,90
0.118,0.120,0.104,0.85,0.046,0,0.9259,0.6888,0.245,0.06,0.779,0.195,0.982,0.887,0.735,0.626,313,307,280,276,0.650,0.165,0.939,0.776,0.599,0.440,302,276,253,90
0.143,0.123,0.096,0,0.000,0,0.9233,0.6849,0.248,0.166,0.779,0.195,0.982,0.887,0.735,0.626,313,307,280,276,0.650,0.165,0.939,0.776,0.599,0.440,302,276,253,90
0.156,0.176,0.204,0.22,0.230,0,0.9191,0.6784,0.231,0.303,0.779,0.195,0.982,0.887,0.735,0.626,313,307,280,276,0.650,0.165,0.939,0.776,0.599,0.440,302,276,253,90
0.200,0.145,0.333,2.53,0.140,0,0.9161,0.6726,0.103,-0.121,0.779,0.195,0.982,0.887,0.735,0.626,313,307,280,276,0.650,0.165,0.939,0.776,0.599,0.440,302,276,253,90
0.200,0.173,0.398,-0.08,0.108,0,0.9151,0.6677,0.168,0.059,0.779,0.195,0.982,0.887,0.735,0.626,313,307,280,276,0.650,0.165,0.939,0.776,0.599,0.440,302,276,253,90
0.195,0.701,0.205,-0.42,0.180,0,0.9152,0.6622,0.223,0.318,0.779,0.195,0.982,0.887,0.735,0.626,313,307,280,276,0.650,0.165,0.939,0.776,0.599,0.440,302,276,253,90
0.187,0.222,0.267,0.85,0.046,0,0.9163,0.6564,0.107,0.06,0.779,0.195,0.982,0.887,0.735,0.626,313,307,280,276,0.650,0.165,0.939,0.776,0.599,0.440,302,276,253,90
0.229,0.760,0.307,0.2,0.291,1,0.9162,0.6502,0.217,0.180,0.779,0.195,0.982,0.887,0.735,0.626,313,307,280,276,0.650,0.165,0.939,0.776,0.599,0.440,302,276,253,90
0.247,0.212,0.202,1.42,0.221,0,0.9172,0.6462,0.086,-0.397,0.779,0.195,0.982,0.887,0.735,0.626,313,307,280,276,0.650,0.165,0.939,0.776,0.599,0.440,302,276,253,90
0.284,0.219,0.129,2.53,0.140,0,0.9199,0.6481,0.107,-0.121,0.779,0.195,0.982,0.887,0.735,0.626,313,307,280,276,0.650,0.165,0.939,0.776,0.599,0.440,302,276,253,90
0.273,0.710,0.288,-0.52,0.062,0,0.9187,0.6485,0.150,0.341,0.779,0.195,0.982,0.887,0.735,0.626,313,307,280,276,0.650,0.165,0.939,0.776,0.599,0.440,302,276,253,90
0.323,0.793,0.412,-1.19,0.219,1,0.9173,0.6492,0.362,0.586,0.779,0.195,0.982,0.887,0.735,0.626,313,307,280,276,0.650,0.165,0.939,0.776,0.599,0.440,302,276,253,90
0.373,0.382,0.367,-0.52,0.062,0,0.9132,0.6474,0.228,0.341,0.779,0.195,0.982,0.887,0.735,0.626,313,307,280,276,0.650,0.165,0.939,0.776,0.599,0.440,302,276,253,90
0.356,0.713,0.459,-1.19,0.219,1,0.9083,0.6426,0.495,0.586,0.779,0.195,0.982,0.887,0.735,0.626,313,307,280,276,0.650,0.165,0.939,0.776,0.599,0.440,302,276,253,90
0.413,0.278,0.353,-1.1,0.105,-1,0.9068,0.6408,0.499,0.192,0.779,0.195,0.982,0.887,0.735,0.626,313,307,280,276,0.650,0.165,0.939,0.776,0.599,0.440,302,276,253,90
0.433,0.252,0.421,0,0.000,0,0.9088,0.6435,0.243,0.166,0.779,0.195,0.982,0.887,0.735,0.626,313,307,280,276,0.650,0.165,0.939,0.776,0.599,0.440,302,276,253,90
0.443,0.259,0.498,-0.08,0.108,0,0.9099,0.6462,0.451,0.059,0.779,0.195,0.982,0.887,0.735,0.626,313,307,280,276,0.650,0.165,0.939,0.776,0.599,0.440,302,276,253,90
0.431,0.222,0.546,0,0.000,0,0.9103,0.6486,0.275,0.166,0.779,0.195,0.982,0.887,0.735,0.626,313,307,280,276,0.650,0.165,0.939,0.776,0.599,0.440,302,276,253,90
0.425,0.215,0.484,-0.52,0.062,0,0.9118,0.6490,0.341,0.341,0.779,0.195,0.982,0.887,0.735,0.626,313,307,280,276,0.650,0.165,0.939,0.776,0.599,0.440,302,276,253,90
0.474,0.189,0.531,-1.1,0.105,-1,0.9136,0.6493,0.466,0.192,0.779,0.195,0.982,0.887,0.735,0.626,313,307,280,276,0.650,0.165,0.939,0.776,0.599,0.440,302,276,253,90
0.460,0.212,0.202,-1.1,0.105,-1,0.9140,0.6502,0.393,0.192,0.779,0.195,0.982,0.887,0.735,0.626,313,307,280,276,0.650,0.165,0.939,0.776,0.599,0.440,302,276,253,90
0.506,0.255,0.374,-1.19,0.219,1,0.9139,0.6532,0.467,0.586,0.779,0.195,0.982,0.887,0.735,0.626,313,307,280,276,0.650,0.165,0.939,0.776,0.599,0.440,302,276,253,90
0.439,0.258,0.312,-1.19,0.219,1,0.9131,0.6558,0.449,0.586,0.779,0.195,0.982,0.887,0.735,0.626,313,307,280,276,0.650,0.165,0.939,0.776,0.599,0.440,302,276,253,90
0.426,0.173,0.062,0.85,0.046,0,0.9131,0.6608,0.250,0.06,0.779,0.195,0.982,0.887,0.735,0.626,313,307,280,276,0.650,0.165,0.939,0.776,0.599,0.440,302,276,253,90
0.355,0.233,0.253,-1.19,0.219,1,0.9121,0.6646,0.492,0.586,0.779,0.195,0.982,0.887,0.735,0.626,313,307,280,276,0.650,0.165,0.939,0.776,0.599,0.440,302,276,253,90
0.354,0.178,0.189,0,0.000,0,0.9082,0.6652,0.375,0.166,0.779,0.195,0.982,0.887,0.735,0.626,313,307,280,276,0.650,0.165,0.939,0.776,0.599,0.440,302,276,253,90
0.358,0.186,0.108,0.85,0.046,0,0.9070,0.6678,0.420,0.06,0.779,0.195,0.982,0.887,0.735,0.626,313,307,280,276,0.650,0.165,0.939,0.776,0.599,0.440,302,276,253,90
0.377,0.200,0.053,-1.1,0.105,-1,0.9065,0.6733,0.522,0.192,0.779,0.195,0.982,0.887,0.735,0.626,313,307,280,276,0.650,0.165,0.939,0.776,0.599,0.440,302,276,253,90
0.373,0.209,0.099,0,0.000,0,0.9072,0.6809,0.284,0.166,0.779,0.195,0.982,0.887,0.735,0.626,313,307,280,276,0.650,0.165,0.939,0.776,0.599,0.440,302,276,253,90
0.361,0.282,0.286,-1.19,0.219,1,0.9109,0.6916,0.480,0.586,0.779,0.195,0.982,0.887,0.735,0.626,313,307,280,276,0.650,0.165,0.939,0.776,0.599,0.440,302,276,253,90
0.360,0.217,0.342,-0.08,0.108,0,0.9143,0.7014,0.221,0.059,0.779,0.195,0.982,0.887,0.735,0.626,313,307,280,276,0.650,0.165,0.939,0.776,0.599,0.440,302,276,253,90
0.359,0.200,0.483,-1.19,0.219,1,0.9192,0.7116,0.342,0.586,0.779,0.195,0.982,0.887,0.735,0.626,313,307,280,276,0.650,0.165,0.939,0.776,0.599,0.440,302,276,253,90
0.310,0.161,0.358,3.14,0.186,0,0.9259,0.7250,0.106,-0.486,0.779,0.195,0.982,0.887,0.735,0.626,313,307,280,276,0.650,0.165,0.939,0.776,0.599,0.440,302,276,253,90
0.253,0.165,0.330,0.85,0.046,0,0.9331,0.7380,0.161,0.06,0.779,0.195,0.982,0.887,0.735,0.626,313,307,280,276,0.650,0.165,0.939,0.776,0.599,0.440,302,276,253,90
0.301,0.180,0.503,-0.08,0.108,0,0.9426,0.7565,0.179,0.059,0.779,0.195,0.982,0.887,0.735,0.626,313,307,280,276,0.650,0.165,0.939,0.776,0.599,0.440,302,276,253,90
0.256,0.178,0.400,-1.14,0.131,0,0.9483,0.7717,0.218,0.987,0.779,0.195,0.982,0.887,0.735,0.626,313,307,280,276,0.650,0.165,0.939,0.776,0.599,0.440,302,276,253,90
0.245,0.220,0.543,0.2,0.291,1,0.9511,0.7829,0.395,0.180,0.779,0.195,0.982,0.887,0.735,0.626,313,307,280,276,0.650,0.165,0.939,0.776,0.599,0.440,302,276,253,90
0.245,0.136,0.265,0,0.000,0,0.9503,0.7881,0.260,0.166,0.779,0.195,0.982,0.887,0.735,0.626,313,307,280,276,0.650,0.165,0.939,0.776,0.599,0.440,302,276,253,90
0.220,0.127,0.295,0.85,0.046,0,0.9496,0.7929,0.279,0.06,0.779,0.195,0.982,0.887,0.735,0.626,313,307,280,276,0.650,0.165,0.939,0.776,0.599,0.440,302,276,253,90
0.217,0.121,0.340,0.85,0.046,0,0.9493,0.8013,0.263,0.06,0.779,0.195,0.982,0.887,0.735,0.626,313,307,280,276,0.650,0.165,0.939,0.776,0.599,0.440,302,276,253,90
0.170,0.120,0.289,-1.14,0.131,0,0.9483,0.8086,0.303,0.987,0.779,0.195,0.982,0.887,0.735,0.626,313,307,280,276,0.650,0.165,0.939,0.776,0.599,0.440,302,276,253,90
0.185,0.127,0.147,-1.14,0.131,0,0.9485,0.8158,0.457,0.987,0.779,0.195,0.982,0.887,0.735,0.626,313,307,280,276,0.650,0.165,0.939,0.776,0.599,0.440,302,276,253,90
0.147,0.125,0.208,0,0.000,0,0.9491,0.8216,0.349,0.166,0.779,0.195,0.982,0.887,0.735,0.626,313,307,280,276,0.650,0.165,0.939,0.776,0.599,0.440,302,276,253,90
0.144,0.140,0.379,-0.42,0.180,0,0.9497,0.8262,0.397,0.318,0.779,0.195,0.982,0.887,0.735,0.626,313,307,280,276,0.650,0.165,0.939,0.776,0.599,0.440,302,276,253,90
0.144,0.146,0.478,-1.19,0.219,1,0.9533,0.8325,0.503,0.586,0.779,0.195,0.982,0.887,0.735,0.626,313,307,280,276,0.650,0.165,0.939,0.776,0.599,0.440,302,276,253,90
0.186,0.120,0.363,0,0.000,0,0.9571,0.8396,0.221,0.166,0.779,0.195,0.982,0.887,0.735,0.626,313,307,280,276,0.650,0.165,0.939,0.776,0.599,0.440,302,276,253,90
0.185,0.155,0.483,-0.42,0.180,0,0.9598,0.8444,0.362,0.318,0.779,0.195,0.982,0.887,0.735,0.626,313,307,280,276,0.650,0.165,0.939,0.776,0.599,0.440,302,276,253,90
0.171,0.129,0.398,0.85,0.046,0,0.9613,0.8473,0.269,0.06,0.779,0.195,0.982,0.887,0.735,0.626,313,307,280,276,0.650,0.165,0.939,0.776,0.599,0.440,302,276,253,90
0.161,0.167,0.335,-0.48,0.134,0,0.9615,0.8461,0.320,0.007,0.779,0.195,0.982,0.887,0.735,0.626,313,307,280,276,0.650,0.165,0.939,0.776,0.599,0.440,302,276,253,90
0.161,0.136,0.184,0.85,0.046,0,0.9628,0.8458,0.161,0.06,0.779,0.195,0.982,0.887,0.735,0.626,313,307,280,276,0.650,0.165,0.939,0.776,0.599,0.440,302,276,253,90
0.153,0.156,0.217,-0.08,0.108,0,0.9632,0.8462,0.301,0.059,0.779,0.195,0.982,0.887,0.735,0.626,313,307,280,276,0.650,0.165,0.939,0.776,0.599,0.440,302,276,253,90
0.195,0.209,0.511,0.2,0.291,1,0.9626,0.8437,0.386,0.180,0.779,0.195,0.982,0.887,0.735,0.626,313,307,280,276,0.650,0.165,0.939,0.776,0.599,0.440,302,276,253,90
0.194,0.116,0.102,3.14,0.186,0,0.9641,0.8429,0.107,-0.486,0.779,0.195,0.982,0.887,0.735,0.626,313,307,280,276,0.650,0.165,0.939,0.776,0.599,0.440,302,276,253,90
0.183,0.120,0.124,-1.14,0.131,0,0.9636,0.8382,0.280,0.987,0.779,0.195,0.982,0.887,0.735,0.626,313,307,280,276,0.650,0.165,0.939,0.776,0.599,0.440,302,276,253,90
0.181,0.123,0.212,0.85,0.046,0,0.9631,0.8360,0.362,0.06,0.779,0.195,0.982,0.887,0.735,0.626,313,307,280,276,0.650,0.165,0.939,0.776,0.599,0.440,302,276,253,90
0.155,0.166,0.565,-1.19,0.219,1,0.9619,0.8316,0.549,0.586,0.779,0.195,0.982,0.887,0.735,0.626,313,307,280,276,0.650,0.165,0.939,0.776,0.599,0.440,302,276,253,90
0.160,0.144,0.245,-0.08,0.108,0,0.9633,0.8305,0.321,0.059,0.779,0.195,0.982,0.887,0.735,0.626,313,307,280,276,0.650,0.165,0.939,0.776,0.599,0.440,302,276,253,90
0.168,0.118,0.403,-1.14,0.131,0,0.9656,0.8310,0.341,0.987,0.779,0.195,0.982,0.887,0.735,0.626,313,307,280,276,0.650,0.165,0.939,0.776,0.599,0.440,302,276,253,90
0.137,0.121,0.318,-1.14,0.131,0,0.9682,0.8336,0.479,0.987,0.779,0.195,0.982,0.887,0.735,0.626,313,307,280,276,0.650,0.165,0.939,0.776,0.599,0.440,302,276,253,90
0.154,0.108,0.302,0.85,0.046,0,0.9709,0.8372,0.411,0.06,0.779,0.195,0.982,0.887,0.735,0.626,313,307,280,276,0.650,0.165,0.939,0.776,0.599,0.440,302,276,253,90
0.147,0.122,0.238,-1.14,0.131,0,0.9735,0.8426,0.473,0.987,0.779,0.195,0.982,0.887,0.735,0.626,313,307,280,276,0.650,0.165,0.939,0.776,0.599,0.440,302,276,253,90
0.189,0.146,0.415,-1.19,0.219,1,0.9771,0.8515,0.574,0.586,0.779,0.195,0.982,0.887,0.735,0.626,313,307,280,276,0.650,0.165,0.939,0.776,0.599,0.440,302,276,253,90
0.191,0.126,0.335,-0.08,0.108,0,0.9814,0.8620,0.407,0.059,0.779,0.195,0.982,0.887,0.735,0.626,313,307,280,276,0.650,0.165,0.939,0.776,0.599,0.440,302,276,253,90
0.199,0.108,0.225,-1.14,0.131,0,0.9844,0.8702,0.408,0.987,0.779,0.195,0.982,0.887,0.735,0.626,313,307,280,276,0.650,0.165,0.939,0.776,0.599,0.440,302,276,253,90
0.200,0.111,0.290,-1.14,0.131,0,0.9854,0.8749,0.430,0.987,0.779,0.195,0.982,0.887,0.735,0.626,313,307,280,276,0.650,0.165,0.939,0.776,0.599,0.440,302,276,253,90
0.206,0.122,0.422,-0.52,0.062,0,0.9842,0.8758,0.457,0.341,0.779,0.195,0.982,0.887,0.735,0.626,313,307,280,276,0.650,0.165,0.939,0.776,0.599,0.440,302,276,253,90
0.177,0.129,0.220,-0.52,0.062,0,0.9808,0.8723,0.536,0.341,0.779,0.195,0.982,0.887,0.735,0.626,313,307,280,276,0.650,0.165,0.939,0.776,0.599,0.440,302,276,253,90
0.189,0.114,0.306,0,0.000,0,0.9779,0.8690,0.430,0.166,0.779,0.195,0.982,0.887,0.735,0.626,313,307,280,276,0.650,0.165,0.939,0.776,0.599,0.440,302,276,253,90
0.177,0.110,0.277,-0.79,0.151,-1,0.9754,0.8647,0.438,0.736,0.779,0.195,0.982,0.887,0.735,0.626,313,307,280,276,0.650,0.165,0.939,0.776,0.599,0.440,302,276,253,90
0.193,0.109,0.334,-1.14,0.131,0,0.9724,0.8595,0.365,0.987,0.779,0.195,0.982,0.887,0.735,0.626,313,307,280,276,0.650,0.165,0.939,0.776,0.599,0.440,302,276,253,90
0.201,0.129,0.352,-1.14,0.131,0,0.9687,0.8516,0.366,0.987,0.779,0.195,0.982,0.887,0.735,0.626,313,307,280,276,0.650,0.165,0.939,0.776,0.599,0.440,302,276,253,90
0.201,0.181,0.653,-1.19,0.219,1,0.9656,0.8429,0.485,0.586,0.779,0.195,0.982,0.887,0.735,0.626,313,307,280,276,0.650,0.165,0.939,0.776,0.599,0.440,302,276,253,90
0.168,0.158,0.495,-0.52,0.062,0,0.9640,0.8379,0.359,0.341,0.779,0.195,0.982,0.887,0.735,0.626,313,307,280,276,0.650,0.165,0.939,0.776,0.599,0.440,302,276,253,90
0.185,0.150,0.528,0,0.000,0,0.9643,0.8365,0.343,0.166,0.779,0.195,0.982,0.887,0.735,0.626,313,307,280,276,0.650,0.165,0.939,0.776,0.599,0.440,302,276,253,90
0.185,0.170,0.422,-1.1,0.105,-1,0.9655,0.8392,0.411,0.192,0.779,0.195,0.982,0.887,0.735,0.626,313,307,280,276,0.650,0.165,0.939,0.776,0.599,0.440,302,276,253,90
0.196,0.294,0.630,0.2,0.291,1,0.9668,0.8408,0.335,0.180,0.779,0.195,0.982,0.887,0.735,0.626,313,307,280,276,0.650,0.165,0.939,0.776,0.599,0.440,302,276,253,90
0.179,0.246,0.382,-0.52,0.062,0,0.9663,0.8412,0.289,0.341,0.779,0.195,0.982,0.887,0.735,0.626,313,307,280,276,0.650,0.165,0.939,0.776,0.599,0.440,302,276,253,90
0.163,0.223,0.405,0,0.000,0,0.9625,0.8378,0.218,0.166,0.779,0.195,0.982,0.887,0.735,0.626,313,307,280,276,0.650,0.165,0.939,0.776,0.599,0.440,302,276,253,90
0.163,0.228,0.437,1.37,0.298,0,0.9616,0.8395,0.145,-0.510,0.779,0.195,0.982,0.887,0.735,0.626,313,307,280,276,0.650,0.165,0.939,0.776,0.599,0.440,302,276,253,90
0.207,0.241,0.427,-0.52,0.062,0,0.9610,0.8418,0.205,0.341,0.779,0.195,0.982,0.887,0.735,0.626,313,307,280,276,0.650,0.165,0.939,0.776,0.599,0.440,302,276,253,90
0.223,0.260,0.342,-0.52,0.062,0,0.9616,0.8452,0.150,0.341,0.779,0.195,0.982,0.887,0.735,0.626,313,307,280,276,0.650,0.165,0.939,0.776,0.599,0.440,302,276,253,90
0.242,0.250,0.325,-1.14,0.131,0,0.9594,0.8443,0.353,0.987,0.779,0.195,0.982,0.887,0.735,0.626,313,307,280,276,0.650,0.165,0.939,0.776,0.599,0.440,302,276,253,90
0.207,0.221,0.252,0,0.000,0,0.9553,0.8391,0.205,0.166,0.779,0.195,0.982,0.887,0.735,0.626,313,307,280,276,0.650,0.165,0.939,0.776,0.599,0.440,302,276,253,90
0.189,0.227,0.427,-0.52,0.062,0,0.9509,0.8325,0.192,0.341,0.779,0.195,0.982,0.887,0.735,0.626,313,307,280,276,0.650,0.165,0.939,0.776,0.599,0.440,302,276,253,90
0.178,0.230,0.409,-1.14,0.131,0,0.9474,0.8249,0.433,0.987,0.779,0.195,0.982,0.887,0.735,0.626,313,307,280,276,0.650,0.165,0.939,0.776,0.599,0.440,302,276,253,90
0.193,0.234,0.431,0,0.000,0,0.9467,0.8200,0.218,0.166,0.779,0.195,0.982,0.887,0.735,0.626,313,307,280,276,0.650,0.165,0.939,0.776,0.599,0.440,302,276,253,90
0.186,0.254,0.380,-0.08,0.108,0,0.9485,0.8179,0.253,0.059,0.779,0.195,0.982,0.887,0.735,0.626,313,307,280,276,0.650,0.165,0.939,0.776,0.599,0.440,302,276,253,90
0.170,0.261,0.353,-1.14,0.131,0,0.9518,0.8188,0.423,0.987,0.779,0.195,0.982,0.887,0.735,0.626,313,307,280,276,0.650,0.165,0.939,0.776,0.599,0.440,302,276,253,90
0.159,0.258,0.544,0,0.000,0,0.9562,0.8209,0.268,0.166,0.779,0.195,0.982,0.887,0.735,0.626,313,307,280,276,0.650,0.165,0.939,0.776,0.599,0.440,302,276,253,90
0.170,0.291,0.379,-0.52,0.062,0,0.9609,0.8275,0.268,0.341,0.779,0.195,0.982,0.887,0.735,0.626,313,307,280,276,0.650,0.165,0.939,0.776,0.599,0.440,302,276,253,90
0.155,0.740,0.589,0.2,0.291,1,0.9661,0.8352,0.393,0.180,0.779,0.195,0.982,0.887,0.735,0.626,313,307,280,276,0.650,0.165,0.939,0.776,0.599,0.440,302,276,253,90
0.141,0.268,0.485,-0.52,0.062,0,0.9730,0.8475,0.269,0.341,0.779,0.195,0.982,0.887,0.735,0.626,313,307,280,276,0.650,0.165,0.939,0.776,0.599,0.440,302,276,253,90
0.153,0.727,0.662,0.2,0.291,1,0.9805,0.8611,0.369,0.180,0.779,0.195,0.982,0.887,0.735,0.626,313,307,280,276,0.650,0.165,0.939,0.776,0.599,0.440,302,276,253,90
0.123,0.239,0.365,-0.08,0.108,0,0.9852,0.8697,0.260,0.059,0.779,0.195,0.982,0.887,0.735,0.626,313,307,280,276,0.650,0.165,0.939,0.776,0.599,0.440,302,276,253,90
0.111,0.197,0.366,-1.14,0.131,0,0.9843,0.8685,0.302,0.987,0.779,0.195,0.982,0.887,0.735,0.626,313,307,280,276,0.650,0.165,0.939,0.776,0.599,0.440,302,276,253,90
0.144,0.192,0.313,-0.52,0.062,0,0.9771,0.8580,0.367,0.341,0.779,0.195,0.982,0.887,0.735,0.626,313,307,280,276,0.650,0.165,0.939,0.776,0.599,0.440,302,276,253,90
0.173,0.147,0.209,1.99,0.186,0,0.9662,0.8424,0.191,-0.326,0.779,0.195,0.982,0.887,0.735,0.626,313,307,280,276,0.650,0.165,0.939,0.776,0.599,0.440,302,276,253,90
0.182,0.178,0.086,-1.14,0.131,0,0.9535,0.8217,0.403,0.987,0.779,0.195,0.982,0.887,0.735,0.626,313,307,280,276,0.650,0.165,0.939,0.776,0.599,0.440,302,276,253,90
0.191,0.171,0.376,-0.08,0.108,0,0.9450,0.8035,0.354,0.059,0.779,0.195,0.982,0.887,0.735,0.626,313,307,280,276,0.650,0.165,0.939,0.776,0.599,0.440,302,276,253,90
0.187,0.161,0.234,-1.14,0.131,0,0.9322,0.7822,0.359,0.987,0.779,0.195,0.982,0.887,0.735,0.626,313,307,280,276,0.650,0.165,0.939,0.776,0.599,0.440,302,276,253,90
0.179,0.184,0.123,-1.14,0.131,0,0.9207,0.7635,0.480,0.987,0.779,0.195,0.982,0.887,0.735,0.626,313,307,280,276,0.650,0.165,0.939,0.776,0.599,0.440,302,276,253,90
0.179,0.197,0.301,-0.08,0.108,0,0.9112,0.7495,0.454,0.059,0.779,0.195,0.982,0.887,0.735,0.626,313,307,280,276,0.650,0.165,0.939,0.776,0.599,0.440,302,276,253,90
0.163,0.216,0.546,0.2,0.291,1,0.9072,0.7421,0.457,0.180,0.779,0.195,0.982,0.887,0.735,0.626,313,307,280,276,0.650,0.165,0.939,0.776,0.599,0.440,302,276,253,90
0.150,0.146,0.333,-0.79,0.151,-1,0.9095,0.7429,0.469,0.736,0.779,0.195,0.982,0.887,0.735,0.626,313,307,280,276,0.650,0.165,0.939,0.776,0.599,0.440,302,276,253,90
0.151,0.175,0.390,-1.14,0.131,0,0.9152,0.7479,0.389,0.987,0.779,0.195,0.982,0.887,0.735,0.626,313,307,280,276,0.650,0.165,0.939,0.776,0.599,0.440,302,276,253,90
0.193,0.238,0.392,-1.19,0.219,1,0.9206,0.7538,0.439,0.586,0.779,0.195,0.982,0.887,0.735,0.626,313,307,280,276,0.650,0.165,0.939,0.776,0.599,0.440,302,276,253,90
0.193,0.219,0.421,-1.19,0.219,1,0.9268,0.7601,0.307,0.586,0.779,0.195,0.982,0.887,0.735,0.626,313,307,280,276,0.650,0.165,0.939,0.776,0.599,0.440,302,276,253,90
0.186,0.173,0.174,2.53,0.140,0,0.9310,0.7637,0.096,-0.121,0.779,0.195,0.982,0.887,0.735,0.626,313,307,280,276,0.650,0.165,0.939,0.776,0.599,0.440,302,276,253,90
0.203,0.171,0.282,0.85,0.046,0,0.9301,0.7602,0.137,0.06,0.779,0.195,0.982,0.887,0.735,0.626,313,307,280,276,0.650,0.165,0.939,0.776,0.599,0.440,302,276,253,90
0.222,0.167,0.141,2.53,0.140,0,0.9280,0.7571,0.131,-0.121,0.779,0.195,0.982,0.887,0.735,0.626,313,307,280,276,0.650,0.165,0.939,0.776,0.599,0.440,302,276,253,90
0.232,0.195,0.173,2.53,0.140,0,0.9185,0.7476,0.076,-0.121,0.779,0.195,0.982,0.887,0.735,0.626,313,307,280,276,0.650,0.165,0.939,0.776,0.599,0.440,302,276,253,90
0.288,0.745,0.399,0.2,0.291,1,0.9077,0.7395,0.227,0.180,0.779,0.195,0.982,0.887,0.735,0.626,313,307,280,276,0.650,0.165,0.939,0.776,0.599,0.440,302,276,253,90
0.312,0.682,0.373,-0.08,0.108,0,0.8937,0.7279,0.107,0.059,0.779,0.195,0.982,0.887,0.735,0.626,313,307,280,276,0.650,0.165,0.939,0.776,0.599,0.440,302,276,253,90
0.312,0.223,0.502,-1.14,0.131,0,0.8787,0.7144,0.259,0.987,0.779,0.195,0.982,0.887,0.735,0.626,313,307,280,276,0.650,0.165,0.939,0.776,0.599,0.440,302,276,253,90
0.363,0.225,0.460,-1.14,0.131,0,0.8644,0.7023,0.412,0.987,0.779,0.195,0.982,0.887,0.735,0.626,313,307,280,276,0.650,0.165,0.939,0.776,0.599,0.440,302,276,253,90
0.366,0.738,0.594,-1.19,0.219,1,0.8545,0.6923,0.561,0.586,0.779,0.195,0.982,0.887,0.735,0.626,313,307,280,276,0.650,0.165,0.939,0.776,0.599,0.440,302,276,253,90
0.299,0.685,0.525,-0.52,0.062,0,0.8561,0.6923,0.321,0.341,0.779,0.195,0.982,0.887,0.735,0.626,313,307,280,276,0.650,0.165,0.939,0.776,0.599,0.440,302,276,253,90
0.252,0.694,0.482,-1.14,0.131,0,0.8639,0.6979,0.442,0.987,0.779,0.195,0.982,0.887,0.735,0.626,313,307,280,276,0.650,0.165,0.939,0.776,0.599,0.440,302,276,253,90
0.242,0.729,0.555,-0.52,0.062,0,0.8751,0.7058,0.524,0.341,0.779,0.195,0.982,0.887,0.735,0.626,313,307,280,276,0.650,0.165,0.939,0.776,0.599,0.440,302,276,253,90
0.241,0.691,0.426,-0.52,0.062,0,0.8880,0.7168,0.373,0.341,0.779,0.195,0.982,0.887,0.735,0.626,313,307,280,276,0.650,0.165,0.939,0.776,0.599,0.440,302,276,253,90
0.232,0.205,0.403,0.85,0.046,0,0.9033,0.7292,0.220,0.06,0.779,0.195,0.982,0.887,0.735,0.626,313,307,280,276,0.650,0.165,0.939,0.776,0.599,0.440,302,276,253,90
0.240,0.206,0.622,-1.19,0.219,1,0.9172,0.7385,0.423,0.586,0.779,0.195,0.982,0.887,0.735,0.626,313,307,280,276,0.650,0.165,0.939,0.776,0.599,0.440,302,276,253,90
0.224,0.174,0.451,-0.52,0.062,0,0.9222,0.7389,0.293,0.341,0.779,0.195,0.982,0.887,0.735,0.626,313,307,280,276,0.650,0.165,0.939,0.776,0.599,0.440,302,276,253,90
0.226,0.229,0.638,0.2,0.291,1,0.9207,0.7333,0.310,0.180,0.779,0.195,0.982,0.887,0.735,0.626,313,307,280,276,0.650,0.165,0.939,0.776,0.599,0.440,302,276,253,90
0.234,0.150,0.201,1.99,0.186,0,0.9132,0.7250,0.119,-0.326,0.779,0.195,0.982,0.887,0.735,0.626,313,307,280,276,0.650,0.165,0.939,0.776,0.599,0.440,302,276,253,90
0.290,0.186,0.219,-0.42,0.180,0,0.8979,0.7088,0.372,0.318,0.779,0.195,0.982,0.887,0.735,0.626,313,307,280,276,0.650,0.165,0.939,0.776,0.599,0.440,302,276,253,90
0.210,0.194,0.249,-0.08,0.108,0,0.8811,0.6924,0.402,0.059,0.779,0.195,0.982,0.887,0.735,0.626,313,307,280,276,0.650,0.165,0.939,0.776,0.599,0.440,302,276,253,90
0.201,0.168,0.017,0.85,0.046,0,0.8618,0.6759,0.170,0.06,0.779,0.195,0.982,0.887,0.735,0.626,313,307,280,276,0.650,0.165,0.939,0.776,0.599,0.440,302,276,253,90
0.252,0.143,0.001,-1.14,0.131,0,0.8354,0.6541,0.423,0.987,0.779,0.195,0.982,0.887,0.735,0.626,313,307,280,276,0.650,0.165,0.939,0.776,0.599,0.440,302,276,253,90
0.252,0.128,0.004,2.53,0.140,0,0.8201,0.6453,0.130,-0.121,0.779,0.195,0.982,0.887,0.735,0.626,313,307,280,276,0.650,0.165,0.939,0.776,0.599,0.440,302,276,253,90
0.289,0.161,0.016,-1.14,0.131,0,0.8075,0.6385,0.369,0.987,0.779,0.195,0.982,0.887,0.735,0.626,313,307,280,276,0.650,0.165,0.939,0.776,0.599,0.440,302,276,253,90
0.282,0.151,0.172,1.42,0.221,0,0.8016,0.6348,0.166,-0.397,0.779,0.195,0.982,0.887,0.735,0.626,313,307,280,276,0.650,0.165,0.939,0.776,0.599,0.440,302,276,253,90
0.240,0.163,0.048,-1.14,0.131,0,0.7940,0.6270,0.416,0.987,0.779,0.195,0.982,0.887,0.735,0.626,313,307,280,276,0.650,0.165,0.939,0.776,0.599,0.440,302,276,253,90
0.240,0.159,0.052,-1.1,0.105,-1,0.7850,0.6140,0.394,0.192,0.779,0.195,0.982,0.887,0.735,0.626,313,307,280,276,0.650,0.165,0.939,0.776,0.599,0.440,302,276,253,90
0.222,0.140,0.167,1.99,0.186,0,0.7783,0.6019,0.116,-0.326,0.779,0.195,0.982,0.887,0.735,0.626,313,307,280,276,0.650,0.165,0.939,0.776,0.599,0.440,302,276,253,90
0.185,0.223,0.274,-1.19,0.219,1,0.7769,0.5925,0.534,0.586,0.779,0.195,0.982,0.887,0.735,0.626,313,307,280,276,0.650,0.165,0.939,0.776,0.599,0.440,302,276,253,90
0.163,0.204,0.159,-0.48,0.134,0,0.7796,0.5875,0.407,0.007,0.779,0.195,0.982,0.887,0.735,0.626,313,307,280,276,0.650,0.165,0.939,0.776,0.599,0.440,302,276,253,90
0.171,0.193,0.079,2.53,0.140,0,0.7805,0.5830,0.090,-0.121,0.779,0.195,0.982,0.887,0.735,0.626,313,307,280,276,0.650,0.165,0.939,0.776,0.599,0.440,302,276,253,90
0.207,0.292,0.404,-1.19,0.219,1,0.7870,0.5862,0.422,0.586,0.779,0.195,0.982,0.887,0.735,0.626,313,307,280,276,0.650,0.165,0.939,0.776,0.599,0.440,302,276,253,90
0.229,0.709,0.395,-0.52,0.062,0,0.7939,0.5917,0.320,0.341,0.779,0.195,0.982,0.887,0.735,0.626,313,307,280,276,0.650,0.165,0.939,0.776,0.599,0.440,302,276,253,90
0.223,0.763,0.465,-1.19,0.219,1,0.7962,0.5946,0.402,0.586,0.779,0.195,0.982,0.887,0.735,0.626,313,307,280,276,0.650,0.165,0.939,0.776,0.599,0.440,302,276,253,90
0.223,0.252,0.215,3.14,0.186,0,0.8075,0.6057,0.142,-0.486,0.779,0.195,0.982,0.887,0.735,0.626,313,307,280,276,0.650,0.165,0.939,0.776,0.599,0.440,302,276,253,90
0.218,0.249,0.248,0,0.000,0,0.8179,0.6177,0.243,0.166,0.779,0.195,0.982,0.887,0.735,0.626,313,307,280,276,0.650,0.165,0.939,0.776,0.599,0.440,302,276,253,90
0.231,0.727,0.236,-0.52,0.062,0,0.8272,0.6286,0.260,0.341,0.779,0.195,0.982,0.887,0.735,0.626,313,307,280,276,0.650,0.165,0.939,0.776,0.599,0.440,302,276,253,90
0.244,0.696,0.222,-0.08,0.108,0,0.8269,0.6297,0.294,0.059,0.779,0.195,0.982,0.887,0.735,0.626,313,307,280,276,0.650,0.165,0.939,0.776,0.599,0.440,302,276,253,90
0.292,0.219,0.149,-0.79,0.151,-1,0.8194,0.6225,0.459,0.736,0.779,0.195,0.982,0.887,0.735,0.626,313,307,280,276,0.650,0.165,0.939,0.776,0.599,0.440,302,276,253,90
0.245,0.296,0.211,-0.48,0.134,0,0.8009,0.6055,0.312,0.007,0.779,0.195,0.982,0.887,0.735,0.626,313,307,280,276,0.650,0.165,0.939,0.776,0.599,0.440,302,276,253,90
0.274,0.225,0.073,1.99,0.186,0,0.7881,0.5935,0.106,-0.326,0.779,0.195,0.982,0.887,0.735,0.626,313,307,280,276,0.650,0.165,0.939,0.776,0.599,0.440,302,276,253,90
0.268,0.721,0.382,-1.19,0.219,1,0.7768,0.5811,0.444,0.586,0.779,0.195,0.982,0.887,0.735,0.626,313,307,280,276,0.650,0.165,0.939,0.776,0.599,0.440,302,276,253,90
0.218,0.684,0.467,0.22,0.230,0,0.7707,0.5728,0.323,0.303,0.779,0.195,0.982,0.887,0.735,0.626,313,307,280,276,0.650,0.165,0.939,0.776,0.599,0.440,302,276,253,90
0.179,0.681,0.482,-0.42,0.180,0,0.7618,0.5615,0.249,0.318,0.779,0.195,0.982,0.887,0.735,0.626,313,307,280,276,0.650,0.165,0.939,0.776,0.599,0.440,302,276,253,90
0.179,0.691,0.513,-1.14,0.131,0,0.7500,0.5487,0.393,0.987,0.779,0.195,0.982,0.887,0.735,0.626,313,307,280,276,0.650,0.165,0.939,0.776,0.599,0.440,302,276,253,90
0.223,0.708,0.561,0,0.000,0,0.7362,0.5355,0.489,0.166,0.779,0.195,0.982,0.887,0.735,0.626,313,307,280,276,0.650,0.165,0.939,0.776,0.599,0.440,302,276,253,90
0.218,0.293,0.543,0,0.000,0,0.7200,0.5218,0.394,0.166,0.779,0.195,0.982,0.887,0.735,0.626,313,307,280,276,0.650,0.165,0.939,0.776,0.599,0.440,302,276,253,90
0.201,0.706,0.401,0,0.000,0,0.7193,0.5203,0.228,0.166,0.779,0.195,0.982,0.887,0.735,0.626,313,307,280,276,0.650,0.165,0.939,0.776,0.599,0.440,302,276,253,90
0.209,0.799,0.559,-1.19,0.219,1,0.7173,0.5166,0.331,0.586,0.779,0.195,0.982,0.887,0.735,0.626,313,307,280,276,0.650,0.165,0.939,0.776,0.599,0.440,302,276,253,90
0.261,0.704,0.317,2.53,0.140,0,0.7145,0.5151,0.051,-0.121,0.779,0.195,0.982,0.887,0.735,0.626,313,307,280,276,0.650,0.165,0.939,0.776,0.599,0.440,302,276,253,90
0.261,0.795,0.313,-0.42,0.180,0,0.7036,0.5074,0.198,0.318,0.779,0.195,0.982,0.887,0.735,0.626,313,307,280,276,0.650,0.165,0.939,0.776,0.599,0.440,302,276,253,90
0.262,0.712,0.087,3.14,0.186,0,0.6850,0.4946,0.060,-0.486,0.779,0.195,0.982,0.887,0.735,0.626,313,307,280,276,0.650,0.165,0.939,0.776,0.599,0.440,302,276,253,90
0.212,0.229,0.258,3.14,0.186,0,0.6566,0.4754,0.074,-0.486,0.779,0.195,0.982,0.887,0.735,0.626,313,307,280,276,0.650,0.165,0.939,0.776,0.599,0.440,302,276,253,90
0.208,0.688,0.408,-0.48,0.134,0,0.6353,0.4646,0.151,0.007,0.779,0.195,0.982,0.887,0.735,0.626,313,307,280,276,0.650,0.165,0.939,0.776,0.599,0.440,302,276,253,90
0.258,0.714,0.427,-1.19,0.219,1,0.6187,0.4586,0.352,0.586,0.779,0.195,0.982,0.887,0.735,0.626,313,307,280,276,0.650,0.165,0.939,0.776,0.599,0.440,302,276,253,90
0.274,0.722,0.478,-1.19,0.219,1,0.5817,0.4367,0.377,0.586,0.779,0.195,0.982,0.887,0.735,0.626,313,307,280,276,0.650,0.165,0.939,0.776,0.599,0.440,302,276,253,90
0.274,0.188,0.107,1.99,0.186,0,0.5550,0.4222,0.088,-0.326,0.779,0.195,0.982,0.887,0.735,0.626,313,307,280,276,0.650,0.165,0.939,0.776,0.599,0.440,302,276,253,90
0.281,0.188,0.291,-1.1,0.105,-1,0.5290,0.4070,0.364,0.192,0.779,0.195,0.982,0.887,0.735,0.626,313,307,280,276,0.650,0.165,0.939,0.776,0.599,0.440,302,276,253,90
0.328,0.212,0.217,1.99,0.186,0,0.5188,0.4030,0.149,-0.326,0.779,0.195,0.982,0.887,0.735,0.626,313,307,280,276,0.650,0.165,0.939,0.776,0.599,0.440,302,276,253,90
0.268,0.779,0.228,-0.52,0.062,0,0.5154,0.4019,0.340,0.341,0.779,0.195,0.982,0.887,0.735,0.626,313,307,280,276,0.650,0.165,0.939,0.776,0.599,0.440,302,276,253,90
0.232,0.799,0.250,-0.48,0.134,0,0.5273,0.4106,0.358,0.007,0.779,0.195,0.982,0.887,0.735,0.626,313,307,280,276,0.650,0.165,0.939,0.776,0.599,0.440,302,276,253,90
0.234,0.739,0.010,2.53,0.140,0,0.5423,0.4173,0.093,-0.121,0.779,0.195,0.982,0.887,0.735,0.626,313,307,280,276,0.650,0.165,0.939,0.776,0.599,0.440,302,276,253,90
0.286,0.805,0.351,-0.42,0.180,0,0.5645,0.4291,0.306,0.318,0.779,0.195,0.982,0.887,0.735,0.626,313,307,280,276,0.650,0.165,0.939,0.776,0.599,0.440,302,276,253,90
0.308,0.812,0.447,-0.52,0.062,0,0.5871,0.4412,0.288,0.341,0.779,0.195,0.982,0.887,0.735,0.626,313,307,280,276,0.650,0.165,0.939,0.776,0.599,0.440,302,276,253,90
0.350,0.837,0.688,-1.19,0.219,1,0.6007,0.4460,0.420,0.586,0.779,0.195,0.982,0.887,0.735,0.626,313,307,280,276,0.650,0.165,0.939,0.776,0.599,0.440,302,276,253,90
0.286,0.716,0.419,2.1,0.128,0,0.6237,0.4565,0.130,0.02,0.779,0.195,0.982,0.887,0.735,0.626,313,307,280,276,0.650,0.165,0.939,0.776,0.599,0.440,302,276,253,90
0.243,0.736,0.386,0,0.000,0,0.6522,0.4734,0.286,0.166,0.779,0.195,0.982,0.887,0.735,0.626,313,307,280,276,0.650,0.165,0.939,0.776,0.599,0.440,302,276,253,90
0.249,0.791,0.523,-0.52,0.062,0,0.6824,0.4943,0.338,0.341,0.779,0.195,0.982,0.887,0.735,0.626,313,307,280,276,0.650,0.165,0.939,0.776,0.599,0.440,302,276,253,90
0.262,0.815,0.573,-1.19,0.219,1,0.6899,0.5011,0.508,0.586,0.779,0.195,0.982,0.887,0.735,0.626,313,307,280,276,0.650,0.165,0.939,0.776,0.599,0.440,302,276,253,90
0.274,0.259,0.362,-1.1,0.105,-1,0.6876,0.5031,0.423,0.192,0.779,0.195,0.982,0.887,0.735,0.626,313,307,280,276,0.650,0.165,0.939,0.776,0.599,0.440,302,276,253,90
0.263,0.709,0.549,-0.48,0.134,0,0.6627,0.4884,0.309,0.007,0.779,0.195,0.982,0.887,0.735,0.626,313,307,280,276,0.650,0.165,0.939,0.776,0.599,0.440,302,276,253,90
0.293,0.298,0.370,3.14,0.186,0,0.6454,0.4818,0.088,-0.486,0.779,0.195,0.982,0.887,0.735,0.626,313,307,280,276,0.650,0.165,0.939,0.776,0.599,0.440,302,276,253,90
0.287,0.772,0.510,-1.19,0.219,1,0.6262,0.4737,0.393,0.586,0.779,0.195,0.982,0.887,0.735,0.626,313,307,280,276,0.650,0.165,0.939,0.776,0.599,0.440,302,276,253,90
0.295,0.750,0.596,0.22,0.230,0,0.5952,0.4564,0.226,0.303,0.779,0.195,0.982,0.887,0.735,0.626,313,307,280,276,0.650,0.165,0.939,0.776,0.599,0.440,302,276,253,90
0.258,0.269,0.570,2.53,0.140,0,0.5692,0.4393,0.063,-0.121,0.779,0.195,0.982,0.887,0.735,0.626,313,307,280,276,0.650,0.165,0.939,0.776,0.599,0.440,302,276,253,90
0.258,0.687,0.613,-1.14,0.131,0,0.5443,0.4206,0.226,0.987,0.779,0.195,0.982,0.887,0.735,0.626,313,307,280,276,0.650,0.165,0.939,0.776,0.599,0.440,302,276,253,90
0.242,0.718,0.656,0,0.000,0,0.5328,0.4106,0.375,0.166,0.779,0.195,0.982,0.887,0.735,0.626,313,307,280,276,0.650,0.165,0.939,0.776,0.599,0.440,302,276,253,90
0.238,0.694,0.708,0,0.000,0,0.5153,0.3929,0.359,0.166,0.779,0.195,0.982,0.887,0.735,0.626,313,307,280,276,0.650,0.165,0.939,0.776,0.599,0.440,302,276,253,90
0.220,0.329,0.516,0,0.000,0,0.5139,0.3893,0.209,0.166,0.779,0.195,0.982,0.887,0.735,0.626,313,307,280,276,0.650,0.165,0.939,0.776,0.599,0.440,302,276,253,90
0.180,0.289,0.595,-0.52,0.062,0,0.5106,0.3850,0.170,0.341,0.779,0.195,0.982,0.887,0.735,0.626,313,307,280,276,0.650,0.165,0.939,0.776,0.599,0.440,302,276,253,90
0.196,0.268,0.399,2.53,0.140,0,0.5077,0.3824,0.051,-0.121,0.779,0.195,0.982,0.887,0.735,0.626,313,307,280,276,0.650,0.165,0.939,0.776,0.599,0.440,302,276,253,90
0.273,0.684,0.531,-0.42,0.180,0,0.5031,0.3821,0.164,0.318,0.779,0.195,0.982,0.887,0.735,0.626,313,307,280,276,0.650,0.165,0.939,0.776,0.599,0.440,302,276,253,90
0.278,0.235,0.185,3.14,0.186,0,0.4927,0.3795,0.042,-0.486,0.779,0.195,0.982,0.887,0.735,0.626,313,307,280,276,0.650,0.165,0.939,0.776,0.599,0.440,302,276,253,90
0.222,0.183,0.360,2.53,0.140,0,0.4701,0.3666,0.068,-0.121,0.779,0.195,0.982,0.887,0.735,0.626,313,307,280,276,0.650,0.165,0.939,0.776,0.599,0.440,302,276,253,90
0.218,0.258,0.586,1.37,0.298,0,0.4616,0.3657,0.059,-0.510,0.779,0.195,0.982,0.887,0.735,0.626,313,307,280,276,0.650,0.165,0.939,0.776,0.599,0.440,302,276,253,90
0.263,0.694,0.506,-1.19,0.219,1,0.4585,0.3682,0.232,0.586,0.779,0.195,0.982,0.887,0.735,0.626,313,307,280,276,0.650,0.165,0.939,0.776,0.599,0.440,302,276,253,90
0.279,0.685,0.433,-1.14,0.131,0,0.4389,0.3584,0.217,0.987,0.779,0.195,0.982,0.887,0.735,0.626,313,307,280,276,0.650,0.165,0.939,0.776,0.599,0.440,302,276,253,90
0.279,0.210,0.271,2.53,0.140,0,0.4141,0.3426,0.180,-0.121,0.779,0.195,0.982,0.887,0.735,0.626,313,307,280,276,0.650,0.165,0.939,0.776,0.599,0.440,302,276,253,90
0.286,0.211,0.284,-1.1,0.105,-1,0.3810,0.3184,0.346,0.192,0.779,0.195,0.982,0.887,0.735,0.626,313,307,280,276,0.650,0.165,0.939,0.776,0.599,0.440,302,276,253,90
0.280,0.219,0.285,1.99,0.186,0,0.3631,0.3051,0.141,-0.326,0.779,0.195,0.982,0.887,0.735,0.626,313,307,280,276,0.650,0.165,0.939,0.776,0.599,0.440,302,276,253,90
0.273,0.791,0.444,-0.52,0.062,0,0.3537,0.2987,0.337,0.341,0.779,0.195,0.982,0.887,0.735,0.626,313,307,280,276,0.650,0.165,0.939,0.776,0.599,0.440,302,276,253,90
0.238,0.778,0.647,-1.19,0.219,1,0.3650,0.3086,0.421,0.586,0.779,0.195,0.982,0.887,0.735,0.626,313,307,280,276,0.650,0.165,0.939,0.776,0.599,0.440,302,276,253,90
0.239,0.278,0.465,2.53,0.140,0,0.3798,0.3206,0.104,-0.121,0.779,0.195,0.982,0.887,0.735,0.626,313,307,280,276,0.650,0.165,0.939,0.776,0.599,0.440,302,276,253,90
0.259,0.765,0.671,-0.08,0.108,0,0.4109,0.3456,0.205,0.059,0.779,0.195,0.982,0.887,0.735,0.626,313,307,280,276,0.650,0.165,0.939,0.776,0.599,0.440,302,276,253,90
0.275,0.798,0.580,-0.52,0.062,0,0.4542,0.3810,0.215,0.341,0.779,0.195,0.982,0.887,0.735,0.626,313,307,280,276,0.650,0.165,0.939,0.776,0.599,0.440,302,276,253,90
0.355,0.873,0.787,-1.19,0.219,1,0.4927,0.4108,0.383,0.586,0.779,0.195,0.982,0.887,0.735,0.626,313,307,280,276,0.650,0.165,0.939,0.776,0.599,0.440,302,276,253,90
0.291,0.764,0.538,2.1,0.128,0,0.5358,0.4450,0.090,0.02,0.779,0.195,0.982,0.887,0.735,0.626,313,307,280,276,0.650,0.165,0.939,0.776,0.599,0.440,302,276,253,90
0.306,0.695,0.433,0,0.000,0,0.5726,0.4743,0.151,0.166,0.779,0.195,0.982,0.887,0.735,0.626,313,307,280,276,0.650,0.165,0.939,0.776,0.599,0.440,302,276,253,90
0.311,0.731,0.521,-0.52,0.062,0,0.6006,0.4951,0.192,0.341,0.779,0.195,0.982,0.887,0.735,0.626,313,307,280,276,0.650,0.165,0.939,0.776,0.599,0.440,302,276,253,90
0.326,0.272,0.391,1.99,0.186,0,0.6099,0.5040,0.167,-0.326,0.779,0.195,0.982,0.887,0.735,0.626,313,307,280,276,0.650,0.165,0.939,0.776,0.599,0.440,302,276,253,90
0.319,0.271,0.393,0,0.000,0,0.6170,0.5100,0.133,0.166,0.779,0.195,0.982,0.887,0.735,0.626,313,307,280,276,0.650,0.165,0.939,0.776,0.599,0.440,302,276,253,90
0.307,0.744,0.508,-0.48,0.134,0,0.6095,0.5056,0.192,0.007,0.779,0.195,0.982,0.887,0.735,0.626,313,307,280,276,0.650,0.165,0.939,0.776,0.599,0.440,302,276,253,90
0.216,0.681,0.269,3.14,0.186,0,0.6144,0.5093,0.080,-0.486,0.779,0.195,0.982,0.887,0.735,0.626,313,307,280,276,0.650,0.165,0.939,0.776,0.599,0.440,302,276,253,90
0.216,0.762,0.585,0.22,0.230,0,0.6216,0.5143,0.181,0.303,0.779,0.195,0.982,0.887,0.735,0.626,313,307,280,276,0.650,0.165,0.939,0.776,0.599,0.440,302,276,253,90
0.271,0.783,0.592,0.22,0.230,0,0.6355,0.5237,0.173,0.303,0.779,0.195,0.982,0.887,0.735,0.626,313,307,280,276,0.650,0.165,0.939,0.776,0.599,0.440,302,276,253,90
0.271,0.809,0.765,-1.19,0.219,1,0.6322,0.5221,0.278,0.586,0.779,0.195,0.982,0.887,0.735,0.626,313,307,280,276,0.650,0.165,0.939,0.776,0.599,0.440,302,276,253,90
0.188,0.736,0.659,-1.14,0.131,0,0.6284,0.5209,0.331,0.987,0.779,0.195,0.982,0.887,0.735,0.626,313,307,280,276,0.650,0.165,0.939,0.776,0.599,0.440,302,276,253,90
0.222,0.729,0.727,0,0.000,0,0.6332,0.5258,0.424,0.166,0.779,0.195,0.982,0.887,0.735,0.626,313,307,280,276,0.650,0.165,0.939,0.776,0.599,0.440,302,276,253,90
0.217,0.697,0.519,0,0.000,0,0.6349,0.5282,0.328,0.166,0.779,0.195,0.982,0.887,0.735,0.626,313,307,280,276,0.650,0.165,0.939,0.776,0.599,0.440,302,276,253,90
0.200,0.694,0.372,0,0.000,0,0.6403,0.5348,0.216,0.166,0.779,0.195,0.982,0.887,0.735,0.626,313,307,280,276,0.650,0.165,0.939,0.776,0.599,0.440,302,276,253,90
0.168,0.704,0.419,-0.42,0.180,0,0.6405,0.5388,0.366,0.318,0.779,0.195,0.982,0.887,0.735,0.626,313,307,280,276,0.650,0.165,0.939,0.776,0.599,0.440,302,276,253,90
0.201,0.230,0.282,2.53,0.140,0,0.6426,0.5450,0.141,-0.121,0.779,0.195,0.982,0.887,0.735,0.626,313,307,280,276,0.650,0.165,0.939,0.776,0.599,0.440,302,276,253,90
0.225,0.260,0.445,-0.79,0.151,-1,0.6355,0.5453,0.336,0.736,0.779,0.195,0.982,0.887,0.735,0.626,313,307,280,276,0.650,0.165,0.939,0.776,0.599,0.440,302,276,253,90
0.238,0.266,0.268,2.53,0.140,0,0.6311,0.5499,0.106,-0.121,0.779,0.195,0.982,0.887,0.735,0.626,313,307,280,276,0.650,0.165,0.939,0.776,0.599,0.440,302,276,253,90
0.224,0.309,0.595,-1.19,0.219,1,0.6191,0.5484,0.389,0.586,0.779,0.195,0.982,0.887,0.735,0.626,313,307,280,276,0.650,0.165,0.939,0.776,0.599,0.440,302,276,253,90
0.204,0.285,0.508,-0.52,0.062,0,0.6014,0.5427,0.254,0.341,0.779,0.195,0.982,0.887,0.735,0.626,313,307,280,276,0.650,0.165,0.939,0.776,0.599,0.440,302,276,253,90
0.176,0.242,0.273,-0.79,0.151,-1,0.5841,0.5361,0.417,0.736,0.779,0.195,0.982,0.887,0.735,0.626,313,307,280,276,0.650,0.165,0.939,0.776,0.599,0.440,302,276,253,90
0.222,0.289,0.600,-1.19,0.219,1,0.5522,0.5189,0.416,0.586,0.779,0.195,0.982,0.887,0.735,0.626,313,307,280,276,0.650,0.165,0.939,0.776,0.599,0.440,302,276,253,90
0.214,0.269,0.372,1.99,0.186,0,0.5186,0.4984,0.166,-0.326,0.779,0.195,0.982,0.887,0.735,0.626,313,307,280,276,0.650,0.165,0.939,0.776,0.599,0.440,302,276,253,90
0.214,0.236,0.343,-1.1,0.105,-1,0.4885,0.4820,0.385,0.192,0.779,0.195,0.982,0.887,0.735,0.626,313,307,280,276,0.650,0.165,0.939,0.776,0.599,0.440,302,276,253,90
0.220,0.216,0.484,1.69,0.290,0,0.4681,0.4688,0.095,-0.697,0.779,0.195,0.982,0.887,0.735,0.626,313,307,280,276,0.650,0.165,0.939,0.776,0.599,0.440,302,276,253,90
0.225,0.342,0.472,-1.19,0.219,1,0.4509,0.4557,0.419,0.586,0.779,0.195,0.982,0.887,0.735,0.626,313,307,280,276,0.650,0.165,0.939,0.776,0.599,0.440,302,276,253,90
0.217,0.301,0.171,-1.1,0.105,-1,0.4510,0.4511,0.401,0.192,0.779,0.195,0.982,0.887,0.735,0.626,313,307,280,276,0.650,0.165,0.939,0.776,0.599,0.440,302,276,253,90
0.225,0.389,0.603,0.2,0.291,1,0.4378,0.4383,0.312,0.180,0.779,0.195,0.982,0.887,0.735,0.626,313,307,280,276,0.650,0.165,0.939,0.776,0.599,0.440,302,276,253,90
0.220,0.304,0.066,2.53,0.140,0,0.4311,0.4327,0.099,-0.121,0.779,0.195,0.982,0.887,0.735,0.626,313,307,280,276,0.650,0.165,0.939,0.776,0.599,0.440,302,276,253,90
0.173,0.738,0.355,-0.42,0.180,0,0.4312,0.4326,0.317,0.318,0.779,0.195,0.982,0.887,0.735,0.626,313,307,280,276,0.650,0.165,0.939,0.776,0.599,0.440,302,276,253,90
0.176,0.708,0.447,-0.52,0.062,0,0.4354,0.4361,0.301,0.341,0.779,0.195,0.982,0.887,0.735,0.626,313,307,280,276,0.650,0.165,0.939,0.776,0.599,0.440,302,276,253,90
0.212,0.757,0.549,-1.19,0.219,1,0.4465,0.4454,0.366,0.586,0.779,0.195,0.982,0.887,0.735,0.626,313,307,280,276,0.650,0.165,0.939,0.776,0.599,0.440,302,276,253,90
0.167,0.687,0.191,3.14,0.186,0,0.4690,0.4638,0.114,-0.486,0.779,0.195,0.982,0.887,0.735,0.626,313,307,280,276,0.650,0.165,0.939,0.776,0.599,0.440,302,276,253,90
0.171,0.715,0.376,0,0.000,0,0.4948,0.4860,0.206,0.166,0.779,0.195,0.982,0.887,0.735,0.626,313,307,280,276,0.650,0.165,0.939,0.776,0.599,0.440,302,276,253,90
0.181,0.787,0.379,-0.52,0.062,0,0.5204,0.5053,0.253,0.341,0.779,0.195,0.982,0.887,0.735,0.626,313,307,280,276,0.650,0.165,0.939,0.776,0.599,0.440,302,276,253,90
0.219,0.701,0.068,1.99,0.186,0,0.5398,0.5218,0.118,-0.326,0.779,0.195,0.982,0.887,0.735,0.626,313,307,280,276,0.650,0.165,0.939,0.776,0.599,0.440,302,276,253,90
0.154,0.256,0.161,-1.1,0.105,-1,0.5567,0.5332,0.316,0.192,0.779,0.195,0.982,0.887,0.735,0.626,313,307,280,276,0.650,0.165,0.939,0.776,0.599,0.440,302,276,253,90
0.196,0.743,0.470,-0.48,0.134,0,0.5676,0.5391,0.256,0.007,0.779,0.195,0.982,0.887,0.735,0.626,313,307,280,276,0.650,0.165,0.939,0.776,0.599,0.440,302,276,253,90
0.229,0.278,0.042,3.14,0.186,0,0.5772,0.5409,0.069,-0.486,0.779,0.195,0.982,0.887,0.735,0.626,313,307,280,276,0.650,0.165,0.939,0.776,0.599,0.440,302,276,253,90
0.224,0.716,0.302,-0.08,0.108,0,0.5810,0.5361,0.145,0.059,0.779,0.195,0.982,0.887,0.735,0.626,313,307,280,276,0.650,0.165,0.939,0.776,0.599,0.440,302,276,253,90
0.192,0.747,0.456,0.22,0.230,0,0.5799,0.5250,0.157,0.303,0.779,0.195,0.982,0.887,0.735,0.626,313,307,280,276,0.650,0.165,0.939,0.776,0.599,0.440,302,276,253,90
0.175,0.266,0.404,2.53,0.140,0,0.5716,0.5118,0.067,-0.121,0.779,0.195,0.982,0.887,0.735,0.626,313,307,280,276,0.650,0.165,0.939,0.776,0.599,0.440,302,276,253,90
0.153,0.754,0.439,-1.14,0.131,0,0.5632,0.4996,0.218,0.987,0.779,0.195,0.982,0.887,0.735,0.626,313,307,280,276,0.650,0.165,0.939,0.776,0.599,0.440,302,276,253,90
0.191,0.750,0.638,0,0.000,0,0.5589,0.4919,0.328,0.166,0.779,0.195,0.982,0.887,0.735,0.626,313,307,280,276,0.650,0.165,0.939,0.776,0.599,0.440,302,276,253,90
0.187,0.757,0.612,0,0.000,0,0.5623,0.4902,0.326,0.166,0.779,0.195,0.982,0.887,0.735,0.626,313,307,280,276,0.650,0.165,0.939,0.776,0.599,0.440,302,276,253,90
0.170,0.723,0.495,0,0.000,0,0.5666,0.4910,0.366,0.166,0.779,0.195,0.982,0.887,0.735,0.626,313,307,280,276,0.650,0.165,0.939,0.776,0.599,0.440,302,276,253,90
0.142,0.750,0.518,-0.48,0.134,0,0.5713,0.4951,0.387,0.007,0.779,0.195,0.982,0.887,0.735,0.626,313,307,280,276,0.650,0.165,0.939,0.776,0.599,0.440,302,276,253,90
0.153,0.794,0.523,-1.19,0.219,1,0.5755,0.5017,0.393,0.586,0.779,0.195,0.982,0.887,0.735,0.626,313,307,280,276,0.650,0.165,0.939,0.776,0.599,0.440,302,276,253,90
0.148,0.764,0.540,-1.19,0.219,1,0.5763,0.5071,0.387,0.586,0.779,0.195,0.982,0.887,0.735,0.626,313,307,280,276,0.650,0.165,0.939,0.776,0.599,0.440,302,276,253,90
0.129,0.302,0.301,3.14,0.186,0,0.5780,0.5114,0.110,-0.486,0.779,0.195,0.982,0.887,0.735,0.626,313,307,280,276,0.650,0.165,0.939,0.776,0.599,0.440,302,276,253,90
0.136,0.291,0.405,-0.79,0.151,-1,0.5856,0.5177,0.327,0.736,0.779,0.195,0.982,0.887,0.735,0.626,313,307,280,276,0.650,0.165,0.939,0.776,0.599,0.440,302,276,253,90
0.157,0.296,0.647,-0.08,0.108,0,0.5973,0.5269,0.229,0.059,0.779,0.195,0.982,0.887,0.735,0.626,313,307,280,276,0.650,0.165,0.939,0.776,0.599,0.440,302,276,253,90
0.157,0.721,0.605,0.22,0.230,0,0.6073,0.5323,0.149,0.303,0.779,0.195,0.982,0.887,0.735,0.626,313,307,280,276,0.650,0.165,0.939,0.776,0.599,0.440,302,276,253,90
0.200,0.365,0.803,-1.19,0.219,1,0.6041,0.5276,0.332,0.586,0.779,0.195,0.982,0.887,0.735,0.626,313,307,280,276,0.650,0.165,0.939,0.776,0.599,0.440,302,276,253,90
0.188,0.314,0.349,1.99,0.186,0,0.6074,0.5256,0.106,-0.326,0.779,0.195,0.982,0.887,0.735,0.626,313,307,280,276,0.650,0.165,0.939,0.776,0.599,0.440,302,276,253,90
0.178,0.359,0.542,-0.08,0.108,0,0.6080,0.5242,0.215,0.059,0.779,0.195,0.982,0.887,0.735,0.626,313,307,280,276,0.650,0.165,0.939,0.776,0.599,0.440,302,276,253,90
0.186,0.704,0.515,1.69,0.290,0,0.6107,0.5267,0.077,-0.697,0.779,0.195,0.982,0.887,0.735,0.626,313,307,280,276,0.650,0.165,0.939,0.776,0.599,0.440,302,276,253,90
0.220,0.748,0.639,0.2,0.291,1,0.5982,0.5195,0.295,0.180,0.779,0.195,0.982,0.887,0.735,0.626,313,307,280,276,0.650,0.165,0.939,0.776,0.599,0.440,302,276,253,90
0.182,0.406,0.290,-0.79,0.151,-1,0.5897,0.5144,0.403,0.736,0.779,0.195,0.982,0.887,0.735,0.626,313,307,280,276,0.650,0.165,0.939,0.776,0.599,0.440,302,276,253,90
0.122,0.426,0.513,-0.48,0.134,0,0.5651,0.5004,0.311,0.007,0.779,0.195,0.982,0.887,0.735,0.626,313,307,280,276,0.650,0.165,0.939,0.776,0.599,0.440,302,276,253,90
0.122,0.350,0.337,0.85,0.046,0,0.5377,0.4855,0.170,0.06,0.779,0.195,0.982,0.887,0.735,0.626,313,307,280,276,0.650,0.165,0.939,0.776,0.599,0.440,302,276,253,90
0.149,0.402,0.660,-1.19,0.219,1,0.5145,0.4743,0.482,0.586,0.779,0.195,0.982,0.887,0.735,0.626,313,307,280,276,0.650,0.165,0.939,0.776,0.599,0.440,302,276,253,90
0.140,0.323,0.481,0.85,0.046,0,0.4918,0.4627,0.281,0.06,0.779,0.195,0.982,0.887,0.735,0.626,313,307,280,276,0.650,0.165,0.939,0.776,0.599,0.440,302,276,253,90
0.161,0.439,0.650,-1.19,0.219,1,0.4767,0.4548,0.364,0.586,0.779,0.195,0.982,0.887,0.735,0.626,313,307,280,276,0.650,0.165,0.939,0.776,0.599,0.440,302,276,253,90
0.137,0.390,0.613,-0.08,0.108,0,0.4725,0.4537,0.305,0.059,0.779,0.195,0.982,0.887,0.735,0.626,313,307,280,276,0.650,0.165,0.939,0.776,0.599,0.440,302,276,253,90
0.132,0.357,0.625,-1.1,0.105,-1,0.4724,0.4552,0.455,0.192,0.779,0.195,0.982,0.887,0.735,0.626,313,307,280,276,0.650,0.165,0.939,0.776,0.599,0.440,302,276,253,90
0.139,0.377,0.624,0.22,0.230,0,0.4753,0.4595,0.339,0.303,0.779,0.195,0.982,0.887,0.735,0.626,313,307,280,276,0.650,0.165,0.939,0.776,0.599,0.440,302,276,253,90
0.167,0.270,0.374,0,0.000,0,0.4779,0.4635,0.292,0.166,0.779,0.195,0.982,0.887,0.735,0.626,313,307,280,276,0.650,0.165,0.939,0.776,0.599,0.440,302,276,253,90
0.169,0.218,0.159,0.85,0.046,0,0.4950,0.4748,0.117,0.06,0.779,0.195,0.982,0.887,0.735,0.626,313,307,280,276,0.650,0.165,0.939,0.776,0.599,0.440,302,276,253,90
0.207,0.145,0.152,-0.79,0.151,-1,0.5170,0.4903,0.283,0.736,0.779,0.195,0.982,0.887,0.735,0.626,313,307,280,276,0.650,0.165,0.939,0.776,0.599,0.440,302,276,253,90
0.232,0.142,0.108,3.14,0.186,0,0.5294,0.4996,0.054,-0.486,0.779,0.195,0.982,0.887,0.735,0.626,313,307,280,276,0.650,0.165,0.939,0.776,0.599,0.440,302,276,253,90
0.221,0.150,0.149,2.53,0.140,0,0.5381,0.5055,0.083,-0.121,0.779,0.195,0.982,0.887,0.735,0.626,313,307,280,276,0.650,0.165,0.939,0.776,0.599,0.440,302,276,253,90
0.190,0.253,0.368,1.37,0.298,0,0.5514,0.5135,0.079,-0.510,0.779,0.195,0.982,0.887,0.735,0.626,313,307,280,276,0.650,0.165,0.939,0.776,0.599,0.440,302,276,253,90
0.182,0.229,0.445,-1.19,0.219,1,0.5613,0.5182,0.340,0.586,0.779,0.195,0.982,0.887,0.735,0.626,313,307,280,276,0.650,0.165,0.939,0.776,0.599,0.440,302,276,253,90
0.154,0.246,0.419,-0.52,0.062,0,0.5697,0.5236,0.080,0.341,0.779,0.195,0.982,0.887,0.735,0.626,313,307,280,276,0.650,0.165,0.939,0.776,0.599,0.440,302,276,253,90
0.172,0.166,0.359,-1.14,0.131,0,0.5547,0.5125,0.197,0.987,0.779,0.195,0.982,0.887,0.735,0.626,313,307,280,276,0.650,0.165,0.939,0.776,0.599,0.440,302,276,253,90
0.178,0.167,0.358,2.53,0.140,0,0.5356,0.4977,0.153,-0.121,0.779,0.195,0.982,0.887,0.735,0.626,313,307,280,276,0.650,0.165,0.939,0.776,0.599,0.440,302,276,253,90
0.175,0.160,0.526,2.53,0.140,0,0.5215,0.4853,0.130,-0.121,0.779,0.195,0.982,0.887,0.735,0.626,313,307,280,276,0.650,0.165,0.939,0.776,0.599,0.440,302,276,253,90
0.147,0.222,0.457,-0.52,0.062,0,0.5217,0.4807,0.267,0.341,0.779,0.195,0.982,0.887,0.735,0.626,313,307,280,276,0.650,0.165,0.939,0.776,0.599,0.440,302,276,253,90
0.146,0.192,0.418,0,0.000,0,0.5292,0.4812,0.305,0.166,0.779,0.195,0.982,0.887,0.735,0.626,313,307,280,276,0.650,0.165,0.939,0.776,0.599,0.440,302,276,253,90
0.185,0.190,0.357,-1.1,0.105,-1,0.5467,0.4890,0.380,0.192,0.779,0.195,0.982,0.887,0.735,0.626,313,307,280,276,0.650,0.165,0.939,0.776,0.599,0.440,302,276,253,90
0.199,0.234,0.432,-0.08,0.108,0,0.5709,0.5002,0.312,0.059,0.779,0.195,0.982,0.887,0.735,0.626,313,307,280,276,0.650,0.165,0.939,0.776,0.599,0.440,302,276,253,90
0.190,0.327,0.435,-0.52,0.062,0,0.6054,0.5183,0.228,0.341,0.779,0.195,0.982,0.887,0.735,0.626,313,307,280,276,0.650,0.165,0.939,0.776,0.599,0.440,302,276,253,90
0.214,0.291,0.317,-1.14,0.131,0,0.6351,0.5332,0.253,0.987,0.779,0.195,0.982,0.887,0.735,0.626,313,307,280,276,0.650,0.165,0.939,0.776,0.599,0.440,302,276,253,90
0.184,0.335,0.802,0.2,0.291,1,0.6527,0.5411,0.343,0.180,0.779,0.195,0.982,0.887,0.735,0.626,313,307,280,276,0.650,0.165,0.939,0.776,0.599,0.440,302,276,253,90
0.172,0.231,0.792,0.22,0.230,0,0.6580,0.5411,0.182,0.303,0.779,0.195,0.982,0.887,0.735,0.626,313,307,280,276,0.650,0.165,0.939,0.776,0.599,0.440,302,276,253,90
0.173,0.183,0.506,1.99,0.186,0,0.6668,0.5426,0.082,-0.326,0.779,0.195,0.982,0.887,0.735,0.626,313,307,280,276,0.650,0.165,0.939,0.776,0.599,0.440,302,276,253,90
0.180,0.217,0.600,-0.52,0.062,0,0.6681,0.5397,0.189,0.341,0.779,0.195,0.982,0.887,0.735,0.626,313,307,280,276,0.650,0.165,0.939,0.776,0.599,0.440,302,276,253,90
0.180,0.222,0.598,-0.48,0.134,0,0.6687,0.5386,0.291,0.007,0.779,0.195,0.982,0.887,0.735,0.626,313,307,280,276,0.650,0.165,0.939,0.776,0.599,0.440,302,276,253,90
0.165,0.185,0.265,2.53,0.140,0,0.6648,0.5368,0.109,-0.121,0.779,0.195,0.982,0.887,0.735,0.626,313,307,280,276,0.650,0.165,0.939,0.776,0.599,0.440,302,276,253,90
0.170,0.223,0.487,-0.52,0.062,0,0.6615,0.5358,0.202,0.341,0.779,0.195,0.982,0.887,0.735,0.626,313,307,280,276,0.650,0.165,0.939,0.776,0.599,0.440,302,276,253,90
0.169,0.248,0.687,-0.52,0.062,0,0.6550,0.5298,0.266,0.341,0.779,0.195,0.982,0.887,0.735,0.626,313,307,280,276,0.650,0.165,0.939,0.776,0.599,0.440,302,276,253,90
0.172,0.282,0.670,-0.08,0.108,0,0.6460,0.5223,0.324,0.059,0.779,0.195,0.982,0.887,0.735,0.626,313,307,280,276,0.650,0.165,0.939,0.776,0.599,0.440,302,276,253,90
0.163,0.223,0.630,0,0.000,0,0.6219,0.5039,0.152,0.166,0.779,0.195,0.982,0.887,0.735,0.626,313,307,280,276,0.650,0.165,0.939,0.776,0.599,0.440,302,276,253,90
0.171,0.203,0.503,-0.52,0.062,0,0.5871,0.4794,0.200,0.341,0.779,0.195,0.982,0.887,0.735,0.626,313,307,280,276,0.650,0.165,0.939,0.776,0.599,0.440,302,276,253,90
0.157,0.173,0.256,3.14,0.186,0,0.5527,0.4541,0.096,-0.486,0.779,0.195,0.982,0.887,0.735,0.626,313,307,280,276,0.650,0.165,0.939,0.776,0.599,0.440,302,276,253,90
0.146,0.156,0.163,-1.1,0.105,-1,0.5311,0.4370,0.242,0.192,0.779,0.195,0.982,0.887,0.735,0.626,313,307,280,276,0.650,0.165,0.939,0.776,0.599,0.440,302,276,253,90
0.148,0.139,0.097,1.42,0.221,0,0.5195,0.4291,0.112,-0.397,0.779,0.195,0.982,0.887,0.735,0.626,313,307,280,276,0.650,0.165,0.939,0.776,0.599,0.440,302,276,253,90
0.135,0.138,0.086,2.53,0.140,0,0.5108,0.4219,0.129,-0.121,0.779,0.195,0.982,0.887,0.735,0.626,313,307,280,276,0.650,0.165,0.939,0.776,0.599,0.440,302,276,253,90
0.130,0.174,0.164,-1.1,0.105,-1,0.5062,0.4168,0.308,0.192,0.779,0.195,0.982,0.887,0.735,0.626,313,307,280,276,0.650,0.165,0.939,0.776,0.599,0.440,302,276,253,90
0.130,0.204,0.226,-0.52,0.062,0,0.5054,0.4118,0.111,0.341,0.779,0.195,0.982,0.887,0.735,0.626,313,307,280,276,0.650,0.165,0.939,0.776,0.599,0.440,302,276,253,90
0.130,0.190,0.390,-1.14,0.131,0,0.5030,0.4082,0.381,0.987,0.779,0.195,0.982,0.887,0.735,0.626,313,307,280,276,0.650,0.165,0.939,0.776,0.599,0.440,302,276,253,90
0.125,0.173,0.539,-0.42,0.180,0,0.4939,0.3986,0.294,0.318,0.779,0.195,0.982,0.887,0.735,0.626,313,307,280,276,0.650,0.165,0.939,0.776,0.599,0.440,302,276,253,90
0.138,0.146,0.247,1.99,0.186,0,0.4825,0.3827,0.054,-0.326,0.779,0.195,0.982,0.887,0.735,0.626,313,307,280,276,0.650,0.165,0.939,0.776,0.599,0.440,302,276,253,90
0.134,0.126,0.256,0.85,0.046,0,0.4761,0.3675,0.146,0.06,0.779,0.195,0.982,0.887,0.735,0.626,313,307,280,276,0.650,0.165,0.939,0.776,0.599,0.440,302,276,253,90
0.129,0.159,0.272,-0.08,0.108,0,0.4741,0.3533,0.271,0.059,0.779,0.195,0.982,0.887,0.735,0.626,313,307,280,276,0.650,0.165,0.939,0.776,0.599,0.440,302,276,253,90
0.162,0.145,0.035,1.99,0.186,0,0.4777,0.3470,0.083,-0.326,0.779,0.195,0.982,0.887,0.735,0.626,313,307,280,276,0.650,0.165,0.939,0.776,0.599,0.440,302,276,253,90
0.163,0.153,0.001,0.85,0.046,0,0.4761,0.3442,0.100,0.06,0.779,0.195,0.982,0.887,0.735,0.626,313,307,280,276,0.650,0.165,0.939,0.776,0.599,0.440,302,276,253,90
0.160,0.185,0.099,-1.1,0.105,-1,0.4766,0.3510,0.337,0.192,0.779,0.195,0.982,0.887,0.735,0.626,313,307,280,276,0.650,0.165,0.939,0.776,0.599,0.440,302,276,253,90
0.159,0.192,0.048,-0.79,0.151,-1,0.4692,0.3639,0.325,0.736,0.779,0.195,0.982,0.887,0.735,0.626,313,307,280,276,0.650,0.165,0.939,0.776,0.599,0.440,302,276,253,90
0.165,0.205,0.008,2.53,0.140,0,0.4545,0.3834,0.086,-0.121,0.779,0.195,0.982,0.887,0.735,0.626,313,307,280,276,0.650,0.165,0.939,0.776,0.599,0.440,302,276,253,90
0.157,0.237,0.267,-0.52,0.062,0,0.4323,0.4078,0.170,0.341,0.779,0.195,0.982,0.887,0.735,0.626,313,307,280,276,0.650,0.165,0.939,0.776,0.599,0.440,302,276,253,90
0.164,0.204,0.162,0.85,0.046,0,0.4120,0.4422,0.334,0.06,0.779,0.195,0.982,0.887,0.735,0.626,313,307,280,276,0.650,0.165,0.939,0.776,0.599,0.440,302,276,253,90
0.170,0.244,0.212,-0.52,0.062,0,0.3977,0.4875,0.283,0.341,0.779,0.195,0.982,0.887,0.735,0.626,313,307,280,276,0.650,0.165,0.939,0.776,0.599,0.440,302,276,253,90
0.171,0.180,0.289,1.99,0.186,0,0.3925,0.5436,0.101,-0.326,0.779,0.195,0.982,0.887,0.735,0.626,313,307,280,276,0.650,0.165,0.939,0.776,0.599,0.440,302,276,253,90
0.170,0.189,0.126,0.85,0.046,0,0.3974,0.6087,0.307,0.06,0.779,0.195,0.982,0.887,0.735,0.626,313,307,280,276,0.650,0.165,0.939,0.776,0.599,0.440,302,276,253,90
0.183,0.206,0.370,-1.19,0.219,1,0.4108,0.6791,0.592,0.586,0.779,0.195,0.982,0.887,0.735,0.626,313,307,280,276,0.650,0.165,0.939,0.776,0.599,0.440,302,276,253,90
0.185,0.142,0.177,-0.42,0.180,0,0.4274,0.7484,0.466,0.318,0.779,0.195,0.982,0.887,0.735,0.626,313,307,280,276,0.650,0.165,0.939,0.776,0.599,0.440,302,276,253,90
0.185,0.123,0.059,0,0.000,0,0.4375,0.8075,0.538,0.166,0.779,0.195,0.982,0.887,0.735,0.626,313,307,280,276,0.650,0.165,0.939,0.776,0.599,0.440,302,276,253,90
0.201,0.102,0.087,1.99,0.186,0,0.4262,0.8437,0.686,-0.326,0.779,0.195,0.982,0.887,0.735,0.626,313,307,280,276,0.650,0.165,0.939,0.776,0.599,0.440,302,276,253,90
