0.040,0.231,0.607,1.42,0.221,0,0.1619,0.8395,0.658,-0.397,0.465,0.146,0.656,0.404,0.216,0.057,107,99,26,19,0.372,0.157,0.406,0.211,0.069,0.018,84,52,8,5
0.036,0.875,0.679,-0.48,0.134,0,0.1037,0.7423,0.356,0.007,0.465,0.146,0.656,0.404,0.216,0.057,107,99,26,19,0.372,0.157,0.406,0.211,0.069,0.018,84,52,8,5
0.042,0.891,0.469,-0.52,0.062,0,0.1185,0.6962,0.288,0.341,0.465,0.146,0.656,0.404,0.216,0.057,107,99,26,19,0.372,0.157,0.406,0.211,0.069,0.018,84,52,8,5
0.053,0.898,0.581,1.37,0.298,0,0.1699,0.6734,0.231,-0.510,0.465,0.146,0.656,0.404,0.216,0.057,107,99,26,19,0.372,0.157,0.406,0.211,0.069,0.018,84,52,8,5
0.053,0.814,0.470,1.69,0.290,0,0.2319,0.6550,0.141,-0.697,0.465,0.146,0.656,0.404,0.216,0.057,107,99,26,19,0.372,0.157,0.406,0.211,0.069,0.018,84,52,8,5
0.064,0.681,0.331,-0.79,0.151,-1,0.2877,0.6302,0.364,0.736,0.465,0.146,0.656,0.404,0.216,0.057,107,99,26,19,0.372,0.157,0.406,0.211,0.069,0.018,84,52,8,5
0.065,0.838,0.524,-0.42,0.180,0,0.3280,0.5941,0.318,0.318,0.465,0.146,0.656,0.404,0.216,0.057,107,99,26,19,0.372,0.157,0.406,0.211,0.069,0.018,84,52,8,5
0.069,0.815,0.352,0.85,0.046,0,0.3498,0.5471,0.167,0.06,0.465,0.146,0.656,0.404,0.216,0.057,107,99,26,19,0.372,0.157,0.406,0.211,0.069,0.018,84,52,8,5
0.068,0.809,0.377,-0.52,0.062,0,0.3547,0.4933,0.250,0.341,0.465,0.146,0.656,0.404,0.216,0.057,107,99,26,19,0.372,0.157,0.406,0.211,0.069,0.018,84,52,8,5
0.073,0.802,0.340,0,0.000,0,0.3479,0.4392,0.291,0.166,0.465,0.146,0.656,0.404,0.216,0.057,107,99,26,19,0.372,0.157,0.406,0.211,0.069,0.018,84,52,8,5
0.080,0.787,0.592,1.69,0.290,0,0.3423,0.3993,0.170,-0.697,0.465,0.146,0.656,0.404,0.216,0.057,107,99,26,19,0.372,0.157,0.406,0.211,0.069,0.018,84,52,8,5
0.077,0.871,0.633,1.37,0.298,0,0.3426,0.3756,0.222,-0.510,0.465,0.146,0.656,0.404,0.216,0.057,107,99,26,19,0.372,0.157,0.406,0.211,0.069,0.018,84,52,8,5
0.095,0.789,0.594,0,0.000,0,0.3523,0.3675,0.209,0.166,0.465,0.146,0.656,0.404,0.216,0.057,107,99,26,19,0.372,0.157,0.406,0.211,0.069,0.018,84,52,8,5
0.092,0.836,0.572,0.22,0.230,0,0.3653,0.3714,0.218,0.303,0.465,0.146,0.656,0.404,0.216,0.057,107,99,26,19,0.372,0.157,0.406,0.211,0.069,0.018,84,52,8,5
0.109,0.756,0.491,-1.14,0.131,0,0.3763,0.3807,0.251,0.987,0.465,0.146,0.656,0.404,0.216,0.057,107,99,26,19,0.372,0.157,0.406,0.211,0.069,0.018,84,52,8,5
0.135,0.824,0.677,0.22,0.230,0,0.3922,0.3960,0.223,0.303,0.465,0.146,0.656,0.404,0.216,0.057,107,99,26,19,0.372,0.157,0.406,0.211,0.069,0.018,84,52,8,5
0.167,0.777,0.602,-0.42,0.180,0,0.4140,0.4154,0.244,0.318,0.465,0.146,0.656,0.404,0.216,0.057,107,99,26,19,0.372,0.157,0.406,0.211,0.069,0.018,84,52,8,5
0.184,0.708,0.637,0.85,0.046,0,0.4534,0.4438,0.133,0.06,0.465,0.146,0.656,0.404,0.216,0.057,107,99,26,19,0.372,0.157,0.406,0.211,0.069,0.018,84,52,8,5
0.195,0.693,0.667,-0.08,0.108,0,0.5022,0.4731,0.197,0.059,0.465,0.146,0.656,0.404,0.216,0.057,107,99,26,19,0.372,0.157,0.406,0.211,0.069,0.018,84,52,8,5
0.179,0.200,0.613,0,0.000,0,0.5549,0.5026,0.120,0.166,0.465,0.146,0.656,0.404,0.216,0.057,107,99,26,19,0.372,0.157,0.406,0.211,0.069,0.018,84,52,8,5
0.171,0.196,0.649,1.42,0.221,0,0.5995,0.5276,0.173,-0.397,0.465,0.146,0.656,0.404,0.216,0.057,107,99,26,19,0.372,0.157,0.406,0.211,0.069,0.018,84,52,8,5
0.195,0.178,0.542,0.85,0.046,0,0.6348,0.5465,0.085,0.06,0.465,0.146,0.656,0.404,0.216,0.057,107,99,26,19,0.372,0.157,0.406,0.211,0.069,0.018,84,52,8,5
0.217,0.184,0.702,1.42,0.221,0,0.6621,0.5616,0.152,-0.397,0.465,0.146,0.656,0.404,0.216,0.057,107,99,26,19,0.372,0.157,0.406,0.211,0.069,0.018,84,52,8,5
0.223,0.200,0.661,0,0.000,0,0.6736,0.5674,0.154,0.166,0.465,0.146,0.656,0.404,0.216,0.057,107,99,26,19,0.372,0.157,0.406,0.211,0.069,0.018,84,52,8,5
0.210,0.210,0.747,-0.52,0.062,0,0.6720,0.5648,0.240,0.341,0.465,0.146,0.656,0.404,0.216,0.057,107,99,26,19,0.372,0.157,0.406,0.211,0.069,0.018,84,52,8,5
0.220,0.716,0.681,0,0.000,0,0.6347,0.5367,0.186,0.166,0.465,0.146,0.656,0.404,0.216,0.057,107,99,26,19,0.372,0.157,0.406,0.211,0.069,0.018,84,52,8,5
0.208,0.741,0.762,0,0.000,0,0.5864,0.5030,0.158,0.166,0.465,0.146,0.656,0.404,0.216,0.057,107,99,26,19,0.372,0.157,0.406,0.211,0.069,0.018,84,52,8,5
0.215,0.859,0.709,0.22,0.230,0,0.5347,0.4689,0.247,0.303,0.465,0.146,0.656,0.404,0.216,0.057,107,99,26,19,0.372,0.157,0.406,0.211,0.069,0.018,84,52,8,5
0.215,0.878,0.697,0.22,0.230,0,0.4898,0.4418,0.205,0.303,0.465,0.146,0.656,0.404,0.216,0.057,107,99,26,19,0.372,0.157,0.406,0.211,0.069,0.018,84,52,8,5
0.203,0.774,0.502,-1.1,0.105,-1,0.4580,0.4248,0.262,0.192,0.465,0.146,0.656,0.404,0.216,0.057,107,99,26,19,0.372,0.157,0.406,0.211,0.069,0.018,84,52,8,5
0.206,0.832,0.592,-0.42,0.180,0,0.4516,0.4234,0.250,0.318,0.465,0.146,0.656,0.404,0.216,0.057,107,99,26,19,0.372,0.157,0.406,0.211,0.069,0.018,84,52,8,5
0.202,0.819,0.552,-0.08,0.108,0,0.4587,0.4311,0.155,0.059,0.465,0.146,0.656,0.404,0.216,0.057,107,99,26,19,0.372,0.157,0.406,0.211,0.069,0.018,84,52,8,5
0.169,0.780,0.440,0.85,0.046,0,0.4603,0.4319,0.097,0.06,0.465,0.146,0.656,0.404,0.216,0.057,107,99,26,19,0.372,0.157,0.406,0.211,0.069,0.018,84,52,8,5
0.155,0.810,0.385,-0.52,0.062,0,0.4638,0.4332,0.193,0.341,0.465,0.146,0.656,0.404,0.216,0.057,107,99,26,19,0.372,0.157,0.406,0.211,0.069,0.018,84,52,8,5
0.152,0.825,0.238,0.85,0.046,0,0.4650,0.4348,0.107,0.06,0.465,0.146,0.656,0.404,0.216,0.057,107,99,26,19,0.372,0.157,0.406,0.211,0.069,0.018,84,52,8,5
0.152,0.837,0.247,0.85,0.046,0,0.4585,0.4281,0.066,0.06,0.465,0.146,0.656,0.404,0.216,0.057,107,99,26,19,0.372,0.157,0.406,0.211,0.069,0.018,84,52,8,5
0.148,0.830,0.296,0.85,0.046,0,0.4416,0.4124,0.095,0.06,0.465,0.146,0.656,0.404,0.216,0.057,107,99,26,19,0.372,0.157,0.406,0.211,0.069,0.018,84,52,8,5
0.148,0.803,0.152,0.85,0.046,0,0.4129,0.3872,0.196,0.06,0.465,0.146,0.656,0.404,0.216,0.057,107,99,26,19,0.372,0.157,0.406,0.211,0.069,0.018,84,52,8,5
0.144,0.756,0.035,0.85,0.046,0,0.3769,0.3560,0.175,0.06,0.465,0.146,0.656,0.404,0.216,0.057,107,99,26,19,0.372,0.157,0.406,0.211,0.069,0.018,84,52,8,5
0.141,0.761,0.440,1.37,0.298,0,0.3468,0.3293,0.190,-0.510,0.465,0.146,0.656,0.404,0.216,0.057,107,99,26,19,0.372,0.157,0.406,0.211,0.069,0.018,84,52,8,5
0.141,0.776,0.485,0.2,0.291,1,0.3193,0.3039,0.375,0.180,0.465,0.146,0.656,0.404,0.216,0.057,107,99,26,19,0.372,0.157,0.406,0.211,0.069,0.018,84,52,8,5
0.130,0.201,0.180,0,0.000,0,0.2972,0.2812,0.375,0.166,0.465,0.146,0.656,0.404,0.216,0.057,107,99,26,19,0.372,0.157,0.406,0.211,0.069,0.018,84,52,8,5
0.137,0.217,0.230,1.69,0.290,0,0.2859,0.2660,0.096,-0.697,0.465,0.146,0.656,0.404,0.216,0.057,107,99,26,19,0.372,0.157,0.406,0.211,0.069,0.018,84,52,8,5
0.116,0.186,0.405,-1.14,0.131,0,0.2766,0.2516,0.248,0.987,0.465,0.146,0.656,0.404,0.216,0.057,107,99,26,19,0.372,0.157,0.406,0.211,0.069,0.018,84,52,8,5
0.118,0.199,0.455,1.99,0.186,0,0.2859,0.2517,0.179,-0.326,0.465,0.146,0.656,0.404,0.216,0.057,107,99,26,19,0.372,0.157,0.406,0.211,0.069,0.018,84,52,8,5
0.126,0.201,0.424,-0.52,0.062,0,0.2974,0.2535,0.195,0.341,0.465,0.146,0.656,0.404,0.216,0.057,107,99,26,19,0.372,0.157,0.406,0.211,0.069,0.018,84,52,8,5
0.125,0.192,0.463,1.99,0.186,0,0.3202,0.2656,0.159,-0.326,0.465,0.146,0.656,0.404,0.216,0.057,107,99,26,19,0.372,0.157,0.406,0.211,0.069,0.018,84,52,8,5
0.120,0.182,0.562,0,0.000,0,0.3564,0.2863,0.181,0.166,0.465,0.146,0.656,0.404,0.216,0.057,107,99,26,19,0.372,0.157,0.406,0.211,0.069,0.018,84,52,8,5
0.124,0.195,0.662,1.42,0.221,0,0.4064,0.3181,0.157,-0.397,0.465,0.146,0.656,0.404,0.216,0.057,107,99,26,19,0.372,0.157,0.406,0.211,0.069,0.018,84,52,8,5
0.117,0.210,0.627,-0.52,0.062,0,0.4583,0.3520,0.144,0.341,0.465,0.146,0.656,0.404,0.216,0.057,107,99,26,19,0.372,0.157,0.406,0.211,0.069,0.018,84,52,8,5
0.125,0.204,0.656,-1.14,0.131,0,0.4983,0.3758,0.295,0.987,0.465,0.146,0.656,0.404,0.216,0.057,107,99,26,19,0.372,0.157,0.406,0.211,0.069,0.018,84,52,8,5
0.116,0.727,0.840,1.37,0.298,0,0.5419,0.4041,0.232,-0.510,0.465,0.146,0.656,0.404,0.216,0.057,107,99,26,19,0.372,0.157,0.406,0.211,0.069,0.018,84,52,8,5
0.110,0.194,0.385,0.85,0.046,0,0.5819,0.4321,0.142,0.06,0.465,0.146,0.656,0.404,0.216,0.057,107,99,26,19,0.372,0.157,0.406,0.211,0.069,0.018,84,52,8,5
0.139,0.710,0.590,-0.48,0.134,0,0.6255,0.4613,0.266,0.007,0.465,0.146,0.656,0.404,0.216,0.057,107,99,26,19,0.372,0.157,0.406,0.211,0.069,0.018,84,52,8,5
0.139,0.759,0.631,0.22,0.230,0,0.6512,0.4797,0.277,0.303,0.465,0.146,0.656,0.404,0.216,0.057,107,99,26,19,0.372,0.157,0.406,0.211,0.069,0.018,84,52,8,5
0.125,0.716,0.599,0.22,0.230,0,0.6692,0.4901,0.215,0.303,0.465,0.146,0.656,0.404,0.216,0.057,107,99,26,19,0.372,0.157,0.406,0.211,0.069,0.018,84,52,8,5
0.114,0.178,0.243,1.99,0.186,0,0.6824,0.4970,0.110,-0.326,0.465,0.146,0.656,0.404,0.216,0.057,107,99,26,19,0.372,0.157,0.406,0.211,0.069,0.018,84,52,8,5
0.116,0.194,0.531,-0.42,0.180,0,0.6838,0.4926,0.308,0.318,0.465,0.146,0.656,0.404,0.216,0.057,107,99,26,19,0.372,0.157,0.406,0.211,0.069,0.018,84,52,8,5
0.119,0.703,0.624,0.2,0.291,1,0.6825,0.4850,0.329,0.180,0.465,0.146,0.656,0.404,0.216,0.057,107,99,26,19,0.372,0.157,0.406,0.211,0.069,0.018,84,52,8,5
0.111,0.197,0.586,-0.08,0.108,0,0.6798,0.4747,0.216,0.059,0.465,0.146,0.656,0.404,0.216,0.057,107,99,26,19,0.372,0.157,0.406,0.211,0.069,0.018,84,52,8,5
0.101,0.205,0.638,-0.08,0.108,0,0.6681,0.4561,0.274,0.059,0.465,0.146,0.656,0.404,0.216,0.057,107,99,26,19,0.372,0.157,0.406,0.211,0.069,0.018,84,52,8,5
0.106,0.682,0.763,-0.42,0.180,0,0.6511,0.4362,0.451,0.318,0.465,0.146,0.656,0.404,0.216,0.057,107,99,26,19,0.372,0.157,0.406,0.211,0.069,0.018,84,52,8,5
0.120,0.196,0.644,-1.1,0.105,-1,0.6308,0.4158,0.440,0.192,0.465,0.146,0.656,0.404,0.216,0.057,107,99,26,19,0.372,0.157,0.406,0.211,0.069,0.018,84,52,8,5
0.122,0.711,0.360,-0.52,0.062,0,0.5971,0.3894,0.258,0.341,0.465,0.146,0.656,0.404,0.216,0.057,107,99,26,19,0.372,0.157,0.406,0.211,0.069,0.018,84,52,8,5
0.122,0.684,0.386,-1.14,0.131,0,0.5569,0.3620,0.362,0.987,0.465,0.146,0.656,0.404,0.216,0.057,107,99,26,19,0.372,0.157,0.406,0.211,0.069,0.018,84,52,8,5
0.141,0.797,0.493,1.37,0.298,0,0.5196,0.3379,0.210,-0.510,0.465,0.146,0.656,0.404,0.216,0.057,107,99,26,19,0.372,0.157,0.406,0.211,0.069,0.018,84,52,8,5
0.129,0.727,0.354,-1.1,0.105,-1,0.4913,0.3200,0.246,0.192,0.465,0.146,0.656,0.404,0.216,0.057,107,99,26,19,0.372,0.157,0.406,0.211,0.069,0.018,84,52,8,5
0.115,0.700,0.428,0.85,0.046,0,0.4717,0.3072,0.273,0.06,0.465,0.146,0.656,0.404,0.216,0.057,107,99,26,19,0.372,0.157,0.406,0.211,0.069,0.018,84,52,8,5
0.122,0.771,0.597,-0.52,0.062,0,0.4426,0.2872,0.203,0.341,0.465,0.146,0.656,0.404,0.216,0.057,107,99,26,19,0.372,0.157,0.406,0.211,0.069,0.018,84,52,8,5
0.112,0.715,0.591,3.14,0.186,0,0.4065,0.2617,0.059,-0.486,0.465,0.146,0.656,0.404,0.216,0.057,107,99,26,19,0.372,0.157,0.406,0.211,0.069,0.018,84,52,8,5
0.121,0.774,0.586,-0.08,0.108,0,0.3705,0.2333,0.157,0.059,0.465,0.146,0.656,0.404,0.216,0.057,107,99,26,19,0.372,0.157,0.406,0.211,0.069,0.018,84,52,8,5
0.127,0.726,0.553,0.85,0.046,0,0.3550,0.2160,0.173,0.06,0.465,0.146,0.656,0.404,0.216,0.057,107,99,26,19,0.372,0.157,0.406,0.211,0.069,0.018,84,52,8,5
0.134,0.715,0.369,0.85,0.046,0,0.3251,0.1909,0.094,0.06,0.465,0.146,0.656,0.404,0.216,0.057,107,99,26,19,0.372,0.157,0.406,0.211,0.069,0.018,84,52,8,5
0.140,0.780,0.437,2.1,0.128,0,0.3071,0.1730,0.057,0.02,0.465,0.146,0.656,0.404,0.216,0.057,107,99,26,19,0.372,0.157,0.406,0.211,0.069,0.018,84,52,8,5
0.119,0.752,0.561,-0.48,0.134,0,0.2871,0.1546,0.217,0.007,0.465,0.146,0.656,0.404,0.216,0.057,107,99,26,19,0.372,0.157,0.406,0.211,0.069,0.018,84,52,8,5
0.154,0.780,0.450,-1.19,0.219,1,0.2688,0.1378,0.312,0.586,0.465,0.146,0.656,0.404,0.216,0.057,107,99,26,19,0.372,0.157,0.406,0.211,0.069,0.018,84,52,8,5
0.166,0.202,0.223,3.14,0.186,0,0.2453,0.1203,0.091,-0.486,0.465,0.146,0.656,0.404,0.216,0.057,107,99,26,19,0.372,0.157,0.406,0.211,0.069,0.018,84,52,8,5
0.166,0.734,0.607,1.37,0.298,0,0.2236,0.1053,0.163,-0.510,0.465,0.146,0.656,0.404,0.216,0.057,107,99,26,19,0.372,0.157,0.406,0.211,0.069,0.018,84,52,8,5
0.170,0.185,0.565,0,0.000,0,0.2170,0.1009,0.283,0.166,0.465,0.146,0.656,0.404,0.216,0.057,107,99,26,19,0.372,0.157,0.406,0.211,0.069,0.018,84,52,8,5
0.161,0.191,0.597,-1.1,0.105,-1,0.2171,0.1018,0.376,0.192,0.465,0.146,0.656,0.404,0.216,0.057,107,99,26,19,0.372,0.157,0.406,0.211,0.069,0.018,84,52,8,5
0.141,0.180,0.583,0,0.000,0,0.2104,0.0980,0.244,0.166,0.465,0.146,0.656,0.404,0.216,0.057,107,99,26,19,0.372,0.157,0.406,0.211,0.069,0.018,84,52,8,5
0.145,0.176,0.525,0.85,0.046,0,0.2108,0.0994,0.313,0.06,0.465,0.146,0.656,0.404,0.216,0.057,107,99,26,19,0.372,0.157,0.406,0.211,0.069,0.018,84,52,8,5
0.176,0.165,0.565,0,0.000,0,0.2182,0.1042,0.245,0.166,0.465,0.146,0.656,0.404,0.216,0.057,107,99,26,19,0.372,0.157,0.406,0.211,0.069,0.018,84,52,8,5
0.176,0.178,0.559,0.85,0.046,0,0.2256,0.1087,0.213,0.06,0.465,0.146,0.656,0.404,0.216,0.057,107,99,26,19,0.372,0.157,0.406,0.211,0.069,0.018,84,52,8,5
0.165,0.205,0.638,1.37,0.298,0,0.2437,0.1177,0.156,-0.510,0.465,0.146,0.656,0.404,0.216,0.057,107,99,26,19,0.372,0.157,0.406,0.211,0.069,0.018,84,52,8,5
0.194,0.712,0.581,-1.19,0.219,1,0.2804,0.1343,0.299,0.586,0.465,0.146,0.656,0.404,0.216,0.057,107,99,26,19,0.372,0.157,0.406,0.211,0.069,0.018,84,52,8,5
0.159,0.210,0.487,-0.42,0.180,0,0.3106,0.1466,0.299,0.318,0.465,0.146,0.656,0.404,0.216,0.057,107,99,26,19,0.372,0.157,0.406,0.211,0.069,0.018,84,52,8,5
0.138,0.193,0.318,-1.1,0.105,-1,0.3200,0.1475,0.205,0.192,0.465,0.146,0.656,0.404,0.216,0.057,107,99,26,19,0.372,0.157,0.406,0.211,0.069,0.018,84,52,8,5
0.158,0.185,0.353,2.1,0.128,0,0.3187,0.1436,0.076,0.02,0.465,0.146,0.656,0.404,0.216,0.057,107,99,26,19,0.372,0.157,0.406,0.211,0.069,0.018,84,52,8,5
0.138,0.154,0.325,1.99,0.186,0,0.3178,0.1435,0.176,-0.326,0.465,0.146,0.656,0.404,0.216,0.057,107,99,26,19,0.372,0.157,0.406,0.211,0.069,0.018,84,52,8,5
0.177,0.193,0.409,-0.48,0.134,0,0.3122,0.1450,0.307,0.007,0.465,0.146,0.656,0.404,0.216,0.057,107,99,26,19,0.372,0.157,0.406,0.211,0.069,0.018,84,52,8,5
0.167,0.145,0.336,3.14,0.186,0,0.3040,0.1465,0.076,-0.486,0.465,0.146,0.656,0.404,0.216,0.057,107,99,26,19,0.372,0.157,0.406,0.211,0.069,0.018,84,52,8,5
0.162,0.193,0.698,-1.19,0.219,1,0.2909,0.1444,0.286,0.586,0.465,0.146,0.656,0.404,0.216,0.057,107,99,26,19,0.372,0.157,0.406,0.211,0.069,0.018,84,52,8,5
0.111,0.170,0.209,0.85,0.046,0,0.2905,0.1513,0.222,0.06,0.465,0.146,0.656,0.404,0.216,0.057,107,99,26,19,0.372,0.157,0.406,0.211,0.069,0.018,84,52,8,5
0.093,0.177,0.356,-1.1,0.105,-1,0.2836,0.1529,0.315,0.192,0.465,0.146,0.656,0.404,0.216,0.057,107,99,26,19,0.372,0.157,0.406,0.211,0.069,0.018,84,52,8,5
0.100,0.197,0.091,0.85,0.046,0,0.2869,0.1621,0.159,0.06,0.465,0.146,0.656,0.404,0.216,0.057,107,99,26,19,0.372,0.157,0.406,0.211,0.069,0.018,84,52,8,5
0.081,0.194,0.257,2.53,0.140,0,0.3062,0.1793,0.179,-0.121,0.465,0.146,0.656,0.404,0.216,0.057,107,99,26,19,0.372,0.157,0.406,0.211,0.069,0.018,84,52,8,5
0.086,0.747,0.281,-0.48,0.134,0,0.3383,0.2032,0.317,0.007,0.465,0.146,0.656,0.404,0.216,0.057,107,99,26,19,0.372,0.157,0.406,0.211,0.069,0.018,84,52,8,5
0.094,0.216,0.181,0,0.000,0,0.3678,0.2247,0.232,0.166,0.465,0.146,0.656,0.404,0.216,0.057,107,99,26,19,0.372,0.157,0.406,0.211,0.069,0.018,84,52,8,5
0.077,0.752,0.387,1.37,0.298,0,0.3989,0.2479,0.140,-0.510,0.465,0.146,0.656,0.404,0.216,0.057,107,99,26,19,0.372,0.157,0.406,0.211,0.069,0.018,84,52,8,5
0.079,0.693,0.425,-1.19,0.219,1,0.4310,0.2722,0.303,0.586,0.465,0.146,0.656,0.404,0.216,0.057,107,99,26,19,0.372,0.157,0.406,0.211,0.069,0.018,84,52,8,5
0.096,0.205,0.234,-1.1,0.105,-1,0.4604,0.2959,0.196,0.192,0.465,0.146,0.656,0.404,0.216,0.057,107,99,26,19,0.372,0.157,0.406,0.211,0.069,0.018,84,52,8,5
0.101,0.186,0.305,3.14,0.186,0,0.4770,0.3131,0.065,-0.486,0.465,0.146,0.656,0.404,0.216,0.057,107,99,26,19,0.372,0.157,0.406,0.211,0.069,0.018,84,52,8,5
0.082,0.266,0.432,1.76,0.409,0,0.4935,0.3278,0.088,-0.884,0.465,0.146,0.656,0.404,0.216,0.057,107,99,26,19,0.372,0.157,0.406,0.211,0.069,0.018,84,52,8,5
0.084,0.209,0.543,-0.48,0.134,0,0.5155,0.3446,0.175,0.007,0.465,0.146,0.656,0.404,0.216,0.057,107,99,26,19,0.372,0.157,0.406,0.211,0.069,0.018,84,52,8,5
0.089,0.203,0.514,-0.08,0.108,0,0.5289,0.3533,0.183,0.059,0.465,0.146,0.656,0.404,0.216,0.057,107,99,26,19,0.372,0.157,0.406,0.211,0.069,0.018,84,52,8,5
0.090,0.180,0.558,0,0.000,0,0.5307,0.3574,0.175,0.166,0.465,0.146,0.656,0.404,0.216,0.057,107,99,26,19,0.372,0.157,0.406,0.211,0.069,0.018,84,52,8,5
0.092,0.176,0.579,0,0.000,0,0.5355,0.3638,0.149,0.166,0.465,0.146,0.656,0.404,0.216,0.057,107,99,26,19,0.372,0.157,0.406,0.211,0.069,0.018,84,52,8,5
0.111,0.185,0.537,-0.52,0.062,0,0.5529,0.3767,0.243,0.341,0.465,0.146,0.656,0.404,0.216,0.057,107,99,26,19,0.372,0.157,0.406,0.211,0.069,0.018,84,52,8,5
0.111,0.181,0.561,-0.48,0.134,0,0.5727,0.3881,0.262,0.007,0.465,0.146,0.656,0.404,0.216,0.057,107,99,26,19,0.372,0.157,0.406,0.211,0.069,0.018,84,52,8,5
0.127,0.133,0.478,0,0.000,0,0.5919,0.3947,0.109,0.166,0.465,0.146,0.656,0.404,0.216,0.057,107,99,26,19,0.372,0.157,0.406,0.211,0.069,0.018,84,52,8,5
0.105,0.110,0.527,0,0.000,0,0.6192,0.4050,0.146,0.166,0.465,0.146,0.656,0.404,0.216,0.057,107,99,26,19,0.372,0.157,0.406,0.211,0.069,0.018,84,52,8,5
0.111,0.093,0.393,0,0.000,0,0.6458,0.4124,0.125,0.166,0.465,0.146,0.656,0.404,0.216,0.057,107,99,26,19,0.372,0.157,0.406,0.211,0.069,0.018,84,52,8,5
0.115,0.090,0.382,0,0.000,0,0.6676,0.4177,0.112,0.166,0.465,0.146,0.656,0.404,0.216,0.057,107,99,26,19,0.372,0.157,0.406,0.211,0.069,0.018,84,52,8,5
0.167,0.078,0.470,0,0.000,0,0.6830,0.4187,0.092,0.166,0.465,0.146,0.656,0.404,0.216,0.057,107,99,26,19,0.372,0.157,0.406,0.211,0.069,0.018,84,52,8,5
0.199,0.064,0.461,0,0.000,0,0.6934,0.4195,0.077,0.166,0.465,0.146,0.656,0.404,0.216,0.057,107,99,26,19,0.372,0.157,0.406,0.211,0.069,0.018,84,52,8,5
0.199,0.066,0.501,0,0.000,0,0.6971,0.4184,0.078,0.166,0.465,0.146,0.656,0.404,0.216,0.057,107,99,26,19,0.372,0.157,0.406,0.211,0.069,0.018,84,52,8,5
0.199,0.067,0.531,0,0.000,0,0.6911,0.4151,0.088,0.166,0.465,0.146,0.656,0.404,0.216,0.057,107,99,26,19,0.372,0.157,0.406,0.211,0.069,0.018,84,52,8,5
0.199,0.065,0.648,0,0.000,0,0.6796,0.4122,0.075,0.166,0.465,0.146,0.656,0.404,0.216,0.057,107,99,26,19,0.372,0.157,0.406,0.211,0.069,0.018,84,52,8,5
0.191,0.076,0.579,0,0.000,0,0.6712,0.4128,0.074,0.166,0.465,0.146,0.656,0.404,0.216,0.057,107,99,26,19,0.372,0.157,0.406,0.211,0.069,0.018,84,52,8,5
0.225,0.079,0.641,0,0.000,0,0.6575,0.4104,0.085,0.166,0.465,0.146,0.656,0.404,0.216,0.057,107,99,26,19,0.372,0.157,0.406,0.211,0.069,0.018,84,52,8,5
0.191,0.062,0.612,0,0.000,0,0.6419,0.4066,0.086,0.166,0.465,0.146,0.656,0.404,0.216,0.057,107,99,26,19,0.372,0.157,0.406,0.211,0.069,0.018,84,52,8,5
0.188,0.074,0.629,0,0.000,0,0.6373,0.4075,0.068,0.166,0.465,0.146,0.656,0.404,0.216,0.057,107,99,26,19,0.372,0.157,0.406,0.211,0.069,0.018,84,52,8,5
0.158,0.071,0.629,0.85,0.046,0,0.6363,0.4074,0.122,0.06,0.465,0.146,0.656,0.404,0.216,0.057,107,99,26,19,0.372,0.157,0.406,0.211,0.069,0.018,84,52,8,5
0.158,0.067,0.620,0,0.000,0,0.6334,0.4097,0.096,0.166,0.465,0.146,0.656,0.404,0.216,0.057,107,99,26,19,0.372,0.157,0.406,0.211,0.069,0.018,84,52,8,5
0.158,0.078,0.656,0,0.000,0,0.6305,0.4116,0.066,0.166,0.465,0.146,0.656,0.404,0.216,0.057,107,99,26,19,0.372,0.157,0.406,0.211,0.069,0.018,84,52,8,5
0.132,0.084,0.618,-0.08,0.108,0,0.6242,0.4117,0.187,0.059,0.465,0.146,0.656,0.404,0.216,0.057,107,99,26,19,0.372,0.157,0.406,0.211,0.069,0.018,84,52,8,5
0.130,0.086,0.532,0,0.000,0,0.6180,0.4118,0.103,0.166,0.465,0.146,0.656,0.404,0.216,0.057,107,99,26,19,0.372,0.157,0.406,0.211,0.069,0.018,84,52,8,5
0.128,0.085,0.647,0,0.000,0,0.6043,0.4075,0.095,0.166,0.465,0.146,0.656,0.404,0.216,0.057,107,99,26,19,0.372,0.157,0.406,0.211,0.069,0.018,84,52,8,5
0.107,0.079,0.545,0.85,0.046,0,0.5973,0.4089,0.177,0.06,0.465,0.146,0.656,0.404,0.216,0.057,107,99,26,19,0.372,0.157,0.406,0.211,0.069,0.018,84,52,8,5
0.105,0.078,0.522,0,0.000,0,0.5990,0.4159,0.150,0.166,0.465,0.146,0.656,0.404,0.216,0.057,107,99,26,19,0.372,0.157,0.406,0.211,0.069,0.018,84,52,8,5
0.087,0.107,0.637,-0.48,0.134,0,0.6050,0.4257,0.200,0.007,0.465,0.146,0.656,0.404,0.216,0.057,107,99,26,19,0.372,0.157,0.406,0.211,0.069,0.018,84,52,8,5
0.087,0.085,0.488,0.85,0.046,0,0.6239,0.4420,0.165,0.06,0.465,0.146,0.656,0.404,0.216,0.057,107,99,26,19,0.372,0.157,0.406,0.211,0.069,0.018,84,52,8,5
0.082,0.119,0.559,-0.48,0.134,0,0.6403,0.4566,0.302,0.007,0.465,0.146,0.656,0.404,0.216,0.057,107,99,26,19,0.372,0.157,0.406,0.211,0.069,0.018,84,52,8,5
0.069,0.112,0.483,0,0.000,0,0.6650,0.4748,0.164,0.166,0.465,0.146,0.656,0.404,0.216,0.057,107,99,26,19,0.372,0.157,0.406,0.211,0.069,0.018,84,52,8,5
0.056,0.106,0.532,0,0.000,0,0.6893,0.4916,0.203,0.166,0.465,0.146,0.656,0.404,0.216,0.057,107,99,26,19,0.372,0.157,0.406,0.211,0.069,0.018,84,52,8,5
0.053,0.118,0.534,-0.48,0.134,0,0.7039,0.5027,0.294,0.007,0.465,0.146,0.656,0.404,0.216,0.057,107,99,26,19,0.372,0.157,0.406,0.211,0.069,0.018,84,52,8,5
0.056,0.104,0.457,0.85,0.046,0,0.7111,0.5090,0.127,0.06,0.465,0.146,0.656,0.404,0.216,0.057,107,99,26,19,0.372,0.157,0.406,0.211,0.069,0.018,84,52,8,5
0.056,0.092,0.462,0.85,0.046,0,0.7110,0.5112,0.180,0.06,0.465,0.146,0.656,0.404,0.216,0.057,107,99,26,19,0.372,0.157,0.406,0.211,0.069,0.018,84,52,8,5
0.056,0.113,0.558,-0.48,0.134,0,0.7202,0.5189,0.241,0.007,0.465,0.146,0.656,0.404,0.216,0.057,107,99,26,19,0.372,0.157,0.406,0.211,0.069,0.018,84,52,8,5
0.058,0.091,0.453,0.85,0.046,0,0.7341,0.5304,0.242,0.06,0.465,0.146,0.656,0.404,0.216,0.057,107,99,26,19,0.372,0.157,0.406,0.211,0.069,0.018,84,52,8,5
0.054,0.101,0.575,-0.48,0.134,0,0.7397,0.5396,0.304,0.007,0.465,0.146,0.656,0.404,0.216,0.057,107,99,26,19,0.372,0.157,0.406,0.211,0.069,0.018,84,52,8,5
0.065,0.084,0.511,0,0.000,0,0.7434,0.5504,0.244,0.166,0.465,0.146,0.656,0.404,0.216,0.057,107,99,26,19,0.372,0.157,0.406,0.211,0.069,0.018,84,52,8,5
0.067,0.108,0.538,-0.42,0.180,0,0.7424,0.5596,0.397,0.318,0.465,0.146,0.656,0.404,0.216,0.057,107,99,26,19,0.372,0.157,0.406,0.211,0.069,0.018,84,52,8,5
0.076,0.103,0.471,-0.48,0.134,0,0.7363,0.5663,0.401,0.007,0.465,0.146,0.656,0.404,0.216,0.057,107,99,26,19,0.372,0.157,0.406,0.211,0.069,0.018,84,52,8,5
0.078,0.102,0.526,-0.48,0.134,0,0.7335,0.5739,0.224,0.007,0.465,0.146,0.656,0.404,0.216,0.057,107,99,26,19,0.372,0.157,0.406,0.211,0.069,0.018,84,52,8,5
0.077,0.085,0.425,-1.14,0.131,0,0.7290,0.5806,0.348,0.987,0.465,0.146,0.656,0.404,0.216,0.057,107,99,26,19,0.372,0.157,0.406,0.211,0.069,0.018,84,52,8,5
0.094,0.089,0.482,0.85,0.046,0,0.7249,0.5877,0.395,0.06,0.465,0.146,0.656,0.404,0.216,0.057,107,99,26,19,0.372,0.157,0.406,0.211,0.069,0.018,84,52,8,5
0.089,0.082,0.451,0,0.000,0,0.7260,0.5966,0.262,0.166,0.465,0.146,0.656,0.404,0.216,0.057,107,99,26,19,0.372,0.157,0.406,0.211,0.069,0.018,84,52,8,5
0.085,0.091,0.618,0,0.000,0,0.7415,0.6124,0.342,0.166,0.465,0.146,0.656,0.404,0.216,0.057,107,99,26,19,0.372,0.157,0.406,0.211,0.069,0.018,84,52,8,5
0.096,0.115,0.475,1.42,0.221,0,0.7572,0.6267,0.205,-0.397,0.465,0.146,0.656,0.404,0.216,0.057,107,99,26,19,0.372,0.157,0.406,0.211,0.069,0.018,84,52,8,5
0.101,0.109,0.506,-1.14,0.131,0,0.7589,0.6327,0.279,0.987,0.465,0.146,0.656,0.404,0.216,0.057,107,99,26,19,0.372,0.157,0.406,0.211,0.069,0.018,84,52,8,5
0.124,0.130,0.404,2.53,0.140,0,0.7581,0.6375,0.154,-0.121,0.465,0.146,0.656,0.404,0.216,0.057,107,99,26,19,0.372,0.157,0.406,0.211,0.069,0.018,84,52,8,5
0.121,0.173,0.643,0.2,0.291,1,0.7402,0.6339,0.318,0.180,0.465,0.146,0.656,0.404,0.216,0.057,107,99,26,19,0.372,0.157,0.406,0.211,0.069,0.018,84,52,8,5
0.128,0.116,0.485,-1.14,0.131,0,0.7135,0.6269,0.275,0.987,0.465,0.146,0.656,0.404,0.216,0.057,107,99,26,19,0.372,0.157,0.406,0.211,0.069,0.018,84,52,8,5
0.153,0.118,0.452,-0.52,0.062,0,0.6711,0.6114,0.254,0.341,0.465,0.146,0.656,0.404,0.216,0.057,107,99,26,19,0.372,0.157,0.406,0.211,0.069,0.018,84,52,8,5
0.161,0.120,0.328,0.85,0.046,0,0.6088,0.5868,0.229,0.06,0.465,0.146,0.656,0.404,0.216,0.057,107,99,26,19,0.372,0.157,0.406,0.211,0.069,0.018,84,52,8,5
0.167,0.150,0.314,2.1,0.128,0,0.5695,0.5747,0.124,0.02,0.465,0.146,0.656,0.404,0.216,0.057,107,99,26,19,0.372,0.157,0.406,0.211,0.069,0.018,84,52,8,5
0.160,0.170,0.178,-0.08,0.108,0,0.5492,0.5726,0.216,0.059,0.465,0.146,0.656,0.404,0.216,0.057,107,99,26,19,0.372,0.157,0.406,0.211,0.069,0.018,84,52,8,5
0.150,0.116,0.157,-1.14,0.131,0,0.5443,0.5770,0.357,0.987,0.465,0.146,0.656,0.404,0.216,0.057,107,99,26,19,0.372,0.157,0.406,0.211,0.069,0.018,84,52,8,5
0.154,0.124,0.166,-1.1,0.105,-1,0.5383,0.5788,0.379,0.192,0.465,0.146,0.656,0.404,0.216,0.057,107,99,26,19,0.372,0.157,0.406,0.211,0.069,0.018,84,52,8,5
0.151,0.113,0.261,-0.52,0.062,0,0.5337,0.5804,0.244,0.341,0.465,0.146,0.656,0.404,0.216,0.057,107,99,26,19,0.372,0.157,0.406,0.211,0.069,0.018,84,52,8,5
0.161,0.142,0.610,0.2,0.291,1,0.5373,0.5830,0.318,0.180,0.465,0.146,0.656,0.404,0.216,0.057,107,99,26,19,0.372,0.157,0.406,0.211,0.069,0.018,84,52,8,5
0.168,0.090,0.523,2.53,0.140,0,0.5504,0.5862,0.159,-0.121,0.465,0.146,0.656,0.404,0.216,0.057,107,99,26,19,0.372,0.157,0.406,0.211,0.069,0.018,84,52,8,5
0.156,0.095,0.383,0,0.000,0,0.5687,0.5926,0.151,0.166,0.465,0.146,0.656,0.404,0.216,0.057,107,99,26,19,0.372,0.157,0.406,0.211,0.069,0.018,84,52,8,5
0.162,0.094,0.424,0,0.000,0,0.5840,0.5984,0.150,0.166,0.465,0.146,0.656,0.404,0.216,0.057,107,99,26,19,0.372,0.157,0.406,0.211,0.069,0.018,84,52,8,5
0.162,0.107,0.389,1.37,0.298,0,0.5958,0.6022,0.175,-0.510,0.465,0.146,0.656,0.404,0.216,0.057,107,99,26,19,0.372,0.157,0.406,0.211,0.069,0.018,84,52,8,5
0.173,0.088,0.222,1.99,0.186,0,0.6114,0.6088,0.104,-0.326,0.465,0.146,0.656,0.404,0.216,0.057,107,99,26,19,0.372,0.157,0.406,0.211,0.069,0.018,84,52,8,5
0.174,0.091,0.201,-1.1,0.105,-1,0.6310,0.6188,0.190,0.192,0.465,0.146,0.656,0.404,0.216,0.057,107,99,26,19,0.372,0.157,0.406,0.211,0.069,0.018,84,52,8,5
0.186,0.098,0.502,-0.08,0.108,0,0.6410,0.6222,0.243,0.059,0.465,0.146,0.656,0.404,0.216,0.057,107,99,26,19,0.372,0.157,0.406,0.211,0.069,0.018,84,52,8,5
0.197,0.116,0.481,-0.52,0.062,0,0.6425,0.6215,0.327,0.341,0.465,0.146,0.656,0.404,0.216,0.057,107,99,26,19,0.372,0.157,0.406,0.211,0.069,0.018,84,52,8,5
0.214,0.104,0.478,0,0.000,0,0.6362,0.6162,0.335,0.166,0.465,0.146,0.656,0.404,0.216,0.057,107,99,26,19,0.372,0.157,0.406,0.211,0.069,0.018,84,52,8,5
0.206,0.104,0.408,0,0.000,0,0.6356,0.6132,0.222,0.166,0.465,0.146,0.656,0.404,0.216,0.057,107,99,26,19,0.372,0.157,0.406,0.211,0.069,0.018,84,52,8,5
0.202,0.106,0.523,-0.52,0.062,0,0.6337,0.6066,0.227,0.341,0.465,0.146,0.656,0.404,0.216,0.057,107,99,26,19,0.372,0.157,0.406,0.211,0.069,0.018,84,52,8,5
0.206,0.122,0.311,-1.14,0.131,0,0.6234,0.5949,0.263,0.987,0.465,0.146,0.656,0.404,0.216,0.057,107,99,26,19,0.372,0.157,0.406,0.211,0.069,0.018,84,52,8,5
0.174,0.116,0.422,2.53,0.140,0,0.6242,0.5879,0.153,-0.121,0.465,0.146,0.656,0.404,0.216,0.057,107,99,26,19,0.372,0.157,0.406,0.211,0.069,0.018,84,52,8,5
0.171,0.178,0.503,-0.52,0.062,0,0.6339,0.5850,0.169,0.341,0.465,0.146,0.656,0.404,0.216,0.057,107,99,26,19,0.372,0.157,0.406,0.211,0.069,0.018,84,52,8,5
0.199,0.190,0.401,0.22,0.230,0,0.6671,0.5930,0.229,0.303,0.465,0.146,0.656,0.404,0.216,0.057,107,99,26,19,0.372,0.157,0.406,0.211,0.069,0.018,84,52,8,5
0.199,0.211,0.508,0.2,0.291,1,0.6884,0.5948,0.343,0.180,0.465,0.146,0.656,0.404,0.216,0.057,107,99,26,19,0.372,0.157,0.406,0.211,0.069,0.018,84,52,8,5
0.216,0.148,0.512,0,0.000,0,0.6972,0.5907,0.243,0.166,0.465,0.146,0.656,0.404,0.216,0.057,107,99,26,19,0.372,0.157,0.406,0.211,0.069,0.018,84,52,8,5
0.230,0.155,0.419,0,0.000,0,0.7057,0.5867,0.190,0.166,0.465,0.146,0.656,0.404,0.216,0.057,107,99,26,19,0.372,0.157,0.406,0.211,0.069,0.018,84,52,8,5
0.224,0.165,0.526,-0.52,0.062,0,0.7079,0.5781,0.250,0.341,0.465,0.146,0.656,0.404,0.216,0.057,107,99,26,19,0.372,0.157,0.406,0.211,0.069,0.018,84,52,8,5
0.190,0.135,0.421,0.85,0.046,0,0.7035,0.5675,0.298,0.06,0.465,0.146,0.656,0.404,0.216,0.057,107,99,26,19,0.372,0.157,0.406,0.211,0.069,0.018,84,52,8,5
0.190,0.134,0.368,0,0.000,0,0.6947,0.5555,0.240,0.166,0.465,0.146,0.656,0.404,0.216,0.057,107,99,26,19,0.372,0.157,0.406,0.211,0.069,0.018,84,52,8,5
0.155,0.128,0.350,0,0.000,0,0.6844,0.5442,0.142,0.166,0.465,0.146,0.656,0.404,0.216,0.057,107,99,26,19,0.372,0.157,0.406,0.211,0.069,0.018,84,52,8,5
0.163,0.148,0.418,-0.48,0.134,0,0.6671,0.5290,0.267,0.007,0.465,0.146,0.656,0.404,0.216,0.057,107,99,26,19,0.372,0.157,0.406,0.211,0.069,0.018,84,52,8,5
0.166,0.116,0.161,2.53,0.140,0,0.6611,0.5197,0.061,-0.121,0.465,0.146,0.656,0.404,0.216,0.057,107,99,26,19,0.372,0.157,0.406,0.211,0.069,0.018,84,52,8,5
0.161,0.138,0.378,-0.52,0.062,0,0.6516,0.5084,0.093,0.341,0.465,0.146,0.656,0.404,0.216,0.057,107,99,26,19,0.372,0.157,0.406,0.211,0.069,0.018,84,52,8,5
0.151,0.116,0.444,2.53,0.140,0,0.6403,0.4968,0.074,-0.121,0.465,0.146,0.656,0.404,0.216,0.057,107,99,26,19,0.372,0.157,0.406,0.211,0.069,0.018,84,52,8,5
0.141,0.138,0.521,-0.52,0.062,0,0.6271,0.4834,0.155,0.341,0.465,0.146,0.656,0.404,0.216,0.057,107,99,26,19,0.372,0.157,0.406,0.211,0.069,0.018,84,52,8,5
0.145,0.119,0.527,0,0.000,0,0.6167,0.4709,0.158,0.166,0.465,0.146,0.656,0.404,0.216,0.057,107,99,26,19,0.372,0.157,0.406,0.211,0.069,0.018,84,52,8,5
0.145,0.124,0.502,0,0.000,0,0.6022,0.4536,0.199,0.166,0.465,0.146,0.656,0.404,0.216,0.057,107,99,26,19,0.372,0.157,0.406,0.211,0.069,0.018,84,52,8,5
0.138,0.145,0.555,-0.48,0.134,0,0.5851,0.4360,0.333,0.007,0.465,0.146,0.656,0.404,0.216,0.057,107,99,26,19,0.372,0.157,0.406,0.211,0.069,0.018,84,52,8,5
0.140,0.101,0.556,0,0.000,0,0.5756,0.4205,0.148,0.166,0.465,0.146,0.656,0.404,0.216,0.057,107,99,26,19,0.372,0.157,0.406,0.211,0.069,0.018,84,52,8,5
0.137,0.121,0.604,-0.48,0.134,0,0.5637,0.4019,0.268,0.007,0.465,0.146,0.656,0.404,0.216,0.057,107,99,26,19,0.372,0.157,0.406,0.211,0.069,0.018,84,52,8,5
0.135,0.094,0.483,0.85,0.046,0,0.5655,0.3914,0.200,0.06,0.465,0.146,0.656,0.404,0.216,0.057,107,99,26,19,0.372,0.157,0.406,0.211,0.069,0.018,84,52,8,5
0.162,0.096,0.509,0,0.000,0,0.5596,0.3758,0.201,0.166,0.465,0.146,0.656,0.404,0.216,0.057,107,99,26,19,0.372,0.157,0.406,0.211,0.069,0.018,84,52,8,5
0.163,0.082,0.478,0,0.000,0,0.5585,0.3671,0.146,0.166,0.465,0.146,0.656,0.404,0.216,0.057,107,99,26,19,0.372,0.157,0.406,0.211,0.069,0.018,84,52,8,5
0.158,0.081,0.429,2.53,0.140,0,0.5587,0.3597,0.126,-0.121,0.465,0.146,0.656,0.404,0.216,0.057,107,99,26,19,0.372,0.157,0.406,0.211,0.069,0.018,84,52,8,5
0.150,0.089,0.486,-0.42,0.180,0,0.5609,0.3565,0.191,0.318,0.465,0.146,0.656,0.404,0.216,0.057,107,99,26,19,0.372,0.157,0.406,0.211,0.069,0.018,84,52,8,5
0.144,0.079,0.445,-0.52,0.062,0,0.5596,0.3527,0.150,0.341,0.465,0.146,0.656,0.404,0.216,0.057,107,99,26,19,0.372,0.157,0.406,0.211,0.069,0.018,84,52,8,5
0.098,0.083,0.352,0,0.000,0,0.5437,0.3384,0.116,0.166,0.465,0.146,0.656,0.404,0.216,0.057,107,99,26,19,0.372,0.157,0.406,0.211,0.069,0.018,84,52,8,5
0.081,0.063,0.416,2.53,0.140,0,0.5256,0.3247,0.130,-0.121,0.465,0.146,0.656,0.404,0.216,0.057,107,99,26,19,0.372,0.157,0.406,0.211,0.069,0.018,84,52,8,5
0.097,0.054,0.358,0,0.000,0,0.4984,0.3053,0.092,0.166,0.465,0.146,0.656,0.404,0.216,0.057,107,99,26,19,0.372,0.157,0.406,0.211,0.069,0.018,84,52,8,5
0.080,0.050,0.231,2.53,0.140,0,0.4735,0.2866,0.106,-0.121,0.465,0.146,0.656,0.404,0.216,0.057,107,99,26,19,0.372,0.157,0.406,0.211,0.069,0.018,84,52,8,5
0.097,0.045,0.272,0.85,0.046,0,0.4458,0.2656,0.122,0.06,0.465,0.146,0.656,0.404,0.216,0.057,107,99,26,19,0.372,0.157,0.406,0.211,0.069,0.018,84,52,8,5
0.092,0.046,0.394,0,0.000,0,0.4210,0.2440,0.131,0.166,0.465,0.146,0.656,0.404,0.216,0.057,107,99,26,19,0.372,0.157,0.406,0.211,0.069,0.018,84,52,8,5
0.088,0.052,0.338,0.85,0.046,0,0.3990,0.2231,0.169,0.06,0.465,0.146,0.656,0.404,0.216,0.057,107,99,26,19,0.372,0.157,0.406,0.211,0.069,0.018,84,52,8,5
0.091,0.051,0.430,0,0.000,0,0.3852,0.2056,0.175,0.166,0.465,0.146,0.656,0.404,0.216,0.057,107,99,26,19,0.372,0.157,0.406,0.211,0.069,0.018,84,52,8,5
0.092,0.055,0.419,-0.08,0.108,0,0.3743,0.1904,0.152,0.059,0.465,0.146,0.656,0.404,0.216,0.057,107,99,26,19,0.372,0.157,0.406,0.211,0.069,0.018,84,52,8,5
0.096,0.056,0.424,0.85,0.046,0,0.3662,0.1795,0.105,0.06,0.465,0.146,0.656,0.404,0.216,0.057,107,99,26,19,0.372,0.157,0.406,0.211,0.069,0.018,84,52,8,5
0.092,0.081,0.450,1.76,0.409,0,0.3650,0.1724,0.143,-0.884,0.465,0.146,0.656,0.404,0.216,0.057,107,99,26,19,0.372,0.157,0.406,0.211,0.069,0.018,84,52,8,5
0.090,0.076,0.553,-0.48,0.134,0,0.3727,0.1716,0.159,0.007,0.465,0.146,0.656,0.404,0.216,0.057,107,99,26,19,0.372,0.157,0.406,0.211,0.069,0.018,84,52,8,5
0.087,0.062,0.483,0.85,0.046,0,0.3866,0.1761,0.140,0.06,0.465,0.146,0.656,0.404,0.216,0.057,107,99,26,19,0.372,0.157,0.406,0.211,0.069,0.018,84,52,8,5
0.081,0.090,0.459,-0.48,0.134,0,0.3865,0.1719,0.254,0.007,0.465,0.146,0.656,0.404,0.216,0.057,107,99,26,19,0.372,0.157,0.406,0.211,0.069,0.018,84,52,8,5
0.082,0.097,0.462,2.1,0.128,0,0.3940,0.1779,0.062,0.02,0.465,0.146,0.656,0.404,0.216,0.057,107,99,26,19,0.372,0.157,0.406,0.211,0.069,0.018,84,52,8,5
0.082,0.104,0.429,-0.08,0.108,0,0.3947,0.1787,0.235,0.059,0.465,0.146,0.656,0.404,0.216,0.057,107,99,26,19,0.372,0.157,0.406,0.211,0.069,0.018,84,52,8,5
0.080,0.106,0.366,3.14,0.186,0,0.4047,0.1881,0.089,-0.486,0.465,0.146,0.656,0.404,0.216,0.057,107,99,26,19,0.372,0.157,0.406,0.211,0.069,0.018,84,52,8,5
0.084,0.134,0.435,-0.52,0.062,0,0.4065,0.1925,0.189,0.341,0.465,0.146,0.656,0.404,0.216,0.057,107,99,26,19,0.372,0.157,0.406,0.211,0.069,0.018,84,52,8,5
0.087,0.120,0.453,0,0.000,0,0.4001,0.1894,0.171,0.166,0.465,0.146,0.656,0.404,0.216,0.057,107,99,26,19,0.372,0.157,0.406,0.211,0.069,0.018,84,52,8,5
0.091,0.110,0.389,0.85,0.046,0,0.3944,0.1846,0.186,0.06,0.465,0.146,0.656,0.404,0.216,0.057,107,99,26,19,0.372,0.157,0.406,0.211,0.069,0.018,84,52,8,5
0.097,0.100,0.397,0.85,0.046,0,0.4054,0.1920,0.165,0.06,0.465,0.146,0.656,0.404,0.216,0.057,107,99,26,19,0.372,0.157,0.406,0.211,0.069,0.018,84,52,8,5
0.136,0.097,0.299,0.85,0.046,0,0.4250,0.2057,0.131,0.06,0.465,0.146,0.656,0.404,0.216,0.057,107,99,26,19,0.372,0.157,0.406,0.211,0.069,0.018,84,52,8,5
0.161,0.135,0.323,-0.42,0.180,0,0.4512,0.2221,0.219,0.318,0.465,0.146,0.656,0.404,0.216,0.057,107,99,26,19,0.372,0.157,0.406,0.211,0.069,0.018,84,52,8,5
0.168,0.138,0.406,-0.08,0.108,0,0.4806,0.2404,0.214,0.059,0.465,0.146,0.656,0.404,0.216,0.057,107,99,26,19,0.372,0.157,0.406,0.211,0.069,0.018,84,52,8,5
0.168,0.137,0.366,0.85,0.046,0,0.5015,0.2533,0.170,0.06,0.465,0.146,0.656,0.404,0.216,0.057,107,99,26,19,0.372,0.157,0.406,0.211,0.069,0.018,84,52,8,5
0.174,0.155,0.244,0.85,0.046,0,0.5191,0.2656,0.166,0.06,0.465,0.146,0.656,0.404,0.216,0.057,107,99,26,19,0.372,0.157,0.406,0.211,0.069,0.018,84,52,8,5
0.174,0.156,0.226,0.85,0.046,0,0.5336,0.2804,0.161,0.06,0.465,0.146,0.656,0.404,0.216,0.057,107,99,26,19,0.372,0.157,0.406,0.211,0.069,0.018,84,52,8,5
0.148,0.165,0.332,-0.52,0.062,0,0.5336,0.2879,0.234,0.341,0.465,0.146,0.656,0.404,0.216,0.057,107,99,26,19,0.372,0.157,0.406,0.211,0.069,0.018,84,52,8,5
0.126,0.172,0.337,-0.52,0.062,0,0.5102,0.2795,0.204,0.341,0.465,0.146,0.656,0.404,0.216,0.057,107,99,26,19,0.372,0.157,0.406,0.211,0.069,0.018,84,52,8,5
0.118,0.139,0.150,1.99,0.186,0,0.4883,0.2724,0.130,-0.326,0.465,0.146,0.656,0.404,0.216,0.057,107,99,26,19,0.372,0.157,0.406,0.211,0.069,0.018,84,52,8,5
0.081,0.172,0.443,0.22,0.230,0,0.4614,0.2617,0.250,0.303,0.465,0.146,0.656,0.404,0.216,0.057,107,99,26,19,0.372,0.157,0.406,0.211,0.069,0.018,84,52,8,5
0.084,0.148,0.345,-0.42,0.180,0,0.4264,0.2472,0.351,0.318,0.465,0.146,0.656,0.404,0.216,0.057,107,99,26,19,0.372,0.157,0.406,0.211,0.069,0.018,84,52,8,5
0.084,0.107,0.324,0.85,0.046,0,0.3917,0.2351,0.173,0.06,0.465,0.146,0.656,0.404,0.216,0.057,107,99,26,19,0.372,0.157,0.406,0.211,0.069,0.018,84,52,8,5
0.085,0.137,0.519,-0.52,0.062,0,0.3608,0.2238,0.227,0.341,0.465,0.146,0.656,0.404,0.216,0.057,107,99,26,19,0.372,0.157,0.406,0.211,0.069,0.018,84,52,8,5
0.090,0.143,0.485,-0.48,0.134,0,0.3492,0.2268,0.369,0.007,0.465,0.146,0.656,0.404,0.216,0.057,107,99,26,19,0.372,0.157,0.406,0.211,0.069,0.018,84,52,8,5
0.091,0.185,0.490,0.22,0.230,0,0.3391,0.2325,0.224,0.303,0.465,0.146,0.656,0.404,0.216,0.057,107,99,26,19,0.372,0.157,0.406,0.211,0.069,0.018,84,52,8,5
0.073,0.152,0.505,-0.08,0.108,0,0.3359,0.2434,0.201,0.059,0.465,0.146,0.656,0.404,0.216,0.057,107,99,26,19,0.372,0.157,0.406,0.211,0.069,0.018,84,52,8,5
0.075,0.145,0.517,1.69,0.290,0,0.3352,0.2549,0.111,-0.697,0.465,0.146,0.656,0.404,0.216,0.057,107,99,26,19,0.372,0.157,0.406,0.211,0.069,0.018,84,52,8,5
0.068,0.179,0.605,1.37,0.298,0,0.3561,0.2825,0.124,-0.510,0.465,0.146,0.656,0.404,0.216,0.057,107,99,26,19,0.372,0.157,0.406,0.211,0.069,0.018,84,52,8,5
0.052,0.142,0.330,-1.14,0.131,0,0.3822,0.3133,0.144,0.987,0.465,0.146,0.656,0.404,0.216,0.057,107,99,26,19,0.372,0.157,0.406,0.211,0.069,0.018,84,52,8,5
0.050,0.167,0.537,1.76,0.409,0,0.4097,0.3436,0.068,-0.884,0.465,0.146,0.656,0.404,0.216,0.057,107,99,26,19,0.372,0.157,0.406,0.211,0.069,0.018,84,52,8,5
0.044,0.106,0.479,1.42,0.221,0,0.4178,0.3567,0.077,-0.397,0.465,0.146,0.656,0.404,0.216,0.057,107,99,26,19,0.372,0.157,0.406,0.211,0.069,0.018,84,52,8,5
0.043,0.083,0.314,0.85,0.046,0,0.4241,0.3667,0.126,0.06,0.465,0.146,0.656,0.404,0.216,0.057,107,99,26,19,0.372,0.157,0.406,0.211,0.069,0.018,84,52,8,5
0.054,0.098,0.133,3.14,0.186,0,0.4275,0.3753,0.103,-0.486,0.465,0.146,0.656,0.404,0.216,0.057,107,99,26,19,0.372,0.157,0.406,0.211,0.069,0.018,84,52,8,5
0.054,0.110,0.179,0.85,0.046,0,0.4232,0.3788,0.121,0.06,0.465,0.146,0.656,0.404,0.216,0.057,107,99,26,19,0.372,0.157,0.406,0.211,0.069,0.018,84,52,8,5
0.081,0.097,0.147,0,0.000,0,0.4251,0.3888,0.228,0.166,0.465,0.146,0.656,0.404,0.216,0.057,107,99,26,19,0.372,0.157,0.406,0.211,0.069,0.018,84,52,8,5
0.073,0.113,0.143,-0.79,0.151,-1,0.4196,0.3927,0.347,0.736,0.465,0.146,0.656,0.404,0.216,0.057,107,99,26,19,0.372,0.157,0.406,0.211,0.069,0.018,84,52,8,5
0.080,0.110,0.256,2.1,0.128,0,0.4164,0.3978,0.112,0.02,0.465,0.146,0.656,0.404,0.216,0.057,107,99,26,19,0.372,0.157,0.406,0.211,0.069,0.018,84,52,8,5
0.103,0.113,0.205,-1.14,0.131,0,0.4257,0.4098,0.362,0.987,0.465,0.146,0.656,0.404,0.216,0.057,107,99,26,19,0.372,0.157,0.406,0.211,0.069,0.018,84,52,8,5
0.111,0.134,0.362,-0.79,0.151,-1,0.4547,0.4348,0.534,0.736,0.465,0.146,0.656,0.404,0.216,0.057,107,99,26,19,0.372,0.157,0.406,0.211,0.069,0.018,84,52,8,5
0.116,0.140,0.196,-1.1,0.105,-1,0.4765,0.4554,0.359,0.192,0.465,0.146,0.656,0.404,0.216,0.057,107,99,26,19,0.372,0.157,0.406,0.211,0.069,0.018,84,52,8,5
0.158,0.146,0.384,-1.14,0.131,0,0.4954,0.4713,0.407,0.987,0.465,0.146,0.656,0.404,0.216,0.057,107,99,26,19,0.372,0.157,0.406,0.211,0.069,0.018,84,52,8,5
0.147,0.197,0.401,-0.08,0.108,0,0.5190,0.4892,0.397,0.059,0.465,0.146,0.656,0.404,0.216,0.057,107,99,26,19,0.372,0.157,0.406,0.211,0.069,0.018,84,52,8,5
0.131,0.210,0.484,-1.19,0.219,1,0.5374,0.5012,0.376,0.586,0.465,0.146,0.656,0.404,0.216,0.057,107,99,26,19,0.372,0.157,0.406,0.211,0.069,0.018,84,52,8,5
0.137,0.164,0.331,-0.52,0.062,0,0.5502,0.5085,0.359,0.341,0.465,0.146,0.656,0.404,0.216,0.057,107,99,26,19,0.372,0.157,0.406,0.211,0.069,0.018,84,52,8,5
0.139,0.170,0.548,-1.19,0.219,1,0.5479,0.5051,0.389,0.586,0.465,0.146,0.656,0.404,0.216,0.057,107,99,26,19,0.372,0.157,0.406,0.211,0.069,0.018,84,52,8,5
0.133,0.118,0.266,3.14,0.186,0,0.5526,0.5065,0.096,-0.486,0.465,0.146,0.656,0.404,0.216,0.057,107,99,26,19,0.372,0.157,0.406,0.211,0.069,0.018,84,52,8,5
0.170,0.172,0.541,0.2,0.291,1,0.5617,0.5112,0.264,0.180,0.465,0.146,0.656,0.404,0.216,0.057,107,99,26,19,0.372,0.157,0.406,0.211,0.069,0.018,84,52,8,5
0.157,0.150,0.428,-0.52,0.062,0,0.5658,0.5139,0.325,0.341,0.465,0.146,0.656,0.404,0.216,0.057,107,99,26,19,0.372,0.157,0.406,0.211,0.069,0.018,84,52,8,5
0.158,0.118,0.084,-1.1,0.105,-1,0.5419,0.4952,0.248,0.192,0.465,0.146,0.656,0.404,0.216,0.057,107,99,26,19,0.372,0.157,0.406,0.211,0.069,0.018,84,52,8,5
0.199,0.121,0.137,1.99,0.186,0,0.5272,0.4841,0.084,-0.326,0.465,0.146,0.656,0.404,0.216,0.057,107,99,26,19,0.372,0.157,0.406,0.211,0.069,0.018,84,52,8,5
0.210,0.140,0.363,-0.08,0.108,0,0.5094,0.4726,0.292,0.059,0.465,0.146,0.656,0.404,0.216,0.057,107,99,26,19,0.372,0.157,0.406,0.211,0.069,0.018,84,52,8,5
0.263,0.165,0.330,-0.42,0.180,0,0.4892,0.4599,0.385,0.318,0.465,0.146,0.656,0.404,0.216,0.057,107,99,26,19,0.372,0.157,0.406,0.211,0.069,0.018,84,52,8,5
0.283,0.161,0.393,1.37,0.298,0,0.4694,0.4475,0.211,-0.510,0.465,0.146,0.656,0.404,0.216,0.057,107,99,26,19,0.372,0.157,0.406,0.211,0.069,0.018,84,52,8,5
0.214,0.114,0.270,0,0.000,0,0.4466,0.4317,0.178,0.166,0.465,0.146,0.656,0.404,0.216,0.057,107,99,26,19,0.372,0.157,0.406,0.211,0.069,0.018,84,52,8,5
0.214,0.129,0.422,0,0.000,0,0.4322,0.4251,0.229,0.166,0.465,0.146,0.656,0.404,0.216,0.057,107,99,26,19,0.372,0.157,0.406,0.211,0.069,0.018,84,52,8,5
0.145,0.132,0.294,3.14,0.186,0,0.4218,0.4161,0.157,-0.486,0.465,0.146,0.656,0.404,0.216,0.057,107,99,26,19,0.372,0.157,0.406,0.211,0.069,0.018,84,52,8,5
0.155,0.162,0.471,-0.52,0.062,0,0.4159,0.4072,0.180,0.341,0.465,0.146,0.656,0.404,0.216,0.057,107,99,26,19,0.372,0.157,0.406,0.211,0.069,0.018,84,52,8,5
0.149,0.175,0.331,-0.08,0.108,0,0.4087,0.4012,0.271,0.059,0.465,0.146,0.656,0.404,0.216,0.057,107,99,26,19,0.372,0.157,0.406,0.211,0.069,0.018,84,52,8,5
0.143,0.149,0.257,-1.1,0.105,-1,0.4032,0.3983,0.315,0.192,0.465,0.146,0.656,0.404,0.216,0.057,107,99,26,19,0.372,0.157,0.406,0.211,0.069,0.018,84,52,8,5
0.151,0.165,0.484,1.42,0.221,0,0.4002,0.3976,0.219,-0.397,0.465,0.146,0.656,0.404,0.216,0.057,107,99,26,19,0.372,0.157,0.406,0.211,0.069,0.018,84,52,8,5
0.160,0.157,0.345,0,0.000,0,0.3945,0.3933,0.187,0.166,0.465,0.146,0.656,0.404,0.216,0.057,107,99,26,19,0.372,0.157,0.406,0.211,0.069,0.018,84,52,8,5
0.167,0.198,0.387,-1.19,0.219,1,0.3876,0.3884,0.377,0.586,0.465,0.146,0.656,0.404,0.216,0.057,107,99,26,19,0.372,0.157,0.406,0.211,0.069,0.018,84,52,8,5
0.171,0.200,0.360,0.2,0.291,1,0.3685,0.3729,0.352,0.180,0.465,0.146,0.656,0.404,0.216,0.057,107,99,26,19,0.372,0.157,0.406,0.211,0.069,0.018,84,52,8,5
0.182,0.145,0.456,1.37,0.298,0,0.3602,0.3644,0.135,-0.510,0.465,0.146,0.656,0.404,0.216,0.057,107,99,26,19,0.372,0.157,0.406,0.211,0.069,0.018,84,52,8,5
0.172,0.124,0.395,-0.52,0.062,0,0.3577,0.3590,0.138,0.341,0.465,0.146,0.656,0.404,0.216,0.057,107,99,26,19,0.372,0.157,0.406,0.211,0.069,0.018,84,52,8,5
0.119,0.113,0.200,-0.79,0.151,-1,0.3629,0.3579,0.342,0.736,0.465,0.146,0.656,0.404,0.216,0.057,107,99,26,19,0.372,0.157,0.406,0.211,0.069,0.018,84,52,8,5
0.121,0.110,0.206,-0.52,0.062,0,0.3507,0.3436,0.244,0.341,0.465,0.146,0.656,0.404,0.216,0.057,107,99,26,19,0.372,0.157,0.406,0.211,0.069,0.018,84,52,8,5
0.117,0.100,0.040,1.99,0.186,0,0.3378,0.3280,0.132,-0.326,0.465,0.146,0.656,0.404,0.216,0.057,107,99,26,19,0.372,0.157,0.406,0.211,0.069,0.018,84,52,8,5
0.117,0.098,0.033,0.85,0.046,0,0.3288,0.3163,0.226,0.06,0.465,0.146,0.656,0.404,0.216,0.057,107,99,26,19,0.372,0.157,0.406,0.211,0.069,0.018,84,52,8,5
0.103,0.116,0.032,0,0.000,0,0.3289,0.3127,0.274,0.166,0.465,0.146,0.656,0.404,0.216,0.057,107,99,26,19,0.372,0.157,0.406,0.211,0.069,0.018,84,52,8,5
0.101,0.126,0.050,-0.52,0.062,0,0.3140,0.2978,0.255,0.341,0.465,0.146,0.656,0.404,0.216,0.057,107,99,26,19,0.372,0.157,0.406,0.211,0.069,0.018,84,52,8,5
0.099,0.111,0.004,1.99,0.186,0,0.3091,0.2901,0.149,-0.326,0.465,0.146,0.656,0.404,0.216,0.057,107,99,26,19,0.372,0.157,0.406,0.211,0.069,0.018,84,52,8,5
0.082,0.097,0.011,1.99,0.186,0,0.3246,0.3017,0.098,-0.326,0.465,0.146,0.656,0.404,0.216,0.057,107,99,26,19,0.372,0.157,0.406,0.211,0.069,0.018,84,52,8,5
0.082,0.121,0.191,-1.14,0.131,0,0.3379,0.3097,0.251,0.987,0.465,0.146,0.656,0.404,0.216,0.057,107,99,26,19,0.372,0.157,0.406,0.211,0.069,0.018,84,52,8,5
0.096,0.116,0.088,-1.1,0.105,-1,0.3528,0.3198,0.352,0.192,0.465,0.146,0.656,0.404,0.216,0.057,107,99,26,19,0.372,0.157,0.406,0.211,0.069,0.018,84,52,8,5
0.093,0.140,0.368,1.76,0.409,0,0.3659,0.3304,0.154,-0.884,0.465,0.146,0.656,0.404,0.216,0.057,107,99,26,19,0.372,0.157,0.406,0.211,0.069,0.018,84,52,8,5
0.119,0.096,0.099,1.99,0.186,0,0.3761,0.3394,0.138,-0.326,0.465,0.146,0.656,0.404,0.216,0.057,107,99,26,19,0.372,0.157,0.406,0.211,0.069,0.018,84,52,8,5
0.110,0.134,0.365,0,0.000,0,0.3967,0.3597,0.202,0.166,0.465,0.146,0.656,0.404,0.216,0.057,107,99,26,19,0.372,0.157,0.406,0.211,0.069,0.018,84,52,8,5
0.105,0.168,0.378,-0.08,0.108,0,0.4100,0.3731,0.292,0.059,0.465,0.146,0.656,0.404,0.216,0.057,107,99,26,19,0.372,0.157,0.406,0.211,0.069,0.018,84,52,8,5
0.093,0.201,0.443,-0.48,0.134,0,0.4174,0.3822,0.284,0.007,0.465,0.146,0.656,0.404,0.216,0.057,107,99,26,19,0.372,0.157,0.406,0.211,0.069,0.018,84,52,8,5
0.086,0.185,0.570,0,0.000,0,0.4123,0.3815,0.224,0.166,0.465,0.146,0.656,0.404,0.216,0.057,107,99,26,19,0.372,0.157,0.406,0.211,0.069,0.018,84,52,8,5
0.085,0.753,0.690,1.99,0.186,0,0.4084,0.3806,0.139,-0.326,0.465,0.146,0.656,0.404,0.216,0.057,107,99,26,19,0.372,0.157,0.406,0.211,0.069,0.018,84,52,8,5
0.076,0.873,0.959,0.2,0.291,1,0.4024,0.3767,0.302,0.180,0.465,0.146,0.656,0.404,0.216,0.057,107,99,26,19,0.372,0.157,0.406,0.211,0.069,0.018,84,52,8,5
0.074,0.869,0.976,0.2,0.291,1,0.4157,0.3867,0.353,0.180,0.465,0.146,0.656,0.404,0.216,0.057,107,99,26,19,0.372,0.157,0.406,0.211,0.069,0.018,84,52,8,5
0.073,0.874,0.998,0.2,0.291,1,0.4211,0.3908,0.351,0.180,0.465,0.146,0.656,0.404,0.216,0.057,107,99,26,19,0.372,0.157,0.406,0.211,0.069,0.018,84,52,8,5
0.076,0.799,0.820,0,0.000,0,0.4251,0.3924,0.243,0.166,0.465,0.146,0.656,0.404,0.216,0.057,107,99,26,19,0.372,0.157,0.406,0.211,0.069,0.018,84,52,8,5
0.090,0.886,0.999,0.2,0.291,1,0.4311,0.3939,0.338,0.180,0.465,0.146,0.656,0.404,0.216,0.057,107,99,26,19,0.372,0.157,0.406,0.211,0.069,0.018,84,52,8,5
0.090,0.856,0.990,-0.42,0.180,0,0.4348,0.3931,0.322,0.318,0.465,0.146,0.656,0.404,0.216,0.057,107,99,26,19,0.372,0.157,0.406,0.211,0.069,0.018,84,52,8,5
0.071,0.787,0.939,-0.08,0.108,0,0.4321,0.3871,0.219,0.059,0.465,0.146,0.656,0.404,0.216,0.057,107,99,26,19,0.372,0.157,0.406,0.211,0.069,0.018,84,52,8,5
0.094,0.818,0.972,1.37,0.298,0,0.4396,0.3890,0.148,-0.510,0.465,0.146,0.656,0.404,0.216,0.057,107,99,26,19,0.372,0.157,0.406,0.211,0.069,0.018,84,52,8,5
0.090,0.724,0.585,-0.08,0.108,0,0.4482,0.3902,0.247,0.059,0.465,0.146,0.656,0.404,0.216,0.057,107,99,26,19,0.372,0.157,0.406,0.211,0.069,0.018,84,52,8,5
0.072,0.738,0.478,0.2,0.291,1,0.4574,0.3923,0.291,0.180,0.465,0.146,0.656,0.404,0.216,0.057,107,99,26,19,0.372,0.157,0.406,0.211,0.069,0.018,84,52,8,5
0.078,0.246,0.411,1.37,0.298,0,0.4581,0.3882,0.179,-0.510,0.465,0.146,0.656,0.404,0.216,0.057,107,99,26,19,0.372,0.157,0.406,0.211,0.069,0.018,84,52,8,5
0.071,0.201,0.592,-0.42,0.180,0,0.4402,0.3693,0.230,0.318,0.465,0.146,0.656,0.404,0.216,0.057,107,99,26,19,0.372,0.157,0.406,0.211,0.069,0.018,84,52,8,5
0.057,0.160,0.566,-0.08,0.108,0,0.4151,0.3420,0.206,0.059,0.465,0.146,0.656,0.404,0.216,0.057,107,99,26,19,0.372,0.157,0.406,0.211,0.069,0.018,84,52,8,5
0.059,0.125,0.086,1.99,0.186,0,0.3990,0.3225,0.172,-0.326,0.465,0.146,0.656,0.404,0.216,0.057,107,99,26,19,0.372,0.157,0.406,0.211,0.069,0.018,84,52,8,5
0.052,0.111,0.022,-0.79,0.151,-1,0.3785,0.2995,0.305,0.736,0.465,0.146,0.656,0.404,0.216,0.057,107,99,26,19,0.372,0.157,0.406,0.211,0.069,0.018,84,52,8,5
0.049,0.093,0.082,1.99,0.186,0,0.3678,0.2844,0.138,-0.326,0.465,0.146,0.656,0.404,0.216,0.057,107,99,26,19,0.372,0.157,0.406,0.211,0.069,0.018,84,52,8,5
0.048,0.117,0.405,-0.79,0.151,-1,0.3583,0.2688,0.238,0.736,0.465,0.146,0.656,0.404,0.216,0.057,107,99,26,19,0.372,0.157,0.406,0.211,0.069,0.018,84,52,8,5
0.053,0.150,0.352,-1.19,0.219,1,0.3544,0.2552,0.396,0.586,0.465,0.146,0.656,0.404,0.216,0.057,107,99,26,19,0.372,0.157,0.406,0.211,0.069,0.018,84,52,8,5
0.062,0.111,0.108,-0.79,0.151,-1,0.3450,0.2341,0.295,0.736,0.465,0.146,0.656,0.404,0.216,0.057,107,99,26,19,0.372,0.157,0.406,0.211,0.069,0.018,84,52,8,5
0.069,0.134,0.341,1.69,0.290,0,0.3567,0.2313,0.127,-0.697,0.465,0.146,0.656,0.404,0.216,0.057,107,99,26,19,0.372,0.157,0.406,0.211,0.069,0.018,84,52,8,5
0.069,0.208,0.283,0.22,0.230,0,0.3759,0.2373,0.258,0.303,0.465,0.146,0.656,0.404,0.216,0.057,107,99,26,19,0.372,0.157,0.406,0.211,0.069,0.018,84,52,8,5
0.075,0.204,0.267,-0.08,0.108,0,0.4116,0.2557,0.289,0.059,0.465,0.146,0.656,0.404,0.216,0.057,107,99,26,19,0.372,0.157,0.406,0.211,0.069,0.018,84,52,8,5
0.063,0.809,0.328,-0.48,0.134,0,0.4358,0.2664,0.314,0.007,0.465,0.146,0.656,0.404,0.216,0.057,107,99,26,19,0.372,0.157,0.406,0.211,0.069,0.018,84,52,8,5
0.069,0.847,0.680,0.22,0.230,0,0.4390,0.2630,0.237,0.303,0.465,0.146,0.656,0.404,0.216,0.057,107,99,26,19,0.372,0.157,0.406,0.211,0.069,0.018,84,52,8,5
0.070,0.855,0.993,1.37,0.298,0,0.4284,0.2514,0.194,-0.510,0.465,0.146,0.656,0.404,0.216,0.057,107,99,26,19,0.372,0.157,0.406,0.211,0.069,0.018,84,52,8,5
0.093,0.809,0.189,1.99,0.186,0,0.4079,0.2350,0.145,-0.326,0.465,0.146,0.656,0.404,0.216,0.057,107,99,26,19,0.372,0.157,0.406,0.211,0.069,0.018,84,52,8,5
0.094,0.841,0.430,-0.08,0.108,0,0.3951,0.2231,0.169,0.059,0.465,0.146,0.656,0.404,0.216,0.057,107,99,26,19,0.372,0.157,0.406,0.211,0.069,0.018,84,52,8,5
0.115,0.865,0.671,0.2,0.291,1,0.3809,0.2110,0.238,0.180,0.465,0.146,0.656,0.404,0.216,0.057,107,99,26,19,0.372,0.157,0.406,0.211,0.069,0.018,84,52,8,5
0.096,0.861,0.455,0.2,0.291,1,0.3541,0.1900,0.295,0.180,0.465,0.146,0.656,0.404,0.216,0.057,107,99,26,19,0.372,0.157,0.406,0.211,0.069,0.018,84,52,8,5
0.117,0.860,0.590,0.2,0.291,1,0.3305,0.1723,0.259,0.180,0.465,0.146,0.656,0.404,0.216,0.057,107,99,26,19,0.372,0.157,0.406,0.211,0.069,0.018,84,52,8,5
0.135,0.836,0.927,0.2,0.291,1,0.3184,0.1589,0.161,0.180,0.465,0.146,0.656,0.404,0.216,0.057,107,99,26,19,0.372,0.157,0.406,0.211,0.069,0.018,84,52,8,5
0.102,0.695,0.204,3.14,0.186,0,0.3101,0.1475,0.083,-0.486,0.465,0.146,0.656,0.404,0.216,0.057,107,99,26,19,0.372,0.157,0.406,0.211,0.069,0.018,84,52,8,5
0.112,0.206,0.076,-0.79,0.151,-1,0.3021,0.1393,0.214,0.736,0.465,0.146,0.656,0.404,0.216,0.057,107,99,26,19,0.372,0.157,0.406,0.211,0.069,0.018,84,52,8,5
0.128,0.216,0.039,1.42,0.221,0,0.3023,0.1405,0.111,-0.397,0.465,0.146,0.656,0.404,0.216,0.057,107,99,26,19,0.372,0.157,0.406,0.211,0.069,0.018,84,52,8,5
0.116,0.202,0.297,0.85,0.046,0,0.2920,0.1372,0.058,0.06,0.465,0.146,0.656,0.404,0.216,0.057,107,99,26,19,0.372,0.157,0.406,0.211,0.069,0.018,84,52,8,5
0.160,0.237,0.194,0.22,0.230,0,0.2805,0.1337,0.183,0.303,0.465,0.146,0.656,0.404,0.216,0.057,107,99,26,19,0.372,0.157,0.406,0.211,0.069,0.018,84,52,8,5
0.157,0.154,0.075,0.85,0.046,0,0.2502,0.1146,0.132,0.06,0.465,0.146,0.656,0.404,0.216,0.057,107,99,26,19,0.372,0.157,0.406,0.211,0.069,0.018,84,52,8,5
0.115,0.157,0.006,1.99,0.186,0,0.2174,0.0961,0.095,-0.326,0.465,0.146,0.656,0.404,0.216,0.057,107,99,26,19,0.372,0.157,0.406,0.211,0.069,0.018,84,52,8,5
0.091,0.192,0.115,2.1,0.128,0,0.1910,0.0819,0.130,0.02,0.465,0.146,0.656,0.404,0.216,0.057,107,99,26,19,0.372,0.157,0.406,0.211,0.069,0.018,84,52,8,5
0.085,0.170,0.239,1.99,0.186,0,0.1839,0.0806,0.135,-0.326,0.465,0.146,0.656,0.404,0.216,0.057,107,99,26,19,0.372,0.157,0.406,0.211,0.069,0.018,84,52,8,5
0.069,0.197,0.474,-0.08,0.108,0,0.1722,0.0742,0.168,0.059,0.465,0.146,0.656,0.404,0.216,0.057,107,99,26,19,0.372,0.157,0.406,0.211,0.069,0.018,84,52,8,5
0.069,0.174,0.378,-0.79,0.151,-1,0.1684,0.0746,0.249,0.736,0.465,0.146,0.656,0.404,0.216,0.057,107,99,26,19,0.372,0.157,0.406,0.211,0.069,0.018,84,52,8,5
0.073,0.702,0.803,0.2,0.291,1,0.1624,0.0738,0.331,0.180,0.465,0.146,0.656,0.404,0.216,0.057,107,99,26,19,0.372,0.157,0.406,0.211,0.069,0.018,84,52,8,5
0.095,0.214,0.995,-0.42,0.180,0,0.1572,0.0743,0.166,0.318,0.465,0.146,0.656,0.404,0.216,0.057,107,99,26,19,0.372,0.157,0.406,0.211,0.069,0.018,84,52,8,5
0.113,0.169,0.224,3.14,0.186,0,0.1777,0.0918,0.040,-0.486,0.465,0.146,0.656,0.404,0.216,0.057,107,99,26,19,0.372,0.157,0.406,0.211,0.069,0.018,84,52,8,5
0.112,0.730,0.877,-1.19,0.219,1,0.1992,0.1092,0.249,0.586,0.465,0.146,0.656,0.404,0.216,0.057,107,99,26,19,0.372,0.157,0.406,0.211,0.069,0.018,84,52,8,5
0.129,0.206,0.941,3.14,0.186,0,0.2143,0.1218,0.119,-0.486,0.465,0.146,0.656,0.404,0.216,0.057,107,99,26,19,0.372,0.157,0.406,0.211,0.069,0.018,84,52,8,5
0.158,0.816,0.915,1.76,0.409,0,0.2281,0.1326,0.100,-0.884,0.465,0.146,0.656,0.404,0.216,0.057,107,99,26,19,0.372,0.157,0.406,0.211,0.069,0.018,84,52,8,5
0.130,0.763,0.506,1.69,0.290,0,0.2460,0.1451,0.053,-0.697,0.465,0.146,0.656,0.404,0.216,0.057,107,99,26,19,0.372,0.157,0.406,0.211,0.069,0.018,84,52,8,5
0.123,0.816,0.996,-0.42,0.180,0,0.2588,0.1540,0.282,0.318,0.465,0.146,0.656,0.404,0.216,0.057,107,99,26,19,0.372,0.157,0.406,0.211,0.069,0.018,84,52,8,5
0.120,0.819,0.997,-0.48,0.134,0,0.2636,0.1559,0.323,0.007,0.465,0.146,0.656,0.404,0.216,0.057,107,99,26,19,0.372,0.157,0.406,0.211,0.069,0.018,84,52,8,5
0.127,0.855,0.643,0.2,0.291,1,0.2584,0.1499,0.229,0.180,0.465,0.146,0.656,0.404,0.216,0.057,107,99,26,19,0.372,0.157,0.406,0.211,0.069,0.018,84,52,8,5
0.151,0.856,0.996,0.2,0.291,1,0.2455,0.1390,0.274,0.180,0.465,0.146,0.656,0.404,0.216,0.057,107,99,26,19,0.372,0.157,0.406,0.211,0.069,0.018,84,52,8,5
0.179,0.211,0.968,1.42,0.221,0,0.2389,0.1317,0.289,-0.397,0.465,0.146,0.656,0.404,0.216,0.057,107,99,26,19,0.372,0.157,0.406,0.211,0.069,0.018,84,52,8,5
0.152,0.773,0.994,-1.19,0.219,1,0.2400,0.1329,0.326,0.586,0.465,0.146,0.656,0.404,0.216,0.057,107,99,26,19,0.372,0.157,0.406,0.211,0.069,0.018,84,52,8,5
0.155,0.191,0.446,1.99,0.186,0,0.2566,0.1484,0.068,-0.326,0.465,0.146,0.656,0.404,0.216,0.057,107,99,26,19,0.372,0.157,0.406,0.211,0.069,0.018,84,52,8,5
0.106,0.696,0.993,-1.19,0.219,1,0.2906,0.1776,0.370,0.586,0.465,0.146,0.656,0.404,0.216,0.057,107,99,26,19,0.372,0.157,0.406,0.211,0.069,0.018,84,52,8,5
0.089,0.194,0.946,-1.19,0.219,1,0.3433,0.2232,0.446,0.586,0.465,0.146,0.656,0.404,0.216,0.057,107,99,26,19,0.372,0.157,0.406,0.211,0.069,0.018,84,52,8,5
0.124,0.115,0.181,-0.79,0.151,-1,0.3906,0.2621,0.152,0.736,0.465,0.146,0.656,0.404,0.216,0.057,107,99,26,19,0.372,0.157,0.406,0.211,0.069,0.018,84,52,8,5
0.123,0.093,0.182,3.14,0.186,0,0.4405,0.3020,0.081,-0.486,0.465,0.146,0.656,0.404,0.216,0.057,107,99,26,19,0.372,0.157,0.406,0.211,0.069,0.018,84,52,8,5
0.156,0.113,0.431,-0.42,0.180,0,0.4766,0.3309,0.406,0.318,0.465,0.146,0.656,0.404,0.216,0.057,107,99,26,19,0.372,0.157,0.406,0.211,0.069,0.018,84,52,8,5
0.177,0.092,0.071,0.85,0.046,0,0.5046,0.3539,0.210,0.06,0.465,0.146,0.656,0.404,0.216,0.057,107,99,26,19,0.372,0.157,0.406,0.211,0.069,0.018,84,52,8,5
0.172,0.072,0.009,3.14,0.186,0,0.5195,0.3652,0.067,-0.486,0.465,0.146,0.656,0.404,0.216,0.057,107,99,26,19,0.372,0.157,0.406,0.211,0.069,0.018,84,52,8,5
0.161,0.083,0.266,-1.19,0.219,1,0.5242,0.3667,0.420,0.586,0.465,0.146,0.656,0.404,0.216,0.057,107,99,26,19,0.372,0.157,0.406,0.211,0.069,0.018,84,52,8,5
0.155,0.067,0.003,-0.79,0.151,-1,0.5246,0.3631,0.463,0.736,0.465,0.146,0.656,0.404,0.216,0.057,107,99,26,19,0.372,0.157,0.406,0.211,0.069,0.018,84,52,8,5
0.122,0.067,0.015,1.99,0.186,0,0.5161,0.3506,0.118,-0.326,0.465,0.146,0.656,0.404,0.216,0.057,107,99,26,19,0.372,0.157,0.406,0.211,0.069,0.018,84,52,8,5
0.151,0.088,0.214,-0.48,0.134,0,0.5137,0.3442,0.242,0.007,0.465,0.146,0.656,0.404,0.216,0.057,107,99,26,19,0.372,0.157,0.406,0.211,0.069,0.018,84,52,8,5
0.123,0.078,0.021,-0.79,0.151,-1,0.5252,0.3505,0.429,0.736,0.465,0.146,0.656,0.404,0.216,0.057,107,99,26,19,0.372,0.157,0.406,0.211,0.069,0.018,84,52,8,5
0.100,0.099,0.022,-0.42,0.180,0,0.5321,0.3555,0.445,0.318,0.465,0.146,0.656,0.404,0.216,0.057,107,99,26,19,0.372,0.157,0.406,0.211,0.069,0.018,84,52,8,5
0.123,0.094,0.012,-0.79,0.151,-1,0.5380,0.3620,0.268,0.736,0.465,0.146,0.656,0.404,0.216,0.057,107,99,26,19,0.372,0.157,0.406,0.211,0.069,0.018,84,52,8,5
0.127,0.127,0.176,-1.19,0.219,1,0.5438,0.3682,0.369,0.586,0.465,0.146,0.656,0.404,0.216,0.057,107,99,26,19,0.372,0.157,0.406,0.211,0.069,0.018,84,52,8,5
0.132,0.148,0.042,-0.42,0.180,0,0.5464,0.3708,0.314,0.318,0.465,0.146,0.656,0.404,0.216,0.057,107,99,26,19,0.372,0.157,0.406,0.211,0.069,0.018,84,52,8,5
0.132,0.111,0.017,0.85,0.046,0,0.5498,0.3758,0.172,0.06,0.465,0.146,0.656,0.404,0.216,0.057,107,99,26,19,0.372,0.157,0.406,0.211,0.069,0.018,84,52,8,5
0.136,0.170,0.032,-0.42,0.180,0,0.5459,0.3728,0.263,0.318,0.465,0.146,0.656,0.404,0.216,0.057,107,99,26,19,0.372,0.157,0.406,0.211,0.069,0.018,84,52,8,5
0.110,0.146,0.002,0.85,0.046,0,0.5493,0.3748,0.130,0.06,0.465,0.146,0.656,0.404,0.216,0.057,107,99,26,19,0.372,0.157,0.406,0.211,0.069,0.018,84,52,8,5
0.136,0.212,0.006,-0.42,0.180,0,0.5541,0.3772,0.245,0.318,0.465,0.146,0.656,0.404,0.216,0.057,107,99,26,19,0.372,0.157,0.406,0.211,0.069,0.018,84,52,8,5
0.137,0.682,0.230,-1.19,0.219,1,0.5460,0.3722,0.315,0.586,0.465,0.146,0.656,0.404,0.216,0.057,107,99,26,19,0.372,0.157,0.406,0.211,0.069,0.018,84,52,8,5
0.161,0.192,0.050,0.85,0.046,0,0.5296,0.3600,0.112,0.06,0.465,0.146,0.656,0.404,0.216,0.057,107,99,26,19,0.372,0.157,0.406,0.211,0.069,0.018,84,52,8,5
0.189,0.189,0.008,0.85,0.046,0,0.5096,0.3456,0.103,0.06,0.465,0.146,0.656,0.404,0.216,0.057,107,99,26,19,0.372,0.157,0.406,0.211,0.069,0.018,84,52,8,5
0.199,0.193,0.036,0.85,0.046,0,0.4963,0.3381,0.131,0.06,0.465,0.146,0.656,0.404,0.216,0.057,107,99,26,19,0.372,0.157,0.406,0.211,0.069,0.018,84,52,8,5
0.242,0.188,0.070,0.85,0.046,0,0.4780,0.3307,0.139,0.06,0.465,0.146,0.656,0.404,0.216,0.057,107,99,26,19,0.372,0.157,0.406,0.211,0.069,0.018,84,52,8,5
0.214,0.183,0.061,0.85,0.046,0,0.4646,0.3315,0.123,0.06,0.465,0.146,0.656,0.404,0.216,0.057,107,99,26,19,0.372,0.157,0.406,0.211,0.069,0.018,84,52,8,5
0.219,0.185,0.017,0.85,0.046,0,0.4567,0.3435,0.090,0.06,0.465,0.146,0.656,0.404,0.216,0.057,107,99,26,19,0.372,0.157,0.406,0.211,0.069,0.018,84,52,8,5
0.210,0.197,0.016,0.85,0.046,0,0.4441,0.3599,0.149,0.06,0.465,0.146,0.656,0.404,0.216,0.057,107,99,26,19,0.372,0.157,0.406,0.211,0.069,0.018,84,52,8,5
0.210,0.206,0.005,0.85,0.046,0,0.4331,0.3862,0.151,0.06,0.465,0.146,0.656,0.404,0.216,0.057,107,99,26,19,0.372,0.157,0.406,0.211,0.069,0.018,84,52,8,5
0.211,0.209,0.006,0.85,0.046,0,0.4287,0.4251,0.163,0.06,0.465,0.146,0.656,0.404,0.216,0.057,107,99,26,19,0.372,0.157,0.406,0.211,0.069,0.018,84,52,8,5
0.221,0.698,0.000,0.85,0.046,0,0.4180,0.4673,0.253,0.06,0.465,0.146,0.656,0.404,0.216,0.057,107,99,26,19,0.372,0.157,0.406,0.211,0.069,0.018,84,52,8,5
0.179,0.193,0.003,2.53,0.140,0,0.4097,0.5170,0.239,-0.121,0.465,0.146,0.656,0.404,0.216,0.057,107,99,26,19,0.372,0.157,0.406,0.211,0.069,0.018,84,52,8,5
0.178,0.722,0.049,-0.42,0.180,0,0.4053,0.5734,0.452,0.318,0.465,0.146,0.656,0.404,0.216,0.057,107,99,26,19,0.372,0.157,0.406,0.211,0.069,0.018,84,52,8,5
0.177,0.162,0.012,0,0.000,0,0.4059,0.6353,0.370,0.166,0.465,0.146,0.656,0.404,0.216,0.057,107,99,26,19,0.372,0.157,0.406,0.211,0.069,0.018,84,52,8,5
0.177,0.174,0.061,0,0.000,0,0.4117,0.7006,0.278,0.166,0.465,0.146,0.656,0.404,0.216,0.057,107,99,26,19,0.372,0.157,0.406,0.211,0.069,0.018,84,52,8,5
0.176,0.187,0.123,0.22,0.230,0,0.4220,0.7662,0.400,0.303,0.465,0.146,0.656,0.404,0.216,0.057,107,99,26,19,0.372,0.157,0.406,0.211,0.069,0.018,84,52,8,5
0.175,0.141,0.085,1.99,0.186,0,0.4344,0.8280,0.272,-0.326,0.465,0.146,0.656,0.404,0.216,0.057,107,99,26,19,0.372,0.157,0.406,0.211,0.069,0.018,84,52,8,5
0.174,0.099,0.225,-1.1,0.105,-1,0.4451,0.8806,0.510,0.192,0.465,0.146,0.656,0.404,0.216,0.057,107,99,26,19,0.372,0.157,0.406,0.211,0.069,0.018,84,52,8,5
0.173,0.125,0.194,-0.42,0.180,0,0.4478,0.9172,0.749,0.318,0.465,0.146,0.656,0.404,0.216,0.057,107,99,26,19,0.372,0.157,0.406,0.211,0.069,0.018,84,52,8,5
