0.161,0.085,0.682,1.42,0.221,0,0.2593,0.7013,0.721,-0.397,0.241,0.145,0.124,0.027,0.000,0.000,11,6,0,0,0.244,0.189,0.177,0.080,0.044,0.031,21,8,7,5
0.150,0.098,0.554,-1.14,0.131,0,0.3510,0.7152,0.574,0.987,0.241,0.145,0.124,0.027,0.000,0.000,11,6,0,0,0.244,0.189,0.177,0.080,0.044,0.031,21,8,7,5
0.152,0.112,0.525,0,0.000,0,0.3607,0.6470,0.490,0.166,0.241,0.145,0.124,0.027,0.000,0.000,11,6,0,0,0.244,0.189,0.177,0.080,0.044,0.031,21,8,7,5
0.143,0.132,0.455,0,0.000,0,0.3221,0.5345,0.284,0.166,0.241,0.145,0.124,0.027,0.000,0.000,11,6,0,0,0.244,0.189,0.177,0.080,0.044,0.031,21,8,7,5
0.139,0.152,0.501,-1.14,0.131,0,0.2602,0.4062,0.462,0.987,0.241,0.145,0.124,0.027,0.000,0.000,11,6,0,0,0.244,0.189,0.177,0.080,0.044,0.031,21,8,7,5
0.110,0.086,0.415,0,0.000,0,0.1932,0.2823,0.264,0.166,0.241,0.145,0.124,0.027,0.000,0.000,11,6,0,0,0.244,0.189,0.177,0.080,0.044,0.031,21,8,7,5
0.112,0.123,0.208,2.53,0.140,0,0.1328,0.1756,0.220,-0.121,0.241,0.145,0.124,0.027,0.000,0.000,11,6,0,0,0.244,0.189,0.177,0.080,0.044,0.031,21,8,7,5
0.114,0.118,0.053,1.99,0.186,0,0.0855,0.0931,0.205,-0.326,0.241,0.145,0.124,0.027,0.000,0.000,11,6,0,0,0.244,0.189,0.177,0.080,0.044,0.031,21,8,7,5
0.094,0.127,0.457,-0.42,0.180,0,0.0534,0.0368,0.360,0.318,0.241,0.145,0.124,0.027,0.000,0.000,11,6,0,0,0.244,0.189,0.177,0.080,0.044,0.031,21,8,7,5
0.096,0.140,0.320,0.85,0.046,0,0.0356,0.0046,0.186,0.06,0.241,0.145,0.124,0.027,0.000,0.000,11,6,0,0,0.244,0.189,0.177,0.080,0.044,0.031,21,8,7,5
0.098,0.190,0.132,1.99,0.186,0,0.0239,-0.0131,0.145,-0.326,0.241,0.145,0.124,0.027,0.000,0.000,11,6,0,0,0.244,0.189,0.177,0.080,0.044,0.031,21,8,7,5
0.099,0.181,0.385,-1.14,0.131,0,0.0195,-0.0159,0.254,0.987,0.241,0.145,0.124,0.027,0.000,0.000,11,6,0,0,0.244,0.189,0.177,0.080,0.044,0.031,21,8,7,5
0.104,0.228,0.195,0.85,0.046,0,0.0244,-0.0057,0.175,0.06,0.241,0.145,0.124,0.027,0.000,0.000,11,6,0,0,0.244,0.189,0.177,0.080,0.044,0.031,21,8,7,5
0.102,0.250,0.192,-0.08,0.108,0,0.0212,0.0011,0.120,0.059,0.241,0.145,0.124,0.027,0.000,0.000,11,6,0,0,0.244,0.189,0.177,0.080,0.044,0.031,21,8,7,5
0.089,0.266,0.037,3.14,0.186,0,0.0166,0.0041,0.071,-0.486,0.241,0.145,0.124,0.027,0.000,0.000,11,6,0,0,0.244,0.189,0.177,0.080,0.044,0.031,21,8,7,5
0.093,0.267,0.269,1.69,0.290,0,0.0146,0.0043,0.100,-0.697,0.241,0.145,0.124,0.027,0.000,0.000,11,6,0,0,0.244,0.189,0.177,0.080,0.044,0.031,21,8,7,5
0.093,0.266,0.106,1.99,0.186,0,0.0131,0.0027,0.066,-0.326,0.241,0.145,0.124,0.027,0.000,0.000,11,6,0,0,0.244,0.189,0.177,0.080,0.044,0.031,21,8,7,5
0.089,0.268,0.123,1.99,0.186,0,0.0114,0.0014,0.058,-0.326,0.241,0.145,0.124,0.027,0.000,0.000,11,6,0,0,0.244,0.189,0.177,0.080,0.044,0.031,21,8,7,5
0.091,0.269,0.179,1.69,0.290,0,0.0108,0.0008,0.072,-0.697,0.241,0.145,0.124,0.027,0.000,0.000,11,6,0,0,0.244,0.189,0.177,0.080,0.044,0.031,21,8,7,5
0.097,0.258,0.132,1.99,0.186,0,0.0114,0.0009,0.065,-0.326,0.241,0.145,0.124,0.027,0.000,0.000,11,6,0,0,0.244,0.189,0.177,0.080,0.044,0.031,21,8,7,5
0.093,0.245,0.057,1.99,0.186,0,0.0130,0.0012,0.072,-0.326,0.241,0.145,0.124,0.027,0.000,0.000,11,6,0,0,0.244,0.189,0.177,0.080,0.044,0.031,21,8,7,5
0.094,0.240,0.112,-0.52,0.062,0,0.0128,0.0012,0.109,0.341,0.241,0.145,0.124,0.027,0.000,0.000,11,6,0,0,0.244,0.189,0.177,0.080,0.044,0.031,21,8,7,5
0.098,0.189,0.023,0.85,0.046,0,0.0101,0.0006,0.082,0.06,0.241,0.145,0.124,0.027,0.000,0.000,11,6,0,0,0.244,0.189,0.177,0.080,0.044,0.031,21,8,7,5
0.067,0.192,0.001,2.53,0.140,0,0.0066,-0.0002,0.115,-0.121,0.241,0.145,0.124,0.027,0.000,0.000,11,6,0,0,0.244,0.189,0.177,0.080,0.044,0.031,21,8,7,5
0.073,0.215,0.120,1.37,0.298,0,0.0058,-0.0003,0.247,-0.510,0.241,0.145,0.124,0.027,0.000,0.000,11,6,0,0,0.244,0.189,0.177,0.080,0.044,0.031,21,8,7,5
0.081,0.145,0.005,1.99,0.186,0,0.0105,0.0011,0.219,-0.326,0.241,0.145,0.124,0.027,0.000,0.000,11,6,0,0,0.244,0.189,0.177,0.080,0.044,0.031,21,8,7,5
0.123,0.198,0.322,0,0.000,0,0.0173,0.0027,0.108,0.166,0.241,0.145,0.124,0.027,0.000,0.000,11,6,0,0,0.244,0.189,0.177,0.080,0.044,0.031,21,8,7,5
0.123,0.136,0.204,-1.14,0.131,0,0.0272,0.0053,0.438,0.987,0.241,0.145,0.124,0.027,0.000,0.000,11,6,0,0,0.244,0.189,0.177,0.080,0.044,0.031,21,8,7,5
0.119,0.114,0.336,0,0.000,0,0.0339,0.0066,0.351,0.166,0.241,0.145,0.124,0.027,0.000,0.000,11,6,0,0,0.244,0.189,0.177,0.080,0.044,0.031,21,8,7,5
0.144,0.074,0.272,2.1,0.128,0,0.0394,0.0073,0.086,0.02,0.241,0.145,0.124,0.027,0.000,0.000,11,6,0,0,0.244,0.189,0.177,0.080,0.044,0.031,21,8,7,5
0.152,0.113,0.113,-0.42,0.180,0,0.0451,0.0089,0.275,0.318,0.241,0.145,0.124,0.027,0.000,0.000,11,6,0,0,0.244,0.189,0.177,0.080,0.044,0.031,21,8,7,5
0.152,0.100,0.173,0.85,0.046,0,0.0567,0.0131,0.148,0.06,0.241,0.145,0.124,0.027,0.000,0.000,11,6,0,0,0.244,0.189,0.177,0.080,0.044,0.031,21,8,7,5
0.151,0.221,0.019,1.99,0.186,0,0.0604,0.0156,0.180,-0.326,0.241,0.145,0.124,0.027,0.000,0.000,11,6,0,0,0.244,0.189,0.177,0.080,0.044,0.031,21,8,7,5
0.150,0.340,0.381,1.76,0.409,0,0.0716,0.0209,0.179,-0.884,0.241,0.145,0.124,0.027,0.000,0.000,11,6,0,0,0.244,0.189,0.177,0.080,0.044,0.031,21,8,7,5
0.157,0.205,0.191,1.42,0.221,0,0.0837,0.0259,0.183,-0.397,0.241,0.145,0.124,0.027,0.000,0.000,11,6,0,0,0.244,0.189,0.177,0.080,0.044,0.031,21,8,7,5
0.175,0.284,0.440,0.22,0.230,0,0.1020,0.0326,0.263,0.303,0.241,0.145,0.124,0.027,0.000,0.000,11,6,0,0,0.244,0.189,0.177,0.080,0.044,0.031,21,8,7,5
0.179,0.292,0.597,-1.19,0.219,1,0.1135,0.0360,0.440,0.586,0.241,0.145,0.124,0.027,0.000,0.000,11,6,0,0,0.244,0.189,0.177,0.080,0.044,0.031,21,8,7,5
0.144,0.202,0.318,2.53,0.140,0,0.1203,0.0373,0.156,-0.121,0.241,0.145,0.124,0.027,0.000,0.000,11,6,0,0,0.244,0.189,0.177,0.080,0.044,0.031,21,8,7,5
0.145,0.204,0.480,-1.14,0.131,0,0.1247,0.0375,0.325,0.987,0.241,0.145,0.124,0.027,0.000,0.000,11,6,0,0,0.244,0.189,0.177,0.080,0.044,0.031,21,8,7,5
0.143,0.216,0.551,0.85,0.046,0,0.1338,0.0417,0.283,0.06,0.241,0.145,0.124,0.027,0.000,0.000,11,6,0,0,0.244,0.189,0.177,0.080,0.044,0.031,21,8,7,5
0.149,0.200,0.572,-0.52,0.062,0,0.1377,0.0422,0.269,0.341,0.241,0.145,0.124,0.027,0.000,0.000,11,6,0,0,0.244,0.189,0.177,0.080,0.044,0.031,21,8,7,5
0.127,0.162,0.280,1.99,0.186,0,0.1450,0.0468,0.123,-0.326,0.241,0.145,0.124,0.027,0.000,0.000,11,6,0,0,0.244,0.189,0.177,0.080,0.044,0.031,21,8,7,5
0.122,0.157,0.450,1.42,0.221,0,0.1534,0.0523,0.179,-0.397,0.241,0.145,0.124,0.027,0.000,0.000,11,6,0,0,0.244,0.189,0.177,0.080,0.044,0.031,21,8,7,5
0.127,0.187,0.450,2.53,0.140,0,0.1754,0.0674,0.162,-0.121,0.241,0.145,0.124,0.027,0.000,0.000,11,6,0,0,0.244,0.189,0.177,0.080,0.044,0.031,21,8,7,5
0.173,0.235,0.473,-0.52,0.062,0,0.1965,0.0801,0.216,0.341,0.241,0.145,0.124,0.027,0.000,0.000,11,6,0,0,0.244,0.189,0.177,0.080,0.044,0.031,21,8,7,5
0.177,0.210,0.209,1.99,0.186,0,0.2287,0.0984,0.157,-0.326,0.241,0.145,0.124,0.027,0.000,0.000,11,6,0,0,0.244,0.189,0.177,0.080,0.044,0.031,21,8,7,5
0.142,0.204,0.333,0,0.000,0,0.2514,0.1093,0.277,0.166,0.241,0.145,0.124,0.027,0.000,0.000,11,6,0,0,0.244,0.189,0.177,0.080,0.044,0.031,21,8,7,5
0.121,0.173,0.132,-0.79,0.151,-1,0.2788,0.1270,0.438,0.736,0.241,0.145,0.124,0.027,0.000,0.000,11,6,0,0,0.244,0.189,0.177,0.080,0.044,0.031,21,8,7,5
0.127,0.120,0.289,-1.1,0.105,-1,0.3093,0.1488,0.360,0.192,0.241,0.145,0.124,0.027,0.000,0.000,11,6,0,0,0.244,0.189,0.177,0.080,0.044,0.031,21,8,7,5
0.112,0.097,0.191,0.85,0.046,0,0.3366,0.1713,0.170,0.06,0.241,0.145,0.124,0.027,0.000,0.000,11,6,0,0,0.244,0.189,0.177,0.080,0.044,0.031,21,8,7,5
0.094,0.116,0.399,0.22,0.230,0,0.3494,0.1924,0.295,0.303,0.241,0.145,0.124,0.027,0.000,0.000,11,6,0,0,0.244,0.189,0.177,0.080,0.044,0.031,21,8,7,5
0.090,0.102,0.079,1.69,0.290,0,0.3701,0.2199,0.170,-0.697,0.241,0.145,0.124,0.027,0.000,0.000,11,6,0,0,0.244,0.189,0.177,0.080,0.044,0.031,21,8,7,5
0.076,0.099,0.492,-0.42,0.180,0,0.3827,0.2443,0.344,0.318,0.241,0.145,0.124,0.027,0.000,0.000,11,6,0,0,0.244,0.189,0.177,0.080,0.044,0.031,21,8,7,5
0.073,0.101,0.297,2.1,0.128,0,0.3967,0.2664,0.085,0.02,0.241,0.145,0.124,0.027,0.000,0.000,11,6,0,0,0.244,0.189,0.177,0.080,0.044,0.031,21,8,7,5
0.069,0.097,0.630,-1.14,0.131,0,0.3802,0.2658,0.310,0.987,0.241,0.145,0.124,0.027,0.000,0.000,11,6,0,0,0.244,0.189,0.177,0.080,0.044,0.031,21,8,7,5
0.044,0.154,0.607,0.22,0.230,0,0.3601,0.2638,0.350,0.303,0.241,0.145,0.124,0.027,0.000,0.000,11,6,0,0,0.244,0.189,0.177,0.080,0.044,0.031,21,8,7,5
0.030,0.172,0.565,-0.48,0.134,0,0.3195,0.2454,0.341,0.007,0.241,0.145,0.124,0.027,0.000,0.000,11,6,0,0,0.244,0.189,0.177,0.080,0.044,0.031,21,8,7,5
0.030,0.223,0.659,-0.52,0.062,0,0.2876,0.2318,0.318,0.341,0.241,0.145,0.124,0.027,0.000,0.000,11,6,0,0,0.244,0.189,0.177,0.080,0.044,0.031,21,8,7,5
0.038,0.227,0.461,-0.52,0.062,0,0.2536,0.2129,0.419,0.341,0.241,0.145,0.124,0.027,0.000,0.000,11,6,0,0,0.244,0.189,0.177,0.080,0.044,0.031,21,8,7,5
0.040,0.226,0.450,-0.48,0.134,0,0.2266,0.1969,0.423,0.007,0.241,0.145,0.124,0.027,0.000,0.000,11,6,0,0,0.244,0.189,0.177,0.080,0.044,0.031,21,8,7,5
0.042,0.287,0.418,-0.48,0.134,0,0.1988,0.1803,0.386,0.007,0.241,0.145,0.124,0.027,0.000,0.000,11,6,0,0,0.244,0.189,0.177,0.080,0.044,0.031,21,8,7,5
0.040,0.227,0.192,0.85,0.046,0,0.1913,0.1799,0.243,0.06,0.241,0.145,0.124,0.027,0.000,0.000,11,6,0,0,0.244,0.189,0.177,0.080,0.044,0.031,21,8,7,5
0.041,0.348,0.680,-0.48,0.134,0,0.1943,0.1886,0.318,0.007,0.241,0.145,0.124,0.027,0.000,0.000,11,6,0,0,0.244,0.189,0.177,0.080,0.044,0.031,21,8,7,5
0.038,0.284,0.389,2.53,0.140,0,0.2103,0.2071,0.096,-0.121,0.241,0.145,0.124,0.027,0.000,0.000,11,6,0,0,0.244,0.189,0.177,0.080,0.044,0.031,21,8,7,5
0.035,0.321,0.630,-0.08,0.108,0,0.2129,0.2145,0.194,0.059,0.241,0.145,0.124,0.027,0.000,0.000,11,6,0,0,0.244,0.189,0.177,0.080,0.044,0.031,21,8,7,5
0.024,0.370,0.402,1.76,0.409,0,0.2169,0.2236,0.110,-0.884,0.241,0.145,0.124,0.027,0.000,0.000,11,6,0,0,0.244,0.189,0.177,0.080,0.044,0.031,21,8,7,5
0.021,0.342,0.484,1.76,0.409,0,0.2084,0.2212,0.091,-0.884,0.241,0.145,0.124,0.027,0.000,0.000,11,6,0,0,0.244,0.189,0.177,0.080,0.044,0.031,21,8,7,5
0.025,0.372,0.533,0.2,0.291,1,0.1880,0.2107,0.206,0.180,0.241,0.145,0.124,0.027,0.000,0.000,11,6,0,0,0.244,0.189,0.177,0.080,0.044,0.031,21,8,7,5
0.018,0.272,0.359,2.53,0.140,0,0.1575,0.1911,0.111,-0.121,0.241,0.145,0.124,0.027,0.000,0.000,11,6,0,0,0.244,0.189,0.177,0.080,0.044,0.031,21,8,7,5
0.014,0.219,0.298,1.99,0.186,0,0.1241,0.1684,0.139,-0.326,0.241,0.145,0.124,0.027,0.000,0.000,11,6,0,0,0.244,0.189,0.177,0.080,0.044,0.031,21,8,7,5
0.017,0.335,0.317,0.22,0.230,0,0.1014,0.1526,0.269,0.303,0.241,0.145,0.124,0.027,0.000,0.000,11,6,0,0,0.244,0.189,0.177,0.080,0.044,0.031,21,8,7,5
0.021,0.274,0.429,0,0.000,0,0.0935,0.1457,0.299,0.166,0.241,0.145,0.124,0.027,0.000,0.000,11,6,0,0,0.244,0.189,0.177,0.080,0.044,0.031,21,8,7,5
0.020,0.315,0.354,-0.48,0.134,0,0.0865,0.1406,0.499,0.007,0.241,0.145,0.124,0.027,0.000,0.000,11,6,0,0,0.244,0.189,0.177,0.080,0.044,0.031,21,8,7,5
0.024,0.320,0.301,1.37,0.298,0,0.1117,0.1600,0.276,-0.510,0.241,0.145,0.124,0.027,0.000,0.000,11,6,0,0,0.244,0.189,0.177,0.080,0.044,0.031,21,8,7,5
0.019,0.254,0.220,-0.08,0.108,0,0.1527,0.1912,0.376,0.059,0.241,0.145,0.124,0.027,0.000,0.000,11,6,0,0,0.244,0.189,0.177,0.080,0.044,0.031,21,8,7,5
0.019,0.330,0.244,1.76,0.409,0,0.2241,0.2454,0.197,-0.884,0.241,0.145,0.124,0.027,0.000,0.000,11,6,0,0,0.244,0.189,0.177,0.080,0.044,0.031,21,8,7,5
0.028,0.168,0.005,-1.14,0.131,0,0.2877,0.2947,0.308,0.987,0.241,0.145,0.124,0.027,0.000,0.000,11,6,0,0,0.244,0.189,0.177,0.080,0.044,0.031,21,8,7,5
0.035,0.164,0.006,-1.14,0.131,0,0.3514,0.3430,0.321,0.987,0.241,0.145,0.124,0.027,0.000,0.000,11,6,0,0,0.244,0.189,0.177,0.080,0.044,0.031,21,8,7,5
0.034,0.194,0.155,-0.79,0.151,-1,0.3837,0.3693,0.439,0.736,0.241,0.145,0.124,0.027,0.000,0.000,11,6,0,0,0.244,0.189,0.177,0.080,0.044,0.031,21,8,7,5
0.032,0.185,0.299,1.69,0.290,0,0.3985,0.3829,0.220,-0.697,0.241,0.145,0.124,0.027,0.000,0.000,11,6,0,0,0.244,0.189,0.177,0.080,0.044,0.031,21,8,7,5
0.032,0.144,0.406,1.99,0.186,0,0.4023,0.3895,0.254,-0.326,0.241,0.145,0.124,0.027,0.000,0.000,11,6,0,0,0.244,0.189,0.177,0.080,0.044,0.031,21,8,7,5
0.029,0.158,0.438,0,0.000,0,0.4033,0.3937,0.231,0.166,0.241,0.145,0.124,0.027,0.000,0.000,11,6,0,0,0.244,0.189,0.177,0.080,0.044,0.031,21,8,7,5
0.028,0.119,0.527,-1.14,0.131,0,0.3905,0.3876,0.475,0.987,0.241,0.145,0.124,0.027,0.000,0.000,11,6,0,0,0.244,0.189,0.177,0.080,0.044,0.031,21,8,7,5
0.032,0.110,0.639,0,0.000,0,0.3640,0.3715,0.523,0.166,0.241,0.145,0.124,0.027,0.000,0.000,11,6,0,0,0.244,0.189,0.177,0.080,0.044,0.031,21,8,7,5
0.030,0.129,0.537,-0.79,0.151,-1,0.3400,0.3562,0.538,0.736,0.241,0.145,0.124,0.027,0.000,0.000,11,6,0,0,0.244,0.189,0.177,0.080,0.044,0.031,21,8,7,5
0.032,0.127,0.394,-1.1,0.105,-1,0.3446,0.3598,0.257,0.192,0.241,0.145,0.124,0.027,0.000,0.000,11,6,0,0,0.244,0.189,0.177,0.080,0.044,0.031,21,8,7,5
0.040,0.166,0.315,-1.14,0.131,0,0.3654,0.3723,0.439,0.987,0.241,0.145,0.124,0.027,0.000,0.000,11,6,0,0,0.244,0.189,0.177,0.080,0.044,0.031,21,8,7,5
0.053,0.270,0.454,-0.48,0.134,0,0.3986,0.3956,0.543,0.007,0.241,0.145,0.124,0.027,0.000,0.000,11,6,0,0,0.244,0.189,0.177,0.080,0.044,0.031,21,8,7,5
0.058,0.258,0.169,0,0.000,0,0.4360,0.4197,0.098,0.166,0.241,0.145,0.124,0.027,0.000,0.000,11,6,0,0,0.244,0.189,0.177,0.080,0.044,0.031,21,8,7,5
0.078,0.257,0.491,-0.08,0.108,0,0.4606,0.4363,0.225,0.059,0.241,0.145,0.124,0.027,0.000,0.000,11,6,0,0,0.244,0.189,0.177,0.080,0.044,0.031,21,8,7,5
0.097,0.191,0.014,1.99,0.186,0,0.4595,0.4364,0.106,-0.326,0.241,0.145,0.124,0.027,0.000,0.000,11,6,0,0,0.244,0.189,0.177,0.080,0.044,0.031,21,8,7,5
0.099,0.189,0.424,3.14,0.186,0,0.4343,0.4193,0.084,-0.486,0.241,0.145,0.124,0.027,0.000,0.000,11,6,0,0,0.244,0.189,0.177,0.080,0.044,0.031,21,8,7,5
0.095,0.209,0.065,3.14,0.186,0,0.3993,0.3966,0.049,-0.486,0.241,0.145,0.124,0.027,0.000,0.000,11,6,0,0,0.244,0.189,0.177,0.080,0.044,0.031,21,8,7,5
0.088,0.270,0.380,-0.42,0.180,0,0.3553,0.3652,0.209,0.318,0.241,0.145,0.124,0.027,0.000,0.000,11,6,0,0,0.244,0.189,0.177,0.080,0.044,0.031,21,8,7,5
0.087,0.364,0.415,-0.48,0.134,0,0.2878,0.3173,0.152,0.007,0.241,0.145,0.124,0.027,0.000,0.000,11,6,0,0,0.244,0.189,0.177,0.080,0.044,0.031,21,8,7,5
0.110,0.295,0.083,2.53,0.140,0,0.2152,0.2643,0.130,-0.121,0.241,0.145,0.124,0.027,0.000,0.000,11,6,0,0,0.244,0.189,0.177,0.080,0.044,0.031,21,8,7,5
0.119,0.433,0.413,-0.48,0.134,0,0.1472,0.2155,0.296,0.007,0.241,0.145,0.124,0.027,0.000,0.000,11,6,0,0,0.244,0.189,0.177,0.080,0.044,0.031,21,8,7,5
0.124,0.476,0.410,-1.19,0.219,1,0.1032,0.1839,0.458,0.586,0.241,0.145,0.124,0.027,0.000,0.000,11,6,0,0,0.244,0.189,0.177,0.080,0.044,0.031,21,8,7,5
0.142,0.428,0.544,-0.52,0.062,0,0.0823,0.1692,0.484,0.341,0.241,0.145,0.124,0.027,0.000,0.000,11,6,0,0,0.244,0.189,0.177,0.080,0.044,0.031,21,8,7,5
0.114,0.523,0.421,0.22,0.230,0,0.0943,0.1761,0.440,0.303,0.241,0.145,0.124,0.027,0.000,0.000,11,6,0,0,0.244,0.189,0.177,0.080,0.044,0.031,21,8,7,5
0.122,0.395,0.405,0,0.000,0,0.1342,0.2057,0.255,0.166,0.241,0.145,0.124,0.027,0.000,0.000,11,6,0,0,0.244,0.189,0.177,0.080,0.044,0.031,21,8,7,5
0.104,0.510,0.414,0,0.000,0,0.1759,0.2406,0.125,0.166,0.241,0.145,0.124,0.027,0.000,0.000,11,6,0,0,0.244,0.189,0.177,0.080,0.044,0.031,21,8,7,5
0.086,0.373,0.490,3.14,0.186,0,0.2124,0.2735,0.132,-0.486,0.241,0.145,0.124,0.027,0.000,0.000,11,6,0,0,0.244,0.189,0.177,0.080,0.044,0.031,21,8,7,5
0.093,0.516,0.378,1.37,0.298,0,0.2471,0.3042,0.135,-0.510,0.241,0.145,0.124,0.027,0.000,0.000,11,6,0,0,0.244,0.189,0.177,0.080,0.044,0.031,21,8,7,5
0.086,0.305,0.384,2.53,0.140,0,0.2753,0.3311,0.081,-0.121,0.241,0.145,0.124,0.027,0.000,0.000,11,6,0,0,0.244,0.189,0.177,0.080,0.044,0.031,21,8,7,5
0.098,0.381,0.168,2.1,0.128,0,0.2910,0.3475,0.038,0.02,0.241,0.145,0.124,0.027,0.000,0.000,11,6,0,0,0.244,0.189,0.177,0.080,0.044,0.031,21,8,7,5
0.095,0.507,0.563,0.2,0.291,1,0.2859,0.3469,0.209,0.180,0.241,0.145,0.124,0.027,0.000,0.000,11,6,0,0,0.244,0.189,0.177,0.080,0.044,0.031,21,8,7,5
0.118,0.306,0.341,2.53,0.140,0,0.2688,0.3373,0.080,-0.121,0.241,0.145,0.124,0.027,0.000,0.000,11,6,0,0,0.244,0.189,0.177,0.080,0.044,0.031,21,8,7,5
0.098,0.387,0.441,-0.42,0.180,0,0.2337,0.3109,0.287,0.318,0.241,0.145,0.124,0.027,0.000,0.000,11,6,0,0,0.244,0.189,0.177,0.080,0.044,0.031,21,8,7,5
0.095,0.236,0.420,-0.79,0.151,-1,0.1964,0.2825,0.448,0.736,0.241,0.145,0.124,0.027,0.000,0.000,11,6,0,0,0.244,0.189,0.177,0.080,0.044,0.031,21,8,7,5
0.084,0.220,0.468,0,0.000,0,0.1648,0.2577,0.418,0.166,0.241,0.145,0.124,0.027,0.000,0.000,11,6,0,0,0.244,0.189,0.177,0.080,0.044,0.031,21,8,7,5
0.073,0.194,0.419,-0.48,0.134,0,0.1471,0.2410,0.440,0.007,0.241,0.145,0.124,0.027,0.000,0.000,11,6,0,0,0.244,0.189,0.177,0.080,0.044,0.031,21,8,7,5
0.071,0.172,0.207,-0.79,0.151,-1,0.1491,0.2392,0.461,0.736,0.241,0.145,0.124,0.027,0.000,0.000,11,6,0,0,0.244,0.189,0.177,0.080,0.044,0.031,21,8,7,5
0.076,0.183,0.288,-0.52,0.062,0,0.1536,0.2404,0.367,0.341,0.241,0.145,0.124,0.027,0.000,0.000,11,6,0,0,0.244,0.189,0.177,0.080,0.044,0.031,21,8,7,5
0.085,0.215,0.468,1.37,0.298,0,0.1890,0.2677,0.190,-0.510,0.241,0.145,0.124,0.027,0.000,0.000,11,6,0,0,0.244,0.189,0.177,0.080,0.044,0.031,21,8,7,5
0.089,0.228,0.580,-0.42,0.180,0,0.2558,0.3208,0.335,0.318,0.241,0.145,0.124,0.027,0.000,0.000,11,6,0,0,0.244,0.189,0.177,0.080,0.044,0.031,21,8,7,5
0.083,0.260,0.596,-0.42,0.180,0,0.3268,0.3800,0.418,0.318,0.241,0.145,0.124,0.027,0.000,0.000,11,6,0,0,0.244,0.189,0.177,0.080,0.044,0.031,21,8,7,5
0.076,0.284,0.774,-0.52,0.062,0,0.3831,0.4281,0.266,0.341,0.241,0.145,0.124,0.027,0.000,0.000,11,6,0,0,0.244,0.189,0.177,0.080,0.044,0.031,21,8,7,5
0.073,0.294,0.607,2.1,0.128,0,0.4300,0.4698,0.180,0.02,0.241,0.145,0.124,0.027,0.000,0.000,11,6,0,0,0.244,0.189,0.177,0.080,0.044,0.031,21,8,7,5
0.072,0.308,0.528,0,0.000,0,0.4558,0.4955,0.211,0.166,0.241,0.145,0.124,0.027,0.000,0.000,11,6,0,0,0.244,0.189,0.177,0.080,0.044,0.031,21,8,7,5
0.093,0.408,0.248,-0.08,0.108,0,0.4584,0.5032,0.249,0.059,0.241,0.145,0.124,0.027,0.000,0.000,11,6,0,0,0.244,0.189,0.177,0.080,0.044,0.031,21,8,7,5
0.087,0.477,0.520,1.37,0.298,0,0.4347,0.4887,0.223,-0.510,0.241,0.145,0.124,0.027,0.000,0.000,11,6,0,0,0.244,0.189,0.177,0.080,0.044,0.031,21,8,7,5
0.084,0.378,0.016,1.99,0.186,0,0.4041,0.4674,0.133,-0.326,0.241,0.145,0.124,0.027,0.000,0.000,11,6,0,0,0.244,0.189,0.177,0.080,0.044,0.031,21,8,7,5
0.103,0.495,0.472,0.2,0.291,1,0.3741,0.4421,0.342,0.180,0.241,0.145,0.124,0.027,0.000,0.000,11,6,0,0,0.244,0.189,0.177,0.080,0.044,0.031,21,8,7,5
0.094,0.360,0.127,2.53,0.140,0,0.3471,0.4178,0.174,-0.121,0.241,0.145,0.124,0.027,0.000,0.000,11,6,0,0,0.244,0.189,0.177,0.080,0.044,0.031,21,8,7,5
0.110,0.550,0.425,0.2,0.291,1,0.3321,0.4029,0.402,0.180,0.241,0.145,0.124,0.027,0.000,0.000,11,6,0,0,0.244,0.189,0.177,0.080,0.044,0.031,21,8,7,5
0.116,0.429,0.214,-0.42,0.180,0,0.3414,0.4082,0.354,0.318,0.241,0.145,0.124,0.027,0.000,0.000,11,6,0,0,0.244,0.189,0.177,0.080,0.044,0.031,21,8,7,5
0.098,0.344,0.270,-1.14,0.131,0,0.3679,0.4256,0.375,0.987,0.241,0.145,0.124,0.027,0.000,0.000,11,6,0,0,0.244,0.189,0.177,0.080,0.044,0.031,21,8,7,5
0.095,0.293,0.218,-1.14,0.131,0,0.4032,0.4491,0.461,0.987,0.241,0.145,0.124,0.027,0.000,0.000,11,6,0,0,0.244,0.189,0.177,0.080,0.044,0.031,21,8,7,5
0.087,0.230,0.150,-1.14,0.131,0,0.4405,0.4733,0.450,0.987,0.241,0.145,0.124,0.027,0.000,0.000,11,6,0,0,0.244,0.189,0.177,0.080,0.044,0.031,21,8,7,5
0.107,0.261,0.410,0.2,0.291,1,0.4757,0.4924,0.368,0.180,0.241,0.145,0.124,0.027,0.000,0.000,11,6,0,0,0.244,0.189,0.177,0.080,0.044,0.031,21,8,7,5
0.095,0.155,0.050,-1.14,0.131,0,0.4995,0.5009,0.312,0.987,0.241,0.145,0.124,0.027,0.000,0.000,11,6,0,0,0.244,0.189,0.177,0.080,0.044,0.031,21,8,7,5
0.111,0.158,0.148,1.69,0.290,0,0.5229,0.5088,0.230,-0.697,0.241,0.145,0.124,0.027,0.000,0.000,11,6,0,0,0.244,0.189,0.177,0.080,0.044,0.031,21,8,7,5
0.109,0.121,0.024,1.99,0.186,0,0.5471,0.5160,0.226,-0.326,0.241,0.145,0.124,0.027,0.000,0.000,11,6,0,0,0.244,0.189,0.177,0.080,0.044,0.031,21,8,7,5
0.102,0.146,0.121,-1.1,0.105,-1,0.5676,0.5176,0.357,0.192,0.241,0.145,0.124,0.027,0.000,0.000,11,6,0,0,0.244,0.189,0.177,0.080,0.044,0.031,21,8,7,5
0.097,0.167,0.222,1.42,0.221,0,0.5662,0.5017,0.256,-0.397,0.241,0.145,0.124,0.027,0.000,0.000,11,6,0,0,0.244,0.189,0.177,0.080,0.044,0.031,21,8,7,5
0.094,0.224,0.293,0,0.000,0,0.5437,0.4666,0.333,0.166,0.241,0.145,0.124,0.027,0.000,0.000,11,6,0,0,0.244,0.189,0.177,0.080,0.044,0.031,21,8,7,5
0.078,0.286,0.280,-0.79,0.151,-1,0.5042,0.4179,0.507,0.736,0.241,0.145,0.124,0.027,0.000,0.000,11,6,0,0,0.244,0.189,0.177,0.080,0.044,0.031,21,8,7,5
0.084,0.389,0.391,0,0.000,0,0.4557,0.3647,0.330,0.166,0.241,0.145,0.124,0.027,0.000,0.000,11,6,0,0,0.244,0.189,0.177,0.080,0.044,0.031,21,8,7,5
0.086,0.545,0.519,-0.08,0.108,0,0.3921,0.3022,0.319,0.059,0.241,0.145,0.124,0.027,0.000,0.000,11,6,0,0,0.244,0.189,0.177,0.080,0.044,0.031,21,8,7,5
0.087,0.639,0.595,-1.19,0.219,1,0.3254,0.2386,0.452,0.586,0.241,0.145,0.124,0.027,0.000,0.000,11,6,0,0,0.244,0.189,0.177,0.080,0.044,0.031,21,8,7,5
0.084,0.678,0.548,-0.48,0.134,0,0.2643,0.1811,0.316,0.007,0.241,0.145,0.124,0.027,0.000,0.000,11,6,0,0,0.244,0.189,0.177,0.080,0.044,0.031,21,8,7,5
0.087,0.631,0.481,0.2,0.291,1,0.2008,0.1232,0.264,0.180,0.241,0.145,0.124,0.027,0.000,0.000,11,6,0,0,0.244,0.189,0.177,0.080,0.044,0.031,21,8,7,5
0.087,0.490,0.197,3.14,0.186,0,0.1450,0.0747,0.162,-0.486,0.241,0.145,0.124,0.027,0.000,0.000,11,6,0,0,0.244,0.189,0.177,0.080,0.044,0.031,21,8,7,5
0.090,0.443,0.007,3.14,0.186,0,0.1149,0.0510,0.115,-0.486,0.241,0.145,0.124,0.027,0.000,0.000,11,6,0,0,0.244,0.189,0.177,0.080,0.044,0.031,21,8,7,5
0.095,0.473,0.203,-0.08,0.108,0,0.0962,0.0375,0.174,0.059,0.241,0.145,0.124,0.027,0.000,0.000,11,6,0,0,0.244,0.189,0.177,0.080,0.044,0.031,21,8,7,5
0.091,0.327,0.019,0.85,0.046,0,0.0915,0.0372,0.162,0.06,0.241,0.145,0.124,0.027,0.000,0.000,11,6,0,0,0.244,0.189,0.177,0.080,0.044,0.031,21,8,7,5
0.089,0.299,0.173,-0.79,0.151,-1,0.0884,0.0400,0.430,0.736,0.241,0.145,0.124,0.027,0.000,0.000,11,6,0,0,0.244,0.189,0.177,0.080,0.044,0.031,21,8,7,5
0.105,0.322,0.122,0,0.000,0,0.0800,0.0367,0.137,0.166,0.241,0.145,0.124,0.027,0.000,0.000,11,6,0,0,0.244,0.189,0.177,0.080,0.044,0.031,21,8,7,5
0.105,0.226,0.023,3.14,0.186,0,0.0685,0.0302,0.052,-0.486,0.241,0.145,0.124,0.027,0.000,0.000,11,6,0,0,0.244,0.189,0.177,0.080,0.044,0.031,21,8,7,5
0.105,0.249,0.003,3.14,0.186,0,0.0570,0.0239,0.067,-0.486,0.241,0.145,0.124,0.027,0.000,0.000,11,6,0,0,0.244,0.189,0.177,0.080,0.044,0.031,21,8,7,5
0.083,0.261,0.002,1.99,0.186,0,0.0449,0.0169,0.071,-0.326,0.241,0.145,0.124,0.027,0.000,0.000,11,6,0,0,0.244,0.189,0.177,0.080,0.044,0.031,21,8,7,5
0.099,0.195,0.002,1.99,0.186,0,0.0392,0.0144,0.051,-0.326,0.241,0.145,0.124,0.027,0.000,0.000,11,6,0,0,0.244,0.189,0.177,0.080,0.044,0.031,21,8,7,5
0.094,0.217,0.044,1.69,0.290,0,0.0329,0.0128,0.056,-0.697,0.241,0.145,0.124,0.027,0.000,0.000,11,6,0,0,0.244,0.189,0.177,0.080,0.044,0.031,21,8,7,5
0.079,0.192,0.093,2.1,0.128,0,0.0246,0.0087,0.044,0.02,0.241,0.145,0.124,0.027,0.000,0.000,11,6,0,0,0.244,0.189,0.177,0.080,0.044,0.031,21,8,7,5
0.085,0.289,0.205,0.85,0.046,0,0.0200,0.0061,0.085,0.06,0.241,0.145,0.124,0.027,0.000,0.000,11,6,0,0,0.244,0.189,0.177,0.080,0.044,0.031,21,8,7,5
0.111,0.284,0.263,2.53,0.140,0,0.0145,0.0032,0.105,-0.121,0.241,0.145,0.124,0.027,0.000,0.000,11,6,0,0,0.244,0.189,0.177,0.080,0.044,0.031,21,8,7,5
0.115,0.312,0.121,2.53,0.140,0,0.0147,0.0044,0.120,-0.121,0.241,0.145,0.124,0.027,0.000,0.000,11,6,0,0,0.244,0.189,0.177,0.080,0.044,0.031,21,8,7,5
0.097,0.375,0.114,-1.14,0.131,0,0.0177,0.0071,0.329,0.987,0.241,0.145,0.124,0.027,0.000,0.000,11,6,0,0,0.244,0.189,0.177,0.080,0.044,0.031,21,8,7,5
0.092,0.411,0.177,0,0.000,0,0.0247,0.0114,0.260,0.166,0.241,0.145,0.124,0.027,0.000,0.000,11,6,0,0,0.244,0.189,0.177,0.080,0.044,0.031,21,8,7,5
0.080,0.409,0.102,-0.08,0.108,0,0.0288,0.0122,0.139,0.059,0.241,0.145,0.124,0.027,0.000,0.000,11,6,0,0,0.244,0.189,0.177,0.080,0.044,0.031,21,8,7,5
0.066,0.353,0.067,1.99,0.186,0,0.0381,0.0151,0.102,-0.326,0.241,0.145,0.124,0.027,0.000,0.000,11,6,0,0,0.244,0.189,0.177,0.080,0.044,0.031,21,8,7,5
0.083,0.350,0.033,1.99,0.186,0,0.0493,0.0182,0.177,-0.326,0.241,0.145,0.124,0.027,0.000,0.000,11,6,0,0,0.244,0.189,0.177,0.080,0.044,0.031,21,8,7,5
0.083,0.359,0.086,1.99,0.186,0,0.0758,0.0280,0.170,-0.326,0.241,0.145,0.124,0.027,0.000,0.000,11,6,0,0,0.244,0.189,0.177,0.080,0.044,0.031,21,8,7,5
0.103,0.376,0.436,1.69,0.290,0,0.1062,0.0393,0.069,-0.697,0.241,0.145,0.124,0.027,0.000,0.000,11,6,0,0,0.244,0.189,0.177,0.080,0.044,0.031,21,8,7,5
0.100,0.454,0.560,0.2,0.291,1,0.1321,0.0490,0.234,0.180,0.241,0.145,0.124,0.027,0.000,0.000,11,6,0,0,0.244,0.189,0.177,0.080,0.044,0.031,21,8,7,5
0.095,0.404,0.504,-1.19,0.219,1,0.1520,0.0537,0.391,0.586,0.241,0.145,0.124,0.027,0.000,0.000,11,6,0,0,0.244,0.189,0.177,0.080,0.044,0.031,21,8,7,5
0.096,0.438,0.609,0.2,0.291,1,0.1556,0.0480,0.335,0.180,0.241,0.145,0.124,0.027,0.000,0.000,11,6,0,0,0.244,0.189,0.177,0.080,0.044,0.031,21,8,7,5
0.098,0.407,0.630,1.76,0.409,0,0.1618,0.0462,0.167,-0.884,0.241,0.145,0.124,0.027,0.000,0.000,11,6,0,0,0.244,0.189,0.177,0.080,0.044,0.031,21,8,7,5
0.098,0.364,0.470,-0.42,0.180,0,0.1832,0.0590,0.430,0.318,0.241,0.145,0.124,0.027,0.000,0.000,11,6,0,0,0.244,0.189,0.177,0.080,0.044,0.031,21,8,7,5
0.078,0.344,0.269,-0.48,0.134,0,0.2184,0.0846,0.427,0.007,0.241,0.145,0.124,0.027,0.000,0.000,11,6,0,0,0.244,0.189,0.177,0.080,0.044,0.031,21,8,7,5
0.073,0.300,0.358,-0.79,0.151,-1,0.2479,0.1068,0.462,0.736,0.241,0.145,0.124,0.027,0.000,0.000,11,6,0,0,0.244,0.189,0.177,0.080,0.044,0.031,21,8,7,5
0.059,0.341,0.659,-1.19,0.219,1,0.2848,0.1367,0.476,0.586,0.241,0.145,0.124,0.027,0.000,0.000,11,6,0,0,0.244,0.189,0.177,0.080,0.044,0.031,21,8,7,5
0.057,0.241,0.326,1.99,0.186,0,0.3240,0.1674,0.240,-0.326,0.241,0.145,0.124,0.027,0.000,0.000,11,6,0,0,0.244,0.189,0.177,0.080,0.044,0.031,21,8,7,5
0.046,0.238,0.417,0,0.000,0,0.3695,0.2062,0.395,0.166,0.241,0.145,0.124,0.027,0.000,0.000,11,6,0,0,0.244,0.189,0.177,0.080,0.044,0.031,21,8,7,5
0.047,0.186,0.350,1.99,0.186,0,0.4159,0.2484,0.250,-0.326,0.241,0.145,0.124,0.027,0.000,0.000,11,6,0,0,0.244,0.189,0.177,0.080,0.044,0.031,21,8,7,5
0.045,0.149,0.041,-1.1,0.105,-1,0.4402,0.2715,0.429,0.192,0.241,0.145,0.124,0.027,0.000,0.000,11,6,0,0,0.244,0.189,0.177,0.080,0.044,0.031,21,8,7,5
0.031,0.105,0.007,0.85,0.046,0,0.4601,0.2912,0.355,0.06,0.241,0.145,0.124,0.027,0.000,0.000,11,6,0,0,0.244,0.189,0.177,0.080,0.044,0.031,21,8,7,5
0.024,0.129,0.039,0,0.000,0,0.4538,0.2883,0.392,0.166,0.241,0.145,0.124,0.027,0.000,0.000,11,6,0,0,0.244,0.189,0.177,0.080,0.044,0.031,21,8,7,5
0.037,0.131,0.001,-1.1,0.105,-1,0.4338,0.2769,0.392,0.192,0.241,0.145,0.124,0.027,0.000,0.000,11,6,0,0,0.244,0.189,0.177,0.080,0.044,0.031,21,8,7,5
0.038,0.085,0.000,-0.79,0.151,-1,0.4068,0.2647,0.427,0.736,0.241,0.145,0.124,0.027,0.000,0.000,11,6,0,0,0.244,0.189,0.177,0.080,0.044,0.031,21,8,7,5
0.038,0.122,0.099,1.37,0.298,0,0.3898,0.2598,0.262,-0.510,0.241,0.145,0.124,0.027,0.000,0.000,11,6,0,0,0.244,0.189,0.177,0.080,0.044,0.031,21,8,7,5
0.047,0.096,0.008,-0.79,0.151,-1,0.3747,0.2588,0.394,0.736,0.241,0.145,0.124,0.027,0.000,0.000,11,6,0,0,0.244,0.189,0.177,0.080,0.044,0.031,21,8,7,5
0.036,0.124,0.012,-1.1,0.105,-1,0.3777,0.2779,0.367,0.192,0.241,0.145,0.124,0.027,0.000,0.000,11,6,0,0,0.244,0.189,0.177,0.080,0.044,0.031,21,8,7,5
0.034,0.135,0.029,-0.79,0.151,-1,0.3787,0.2943,0.444,0.736,0.241,0.145,0.124,0.027,0.000,0.000,11,6,0,0,0.244,0.189,0.177,0.080,0.044,0.031,21,8,7,5
0.035,0.195,0.157,-0.48,0.134,0,0.3660,0.3027,0.332,0.007,0.241,0.145,0.124,0.027,0.000,0.000,11,6,0,0,0.244,0.189,0.177,0.080,0.044,0.031,21,8,7,5
0.037,0.158,0.004,1.99,0.186,0,0.3495,0.3076,0.217,-0.326,0.241,0.145,0.124,0.027,0.000,0.000,11,6,0,0,0.244,0.189,0.177,0.080,0.044,0.031,21,8,7,5
0.040,0.213,0.275,1.37,0.298,0,0.3468,0.3246,0.245,-0.510,0.241,0.145,0.124,0.027,0.000,0.000,11,6,0,0,0.244,0.189,0.177,0.080,0.044,0.031,21,8,7,5
0.035,0.166,0.116,-0.79,0.151,-1,0.3524,0.3455,0.477,0.736,0.241,0.145,0.124,0.027,0.000,0.000,11,6,0,0,0.244,0.189,0.177,0.080,0.044,0.031,21,8,7,5
0.028,0.206,0.167,0,0.000,0,0.3400,0.3460,0.365,0.166,0.241,0.145,0.124,0.027,0.000,0.000,11,6,0,0,0.244,0.189,0.177,0.080,0.044,0.031,21,8,7,5
0.028,0.184,0.003,1.99,0.186,0,0.3124,0.3289,0.157,-0.326,0.241,0.145,0.124,0.027,0.000,0.000,11,6,0,0,0.244,0.189,0.177,0.080,0.044,0.031,21,8,7,5
0.034,0.233,0.138,-0.48,0.134,0,0.2818,0.3055,0.407,0.007,0.241,0.145,0.124,0.027,0.000,0.000,11,6,0,0,0.244,0.189,0.177,0.080,0.044,0.031,21,8,7,5
0.040,0.170,0.077,1.99,0.186,0,0.2675,0.2960,0.213,-0.326,0.241,0.145,0.124,0.027,0.000,0.000,11,6,0,0,0.244,0.189,0.177,0.080,0.044,0.031,21,8,7,5
0.052,0.178,0.306,-1.1,0.105,-1,0.2513,0.2861,0.482,0.192,0.241,0.145,0.124,0.027,0.000,0.000,11,6,0,0,0.244,0.189,0.177,0.080,0.044,0.031,21,8,7,5
0.056,0.156,0.463,-1.1,0.105,-1,0.2378,0.2778,0.422,0.192,0.241,0.145,0.124,0.027,0.000,0.000,11,6,0,0,0.244,0.189,0.177,0.080,0.044,0.031,21,8,7,5
0.069,0.142,0.322,2.1,0.128,0,0.2353,0.2787,0.143,0.02,0.241,0.145,0.124,0.027,0.000,0.000,11,6,0,0,0.244,0.189,0.177,0.080,0.044,0.031,21,8,7,5
0.079,0.217,0.329,-0.52,0.062,0,0.2270,0.2714,0.286,0.341,0.241,0.145,0.124,0.027,0.000,0.000,11,6,0,0,0.244,0.189,0.177,0.080,0.044,0.031,21,8,7,5
0.082,0.191,0.441,1.42,0.221,0,0.2376,0.2811,0.217,-0.397,0.241,0.145,0.124,0.027,0.000,0.000,11,6,0,0,0.244,0.189,0.177,0.080,0.044,0.031,21,8,7,5
0.087,0.259,0.703,1.37,0.298,0,0.2483,0.2931,0.179,-0.510,0.241,0.145,0.124,0.027,0.000,0.000,11,6,0,0,0.244,0.189,0.177,0.080,0.044,0.031,21,8,7,5
0.096,0.243,0.419,-0.79,0.151,-1,0.2654,0.3116,0.359,0.736,0.241,0.145,0.124,0.027,0.000,0.000,11,6,0,0,0.244,0.189,0.177,0.080,0.044,0.031,21,8,7,5
0.090,0.195,0.379,-1.1,0.105,-1,0.2819,0.3281,0.294,0.192,0.241,0.145,0.124,0.027,0.000,0.000,11,6,0,0,0.244,0.189,0.177,0.080,0.044,0.031,21,8,7,5
0.087,0.224,0.031,3.14,0.186,0,0.2954,0.3409,0.157,-0.486,0.241,0.145,0.124,0.027,0.000,0.000,11,6,0,0,0.244,0.189,0.177,0.080,0.044,0.031,21,8,7,5
0.103,0.274,0.435,-0.52,0.062,0,0.3028,0.3455,0.248,0.341,0.241,0.145,0.124,0.027,0.000,0.000,11,6,0,0,0.244,0.189,0.177,0.080,0.044,0.031,21,8,7,5
0.106,0.369,0.673,0.2,0.291,1,0.3057,0.3457,0.485,0.180,0.241,0.145,0.124,0.027,0.000,0.000,11,6,0,0,0.244,0.189,0.177,0.080,0.044,0.031,21,8,7,5
0.116,0.360,0.640,0,0.000,0,0.3011,0.3375,0.275,0.166,0.241,0.145,0.124,0.027,0.000,0.000,11,6,0,0,0.244,0.189,0.177,0.080,0.044,0.031,21,8,7,5
0.120,0.304,0.510,1.99,0.186,0,0.2994,0.3324,0.212,-0.326,0.241,0.145,0.124,0.027,0.000,0.000,11,6,0,0,0.244,0.189,0.177,0.080,0.044,0.031,21,8,7,5
0.099,0.418,0.574,-0.42,0.180,0,0.3048,0.3331,0.463,0.318,0.241,0.145,0.124,0.027,0.000,0.000,11,6,0,0,0.244,0.189,0.177,0.080,0.044,0.031,21,8,7,5
0.092,0.375,0.383,0,0.000,0,0.3086,0.3324,0.299,0.166,0.241,0.145,0.124,0.027,0.000,0.000,11,6,0,0,0.244,0.189,0.177,0.080,0.044,0.031,21,8,7,5
0.090,0.343,0.527,-0.08,0.108,0,0.2957,0.3145,0.302,0.059,0.241,0.145,0.124,0.027,0.000,0.000,11,6,0,0,0.244,0.189,0.177,0.080,0.044,0.031,21,8,7,5
0.097,0.361,0.585,1.37,0.298,0,0.2908,0.3026,0.232,-0.510,0.241,0.145,0.124,0.027,0.000,0.000,11,6,0,0,0.244,0.189,0.177,0.080,0.044,0.031,21,8,7,5
0.119,0.275,0.539,-0.42,0.180,0,0.2953,0.2995,0.385,0.318,0.241,0.145,0.124,0.027,0.000,0.000,11,6,0,0,0.244,0.189,0.177,0.080,0.044,0.031,21,8,7,5
0.120,0.239,0.497,-1.1,0.105,-1,0.3023,0.2998,0.349,0.192,0.241,0.145,0.124,0.027,0.000,0.000,11,6,0,0,0.244,0.189,0.177,0.080,0.044,0.031,21,8,7,5
0.122,0.194,0.351,2.53,0.140,0,0.3146,0.3115,0.241,-0.121,0.241,0.145,0.124,0.027,0.000,0.000,11,6,0,0,0.244,0.189,0.177,0.080,0.044,0.031,21,8,7,5
0.094,0.200,0.360,0,0.000,0,0.3201,0.3259,0.286,0.166,0.241,0.145,0.124,0.027,0.000,0.000,11,6,0,0,0.244,0.189,0.177,0.080,0.044,0.031,21,8,7,5
0.113,0.240,0.549,-0.52,0.062,0,0.3300,0.3496,0.324,0.341,0.241,0.145,0.124,0.027,0.000,0.000,11,6,0,0,0.244,0.189,0.177,0.080,0.044,0.031,21,8,7,5
0.106,0.182,0.072,1.99,0.186,0,0.3448,0.3890,0.204,-0.326,0.241,0.145,0.124,0.027,0.000,0.000,11,6,0,0,0.244,0.189,0.177,0.080,0.044,0.031,21,8,7,5
0.104,0.250,0.574,-0.48,0.134,0,0.3478,0.4299,0.376,0.007,0.241,0.145,0.124,0.027,0.000,0.000,11,6,0,0,0.244,0.189,0.177,0.080,0.044,0.031,21,8,7,5
0.105,0.205,0.339,3.14,0.186,0,0.3602,0.4903,0.222,-0.486,0.241,0.145,0.124,0.027,0.000,0.000,11,6,0,0,0.244,0.189,0.177,0.080,0.044,0.031,21,8,7,5
0.100,0.217,0.157,0,0.000,0,0.3696,0.5539,0.376,0.166,0.241,0.145,0.124,0.027,0.000,0.000,11,6,0,0,0.244,0.189,0.177,0.080,0.044,0.031,21,8,7,5
0.103,0.181,0.166,-1.1,0.105,-1,0.3743,0.6163,0.418,0.192,0.241,0.145,0.124,0.027,0.000,0.000,11,6,0,0,0.244,0.189,0.177,0.080,0.044,0.031,21,8,7,5
0.116,0.149,0.005,2.53,0.140,0,0.3731,0.6734,0.243,-0.121,0.241,0.145,0.124,0.027,0.000,0.000,11,6,0,0,0.244,0.189,0.177,0.080,0.044,0.031,21,8,7,5
0.118,0.246,0.070,-0.42,0.180,0,0.3658,0.7231,0.449,0.318,0.241,0.145,0.124,0.027,0.000,0.000,11,6,0,0,0.244,0.189,0.177,0.080,0.044,0.031,21,8,7,5
0.123,0.159,0.053,1.99,0.186,0,0.3537,0.7656,0.323,-0.326,0.241,0.145,0.124,0.027,0.000,0.000,11,6,0,0,0.244,0.189,0.177,0.080,0.044,0.031,21,8,7,5
0.120,0.129,0.296,-0.79,0.151,-1,0.3401,0.8040,0.565,0.736,0.241,0.145,0.124,0.027,0.000,0.000,11,6,0,0,0.244,0.189,0.177,0.080,0.044,0.031,21,8,7,5
0.112,0.097,0.365,-1.19,0.219,1,0.3306,0.8456,0.505,0.586,0.241,0.145,0.124,0.027,0.000,0.000,11,6,0,0,0.244,0.189,0.177,0.080,0.044,0.031,21,8,7,5
0.098,0.081,0.218,-1.14,0.131,0,0.3332,0.9021,0.816,0.987,0.241,0.145,0.124,0.027,0.000,0.000,11,6,0,0,0.244,0.189,0.177,0.080,0.044,0.031,21,8,7,5
