0.068,0.151,0.427,1.42,0.221,0,0.3769,0.7624,0.783,-0.397,0.377,0.217,0.354,0.308,0.246,0.154,23,20,16,10,0.375,0.302,0.431,0.354,0.277,0.185,23,19,15,11
0.078,0.132,0.295,-0.52,0.062,0,0.3318,0.6839,0.530,0.341,0.377,0.217,0.354,0.308,0.246,0.154,23,20,16,10,0.375,0.302,0.431,0.354,0.277,0.185,23,19,15,11
0.085,0.115,0.063,-0.79,0.151,-1,0.3100,0.6027,0.487,0.736,0.377,0.217,0.354,0.308,0.246,0.154,23,20,16,10,0.375,0.302,0.431,0.354,0.277,0.185,23,19,15,11
0.124,0.139,0.220,-0.08,0.108,0,0.3022,0.5206,0.415,0.059,0.377,0.217,0.354,0.308,0.246,0.154,23,20,16,10,0.375,0.302,0.431,0.354,0.277,0.185,23,19,15,11
0.118,0.171,0.315,3.14,0.186,0,0.3017,0.4397,0.193,-0.486,0.377,0.217,0.354,0.308,0.246,0.154,23,20,16,10,0.375,0.302,0.431,0.354,0.277,0.185,23,19,15,11
0.121,0.227,0.352,-0.08,0.108,0,0.3035,0.3622,0.352,0.059,0.377,0.217,0.354,0.308,0.246,0.154,23,20,16,10,0.375,0.302,0.431,0.354,0.277,0.185,23,19,15,11
0.124,0.237,0.543,2.53,0.140,0,0.3048,0.2902,0.198,-0.121,0.377,0.217,0.354,0.308,0.246,0.154,23,20,16,10,0.375,0.302,0.431,0.354,0.277,0.185,23,19,15,11
0.081,0.290,0.423,-0.48,0.134,0,0.3037,0.2259,0.468,0.007,0.377,0.217,0.354,0.308,0.246,0.154,23,20,16,10,0.375,0.302,0.431,0.354,0.277,0.185,23,19,15,11
0.087,0.334,0.298,2.1,0.128,0,0.2999,0.1710,0.118,0.02,0.377,0.217,0.354,0.308,0.246,0.154,23,20,16,10,0.375,0.302,0.431,0.354,0.277,0.185,23,19,15,11
0.072,0.377,0.448,-1.14,0.131,0,0.2934,0.1269,0.369,0.987,0.377,0.217,0.354,0.308,0.246,0.154,23,20,16,10,0.375,0.302,0.431,0.354,0.277,0.185,23,19,15,11
0.073,0.438,0.477,-0.08,0.108,0,0.2851,0.0938,0.454,0.059,0.377,0.217,0.354,0.308,0.246,0.154,23,20,16,10,0.375,0.302,0.431,0.354,0.277,0.185,23,19,15,11
0.074,0.413,0.483,2.1,0.128,0,0.2789,0.0746,0.290,0.02,0.377,0.217,0.354,0.308,0.246,0.154,23,20,16,10,0.375,0.302,0.431,0.354,0.277,0.185,23,19,15,11
0.067,0.399,0.435,0,0.000,0,0.2658,0.0640,0.395,0.166,0.377,0.217,0.354,0.308,0.246,0.154,23,20,16,10,0.375,0.302,0.431,0.354,0.277,0.185,23,19,15,11
0.067,0.490,0.605,-1.19,0.219,1,0.2621,0.0674,0.472,0.586,0.377,0.217,0.354,0.308,0.246,0.154,23,20,16,10,0.375,0.302,0.431,0.354,0.277,0.185,23,19,15,11
0.074,0.483,0.522,-0.08,0.108,0,0.2433,0.0638,0.301,0.059,0.377,0.217,0.354,0.308,0.246,0.154,23,20,16,10,0.375,0.302,0.431,0.354,0.277,0.185,23,19,15,11
0.072,0.403,0.125,2.53,0.140,0,0.2225,0.0605,0.157,-0.121,0.377,0.217,0.354,0.308,0.246,0.154,23,20,16,10,0.375,0.302,0.431,0.354,0.277,0.185,23,19,15,11
0.062,0.372,0.182,2.53,0.140,0,0.2029,0.0603,0.194,-0.121,0.377,0.217,0.354,0.308,0.246,0.154,23,20,16,10,0.375,0.302,0.431,0.354,0.277,0.185,23,19,15,11
0.064,0.911,0.491,1.76,0.409,0,0.1904,0.0638,0.268,-0.884,0.377,0.217,0.354,0.308,0.246,0.154,23,20,16,10,0.375,0.302,0.431,0.354,0.277,0.185,23,19,15,11
0.081,0.843,0.074,0,0.000,0,0.1829,0.0691,0.214,0.166,0.377,0.217,0.354,0.308,0.246,0.154,23,20,16,10,0.375,0.302,0.431,0.354,0.277,0.185,23,19,15,11
0.098,0.364,0.056,-0.79,0.151,-1,0.1742,0.0717,0.425,0.736,0.377,0.217,0.354,0.308,0.246,0.154,23,20,16,10,0.375,0.302,0.431,0.354,0.277,0.185,23,19,15,11
0.106,0.369,0.228,3.14,0.186,0,0.1606,0.0724,0.229,-0.486,0.377,0.217,0.354,0.308,0.246,0.154,23,20,16,10,0.375,0.302,0.431,0.354,0.277,0.185,23,19,15,11
0.115,0.861,0.354,-0.52,0.062,0,0.1505,0.0745,0.291,0.341,0.377,0.217,0.354,0.308,0.246,0.154,23,20,16,10,0.375,0.302,0.431,0.354,0.277,0.185,23,19,15,11
0.108,0.439,0.507,-1.14,0.131,0,0.1393,0.0770,0.410,0.987,0.377,0.217,0.354,0.308,0.246,0.154,23,20,16,10,0.375,0.302,0.431,0.354,0.277,0.185,23,19,15,11
0.106,0.853,0.587,1.69,0.290,0,0.1364,0.0820,0.277,-0.697,0.377,0.217,0.354,0.308,0.246,0.154,23,20,16,10,0.375,0.302,0.431,0.354,0.277,0.185,23,19,15,11
0.083,0.623,0.692,0.2,0.291,1,0.1388,0.0879,0.436,0.180,0.377,0.217,0.354,0.308,0.246,0.154,23,20,16,10,0.375,0.302,0.431,0.354,0.277,0.185,23,19,15,11
0.083,0.533,0.569,-1.14,0.131,0,0.1351,0.0922,0.418,0.987,0.377,0.217,0.354,0.308,0.246,0.154,23,20,16,10,0.375,0.302,0.431,0.354,0.277,0.185,23,19,15,11
0.083,0.703,0.627,1.69,0.290,0,0.1300,0.0936,0.320,-0.697,0.377,0.217,0.354,0.308,0.246,0.154,23,20,16,10,0.375,0.302,0.431,0.354,0.277,0.185,23,19,15,11
0.085,0.495,0.534,2.1,0.128,0,0.1281,0.0961,0.191,0.02,0.377,0.217,0.354,0.308,0.246,0.154,23,20,16,10,0.375,0.302,0.431,0.354,0.277,0.185,23,19,15,11
0.100,0.582,0.870,-0.52,0.062,0,0.1439,0.1105,0.368,0.341,0.377,0.217,0.354,0.308,0.246,0.154,23,20,16,10,0.375,0.302,0.431,0.354,0.277,0.185,23,19,15,11
0.067,0.713,0.602,-1.19,0.219,1,0.1531,0.1210,0.518,0.586,0.377,0.217,0.354,0.308,0.246,0.154,23,20,16,10,0.375,0.302,0.431,0.354,0.277,0.185,23,19,15,11
0.083,0.707,0.804,0.2,0.291,1,0.1519,0.1205,0.421,0.180,0.377,0.217,0.354,0.308,0.246,0.154,23,20,16,10,0.375,0.302,0.431,0.354,0.277,0.185,23,19,15,11
0.086,0.460,0.293,2.1,0.128,0,0.1597,0.1242,0.113,0.02,0.377,0.217,0.354,0.308,0.246,0.154,23,20,16,10,0.375,0.302,0.431,0.354,0.277,0.185,23,19,15,11
0.066,0.548,0.542,-0.42,0.180,0,0.1605,0.1229,0.348,0.318,0.377,0.217,0.354,0.308,0.246,0.154,23,20,16,10,0.375,0.302,0.431,0.354,0.277,0.185,23,19,15,11
0.056,0.446,0.376,1.99,0.186,0,0.1672,0.1277,0.252,-0.326,0.377,0.217,0.354,0.308,0.246,0.154,23,20,16,10,0.375,0.302,0.431,0.354,0.277,0.185,23,19,15,11
0.086,0.449,0.514,3.14,0.186,0,0.1772,0.1357,0.205,-0.486,0.377,0.217,0.354,0.308,0.246,0.154,23,20,16,10,0.375,0.302,0.431,0.354,0.277,0.185,23,19,15,11
0.086,0.404,0.532,-1.1,0.105,-1,0.1987,0.1558,0.331,0.192,0.377,0.217,0.354,0.308,0.246,0.154,23,20,16,10,0.375,0.302,0.431,0.354,0.277,0.185,23,19,15,11
0.087,0.272,0.404,1.99,0.186,0,0.2293,0.1856,0.254,-0.326,0.377,0.217,0.354,0.308,0.246,0.154,23,20,16,10,0.375,0.302,0.431,0.354,0.277,0.185,23,19,15,11
0.102,0.324,0.189,0,0.000,0,0.2620,0.2182,0.350,0.166,0.377,0.217,0.354,0.308,0.246,0.154,23,20,16,10,0.375,0.302,0.431,0.354,0.277,0.185,23,19,15,11
0.104,0.315,0.257,-0.79,0.151,-1,0.2937,0.2533,0.457,0.736,0.377,0.217,0.354,0.308,0.246,0.154,23,20,16,10,0.375,0.302,0.431,0.354,0.277,0.185,23,19,15,11
0.104,0.361,0.476,1.76,0.409,0,0.3183,0.2848,0.199,-0.884,0.377,0.217,0.354,0.308,0.246,0.154,23,20,16,10,0.375,0.302,0.431,0.354,0.277,0.185,23,19,15,11
0.085,0.261,0.344,0.85,0.046,0,0.3530,0.3257,0.242,0.06,0.377,0.217,0.354,0.308,0.246,0.154,23,20,16,10,0.375,0.302,0.431,0.354,0.277,0.185,23,19,15,11
0.078,0.237,0.351,0.85,0.046,0,0.3978,0.3733,0.355,0.06,0.377,0.217,0.354,0.308,0.246,0.154,23,20,16,10,0.375,0.302,0.431,0.354,0.277,0.185,23,19,15,11
0.076,0.222,0.203,-0.79,0.151,-1,0.4364,0.4154,0.477,0.736,0.377,0.217,0.354,0.308,0.246,0.154,23,20,16,10,0.375,0.302,0.431,0.354,0.277,0.185,23,19,15,11
0.083,0.211,0.155,-0.79,0.151,-1,0.4720,0.4536,0.420,0.736,0.377,0.217,0.354,0.308,0.246,0.154,23,20,16,10,0.375,0.302,0.431,0.354,0.277,0.185,23,19,15,11
0.067,0.250,0.560,-1.19,0.219,1,0.4911,0.4768,0.519,0.586,0.377,0.217,0.354,0.308,0.246,0.154,23,20,16,10,0.375,0.302,0.431,0.354,0.277,0.185,23,19,15,11
0.072,0.278,0.693,0.2,0.291,1,0.5053,0.4972,0.511,0.180,0.377,0.217,0.354,0.308,0.246,0.154,23,20,16,10,0.375,0.302,0.431,0.354,0.277,0.185,23,19,15,11
0.072,0.234,0.569,3.14,0.186,0,0.5330,0.5275,0.211,-0.486,0.377,0.217,0.354,0.308,0.246,0.154,23,20,16,10,0.375,0.302,0.431,0.354,0.277,0.185,23,19,15,11
0.070,0.180,0.179,-1.14,0.131,0,0.5626,0.5585,0.411,0.987,0.377,0.217,0.354,0.308,0.246,0.154,23,20,16,10,0.375,0.302,0.431,0.354,0.277,0.185,23,19,15,11
0.046,0.169,0.336,-0.52,0.062,0,0.5870,0.5791,0.560,0.341,0.377,0.217,0.354,0.308,0.246,0.154,23,20,16,10,0.375,0.302,0.431,0.354,0.277,0.185,23,19,15,11
0.061,0.169,0.078,-0.52,0.062,0,0.6027,0.5919,0.507,0.341,0.377,0.217,0.354,0.308,0.246,0.154,23,20,16,10,0.375,0.302,0.431,0.354,0.277,0.185,23,19,15,11
0.072,0.148,0.005,0,0.000,0,0.6189,0.6048,0.422,0.166,0.377,0.217,0.354,0.308,0.246,0.154,23,20,16,10,0.375,0.302,0.431,0.354,0.277,0.185,23,19,15,11
0.058,0.143,0.003,-1.1,0.105,-1,0.6354,0.6212,0.483,0.192,0.377,0.217,0.354,0.308,0.246,0.154,23,20,16,10,0.375,0.302,0.431,0.354,0.277,0.185,23,19,15,11
0.055,0.134,0.003,1.99,0.186,0,0.6480,0.6381,0.272,-0.326,0.377,0.217,0.354,0.308,0.246,0.154,23,20,16,10,0.375,0.302,0.431,0.354,0.277,0.185,23,19,15,11
0.085,0.148,0.006,-0.52,0.062,0,0.6669,0.6660,0.447,0.341,0.377,0.217,0.354,0.308,0.246,0.154,23,20,16,10,0.375,0.302,0.431,0.354,0.277,0.185,23,19,15,11
0.101,0.130,0.013,-0.79,0.151,-1,0.6935,0.7001,0.484,0.736,0.377,0.217,0.354,0.308,0.246,0.154,23,20,16,10,0.375,0.302,0.431,0.354,0.277,0.185,23,19,15,11
0.078,0.135,0.055,-0.52,0.062,0,0.7080,0.7359,0.436,0.341,0.377,0.217,0.354,0.308,0.246,0.154,23,20,16,10,0.375,0.302,0.431,0.354,0.277,0.185,23,19,15,11
0.072,0.141,0.024,-1.1,0.105,-1,0.7178,0.7739,0.527,0.192,0.377,0.217,0.354,0.308,0.246,0.154,23,20,16,10,0.375,0.302,0.431,0.354,0.277,0.185,23,19,15,11
0.070,0.131,0.068,-1.1,0.105,-1,0.7224,0.8120,0.488,0.192,0.377,0.217,0.354,0.308,0.246,0.154,23,20,16,10,0.375,0.302,0.431,0.354,0.277,0.185,23,19,15,11
0.071,0.150,0.181,1.76,0.409,0,0.7223,0.8485,0.290,-0.884,0.377,0.217,0.354,0.308,0.246,0.154,23,20,16,10,0.375,0.302,0.431,0.354,0.277,0.185,23,19,15,11
0.062,0.141,0.030,-0.52,0.062,0,0.7194,0.8819,0.456,0.341,0.377,0.217,0.354,0.308,0.246,0.154,23,20,16,10,0.375,0.302,0.431,0.354,0.277,0.185,23,19,15,11
0.054,0.135,0.032,-0.79,0.151,-1,0.7167,0.9109,0.569,0.736,0.377,0.217,0.354,0.308,0.246,0.154,23,20,16,10,0.375,0.302,0.431,0.354,0.277,0.185,23,19,15,11
0.048,0.128,0.027,-0.79,0.151,-1,0.7186,0.9351,0.490,0.736,0.377,0.217,0.354,0.308,0.246,0.154,23,20,16,10,0.375,0.302,0.431,0.354,0.277,0.185,23,19,15,11
0.046,0.120,0.041,-1.14,0.131,0,0.7313,0.9547,0.490,0.987,0.377,0.217,0.354,0.308,0.246,0.154,23,20,16,10,0.375,0.302,0.431,0.354,0.277,0.185,23,19,15,11
0.042,0.117,0.304,-1.19,0.219,1,0.7629,0.9708,0.618,0.586,0.377,0.217,0.354,0.308,0.246,0.154,23,20,16,10,0.375,0.302,0.431,0.354,0.277,0.185,23,19,15,11
0.033,0.114,0.188,-0.42,0.180,0,0.8233,0.9856,0.766,0.318,0.377,0.217,0.354,0.308,0.246,0.154,23,20,16,10,0.375,0.302,0.431,0.354,0.277,0.185,23,19,15,11
