0.086,0.095,0.495,1.42,0.221,0,0.4404,0.9552,0.657,-0.397,0.305,0.163,0.322,0.120,0.023,0.000,62,19,7,0,0.276,0.205,0.286,0.193,0.066,0.012,63,47,15,7
0.084,0.098,0.214,-0.79,0.151,-1,0.4287,0.9165,0.463,0.736,0.305,0.163,0.322,0.120,0.023,0.000,62,19,7,0,0.276,0.205,0.286,0.193,0.066,0.012,63,47,15,7
0.095,0.177,0.245,0.85,0.046,0,0.4182,0.8791,0.375,0.06,0.305,0.163,0.322,0.120,0.023,0.000,62,19,7,0,0.276,0.205,0.286,0.193,0.066,0.012,63,47,15,7
0.100,0.213,0.365,-0.52,0.062,0,0.4111,0.8411,0.275,0.341,0.305,0.163,0.322,0.120,0.023,0.000,62,19,7,0,0.276,0.205,0.286,0.193,0.066,0.012,63,47,15,7
0.079,0.141,0.290,1.99,0.186,0,0.4086,0.8020,0.184,-0.326,0.305,0.163,0.322,0.120,0.023,0.000,62,19,7,0,0.276,0.205,0.286,0.193,0.066,0.012,63,47,15,7
0.088,0.175,0.068,0,0.000,0,0.4110,0.7621,0.281,0.166,0.305,0.163,0.322,0.120,0.023,0.000,62,19,7,0,0.276,0.205,0.286,0.193,0.066,0.012,63,47,15,7
0.087,0.128,0.048,3.14,0.186,0,0.4175,0.7224,0.127,-0.486,0.305,0.163,0.322,0.120,0.023,0.000,62,19,7,0,0.276,0.205,0.286,0.193,0.066,0.012,63,47,15,7
0.087,0.187,0.013,-0.42,0.180,0,0.4274,0.6844,0.352,0.318,0.305,0.163,0.322,0.120,0.023,0.000,62,19,7,0,0.276,0.205,0.286,0.193,0.066,0.012,63,47,15,7
0.094,0.130,0.034,1.42,0.221,0,0.4391,0.6500,0.174,-0.397,0.305,0.163,0.322,0.120,0.023,0.000,62,19,7,0,0.276,0.205,0.286,0.193,0.066,0.012,63,47,15,7
0.093,0.111,0.001,-1.1,0.105,-1,0.4513,0.6208,0.393,0.192,0.305,0.163,0.322,0.120,0.023,0.000,62,19,7,0,0.276,0.205,0.286,0.193,0.066,0.012,63,47,15,7
0.099,0.108,0.008,-0.79,0.151,-1,0.4694,0.6047,0.324,0.736,0.305,0.163,0.322,0.120,0.023,0.000,62,19,7,0,0.276,0.205,0.286,0.193,0.066,0.012,63,47,15,7
0.078,0.102,0.009,-1.14,0.131,0,0.4765,0.5921,0.288,0.987,0.305,0.163,0.322,0.120,0.023,0.000,62,19,7,0,0.276,0.205,0.286,0.193,0.066,0.012,63,47,15,7
0.093,0.133,0.018,1.42,0.221,0,0.4774,0.5841,0.236,-0.397,0.305,0.163,0.322,0.120,0.023,0.000,62,19,7,0,0.276,0.205,0.286,0.193,0.066,0.012,63,47,15,7
0.093,0.133,0.005,0.85,0.046,0,0.4692,0.5763,0.305,0.06,0.305,0.163,0.322,0.120,0.023,0.000,62,19,7,0,0.276,0.205,0.286,0.193,0.066,0.012,63,47,15,7
0.071,0.148,0.144,1.69,0.290,0,0.4771,0.5803,0.170,-0.697,0.305,0.163,0.322,0.120,0.023,0.000,62,19,7,0,0.276,0.205,0.286,0.193,0.066,0.012,63,47,15,7
0.073,0.190,0.275,-0.52,0.062,0,0.4853,0.5844,0.219,0.341,0.305,0.163,0.322,0.120,0.023,0.000,62,19,7,0,0.276,0.205,0.286,0.193,0.066,0.012,63,47,15,7
0.076,0.195,0.151,-1.14,0.131,0,0.5070,0.5946,0.355,0.987,0.305,0.163,0.322,0.120,0.023,0.000,62,19,7,0,0.276,0.205,0.286,0.193,0.066,0.012,63,47,15,7
0.077,0.290,0.436,-0.42,0.180,0,0.5188,0.5957,0.343,0.318,0.305,0.163,0.322,0.120,0.023,0.000,62,19,7,0,0.276,0.205,0.286,0.193,0.066,0.012,63,47,15,7
0.100,0.308,0.532,0.2,0.291,1,0.5320,0.5948,0.296,0.180,0.305,0.163,0.322,0.120,0.023,0.000,62,19,7,0,0.276,0.205,0.286,0.193,0.066,0.012,63,47,15,7
0.119,0.173,0.306,-1.1,0.105,-1,0.5456,0.5936,0.366,0.192,0.305,0.163,0.322,0.120,0.023,0.000,62,19,7,0,0.276,0.205,0.286,0.193,0.066,0.012,63,47,15,7
0.105,0.303,0.492,0.2,0.291,1,0.5454,0.5868,0.286,0.180,0.305,0.163,0.322,0.120,0.023,0.000,62,19,7,0,0.276,0.205,0.286,0.193,0.066,0.012,63,47,15,7
0.105,0.157,0.190,1.69,0.290,0,0.5462,0.5819,0.155,-0.697,0.305,0.163,0.322,0.120,0.023,0.000,62,19,7,0,0.276,0.205,0.286,0.193,0.066,0.012,63,47,15,7
0.106,0.186,0.289,-0.42,0.180,0,0.5437,0.5768,0.354,0.318,0.305,0.163,0.322,0.120,0.023,0.000,62,19,7,0,0.276,0.205,0.286,0.193,0.066,0.012,63,47,15,7
0.086,0.129,0.049,0.85,0.046,0,0.5431,0.5728,0.366,0.06,0.305,0.163,0.322,0.120,0.023,0.000,62,19,7,0,0.276,0.205,0.286,0.193,0.066,0.012,63,47,15,7
0.070,0.161,0.046,-0.79,0.151,-1,0.5251,0.5566,0.408,0.736,0.305,0.163,0.322,0.120,0.023,0.000,62,19,7,0,0.276,0.205,0.286,0.193,0.066,0.012,63,47,15,7
0.106,0.167,0.152,0,0.000,0,0.5004,0.5360,0.347,0.166,0.305,0.163,0.322,0.120,0.023,0.000,62,19,7,0,0.276,0.205,0.286,0.193,0.066,0.012,63,47,15,7
0.101,0.214,0.425,-0.52,0.062,0,0.4676,0.5066,0.291,0.341,0.305,0.163,0.322,0.120,0.023,0.000,62,19,7,0,0.276,0.205,0.286,0.193,0.066,0.012,63,47,15,7
0.106,0.219,0.270,1.99,0.186,0,0.4289,0.4708,0.224,-0.326,0.305,0.163,0.322,0.120,0.023,0.000,62,19,7,0,0.276,0.205,0.286,0.193,0.066,0.012,63,47,15,7
0.112,0.365,0.703,-1.19,0.219,1,0.3972,0.4397,0.449,0.586,0.305,0.163,0.322,0.120,0.023,0.000,62,19,7,0,0.276,0.205,0.286,0.193,0.066,0.012,63,47,15,7
0.107,0.372,0.655,-1.19,0.219,1,0.3822,0.4193,0.459,0.586,0.305,0.163,0.322,0.120,0.023,0.000,62,19,7,0,0.276,0.205,0.286,0.193,0.066,0.012,63,47,15,7
0.138,0.364,0.677,-0.48,0.134,0,0.3655,0.3972,0.302,0.007,0.305,0.163,0.322,0.120,0.023,0.000,62,19,7,0,0.276,0.205,0.286,0.193,0.066,0.012,63,47,15,7
0.164,0.263,0.433,-0.79,0.151,-1,0.3490,0.3745,0.374,0.736,0.305,0.163,0.322,0.120,0.023,0.000,62,19,7,0,0.276,0.205,0.286,0.193,0.066,0.012,63,47,15,7
0.189,0.327,0.389,-0.42,0.180,0,0.3453,0.3632,0.421,0.318,0.305,0.163,0.322,0.120,0.023,0.000,62,19,7,0,0.276,0.205,0.286,0.193,0.066,0.012,63,47,15,7
0.191,0.297,0.376,-0.48,0.134,0,0.3376,0.3496,0.325,0.007,0.305,0.163,0.322,0.120,0.023,0.000,62,19,7,0,0.276,0.205,0.286,0.193,0.066,0.012,63,47,15,7
0.157,0.228,0.329,1.69,0.290,0,0.3365,0.3383,0.111,-0.697,0.305,0.163,0.322,0.120,0.023,0.000,62,19,7,0,0.276,0.205,0.286,0.193,0.066,0.012,63,47,15,7
0.230,0.347,0.374,-1.19,0.219,1,0.3233,0.3219,0.453,0.586,0.305,0.163,0.322,0.120,0.023,0.000,62,19,7,0,0.276,0.205,0.286,0.193,0.066,0.012,63,47,15,7
0.225,0.204,0.214,1.99,0.186,0,0.3118,0.3071,0.192,-0.326,0.305,0.163,0.322,0.120,0.023,0.000,62,19,7,0,0.276,0.205,0.286,0.193,0.066,0.012,63,47,15,7
0.194,0.289,0.261,0.85,0.046,0,0.2862,0.2828,0.325,0.06,0.305,0.163,0.322,0.120,0.023,0.000,62,19,7,0,0.276,0.205,0.286,0.193,0.066,0.012,63,47,15,7
0.161,0.318,0.350,0,0.000,0,0.2524,0.2538,0.312,0.166,0.305,0.163,0.322,0.120,0.023,0.000,62,19,7,0,0.276,0.205,0.286,0.193,0.066,0.012,63,47,15,7
0.132,0.252,0.157,2.53,0.140,0,0.2248,0.2299,0.112,-0.121,0.305,0.163,0.322,0.120,0.023,0.000,62,19,7,0,0.276,0.205,0.286,0.193,0.066,0.012,63,47,15,7
0.106,0.369,0.331,-1.19,0.219,1,0.2008,0.2085,0.389,0.586,0.305,0.163,0.322,0.120,0.023,0.000,62,19,7,0,0.276,0.205,0.286,0.193,0.066,0.012,63,47,15,7
0.120,0.332,0.400,-1.19,0.219,1,0.1958,0.2015,0.488,0.586,0.305,0.163,0.322,0.120,0.023,0.000,62,19,7,0,0.276,0.205,0.286,0.193,0.066,0.012,63,47,15,7
0.142,0.174,0.011,-1.1,0.105,-1,0.1816,0.1867,0.253,0.192,0.305,0.163,0.322,0.120,0.023,0.000,62,19,7,0,0.276,0.205,0.286,0.193,0.066,0.012,63,47,15,7
0.146,0.136,0.003,3.14,0.186,0,0.1757,0.1778,0.066,-0.486,0.305,0.163,0.322,0.120,0.023,0.000,62,19,7,0,0.276,0.205,0.286,0.193,0.066,0.012,63,47,15,7
0.179,0.178,0.058,-0.79,0.151,-1,0.1615,0.1620,0.450,0.736,0.305,0.163,0.322,0.120,0.023,0.000,62,19,7,0,0.276,0.205,0.286,0.193,0.066,0.012,63,47,15,7
0.184,0.254,0.184,-1.19,0.219,1,0.1519,0.1490,0.398,0.586,0.305,0.163,0.322,0.120,0.023,0.000,62,19,7,0,0.276,0.205,0.286,0.193,0.066,0.012,63,47,15,7
0.150,0.154,0.003,1.99,0.186,0,0.1431,0.1371,0.041,-0.326,0.305,0.163,0.322,0.120,0.023,0.000,62,19,7,0,0.276,0.205,0.286,0.193,0.066,0.012,63,47,15,7
0.125,0.221,0.076,1.37,0.298,0,0.1472,0.1354,0.153,-0.510,0.305,0.163,0.322,0.120,0.023,0.000,62,19,7,0,0.276,0.205,0.286,0.193,0.066,0.012,63,47,15,7
0.153,0.171,0.014,-0.79,0.151,-1,0.1488,0.1309,0.539,0.736,0.305,0.163,0.322,0.120,0.023,0.000,62,19,7,0,0.276,0.205,0.286,0.193,0.066,0.012,63,47,15,7
0.147,0.189,0.003,0.85,0.046,0,0.1414,0.1212,0.201,0.06,0.305,0.163,0.322,0.120,0.023,0.000,62,19,7,0,0.276,0.205,0.286,0.193,0.066,0.012,63,47,15,7
0.120,0.228,0.003,2.53,0.140,0,0.1383,0.1181,0.074,-0.121,0.305,0.163,0.322,0.120,0.023,0.000,62,19,7,0,0.276,0.205,0.286,0.193,0.066,0.012,63,47,15,7
0.093,0.285,0.002,-1.14,0.131,0,0.1371,0.1165,0.357,0.987,0.305,0.163,0.322,0.120,0.023,0.000,62,19,7,0,0.276,0.205,0.286,0.193,0.066,0.012,63,47,15,7
0.093,0.419,0.004,-0.42,0.180,0,0.1329,0.1114,0.469,0.318,0.305,0.163,0.322,0.120,0.023,0.000,62,19,7,0,0.276,0.205,0.286,0.193,0.066,0.012,63,47,15,7
0.094,0.375,0.002,1.99,0.186,0,0.1336,0.1112,0.096,-0.326,0.305,0.163,0.322,0.120,0.023,0.000,62,19,7,0,0.276,0.205,0.286,0.193,0.066,0.012,63,47,15,7
0.099,0.780,0.097,-0.52,0.062,0,0.1501,0.1228,0.254,0.341,0.305,0.163,0.322,0.120,0.023,0.000,62,19,7,0,0.276,0.205,0.286,0.193,0.066,0.012,63,47,15,7
0.099,0.733,0.219,-0.48,0.134,0,0.1666,0.1360,0.348,0.007,0.305,0.163,0.322,0.120,0.023,0.000,62,19,7,0,0.276,0.205,0.286,0.193,0.066,0.012,63,47,15,7
0.081,0.391,0.097,2.53,0.140,0,0.1836,0.1501,0.114,-0.121,0.305,0.163,0.322,0.120,0.023,0.000,62,19,7,0,0.276,0.205,0.286,0.193,0.066,0.012,63,47,15,7
0.077,0.332,0.080,1.69,0.290,0,0.1953,0.1598,0.103,-0.697,0.305,0.163,0.322,0.120,0.023,0.000,62,19,7,0,0.276,0.205,0.286,0.193,0.066,0.012,63,47,15,7
0.071,0.784,0.242,-1.19,0.219,1,0.1996,0.1646,0.391,0.586,0.305,0.163,0.322,0.120,0.023,0.000,62,19,7,0,0.276,0.205,0.286,0.193,0.066,0.012,63,47,15,7
0.092,0.342,0.137,3.14,0.186,0,0.2012,0.1667,0.091,-0.486,0.305,0.163,0.322,0.120,0.023,0.000,62,19,7,0,0.276,0.205,0.286,0.193,0.066,0.012,63,47,15,7
0.097,0.333,0.187,-0.79,0.151,-1,0.1905,0.1605,0.301,0.736,0.305,0.163,0.322,0.120,0.023,0.000,62,19,7,0,0.276,0.205,0.286,0.193,0.066,0.012,63,47,15,7
0.097,0.705,0.343,-1.1,0.105,-1,0.1690,0.1453,0.389,0.192,0.305,0.163,0.322,0.120,0.023,0.000,62,19,7,0,0.276,0.205,0.286,0.193,0.066,0.012,63,47,15,7
0.090,0.891,0.364,-1.19,0.219,1,0.1375,0.1224,0.398,0.586,0.305,0.163,0.322,0.120,0.023,0.000,62,19,7,0,0.276,0.205,0.286,0.193,0.066,0.012,63,47,15,7
0.093,0.728,0.576,3.14,0.186,0,0.1163,0.1069,0.137,-0.486,0.305,0.163,0.322,0.120,0.023,0.000,62,19,7,0,0.276,0.205,0.286,0.193,0.066,0.012,63,47,15,7
0.094,0.724,0.740,0,0.000,0,0.0978,0.0928,0.299,0.166,0.305,0.163,0.322,0.120,0.023,0.000,62,19,7,0,0.276,0.205,0.286,0.193,0.066,0.012,63,47,15,7
0.084,0.736,0.788,-0.79,0.151,-1,0.0923,0.0885,0.486,0.736,0.305,0.163,0.322,0.120,0.023,0.000,62,19,7,0,0.276,0.205,0.286,0.193,0.066,0.012,63,47,15,7
0.101,0.741,0.908,0,0.000,0,0.0926,0.0857,0.203,0.166,0.305,0.163,0.322,0.120,0.023,0.000,62,19,7,0,0.276,0.205,0.286,0.193,0.066,0.012,63,47,15,7
0.097,0.743,0.849,-0.08,0.108,0,0.0887,0.0809,0.232,0.059,0.305,0.163,0.322,0.120,0.023,0.000,62,19,7,0,0.276,0.205,0.286,0.193,0.066,0.012,63,47,15,7
0.118,0.562,0.766,1.69,0.290,0,0.1012,0.0911,0.090,-0.697,0.305,0.163,0.322,0.120,0.023,0.000,62,19,7,0,0.276,0.205,0.286,0.193,0.066,0.012,63,47,15,7
0.092,0.611,0.664,-0.52,0.062,0,0.1252,0.1125,0.140,0.341,0.305,0.163,0.322,0.120,0.023,0.000,62,19,7,0,0.276,0.205,0.286,0.193,0.066,0.012,63,47,15,7
0.094,0.449,0.606,-0.52,0.062,0,0.1568,0.1409,0.099,0.341,0.305,0.163,0.322,0.120,0.023,0.000,62,19,7,0,0.276,0.205,0.286,0.193,0.066,0.012,63,47,15,7
0.118,0.325,0.421,2.53,0.140,0,0.1741,0.1594,0.070,-0.121,0.305,0.163,0.322,0.120,0.023,0.000,62,19,7,0,0.276,0.205,0.286,0.193,0.066,0.012,63,47,15,7
0.117,0.386,0.440,1.37,0.298,0,0.1827,0.1708,0.119,-0.510,0.305,0.163,0.322,0.120,0.023,0.000,62,19,7,0,0.276,0.205,0.286,0.193,0.066,0.012,63,47,15,7
0.076,0.271,0.328,1.99,0.186,0,0.1922,0.1830,0.065,-0.326,0.305,0.163,0.322,0.120,0.023,0.000,62,19,7,0,0.276,0.205,0.286,0.193,0.066,0.012,63,47,15,7
0.063,0.285,0.085,0.85,0.046,0,0.1996,0.1916,0.068,0.06,0.305,0.163,0.322,0.120,0.023,0.000,62,19,7,0,0.276,0.205,0.286,0.193,0.066,0.012,63,47,15,7
0.078,0.390,0.409,-0.08,0.108,0,0.1965,0.1896,0.121,0.059,0.305,0.163,0.322,0.120,0.023,0.000,62,19,7,0,0.276,0.205,0.286,0.193,0.066,0.012,63,47,15,7
0.093,0.263,0.361,0.85,0.046,0,0.1841,0.1798,0.128,0.06,0.305,0.163,0.322,0.120,0.023,0.000,62,19,7,0,0.276,0.205,0.286,0.193,0.066,0.012,63,47,15,7
0.092,0.314,0.418,-0.42,0.180,0,0.1622,0.1584,0.251,0.318,0.305,0.163,0.322,0.120,0.023,0.000,62,19,7,0,0.276,0.205,0.286,0.193,0.066,0.012,63,47,15,7
0.096,0.199,0.171,1.99,0.186,0,0.1430,0.1386,0.126,-0.326,0.305,0.163,0.322,0.120,0.023,0.000,62,19,7,0,0.276,0.205,0.286,0.193,0.066,0.012,63,47,15,7
0.145,0.267,0.194,-0.42,0.180,0,0.1205,0.1127,0.382,0.318,0.305,0.163,0.322,0.120,0.023,0.000,62,19,7,0,0.276,0.205,0.286,0.193,0.066,0.012,63,47,15,7
0.148,0.179,0.059,2.53,0.140,0,0.1184,0.1058,0.262,-0.121,0.305,0.163,0.322,0.120,0.023,0.000,62,19,7,0,0.276,0.205,0.286,0.193,0.066,0.012,63,47,15,7
0.140,0.231,0.276,0,0.000,0,0.1240,0.1055,0.221,0.166,0.305,0.163,0.322,0.120,0.023,0.000,62,19,7,0,0.276,0.205,0.286,0.193,0.066,0.012,63,47,15,7
0.137,0.221,0.121,-1.14,0.131,0,0.1547,0.1288,0.405,0.987,0.305,0.163,0.322,0.120,0.023,0.000,62,19,7,0,0.276,0.205,0.286,0.193,0.066,0.012,63,47,15,7
0.146,0.242,0.099,-0.79,0.151,-1,0.1987,0.1649,0.523,0.736,0.305,0.163,0.322,0.120,0.023,0.000,62,19,7,0,0.276,0.205,0.286,0.193,0.066,0.012,63,47,15,7
0.140,0.328,0.119,-0.79,0.151,-1,0.2393,0.1990,0.264,0.736,0.305,0.163,0.322,0.120,0.023,0.000,62,19,7,0,0.276,0.205,0.286,0.193,0.066,0.012,63,47,15,7
0.146,0.411,0.424,-1.19,0.219,1,0.2655,0.2247,0.309,0.586,0.305,0.163,0.322,0.120,0.023,0.000,62,19,7,0,0.276,0.205,0.286,0.193,0.066,0.012,63,47,15,7
0.164,0.288,0.137,3.14,0.186,0,0.2939,0.2529,0.171,-0.486,0.305,0.163,0.322,0.120,0.023,0.000,62,19,7,0,0.276,0.205,0.286,0.193,0.066,0.012,63,47,15,7
0.156,0.221,0.447,0.85,0.046,0,0.3108,0.2716,0.158,0.06,0.305,0.163,0.322,0.120,0.023,0.000,62,19,7,0,0.276,0.205,0.286,0.193,0.066,0.012,63,47,15,7
0.157,0.206,0.069,1.99,0.186,0,0.3259,0.2886,0.077,-0.326,0.305,0.163,0.322,0.120,0.023,0.000,62,19,7,0,0.276,0.205,0.286,0.193,0.066,0.012,63,47,15,7
0.164,0.416,0.562,-1.19,0.219,1,0.3217,0.2892,0.339,0.586,0.305,0.163,0.322,0.120,0.023,0.000,62,19,7,0,0.276,0.205,0.286,0.193,0.066,0.012,63,47,15,7
0.165,0.496,0.408,0.22,0.230,0,0.2957,0.2701,0.237,0.303,0.305,0.163,0.322,0.120,0.023,0.000,62,19,7,0,0.276,0.205,0.286,0.193,0.066,0.012,63,47,15,7
0.166,0.349,0.162,1.99,0.186,0,0.2604,0.2406,0.096,-0.326,0.305,0.163,0.322,0.120,0.023,0.000,62,19,7,0,0.276,0.205,0.286,0.193,0.066,0.012,63,47,15,7
0.164,0.344,0.126,3.14,0.186,0,0.2293,0.2114,0.089,-0.486,0.305,0.163,0.322,0.120,0.023,0.000,62,19,7,0,0.276,0.205,0.286,0.193,0.066,0.012,63,47,15,7
0.140,0.295,0.197,-1.14,0.131,0,0.2027,0.1834,0.275,0.987,0.305,0.163,0.322,0.120,0.023,0.000,62,19,7,0,0.276,0.205,0.286,0.193,0.066,0.012,63,47,15,7
0.170,0.469,0.064,-0.08,0.108,0,0.1757,0.1557,0.269,0.059,0.305,0.163,0.322,0.120,0.023,0.000,62,19,7,0,0.276,0.205,0.286,0.193,0.066,0.012,63,47,15,7
0.199,0.407,0.179,-0.52,0.062,0,0.1428,0.1238,0.339,0.341,0.305,0.163,0.322,0.120,0.023,0.000,62,19,7,0,0.276,0.205,0.286,0.193,0.066,0.012,63,47,15,7
0.168,0.457,0.146,0.22,0.230,0,0.1190,0.1003,0.195,0.303,0.305,0.163,0.322,0.120,0.023,0.000,62,19,7,0,0.276,0.205,0.286,0.193,0.066,0.012,63,47,15,7
0.171,0.371,0.020,-1.14,0.131,0,0.0940,0.0752,0.163,0.987,0.305,0.163,0.322,0.120,0.023,0.000,62,19,7,0,0.276,0.205,0.286,0.193,0.066,0.012,63,47,15,7
0.162,0.326,0.069,3.14,0.186,0,0.0952,0.0744,0.101,-0.486,0.305,0.163,0.322,0.120,0.023,0.000,62,19,7,0,0.276,0.205,0.286,0.193,0.066,0.012,63,47,15,7
0.163,0.394,0.589,0.2,0.291,1,0.1025,0.0779,0.246,0.180,0.305,0.163,0.322,0.120,0.023,0.000,62,19,7,0,0.276,0.205,0.286,0.193,0.066,0.012,63,47,15,7
0.133,0.223,0.016,3.14,0.186,0,0.1310,0.0988,0.061,-0.486,0.305,0.163,0.322,0.120,0.023,0.000,62,19,7,0,0.276,0.205,0.286,0.193,0.066,0.012,63,47,15,7
0.127,0.206,0.203,0.85,0.046,0,0.1582,0.1175,0.096,0.06,0.305,0.163,0.322,0.120,0.023,0.000,62,19,7,0,0.276,0.205,0.286,0.193,0.066,0.012,63,47,15,7
0.130,0.199,0.373,0.85,0.046,0,0.1824,0.1329,0.133,0.06,0.305,0.163,0.322,0.120,0.023,0.000,62,19,7,0,0.276,0.205,0.286,0.193,0.066,0.012,63,47,15,7
0.129,0.163,0.291,-0.79,0.151,-1,0.1925,0.1385,0.141,0.736,0.305,0.163,0.322,0.120,0.023,0.000,62,19,7,0,0.276,0.205,0.286,0.193,0.066,0.012,63,47,15,7
0.129,0.150,0.047,1.99,0.186,0,0.1980,0.1404,0.040,-0.326,0.305,0.163,0.322,0.120,0.023,0.000,62,19,7,0,0.276,0.205,0.286,0.193,0.066,0.012,63,47,15,7
0.115,0.279,0.141,-0.42,0.180,0,0.1956,0.1338,0.176,0.318,0.305,0.163,0.322,0.120,0.023,0.000,62,19,7,0,0.276,0.205,0.286,0.193,0.066,0.012,63,47,15,7
0.110,0.159,0.002,2.1,0.128,0,0.1913,0.1253,0.110,0.02,0.305,0.163,0.322,0.120,0.023,0.000,62,19,7,0,0.276,0.205,0.286,0.193,0.066,0.012,63,47,15,7
0.107,0.157,0.051,1.99,0.186,0,0.1776,0.1116,0.059,-0.326,0.305,0.163,0.322,0.120,0.023,0.000,62,19,7,0,0.276,0.205,0.286,0.193,0.066,0.012,63,47,15,7
0.114,0.223,0.210,-0.08,0.108,0,0.1576,0.0947,0.144,0.059,0.305,0.163,0.322,0.120,0.023,0.000,62,19,7,0,0.276,0.205,0.286,0.193,0.066,0.012,63,47,15,7
0.117,0.189,0.031,2.53,0.140,0,0.1319,0.0737,0.122,-0.121,0.305,0.163,0.322,0.120,0.023,0.000,62,19,7,0,0.276,0.205,0.286,0.193,0.066,0.012,63,47,15,7
0.139,0.238,0.003,0.85,0.046,0,0.0989,0.0508,0.204,0.06,0.305,0.163,0.322,0.120,0.023,0.000,62,19,7,0,0.276,0.205,0.286,0.193,0.066,0.012,63,47,15,7
0.127,0.430,0.144,0,0.000,0,0.0829,0.0402,0.204,0.166,0.305,0.163,0.322,0.120,0.023,0.000,62,19,7,0,0.276,0.205,0.286,0.193,0.066,0.012,63,47,15,7
0.130,0.443,0.244,0,0.000,0,0.0798,0.0388,0.198,0.166,0.305,0.163,0.322,0.120,0.023,0.000,62,19,7,0,0.276,0.205,0.286,0.193,0.066,0.012,63,47,15,7
0.107,0.721,0.310,-0.42,0.180,0,0.0836,0.0400,0.337,0.318,0.305,0.163,0.322,0.120,0.023,0.000,62,19,7,0,0.276,0.205,0.286,0.193,0.066,0.012,63,47,15,7
0.136,0.719,0.182,-1.1,0.105,-1,0.0969,0.0463,0.299,0.192,0.305,0.163,0.322,0.120,0.023,0.000,62,19,7,0,0.276,0.205,0.286,0.193,0.066,0.012,63,47,15,7
0.168,0.848,0.354,-0.48,0.134,0,0.1119,0.0523,0.167,0.007,0.305,0.163,0.322,0.120,0.023,0.000,62,19,7,0,0.276,0.205,0.286,0.193,0.066,0.012,63,47,15,7
0.148,0.441,0.125,2.53,0.140,0,0.1260,0.0588,0.122,-0.121,0.305,0.163,0.322,0.120,0.023,0.000,62,19,7,0,0.276,0.205,0.286,0.193,0.066,0.012,63,47,15,7
0.138,0.559,0.091,1.42,0.221,0,0.1413,0.0666,0.181,-0.397,0.305,0.163,0.322,0.120,0.023,0.000,62,19,7,0,0.276,0.205,0.286,0.193,0.066,0.012,63,47,15,7
0.149,0.455,0.313,0,0.000,0,0.1584,0.0760,0.102,0.166,0.305,0.163,0.322,0.120,0.023,0.000,62,19,7,0,0.276,0.205,0.286,0.193,0.066,0.012,63,47,15,7
0.156,0.451,0.233,2.53,0.140,0,0.1671,0.0809,0.045,-0.121,0.305,0.163,0.322,0.120,0.023,0.000,62,19,7,0,0.276,0.205,0.286,0.193,0.066,0.012,63,47,15,7
0.156,0.842,0.337,-1.19,0.219,1,0.1641,0.0797,0.213,0.586,0.305,0.163,0.322,0.120,0.023,0.000,62,19,7,0,0.276,0.205,0.286,0.193,0.066,0.012,63,47,15,7
0.152,0.786,0.388,1.37,0.298,0,0.1480,0.0720,0.097,-0.510,0.305,0.163,0.322,0.120,0.023,0.000,62,19,7,0,0.276,0.205,0.286,0.193,0.066,0.012,63,47,15,7
0.150,0.470,0.238,2.1,0.128,0,0.1173,0.0575,0.044,0.02,0.305,0.163,0.322,0.120,0.023,0.000,62,19,7,0,0.276,0.205,0.286,0.193,0.066,0.012,63,47,15,7
0.153,0.534,0.263,1.69,0.290,0,0.0895,0.0438,0.055,-0.697,0.305,0.163,0.322,0.120,0.023,0.000,62,19,7,0,0.276,0.205,0.286,0.193,0.066,0.012,63,47,15,7
0.151,0.798,0.360,0.2,0.291,1,0.0704,0.0338,0.275,0.180,0.305,0.163,0.322,0.120,0.023,0.000,62,19,7,0,0.276,0.205,0.286,0.193,0.066,0.012,63,47,15,7
0.141,0.788,0.236,-1.19,0.219,1,0.0548,0.0256,0.402,0.586,0.305,0.163,0.322,0.120,0.023,0.000,62,19,7,0,0.276,0.205,0.286,0.193,0.066,0.012,63,47,15,7
0.164,0.829,0.213,-0.48,0.134,0,0.0482,0.0231,0.315,0.007,0.305,0.163,0.322,0.120,0.023,0.000,62,19,7,0,0.276,0.205,0.286,0.193,0.066,0.012,63,47,15,7
0.135,0.833,0.118,-1.1,0.105,-1,0.0536,0.0253,0.280,0.192,0.305,0.163,0.322,0.120,0.023,0.000,62,19,7,0,0.276,0.205,0.286,0.193,0.066,0.012,63,47,15,7
0.139,0.839,0.375,0.22,0.230,0,0.0547,0.0254,0.123,0.303,0.305,0.163,0.322,0.120,0.023,0.000,62,19,7,0,0.276,0.205,0.286,0.193,0.066,0.012,63,47,15,7
0.111,0.829,0.024,2.53,0.140,0,0.0612,0.0277,0.047,-0.121,0.305,0.163,0.322,0.120,0.023,0.000,62,19,7,0,0.276,0.205,0.286,0.193,0.066,0.012,63,47,15,7
0.117,0.352,0.325,2.53,0.140,0,0.0682,0.0300,0.081,-0.121,0.305,0.163,0.322,0.120,0.023,0.000,62,19,7,0,0.276,0.205,0.286,0.193,0.066,0.012,63,47,15,7
0.077,0.297,0.018,3.14,0.186,0,0.0761,0.0324,0.054,-0.486,0.305,0.163,0.322,0.120,0.023,0.000,62,19,7,0,0.276,0.205,0.286,0.193,0.066,0.012,63,47,15,7
0.086,0.312,0.136,0.85,0.046,0,0.0831,0.0340,0.049,0.06,0.305,0.163,0.322,0.120,0.023,0.000,62,19,7,0,0.276,0.205,0.286,0.193,0.066,0.012,63,47,15,7
0.080,0.348,0.160,1.42,0.221,0,0.0878,0.0349,0.039,-0.397,0.305,0.163,0.322,0.120,0.023,0.000,62,19,7,0,0.276,0.205,0.286,0.193,0.066,0.012,63,47,15,7
0.095,0.371,0.287,-1.14,0.131,0,0.0795,0.0302,0.146,0.987,0.305,0.163,0.322,0.120,0.023,0.000,62,19,7,0,0.276,0.205,0.286,0.193,0.066,0.012,63,47,15,7
0.091,0.497,0.464,1.37,0.298,0,0.0698,0.0253,0.156,-0.510,0.305,0.163,0.322,0.120,0.023,0.000,62,19,7,0,0.276,0.205,0.286,0.193,0.066,0.012,63,47,15,7
0.061,0.307,0.056,1.99,0.186,0,0.0605,0.0213,0.119,-0.326,0.305,0.163,0.322,0.120,0.023,0.000,62,19,7,0,0.276,0.205,0.286,0.193,0.066,0.012,63,47,15,7
0.077,0.273,0.206,-0.79,0.151,-1,0.0527,0.0178,0.329,0.736,0.305,0.163,0.322,0.120,0.023,0.000,62,19,7,0,0.276,0.205,0.286,0.193,0.066,0.012,63,47,15,7
0.080,0.195,0.399,0.22,0.230,0,0.0487,0.0160,0.230,0.303,0.305,0.163,0.322,0.120,0.023,0.000,62,19,7,0,0.276,0.205,0.286,0.193,0.066,0.012,63,47,15,7
0.078,0.205,0.164,-0.79,0.151,-1,0.0438,0.0143,0.373,0.736,0.305,0.163,0.322,0.120,0.023,0.000,62,19,7,0,0.276,0.205,0.286,0.193,0.066,0.012,63,47,15,7
0.064,0.196,0.210,-0.52,0.062,0,0.0399,0.0124,0.212,0.341,0.305,0.163,0.322,0.120,0.023,0.000,62,19,7,0,0.276,0.205,0.286,0.193,0.066,0.012,63,47,15,7
0.062,0.205,0.057,1.69,0.290,0,0.0435,0.0135,0.049,-0.697,0.305,0.163,0.322,0.120,0.023,0.000,62,19,7,0,0.276,0.205,0.286,0.193,0.066,0.012,63,47,15,7
0.051,0.166,0.315,1.99,0.186,0,0.0553,0.0177,0.113,-0.326,0.305,0.163,0.322,0.120,0.023,0.000,62,19,7,0,0.276,0.205,0.286,0.193,0.066,0.012,63,47,15,7
0.051,0.172,0.393,-1.1,0.105,-1,0.0693,0.0218,0.303,0.192,0.305,0.163,0.322,0.120,0.023,0.000,62,19,7,0,0.276,0.205,0.286,0.193,0.066,0.012,63,47,15,7
0.050,0.149,0.038,3.14,0.186,0,0.0779,0.0239,0.071,-0.486,0.305,0.163,0.322,0.120,0.023,0.000,62,19,7,0,0.276,0.205,0.286,0.193,0.066,0.012,63,47,15,7
0.042,0.161,0.002,1.99,0.186,0,0.0826,0.0250,0.075,-0.326,0.305,0.163,0.322,0.120,0.023,0.000,62,19,7,0,0.276,0.205,0.286,0.193,0.066,0.012,63,47,15,7
0.042,0.194,0.113,-0.48,0.134,0,0.0831,0.0248,0.287,0.007,0.305,0.163,0.322,0.120,0.023,0.000,62,19,7,0,0.276,0.205,0.286,0.193,0.066,0.012,63,47,15,7
0.045,0.187,0.154,-0.52,0.062,0,0.0778,0.0222,0.321,0.341,0.305,0.163,0.322,0.120,0.023,0.000,62,19,7,0,0.276,0.205,0.286,0.193,0.066,0.012,63,47,15,7
0.055,0.227,0.130,1.99,0.186,0,0.0645,0.0174,0.159,-0.326,0.305,0.163,0.322,0.120,0.023,0.000,62,19,7,0,0.276,0.205,0.286,0.193,0.066,0.012,63,47,15,7
0.043,0.259,0.271,-0.52,0.062,0,0.0526,0.0132,0.211,0.341,0.305,0.163,0.322,0.120,0.023,0.000,62,19,7,0,0.276,0.205,0.286,0.193,0.066,0.012,63,47,15,7
0.053,0.245,0.390,1.69,0.290,0,0.0468,0.0114,0.114,-0.697,0.305,0.163,0.322,0.120,0.023,0.000,62,19,7,0,0.276,0.205,0.286,0.193,0.066,0.012,63,47,15,7
0.041,0.327,0.468,-0.42,0.180,0,0.0402,0.0092,0.428,0.318,0.305,0.163,0.322,0.120,0.023,0.000,62,19,7,0,0.276,0.205,0.286,0.193,0.066,0.012,63,47,15,7
0.063,0.211,0.152,-0.79,0.151,-1,0.0386,0.0086,0.308,0.736,0.305,0.163,0.322,0.120,0.023,0.000,62,19,7,0,0.276,0.205,0.286,0.193,0.066,0.012,63,47,15,7
0.064,0.142,0.002,2.53,0.140,0,0.0379,0.0085,0.021,-0.121,0.305,0.163,0.322,0.120,0.023,0.000,62,19,7,0,0.276,0.205,0.286,0.193,0.066,0.012,63,47,15,7
0.066,0.336,0.308,0.2,0.291,1,0.0407,0.0098,0.169,0.180,0.305,0.163,0.322,0.120,0.023,0.000,62,19,7,0,0.276,0.205,0.286,0.193,0.066,0.012,63,47,15,7
0.085,0.204,0.061,-0.79,0.151,-1,0.0507,0.0132,0.408,0.736,0.305,0.163,0.322,0.120,0.023,0.000,62,19,7,0,0.276,0.205,0.286,0.193,0.066,0.012,63,47,15,7
0.089,0.282,0.044,1.37,0.298,0,0.0622,0.0170,0.081,-0.510,0.305,0.163,0.322,0.120,0.023,0.000,62,19,7,0,0.276,0.205,0.286,0.193,0.066,0.012,63,47,15,7
0.103,0.196,0.003,1.42,0.221,0,0.0666,0.0184,0.014,-0.397,0.305,0.163,0.322,0.120,0.023,0.000,62,19,7,0,0.276,0.205,0.286,0.193,0.066,0.012,63,47,15,7
0.105,0.247,0.214,1.99,0.186,0,0.0705,0.0197,0.195,-0.326,0.305,0.163,0.322,0.120,0.023,0.000,62,19,7,0,0.276,0.205,0.286,0.193,0.066,0.012,63,47,15,7
0.102,0.363,0.222,-0.48,0.134,0,0.0691,0.0195,0.365,0.007,0.305,0.163,0.322,0.120,0.023,0.000,62,19,7,0,0.276,0.205,0.286,0.193,0.066,0.012,63,47,15,7
0.080,0.257,0.029,1.99,0.186,0,0.0681,0.0192,0.024,-0.326,0.305,0.163,0.322,0.120,0.023,0.000,62,19,7,0,0.276,0.205,0.286,0.193,0.066,0.012,63,47,15,7
0.099,0.326,0.004,1.69,0.290,0,0.0617,0.0167,0.061,-0.697,0.305,0.163,0.322,0.120,0.023,0.000,62,19,7,0,0.276,0.205,0.286,0.193,0.066,0.012,63,47,15,7
0.100,0.457,0.318,-1.19,0.219,1,0.0580,0.0153,0.458,0.586,0.305,0.163,0.322,0.120,0.023,0.000,62,19,7,0,0.276,0.205,0.286,0.193,0.066,0.012,63,47,15,7
0.123,0.323,0.019,0.85,0.046,0,0.0484,0.0107,0.079,0.06,0.305,0.163,0.322,0.120,0.023,0.000,62,19,7,0,0.276,0.205,0.286,0.193,0.066,0.012,63,47,15,7
0.132,0.315,0.012,1.99,0.186,0,0.0418,0.0061,0.035,-0.326,0.305,0.163,0.322,0.120,0.023,0.000,62,19,7,0,0.276,0.205,0.286,0.193,0.066,0.012,63,47,15,7
0.132,0.683,0.341,-1.19,0.219,1,0.0453,0.0067,0.383,0.586,0.305,0.163,0.322,0.120,0.023,0.000,62,19,7,0,0.276,0.205,0.286,0.193,0.066,0.012,63,47,15,7
0.154,0.760,0.393,0.2,0.291,1,0.0594,0.0123,0.337,0.180,0.305,0.163,0.322,0.120,0.023,0.000,62,19,7,0,0.276,0.205,0.286,0.193,0.066,0.012,63,47,15,7
0.172,0.323,0.078,3.14,0.186,0,0.0787,0.0200,0.062,-0.486,0.305,0.163,0.322,0.120,0.023,0.000,62,19,7,0,0.276,0.205,0.286,0.193,0.066,0.012,63,47,15,7
0.202,0.457,0.382,0.22,0.230,0,0.1011,0.0297,0.198,0.303,0.305,0.163,0.322,0.120,0.023,0.000,62,19,7,0,0.276,0.205,0.286,0.193,0.066,0.012,63,47,15,7
0.195,0.463,0.348,-0.42,0.180,0,0.1199,0.0378,0.383,0.318,0.305,0.163,0.322,0.120,0.023,0.000,62,19,7,0,0.276,0.205,0.286,0.193,0.066,0.012,63,47,15,7
0.236,0.470,0.231,1.69,0.290,0,0.1410,0.0472,0.087,-0.697,0.305,0.163,0.322,0.120,0.023,0.000,62,19,7,0,0.276,0.205,0.286,0.193,0.066,0.012,63,47,15,7
0.205,0.459,0.201,0,0.000,0,0.1536,0.0530,0.127,0.166,0.305,0.163,0.322,0.120,0.023,0.000,62,19,7,0,0.276,0.205,0.286,0.193,0.066,0.012,63,47,15,7
0.205,0.381,0.177,3.14,0.186,0,0.1652,0.0587,0.083,-0.486,0.305,0.163,0.322,0.120,0.023,0.000,62,19,7,0,0.276,0.205,0.286,0.193,0.066,0.012,63,47,15,7
0.167,0.683,0.237,2.53,0.140,0,0.1723,0.0608,0.138,-0.121,0.305,0.163,0.322,0.120,0.023,0.000,62,19,7,0,0.276,0.205,0.286,0.193,0.066,0.012,63,47,15,7
0.149,0.804,0.495,0.22,0.230,0,0.1759,0.0625,0.118,0.303,0.305,0.163,0.322,0.120,0.023,0.000,62,19,7,0,0.276,0.205,0.286,0.193,0.066,0.012,63,47,15,7
0.127,0.829,0.592,0.2,0.291,1,0.1764,0.0631,0.288,0.180,0.305,0.163,0.322,0.120,0.023,0.000,62,19,7,0,0.276,0.205,0.286,0.193,0.066,0.012,63,47,15,7
0.107,0.392,0.524,-1.1,0.105,-1,0.1758,0.0636,0.298,0.192,0.305,0.163,0.322,0.120,0.023,0.000,62,19,7,0,0.276,0.205,0.286,0.193,0.066,0.012,63,47,15,7
0.107,0.389,0.200,2.53,0.140,0,0.1734,0.0631,0.130,-0.121,0.305,0.163,0.322,0.120,0.023,0.000,62,19,7,0,0.276,0.205,0.286,0.193,0.066,0.012,63,47,15,7
0.109,0.811,0.540,-1.19,0.219,1,0.1826,0.0691,0.388,0.586,0.305,0.163,0.322,0.120,0.023,0.000,62,19,7,0,0.276,0.205,0.286,0.193,0.066,0.012,63,47,15,7
0.126,0.740,0.130,-1.14,0.131,0,0.1920,0.0771,0.273,0.987,0.305,0.163,0.322,0.120,0.023,0.000,62,19,7,0,0.276,0.205,0.286,0.193,0.066,0.012,63,47,15,7
0.160,0.816,0.409,-0.52,0.062,0,0.2051,0.0870,0.289,0.341,0.305,0.163,0.322,0.120,0.023,0.000,62,19,7,0,0.276,0.205,0.286,0.193,0.066,0.012,63,47,15,7
0.173,0.862,0.522,-0.48,0.134,0,0.2076,0.0919,0.244,0.007,0.305,0.163,0.322,0.120,0.023,0.000,62,19,7,0,0.276,0.205,0.286,0.193,0.066,0.012,63,47,15,7
0.170,0.814,0.096,1.69,0.290,0,0.1984,0.0915,0.167,-0.697,0.305,0.163,0.322,0.120,0.023,0.000,62,19,7,0,0.276,0.205,0.286,0.193,0.066,0.012,63,47,15,7
0.173,0.758,0.482,1.99,0.186,0,0.1850,0.0893,0.175,-0.326,0.305,0.163,0.322,0.120,0.023,0.000,62,19,7,0,0.276,0.205,0.286,0.193,0.066,0.012,63,47,15,7
0.173,0.797,0.172,1.37,0.298,0,0.1770,0.0891,0.147,-0.510,0.305,0.163,0.322,0.120,0.023,0.000,62,19,7,0,0.276,0.205,0.286,0.193,0.066,0.012,63,47,15,7
0.156,0.787,0.630,-0.48,0.134,0,0.1601,0.0841,0.191,0.007,0.305,0.163,0.322,0.120,0.023,0.000,62,19,7,0,0.276,0.205,0.286,0.193,0.066,0.012,63,47,15,7
0.125,0.812,0.672,0.2,0.291,1,0.1372,0.0746,0.321,0.180,0.305,0.163,0.322,0.120,0.023,0.000,62,19,7,0,0.276,0.205,0.286,0.193,0.066,0.012,63,47,15,7
0.132,0.808,0.511,0.2,0.291,1,0.1060,0.0586,0.303,0.180,0.305,0.163,0.322,0.120,0.023,0.000,62,19,7,0,0.276,0.205,0.286,0.193,0.066,0.012,63,47,15,7
0.132,0.365,0.122,1.99,0.186,0,0.0742,0.0415,0.106,-0.326,0.305,0.163,0.322,0.120,0.023,0.000,62,19,7,0,0.276,0.205,0.286,0.193,0.066,0.012,63,47,15,7
0.107,0.701,0.178,-1.19,0.219,1,0.0614,0.0357,0.318,0.586,0.305,0.163,0.322,0.120,0.023,0.000,62,19,7,0,0.276,0.205,0.286,0.193,0.066,0.012,63,47,15,7
0.108,0.771,0.370,-1.19,0.219,1,0.0671,0.0424,0.317,0.586,0.305,0.163,0.322,0.120,0.023,0.000,62,19,7,0,0.276,0.205,0.286,0.193,0.066,0.012,63,47,15,7
0.105,0.712,0.046,1.37,0.298,0,0.0811,0.0513,0.114,-0.510,0.305,0.163,0.322,0.120,0.023,0.000,62,19,7,0,0.276,0.205,0.286,0.193,0.066,0.012,63,47,15,7
0.118,0.325,0.499,0.85,0.046,0,0.1114,0.0707,0.091,0.06,0.305,0.163,0.322,0.120,0.023,0.000,62,19,7,0,0.276,0.205,0.286,0.193,0.066,0.012,63,47,15,7
0.153,0.278,0.097,1.99,0.186,0,0.1466,0.0940,0.101,-0.326,0.305,0.163,0.322,0.120,0.023,0.000,62,19,7,0,0.276,0.205,0.286,0.193,0.066,0.012,63,47,15,7
0.147,0.242,0.233,2.53,0.140,0,0.1780,0.1147,0.112,-0.121,0.305,0.163,0.322,0.120,0.023,0.000,62,19,7,0,0.276,0.205,0.286,0.193,0.066,0.012,63,47,15,7
0.157,0.335,0.566,-1.1,0.105,-1,0.2006,0.1308,0.150,0.192,0.305,0.163,0.322,0.120,0.023,0.000,62,19,7,0,0.276,0.205,0.286,0.193,0.066,0.012,63,47,15,7
0.222,0.343,0.308,1.69,0.290,0,0.2145,0.1417,0.060,-0.697,0.305,0.163,0.322,0.120,0.023,0.000,62,19,7,0,0.276,0.205,0.286,0.193,0.066,0.012,63,47,15,7
0.210,0.421,0.571,0,0.000,0,0.2098,0.1391,0.146,0.166,0.305,0.163,0.322,0.120,0.023,0.000,62,19,7,0,0.276,0.205,0.286,0.193,0.066,0.012,63,47,15,7
0.168,0.322,0.445,1.99,0.186,0,0.1942,0.1292,0.115,-0.326,0.305,0.163,0.322,0.120,0.023,0.000,62,19,7,0,0.276,0.205,0.286,0.193,0.066,0.012,63,47,15,7
0.168,0.324,0.234,0.85,0.046,0,0.1653,0.1109,0.229,0.06,0.305,0.163,0.322,0.120,0.023,0.000,62,19,7,0,0.276,0.205,0.286,0.193,0.066,0.012,63,47,15,7
0.136,0.384,0.448,-0.42,0.180,0,0.1374,0.0955,0.329,0.318,0.305,0.163,0.322,0.120,0.023,0.000,62,19,7,0,0.276,0.205,0.286,0.193,0.066,0.012,63,47,15,7
0.136,0.329,0.316,0,0.000,0,0.1117,0.0817,0.195,0.166,0.305,0.163,0.322,0.120,0.023,0.000,62,19,7,0,0.276,0.205,0.286,0.193,0.066,0.012,63,47,15,7
0.126,0.358,0.224,-0.08,0.108,0,0.1008,0.0775,0.256,0.059,0.305,0.163,0.322,0.120,0.023,0.000,62,19,7,0,0.276,0.205,0.286,0.193,0.066,0.012,63,47,15,7
0.125,0.330,0.256,0.22,0.230,0,0.1059,0.0857,0.303,0.303,0.305,0.163,0.322,0.120,0.023,0.000,62,19,7,0,0.276,0.205,0.286,0.193,0.066,0.012,63,47,15,7
0.122,0.280,0.160,-1.1,0.105,-1,0.1356,0.1141,0.371,0.192,0.305,0.163,0.322,0.120,0.023,0.000,62,19,7,0,0.276,0.205,0.286,0.193,0.066,0.012,63,47,15,7
0.128,0.279,0.143,-0.08,0.108,0,0.1740,0.1497,0.167,0.059,0.305,0.163,0.322,0.120,0.023,0.000,62,19,7,0,0.276,0.205,0.286,0.193,0.066,0.012,63,47,15,7
0.109,0.294,0.328,-1.19,0.219,1,0.2162,0.1880,0.183,0.586,0.305,0.163,0.322,0.120,0.023,0.000,62,19,7,0,0.276,0.205,0.286,0.193,0.066,0.012,63,47,15,7
0.133,0.136,0.292,3.14,0.186,0,0.2645,0.2316,0.120,-0.486,0.305,0.163,0.322,0.120,0.023,0.000,62,19,7,0,0.276,0.205,0.286,0.193,0.066,0.012,63,47,15,7
0.126,0.111,0.428,-0.79,0.151,-1,0.3072,0.2727,0.274,0.736,0.305,0.163,0.322,0.120,0.023,0.000,62,19,7,0,0.276,0.205,0.286,0.193,0.066,0.012,63,47,15,7
0.122,0.101,0.565,1.99,0.186,0,0.3412,0.3058,0.043,-0.326,0.305,0.163,0.322,0.120,0.023,0.000,62,19,7,0,0.276,0.205,0.286,0.193,0.066,0.012,63,47,15,7
0.099,0.117,0.433,1.99,0.186,0,0.3533,0.3198,0.069,-0.326,0.305,0.163,0.322,0.120,0.023,0.000,62,19,7,0,0.276,0.205,0.286,0.193,0.066,0.012,63,47,15,7
0.107,0.160,0.556,-1.19,0.219,1,0.3565,0.3253,0.393,0.586,0.305,0.163,0.322,0.120,0.023,0.000,62,19,7,0,0.276,0.205,0.286,0.193,0.066,0.012,63,47,15,7
0.107,0.134,0.522,1.69,0.290,0,0.3568,0.3261,0.105,-0.697,0.305,0.163,0.322,0.120,0.023,0.000,62,19,7,0,0.276,0.205,0.286,0.193,0.066,0.012,63,47,15,7
0.119,0.125,0.328,2.53,0.140,0,0.3510,0.3232,0.101,-0.121,0.305,0.163,0.322,0.120,0.023,0.000,62,19,7,0,0.276,0.205,0.286,0.193,0.066,0.012,63,47,15,7
0.107,0.190,0.429,-0.42,0.180,0,0.3459,0.3217,0.312,0.318,0.305,0.163,0.322,0.120,0.023,0.000,62,19,7,0,0.276,0.205,0.286,0.193,0.066,0.012,63,47,15,7
0.094,0.166,0.324,-0.52,0.062,0,0.3335,0.3157,0.337,0.341,0.305,0.163,0.322,0.120,0.023,0.000,62,19,7,0,0.276,0.205,0.286,0.193,0.066,0.012,63,47,15,7
0.123,0.163,0.133,-0.79,0.151,-1,0.3158,0.3099,0.370,0.736,0.305,0.163,0.322,0.120,0.023,0.000,62,19,7,0,0.276,0.205,0.286,0.193,0.066,0.012,63,47,15,7
0.105,0.148,0.093,0.85,0.046,0,0.3142,0.3172,0.225,0.06,0.305,0.163,0.322,0.120,0.023,0.000,62,19,7,0,0.276,0.205,0.286,0.193,0.066,0.012,63,47,15,7
0.115,0.209,0.440,-0.42,0.180,0,0.3277,0.3385,0.306,0.318,0.305,0.163,0.322,0.120,0.023,0.000,62,19,7,0,0.276,0.205,0.286,0.193,0.066,0.012,63,47,15,7
0.138,0.216,0.133,-0.42,0.180,0,0.3590,0.3727,0.367,0.318,0.305,0.163,0.322,0.120,0.023,0.000,62,19,7,0,0.276,0.205,0.286,0.193,0.066,0.012,63,47,15,7
0.135,0.192,0.215,-0.79,0.151,-1,0.3940,0.4075,0.416,0.736,0.305,0.163,0.322,0.120,0.023,0.000,62,19,7,0,0.276,0.205,0.286,0.193,0.066,0.012,63,47,15,7
0.129,0.273,0.377,0.2,0.291,1,0.4267,0.4396,0.341,0.180,0.305,0.163,0.322,0.120,0.023,0.000,62,19,7,0,0.276,0.205,0.286,0.193,0.066,0.012,63,47,15,7
0.106,0.183,0.094,2.1,0.128,0,0.4556,0.4687,0.142,0.02,0.305,0.163,0.322,0.120,0.023,0.000,62,19,7,0,0.276,0.205,0.286,0.193,0.066,0.012,63,47,15,7
0.109,0.224,0.469,-0.52,0.062,0,0.4859,0.4971,0.384,0.341,0.305,0.163,0.322,0.120,0.023,0.000,62,19,7,0,0.276,0.205,0.286,0.193,0.066,0.012,63,47,15,7
0.135,0.282,0.083,-0.42,0.180,0,0.5130,0.5217,0.465,0.318,0.305,0.163,0.322,0.120,0.023,0.000,62,19,7,0,0.276,0.205,0.286,0.193,0.066,0.012,63,47,15,7
0.136,0.343,0.240,-0.48,0.134,0,0.5232,0.5325,0.300,0.007,0.305,0.163,0.322,0.120,0.023,0.000,62,19,7,0,0.276,0.205,0.286,0.193,0.066,0.012,63,47,15,7
0.124,0.480,0.485,-1.19,0.219,1,0.5169,0.5336,0.347,0.586,0.305,0.163,0.322,0.120,0.023,0.000,62,19,7,0,0.276,0.205,0.286,0.193,0.066,0.012,63,47,15,7
0.151,0.376,0.462,-0.52,0.062,0,0.5118,0.5377,0.239,0.341,0.305,0.163,0.322,0.120,0.023,0.000,62,19,7,0,0.276,0.205,0.286,0.193,0.066,0.012,63,47,15,7
0.157,0.424,0.563,0.22,0.230,0,0.4924,0.5302,0.183,0.303,0.305,0.163,0.322,0.120,0.023,0.000,62,19,7,0,0.276,0.205,0.286,0.193,0.066,0.012,63,47,15,7
0.165,0.262,0.537,3.14,0.186,0,0.4776,0.5248,0.104,-0.486,0.305,0.163,0.322,0.120,0.023,0.000,62,19,7,0,0.276,0.205,0.286,0.193,0.066,0.012,63,47,15,7
0.163,0.256,0.685,3.14,0.186,0,0.4697,0.5229,0.085,-0.486,0.305,0.163,0.322,0.120,0.023,0.000,62,19,7,0,0.276,0.205,0.286,0.193,0.066,0.012,63,47,15,7
0.197,0.302,0.578,-0.08,0.108,0,0.4696,0.5260,0.267,0.059,0.305,0.163,0.322,0.120,0.023,0.000,62,19,7,0,0.276,0.205,0.286,0.193,0.066,0.012,63,47,15,7
0.183,0.252,0.475,0,0.000,0,0.4817,0.5369,0.250,0.166,0.305,0.163,0.322,0.120,0.023,0.000,62,19,7,0,0.276,0.205,0.286,0.193,0.066,0.012,63,47,15,7
0.217,0.343,0.510,-0.48,0.134,0,0.4820,0.5428,0.275,0.007,0.305,0.163,0.322,0.120,0.023,0.000,62,19,7,0,0.276,0.205,0.286,0.193,0.066,0.012,63,47,15,7
0.172,0.699,0.500,-1.19,0.219,1,0.4657,0.5393,0.394,0.586,0.305,0.163,0.322,0.120,0.023,0.000,62,19,7,0,0.276,0.205,0.286,0.193,0.066,0.012,63,47,15,7
0.176,0.271,0.051,3.14,0.186,0,0.4602,0.5425,0.085,-0.486,0.305,0.163,0.322,0.120,0.023,0.000,62,19,7,0,0.276,0.205,0.286,0.193,0.066,0.012,63,47,15,7
0.198,0.236,0.131,-1.14,0.131,0,0.4538,0.5419,0.248,0.987,0.305,0.163,0.322,0.120,0.023,0.000,62,19,7,0,0.276,0.205,0.286,0.193,0.066,0.012,63,47,15,7
0.157,0.205,0.014,1.99,0.186,0,0.4730,0.5559,0.162,-0.326,0.305,0.163,0.322,0.120,0.023,0.000,62,19,7,0,0.276,0.205,0.286,0.193,0.066,0.012,63,47,15,7
0.145,0.291,0.056,-0.52,0.062,0,0.4895,0.5667,0.437,0.341,0.305,0.163,0.322,0.120,0.023,0.000,62,19,7,0,0.276,0.205,0.286,0.193,0.066,0.012,63,47,15,7
0.142,0.242,0.215,0,0.000,0,0.5158,0.5821,0.214,0.166,0.305,0.163,0.322,0.120,0.023,0.000,62,19,7,0,0.276,0.205,0.286,0.193,0.066,0.012,63,47,15,7
0.139,0.276,0.090,-1.14,0.131,0,0.5225,0.5844,0.387,0.987,0.305,0.163,0.322,0.120,0.023,0.000,62,19,7,0,0.276,0.205,0.286,0.193,0.066,0.012,63,47,15,7
0.135,0.214,0.026,2.53,0.140,0,0.5430,0.5949,0.229,-0.121,0.305,0.163,0.322,0.120,0.023,0.000,62,19,7,0,0.276,0.205,0.286,0.193,0.066,0.012,63,47,15,7
0.174,0.175,0.012,-1.14,0.131,0,0.5697,0.6089,0.291,0.987,0.305,0.163,0.322,0.120,0.023,0.000,62,19,7,0,0.276,0.205,0.286,0.193,0.066,0.012,63,47,15,7
0.172,0.302,0.139,-1.19,0.219,1,0.5932,0.6197,0.540,0.586,0.305,0.163,0.322,0.120,0.023,0.000,62,19,7,0,0.276,0.205,0.286,0.193,0.066,0.012,63,47,15,7
0.210,0.225,0.136,-0.79,0.151,-1,0.5994,0.6210,0.458,0.736,0.305,0.163,0.322,0.120,0.023,0.000,62,19,7,0,0.276,0.205,0.286,0.193,0.066,0.012,63,47,15,7
0.172,0.171,0.038,1.99,0.186,0,0.5998,0.6209,0.216,-0.326,0.305,0.163,0.322,0.120,0.023,0.000,62,19,7,0,0.276,0.205,0.286,0.193,0.066,0.012,63,47,15,7
0.214,0.187,0.129,-1.1,0.105,-1,0.6051,0.6237,0.392,0.192,0.305,0.163,0.322,0.120,0.023,0.000,62,19,7,0,0.276,0.205,0.286,0.193,0.066,0.012,63,47,15,7
0.231,0.262,0.203,-0.42,0.180,0,0.6101,0.6234,0.444,0.318,0.305,0.163,0.322,0.120,0.023,0.000,62,19,7,0,0.276,0.205,0.286,0.193,0.066,0.012,63,47,15,7
0.223,0.258,0.134,-0.42,0.180,0,0.6141,0.6214,0.423,0.318,0.305,0.163,0.322,0.120,0.023,0.000,62,19,7,0,0.276,0.205,0.286,0.193,0.066,0.012,63,47,15,7
0.192,0.260,0.484,-0.52,0.062,0,0.6246,0.6225,0.330,0.341,0.305,0.163,0.322,0.120,0.023,0.000,62,19,7,0,0.276,0.205,0.286,0.193,0.066,0.012,63,47,15,7
0.180,0.281,0.294,-0.08,0.108,0,0.6320,0.6214,0.349,0.059,0.305,0.163,0.322,0.120,0.023,0.000,62,19,7,0,0.276,0.205,0.286,0.193,0.066,0.012,63,47,15,7
0.161,0.294,0.365,-0.08,0.108,0,0.6254,0.6131,0.351,0.059,0.305,0.163,0.322,0.120,0.023,0.000,62,19,7,0,0.276,0.205,0.286,0.193,0.066,0.012,63,47,15,7
0.162,0.363,0.522,-1.19,0.219,1,0.6060,0.5987,0.437,0.586,0.305,0.163,0.322,0.120,0.023,0.000,62,19,7,0,0.276,0.205,0.286,0.193,0.066,0.012,63,47,15,7
0.163,0.204,0.417,0.85,0.046,0,0.5777,0.5810,0.312,0.06,0.305,0.163,0.322,0.120,0.023,0.000,62,19,7,0,0.276,0.205,0.286,0.193,0.066,0.012,63,47,15,7
0.130,0.271,0.221,-0.52,0.062,0,0.5460,0.5589,0.281,0.341,0.305,0.163,0.322,0.120,0.023,0.000,62,19,7,0,0.276,0.205,0.286,0.193,0.066,0.012,63,47,15,7
0.153,0.172,0.081,2.53,0.140,0,0.5295,0.5461,0.196,-0.121,0.305,0.163,0.322,0.120,0.023,0.000,62,19,7,0,0.276,0.205,0.286,0.193,0.066,0.012,63,47,15,7
0.150,0.318,0.571,-1.19,0.219,1,0.5108,0.5324,0.460,0.586,0.305,0.163,0.322,0.120,0.023,0.000,62,19,7,0,0.276,0.205,0.286,0.193,0.066,0.012,63,47,15,7
0.191,0.344,0.664,0.2,0.291,1,0.5089,0.5305,0.315,0.180,0.305,0.163,0.322,0.120,0.023,0.000,62,19,7,0,0.276,0.205,0.286,0.193,0.066,0.012,63,47,15,7
0.191,0.221,0.120,-1.14,0.131,0,0.4893,0.5193,0.338,0.987,0.305,0.163,0.322,0.120,0.023,0.000,62,19,7,0,0.276,0.205,0.286,0.193,0.066,0.012,63,47,15,7
0.200,0.305,0.576,1.37,0.298,0,0.4847,0.5174,0.192,-0.510,0.305,0.163,0.322,0.120,0.023,0.000,62,19,7,0,0.276,0.205,0.286,0.193,0.066,0.012,63,47,15,7
0.232,0.349,0.521,-0.08,0.108,0,0.4857,0.5179,0.343,0.059,0.305,0.163,0.322,0.120,0.023,0.000,62,19,7,0,0.276,0.205,0.286,0.193,0.066,0.012,63,47,15,7
0.234,0.321,0.076,-0.48,0.134,0,0.5098,0.5354,0.327,0.007,0.305,0.163,0.322,0.120,0.023,0.000,62,19,7,0,0.276,0.205,0.286,0.193,0.066,0.012,63,47,15,7
0.249,0.296,0.003,0.85,0.046,0,0.5226,0.5464,0.172,0.06,0.305,0.163,0.322,0.120,0.023,0.000,62,19,7,0,0.276,0.205,0.286,0.193,0.066,0.012,63,47,15,7
0.249,0.361,0.022,-0.42,0.180,0,0.5304,0.5567,0.285,0.318,0.305,0.163,0.322,0.120,0.023,0.000,62,19,7,0,0.276,0.205,0.286,0.193,0.066,0.012,63,47,15,7
0.207,0.270,0.021,3.14,0.186,0,0.5424,0.5680,0.118,-0.486,0.305,0.163,0.322,0.120,0.023,0.000,62,19,7,0,0.276,0.205,0.286,0.193,0.066,0.012,63,47,15,7
0.201,0.371,0.016,-0.42,0.180,0,0.5458,0.5693,0.213,0.318,0.305,0.163,0.322,0.120,0.023,0.000,62,19,7,0,0.276,0.205,0.286,0.193,0.066,0.012,63,47,15,7
0.211,0.268,0.063,3.14,0.186,0,0.5431,0.5643,0.094,-0.486,0.305,0.163,0.322,0.120,0.023,0.000,62,19,7,0,0.276,0.205,0.286,0.193,0.066,0.012,63,47,15,7
0.173,0.423,0.270,-1.19,0.219,1,0.5273,0.5494,0.345,0.586,0.305,0.163,0.322,0.120,0.023,0.000,62,19,7,0,0.276,0.205,0.286,0.193,0.066,0.012,63,47,15,7
0.170,0.305,0.106,-0.42,0.180,0,0.5166,0.5395,0.351,0.318,0.305,0.163,0.322,0.120,0.023,0.000,62,19,7,0,0.276,0.205,0.286,0.193,0.066,0.012,63,47,15,7
0.177,0.297,0.054,0,0.000,0,0.5010,0.5248,0.298,0.166,0.305,0.163,0.322,0.120,0.023,0.000,62,19,7,0,0.276,0.205,0.286,0.193,0.066,0.012,63,47,15,7
0.205,0.415,0.267,-1.19,0.219,1,0.4831,0.5093,0.499,0.586,0.305,0.163,0.322,0.120,0.023,0.000,62,19,7,0,0.276,0.205,0.286,0.193,0.066,0.012,63,47,15,7
0.215,0.333,0.072,-1.1,0.105,-1,0.4652,0.4947,0.480,0.192,0.305,0.163,0.322,0.120,0.023,0.000,62,19,7,0,0.276,0.205,0.286,0.193,0.066,0.012,63,47,15,7
0.242,0.275,0.217,0,0.000,0,0.4473,0.4788,0.316,0.166,0.305,0.163,0.322,0.120,0.023,0.000,62,19,7,0,0.276,0.205,0.286,0.193,0.066,0.012,63,47,15,7
0.248,0.360,0.528,-1.19,0.219,1,0.4462,0.4766,0.526,0.586,0.305,0.163,0.322,0.120,0.023,0.000,62,19,7,0,0.276,0.205,0.286,0.193,0.066,0.012,63,47,15,7
0.266,0.241,0.433,-0.79,0.151,-1,0.4501,0.4779,0.478,0.736,0.305,0.163,0.322,0.120,0.023,0.000,62,19,7,0,0.276,0.205,0.286,0.193,0.066,0.012,63,47,15,7
0.272,0.272,0.259,0,0.000,0,0.4667,0.4903,0.198,0.166,0.305,0.163,0.322,0.120,0.023,0.000,62,19,7,0,0.276,0.205,0.286,0.193,0.066,0.012,63,47,15,7
0.238,0.340,0.609,-0.52,0.062,0,0.4726,0.4948,0.246,0.341,0.305,0.163,0.322,0.120,0.023,0.000,62,19,7,0,0.276,0.205,0.286,0.193,0.066,0.012,63,47,15,7
0.247,0.289,0.186,2.53,0.140,0,0.4747,0.4944,0.151,-0.121,0.305,0.163,0.322,0.120,0.023,0.000,62,19,7,0,0.276,0.205,0.286,0.193,0.066,0.012,63,47,15,7
0.169,0.293,0.102,0,0.000,0,0.4629,0.4798,0.137,0.166,0.305,0.163,0.322,0.120,0.023,0.000,62,19,7,0,0.276,0.205,0.286,0.193,0.066,0.012,63,47,15,7
0.181,0.295,0.138,1.99,0.186,0,0.4617,0.4747,0.080,-0.326,0.305,0.163,0.322,0.120,0.023,0.000,62,19,7,0,0.276,0.205,0.286,0.193,0.066,0.012,63,47,15,7
0.152,0.373,0.411,-0.52,0.062,0,0.4449,0.4567,0.146,0.341,0.305,0.163,0.322,0.120,0.023,0.000,62,19,7,0,0.276,0.205,0.286,0.193,0.066,0.012,63,47,15,7
0.101,0.199,0.428,2.53,0.140,0,0.4273,0.4388,0.092,-0.121,0.305,0.163,0.322,0.120,0.023,0.000,62,19,7,0,0.276,0.205,0.286,0.193,0.066,0.012,63,47,15,7
0.089,0.383,0.393,-0.42,0.180,0,0.4028,0.4142,0.171,0.318,0.305,0.163,0.322,0.120,0.023,0.000,62,19,7,0,0.276,0.205,0.286,0.193,0.066,0.012,63,47,15,7
0.085,0.427,0.688,0.2,0.291,1,0.3777,0.3889,0.222,0.180,0.305,0.163,0.322,0.120,0.023,0.000,62,19,7,0,0.276,0.205,0.286,0.193,0.066,0.012,63,47,15,7
0.073,0.451,0.463,-0.52,0.062,0,0.3472,0.3573,0.184,0.341,0.305,0.163,0.322,0.120,0.023,0.000,62,19,7,0,0.276,0.205,0.286,0.193,0.066,0.012,63,47,15,7
0.095,0.381,0.153,2.53,0.140,0,0.3155,0.3270,0.144,-0.121,0.305,0.163,0.322,0.120,0.023,0.000,62,19,7,0,0.276,0.205,0.286,0.193,0.066,0.012,63,47,15,7
0.098,0.388,0.734,1.69,0.290,0,0.3139,0.3237,0.152,-0.697,0.305,0.163,0.322,0.120,0.023,0.000,62,19,7,0,0.276,0.205,0.286,0.193,0.066,0.012,63,47,15,7
0.091,0.340,0.617,0,0.000,0,0.3250,0.3313,0.207,0.166,0.305,0.163,0.322,0.120,0.023,0.000,62,19,7,0,0.276,0.205,0.286,0.193,0.066,0.012,63,47,15,7
0.096,0.307,0.337,-0.79,0.151,-1,0.3527,0.3526,0.374,0.736,0.305,0.163,0.322,0.120,0.023,0.000,62,19,7,0,0.276,0.205,0.286,0.193,0.066,0.012,63,47,15,7
0.101,0.469,0.597,0.2,0.291,1,0.3797,0.3730,0.328,0.180,0.305,0.163,0.322,0.120,0.023,0.000,62,19,7,0,0.276,0.205,0.286,0.193,0.066,0.012,63,47,15,7
0.082,0.410,0.596,-0.48,0.134,0,0.3983,0.3862,0.279,0.007,0.305,0.163,0.322,0.120,0.023,0.000,62,19,7,0,0.276,0.205,0.286,0.193,0.066,0.012,63,47,15,7
0.082,0.356,0.558,1.69,0.290,0,0.4179,0.3989,0.096,-0.697,0.305,0.163,0.322,0.120,0.023,0.000,62,19,7,0,0.276,0.205,0.286,0.193,0.066,0.012,63,47,15,7
0.078,0.423,0.261,-0.48,0.134,0,0.4309,0.4048,0.234,0.007,0.305,0.163,0.322,0.120,0.023,0.000,62,19,7,0,0.276,0.205,0.286,0.193,0.066,0.012,63,47,15,7
0.081,0.274,0.090,3.14,0.186,0,0.4496,0.4150,0.076,-0.486,0.305,0.163,0.322,0.120,0.023,0.000,62,19,7,0,0.276,0.205,0.286,0.193,0.066,0.012,63,47,15,7
0.078,0.341,0.177,0.22,0.230,0,0.4504,0.4107,0.179,0.303,0.305,0.163,0.322,0.120,0.023,0.000,62,19,7,0,0.276,0.205,0.286,0.193,0.066,0.012,63,47,15,7
0.093,0.319,0.036,-0.52,0.062,0,0.4520,0.4065,0.156,0.341,0.305,0.163,0.322,0.120,0.023,0.000,62,19,7,0,0.276,0.205,0.286,0.193,0.066,0.012,63,47,15,7
0.092,0.282,0.012,-0.52,0.062,0,0.4390,0.3913,0.186,0.341,0.305,0.163,0.322,0.120,0.023,0.000,62,19,7,0,0.276,0.205,0.286,0.193,0.066,0.012,63,47,15,7
0.117,0.252,0.008,3.14,0.186,0,0.4345,0.3878,0.146,-0.486,0.305,0.163,0.322,0.120,0.023,0.000,62,19,7,0,0.276,0.205,0.286,0.193,0.066,0.012,63,47,15,7
0.142,0.310,0.121,-0.52,0.062,0,0.4407,0.3945,0.242,0.341,0.305,0.163,0.322,0.120,0.023,0.000,62,19,7,0,0.276,0.205,0.286,0.193,0.066,0.012,63,47,15,7
0.167,0.285,0.388,0.22,0.230,0,0.4614,0.4154,0.267,0.303,0.305,0.163,0.322,0.120,0.023,0.000,62,19,7,0,0.276,0.205,0.286,0.193,0.066,0.012,63,47,15,7
0.169,0.269,0.020,-0.79,0.151,-1,0.4756,0.4286,0.415,0.736,0.305,0.163,0.322,0.120,0.023,0.000,62,19,7,0,0.276,0.205,0.286,0.193,0.066,0.012,63,47,15,7
0.239,0.291,0.358,-0.52,0.062,0,0.4861,0.4362,0.249,0.341,0.305,0.163,0.322,0.120,0.023,0.000,62,19,7,0,0.276,0.205,0.286,0.193,0.066,0.012,63,47,15,7
0.269,0.235,0.012,-1.14,0.131,0,0.4874,0.4337,0.275,0.987,0.305,0.163,0.322,0.120,0.023,0.000,62,19,7,0,0.276,0.205,0.286,0.193,0.066,0.012,63,47,15,7
0.308,0.210,0.028,0.85,0.046,0,0.4851,0.4266,0.119,0.06,0.305,0.163,0.322,0.120,0.023,0.000,62,19,7,0,0.276,0.205,0.286,0.193,0.066,0.012,63,47,15,7
0.304,0.175,0.013,2.53,0.140,0,0.4818,0.4197,0.165,-0.121,0.305,0.163,0.322,0.120,0.023,0.000,62,19,7,0,0.276,0.205,0.286,0.193,0.066,0.012,63,47,15,7
0.288,0.319,0.143,-1.19,0.219,1,0.4784,0.4134,0.388,0.586,0.305,0.163,0.322,0.120,0.023,0.000,62,19,7,0,0.276,0.205,0.286,0.193,0.066,0.012,63,47,15,7
0.275,0.174,0.003,1.99,0.186,0,0.4772,0.4101,0.119,-0.326,0.305,0.163,0.322,0.120,0.023,0.000,62,19,7,0,0.276,0.205,0.286,0.193,0.066,0.012,63,47,15,7
0.275,0.177,0.009,1.42,0.221,0,0.4617,0.3945,0.129,-0.397,0.305,0.163,0.322,0.120,0.023,0.000,62,19,7,0,0.276,0.205,0.286,0.193,0.066,0.012,63,47,15,7
0.290,0.282,0.138,-1.19,0.219,1,0.4412,0.3799,0.406,0.586,0.305,0.163,0.322,0.120,0.023,0.000,62,19,7,0,0.276,0.205,0.286,0.193,0.066,0.012,63,47,15,7
0.329,0.281,0.011,-0.42,0.180,0,0.4206,0.3673,0.372,0.318,0.305,0.163,0.322,0.120,0.023,0.000,62,19,7,0,0.276,0.205,0.286,0.193,0.066,0.012,63,47,15,7
0.311,0.345,0.054,-0.52,0.062,0,0.4039,0.3594,0.270,0.341,0.305,0.163,0.322,0.120,0.023,0.000,62,19,7,0,0.276,0.205,0.286,0.193,0.066,0.012,63,47,15,7
0.364,0.380,0.281,-1.19,0.219,1,0.3970,0.3610,0.450,0.586,0.305,0.163,0.322,0.120,0.023,0.000,62,19,7,0,0.276,0.205,0.286,0.193,0.066,0.012,63,47,15,7
0.338,0.326,0.285,-0.08,0.108,0,0.3843,0.3578,0.289,0.059,0.305,0.163,0.322,0.120,0.023,0.000,62,19,7,0,0.276,0.205,0.286,0.193,0.066,0.012,63,47,15,7
0.407,0.200,0.166,2.53,0.140,0,0.3860,0.3651,0.109,-0.121,0.305,0.163,0.322,0.120,0.023,0.000,62,19,7,0,0.276,0.205,0.286,0.193,0.066,0.012,63,47,15,7
0.465,0.173,0.079,-1.1,0.105,-1,0.3836,0.3669,0.293,0.192,0.305,0.163,0.322,0.120,0.023,0.000,62,19,7,0,0.276,0.205,0.286,0.193,0.066,0.012,63,47,15,7
0.526,0.133,0.037,2.53,0.140,0,0.3852,0.3703,0.171,-0.121,0.305,0.163,0.322,0.120,0.023,0.000,62,19,7,0,0.276,0.205,0.286,0.193,0.066,0.012,63,47,15,7
0.466,0.135,0.002,1.99,0.186,0,0.3884,0.3728,0.129,-0.326,0.305,0.163,0.322,0.120,0.023,0.000,62,19,7,0,0.276,0.205,0.286,0.193,0.066,0.012,63,47,15,7
0.461,0.189,0.117,-0.52,0.062,0,0.3981,0.3808,0.179,0.341,0.305,0.163,0.322,0.120,0.023,0.000,62,19,7,0,0.276,0.205,0.286,0.193,0.066,0.012,63,47,15,7
0.463,0.257,0.552,0.2,0.291,1,0.4020,0.3819,0.414,0.180,0.305,0.163,0.322,0.120,0.023,0.000,62,19,7,0,0.276,0.205,0.286,0.193,0.066,0.012,63,47,15,7
0.390,0.222,0.290,-1.19,0.219,1,0.3921,0.3695,0.354,0.586,0.305,0.163,0.322,0.120,0.023,0.000,62,19,7,0,0.276,0.205,0.286,0.193,0.066,0.012,63,47,15,7
0.458,0.142,0.086,1.99,0.186,0,0.3783,0.3524,0.135,-0.326,0.305,0.163,0.322,0.120,0.023,0.000,62,19,7,0,0.276,0.205,0.286,0.193,0.066,0.012,63,47,15,7
0.444,0.147,0.501,0.85,0.046,0,0.3650,0.3367,0.334,0.06,0.305,0.163,0.322,0.120,0.023,0.000,62,19,7,0,0.276,0.205,0.286,0.193,0.066,0.012,63,47,15,7
0.396,0.190,0.569,-0.08,0.108,0,0.3546,0.3271,0.412,0.059,0.305,0.163,0.322,0.120,0.023,0.000,62,19,7,0,0.276,0.205,0.286,0.193,0.066,0.012,63,47,15,7
0.366,0.255,0.272,-1.19,0.219,1,0.3513,0.3287,0.414,0.586,0.305,0.163,0.322,0.120,0.023,0.000,62,19,7,0,0.276,0.205,0.286,0.193,0.066,0.012,63,47,15,7
0.379,0.261,0.201,-1.19,0.219,1,0.3519,0.3352,0.392,0.586,0.305,0.163,0.322,0.120,0.023,0.000,62,19,7,0,0.276,0.205,0.286,0.193,0.066,0.012,63,47,15,7
0.391,0.214,0.254,-1.19,0.219,1,0.3486,0.3317,0.436,0.586,0.305,0.163,0.322,0.120,0.023,0.000,62,19,7,0,0.276,0.205,0.286,0.193,0.066,0.012,63,47,15,7
0.391,0.164,0.315,0.85,0.046,0,0.3612,0.3468,0.324,0.06,0.305,0.163,0.322,0.120,0.023,0.000,62,19,7,0,0.276,0.205,0.286,0.193,0.066,0.012,63,47,15,7
0.404,0.169,0.008,3.14,0.186,0,0.3790,0.3643,0.160,-0.486,0.305,0.163,0.322,0.120,0.023,0.000,62,19,7,0,0.276,0.205,0.286,0.193,0.066,0.012,63,47,15,7
0.400,0.237,0.198,-0.52,0.062,0,0.3995,0.3808,0.226,0.341,0.305,0.163,0.322,0.120,0.023,0.000,62,19,7,0,0.276,0.205,0.286,0.193,0.066,0.012,63,47,15,7
0.449,0.289,0.272,-0.08,0.108,0,0.4144,0.3877,0.226,0.059,0.305,0.163,0.322,0.120,0.023,0.000,62,19,7,0,0.276,0.205,0.286,0.193,0.066,0.012,63,47,15,7
0.376,0.331,0.371,-1.19,0.219,1,0.4200,0.3799,0.387,0.586,0.305,0.163,0.322,0.120,0.023,0.000,62,19,7,0,0.276,0.205,0.286,0.193,0.066,0.012,63,47,15,7
0.379,0.239,0.011,2.53,0.140,0,0.4162,0.3595,0.135,-0.121,0.305,0.163,0.322,0.120,0.023,0.000,62,19,7,0,0.276,0.205,0.286,0.193,0.066,0.012,63,47,15,7
0.391,0.237,0.066,1.42,0.221,0,0.4182,0.3440,0.137,-0.397,0.305,0.163,0.322,0.120,0.023,0.000,62,19,7,0,0.276,0.205,0.286,0.193,0.066,0.012,63,47,15,7
0.419,0.275,0.383,-0.48,0.134,0,0.4176,0.3266,0.242,0.007,0.305,0.163,0.322,0.120,0.023,0.000,62,19,7,0,0.276,0.205,0.286,0.193,0.066,0.012,63,47,15,7
0.368,0.231,0.191,-0.52,0.062,0,0.4081,0.3040,0.183,0.341,0.305,0.163,0.322,0.120,0.023,0.000,62,19,7,0,0.276,0.205,0.286,0.193,0.066,0.012,63,47,15,7
0.303,0.175,0.234,0.85,0.046,0,0.3998,0.2827,0.174,0.06,0.305,0.163,0.322,0.120,0.023,0.000,62,19,7,0,0.276,0.205,0.286,0.193,0.066,0.012,63,47,15,7
0.255,0.174,0.325,2.53,0.140,0,0.3936,0.2628,0.146,-0.121,0.305,0.163,0.322,0.120,0.023,0.000,62,19,7,0,0.276,0.205,0.286,0.193,0.066,0.012,63,47,15,7
0.265,0.223,0.584,1.42,0.221,0,0.3818,0.2383,0.158,-0.397,0.305,0.163,0.322,0.120,0.023,0.000,62,19,7,0,0.276,0.205,0.286,0.193,0.066,0.012,63,47,15,7
0.269,0.459,0.864,0.2,0.291,1,0.3618,0.2082,0.298,0.180,0.305,0.163,0.322,0.120,0.023,0.000,62,19,7,0,0.276,0.205,0.286,0.193,0.066,0.012,63,47,15,7
0.248,0.367,0.694,-1.19,0.219,1,0.3312,0.1757,0.359,0.586,0.305,0.163,0.322,0.120,0.023,0.000,62,19,7,0,0.276,0.205,0.286,0.193,0.066,0.012,63,47,15,7
0.265,0.336,0.371,-0.08,0.108,0,0.2980,0.1460,0.195,0.059,0.305,0.163,0.322,0.120,0.023,0.000,62,19,7,0,0.276,0.205,0.286,0.193,0.066,0.012,63,47,15,7
0.212,0.261,0.308,0.85,0.046,0,0.2709,0.1225,0.262,0.06,0.305,0.163,0.322,0.120,0.023,0.000,62,19,7,0,0.276,0.205,0.286,0.193,0.066,0.012,63,47,15,7
0.218,0.318,0.212,-0.52,0.062,0,0.2421,0.0982,0.367,0.341,0.305,0.163,0.322,0.120,0.023,0.000,62,19,7,0,0.276,0.205,0.286,0.193,0.066,0.012,63,47,15,7
0.189,0.321,0.161,-0.52,0.062,0,0.2121,0.0667,0.341,0.341,0.305,0.163,0.322,0.120,0.023,0.000,62,19,7,0,0.276,0.205,0.286,0.193,0.066,0.012,63,47,15,7
0.221,0.244,0.206,2.1,0.128,0,0.1954,0.0501,0.102,0.02,0.305,0.163,0.322,0.120,0.023,0.000,62,19,7,0,0.276,0.205,0.286,0.193,0.066,0.012,63,47,15,7
0.202,0.229,0.036,-1.14,0.131,0,0.1820,0.0383,0.263,0.987,0.305,0.163,0.322,0.120,0.023,0.000,62,19,7,0,0.276,0.205,0.286,0.193,0.066,0.012,63,47,15,7
0.194,0.207,0.139,0.85,0.046,0,0.1761,0.0377,0.232,0.06,0.305,0.163,0.322,0.120,0.023,0.000,62,19,7,0,0.276,0.205,0.286,0.193,0.066,0.012,63,47,15,7
0.234,0.288,0.312,-0.52,0.062,0,0.1673,0.0395,0.242,0.341,0.305,0.163,0.322,0.120,0.023,0.000,62,19,7,0,0.276,0.205,0.286,0.193,0.066,0.012,63,47,15,7
0.226,0.193,0.127,1.99,0.186,0,0.1553,0.0393,0.070,-0.326,0.305,0.163,0.322,0.120,0.023,0.000,62,19,7,0,0.276,0.205,0.286,0.193,0.066,0.012,63,47,15,7
0.224,0.248,0.329,-0.08,0.108,0,0.1327,0.0308,0.181,0.059,0.305,0.163,0.322,0.120,0.023,0.000,62,19,7,0,0.276,0.205,0.286,0.193,0.066,0.012,63,47,15,7
0.194,0.207,0.148,2.1,0.128,0,0.1121,0.0262,0.062,0.02,0.305,0.163,0.322,0.120,0.023,0.000,62,19,7,0,0.276,0.205,0.286,0.193,0.066,0.012,63,47,15,7
0.198,0.219,0.275,-1.1,0.105,-1,0.0850,0.0171,0.183,0.192,0.305,0.163,0.322,0.120,0.023,0.000,62,19,7,0,0.276,0.205,0.286,0.193,0.066,0.012,63,47,15,7
0.202,0.250,0.331,2.1,0.128,0,0.0611,0.0110,0.066,0.02,0.305,0.163,0.322,0.120,0.023,0.000,62,19,7,0,0.276,0.205,0.286,0.193,0.066,0.012,63,47,15,7
0.193,0.284,0.194,1.37,0.298,0,0.0388,0.0050,0.163,-0.510,0.305,0.163,0.322,0.120,0.023,0.000,62,19,7,0,0.276,0.205,0.286,0.193,0.066,0.012,63,47,15,7
0.193,0.246,0.028,0.85,0.046,0,0.0290,0.0035,0.139,0.06,0.305,0.163,0.322,0.120,0.023,0.000,62,19,7,0,0.276,0.205,0.286,0.193,0.066,0.012,63,47,15,7
0.194,0.375,0.134,-0.08,0.108,0,0.0313,0.0049,0.206,0.059,0.305,0.163,0.322,0.120,0.023,0.000,62,19,7,0,0.276,0.205,0.286,0.193,0.066,0.012,63,47,15,7
0.209,0.373,0.177,-1.1,0.105,-1,0.0379,0.0064,0.265,0.192,0.305,0.163,0.322,0.120,0.023,0.000,62,19,7,0,0.276,0.205,0.286,0.193,0.066,0.012,63,47,15,7
0.202,0.452,0.670,-1.19,0.219,1,0.0425,0.0068,0.316,0.586,0.305,0.163,0.322,0.120,0.023,0.000,62,19,7,0,0.276,0.205,0.286,0.193,0.066,0.012,63,47,15,7
0.188,0.262,0.552,2.53,0.140,0,0.0476,0.0059,0.074,-0.121,0.305,0.163,0.322,0.120,0.023,0.000,62,19,7,0,0.276,0.205,0.286,0.193,0.066,0.012,63,47,15,7
0.188,0.307,0.370,2.1,0.128,0,0.0600,0.0092,0.044,0.02,0.305,0.163,0.322,0.120,0.023,0.000,62,19,7,0,0.276,0.205,0.286,0.193,0.066,0.012,63,47,15,7
0.198,0.326,0.672,-0.52,0.062,0,0.0893,0.0237,0.165,0.341,0.305,0.163,0.322,0.120,0.023,0.000,62,19,7,0,0.276,0.205,0.286,0.193,0.066,0.012,63,47,15,7
0.185,0.234,0.526,3.14,0.186,0,0.1259,0.0459,0.058,-0.486,0.305,0.163,0.322,0.120,0.023,0.000,62,19,7,0,0.276,0.205,0.286,0.193,0.066,0.012,63,47,15,7
0.199,0.229,0.622,2.1,0.128,0,0.1615,0.0638,0.055,0.02,0.305,0.163,0.322,0.120,0.023,0.000,62,19,7,0,0.276,0.205,0.286,0.193,0.066,0.012,63,47,15,7
0.195,0.216,0.507,1.99,0.186,0,0.1977,0.0808,0.111,-0.326,0.305,0.163,0.322,0.120,0.023,0.000,62,19,7,0,0.276,0.205,0.286,0.193,0.066,0.012,63,47,15,7
0.220,0.300,0.623,-0.52,0.062,0,0.2278,0.0977,0.239,0.341,0.305,0.163,0.322,0.120,0.023,0.000,62,19,7,0,0.276,0.205,0.286,0.193,0.066,0.012,63,47,15,7
0.209,0.722,0.721,0.2,0.291,1,0.2470,0.1047,0.294,0.180,0.305,0.163,0.322,0.120,0.023,0.000,62,19,7,0,0.276,0.205,0.286,0.193,0.066,0.012,63,47,15,7
0.210,0.692,0.571,0.2,0.291,1,0.2635,0.1138,0.242,0.180,0.305,0.163,0.322,0.120,0.023,0.000,62,19,7,0,0.276,0.205,0.286,0.193,0.066,0.012,63,47,15,7
0.222,0.261,0.419,-0.42,0.180,0,0.2788,0.1284,0.313,0.318,0.305,0.163,0.322,0.120,0.023,0.000,62,19,7,0,0.276,0.205,0.286,0.193,0.066,0.012,63,47,15,7
0.152,0.242,0.401,-0.42,0.180,0,0.2919,0.1467,0.363,0.318,0.305,0.163,0.322,0.120,0.023,0.000,62,19,7,0,0.276,0.205,0.286,0.193,0.066,0.012,63,47,15,7
0.158,0.206,0.250,2.53,0.140,0,0.3205,0.1820,0.159,-0.121,0.305,0.163,0.322,0.120,0.023,0.000,62,19,7,0,0.276,0.205,0.286,0.193,0.066,0.012,63,47,15,7
0.154,0.226,0.209,0.85,0.046,0,0.3597,0.2251,0.180,0.06,0.305,0.163,0.322,0.120,0.023,0.000,62,19,7,0,0.276,0.205,0.286,0.193,0.066,0.012,63,47,15,7
0.141,0.215,0.298,-1.14,0.131,0,0.4011,0.2722,0.385,0.987,0.305,0.163,0.322,0.120,0.023,0.000,62,19,7,0,0.276,0.205,0.286,0.193,0.066,0.012,63,47,15,7
0.118,0.767,0.487,0.2,0.291,1,0.4411,0.3156,0.398,0.180,0.305,0.163,0.322,0.120,0.023,0.000,62,19,7,0,0.276,0.205,0.286,0.193,0.066,0.012,63,47,15,7
0.115,0.288,0.433,0.85,0.046,0,0.4714,0.3475,0.311,0.06,0.305,0.163,0.322,0.120,0.023,0.000,62,19,7,0,0.276,0.205,0.286,0.193,0.066,0.012,63,47,15,7
0.115,0.320,0.592,0,0.000,0,0.4899,0.3688,0.350,0.166,0.305,0.163,0.322,0.120,0.023,0.000,62,19,7,0,0.276,0.205,0.286,0.193,0.066,0.012,63,47,15,7
0.104,0.693,0.598,-0.08,0.108,0,0.4979,0.3806,0.241,0.059,0.305,0.163,0.322,0.120,0.023,0.000,62,19,7,0,0.276,0.205,0.286,0.193,0.066,0.012,63,47,15,7
0.124,0.696,0.373,-1.14,0.131,0,0.4952,0.3834,0.394,0.987,0.305,0.163,0.322,0.120,0.023,0.000,62,19,7,0,0.276,0.205,0.286,0.193,0.066,0.012,63,47,15,7
0.123,0.371,0.453,0,0.000,0,0.4778,0.3743,0.334,0.166,0.305,0.163,0.322,0.120,0.023,0.000,62,19,7,0,0.276,0.205,0.286,0.193,0.066,0.012,63,47,15,7
0.121,0.367,0.419,1.69,0.290,0,0.4634,0.3647,0.146,-0.697,0.305,0.163,0.322,0.120,0.023,0.000,62,19,7,0,0.276,0.205,0.286,0.193,0.066,0.012,63,47,15,7
0.106,0.795,0.525,0.2,0.291,1,0.4587,0.3676,0.360,0.180,0.305,0.163,0.322,0.120,0.023,0.000,62,19,7,0,0.276,0.205,0.286,0.193,0.066,0.012,63,47,15,7
0.102,0.373,0.272,0.85,0.046,0,0.4611,0.3725,0.102,0.06,0.305,0.163,0.322,0.120,0.023,0.000,62,19,7,0,0.276,0.205,0.286,0.193,0.066,0.012,63,47,15,7
0.097,0.360,0.337,-1.14,0.131,0,0.4622,0.3770,0.237,0.987,0.305,0.163,0.322,0.120,0.023,0.000,62,19,7,0,0.276,0.205,0.286,0.193,0.066,0.012,63,47,15,7
0.096,0.337,0.444,-0.79,0.151,-1,0.4569,0.3779,0.371,0.736,0.305,0.163,0.322,0.120,0.023,0.000,62,19,7,0,0.276,0.205,0.286,0.193,0.066,0.012,63,47,15,7
0.093,0.230,0.238,2.53,0.140,0,0.4410,0.3637,0.117,-0.121,0.305,0.163,0.322,0.120,0.023,0.000,62,19,7,0,0.276,0.205,0.286,0.193,0.066,0.012,63,47,15,7
0.090,0.248,0.076,1.99,0.186,0,0.4229,0.3480,0.088,-0.326,0.305,0.163,0.322,0.120,0.023,0.000,62,19,7,0,0.276,0.205,0.286,0.193,0.066,0.012,63,47,15,7
0.085,0.221,0.279,-0.08,0.108,0,0.4049,0.3295,0.276,0.059,0.305,0.163,0.322,0.120,0.023,0.000,62,19,7,0,0.276,0.205,0.286,0.193,0.066,0.012,63,47,15,7
0.093,0.260,0.428,-1.19,0.219,1,0.3802,0.3036,0.405,0.586,0.305,0.163,0.322,0.120,0.023,0.000,62,19,7,0,0.276,0.205,0.286,0.193,0.066,0.012,63,47,15,7
0.067,0.209,0.366,2.1,0.128,0,0.3543,0.2761,0.087,0.02,0.305,0.163,0.322,0.120,0.023,0.000,62,19,7,0,0.276,0.205,0.286,0.193,0.066,0.012,63,47,15,7
0.069,0.187,0.357,-1.14,0.131,0,0.3276,0.2478,0.350,0.987,0.305,0.163,0.322,0.120,0.023,0.000,62,19,7,0,0.276,0.205,0.286,0.193,0.066,0.012,63,47,15,7
0.085,0.265,0.597,-0.48,0.134,0,0.3124,0.2283,0.425,0.007,0.305,0.163,0.322,0.120,0.023,0.000,62,19,7,0,0.276,0.205,0.286,0.193,0.066,0.012,63,47,15,7
0.083,0.330,0.572,-0.42,0.180,0,0.2888,0.2048,0.289,0.318,0.305,0.163,0.322,0.120,0.023,0.000,62,19,7,0,0.276,0.205,0.286,0.193,0.066,0.012,63,47,15,7
0.083,0.383,0.349,-0.08,0.108,0,0.2585,0.1766,0.262,0.059,0.305,0.163,0.322,0.120,0.023,0.000,62,19,7,0,0.276,0.205,0.286,0.193,0.066,0.012,63,47,15,7
0.084,0.374,0.394,-0.08,0.108,0,0.2233,0.1462,0.197,0.059,0.305,0.163,0.322,0.120,0.023,0.000,62,19,7,0,0.276,0.205,0.286,0.193,0.066,0.012,63,47,15,7
0.085,0.362,0.407,0.85,0.046,0,0.1934,0.1188,0.094,0.06,0.305,0.163,0.322,0.120,0.023,0.000,62,19,7,0,0.276,0.205,0.286,0.193,0.066,0.012,63,47,15,7
0.085,0.333,0.186,3.14,0.186,0,0.1670,0.0962,0.095,-0.486,0.305,0.163,0.322,0.120,0.023,0.000,62,19,7,0,0.276,0.205,0.286,0.193,0.066,0.012,63,47,15,7
0.090,0.331,0.261,-1.1,0.105,-1,0.1427,0.0736,0.148,0.192,0.305,0.163,0.322,0.120,0.023,0.000,62,19,7,0,0.276,0.205,0.286,0.193,0.066,0.012,63,47,15,7
0.094,0.297,0.096,1.42,0.221,0,0.1207,0.0521,0.079,-0.397,0.305,0.163,0.322,0.120,0.023,0.000,62,19,7,0,0.276,0.205,0.286,0.193,0.066,0.012,63,47,15,7
0.075,0.390,0.151,1.76,0.409,0,0.1117,0.0436,0.098,-0.884,0.305,0.163,0.322,0.120,0.023,0.000,62,19,7,0,0.276,0.205,0.286,0.193,0.066,0.012,63,47,15,7
0.077,0.309,0.085,-0.52,0.062,0,0.1142,0.0446,0.141,0.341,0.305,0.163,0.322,0.120,0.023,0.000,62,19,7,0,0.276,0.205,0.286,0.193,0.066,0.012,63,47,15,7
0.082,0.223,0.003,0.85,0.046,0,0.1153,0.0459,0.090,0.06,0.305,0.163,0.322,0.120,0.023,0.000,62,19,7,0,0.276,0.205,0.286,0.193,0.066,0.012,63,47,15,7
0.101,0.264,0.029,0,0.000,0,0.1089,0.0422,0.064,0.166,0.305,0.163,0.322,0.120,0.023,0.000,62,19,7,0,0.276,0.205,0.286,0.193,0.066,0.012,63,47,15,7
0.093,0.196,0.012,2.53,0.140,0,0.0902,0.0318,0.053,-0.121,0.305,0.163,0.322,0.120,0.023,0.000,62,19,7,0,0.276,0.205,0.286,0.193,0.066,0.012,63,47,15,7
0.094,0.236,0.006,3.14,0.186,0,0.0712,0.0230,0.041,-0.486,0.305,0.163,0.322,0.120,0.023,0.000,62,19,7,0,0.276,0.205,0.286,0.193,0.066,0.012,63,47,15,7
0.081,0.261,0.004,1.69,0.290,0,0.0609,0.0196,0.032,-0.697,0.305,0.163,0.322,0.120,0.023,0.000,62,19,7,0,0.276,0.205,0.286,0.193,0.066,0.012,63,47,15,7
0.071,0.226,0.001,1.99,0.186,0,0.0563,0.0196,0.023,-0.326,0.305,0.163,0.322,0.120,0.023,0.000,62,19,7,0,0.276,0.205,0.286,0.193,0.066,0.012,63,47,15,7
0.092,0.304,0.068,-0.52,0.062,0,0.0503,0.0161,0.051,0.341,0.305,0.163,0.322,0.120,0.023,0.000,62,19,7,0,0.276,0.205,0.286,0.193,0.066,0.012,63,47,15,7
0.096,0.178,0.004,1.99,0.186,0,0.0495,0.0157,0.052,-0.326,0.305,0.163,0.322,0.120,0.023,0.000,62,19,7,0,0.276,0.205,0.286,0.193,0.066,0.012,63,47,15,7
0.097,0.238,0.004,1.99,0.186,0,0.0518,0.0164,0.090,-0.326,0.305,0.163,0.322,0.120,0.023,0.000,62,19,7,0,0.276,0.205,0.286,0.193,0.066,0.012,63,47,15,7
0.134,0.328,0.042,-0.52,0.062,0,0.0575,0.0184,0.159,0.341,0.305,0.163,0.322,0.120,0.023,0.000,62,19,7,0,0.276,0.205,0.286,0.193,0.066,0.012,63,47,15,7
0.123,0.333,0.193,0,0.000,0,0.0684,0.0223,0.230,0.166,0.305,0.163,0.322,0.120,0.023,0.000,62,19,7,0,0.276,0.205,0.286,0.193,0.066,0.012,63,47,15,7
0.122,0.557,0.344,0.2,0.291,1,0.0708,0.0214,0.317,0.180,0.305,0.163,0.322,0.120,0.023,0.000,62,19,7,0,0.276,0.205,0.286,0.193,0.066,0.012,63,47,15,7
0.113,0.489,0.271,1.37,0.298,0,0.0823,0.0240,0.115,-0.510,0.305,0.163,0.322,0.120,0.023,0.000,62,19,7,0,0.276,0.205,0.286,0.193,0.066,0.012,63,47,15,7
0.114,0.320,0.400,-1.14,0.131,0,0.0930,0.0265,0.217,0.987,0.305,0.163,0.322,0.120,0.023,0.000,62,19,7,0,0.276,0.205,0.286,0.193,0.066,0.012,63,47,15,7
0.116,0.358,0.543,1.69,0.290,0,0.1122,0.0322,0.134,-0.697,0.305,0.163,0.322,0.120,0.023,0.000,62,19,7,0,0.276,0.205,0.286,0.193,0.066,0.012,63,47,15,7
0.141,0.455,0.315,1.37,0.298,0,0.1278,0.0356,0.168,-0.510,0.305,0.163,0.322,0.120,0.023,0.000,62,19,7,0,0.276,0.205,0.286,0.193,0.066,0.012,63,47,15,7
0.138,0.355,0.204,-1.19,0.219,1,0.1472,0.0413,0.335,0.586,0.305,0.163,0.322,0.120,0.023,0.000,62,19,7,0,0.276,0.205,0.286,0.193,0.066,0.012,63,47,15,7
0.128,0.216,0.187,0.85,0.046,0,0.1634,0.0468,0.152,0.06,0.305,0.163,0.322,0.120,0.023,0.000,62,19,7,0,0.276,0.205,0.286,0.193,0.066,0.012,63,47,15,7
0.134,0.268,0.202,-0.52,0.062,0,0.1689,0.0442,0.215,0.341,0.305,0.163,0.322,0.120,0.023,0.000,62,19,7,0,0.276,0.205,0.286,0.193,0.066,0.012,63,47,15,7
0.128,0.207,0.022,-1.1,0.105,-1,0.1772,0.0467,0.414,0.192,0.305,0.163,0.322,0.120,0.023,0.000,62,19,7,0,0.276,0.205,0.286,0.193,0.066,0.012,63,47,15,7
0.119,0.170,0.028,-1.1,0.105,-1,0.1840,0.0490,0.224,0.192,0.305,0.163,0.322,0.120,0.023,0.000,62,19,7,0,0.276,0.205,0.286,0.193,0.066,0.012,63,47,15,7
0.121,0.158,0.002,1.99,0.186,0,0.1961,0.0554,0.085,-0.326,0.305,0.163,0.322,0.120,0.023,0.000,62,19,7,0,0.276,0.205,0.286,0.193,0.066,0.012,63,47,15,7
0.119,0.213,0.017,-0.08,0.108,0,0.2170,0.0687,0.261,0.059,0.305,0.163,0.322,0.120,0.023,0.000,62,19,7,0,0.276,0.205,0.286,0.193,0.066,0.012,63,47,15,7
0.140,0.144,0.002,0.85,0.046,0,0.2488,0.0889,0.124,0.06,0.305,0.163,0.322,0.120,0.023,0.000,62,19,7,0,0.276,0.205,0.286,0.193,0.066,0.012,63,47,15,7
0.151,0.146,0.003,1.99,0.186,0,0.2781,0.1040,0.050,-0.326,0.305,0.163,0.322,0.120,0.023,0.000,62,19,7,0,0.276,0.205,0.286,0.193,0.066,0.012,63,47,15,7
0.150,0.150,0.002,0.85,0.046,0,0.3138,0.1230,0.077,0.06,0.305,0.163,0.322,0.120,0.023,0.000,62,19,7,0,0.276,0.205,0.286,0.193,0.066,0.012,63,47,15,7
0.159,0.189,0.004,-0.42,0.180,0,0.3426,0.1394,0.229,0.318,0.305,0.163,0.322,0.120,0.023,0.000,62,19,7,0,0.276,0.205,0.286,0.193,0.066,0.012,63,47,15,7
0.126,0.168,0.002,3.14,0.186,0,0.3663,0.1504,0.054,-0.486,0.305,0.163,0.322,0.120,0.023,0.000,62,19,7,0,0.276,0.205,0.286,0.193,0.066,0.012,63,47,15,7
0.121,0.167,0.001,1.42,0.221,0,0.3744,0.1487,0.058,-0.397,0.305,0.163,0.322,0.120,0.023,0.000,62,19,7,0,0.276,0.205,0.286,0.193,0.066,0.012,63,47,15,7
0.116,0.203,0.114,-0.08,0.108,0,0.3708,0.1451,0.217,0.059,0.305,0.163,0.322,0.120,0.023,0.000,62,19,7,0,0.276,0.205,0.286,0.193,0.066,0.012,63,47,15,7
0.121,0.188,0.014,3.14,0.186,0,0.3602,0.1409,0.107,-0.486,0.305,0.163,0.322,0.120,0.023,0.000,62,19,7,0,0.276,0.205,0.286,0.193,0.066,0.012,63,47,15,7
0.156,0.691,0.417,0.2,0.291,1,0.3537,0.1428,0.302,0.180,0.305,0.163,0.322,0.120,0.023,0.000,62,19,7,0,0.276,0.205,0.286,0.193,0.066,0.012,63,47,15,7
0.149,0.276,0.290,0,0.000,0,0.3571,0.1553,0.251,0.166,0.305,0.163,0.322,0.120,0.023,0.000,62,19,7,0,0.276,0.205,0.286,0.193,0.066,0.012,63,47,15,7
0.130,0.363,0.490,-0.52,0.062,0,0.3520,0.1636,0.191,0.341,0.305,0.163,0.322,0.120,0.023,0.000,62,19,7,0,0.276,0.205,0.286,0.193,0.066,0.012,63,47,15,7
0.132,0.739,0.642,0.2,0.291,1,0.3511,0.1768,0.358,0.180,0.305,0.163,0.322,0.120,0.023,0.000,62,19,7,0,0.276,0.205,0.286,0.193,0.066,0.012,63,47,15,7
0.163,0.234,0.355,-0.79,0.151,-1,0.3514,0.1985,0.391,0.736,0.305,0.163,0.322,0.120,0.023,0.000,62,19,7,0,0.276,0.205,0.286,0.193,0.066,0.012,63,47,15,7
0.170,0.301,0.024,-0.08,0.108,0,0.3370,0.2101,0.116,0.059,0.305,0.163,0.322,0.120,0.023,0.000,62,19,7,0,0.276,0.205,0.286,0.193,0.066,0.012,63,47,15,7
0.171,0.221,0.257,3.14,0.186,0,0.3271,0.2273,0.089,-0.486,0.305,0.163,0.322,0.120,0.023,0.000,62,19,7,0,0.276,0.205,0.286,0.193,0.066,0.012,63,47,15,7
0.174,0.308,0.083,-0.42,0.180,0,0.3124,0.2386,0.373,0.318,0.305,0.163,0.322,0.120,0.023,0.000,62,19,7,0,0.276,0.205,0.286,0.193,0.066,0.012,63,47,15,7
0.172,0.228,0.018,0.85,0.046,0,0.2945,0.2456,0.149,0.06,0.305,0.163,0.322,0.120,0.023,0.000,62,19,7,0,0.276,0.205,0.286,0.193,0.066,0.012,63,47,15,7
0.189,0.218,0.003,0.85,0.046,0,0.2784,0.2498,0.040,0.06,0.305,0.163,0.322,0.120,0.023,0.000,62,19,7,0,0.276,0.205,0.286,0.193,0.066,0.012,63,47,15,7
0.234,0.365,0.240,-1.19,0.219,1,0.2696,0.2542,0.357,0.586,0.305,0.163,0.322,0.120,0.023,0.000,62,19,7,0,0.276,0.205,0.286,0.193,0.066,0.012,63,47,15,7
0.189,0.275,0.209,-0.08,0.108,0,0.2520,0.2464,0.380,0.059,0.305,0.163,0.322,0.120,0.023,0.000,62,19,7,0,0.276,0.205,0.286,0.193,0.066,0.012,63,47,15,7
0.185,0.228,0.006,1.69,0.290,0,0.2465,0.2428,0.124,-0.697,0.305,0.163,0.322,0.120,0.023,0.000,62,19,7,0,0.276,0.205,0.286,0.193,0.066,0.012,63,47,15,7
0.170,0.303,0.005,0,0.000,0,0.2577,0.2526,0.238,0.166,0.305,0.163,0.322,0.120,0.023,0.000,62,19,7,0,0.276,0.205,0.286,0.193,0.066,0.012,63,47,15,7
0.164,0.710,0.312,-1.19,0.219,1,0.2726,0.2665,0.323,0.586,0.305,0.163,0.322,0.120,0.023,0.000,62,19,7,0,0.276,0.205,0.286,0.193,0.066,0.012,63,47,15,7
0.193,0.690,0.030,-0.52,0.062,0,0.2678,0.2606,0.188,0.341,0.305,0.163,0.322,0.120,0.023,0.000,62,19,7,0,0.276,0.205,0.286,0.193,0.066,0.012,63,47,15,7
0.195,0.336,0.004,3.14,0.186,0,0.2620,0.2587,0.100,-0.486,0.305,0.163,0.322,0.120,0.023,0.000,62,19,7,0,0.276,0.205,0.286,0.193,0.066,0.012,63,47,15,7
0.198,0.307,0.011,1.99,0.186,0,0.2455,0.2522,0.130,-0.326,0.305,0.163,0.322,0.120,0.023,0.000,62,19,7,0,0.276,0.205,0.286,0.193,0.066,0.012,63,47,15,7
0.211,0.261,0.016,2.1,0.128,0,0.2350,0.2527,0.118,0.02,0.305,0.163,0.322,0.120,0.023,0.000,62,19,7,0,0.276,0.205,0.286,0.193,0.066,0.012,63,47,15,7
0.254,0.334,0.019,-0.52,0.062,0,0.2291,0.2573,0.221,0.341,0.305,0.163,0.322,0.120,0.023,0.000,62,19,7,0,0.276,0.205,0.286,0.193,0.066,0.012,63,47,15,7
0.251,0.412,0.043,-1.19,0.219,1,0.2182,0.2535,0.462,0.586,0.305,0.163,0.322,0.120,0.023,0.000,62,19,7,0,0.276,0.205,0.286,0.193,0.066,0.012,63,47,15,7
0.214,0.314,0.007,-0.79,0.151,-1,0.1943,0.2389,0.504,0.736,0.305,0.163,0.322,0.120,0.023,0.000,62,19,7,0,0.276,0.205,0.286,0.193,0.066,0.012,63,47,15,7
0.186,0.267,0.020,2.53,0.140,0,0.1771,0.2298,0.166,-0.121,0.305,0.163,0.322,0.120,0.023,0.000,62,19,7,0,0.276,0.205,0.286,0.193,0.066,0.012,63,47,15,7
0.229,0.292,0.073,-1.14,0.131,0,0.1657,0.2246,0.280,0.987,0.305,0.163,0.322,0.120,0.023,0.000,62,19,7,0,0.276,0.205,0.286,0.193,0.066,0.012,63,47,15,7
0.224,0.233,0.235,0.85,0.046,0,0.1714,0.2325,0.299,0.06,0.305,0.163,0.322,0.120,0.023,0.000,62,19,7,0,0.276,0.205,0.286,0.193,0.066,0.012,63,47,15,7
0.191,0.294,0.174,-0.42,0.180,0,0.1854,0.2436,0.518,0.318,0.305,0.163,0.322,0.120,0.023,0.000,62,19,7,0,0.276,0.205,0.286,0.193,0.066,0.012,63,47,15,7
0.186,0.187,0.111,-1.1,0.105,-1,0.2214,0.2738,0.232,0.192,0.305,0.163,0.322,0.120,0.023,0.000,62,19,7,0,0.276,0.205,0.286,0.193,0.066,0.012,63,47,15,7
0.197,0.169,0.002,1.99,0.186,0,0.2682,0.3131,0.029,-0.326,0.305,0.163,0.322,0.120,0.023,0.000,62,19,7,0,0.276,0.205,0.286,0.193,0.066,0.012,63,47,15,7
0.191,0.338,0.402,0.2,0.291,1,0.3208,0.3570,0.361,0.180,0.305,0.163,0.322,0.120,0.023,0.000,62,19,7,0,0.276,0.205,0.286,0.193,0.066,0.012,63,47,15,7
0.195,0.282,0.402,-1.19,0.219,1,0.3649,0.3941,0.396,0.586,0.305,0.163,0.322,0.120,0.023,0.000,62,19,7,0,0.276,0.205,0.286,0.193,0.066,0.012,63,47,15,7
0.195,0.166,0.005,1.99,0.186,0,0.3998,0.4213,0.026,-0.326,0.305,0.163,0.322,0.120,0.023,0.000,62,19,7,0,0.276,0.205,0.286,0.193,0.066,0.012,63,47,15,7
0.152,0.156,0.006,2.1,0.128,0,0.4312,0.4472,0.051,0.02,0.305,0.163,0.322,0.120,0.023,0.000,62,19,7,0,0.276,0.205,0.286,0.193,0.066,0.012,63,47,15,7
0.177,0.175,0.057,-0.79,0.151,-1,0.4559,0.4710,0.444,0.736,0.305,0.163,0.322,0.120,0.023,0.000,62,19,7,0,0.276,0.205,0.286,0.193,0.066,0.012,63,47,15,7
0.215,0.238,0.231,0.2,0.291,1,0.4563,0.4729,0.329,0.180,0.305,0.163,0.322,0.120,0.023,0.000,62,19,7,0,0.276,0.205,0.286,0.193,0.066,0.012,63,47,15,7
0.223,0.141,0.003,1.99,0.186,0,0.4379,0.4640,0.042,-0.326,0.305,0.163,0.322,0.120,0.023,0.000,62,19,7,0,0.276,0.205,0.286,0.193,0.066,0.012,63,47,15,7
0.212,0.290,0.163,0.2,0.291,1,0.4142,0.4512,0.385,0.180,0.305,0.163,0.322,0.120,0.023,0.000,62,19,7,0,0.276,0.205,0.286,0.193,0.066,0.012,63,47,15,7
0.228,0.189,0.147,0,0.000,0,0.4027,0.4497,0.537,0.166,0.305,0.163,0.322,0.120,0.023,0.000,62,19,7,0,0.276,0.205,0.286,0.193,0.066,0.012,63,47,15,7
0.228,0.167,0.276,1.42,0.221,0,0.3994,0.4546,0.209,-0.397,0.305,0.163,0.322,0.120,0.023,0.000,62,19,7,0,0.276,0.205,0.286,0.193,0.066,0.012,63,47,15,7
0.224,0.188,0.110,-1.1,0.105,-1,0.4038,0.4664,0.393,0.192,0.305,0.163,0.322,0.120,0.023,0.000,62,19,7,0,0.276,0.205,0.286,0.193,0.066,0.012,63,47,15,7
0.210,0.212,0.213,-0.52,0.062,0,0.4125,0.4810,0.365,0.341,0.305,0.163,0.322,0.120,0.023,0.000,62,19,7,0,0.276,0.205,0.286,0.193,0.066,0.012,63,47,15,7
0.176,0.267,0.282,-0.52,0.062,0,0.4405,0.5063,0.415,0.341,0.305,0.163,0.322,0.120,0.023,0.000,62,19,7,0,0.276,0.205,0.286,0.193,0.066,0.012,63,47,15,7
0.189,0.257,0.309,-0.08,0.108,0,0.4848,0.5412,0.304,0.059,0.305,0.163,0.322,0.120,0.023,0.000,62,19,7,0,0.276,0.205,0.286,0.193,0.066,0.012,63,47,15,7
0.185,0.192,0.343,-1.14,0.131,0,0.5315,0.5780,0.316,0.987,0.305,0.163,0.322,0.120,0.023,0.000,62,19,7,0,0.276,0.205,0.286,0.193,0.066,0.012,63,47,15,7
0.232,0.267,0.438,-1.19,0.219,1,0.5662,0.6034,0.442,0.586,0.305,0.163,0.322,0.120,0.023,0.000,62,19,7,0,0.276,0.205,0.286,0.193,0.066,0.012,63,47,15,7
0.239,0.190,0.253,1.99,0.186,0,0.5993,0.6284,0.121,-0.326,0.305,0.163,0.322,0.120,0.023,0.000,62,19,7,0,0.276,0.205,0.286,0.193,0.066,0.012,63,47,15,7
0.233,0.221,0.435,-0.08,0.108,0,0.6226,0.6471,0.237,0.059,0.305,0.163,0.322,0.120,0.023,0.000,62,19,7,0,0.276,0.205,0.286,0.193,0.066,0.012,63,47,15,7
0.217,0.195,0.225,-0.52,0.062,0,0.6383,0.6590,0.332,0.341,0.305,0.163,0.322,0.120,0.023,0.000,62,19,7,0,0.276,0.205,0.286,0.193,0.066,0.012,63,47,15,7
0.214,0.152,0.044,-1.1,0.105,-1,0.6330,0.6589,0.277,0.192,0.305,0.163,0.322,0.120,0.023,0.000,62,19,7,0,0.276,0.205,0.286,0.193,0.066,0.012,63,47,15,7
0.201,0.143,0.007,3.14,0.186,0,0.6201,0.6519,0.113,-0.486,0.305,0.163,0.322,0.120,0.023,0.000,62,19,7,0,0.276,0.205,0.286,0.193,0.066,0.012,63,47,15,7
0.218,0.226,0.100,-0.42,0.180,0,0.5987,0.6378,0.392,0.318,0.305,0.163,0.322,0.120,0.023,0.000,62,19,7,0,0.276,0.205,0.286,0.193,0.066,0.012,63,47,15,7
0.173,0.184,0.016,0,0.000,0,0.5940,0.6386,0.269,0.166,0.305,0.163,0.322,0.120,0.023,0.000,62,19,7,0,0.276,0.205,0.286,0.193,0.066,0.012,63,47,15,7
0.202,0.256,0.095,0.22,0.230,0,0.5933,0.6406,0.235,0.303,0.305,0.163,0.322,0.120,0.023,0.000,62,19,7,0,0.276,0.205,0.286,0.193,0.066,0.012,63,47,15,7
0.202,0.180,0.058,0.85,0.046,0,0.5940,0.6432,0.234,0.06,0.305,0.163,0.322,0.120,0.023,0.000,62,19,7,0,0.276,0.205,0.286,0.193,0.066,0.012,63,47,15,7
0.202,0.252,0.325,-0.52,0.062,0,0.5988,0.6441,0.322,0.341,0.305,0.163,0.322,0.120,0.023,0.000,62,19,7,0,0.276,0.205,0.286,0.193,0.066,0.012,63,47,15,7
0.177,0.252,0.244,0.22,0.230,0,0.6119,0.6491,0.312,0.303,0.305,0.163,0.322,0.120,0.023,0.000,62,19,7,0,0.276,0.205,0.286,0.193,0.066,0.012,63,47,15,7
0.216,0.260,0.141,-0.42,0.180,0,0.6115,0.6437,0.275,0.318,0.305,0.163,0.322,0.120,0.023,0.000,62,19,7,0,0.276,0.205,0.286,0.193,0.066,0.012,63,47,15,7
0.227,0.185,0.201,-1.14,0.131,0,0.5906,0.6258,0.330,0.987,0.305,0.163,0.322,0.120,0.023,0.000,62,19,7,0,0.276,0.205,0.286,0.193,0.066,0.012,63,47,15,7
0.227,0.182,0.127,0.85,0.046,0,0.5574,0.6018,0.267,0.06,0.305,0.163,0.322,0.120,0.023,0.000,62,19,7,0,0.276,0.205,0.286,0.193,0.066,0.012,63,47,15,7
0.241,0.145,0.147,3.14,0.186,0,0.5195,0.5739,0.190,-0.486,0.305,0.163,0.322,0.120,0.023,0.000,62,19,7,0,0.276,0.205,0.286,0.193,0.066,0.012,63,47,15,7
0.246,0.156,0.139,-0.52,0.062,0,0.4986,0.5549,0.287,0.341,0.305,0.163,0.322,0.120,0.023,0.000,62,19,7,0,0.276,0.205,0.286,0.193,0.066,0.012,63,47,15,7
0.253,0.163,0.025,-0.79,0.151,-1,0.4869,0.5418,0.453,0.736,0.305,0.163,0.322,0.120,0.023,0.000,62,19,7,0,0.276,0.205,0.286,0.193,0.066,0.012,63,47,15,7
0.242,0.233,0.059,-1.19,0.219,1,0.4758,0.5304,0.429,0.586,0.305,0.163,0.322,0.120,0.023,0.000,62,19,7,0,0.276,0.205,0.286,0.193,0.066,0.012,63,47,15,7
0.217,0.199,0.026,-0.08,0.108,0,0.4659,0.5224,0.298,0.059,0.305,0.163,0.322,0.120,0.023,0.000,62,19,7,0,0.276,0.205,0.286,0.193,0.066,0.012,63,47,15,7
0.208,0.181,0.007,-1.1,0.105,-1,0.4656,0.5214,0.401,0.192,0.305,0.163,0.322,0.120,0.023,0.000,62,19,7,0,0.276,0.205,0.286,0.193,0.066,0.012,63,47,15,7
0.191,0.226,0.116,0.22,0.230,0,0.4857,0.5325,0.319,0.303,0.305,0.163,0.322,0.120,0.023,0.000,62,19,7,0,0.276,0.205,0.286,0.193,0.066,0.012,63,47,15,7
0.182,0.301,0.093,-1.19,0.219,1,0.5041,0.5426,0.376,0.586,0.305,0.163,0.322,0.120,0.023,0.000,62,19,7,0,0.276,0.205,0.286,0.193,0.066,0.012,63,47,15,7
0.182,0.183,0.030,0.85,0.046,0,0.5212,0.5497,0.113,0.06,0.305,0.163,0.322,0.120,0.023,0.000,62,19,7,0,0.276,0.205,0.286,0.193,0.066,0.012,63,47,15,7
0.171,0.220,0.015,-0.52,0.062,0,0.5226,0.5456,0.167,0.341,0.305,0.163,0.322,0.120,0.023,0.000,62,19,7,0,0.276,0.205,0.286,0.193,0.066,0.012,63,47,15,7
0.178,0.143,0.045,2.1,0.128,0,0.5202,0.5409,0.090,0.02,0.305,0.163,0.322,0.120,0.023,0.000,62,19,7,0,0.276,0.205,0.286,0.193,0.066,0.012,63,47,15,7
0.185,0.164,0.002,1.99,0.186,0,0.5035,0.5254,0.100,-0.326,0.305,0.163,0.322,0.120,0.023,0.000,62,19,7,0,0.276,0.205,0.286,0.193,0.066,0.012,63,47,15,7
0.151,0.199,0.027,2.53,0.140,0,0.4892,0.5143,0.081,-0.121,0.305,0.163,0.322,0.120,0.023,0.000,62,19,7,0,0.276,0.205,0.286,0.193,0.066,0.012,63,47,15,7
0.192,0.256,0.018,-0.42,0.180,0,0.4639,0.4885,0.260,0.318,0.305,0.163,0.322,0.120,0.023,0.000,62,19,7,0,0.276,0.205,0.286,0.193,0.066,0.012,63,47,15,7
0.130,0.207,0.072,-0.08,0.108,0,0.4509,0.4735,0.119,0.059,0.305,0.163,0.322,0.120,0.023,0.000,62,19,7,0,0.276,0.205,0.286,0.193,0.066,0.012,63,47,15,7
0.168,0.182,0.115,-1.14,0.131,0,0.4358,0.4575,0.215,0.987,0.305,0.163,0.322,0.120,0.023,0.000,62,19,7,0,0.276,0.205,0.286,0.193,0.066,0.012,63,47,15,7
0.213,0.195,0.160,-1.14,0.131,0,0.4188,0.4422,0.379,0.987,0.305,0.163,0.322,0.120,0.023,0.000,62,19,7,0,0.276,0.205,0.286,0.193,0.066,0.012,63,47,15,7
0.203,0.209,0.391,0,0.000,0,0.4126,0.4364,0.258,0.166,0.305,0.163,0.322,0.120,0.023,0.000,62,19,7,0,0.276,0.205,0.286,0.193,0.066,0.012,63,47,15,7
0.161,0.253,0.184,-0.42,0.180,0,0.4228,0.4421,0.357,0.318,0.305,0.163,0.322,0.120,0.023,0.000,62,19,7,0,0.276,0.205,0.286,0.193,0.066,0.012,63,47,15,7
0.167,0.254,0.364,1.37,0.298,0,0.4600,0.4646,0.172,-0.510,0.305,0.163,0.322,0.120,0.023,0.000,62,19,7,0,0.276,0.205,0.286,0.193,0.066,0.012,63,47,15,7
0.136,0.247,0.342,-0.52,0.062,0,0.5013,0.4838,0.275,0.341,0.305,0.163,0.322,0.120,0.023,0.000,62,19,7,0,0.276,0.205,0.286,0.193,0.066,0.012,63,47,15,7
0.139,0.225,0.263,0,0.000,0,0.5427,0.5019,0.270,0.166,0.305,0.163,0.322,0.120,0.023,0.000,62,19,7,0,0.276,0.205,0.286,0.193,0.066,0.012,63,47,15,7
0.144,0.359,0.557,-0.48,0.134,0,0.5595,0.5032,0.348,0.007,0.305,0.163,0.322,0.120,0.023,0.000,62,19,7,0,0.276,0.205,0.286,0.193,0.066,0.012,63,47,15,7
0.117,0.307,0.408,-0.52,0.062,0,0.5493,0.4856,0.248,0.341,0.305,0.163,0.322,0.120,0.023,0.000,62,19,7,0,0.276,0.205,0.286,0.193,0.066,0.012,63,47,15,7
0.130,0.287,0.485,1.69,0.290,0,0.5193,0.4537,0.128,-0.697,0.305,0.163,0.322,0.120,0.023,0.000,62,19,7,0,0.276,0.205,0.286,0.193,0.066,0.012,63,47,15,7
0.140,0.376,0.790,-1.19,0.219,1,0.4807,0.4149,0.403,0.586,0.305,0.163,0.322,0.120,0.023,0.000,62,19,7,0,0.276,0.205,0.286,0.193,0.066,0.012,63,47,15,7
0.121,0.366,0.587,-1.19,0.219,1,0.4397,0.3746,0.442,0.586,0.305,0.163,0.322,0.120,0.023,0.000,62,19,7,0,0.276,0.205,0.286,0.193,0.066,0.012,63,47,15,7
0.122,0.250,0.651,0,0.000,0,0.3864,0.3282,0.286,0.166,0.305,0.163,0.322,0.120,0.023,0.000,62,19,7,0,0.276,0.205,0.286,0.193,0.066,0.012,63,47,15,7
0.097,0.205,0.516,-1.1,0.105,-1,0.3437,0.2919,0.383,0.192,0.305,0.163,0.322,0.120,0.023,0.000,62,19,7,0,0.276,0.205,0.286,0.193,0.066,0.012,63,47,15,7
0.089,0.225,0.517,-0.52,0.062,0,0.3160,0.2678,0.293,0.341,0.305,0.163,0.322,0.120,0.023,0.000,62,19,7,0,0.276,0.205,0.286,0.193,0.066,0.012,63,47,15,7
0.085,0.251,0.453,-0.48,0.134,0,0.3052,0.2583,0.367,0.007,0.305,0.163,0.322,0.120,0.023,0.000,62,19,7,0,0.276,0.205,0.286,0.193,0.066,0.012,63,47,15,7
0.076,0.228,0.218,-0.52,0.062,0,0.3085,0.2544,0.177,0.341,0.305,0.163,0.322,0.120,0.023,0.000,62,19,7,0,0.276,0.205,0.286,0.193,0.066,0.012,63,47,15,7
0.063,0.191,0.145,2.1,0.128,0,0.3287,0.2630,0.073,0.02,0.305,0.163,0.322,0.120,0.023,0.000,62,19,7,0,0.276,0.205,0.286,0.193,0.066,0.012,63,47,15,7
0.074,0.152,0.103,-0.79,0.151,-1,0.3444,0.2668,0.312,0.736,0.305,0.163,0.322,0.120,0.023,0.000,62,19,7,0,0.276,0.205,0.286,0.193,0.066,0.012,63,47,15,7
0.057,0.160,0.136,0.22,0.230,0,0.3499,0.2645,0.216,0.303,0.305,0.163,0.322,0.120,0.023,0.000,62,19,7,0,0.276,0.205,0.286,0.193,0.066,0.012,63,47,15,7
0.071,0.136,0.099,2.1,0.128,0,0.3376,0.2470,0.062,0.02,0.305,0.163,0.322,0.120,0.023,0.000,62,19,7,0,0.276,0.205,0.286,0.193,0.066,0.012,63,47,15,7
0.038,0.128,0.061,1.69,0.290,0,0.3335,0.2401,0.070,-0.697,0.305,0.163,0.322,0.120,0.023,0.000,62,19,7,0,0.276,0.205,0.286,0.193,0.066,0.012,63,47,15,7
0.025,0.114,0.080,-1.1,0.105,-1,0.3343,0.2390,0.306,0.192,0.305,0.163,0.322,0.120,0.023,0.000,62,19,7,0,0.276,0.205,0.286,0.193,0.066,0.012,63,47,15,7
0.020,0.118,0.008,-0.79,0.151,-1,0.3299,0.2336,0.303,0.736,0.305,0.163,0.322,0.120,0.023,0.000,62,19,7,0,0.276,0.205,0.286,0.193,0.066,0.012,63,47,15,7
0.020,0.154,0.270,1.37,0.298,0,0.3350,0.2405,0.141,-0.510,0.305,0.163,0.322,0.120,0.023,0.000,62,19,7,0,0.276,0.205,0.286,0.193,0.066,0.012,63,47,15,7
0.018,0.166,0.034,-0.48,0.134,0,0.3351,0.2465,0.271,0.007,0.305,0.163,0.322,0.120,0.023,0.000,62,19,7,0,0.276,0.205,0.286,0.193,0.066,0.012,63,47,15,7
0.021,0.166,0.224,-0.08,0.108,0,0.3388,0.2570,0.308,0.059,0.305,0.163,0.322,0.120,0.023,0.000,62,19,7,0,0.276,0.205,0.286,0.193,0.066,0.012,63,47,15,7
0.016,0.183,0.199,-0.48,0.134,0,0.3357,0.2652,0.313,0.007,0.305,0.163,0.322,0.120,0.023,0.000,62,19,7,0,0.276,0.205,0.286,0.193,0.066,0.012,63,47,15,7
0.016,0.117,0.016,1.99,0.186,0,0.3488,0.2871,0.148,-0.326,0.305,0.163,0.322,0.120,0.023,0.000,62,19,7,0,0.276,0.205,0.286,0.193,0.066,0.012,63,47,15,7
0.017,0.147,0.127,-0.79,0.151,-1,0.3652,0.3070,0.490,0.736,0.305,0.163,0.322,0.120,0.023,0.000,62,19,7,0,0.276,0.205,0.286,0.193,0.066,0.012,63,47,15,7
0.015,0.136,0.175,0,0.000,0,0.3792,0.3213,0.288,0.166,0.305,0.163,0.322,0.120,0.023,0.000,62,19,7,0,0.276,0.205,0.286,0.193,0.066,0.012,63,47,15,7
0.015,0.165,0.271,1.76,0.409,0,0.3920,0.3297,0.141,-0.884,0.305,0.163,0.322,0.120,0.023,0.000,62,19,7,0,0.276,0.205,0.286,0.193,0.066,0.012,63,47,15,7
0.018,0.154,0.133,-0.48,0.134,0,0.3944,0.3233,0.404,0.007,0.305,0.163,0.322,0.120,0.023,0.000,62,19,7,0,0.276,0.205,0.286,0.193,0.066,0.012,63,47,15,7
0.018,0.128,0.199,-0.79,0.151,-1,0.3916,0.3073,0.455,0.736,0.305,0.163,0.322,0.120,0.023,0.000,62,19,7,0,0.276,0.205,0.286,0.193,0.066,0.012,63,47,15,7
0.029,0.115,0.052,2.53,0.140,0,0.3826,0.2830,0.162,-0.121,0.305,0.163,0.322,0.120,0.023,0.000,62,19,7,0,0.276,0.205,0.286,0.193,0.066,0.012,63,47,15,7
0.032,0.136,0.065,-1.14,0.131,0,0.3655,0.2512,0.266,0.987,0.305,0.163,0.322,0.120,0.023,0.000,62,19,7,0,0.276,0.205,0.286,0.193,0.066,0.012,63,47,15,7
0.039,0.140,0.082,-1.1,0.105,-1,0.3612,0.2337,0.492,0.192,0.305,0.163,0.322,0.120,0.023,0.000,62,19,7,0,0.276,0.205,0.286,0.193,0.066,0.012,63,47,15,7
0.039,0.118,0.001,-0.79,0.151,-1,0.3581,0.2207,0.415,0.736,0.305,0.163,0.322,0.120,0.023,0.000,62,19,7,0,0.276,0.205,0.286,0.193,0.066,0.012,63,47,15,7
0.047,0.102,0.000,0.85,0.046,0,0.3509,0.2066,0.047,0.06,0.305,0.163,0.322,0.120,0.023,0.000,62,19,7,0,0.276,0.205,0.286,0.193,0.066,0.012,63,47,15,7
0.039,0.132,0.163,1.37,0.298,0,0.3539,0.2055,0.154,-0.510,0.305,0.163,0.322,0.120,0.023,0.000,62,19,7,0,0.276,0.205,0.286,0.193,0.066,0.012,63,47,15,7
0.046,0.118,0.005,-1.1,0.105,-1,0.3639,0.2101,0.428,0.192,0.305,0.163,0.322,0.120,0.023,0.000,62,19,7,0,0.276,0.205,0.286,0.193,0.066,0.012,63,47,15,7
0.046,0.112,0.003,1.99,0.186,0,0.3764,0.2151,0.088,-0.326,0.305,0.163,0.322,0.120,0.023,0.000,62,19,7,0,0.276,0.205,0.286,0.193,0.066,0.012,63,47,15,7
0.071,0.110,0.001,1.99,0.186,0,0.3815,0.2172,0.050,-0.326,0.305,0.163,0.322,0.120,0.023,0.000,62,19,7,0,0.276,0.205,0.286,0.193,0.066,0.012,63,47,15,7
0.088,0.113,0.065,-1.1,0.105,-1,0.3901,0.2209,0.336,0.192,0.305,0.163,0.322,0.120,0.023,0.000,62,19,7,0,0.276,0.205,0.286,0.193,0.066,0.012,63,47,15,7
0.106,0.148,0.142,-1.19,0.219,1,0.3974,0.2217,0.430,0.586,0.305,0.163,0.322,0.120,0.023,0.000,62,19,7,0,0.276,0.205,0.286,0.193,0.066,0.012,63,47,15,7
0.101,0.104,0.005,1.99,0.186,0,0.3797,0.2002,0.063,-0.326,0.305,0.163,0.322,0.120,0.023,0.000,62,19,7,0,0.276,0.205,0.286,0.193,0.066,0.012,63,47,15,7
0.106,0.103,0.003,1.99,0.186,0,0.3637,0.1808,0.132,-0.326,0.305,0.163,0.322,0.120,0.023,0.000,62,19,7,0,0.276,0.205,0.286,0.193,0.066,0.012,63,47,15,7
0.090,0.145,0.007,-1.1,0.105,-1,0.3552,0.1647,0.541,0.192,0.305,0.163,0.322,0.120,0.023,0.000,62,19,7,0,0.276,0.205,0.286,0.193,0.066,0.012,63,47,15,7
0.090,0.174,0.005,1.99,0.186,0,0.3613,0.1593,0.162,-0.326,0.305,0.163,0.322,0.120,0.023,0.000,62,19,7,0,0.276,0.205,0.286,0.193,0.066,0.012,63,47,15,7
0.090,0.262,0.097,-0.48,0.134,0,0.3593,0.1473,0.259,0.007,0.305,0.163,0.322,0.120,0.023,0.000,62,19,7,0,0.276,0.205,0.286,0.193,0.066,0.012,63,47,15,7
0.100,0.227,0.102,-1.14,0.131,0,0.3617,0.1422,0.399,0.987,0.305,0.163,0.322,0.120,0.023,0.000,62,19,7,0,0.276,0.205,0.286,0.193,0.066,0.012,63,47,15,7
0.104,0.246,0.176,0.85,0.046,0,0.3648,0.1382,0.358,0.06,0.305,0.163,0.322,0.120,0.023,0.000,62,19,7,0,0.276,0.205,0.286,0.193,0.066,0.012,63,47,15,7
0.112,0.269,0.366,-0.52,0.062,0,0.3629,0.1341,0.216,0.341,0.305,0.163,0.322,0.120,0.023,0.000,62,19,7,0,0.276,0.205,0.286,0.193,0.066,0.012,63,47,15,7
0.108,0.329,0.589,0.2,0.291,1,0.3624,0.1315,0.341,0.180,0.305,0.163,0.322,0.120,0.023,0.000,62,19,7,0,0.276,0.205,0.286,0.193,0.066,0.012,63,47,15,7
0.092,0.255,0.380,3.14,0.186,0,0.3691,0.1362,0.149,-0.486,0.305,0.163,0.322,0.120,0.023,0.000,62,19,7,0,0.276,0.205,0.286,0.193,0.066,0.012,63,47,15,7
0.060,0.273,0.469,-0.08,0.108,0,0.3693,0.1359,0.257,0.059,0.305,0.163,0.322,0.120,0.023,0.000,62,19,7,0,0.276,0.205,0.286,0.193,0.066,0.012,63,47,15,7
0.076,0.180,0.257,0.85,0.046,0,0.3750,0.1410,0.125,0.06,0.305,0.163,0.322,0.120,0.023,0.000,62,19,7,0,0.276,0.205,0.286,0.193,0.066,0.012,63,47,15,7
0.073,0.192,0.100,-0.79,0.151,-1,0.3711,0.1386,0.311,0.736,0.305,0.163,0.322,0.120,0.023,0.000,62,19,7,0,0.276,0.205,0.286,0.193,0.066,0.012,63,47,15,7
0.080,0.167,0.032,-0.79,0.151,-1,0.3629,0.1368,0.236,0.736,0.305,0.163,0.322,0.120,0.023,0.000,62,19,7,0,0.276,0.205,0.286,0.193,0.066,0.012,63,47,15,7
0.084,0.120,0.001,0.85,0.046,0,0.3489,0.1362,0.185,0.06,0.305,0.163,0.322,0.120,0.023,0.000,62,19,7,0,0.276,0.205,0.286,0.193,0.066,0.012,63,47,15,7
0.099,0.126,0.002,1.99,0.186,0,0.3310,0.1427,0.146,-0.326,0.305,0.163,0.322,0.120,0.023,0.000,62,19,7,0,0.276,0.205,0.286,0.193,0.066,0.012,63,47,15,7
0.102,0.115,0.001,1.99,0.186,0,0.3278,0.1735,0.209,-0.326,0.305,0.163,0.322,0.120,0.023,0.000,62,19,7,0,0.276,0.205,0.286,0.193,0.066,0.012,63,47,15,7
0.098,0.125,0.103,0.22,0.230,0,0.3110,0.2068,0.221,0.303,0.305,0.163,0.322,0.120,0.023,0.000,62,19,7,0,0.276,0.205,0.286,0.193,0.066,0.012,63,47,15,7
0.090,0.110,0.075,-1.14,0.131,0,0.2947,0.2517,0.310,0.987,0.305,0.163,0.322,0.120,0.023,0.000,62,19,7,0,0.276,0.205,0.286,0.193,0.066,0.012,63,47,15,7
0.082,0.126,0.200,1.69,0.290,0,0.2803,0.3074,0.146,-0.697,0.305,0.163,0.322,0.120,0.023,0.000,62,19,7,0,0.276,0.205,0.286,0.193,0.066,0.012,63,47,15,7
0.081,0.124,0.062,1.69,0.290,0,0.2679,0.3720,0.113,-0.697,0.305,0.163,0.322,0.120,0.023,0.000,62,19,7,0,0.276,0.205,0.286,0.193,0.066,0.012,63,47,15,7
0.083,0.132,0.346,-1.19,0.219,1,0.2561,0.4416,0.480,0.586,0.305,0.163,0.322,0.120,0.023,0.000,62,19,7,0,0.276,0.205,0.286,0.193,0.066,0.012,63,47,15,7
0.078,0.102,0.135,-1.1,0.105,-1,0.2413,0.5104,0.407,0.192,0.305,0.163,0.322,0.120,0.023,0.000,62,19,7,0,0.276,0.205,0.286,0.193,0.066,0.012,63,47,15,7
0.103,0.096,0.075,1.42,0.221,0,0.2173,0.5701,0.238,-0.397,0.305,0.163,0.322,0.120,0.023,0.000,62,19,7,0,0.276,0.205,0.286,0.193,0.066,0.012,63,47,15,7
0.141,0.107,0.276,-0.52,0.062,0,0.1748,0.6097,0.508,0.341,0.305,0.163,0.322,0.120,0.023,0.000,62,19,7,0,0.276,0.205,0.286,0.193,0.066,0.012,63,47,15,7
0.138,0.101,0.156,1.99,0.186,0,0.1009,0.6152,0.716,-0.326,0.305,0.163,0.322,0.120,0.023,0.000,62,19,7,0,0.276,0.205,0.286,0.193,0.066,0.012,63,47,15,7
