0.156,0.120,0.427,1.42,0.221,0,0.0051,0.1868,0.626,-0.397,0.210,0.150,0.140,0.045,0.014,0.006,20,10,7,3,0.206,0.159,0.162,0.031,0.010,0.002,21,8,3,1
0.156,0.135,0.464,-1.19,0.219,1,0.0052,0.1007,0.411,0.586,0.210,0.150,0.140,0.045,0.014,0.006,20,10,7,3,0.206,0.159,0.162,0.031,0.010,0.002,21,8,3,1
0.121,0.087,0.576,1.42,0.221,0,0.0054,0.0488,0.156,-0.397,0.210,0.150,0.140,0.045,0.014,0.006,20,10,7,3,0.206,0.159,0.162,0.031,0.010,0.002,21,8,3,1
0.092,0.070,0.361,0.85,0.046,0,0.0056,0.0205,0.091,0.06,0.210,0.150,0.140,0.045,0.014,0.006,20,10,7,3,0.206,0.159,0.162,0.031,0.010,0.002,21,8,3,1
0.101,0.074,0.472,-0.52,0.062,0,0.0057,0.0072,0.147,0.341,0.210,0.150,0.140,0.045,0.014,0.006,20,10,7,3,0.206,0.159,0.162,0.031,0.010,0.002,21,8,3,1
0.105,0.048,0.402,1.69,0.290,0,0.0057,0.0026,0.084,-0.697,0.210,0.150,0.140,0.045,0.014,0.006,20,10,7,3,0.206,0.159,0.162,0.031,0.010,0.002,21,8,3,1
0.112,0.028,0.233,1.99,0.186,0,0.0055,0.0022,0.045,-0.326,0.210,0.150,0.140,0.045,0.014,0.006,20,10,7,3,0.206,0.159,0.162,0.031,0.010,0.002,21,8,3,1
0.114,0.028,0.164,0.85,0.046,0,0.0053,0.0030,0.069,0.06,0.210,0.150,0.140,0.045,0.014,0.006,20,10,7,3,0.206,0.159,0.162,0.031,0.010,0.002,21,8,3,1
0.116,0.037,0.237,1.69,0.290,0,0.0049,0.0034,0.087,-0.697,0.210,0.150,0.140,0.045,0.014,0.006,20,10,7,3,0.206,0.159,0.162,0.031,0.010,0.002,21,8,3,1
0.117,0.032,0.099,1.99,0.186,0,0.0045,0.0028,0.043,-0.326,0.210,0.150,0.140,0.045,0.014,0.006,20,10,7,3,0.206,0.159,0.162,0.031,0.010,0.002,21,8,3,1
0.119,0.046,0.067,1.99,0.186,0,0.0041,0.0002,0.058,-0.326,0.210,0.150,0.140,0.045,0.014,0.006,20,10,7,3,0.206,0.159,0.162,0.031,0.010,0.002,21,8,3,1
0.110,0.046,0.071,1.99,0.186,0,0.0037,0.0013,0.094,-0.326,0.210,0.150,0.140,0.045,0.014,0.006,20,10,7,3,0.206,0.159,0.162,0.031,0.010,0.002,21,8,3,1
0.088,0.061,0.184,-0.48,0.134,0,0.0035,0.0001,0.132,0.007,0.210,0.150,0.140,0.045,0.014,0.006,20,10,7,3,0.206,0.159,0.162,0.031,0.010,0.002,21,8,3,1
0.084,0.047,0.049,1.69,0.290,0,0.0035,0.0005,0.052,-0.697,0.210,0.150,0.140,0.045,0.014,0.006,20,10,7,3,0.206,0.159,0.162,0.031,0.010,0.002,21,8,3,1
0.087,0.038,0.128,0.2,0.291,1,0.0035,0.0002,0.205,0.180,0.210,0.150,0.140,0.045,0.014,0.006,20,10,7,3,0.206,0.159,0.162,0.031,0.010,0.002,21,8,3,1
0.079,0.025,0.011,2.53,0.140,0,0.0043,0.0001,0.025,-0.121,0.210,0.150,0.140,0.045,0.014,0.006,20,10,7,3,0.206,0.159,0.162,0.031,0.010,0.002,21,8,3,1
0.104,0.027,0.013,2.1,0.128,0,0.0052,0.0002,0.017,0.02,0.210,0.150,0.140,0.045,0.014,0.006,20,10,7,3,0.206,0.159,0.162,0.031,0.010,0.002,21,8,3,1
0.110,0.023,0.008,1.99,0.186,0,0.0064,0.0003,0.047,-0.326,0.210,0.150,0.140,0.045,0.014,0.006,20,10,7,3,0.206,0.159,0.162,0.031,0.010,0.002,21,8,3,1
0.110,0.021,0.074,1.99,0.186,0,0.0078,0.0004,0.051,-0.326,0.210,0.150,0.140,0.045,0.014,0.006,20,10,7,3,0.206,0.159,0.162,0.031,0.010,0.002,21,8,3,1
0.129,0.028,0.015,1.99,0.186,0,0.0100,0.0006,0.022,-0.326,0.210,0.150,0.140,0.045,0.014,0.006,20,10,7,3,0.206,0.159,0.162,0.031,0.010,0.002,21,8,3,1
0.106,0.042,0.006,1.99,0.186,0,0.0086,0.0004,0.025,-0.326,0.210,0.150,0.140,0.045,0.014,0.006,20,10,7,3,0.206,0.159,0.162,0.031,0.010,0.002,21,8,3,1
0.113,0.056,0.040,-0.42,0.180,0,0.0070,-0.0000,0.146,0.318,0.210,0.150,0.140,0.045,0.014,0.006,20,10,7,3,0.206,0.159,0.162,0.031,0.010,0.002,21,8,3,1
0.113,0.060,0.001,1.99,0.186,0,0.0085,0.0002,0.076,-0.326,0.210,0.150,0.140,0.045,0.014,0.006,20,10,7,3,0.206,0.159,0.162,0.031,0.010,0.002,21,8,3,1
0.133,0.060,0.002,1.99,0.186,0,0.0093,-0.0008,0.071,-0.326,0.210,0.150,0.140,0.045,0.014,0.006,20,10,7,3,0.206,0.159,0.162,0.031,0.010,0.002,21,8,3,1
0.163,0.086,0.054,1.42,0.221,0,0.0151,-0.0000,0.112,-0.397,0.210,0.150,0.140,0.045,0.014,0.006,20,10,7,3,0.206,0.159,0.162,0.031,0.010,0.002,21,8,3,1
0.151,0.093,0.015,-1.14,0.131,0,0.0266,0.0034,0.260,0.987,0.210,0.150,0.140,0.045,0.014,0.006,20,10,7,3,0.206,0.159,0.162,0.031,0.010,0.002,21,8,3,1
0.158,0.131,0.235,0.22,0.230,0,0.0387,0.0069,0.253,0.303,0.210,0.150,0.140,0.045,0.014,0.006,20,10,7,3,0.206,0.159,0.162,0.031,0.010,0.002,21,8,3,1
0.157,0.105,0.220,-0.52,0.062,0,0.0458,0.0069,0.232,0.341,0.210,0.150,0.140,0.045,0.014,0.006,20,10,7,3,0.206,0.159,0.162,0.031,0.010,0.002,21,8,3,1
0.151,0.075,0.142,0.85,0.046,0,0.0528,0.0080,0.179,0.06,0.210,0.150,0.140,0.045,0.014,0.006,20,10,7,3,0.206,0.159,0.162,0.031,0.010,0.002,21,8,3,1
0.148,0.093,0.243,-0.42,0.180,0,0.0644,0.0129,0.259,0.318,0.210,0.150,0.140,0.045,0.014,0.006,20,10,7,3,0.206,0.159,0.162,0.031,0.010,0.002,21,8,3,1
0.148,0.083,0.045,1.69,0.290,0,0.0758,0.0203,0.058,-0.697,0.210,0.150,0.140,0.045,0.014,0.006,20,10,7,3,0.206,0.159,0.162,0.031,0.010,0.002,21,8,3,1
0.149,0.063,0.340,-0.52,0.062,0,0.0912,0.0319,0.149,0.341,0.210,0.150,0.140,0.045,0.014,0.006,20,10,7,3,0.206,0.159,0.162,0.031,0.010,0.002,21,8,3,1
0.160,0.062,0.071,2.53,0.140,0,0.1066,0.0476,0.118,-0.121,0.210,0.150,0.140,0.045,0.014,0.006,20,10,7,3,0.206,0.159,0.162,0.031,0.010,0.002,21,8,3,1
0.161,0.049,0.374,1.99,0.186,0,0.1180,0.0594,0.169,-0.326,0.210,0.150,0.140,0.045,0.014,0.006,20,10,7,3,0.206,0.159,0.162,0.031,0.010,0.002,21,8,3,1
0.165,0.060,0.190,0,0.000,0,0.1248,0.0702,0.076,0.166,0.210,0.150,0.140,0.045,0.014,0.006,20,10,7,3,0.206,0.159,0.162,0.031,0.010,0.002,21,8,3,1
0.130,0.062,0.141,-1.14,0.131,0,0.1298,0.0801,0.237,0.987,0.210,0.150,0.140,0.045,0.014,0.006,20,10,7,3,0.206,0.159,0.162,0.031,0.010,0.002,21,8,3,1
0.131,0.084,0.132,-0.52,0.062,0,0.1376,0.0899,0.337,0.341,0.210,0.150,0.140,0.045,0.014,0.006,20,10,7,3,0.206,0.159,0.162,0.031,0.010,0.002,21,8,3,1
0.123,0.063,0.065,0,0.000,0,0.1435,0.0975,0.071,0.166,0.210,0.150,0.140,0.045,0.014,0.006,20,10,7,3,0.206,0.159,0.162,0.031,0.010,0.002,21,8,3,1
0.112,0.046,0.180,-1.14,0.131,0,0.1434,0.1044,0.150,0.987,0.210,0.150,0.140,0.045,0.014,0.006,20,10,7,3,0.206,0.159,0.162,0.031,0.010,0.002,21,8,3,1
0.111,0.046,0.061,3.14,0.186,0,0.1434,0.1149,0.062,-0.486,0.210,0.150,0.140,0.045,0.014,0.006,20,10,7,3,0.206,0.159,0.162,0.031,0.010,0.002,21,8,3,1
0.110,0.039,0.141,1.99,0.186,0,0.1410,0.1247,0.067,-0.326,0.210,0.150,0.140,0.045,0.014,0.006,20,10,7,3,0.206,0.159,0.162,0.031,0.010,0.002,21,8,3,1
0.137,0.044,0.041,0.85,0.046,0,0.1392,0.1386,0.085,0.06,0.210,0.150,0.140,0.045,0.014,0.006,20,10,7,3,0.206,0.159,0.162,0.031,0.010,0.002,21,8,3,1
0.139,0.061,0.330,1.42,0.221,0,0.1387,0.1514,0.081,-0.397,0.210,0.150,0.140,0.045,0.014,0.006,20,10,7,3,0.206,0.159,0.162,0.031,0.010,0.002,21,8,3,1
0.138,0.053,0.196,2.53,0.140,0,0.1339,0.1566,0.076,-0.121,0.210,0.150,0.140,0.045,0.014,0.006,20,10,7,3,0.206,0.159,0.162,0.031,0.010,0.002,21,8,3,1
0.115,0.100,0.174,0,0.000,0,0.1301,0.1597,0.123,0.166,0.210,0.150,0.140,0.045,0.014,0.006,20,10,7,3,0.206,0.159,0.162,0.031,0.010,0.002,21,8,3,1
0.108,0.060,0.063,-0.79,0.151,-1,0.1166,0.1528,0.350,0.736,0.210,0.150,0.140,0.045,0.014,0.006,20,10,7,3,0.206,0.159,0.162,0.031,0.010,0.002,21,8,3,1
0.107,0.042,0.199,-1.1,0.105,-1,0.1050,0.1444,0.381,0.192,0.210,0.150,0.140,0.045,0.014,0.006,20,10,7,3,0.206,0.159,0.162,0.031,0.010,0.002,21,8,3,1
0.106,0.030,0.051,0.85,0.046,0,0.0960,0.1368,0.209,0.06,0.210,0.150,0.140,0.045,0.014,0.006,20,10,7,3,0.206,0.159,0.162,0.031,0.010,0.002,21,8,3,1
0.109,0.030,0.308,-1.1,0.105,-1,0.0992,0.1407,0.418,0.192,0.210,0.150,0.140,0.045,0.014,0.006,20,10,7,3,0.206,0.159,0.162,0.031,0.010,0.002,21,8,3,1
0.115,0.033,0.043,1.99,0.186,0,0.1221,0.1627,0.093,-0.326,0.210,0.150,0.140,0.045,0.014,0.006,20,10,7,3,0.206,0.159,0.162,0.031,0.010,0.002,21,8,3,1
0.096,0.034,0.487,-1.14,0.131,0,0.1510,0.1921,0.166,0.987,0.210,0.150,0.140,0.045,0.014,0.006,20,10,7,3,0.206,0.159,0.162,0.031,0.010,0.002,21,8,3,1
0.092,0.047,0.217,2.1,0.128,0,0.1803,0.2217,0.101,0.02,0.210,0.150,0.140,0.045,0.014,0.006,20,10,7,3,0.206,0.159,0.162,0.031,0.010,0.002,21,8,3,1
0.095,0.063,0.606,0.22,0.230,0,0.1939,0.2395,0.220,0.303,0.210,0.150,0.140,0.045,0.014,0.006,20,10,7,3,0.206,0.159,0.162,0.031,0.010,0.002,21,8,3,1
0.074,0.046,0.385,1.99,0.186,0,0.2046,0.2553,0.088,-0.326,0.210,0.150,0.140,0.045,0.014,0.006,20,10,7,3,0.206,0.159,0.162,0.031,0.010,0.002,21,8,3,1
0.073,0.059,0.524,1.69,0.290,0,0.2058,0.2602,0.074,-0.697,0.210,0.150,0.140,0.045,0.014,0.006,20,10,7,3,0.206,0.159,0.162,0.031,0.010,0.002,21,8,3,1
0.090,0.048,0.454,-1.14,0.131,0,0.1926,0.2500,0.218,0.987,0.210,0.150,0.140,0.045,0.014,0.006,20,10,7,3,0.206,0.159,0.162,0.031,0.010,0.002,21,8,3,1
0.076,0.069,0.391,-0.08,0.108,0,0.1694,0.2291,0.258,0.059,0.210,0.150,0.140,0.045,0.014,0.006,20,10,7,3,0.206,0.159,0.162,0.031,0.010,0.002,21,8,3,1
0.079,0.053,0.408,1.42,0.221,0,0.1377,0.1998,0.162,-0.397,0.210,0.150,0.140,0.045,0.014,0.006,20,10,7,3,0.206,0.159,0.162,0.031,0.010,0.002,21,8,3,1
0.083,0.058,0.180,-0.52,0.062,0,0.1046,0.1687,0.221,0.341,0.210,0.150,0.140,0.045,0.014,0.006,20,10,7,3,0.206,0.159,0.162,0.031,0.010,0.002,21,8,3,1
0.091,0.055,0.020,0.85,0.046,0,0.0900,0.1568,0.252,0.06,0.210,0.150,0.140,0.045,0.014,0.006,20,10,7,3,0.206,0.159,0.162,0.031,0.010,0.002,21,8,3,1
0.096,0.059,0.020,-0.79,0.151,-1,0.0917,0.1598,0.375,0.736,0.210,0.150,0.140,0.045,0.014,0.006,20,10,7,3,0.206,0.159,0.162,0.031,0.010,0.002,21,8,3,1
0.100,0.070,0.186,-0.08,0.108,0,0.1035,0.1737,0.241,0.059,0.210,0.150,0.140,0.045,0.014,0.006,20,10,7,3,0.206,0.159,0.162,0.031,0.010,0.002,21,8,3,1
0.101,0.071,0.028,1.42,0.221,0,0.1237,0.1950,0.168,-0.397,0.210,0.150,0.140,0.045,0.014,0.006,20,10,7,3,0.206,0.159,0.162,0.031,0.010,0.002,21,8,3,1
0.091,0.060,0.274,-0.79,0.151,-1,0.1394,0.2128,0.293,0.736,0.210,0.150,0.140,0.045,0.014,0.006,20,10,7,3,0.206,0.159,0.162,0.031,0.010,0.002,21,8,3,1
0.092,0.069,0.086,1.99,0.186,0,0.1511,0.2243,0.115,-0.326,0.210,0.150,0.140,0.045,0.014,0.006,20,10,7,3,0.206,0.159,0.162,0.031,0.010,0.002,21,8,3,1
0.111,0.033,0.380,-1.19,0.219,1,0.1421,0.2161,0.387,0.586,0.210,0.150,0.140,0.045,0.014,0.006,20,10,7,3,0.206,0.159,0.162,0.031,0.010,0.002,21,8,3,1
0.099,0.049,0.348,1.76,0.409,0,0.1357,0.2107,0.133,-0.884,0.210,0.150,0.140,0.045,0.014,0.006,20,10,7,3,0.206,0.159,0.162,0.031,0.010,0.002,21,8,3,1
0.104,0.012,0.408,2.53,0.140,0,0.1260,0.2033,0.105,-0.121,0.210,0.150,0.140,0.045,0.014,0.006,20,10,7,3,0.206,0.159,0.162,0.031,0.010,0.002,21,8,3,1
0.089,0.019,0.522,-0.52,0.062,0,0.1161,0.1936,0.170,0.341,0.210,0.150,0.140,0.045,0.014,0.006,20,10,7,3,0.206,0.159,0.162,0.031,0.010,0.002,21,8,3,1
0.085,0.017,0.441,-0.52,0.062,0,0.1041,0.1835,0.298,0.341,0.210,0.150,0.140,0.045,0.014,0.006,20,10,7,3,0.206,0.159,0.162,0.031,0.010,0.002,21,8,3,1
0.081,0.025,0.283,-0.52,0.062,0,0.0791,0.1617,0.195,0.341,0.210,0.150,0.140,0.045,0.014,0.006,20,10,7,3,0.206,0.159,0.162,0.031,0.010,0.002,21,8,3,1
0.102,0.022,0.009,1.99,0.186,0,0.0657,0.1507,0.092,-0.326,0.210,0.150,0.140,0.045,0.014,0.006,20,10,7,3,0.206,0.159,0.162,0.031,0.010,0.002,21,8,3,1
0.133,0.044,0.271,0.2,0.291,1,0.0678,0.1537,0.288,0.180,0.210,0.150,0.140,0.045,0.014,0.006,20,10,7,3,0.206,0.159,0.162,0.031,0.010,0.002,21,8,3,1
0.104,0.041,0.094,-0.42,0.180,0,0.0847,0.1693,0.234,0.318,0.210,0.150,0.140,0.045,0.014,0.006,20,10,7,3,0.206,0.159,0.162,0.031,0.010,0.002,21,8,3,1
0.127,0.047,0.008,2.53,0.140,0,0.1162,0.1976,0.062,-0.121,0.210,0.150,0.140,0.045,0.014,0.006,20,10,7,3,0.206,0.159,0.162,0.031,0.010,0.002,21,8,3,1
0.104,0.091,0.001,2.53,0.140,0,0.1513,0.2270,0.064,-0.121,0.210,0.150,0.140,0.045,0.014,0.006,20,10,7,3,0.206,0.159,0.162,0.031,0.010,0.002,21,8,3,1
0.080,0.140,0.016,-0.48,0.134,0,0.1912,0.2589,0.214,0.007,0.210,0.150,0.140,0.045,0.014,0.006,20,10,7,3,0.206,0.159,0.162,0.031,0.010,0.002,21,8,3,1
0.121,0.147,0.001,2.53,0.140,0,0.2303,0.2889,0.083,-0.121,0.210,0.150,0.140,0.045,0.014,0.006,20,10,7,3,0.206,0.159,0.162,0.031,0.010,0.002,21,8,3,1
0.117,0.188,0.316,1.37,0.298,0,0.2595,0.3113,0.114,-0.510,0.210,0.150,0.140,0.045,0.014,0.006,20,10,7,3,0.206,0.159,0.162,0.031,0.010,0.002,21,8,3,1
0.117,0.097,0.253,0.85,0.046,0,0.2846,0.3308,0.246,0.06,0.210,0.150,0.140,0.045,0.014,0.006,20,10,7,3,0.206,0.159,0.162,0.031,0.010,0.002,21,8,3,1
0.112,0.090,0.255,-1.1,0.105,-1,0.3055,0.3457,0.420,0.192,0.210,0.150,0.140,0.045,0.014,0.006,20,10,7,3,0.206,0.159,0.162,0.031,0.010,0.002,21,8,3,1
0.102,0.064,0.225,0,0.000,0,0.3237,0.3593,0.355,0.166,0.210,0.150,0.140,0.045,0.014,0.006,20,10,7,3,0.206,0.159,0.162,0.031,0.010,0.002,21,8,3,1
0.091,0.080,0.364,-1.19,0.219,1,0.3367,0.3686,0.489,0.586,0.210,0.150,0.140,0.045,0.014,0.006,20,10,7,3,0.206,0.159,0.162,0.031,0.010,0.002,21,8,3,1
0.091,0.065,0.063,-0.79,0.151,-1,0.3416,0.3712,0.429,0.736,0.210,0.150,0.140,0.045,0.014,0.006,20,10,7,3,0.206,0.159,0.162,0.031,0.010,0.002,21,8,3,1
0.096,0.054,0.230,2.53,0.140,0,0.3490,0.3803,0.175,-0.121,0.210,0.150,0.140,0.045,0.014,0.006,20,10,7,3,0.206,0.159,0.162,0.031,0.010,0.002,21,8,3,1
0.100,0.064,0.136,-0.79,0.151,-1,0.3662,0.3971,0.441,0.736,0.210,0.150,0.140,0.045,0.014,0.006,20,10,7,3,0.206,0.159,0.162,0.031,0.010,0.002,21,8,3,1
0.095,0.084,0.031,-1.1,0.105,-1,0.3993,0.4256,0.413,0.192,0.210,0.150,0.140,0.045,0.014,0.006,20,10,7,3,0.206,0.159,0.162,0.031,0.010,0.002,21,8,3,1
0.118,0.105,0.269,0.2,0.291,1,0.4282,0.4509,0.362,0.180,0.210,0.150,0.140,0.045,0.014,0.006,20,10,7,3,0.206,0.159,0.162,0.031,0.010,0.002,21,8,3,1
0.115,0.125,0.175,-0.42,0.180,0,0.4460,0.4659,0.402,0.318,0.210,0.150,0.140,0.045,0.014,0.006,20,10,7,3,0.206,0.159,0.162,0.031,0.010,0.002,21,8,3,1
0.128,0.120,0.557,-0.52,0.062,0,0.4529,0.4705,0.375,0.341,0.210,0.150,0.140,0.045,0.014,0.006,20,10,7,3,0.206,0.159,0.162,0.031,0.010,0.002,21,8,3,1
0.133,0.141,0.250,0.85,0.046,0,0.4545,0.4702,0.230,0.06,0.210,0.150,0.140,0.045,0.014,0.006,20,10,7,3,0.206,0.159,0.162,0.031,0.010,0.002,21,8,3,1
0.133,0.143,0.429,-1.14,0.131,0,0.4448,0.4612,0.359,0.987,0.210,0.150,0.140,0.045,0.014,0.006,20,10,7,3,0.206,0.159,0.162,0.031,0.010,0.002,21,8,3,1
0.133,0.212,0.496,1.37,0.298,0,0.4359,0.4547,0.258,-0.510,0.210,0.150,0.140,0.045,0.014,0.006,20,10,7,3,0.206,0.159,0.162,0.031,0.010,0.002,21,8,3,1
0.104,0.211,0.459,0.2,0.291,1,0.4160,0.4378,0.382,0.180,0.210,0.150,0.140,0.045,0.014,0.006,20,10,7,3,0.206,0.159,0.162,0.031,0.010,0.002,21,8,3,1
0.122,0.169,0.263,0,0.000,0,0.4088,0.4327,0.250,0.166,0.210,0.150,0.140,0.045,0.014,0.006,20,10,7,3,0.206,0.159,0.162,0.031,0.010,0.002,21,8,3,1
0.122,0.711,0.570,0.2,0.291,1,0.3934,0.4214,0.247,0.180,0.210,0.150,0.140,0.045,0.014,0.006,20,10,7,3,0.206,0.159,0.162,0.031,0.010,0.002,21,8,3,1
0.152,0.207,0.220,-0.08,0.108,0,0.3606,0.3983,0.166,0.059,0.210,0.150,0.140,0.045,0.014,0.006,20,10,7,3,0.206,0.159,0.162,0.031,0.010,0.002,21,8,3,1
0.194,0.191,0.236,-0.52,0.062,0,0.3278,0.3751,0.144,0.341,0.210,0.150,0.140,0.045,0.014,0.006,20,10,7,3,0.206,0.159,0.162,0.031,0.010,0.002,21,8,3,1
0.188,0.171,0.165,3.14,0.186,0,0.2976,0.3532,0.083,-0.486,0.210,0.150,0.140,0.045,0.014,0.006,20,10,7,3,0.206,0.159,0.162,0.031,0.010,0.002,21,8,3,1
0.195,0.145,0.041,1.99,0.186,0,0.2734,0.3343,0.078,-0.326,0.210,0.150,0.140,0.045,0.014,0.006,20,10,7,3,0.206,0.159,0.162,0.031,0.010,0.002,21,8,3,1
0.185,0.182,0.464,0.2,0.291,1,0.2546,0.3149,0.253,0.180,0.210,0.150,0.140,0.045,0.014,0.006,20,10,7,3,0.206,0.159,0.162,0.031,0.010,0.002,21,8,3,1
0.191,0.108,0.165,-1.1,0.105,-1,0.2316,0.2904,0.327,0.192,0.210,0.150,0.140,0.045,0.014,0.006,20,10,7,3,0.206,0.159,0.162,0.031,0.010,0.002,21,8,3,1
0.194,0.109,0.066,0,0.000,0,0.1959,0.2544,0.174,0.166,0.210,0.150,0.140,0.045,0.014,0.006,20,10,7,3,0.206,0.159,0.162,0.031,0.010,0.002,21,8,3,1
0.229,0.121,0.019,3.14,0.186,0,0.1696,0.2244,0.108,-0.486,0.210,0.150,0.140,0.045,0.014,0.006,20,10,7,3,0.206,0.159,0.162,0.031,0.010,0.002,21,8,3,1
0.191,0.166,0.519,-0.08,0.108,0,0.1550,0.2017,0.299,0.059,0.210,0.150,0.140,0.045,0.014,0.006,20,10,7,3,0.206,0.159,0.162,0.031,0.010,0.002,21,8,3,1
0.187,0.171,0.290,0.85,0.046,0,0.1586,0.1918,0.210,0.06,0.210,0.150,0.140,0.045,0.014,0.006,20,10,7,3,0.206,0.159,0.162,0.031,0.010,0.002,21,8,3,1
0.172,0.211,0.364,0,0.000,0,0.1704,0.1904,0.197,0.166,0.210,0.150,0.140,0.045,0.014,0.006,20,10,7,3,0.206,0.159,0.162,0.031,0.010,0.002,21,8,3,1
0.182,0.231,0.493,-1.19,0.219,1,0.1916,0.1961,0.334,0.586,0.210,0.150,0.140,0.045,0.014,0.006,20,10,7,3,0.206,0.159,0.162,0.031,0.010,0.002,21,8,3,1
0.182,0.188,0.052,0.85,0.046,0,0.2151,0.2039,0.113,0.06,0.210,0.150,0.140,0.045,0.014,0.006,20,10,7,3,0.206,0.159,0.162,0.031,0.010,0.002,21,8,3,1
0.179,0.161,0.549,0.85,0.046,0,0.2392,0.2131,0.084,0.06,0.210,0.150,0.140,0.045,0.014,0.006,20,10,7,3,0.206,0.159,0.162,0.031,0.010,0.002,21,8,3,1
0.188,0.181,0.022,1.99,0.186,0,0.2629,0.2234,0.069,-0.326,0.210,0.150,0.140,0.045,0.014,0.006,20,10,7,3,0.206,0.159,0.162,0.031,0.010,0.002,21,8,3,1
0.185,0.225,0.503,0.2,0.291,1,0.2674,0.2187,0.239,0.180,0.210,0.150,0.140,0.045,0.014,0.006,20,10,7,3,0.206,0.159,0.162,0.031,0.010,0.002,21,8,3,1
0.233,0.204,0.097,3.14,0.186,0,0.2710,0.2153,0.058,-0.486,0.210,0.150,0.140,0.045,0.014,0.006,20,10,7,3,0.206,0.159,0.162,0.031,0.010,0.002,21,8,3,1
0.207,0.210,0.402,0.22,0.230,0,0.2455,0.1920,0.124,0.303,0.210,0.150,0.140,0.045,0.014,0.006,20,10,7,3,0.206,0.159,0.162,0.031,0.010,0.002,21,8,3,1
0.211,0.207,0.528,-0.48,0.134,0,0.2077,0.1591,0.278,0.007,0.210,0.150,0.140,0.045,0.014,0.006,20,10,7,3,0.206,0.159,0.162,0.031,0.010,0.002,21,8,3,1
0.226,0.150,0.022,2.53,0.140,0,0.1684,0.1260,0.067,-0.121,0.210,0.150,0.140,0.045,0.014,0.006,20,10,7,3,0.206,0.159,0.162,0.031,0.010,0.002,21,8,3,1
0.203,0.180,0.352,-0.08,0.108,0,0.1270,0.0925,0.187,0.059,0.210,0.150,0.140,0.045,0.014,0.006,20,10,7,3,0.206,0.159,0.162,0.031,0.010,0.002,21,8,3,1
0.167,0.149,0.251,0.85,0.046,0,0.0988,0.0678,0.162,0.06,0.210,0.150,0.140,0.045,0.014,0.006,20,10,7,3,0.206,0.159,0.162,0.031,0.010,0.002,21,8,3,1
0.131,0.169,0.432,-0.52,0.062,0,0.0871,0.0553,0.295,0.341,0.210,0.150,0.140,0.045,0.014,0.006,20,10,7,3,0.206,0.159,0.162,0.031,0.010,0.002,21,8,3,1
0.126,0.186,0.288,-1.1,0.105,-1,0.0907,0.0541,0.360,0.192,0.210,0.150,0.140,0.045,0.014,0.006,20,10,7,3,0.206,0.159,0.162,0.031,0.010,0.002,21,8,3,1
0.127,0.185,0.454,-0.52,0.062,0,0.1009,0.0566,0.311,0.341,0.210,0.150,0.140,0.045,0.014,0.006,20,10,7,3,0.206,0.159,0.162,0.031,0.010,0.002,21,8,3,1
0.123,0.254,0.459,0,0.000,0,0.1116,0.0609,0.211,0.166,0.210,0.150,0.140,0.045,0.014,0.006,20,10,7,3,0.206,0.159,0.162,0.031,0.010,0.002,21,8,3,1
0.097,0.166,0.488,-1.19,0.219,1,0.1203,0.0631,0.288,0.586,0.210,0.150,0.140,0.045,0.014,0.006,20,10,7,3,0.206,0.159,0.162,0.031,0.010,0.002,21,8,3,1
0.089,0.211,0.318,1.37,0.298,0,0.1304,0.0665,0.067,-0.510,0.210,0.150,0.140,0.045,0.014,0.006,20,10,7,3,0.206,0.159,0.162,0.031,0.010,0.002,21,8,3,1
0.067,0.091,0.388,1.99,0.186,0,0.1280,0.0644,0.052,-0.326,0.210,0.150,0.140,0.045,0.014,0.006,20,10,7,3,0.206,0.159,0.162,0.031,0.010,0.002,21,8,3,1
0.099,0.126,0.032,2.1,0.128,0,0.1201,0.0599,0.041,0.02,0.210,0.150,0.140,0.045,0.014,0.006,20,10,7,3,0.206,0.159,0.162,0.031,0.010,0.002,21,8,3,1
0.100,0.138,0.395,1.37,0.298,0,0.1042,0.0517,0.085,-0.510,0.210,0.150,0.140,0.045,0.014,0.006,20,10,7,3,0.206,0.159,0.162,0.031,0.010,0.002,21,8,3,1
0.104,0.112,0.069,1.69,0.290,0,0.0897,0.0453,0.036,-0.697,0.210,0.150,0.140,0.045,0.014,0.006,20,10,7,3,0.206,0.159,0.162,0.031,0.010,0.002,21,8,3,1
0.104,0.108,0.365,-0.42,0.180,0,0.0763,0.0395,0.204,0.318,0.210,0.150,0.140,0.045,0.014,0.006,20,10,7,3,0.206,0.159,0.162,0.031,0.010,0.002,21,8,3,1
0.080,0.107,0.539,-1.1,0.105,-1,0.0659,0.0353,0.336,0.192,0.210,0.150,0.140,0.045,0.014,0.006,20,10,7,3,0.206,0.159,0.162,0.031,0.010,0.002,21,8,3,1
0.083,0.088,0.484,0,0.000,0,0.0488,0.0273,0.250,0.166,0.210,0.150,0.140,0.045,0.014,0.006,20,10,7,3,0.206,0.159,0.162,0.031,0.010,0.002,21,8,3,1
0.098,0.058,0.248,-1.1,0.105,-1,0.0297,0.0167,0.356,0.192,0.210,0.150,0.140,0.045,0.014,0.006,20,10,7,3,0.206,0.159,0.162,0.031,0.010,0.002,21,8,3,1
0.096,0.055,0.455,1.69,0.290,0,0.0230,0.0127,0.127,-0.697,0.210,0.150,0.140,0.045,0.014,0.006,20,10,7,3,0.206,0.159,0.162,0.031,0.010,0.002,21,8,3,1
0.078,0.051,0.552,1.37,0.298,0,0.0289,0.0147,0.096,-0.510,0.210,0.150,0.140,0.045,0.014,0.006,20,10,7,3,0.206,0.159,0.162,0.031,0.010,0.002,21,8,3,1
0.088,0.036,0.398,-0.79,0.151,-1,0.0435,0.0210,0.310,0.736,0.210,0.150,0.140,0.045,0.014,0.006,20,10,7,3,0.206,0.159,0.162,0.031,0.010,0.002,21,8,3,1
0.088,0.052,0.576,-1.19,0.219,1,0.0646,0.0299,0.354,0.586,0.210,0.150,0.140,0.045,0.014,0.006,20,10,7,3,0.206,0.159,0.162,0.031,0.010,0.002,21,8,3,1
0.087,0.037,0.178,0.85,0.046,0,0.0766,0.0351,0.056,0.06,0.210,0.150,0.140,0.045,0.014,0.006,20,10,7,3,0.206,0.159,0.162,0.031,0.010,0.002,21,8,3,1
0.103,0.039,0.280,1.99,0.186,0,0.0865,0.0396,0.070,-0.326,0.210,0.150,0.140,0.045,0.014,0.006,20,10,7,3,0.206,0.159,0.162,0.031,0.010,0.002,21,8,3,1
0.120,0.045,0.057,2.53,0.140,0,0.0997,0.0456,0.158,-0.121,0.210,0.150,0.140,0.045,0.014,0.006,20,10,7,3,0.206,0.159,0.162,0.031,0.010,0.002,21,8,3,1
0.123,0.045,0.347,-0.79,0.151,-1,0.1102,0.0501,0.263,0.736,0.210,0.150,0.140,0.045,0.014,0.006,20,10,7,3,0.206,0.159,0.162,0.031,0.010,0.002,21,8,3,1
0.138,0.054,0.025,1.99,0.186,0,0.1151,0.0523,0.064,-0.326,0.210,0.150,0.140,0.045,0.014,0.006,20,10,7,3,0.206,0.159,0.162,0.031,0.010,0.002,21,8,3,1
0.135,0.067,0.395,-1.19,0.219,1,0.1083,0.0479,0.232,0.586,0.210,0.150,0.140,0.045,0.014,0.006,20,10,7,3,0.206,0.159,0.162,0.031,0.010,0.002,21,8,3,1
0.135,0.062,0.249,2.53,0.140,0,0.0991,0.0433,0.099,-0.121,0.210,0.150,0.140,0.045,0.014,0.006,20,10,7,3,0.206,0.159,0.162,0.031,0.010,0.002,21,8,3,1
0.163,0.056,0.167,0.85,0.046,0,0.0934,0.0406,0.221,0.06,0.210,0.150,0.140,0.045,0.014,0.006,20,10,7,3,0.206,0.159,0.162,0.031,0.010,0.002,21,8,3,1
0.220,0.067,0.102,0.85,0.046,0,0.0914,0.0408,0.160,0.06,0.210,0.150,0.140,0.045,0.014,0.006,20,10,7,3,0.206,0.159,0.162,0.031,0.010,0.002,21,8,3,1
0.267,0.076,0.029,1.99,0.186,0,0.1018,0.0481,0.128,-0.326,0.210,0.150,0.140,0.045,0.014,0.006,20,10,7,3,0.206,0.159,0.162,0.031,0.010,0.002,21,8,3,1
0.200,0.087,0.061,0,0.000,0,0.1166,0.0575,0.259,0.166,0.210,0.150,0.140,0.045,0.014,0.006,20,10,7,3,0.206,0.159,0.162,0.031,0.010,0.002,21,8,3,1
0.241,0.111,0.026,-0.52,0.062,0,0.1426,0.0745,0.243,0.341,0.210,0.150,0.140,0.045,0.014,0.006,20,10,7,3,0.206,0.159,0.162,0.031,0.010,0.002,21,8,3,1
0.234,0.081,0.093,-1.1,0.105,-1,0.1536,0.0838,0.293,0.192,0.210,0.150,0.140,0.045,0.014,0.006,20,10,7,3,0.206,0.159,0.162,0.031,0.010,0.002,21,8,3,1
0.238,0.093,0.003,1.99,0.186,0,0.1637,0.0919,0.078,-0.326,0.210,0.150,0.140,0.045,0.014,0.006,20,10,7,3,0.206,0.159,0.162,0.031,0.010,0.002,21,8,3,1
0.287,0.120,0.209,0.22,0.230,0,0.1683,0.0995,0.199,0.303,0.210,0.150,0.140,0.045,0.014,0.006,20,10,7,3,0.206,0.159,0.162,0.031,0.010,0.002,21,8,3,1
0.282,0.082,0.003,2.53,0.140,0,0.1745,0.1105,0.100,-0.121,0.210,0.150,0.140,0.045,0.014,0.006,20,10,7,3,0.206,0.159,0.162,0.031,0.010,0.002,21,8,3,1
0.250,0.089,0.230,-1.1,0.105,-1,0.1810,0.1213,0.193,0.192,0.210,0.150,0.140,0.045,0.014,0.006,20,10,7,3,0.206,0.159,0.162,0.031,0.010,0.002,21,8,3,1
0.249,0.079,0.132,2.53,0.140,0,0.1985,0.1403,0.076,-0.121,0.210,0.150,0.140,0.045,0.014,0.006,20,10,7,3,0.206,0.159,0.162,0.031,0.010,0.002,21,8,3,1
0.207,0.198,0.436,-1.19,0.219,1,0.2044,0.1507,0.407,0.586,0.210,0.150,0.140,0.045,0.014,0.006,20,10,7,3,0.206,0.159,0.162,0.031,0.010,0.002,21,8,3,1
0.212,0.156,0.280,0,0.000,0,0.2074,0.1611,0.208,0.166,0.210,0.150,0.140,0.045,0.014,0.006,20,10,7,3,0.206,0.159,0.162,0.031,0.010,0.002,21,8,3,1
0.220,0.232,0.347,1.37,0.298,0,0.2065,0.1685,0.132,-0.510,0.210,0.150,0.140,0.045,0.014,0.006,20,10,7,3,0.206,0.159,0.162,0.031,0.010,0.002,21,8,3,1
0.226,0.183,0.271,-1.19,0.219,1,0.2030,0.1727,0.437,0.586,0.210,0.150,0.140,0.045,0.014,0.006,20,10,7,3,0.206,0.159,0.162,0.031,0.010,0.002,21,8,3,1
0.207,0.193,0.083,-1.1,0.105,-1,0.2107,0.1880,0.436,0.192,0.210,0.150,0.140,0.045,0.014,0.006,20,10,7,3,0.206,0.159,0.162,0.031,0.010,0.002,21,8,3,1
0.218,0.134,0.038,0,0.000,0,0.2071,0.1951,0.208,0.166,0.210,0.150,0.140,0.045,0.014,0.006,20,10,7,3,0.206,0.159,0.162,0.031,0.010,0.002,21,8,3,1
0.156,0.175,0.132,0,0.000,0,0.2095,0.2083,0.213,0.166,0.210,0.150,0.140,0.045,0.014,0.006,20,10,7,3,0.206,0.159,0.162,0.031,0.010,0.002,21,8,3,1
0.131,0.122,0.002,3.14,0.186,0,0.2186,0.2262,0.058,-0.486,0.210,0.150,0.140,0.045,0.014,0.006,20,10,7,3,0.206,0.159,0.162,0.031,0.010,0.002,21,8,3,1
0.125,0.164,0.296,0.22,0.230,0,0.2287,0.2465,0.141,0.303,0.210,0.150,0.140,0.045,0.014,0.006,20,10,7,3,0.206,0.159,0.162,0.031,0.010,0.002,21,8,3,1
0.126,0.142,0.002,1.99,0.186,0,0.2449,0.2722,0.070,-0.326,0.210,0.150,0.140,0.045,0.014,0.006,20,10,7,3,0.206,0.159,0.162,0.031,0.010,0.002,21,8,3,1
0.120,0.163,0.328,-0.79,0.151,-1,0.2496,0.2896,0.160,0.736,0.210,0.150,0.140,0.045,0.014,0.006,20,10,7,3,0.206,0.159,0.162,0.031,0.010,0.002,21,8,3,1
0.094,0.173,0.157,2.1,0.128,0,0.2629,0.3110,0.043,0.02,0.210,0.150,0.140,0.045,0.014,0.006,20,10,7,3,0.206,0.159,0.162,0.031,0.010,0.002,21,8,3,1
0.089,0.251,0.553,0.2,0.291,1,0.2628,0.3183,0.251,0.180,0.210,0.150,0.140,0.045,0.014,0.006,20,10,7,3,0.206,0.159,0.162,0.031,0.010,0.002,21,8,3,1
0.097,0.215,0.558,-0.52,0.062,0,0.2596,0.3185,0.190,0.341,0.210,0.150,0.140,0.045,0.014,0.006,20,10,7,3,0.206,0.159,0.162,0.031,0.010,0.002,21,8,3,1
0.053,0.205,0.480,-0.08,0.108,0,0.2575,0.3188,0.240,0.059,0.210,0.150,0.140,0.045,0.014,0.006,20,10,7,3,0.206,0.159,0.162,0.031,0.010,0.002,21,8,3,1
0.058,0.182,0.437,0,0.000,0,0.2558,0.3186,0.237,0.166,0.210,0.150,0.140,0.045,0.014,0.006,20,10,7,3,0.206,0.159,0.162,0.031,0.010,0.002,21,8,3,1
0.048,0.215,0.375,1.76,0.409,0,0.2535,0.3180,0.184,-0.884,0.210,0.150,0.140,0.045,0.014,0.006,20,10,7,3,0.206,0.159,0.162,0.031,0.010,0.002,21,8,3,1
0.039,0.195,0.461,1.37,0.298,0,0.2767,0.3355,0.186,-0.510,0.210,0.150,0.140,0.045,0.014,0.006,20,10,7,3,0.206,0.159,0.162,0.031,0.010,0.002,21,8,3,1
0.050,0.170,0.336,-1.14,0.131,0,0.3102,0.3574,0.280,0.987,0.210,0.150,0.140,0.045,0.014,0.006,20,10,7,3,0.206,0.159,0.162,0.031,0.010,0.002,21,8,3,1
0.048,0.185,0.413,-0.42,0.180,0,0.3564,0.3890,0.242,0.318,0.210,0.150,0.140,0.045,0.014,0.006,20,10,7,3,0.206,0.159,0.162,0.031,0.010,0.002,21,8,3,1
0.038,0.148,0.165,-1.14,0.131,0,0.3779,0.4050,0.236,0.987,0.210,0.150,0.140,0.045,0.014,0.006,20,10,7,3,0.206,0.159,0.162,0.031,0.010,0.002,21,8,3,1
0.040,0.155,0.498,-0.42,0.180,0,0.3926,0.4147,0.281,0.318,0.210,0.150,0.140,0.045,0.014,0.006,20,10,7,3,0.206,0.159,0.162,0.031,0.010,0.002,21,8,3,1
0.038,0.134,0.341,3.14,0.186,0,0.4178,0.4332,0.111,-0.486,0.210,0.150,0.140,0.045,0.014,0.006,20,10,7,3,0.206,0.159,0.162,0.031,0.010,0.002,21,8,3,1
0.035,0.151,0.463,-0.42,0.180,0,0.4345,0.4438,0.275,0.318,0.210,0.150,0.140,0.045,0.014,0.006,20,10,7,3,0.206,0.159,0.162,0.031,0.010,0.002,21,8,3,1
0.031,0.202,0.513,1.76,0.409,0,0.4540,0.4539,0.120,-0.884,0.210,0.150,0.140,0.045,0.014,0.006,20,10,7,3,0.206,0.159,0.162,0.031,0.010,0.002,21,8,3,1
0.033,0.136,0.471,-0.52,0.062,0,0.4574,0.4490,0.220,0.341,0.210,0.150,0.140,0.045,0.014,0.006,20,10,7,3,0.206,0.159,0.162,0.031,0.010,0.002,21,8,3,1
0.026,0.163,0.491,-0.48,0.134,0,0.4629,0.4454,0.342,0.007,0.210,0.150,0.140,0.045,0.014,0.006,20,10,7,3,0.206,0.159,0.162,0.031,0.010,0.002,21,8,3,1
0.038,0.158,0.396,-0.48,0.134,0,0.4582,0.4351,0.400,0.007,0.210,0.150,0.140,0.045,0.014,0.006,20,10,7,3,0.206,0.159,0.162,0.031,0.010,0.002,21,8,3,1
0.041,0.135,0.441,-1.19,0.219,1,0.4463,0.4214,0.515,0.586,0.210,0.150,0.140,0.045,0.014,0.006,20,10,7,3,0.206,0.159,0.162,0.031,0.010,0.002,21,8,3,1
0.044,0.105,0.230,0,0.000,0,0.4460,0.4177,0.377,0.166,0.210,0.150,0.140,0.045,0.014,0.006,20,10,7,3,0.206,0.159,0.162,0.031,0.010,0.002,21,8,3,1
0.045,0.077,0.024,-0.79,0.151,-1,0.4407,0.4100,0.460,0.736,0.210,0.150,0.140,0.045,0.014,0.006,20,10,7,3,0.206,0.159,0.162,0.031,0.010,0.002,21,8,3,1
0.048,0.084,0.155,-0.48,0.134,0,0.4356,0.4030,0.505,0.007,0.210,0.150,0.140,0.045,0.014,0.006,20,10,7,3,0.206,0.159,0.162,0.031,0.010,0.002,21,8,3,1
0.047,0.069,0.050,3.14,0.186,0,0.4281,0.3945,0.119,-0.486,0.210,0.150,0.140,0.045,0.014,0.006,20,10,7,3,0.206,0.159,0.162,0.031,0.010,0.002,21,8,3,1
0.050,0.063,0.009,-1.14,0.131,0,0.4117,0.3810,0.267,0.987,0.210,0.150,0.140,0.045,0.014,0.006,20,10,7,3,0.206,0.159,0.162,0.031,0.010,0.002,21,8,3,1
0.051,0.081,0.099,-0.08,0.108,0,0.3848,0.3598,0.287,0.059,0.210,0.150,0.140,0.045,0.014,0.006,20,10,7,3,0.206,0.159,0.162,0.031,0.010,0.002,21,8,3,1
0.078,0.050,0.187,2.53,0.140,0,0.3552,0.3339,0.133,-0.121,0.210,0.150,0.140,0.045,0.014,0.006,20,10,7,3,0.206,0.159,0.162,0.031,0.010,0.002,21,8,3,1
0.073,0.057,0.133,-0.79,0.151,-1,0.3320,0.3104,0.408,0.736,0.210,0.150,0.140,0.045,0.014,0.006,20,10,7,3,0.206,0.159,0.162,0.031,0.010,0.002,21,8,3,1
0.077,0.056,0.240,0.85,0.046,0,0.3112,0.2882,0.085,0.06,0.210,0.150,0.140,0.045,0.014,0.006,20,10,7,3,0.206,0.159,0.162,0.031,0.010,0.002,21,8,3,1
0.092,0.058,0.270,-1.14,0.131,0,0.2647,0.2473,0.183,0.987,0.210,0.150,0.140,0.045,0.014,0.006,20,10,7,3,0.206,0.159,0.162,0.031,0.010,0.002,21,8,3,1
0.074,0.045,0.335,2.53,0.140,0,0.2136,0.2032,0.133,-0.121,0.210,0.150,0.140,0.045,0.014,0.006,20,10,7,3,0.206,0.159,0.162,0.031,0.010,0.002,21,8,3,1
0.073,0.055,0.244,2.53,0.140,0,0.1621,0.1594,0.139,-0.121,0.210,0.150,0.140,0.045,0.014,0.006,20,10,7,3,0.206,0.159,0.162,0.031,0.010,0.002,21,8,3,1
0.090,0.056,0.313,0.85,0.046,0,0.1256,0.1289,0.143,0.06,0.210,0.150,0.140,0.045,0.014,0.006,20,10,7,3,0.206,0.159,0.162,0.031,0.010,0.002,21,8,3,1
0.113,0.083,0.161,-1.1,0.105,-1,0.1052,0.1114,0.298,0.192,0.210,0.150,0.140,0.045,0.014,0.006,20,10,7,3,0.206,0.159,0.162,0.031,0.010,0.002,21,8,3,1
0.116,0.084,0.202,0,0.000,0,0.0841,0.0935,0.208,0.166,0.210,0.150,0.140,0.045,0.014,0.006,20,10,7,3,0.206,0.159,0.162,0.031,0.010,0.002,21,8,3,1
0.118,0.081,0.184,2.53,0.140,0,0.0756,0.0847,0.129,-0.121,0.210,0.150,0.140,0.045,0.014,0.006,20,10,7,3,0.206,0.159,0.162,0.031,0.010,0.002,21,8,3,1
0.129,0.115,0.202,0,0.000,0,0.0674,0.0792,0.086,0.166,0.210,0.150,0.140,0.045,0.014,0.006,20,10,7,3,0.206,0.159,0.162,0.031,0.010,0.002,21,8,3,1
0.134,0.071,0.142,1.99,0.186,0,0.0648,0.0809,0.054,-0.326,0.210,0.150,0.140,0.045,0.014,0.006,20,10,7,3,0.206,0.159,0.162,0.031,0.010,0.002,21,8,3,1
0.167,0.080,0.281,1.37,0.298,0,0.0712,0.0899,0.091,-0.510,0.210,0.150,0.140,0.045,0.014,0.006,20,10,7,3,0.206,0.159,0.162,0.031,0.010,0.002,21,8,3,1
0.174,0.037,0.527,0.85,0.046,0,0.0804,0.1000,0.059,0.06,0.210,0.150,0.140,0.045,0.014,0.006,20,10,7,3,0.206,0.159,0.162,0.031,0.010,0.002,21,8,3,1
0.190,0.031,0.035,2.53,0.140,0,0.0968,0.1149,0.045,-0.121,0.210,0.150,0.140,0.045,0.014,0.006,20,10,7,3,0.206,0.159,0.162,0.031,0.010,0.002,21,8,3,1
0.193,0.025,0.399,0.85,0.046,0,0.1092,0.1248,0.034,0.06,0.210,0.150,0.140,0.045,0.014,0.006,20,10,7,3,0.206,0.159,0.162,0.031,0.010,0.002,21,8,3,1
0.160,0.026,0.194,0.85,0.046,0,0.1205,0.1338,0.047,0.06,0.210,0.150,0.140,0.045,0.014,0.006,20,10,7,3,0.206,0.159,0.162,0.031,0.010,0.002,21,8,3,1
0.162,0.037,0.437,-0.52,0.062,0,0.1224,0.1327,0.056,0.341,0.210,0.150,0.140,0.045,0.014,0.006,20,10,7,3,0.206,0.159,0.162,0.031,0.010,0.002,21,8,3,1
0.168,0.038,0.007,2.53,0.140,0,0.1177,0.1255,0.041,-0.121,0.210,0.150,0.140,0.045,0.014,0.006,20,10,7,3,0.206,0.159,0.162,0.031,0.010,0.002,21,8,3,1
0.173,0.045,0.370,3.14,0.186,0,0.1219,0.1250,0.048,-0.486,0.210,0.150,0.140,0.045,0.014,0.006,20,10,7,3,0.206,0.159,0.162,0.031,0.010,0.002,21,8,3,1
0.178,0.060,0.082,1.42,0.221,0,0.1312,0.1295,0.095,-0.397,0.210,0.150,0.140,0.045,0.014,0.006,20,10,7,3,0.206,0.159,0.162,0.031,0.010,0.002,21,8,3,1
0.166,0.124,0.486,0.2,0.291,1,0.1459,0.1391,0.224,0.180,0.210,0.150,0.140,0.045,0.014,0.006,20,10,7,3,0.206,0.159,0.162,0.031,0.010,0.002,21,8,3,1
0.163,0.099,0.239,0,0.000,0,0.1566,0.1475,0.151,0.166,0.210,0.150,0.140,0.045,0.014,0.006,20,10,7,3,0.206,0.159,0.162,0.031,0.010,0.002,21,8,3,1
0.188,0.133,0.357,-0.52,0.062,0,0.1619,0.1514,0.237,0.341,0.210,0.150,0.140,0.045,0.014,0.006,20,10,7,3,0.206,0.159,0.162,0.031,0.010,0.002,21,8,3,1
0.196,0.142,0.320,-0.52,0.062,0,0.1688,0.1573,0.317,0.341,0.210,0.150,0.140,0.045,0.014,0.006,20,10,7,3,0.206,0.159,0.162,0.031,0.010,0.002,21,8,3,1
0.205,0.134,0.282,0,0.000,0,0.1813,0.1685,0.261,0.166,0.210,0.150,0.140,0.045,0.014,0.006,20,10,7,3,0.206,0.159,0.162,0.031,0.010,0.002,21,8,3,1
0.203,0.121,0.340,-0.79,0.151,-1,0.1893,0.1740,0.359,0.736,0.210,0.150,0.140,0.045,0.014,0.006,20,10,7,3,0.206,0.159,0.162,0.031,0.010,0.002,21,8,3,1
0.201,0.107,0.436,0,0.000,0,0.1972,0.1764,0.210,0.166,0.210,0.150,0.140,0.045,0.014,0.006,20,10,7,3,0.206,0.159,0.162,0.031,0.010,0.002,21,8,3,1
0.196,0.132,0.329,2.53,0.140,0,0.2059,0.1787,0.057,-0.121,0.210,0.150,0.140,0.045,0.014,0.006,20,10,7,3,0.206,0.159,0.162,0.031,0.010,0.002,21,8,3,1
0.195,0.169,0.547,-0.52,0.062,0,0.2178,0.1832,0.136,0.341,0.210,0.150,0.140,0.045,0.014,0.006,20,10,7,3,0.206,0.159,0.162,0.031,0.010,0.002,21,8,3,1
0.165,0.161,0.371,2.1,0.128,0,0.2325,0.1881,0.046,0.02,0.210,0.150,0.140,0.045,0.014,0.006,20,10,7,3,0.206,0.159,0.162,0.031,0.010,0.002,21,8,3,1
0.194,0.139,0.442,-0.08,0.108,0,0.2416,0.1889,0.103,0.059,0.210,0.150,0.140,0.045,0.014,0.006,20,10,7,3,0.206,0.159,0.162,0.031,0.010,0.002,21,8,3,1
0.179,0.153,0.238,3.14,0.186,0,0.2453,0.1863,0.041,-0.486,0.210,0.150,0.140,0.045,0.014,0.006,20,10,7,3,0.206,0.159,0.162,0.031,0.010,0.002,21,8,3,1
0.176,0.192,0.588,0.2,0.291,1,0.2384,0.1778,0.175,0.180,0.210,0.150,0.140,0.045,0.014,0.006,20,10,7,3,0.206,0.159,0.162,0.031,0.010,0.002,21,8,3,1
0.176,0.156,0.672,-0.52,0.062,0,0.2326,0.1694,0.138,0.341,0.210,0.150,0.140,0.045,0.014,0.006,20,10,7,3,0.206,0.159,0.162,0.031,0.010,0.002,21,8,3,1
0.164,0.128,0.508,-0.52,0.062,0,0.2094,0.1479,0.143,0.341,0.210,0.150,0.140,0.045,0.014,0.006,20,10,7,3,0.206,0.159,0.162,0.031,0.010,0.002,21,8,3,1
0.169,0.091,0.261,1.99,0.186,0,0.1784,0.1211,0.119,-0.326,0.210,0.150,0.140,0.045,0.014,0.006,20,10,7,3,0.206,0.159,0.162,0.031,0.010,0.002,21,8,3,1
0.200,0.098,0.130,1.99,0.186,0,0.1502,0.0968,0.190,-0.326,0.210,0.150,0.140,0.045,0.014,0.006,20,10,7,3,0.206,0.159,0.162,0.031,0.010,0.002,21,8,3,1
0.197,0.085,0.355,0,0.000,0,0.1296,0.0781,0.248,0.166,0.210,0.150,0.140,0.045,0.014,0.006,20,10,7,3,0.206,0.159,0.162,0.031,0.010,0.002,21,8,3,1
0.190,0.092,0.324,1.99,0.186,0,0.1185,0.0689,0.128,-0.326,0.210,0.150,0.140,0.045,0.014,0.006,20,10,7,3,0.206,0.159,0.162,0.031,0.010,0.002,21,8,3,1
0.174,0.091,0.365,-0.79,0.151,-1,0.1096,0.0614,0.370,0.736,0.210,0.150,0.140,0.045,0.014,0.006,20,10,7,3,0.206,0.159,0.162,0.031,0.010,0.002,21,8,3,1
0.141,0.116,0.443,-1.19,0.219,1,0.1129,0.0609,0.403,0.586,0.210,0.150,0.140,0.045,0.014,0.006,20,10,7,3,0.206,0.159,0.162,0.031,0.010,0.002,21,8,3,1
0.122,0.126,0.496,-0.08,0.108,0,0.1169,0.0610,0.252,0.059,0.210,0.150,0.140,0.045,0.014,0.006,20,10,7,3,0.206,0.159,0.162,0.031,0.010,0.002,21,8,3,1
0.130,0.099,0.220,0.85,0.046,0,0.1232,0.0638,0.165,0.06,0.210,0.150,0.140,0.045,0.014,0.006,20,10,7,3,0.206,0.159,0.162,0.031,0.010,0.002,21,8,3,1
0.132,0.094,0.393,-0.52,0.062,0,0.1281,0.0639,0.218,0.341,0.210,0.150,0.140,0.045,0.014,0.006,20,10,7,3,0.206,0.159,0.162,0.031,0.010,0.002,21,8,3,1
0.126,0.103,0.003,3.14,0.186,0,0.1368,0.0663,0.083,-0.486,0.210,0.150,0.140,0.045,0.014,0.006,20,10,7,3,0.206,0.159,0.162,0.031,0.010,0.002,21,8,3,1
0.116,0.108,0.328,-0.52,0.062,0,0.1378,0.0628,0.192,0.341,0.210,0.150,0.140,0.045,0.014,0.006,20,10,7,3,0.206,0.159,0.162,0.031,0.010,0.002,21,8,3,1
0.121,0.118,0.077,3.14,0.186,0,0.1393,0.0608,0.085,-0.486,0.210,0.150,0.140,0.045,0.014,0.006,20,10,7,3,0.206,0.159,0.162,0.031,0.010,0.002,21,8,3,1
0.084,0.119,0.021,0.85,0.046,0,0.1429,0.0615,0.146,0.06,0.210,0.150,0.140,0.045,0.014,0.006,20,10,7,3,0.206,0.159,0.162,0.031,0.010,0.002,21,8,3,1
0.080,0.134,0.050,-1.1,0.105,-1,0.1401,0.0590,0.152,0.192,0.210,0.150,0.140,0.045,0.014,0.006,20,10,7,3,0.206,0.159,0.162,0.031,0.010,0.002,21,8,3,1
0.081,0.133,0.047,-1.14,0.131,0,0.1252,0.0496,0.239,0.987,0.210,0.150,0.140,0.045,0.014,0.006,20,10,7,3,0.206,0.159,0.162,0.031,0.010,0.002,21,8,3,1
0.100,0.176,0.210,1.69,0.290,0,0.1057,0.0387,0.120,-0.697,0.210,0.150,0.140,0.045,0.014,0.006,20,10,7,3,0.206,0.159,0.162,0.031,0.010,0.002,21,8,3,1
0.080,0.152,0.252,1.69,0.290,0,0.0956,0.0322,0.088,-0.697,0.210,0.150,0.140,0.045,0.014,0.006,20,10,7,3,0.206,0.159,0.162,0.031,0.010,0.002,21,8,3,1
0.085,0.179,0.440,0.2,0.291,1,0.0877,0.0257,0.351,0.180,0.210,0.150,0.140,0.045,0.014,0.006,20,10,7,3,0.206,0.159,0.162,0.031,0.010,0.002,21,8,3,1
0.086,0.145,0.611,-0.52,0.062,0,0.0825,0.0203,0.156,0.341,0.210,0.150,0.140,0.045,0.014,0.006,20,10,7,3,0.206,0.159,0.162,0.031,0.010,0.002,21,8,3,1
0.077,0.124,0.410,0.85,0.046,0,0.0817,0.0186,0.049,0.06,0.210,0.150,0.140,0.045,0.014,0.006,20,10,7,3,0.206,0.159,0.162,0.031,0.010,0.002,21,8,3,1
0.079,0.169,0.491,-0.42,0.180,0,0.0854,0.0207,0.211,0.318,0.210,0.150,0.140,0.045,0.014,0.006,20,10,7,3,0.206,0.159,0.162,0.031,0.010,0.002,21,8,3,1
0.072,0.185,0.549,0.2,0.291,1,0.0833,0.0206,0.299,0.180,0.210,0.150,0.140,0.045,0.014,0.006,20,10,7,3,0.206,0.159,0.162,0.031,0.010,0.002,21,8,3,1
0.073,0.187,0.348,1.76,0.409,0,0.0764,0.0178,0.047,-0.884,0.210,0.150,0.140,0.045,0.014,0.006,20,10,7,3,0.206,0.159,0.162,0.031,0.010,0.002,21,8,3,1
0.073,0.094,0.221,3.14,0.186,0,0.0721,0.0173,0.028,-0.486,0.210,0.150,0.140,0.045,0.014,0.006,20,10,7,3,0.206,0.159,0.162,0.031,0.010,0.002,21,8,3,1
0.075,0.113,0.213,0.85,0.046,0,0.0620,0.0143,0.175,0.06,0.210,0.150,0.140,0.045,0.014,0.006,20,10,7,3,0.206,0.159,0.162,0.031,0.010,0.002,21,8,3,1
0.079,0.085,0.191,0.85,0.046,0,0.0491,0.0104,0.160,0.06,0.210,0.150,0.140,0.045,0.014,0.006,20,10,7,3,0.206,0.159,0.162,0.031,0.010,0.002,21,8,3,1
0.096,0.082,0.180,1.99,0.186,0,0.0379,0.0073,0.054,-0.326,0.210,0.150,0.140,0.045,0.014,0.006,20,10,7,3,0.206,0.159,0.162,0.031,0.010,0.002,21,8,3,1
0.116,0.091,0.192,0.85,0.046,0,0.0308,0.0058,0.150,0.06,0.210,0.150,0.140,0.045,0.014,0.006,20,10,7,3,0.206,0.159,0.162,0.031,0.010,0.002,21,8,3,1
0.113,0.136,0.312,0,0.000,0,0.0268,0.0050,0.278,0.166,0.210,0.150,0.140,0.045,0.014,0.006,20,10,7,3,0.206,0.159,0.162,0.031,0.010,0.002,21,8,3,1
0.110,0.150,0.327,-0.08,0.108,0,0.0252,0.0047,0.196,0.059,0.210,0.150,0.140,0.045,0.014,0.006,20,10,7,3,0.206,0.159,0.162,0.031,0.010,0.002,21,8,3,1
0.110,0.128,0.149,1.99,0.186,0,0.0269,0.0054,0.062,-0.326,0.210,0.150,0.140,0.045,0.014,0.006,20,10,7,3,0.206,0.159,0.162,0.031,0.010,0.002,21,8,3,1
0.116,0.072,0.092,-1.14,0.131,0,0.0287,0.0060,0.101,0.987,0.210,0.150,0.140,0.045,0.014,0.006,20,10,7,3,0.206,0.159,0.162,0.031,0.010,0.002,21,8,3,1
0.100,0.075,0.017,2.53,0.140,0,0.0276,0.0065,0.037,-0.121,0.210,0.150,0.140,0.045,0.014,0.006,20,10,7,3,0.206,0.159,0.162,0.031,0.010,0.002,21,8,3,1
0.119,0.047,0.023,1.99,0.186,0,0.0225,0.0052,0.021,-0.326,0.210,0.150,0.140,0.045,0.014,0.006,20,10,7,3,0.206,0.159,0.162,0.031,0.010,0.002,21,8,3,1
0.121,0.039,0.003,1.99,0.186,0,0.0200,0.0056,0.021,-0.326,0.210,0.150,0.140,0.045,0.014,0.006,20,10,7,3,0.206,0.159,0.162,0.031,0.010,0.002,21,8,3,1
0.083,0.027,0.002,1.99,0.186,0,0.0213,0.0075,0.041,-0.326,0.210,0.150,0.140,0.045,0.014,0.006,20,10,7,3,0.206,0.159,0.162,0.031,0.010,0.002,21,8,3,1
0.080,0.033,0.002,1.99,0.186,0,0.0195,0.0073,0.030,-0.326,0.210,0.150,0.140,0.045,0.014,0.006,20,10,7,3,0.206,0.159,0.162,0.031,0.010,0.002,21,8,3,1
0.077,0.032,0.001,1.99,0.186,0,0.0226,0.0096,0.035,-0.326,0.210,0.150,0.140,0.045,0.014,0.006,20,10,7,3,0.206,0.159,0.162,0.031,0.010,0.002,21,8,3,1
0.074,0.034,0.006,0,0.000,0,0.0288,0.0128,0.090,0.166,0.210,0.150,0.140,0.045,0.014,0.006,20,10,7,3,0.206,0.159,0.162,0.031,0.010,0.002,21,8,3,1
0.059,0.039,0.018,0,0.000,0,0.0354,0.0160,0.133,0.166,0.210,0.150,0.140,0.045,0.014,0.006,20,10,7,3,0.206,0.159,0.162,0.031,0.010,0.002,21,8,3,1
0.050,0.055,0.057,0.85,0.046,0,0.0380,0.0144,0.088,0.06,0.210,0.150,0.140,0.045,0.014,0.006,20,10,7,3,0.206,0.159,0.162,0.031,0.010,0.002,21,8,3,1
0.063,0.063,0.133,0,0.000,0,0.0439,0.0166,0.063,0.166,0.210,0.150,0.140,0.045,0.014,0.006,20,10,7,3,0.206,0.159,0.162,0.031,0.010,0.002,21,8,3,1
0.083,0.122,0.461,1.37,0.298,0,0.0611,0.0302,0.098,-0.510,0.210,0.150,0.140,0.045,0.014,0.006,20,10,7,3,0.206,0.159,0.162,0.031,0.010,0.002,21,8,3,1
0.078,0.130,0.497,1.69,0.290,0,0.0851,0.0515,0.084,-0.697,0.210,0.150,0.140,0.045,0.014,0.006,20,10,7,3,0.206,0.159,0.162,0.031,0.010,0.002,21,8,3,1
0.076,0.104,0.542,1.99,0.186,0,0.1205,0.0844,0.083,-0.326,0.210,0.150,0.140,0.045,0.014,0.006,20,10,7,3,0.206,0.159,0.162,0.031,0.010,0.002,21,8,3,1
0.062,0.165,0.651,1.76,0.409,0,0.1558,0.1189,0.104,-0.884,0.210,0.150,0.140,0.045,0.014,0.006,20,10,7,3,0.206,0.159,0.162,0.031,0.010,0.002,21,8,3,1
0.065,0.151,0.582,-0.42,0.180,0,0.1953,0.1574,0.223,0.318,0.210,0.150,0.140,0.045,0.014,0.006,20,10,7,3,0.206,0.159,0.162,0.031,0.010,0.002,21,8,3,1
0.082,0.160,0.600,-0.42,0.180,0,0.2360,0.1937,0.228,0.318,0.210,0.150,0.140,0.045,0.014,0.006,20,10,7,3,0.206,0.159,0.162,0.031,0.010,0.002,21,8,3,1
0.103,0.140,0.553,-0.42,0.180,0,0.2620,0.2213,0.238,0.318,0.210,0.150,0.140,0.045,0.014,0.006,20,10,7,3,0.206,0.159,0.162,0.031,0.010,0.002,21,8,3,1
0.125,0.098,0.540,-0.79,0.151,-1,0.2880,0.2476,0.387,0.736,0.210,0.150,0.140,0.045,0.014,0.006,20,10,7,3,0.206,0.159,0.162,0.031,0.010,0.002,21,8,3,1
0.128,0.084,0.186,-0.79,0.151,-1,0.3176,0.2725,0.446,0.736,0.210,0.150,0.140,0.045,0.014,0.006,20,10,7,3,0.206,0.159,0.162,0.031,0.010,0.002,21,8,3,1
0.103,0.105,0.643,-1.19,0.219,1,0.3605,0.3041,0.345,0.586,0.210,0.150,0.140,0.045,0.014,0.006,20,10,7,3,0.206,0.159,0.162,0.031,0.010,0.002,21,8,3,1
0.098,0.115,0.624,-1.19,0.219,1,0.4132,0.3403,0.342,0.586,0.210,0.150,0.140,0.045,0.014,0.006,20,10,7,3,0.206,0.159,0.162,0.031,0.010,0.002,21,8,3,1
0.089,0.099,0.402,-0.08,0.108,0,0.4648,0.3761,0.357,0.059,0.210,0.150,0.140,0.045,0.014,0.006,20,10,7,3,0.206,0.159,0.162,0.031,0.010,0.002,21,8,3,1
0.108,0.122,0.542,-0.42,0.180,0,0.5079,0.4076,0.400,0.318,0.210,0.150,0.140,0.045,0.014,0.006,20,10,7,3,0.206,0.159,0.162,0.031,0.010,0.002,21,8,3,1
0.113,0.138,0.540,1.69,0.290,0,0.5460,0.4380,0.180,-0.697,0.210,0.150,0.140,0.045,0.014,0.006,20,10,7,3,0.206,0.159,0.162,0.031,0.010,0.002,21,8,3,1
0.133,0.155,0.685,0.2,0.291,1,0.5724,0.4623,0.320,0.180,0.210,0.150,0.140,0.045,0.014,0.006,20,10,7,3,0.206,0.159,0.162,0.031,0.010,0.002,21,8,3,1
0.143,0.146,0.619,-1.19,0.219,1,0.5858,0.4824,0.405,0.586,0.210,0.150,0.140,0.045,0.014,0.006,20,10,7,3,0.206,0.159,0.162,0.031,0.010,0.002,21,8,3,1
0.148,0.139,0.533,-1.19,0.219,1,0.5659,0.4784,0.438,0.586,0.210,0.150,0.140,0.045,0.014,0.006,20,10,7,3,0.206,0.159,0.162,0.031,0.010,0.002,21,8,3,1
0.106,0.101,0.372,-1.19,0.219,1,0.5279,0.4610,0.411,0.586,0.210,0.150,0.140,0.045,0.014,0.006,20,10,7,3,0.206,0.159,0.162,0.031,0.010,0.002,21,8,3,1
0.137,0.123,0.422,0.2,0.291,1,0.4830,0.4386,0.296,0.180,0.210,0.150,0.140,0.045,0.014,0.006,20,10,7,3,0.206,0.159,0.162,0.031,0.010,0.002,21,8,3,1
0.159,0.081,0.258,-0.79,0.151,-1,0.4371,0.4131,0.352,0.736,0.210,0.150,0.140,0.045,0.014,0.006,20,10,7,3,0.206,0.159,0.162,0.031,0.010,0.002,21,8,3,1
0.135,0.066,0.278,-0.42,0.180,0,0.4143,0.4036,0.383,0.318,0.210,0.150,0.140,0.045,0.014,0.006,20,10,7,3,0.206,0.159,0.162,0.031,0.010,0.002,21,8,3,1
0.135,0.064,0.039,-0.79,0.151,-1,0.4030,0.4006,0.314,0.736,0.210,0.150,0.140,0.045,0.014,0.006,20,10,7,3,0.206,0.159,0.162,0.031,0.010,0.002,21,8,3,1
0.137,0.059,0.018,1.99,0.186,0,0.4192,0.4137,0.083,-0.326,0.210,0.150,0.140,0.045,0.014,0.006,20,10,7,3,0.206,0.159,0.162,0.031,0.010,0.002,21,8,3,1
0.116,0.107,0.328,0.2,0.291,1,0.4598,0.4381,0.282,0.180,0.210,0.150,0.140,0.045,0.014,0.006,20,10,7,3,0.206,0.159,0.162,0.031,0.010,0.002,21,8,3,1
0.135,0.085,0.006,-0.79,0.151,-1,0.4960,0.4614,0.453,0.736,0.210,0.150,0.140,0.045,0.014,0.006,20,10,7,3,0.206,0.159,0.162,0.031,0.010,0.002,21,8,3,1
0.137,0.087,0.004,1.42,0.221,0,0.5100,0.4707,0.172,-0.397,0.210,0.150,0.140,0.045,0.014,0.006,20,10,7,3,0.206,0.159,0.162,0.031,0.010,0.002,21,8,3,1
0.105,0.096,0.017,0.85,0.046,0,0.5064,0.4702,0.085,0.06,0.210,0.150,0.140,0.045,0.014,0.006,20,10,7,3,0.206,0.159,0.162,0.031,0.010,0.002,21,8,3,1
0.088,0.132,0.014,1.76,0.409,0,0.4932,0.4627,0.192,-0.884,0.210,0.150,0.140,0.045,0.014,0.006,20,10,7,3,0.206,0.159,0.162,0.031,0.010,0.002,21,8,3,1
0.070,0.126,0.037,-0.52,0.062,0,0.4731,0.4534,0.341,0.341,0.210,0.150,0.140,0.045,0.014,0.006,20,10,7,3,0.206,0.159,0.162,0.031,0.010,0.002,21,8,3,1
0.084,0.140,0.008,-0.08,0.108,0,0.4438,0.4410,0.238,0.059,0.210,0.150,0.140,0.045,0.014,0.006,20,10,7,3,0.206,0.159,0.162,0.031,0.010,0.002,21,8,3,1
0.104,0.146,0.083,1.42,0.221,0,0.3966,0.4131,0.140,-0.397,0.210,0.150,0.140,0.045,0.014,0.006,20,10,7,3,0.206,0.159,0.162,0.031,0.010,0.002,21,8,3,1
0.107,0.197,0.372,-1.19,0.219,1,0.3507,0.3855,0.426,0.586,0.210,0.150,0.140,0.045,0.014,0.006,20,10,7,3,0.206,0.159,0.162,0.031,0.010,0.002,21,8,3,1
0.107,0.199,0.345,-0.42,0.180,0,0.3106,0.3566,0.432,0.318,0.210,0.150,0.140,0.045,0.014,0.006,20,10,7,3,0.206,0.159,0.162,0.031,0.010,0.002,21,8,3,1
0.087,0.153,0.374,-0.79,0.151,-1,0.2907,0.3437,0.339,0.736,0.210,0.150,0.140,0.045,0.014,0.006,20,10,7,3,0.206,0.159,0.162,0.031,0.010,0.002,21,8,3,1
0.083,0.175,0.258,-0.42,0.180,0,0.2775,0.3342,0.324,0.318,0.210,0.150,0.140,0.045,0.014,0.006,20,10,7,3,0.206,0.159,0.162,0.031,0.010,0.002,21,8,3,1
0.107,0.177,0.460,-0.52,0.062,0,0.2732,0.3285,0.364,0.341,0.210,0.150,0.140,0.045,0.014,0.006,20,10,7,3,0.206,0.159,0.162,0.031,0.010,0.002,21,8,3,1
0.070,0.166,0.062,-0.08,0.108,0,0.2722,0.3206,0.253,0.059,0.210,0.150,0.140,0.045,0.014,0.006,20,10,7,3,0.206,0.159,0.162,0.031,0.010,0.002,21,8,3,1
0.072,0.172,0.380,0.2,0.291,1,0.2680,0.3071,0.173,0.180,0.210,0.150,0.140,0.045,0.014,0.006,20,10,7,3,0.206,0.159,0.162,0.031,0.010,0.002,21,8,3,1
0.111,0.112,0.060,2.53,0.140,0,0.2618,0.2931,0.152,-0.121,0.210,0.150,0.140,0.045,0.014,0.006,20,10,7,3,0.206,0.159,0.162,0.031,0.010,0.002,21,8,3,1
0.103,0.147,0.172,-1.19,0.219,1,0.2442,0.2735,0.369,0.586,0.210,0.150,0.140,0.045,0.014,0.006,20,10,7,3,0.206,0.159,0.162,0.031,0.010,0.002,21,8,3,1
0.105,0.113,0.002,1.99,0.186,0,0.2259,0.2545,0.085,-0.326,0.210,0.150,0.140,0.045,0.014,0.006,20,10,7,3,0.206,0.159,0.162,0.031,0.010,0.002,21,8,3,1
0.089,0.102,0.006,1.99,0.186,0,0.2087,0.2352,0.077,-0.326,0.210,0.150,0.140,0.045,0.014,0.006,20,10,7,3,0.206,0.159,0.162,0.031,0.010,0.002,21,8,3,1
0.072,0.114,0.006,-0.79,0.151,-1,0.1965,0.2204,0.349,0.736,0.210,0.150,0.140,0.045,0.014,0.006,20,10,7,3,0.206,0.159,0.162,0.031,0.010,0.002,21,8,3,1
0.078,0.111,0.009,-0.79,0.151,-1,0.1805,0.2068,0.312,0.736,0.210,0.150,0.140,0.045,0.014,0.006,20,10,7,3,0.206,0.159,0.162,0.031,0.010,0.002,21,8,3,1
0.101,0.097,0.012,1.99,0.186,0,0.1624,0.1971,0.070,-0.326,0.210,0.150,0.140,0.045,0.014,0.006,20,10,7,3,0.206,0.159,0.162,0.031,0.010,0.002,21,8,3,1
0.106,0.167,0.258,0.2,0.291,1,0.1411,0.1821,0.279,0.180,0.210,0.150,0.140,0.045,0.014,0.006,20,10,7,3,0.206,0.159,0.162,0.031,0.010,0.002,21,8,3,1
0.082,0.170,0.275,1.76,0.409,0,0.1466,0.1885,0.233,-0.884,0.210,0.150,0.140,0.045,0.014,0.006,20,10,7,3,0.206,0.159,0.162,0.031,0.010,0.002,21,8,3,1
0.090,0.198,0.469,0.2,0.291,1,0.1623,0.2025,0.303,0.180,0.210,0.150,0.140,0.045,0.014,0.006,20,10,7,3,0.206,0.159,0.162,0.031,0.010,0.002,21,8,3,1
0.093,0.192,0.155,-0.52,0.062,0,0.1754,0.2111,0.118,0.341,0.210,0.150,0.140,0.045,0.014,0.006,20,10,7,3,0.206,0.159,0.162,0.031,0.010,0.002,21,8,3,1
0.098,0.195,0.042,3.14,0.186,0,0.1845,0.2132,0.114,-0.486,0.210,0.150,0.140,0.045,0.014,0.006,20,10,7,3,0.206,0.159,0.162,0.031,0.010,0.002,21,8,3,1
0.079,0.690,0.249,-0.42,0.180,0,0.1907,0.2083,0.250,0.318,0.210,0.150,0.140,0.045,0.014,0.006,20,10,7,3,0.206,0.159,0.162,0.031,0.010,0.002,21,8,3,1
0.070,0.690,0.285,1.37,0.298,0,0.2110,0.2157,0.130,-0.510,0.210,0.150,0.140,0.045,0.014,0.006,20,10,7,3,0.206,0.159,0.162,0.031,0.010,0.002,21,8,3,1
0.059,0.180,0.027,0.85,0.046,0,0.2295,0.2222,0.132,0.06,0.210,0.150,0.140,0.045,0.014,0.006,20,10,7,3,0.206,0.159,0.162,0.031,0.010,0.002,21,8,3,1
0.059,0.185,0.049,-0.52,0.062,0,0.2441,0.2284,0.241,0.341,0.210,0.150,0.140,0.045,0.014,0.006,20,10,7,3,0.206,0.159,0.162,0.031,0.010,0.002,21,8,3,1
0.050,0.758,0.514,0.2,0.291,1,0.2497,0.2275,0.389,0.180,0.210,0.150,0.140,0.045,0.014,0.006,20,10,7,3,0.206,0.159,0.162,0.031,0.010,0.002,21,8,3,1
0.063,0.200,0.054,0,0.000,0,0.2450,0.2192,0.308,0.166,0.210,0.150,0.140,0.045,0.014,0.006,20,10,7,3,0.206,0.159,0.162,0.031,0.010,0.002,21,8,3,1
0.076,0.205,0.014,-0.79,0.151,-1,0.2377,0.2128,0.388,0.736,0.210,0.150,0.140,0.045,0.014,0.006,20,10,7,3,0.206,0.159,0.162,0.031,0.010,0.002,21,8,3,1
0.111,0.773,0.597,0.2,0.291,1,0.2368,0.2149,0.295,0.180,0.210,0.150,0.140,0.045,0.014,0.006,20,10,7,3,0.206,0.159,0.162,0.031,0.010,0.002,21,8,3,1
0.106,0.733,0.520,0.22,0.230,0,0.2491,0.2287,0.254,0.303,0.210,0.150,0.140,0.045,0.014,0.006,20,10,7,3,0.206,0.159,0.162,0.031,0.010,0.002,21,8,3,1
0.083,0.218,0.134,-0.52,0.062,0,0.2626,0.2415,0.312,0.341,0.210,0.150,0.140,0.045,0.014,0.006,20,10,7,3,0.206,0.159,0.162,0.031,0.010,0.002,21,8,3,1
0.106,0.177,0.078,0.85,0.046,0,0.2746,0.2506,0.149,0.06,0.210,0.150,0.140,0.045,0.014,0.006,20,10,7,3,0.206,0.159,0.162,0.031,0.010,0.002,21,8,3,1
0.105,0.204,0.440,1.37,0.298,0,0.2874,0.2598,0.117,-0.510,0.210,0.150,0.140,0.045,0.014,0.006,20,10,7,3,0.206,0.159,0.162,0.031,0.010,0.002,21,8,3,1
0.118,0.192,0.432,-0.48,0.134,0,0.2860,0.2599,0.295,0.007,0.210,0.150,0.140,0.045,0.014,0.006,20,10,7,3,0.206,0.159,0.162,0.031,0.010,0.002,21,8,3,1
0.113,0.163,0.011,-0.79,0.151,-1,0.2770,0.2531,0.397,0.736,0.210,0.150,0.140,0.045,0.014,0.006,20,10,7,3,0.206,0.159,0.162,0.031,0.010,0.002,21,8,3,1
0.107,0.197,0.039,1.76,0.409,0,0.2664,0.2450,0.073,-0.884,0.210,0.150,0.140,0.045,0.014,0.006,20,10,7,3,0.206,0.159,0.162,0.031,0.010,0.002,21,8,3,1
0.100,0.167,0.121,-1.19,0.219,1,0.2435,0.2267,0.197,0.586,0.210,0.150,0.140,0.045,0.014,0.006,20,10,7,3,0.206,0.159,0.162,0.031,0.010,0.002,21,8,3,1
0.098,0.180,0.192,-1.19,0.219,1,0.2291,0.2167,0.456,0.586,0.210,0.150,0.140,0.045,0.014,0.006,20,10,7,3,0.206,0.159,0.162,0.031,0.010,0.002,21,8,3,1
0.116,0.117,0.001,0.85,0.046,0,0.2037,0.1960,0.233,0.06,0.210,0.150,0.140,0.045,0.014,0.006,20,10,7,3,0.206,0.159,0.162,0.031,0.010,0.002,21,8,3,1
0.106,0.103,0.002,1.99,0.186,0,0.1866,0.1824,0.129,-0.326,0.210,0.150,0.140,0.045,0.014,0.006,20,10,7,3,0.206,0.159,0.162,0.031,0.010,0.002,21,8,3,1
0.123,0.124,0.050,1.69,0.290,0,0.1953,0.1930,0.165,-0.697,0.210,0.150,0.140,0.045,0.014,0.006,20,10,7,3,0.206,0.159,0.162,0.031,0.010,0.002,21,8,3,1
0.111,0.137,0.335,-1.19,0.219,1,0.2167,0.2154,0.431,0.586,0.210,0.150,0.140,0.045,0.014,0.006,20,10,7,3,0.206,0.159,0.162,0.031,0.010,0.002,21,8,3,1
0.111,0.100,0.224,-1.14,0.131,0,0.2447,0.2450,0.249,0.987,0.210,0.150,0.140,0.045,0.014,0.006,20,10,7,3,0.206,0.159,0.162,0.031,0.010,0.002,21,8,3,1
0.105,0.083,0.009,0.85,0.046,0,0.2581,0.2628,0.247,0.06,0.210,0.150,0.140,0.045,0.014,0.006,20,10,7,3,0.206,0.159,0.162,0.031,0.010,0.002,21,8,3,1
0.119,0.075,0.295,-1.1,0.105,-1,0.2538,0.2651,0.309,0.192,0.210,0.150,0.140,0.045,0.014,0.006,20,10,7,3,0.206,0.159,0.162,0.031,0.010,0.002,21,8,3,1
0.142,0.077,0.012,2.53,0.140,0,0.2443,0.2652,0.115,-0.121,0.210,0.150,0.140,0.045,0.014,0.006,20,10,7,3,0.206,0.159,0.162,0.031,0.010,0.002,21,8,3,1
0.200,0.090,0.095,3.14,0.186,0,0.2295,0.2602,0.139,-0.486,0.210,0.150,0.140,0.045,0.014,0.006,20,10,7,3,0.206,0.159,0.162,0.031,0.010,0.002,21,8,3,1
0.163,0.092,0.007,1.99,0.186,0,0.2295,0.2690,0.123,-0.326,0.210,0.150,0.140,0.045,0.014,0.006,20,10,7,3,0.206,0.159,0.162,0.031,0.010,0.002,21,8,3,1
0.132,0.100,0.036,-1.1,0.105,-1,0.2362,0.2803,0.208,0.192,0.210,0.150,0.140,0.045,0.014,0.006,20,10,7,3,0.206,0.159,0.162,0.031,0.010,0.002,21,8,3,1
0.138,0.097,0.284,-1.14,0.131,0,0.2432,0.2893,0.266,0.987,0.210,0.150,0.140,0.045,0.014,0.006,20,10,7,3,0.206,0.159,0.162,0.031,0.010,0.002,21,8,3,1
0.114,0.138,0.431,-1.19,0.219,1,0.2499,0.2975,0.503,0.586,0.210,0.150,0.140,0.045,0.014,0.006,20,10,7,3,0.206,0.159,0.162,0.031,0.010,0.002,21,8,3,1
0.132,0.134,0.285,-0.08,0.108,0,0.2640,0.3124,0.278,0.059,0.210,0.150,0.140,0.045,0.014,0.006,20,10,7,3,0.206,0.159,0.162,0.031,0.010,0.002,21,8,3,1
0.103,0.118,0.042,0.85,0.046,0,0.2964,0.3417,0.267,0.06,0.210,0.150,0.140,0.045,0.014,0.006,20,10,7,3,0.206,0.159,0.162,0.031,0.010,0.002,21,8,3,1
0.112,0.115,0.355,-0.48,0.134,0,0.3264,0.3677,0.232,0.007,0.210,0.150,0.140,0.045,0.014,0.006,20,10,7,3,0.206,0.159,0.162,0.031,0.010,0.002,21,8,3,1
0.117,0.103,0.226,-1.14,0.131,0,0.3516,0.3881,0.150,0.987,0.210,0.150,0.140,0.045,0.014,0.006,20,10,7,3,0.206,0.159,0.162,0.031,0.010,0.002,21,8,3,1
0.122,0.077,0.235,3.14,0.186,0,0.3724,0.4037,0.095,-0.486,0.210,0.150,0.140,0.045,0.014,0.006,20,10,7,3,0.206,0.159,0.162,0.031,0.010,0.002,21,8,3,1
0.118,0.082,0.001,1.99,0.186,0,0.3889,0.4132,0.089,-0.326,0.210,0.150,0.140,0.045,0.014,0.006,20,10,7,3,0.206,0.159,0.162,0.031,0.010,0.002,21,8,3,1
0.126,0.083,0.082,1.99,0.186,0,0.4093,0.4253,0.095,-0.326,0.210,0.150,0.140,0.045,0.014,0.006,20,10,7,3,0.206,0.159,0.162,0.031,0.010,0.002,21,8,3,1
0.127,0.106,0.068,2.53,0.140,0,0.4322,0.4390,0.086,-0.121,0.210,0.150,0.140,0.045,0.014,0.006,20,10,7,3,0.206,0.159,0.162,0.031,0.010,0.002,21,8,3,1
0.163,0.136,0.491,-0.52,0.062,0,0.4552,0.4546,0.137,0.341,0.210,0.150,0.140,0.045,0.014,0.006,20,10,7,3,0.206,0.159,0.162,0.031,0.010,0.002,21,8,3,1
0.140,0.137,0.299,-0.79,0.151,-1,0.4681,0.4659,0.327,0.736,0.210,0.150,0.140,0.045,0.014,0.006,20,10,7,3,0.206,0.159,0.162,0.031,0.010,0.002,21,8,3,1
0.108,0.130,0.170,-1.1,0.105,-1,0.4633,0.4639,0.301,0.192,0.210,0.150,0.140,0.045,0.014,0.006,20,10,7,3,0.206,0.159,0.162,0.031,0.010,0.002,21,8,3,1
0.110,0.187,0.360,-0.42,0.180,0,0.4488,0.4548,0.300,0.318,0.210,0.150,0.140,0.045,0.014,0.006,20,10,7,3,0.206,0.159,0.162,0.031,0.010,0.002,21,8,3,1
0.105,0.207,0.597,0.2,0.291,1,0.4535,0.4587,0.366,0.180,0.210,0.150,0.140,0.045,0.014,0.006,20,10,7,3,0.206,0.159,0.162,0.031,0.010,0.002,21,8,3,1
0.123,0.166,0.593,-0.52,0.062,0,0.4636,0.4646,0.197,0.341,0.210,0.150,0.140,0.045,0.014,0.006,20,10,7,3,0.206,0.159,0.162,0.031,0.010,0.002,21,8,3,1
0.123,0.127,0.297,2.53,0.140,0,0.5078,0.4956,0.177,-0.121,0.210,0.150,0.140,0.045,0.014,0.006,20,10,7,3,0.206,0.159,0.162,0.031,0.010,0.002,21,8,3,1
0.122,0.156,0.460,-0.42,0.180,0,0.5626,0.5300,0.397,0.318,0.210,0.150,0.140,0.045,0.014,0.006,20,10,7,3,0.206,0.159,0.162,0.031,0.010,0.002,21,8,3,1
0.103,0.157,0.554,0.2,0.291,1,0.6247,0.5676,0.394,0.180,0.210,0.150,0.140,0.045,0.014,0.006,20,10,7,3,0.206,0.159,0.162,0.031,0.010,0.002,21,8,3,1
0.099,0.106,0.431,0.85,0.046,0,0.6744,0.5952,0.268,0.06,0.210,0.150,0.140,0.045,0.014,0.006,20,10,7,3,0.206,0.159,0.162,0.031,0.010,0.002,21,8,3,1
0.080,0.108,0.528,-1.19,0.219,1,0.7086,0.6137,0.463,0.586,0.210,0.150,0.140,0.045,0.014,0.006,20,10,7,3,0.206,0.159,0.162,0.031,0.010,0.002,21,8,3,1
0.079,0.077,0.141,-0.79,0.151,-1,0.7305,0.6259,0.435,0.736,0.210,0.150,0.140,0.045,0.014,0.006,20,10,7,3,0.206,0.159,0.162,0.031,0.010,0.002,21,8,3,1
0.080,0.065,0.310,-1.14,0.131,0,0.7208,0.6119,0.377,0.987,0.210,0.150,0.140,0.045,0.014,0.006,20,10,7,3,0.206,0.159,0.162,0.031,0.010,0.002,21,8,3,1
0.070,0.090,0.374,-0.42,0.180,0,0.6866,0.5836,0.527,0.318,0.210,0.150,0.140,0.045,0.014,0.006,20,10,7,3,0.206,0.159,0.162,0.031,0.010,0.002,21,8,3,1
0.049,0.072,0.217,-1.1,0.105,-1,0.6209,0.5325,0.511,0.192,0.210,0.150,0.140,0.045,0.014,0.006,20,10,7,3,0.206,0.159,0.162,0.031,0.010,0.002,21,8,3,1
0.051,0.059,0.224,1.99,0.186,0,0.5443,0.4746,0.213,-0.326,0.210,0.150,0.140,0.045,0.014,0.006,20,10,7,3,0.206,0.159,0.162,0.031,0.010,0.002,21,8,3,1
0.043,0.071,0.140,-1.14,0.131,0,0.4783,0.4229,0.463,0.987,0.210,0.150,0.140,0.045,0.014,0.006,20,10,7,3,0.206,0.159,0.162,0.031,0.010,0.002,21,8,3,1
0.044,0.084,0.129,-1.1,0.105,-1,0.4321,0.3803,0.514,0.192,0.210,0.150,0.140,0.045,0.014,0.006,20,10,7,3,0.206,0.159,0.162,0.031,0.010,0.002,21,8,3,1
0.046,0.101,0.236,-0.48,0.134,0,0.3959,0.3422,0.314,0.007,0.210,0.150,0.140,0.045,0.014,0.006,20,10,7,3,0.206,0.159,0.162,0.031,0.010,0.002,21,8,3,1
0.044,0.096,0.095,-1.14,0.131,0,0.3637,0.3062,0.345,0.987,0.210,0.150,0.140,0.045,0.014,0.006,20,10,7,3,0.206,0.159,0.162,0.031,0.010,0.002,21,8,3,1
0.044,0.118,0.139,-0.79,0.151,-1,0.3292,0.2684,0.501,0.736,0.210,0.150,0.140,0.045,0.014,0.006,20,10,7,3,0.206,0.159,0.162,0.031,0.010,0.002,21,8,3,1
0.036,0.141,0.330,0.2,0.291,1,0.2870,0.2287,0.261,0.180,0.210,0.150,0.140,0.045,0.014,0.006,20,10,7,3,0.206,0.159,0.162,0.031,0.010,0.002,21,8,3,1
0.036,0.152,0.288,1.69,0.290,0,0.2553,0.1978,0.090,-0.697,0.210,0.150,0.140,0.045,0.014,0.006,20,10,7,3,0.206,0.159,0.162,0.031,0.010,0.002,21,8,3,1
0.040,0.146,0.419,-0.48,0.134,0,0.2212,0.1679,0.196,0.007,0.210,0.150,0.140,0.045,0.014,0.006,20,10,7,3,0.206,0.159,0.162,0.031,0.010,0.002,21,8,3,1
0.034,0.179,0.394,1.76,0.409,0,0.1976,0.1466,0.097,-0.884,0.210,0.150,0.140,0.045,0.014,0.006,20,10,7,3,0.206,0.159,0.162,0.031,0.010,0.002,21,8,3,1
0.034,0.144,0.421,0.22,0.230,0,0.1692,0.1234,0.099,0.303,0.210,0.150,0.140,0.045,0.014,0.006,20,10,7,3,0.206,0.159,0.162,0.031,0.010,0.002,21,8,3,1
0.036,0.155,0.193,1.37,0.298,0,0.1451,0.1050,0.059,-0.510,0.210,0.150,0.140,0.045,0.014,0.006,20,10,7,3,0.206,0.159,0.162,0.031,0.010,0.002,21,8,3,1
0.039,0.093,0.233,2.1,0.128,0,0.1193,0.0860,0.037,0.02,0.210,0.150,0.140,0.045,0.014,0.006,20,10,7,3,0.206,0.159,0.162,0.031,0.010,0.002,21,8,3,1
0.043,0.137,0.152,2.53,0.140,0,0.0979,0.0720,0.045,-0.121,0.210,0.150,0.140,0.045,0.014,0.006,20,10,7,3,0.206,0.159,0.162,0.031,0.010,0.002,21,8,3,1
0.055,0.152,0.250,1.99,0.186,0,0.0841,0.0642,0.066,-0.326,0.210,0.150,0.140,0.045,0.014,0.006,20,10,7,3,0.206,0.159,0.162,0.031,0.010,0.002,21,8,3,1
0.051,0.142,0.232,0,0.000,0,0.0679,0.0495,0.071,0.166,0.210,0.150,0.140,0.045,0.014,0.006,20,10,7,3,0.206,0.159,0.162,0.031,0.010,0.002,21,8,3,1
0.043,0.105,0.375,2.1,0.128,0,0.0590,0.0410,0.049,0.02,0.210,0.150,0.140,0.045,0.014,0.006,20,10,7,3,0.206,0.159,0.162,0.031,0.010,0.002,21,8,3,1
0.033,0.124,0.435,-0.79,0.151,-1,0.0404,0.0280,0.245,0.736,0.210,0.150,0.140,0.045,0.014,0.006,20,10,7,3,0.206,0.159,0.162,0.031,0.010,0.002,21,8,3,1
0.041,0.157,0.400,-0.52,0.062,0,0.0314,0.0216,0.091,0.341,0.210,0.150,0.140,0.045,0.014,0.006,20,10,7,3,0.206,0.159,0.162,0.031,0.010,0.002,21,8,3,1
0.039,0.193,0.257,1.69,0.290,0,0.0305,0.0184,0.110,-0.697,0.210,0.150,0.140,0.045,0.014,0.006,20,10,7,3,0.206,0.159,0.162,0.031,0.010,0.002,21,8,3,1
0.058,0.189,0.614,3.14,0.186,0,0.0515,0.0300,0.152,-0.486,0.210,0.150,0.140,0.045,0.014,0.006,20,10,7,3,0.206,0.159,0.162,0.031,0.010,0.002,21,8,3,1
0.055,0.258,0.627,-0.52,0.062,0,0.0806,0.0464,0.244,0.341,0.210,0.150,0.140,0.045,0.014,0.006,20,10,7,3,0.206,0.159,0.162,0.031,0.010,0.002,21,8,3,1
0.059,0.250,0.605,0,0.000,0,0.1110,0.0641,0.201,0.166,0.210,0.150,0.140,0.045,0.014,0.006,20,10,7,3,0.206,0.159,0.162,0.031,0.010,0.002,21,8,3,1
0.060,0.684,0.744,0.2,0.291,1,0.1380,0.0826,0.286,0.180,0.210,0.150,0.140,0.045,0.014,0.006,20,10,7,3,0.206,0.159,0.162,0.031,0.010,0.002,21,8,3,1
0.075,0.242,0.684,0.22,0.230,0,0.1561,0.0978,0.153,0.303,0.210,0.150,0.140,0.045,0.014,0.006,20,10,7,3,0.206,0.159,0.162,0.031,0.010,0.002,21,8,3,1
0.061,0.245,0.538,1.37,0.298,0,0.1701,0.1116,0.139,-0.510,0.210,0.150,0.140,0.045,0.014,0.006,20,10,7,3,0.206,0.159,0.162,0.031,0.010,0.002,21,8,3,1
0.040,0.237,0.332,1.76,0.409,0,0.1763,0.1208,0.103,-0.884,0.210,0.150,0.140,0.045,0.014,0.006,20,10,7,3,0.206,0.159,0.162,0.031,0.010,0.002,21,8,3,1
0.042,0.154,0.646,-0.79,0.151,-1,0.1826,0.1289,0.228,0.736,0.210,0.150,0.140,0.045,0.014,0.006,20,10,7,3,0.206,0.159,0.162,0.031,0.010,0.002,21,8,3,1
0.051,0.118,0.049,2.53,0.140,0,0.1813,0.1294,0.105,-0.121,0.210,0.150,0.140,0.045,0.014,0.006,20,10,7,3,0.206,0.159,0.162,0.031,0.010,0.002,21,8,3,1
0.049,0.113,0.411,-0.79,0.151,-1,0.1665,0.1207,0.244,0.736,0.210,0.150,0.140,0.045,0.014,0.006,20,10,7,3,0.206,0.159,0.162,0.031,0.010,0.002,21,8,3,1
0.061,0.099,0.277,2.53,0.140,0,0.1523,0.1121,0.164,-0.121,0.210,0.150,0.140,0.045,0.014,0.006,20,10,7,3,0.206,0.159,0.162,0.031,0.010,0.002,21,8,3,1
0.064,0.167,0.491,0,0.000,0,0.1369,0.1005,0.301,0.166,0.210,0.150,0.140,0.045,0.014,0.006,20,10,7,3,0.206,0.159,0.162,0.031,0.010,0.002,21,8,3,1
0.064,0.158,0.500,-1.1,0.105,-1,0.1392,0.1004,0.402,0.192,0.210,0.150,0.140,0.045,0.014,0.006,20,10,7,3,0.206,0.159,0.162,0.031,0.010,0.002,21,8,3,1
0.079,0.223,0.704,0.2,0.291,1,0.1558,0.1094,0.355,0.180,0.210,0.150,0.140,0.045,0.014,0.006,20,10,7,3,0.206,0.159,0.162,0.031,0.010,0.002,21,8,3,1
0.064,0.230,0.628,-1.19,0.219,1,0.1804,0.1258,0.430,0.586,0.210,0.150,0.140,0.045,0.014,0.006,20,10,7,3,0.206,0.159,0.162,0.031,0.010,0.002,21,8,3,1
0.059,0.195,0.540,-0.79,0.151,-1,0.2024,0.1466,0.306,0.736,0.210,0.150,0.140,0.045,0.014,0.006,20,10,7,3,0.206,0.159,0.162,0.031,0.010,0.002,21,8,3,1
0.064,0.696,0.395,1.76,0.409,0,0.2324,0.1757,0.107,-0.884,0.210,0.150,0.140,0.045,0.014,0.006,20,10,7,3,0.206,0.159,0.162,0.031,0.010,0.002,21,8,3,1
0.098,0.701,0.372,0.22,0.230,0,0.2485,0.1952,0.130,0.303,0.210,0.150,0.140,0.045,0.014,0.006,20,10,7,3,0.206,0.159,0.162,0.031,0.010,0.002,21,8,3,1
0.149,0.229,0.094,3.14,0.186,0,0.2671,0.2165,0.076,-0.486,0.210,0.150,0.140,0.045,0.014,0.006,20,10,7,3,0.206,0.159,0.162,0.031,0.010,0.002,21,8,3,1
0.152,0.228,0.238,0,0.000,0,0.2709,0.2300,0.104,0.166,0.210,0.150,0.140,0.045,0.014,0.006,20,10,7,3,0.206,0.159,0.162,0.031,0.010,0.002,21,8,3,1
0.129,0.228,0.238,2.53,0.140,0,0.2601,0.2321,0.082,-0.121,0.210,0.150,0.140,0.045,0.014,0.006,20,10,7,3,0.206,0.159,0.162,0.031,0.010,0.002,21,8,3,1
0.129,0.220,0.251,2.1,0.128,0,0.2414,0.2269,0.075,0.02,0.210,0.150,0.140,0.045,0.014,0.006,20,10,7,3,0.206,0.159,0.162,0.031,0.010,0.002,21,8,3,1
0.156,0.331,0.508,-0.52,0.062,0,0.2326,0.2276,0.158,0.341,0.210,0.150,0.140,0.045,0.014,0.006,20,10,7,3,0.206,0.159,0.162,0.031,0.010,0.002,21,8,3,1
0.169,0.693,0.659,-1.19,0.219,1,0.2273,0.2304,0.380,0.586,0.210,0.150,0.140,0.045,0.014,0.006,20,10,7,3,0.206,0.159,0.162,0.031,0.010,0.002,21,8,3,1
0.155,0.695,0.546,-0.48,0.134,0,0.2217,0.2310,0.283,0.007,0.210,0.150,0.140,0.045,0.014,0.006,20,10,7,3,0.206,0.159,0.162,0.031,0.010,0.002,21,8,3,1
0.121,0.228,0.259,2.53,0.140,0,0.2273,0.2381,0.163,-0.121,0.210,0.150,0.140,0.045,0.014,0.006,20,10,7,3,0.206,0.159,0.162,0.031,0.010,0.002,21,8,3,1
0.121,0.262,0.482,-0.42,0.180,0,0.2472,0.2531,0.388,0.318,0.210,0.150,0.140,0.045,0.014,0.006,20,10,7,3,0.206,0.159,0.162,0.031,0.010,0.002,21,8,3,1
0.147,0.317,0.607,0.2,0.291,1,0.2718,0.2731,0.363,0.180,0.210,0.150,0.140,0.045,0.014,0.006,20,10,7,3,0.206,0.159,0.162,0.031,0.010,0.002,21,8,3,1
0.140,0.254,0.685,-1.19,0.219,1,0.2933,0.2933,0.447,0.586,0.210,0.150,0.140,0.045,0.014,0.006,20,10,7,3,0.206,0.159,0.162,0.031,0.010,0.002,21,8,3,1
0.119,0.166,0.433,0,0.000,0,0.2994,0.3055,0.213,0.166,0.210,0.150,0.140,0.045,0.014,0.006,20,10,7,3,0.206,0.159,0.162,0.031,0.010,0.002,21,8,3,1
0.080,0.142,0.718,1.76,0.409,0,0.3031,0.3172,0.134,-0.884,0.210,0.150,0.140,0.045,0.014,0.006,20,10,7,3,0.206,0.159,0.162,0.031,0.010,0.002,21,8,3,1
0.076,0.080,0.315,2.53,0.140,0,0.2961,0.3201,0.116,-0.121,0.210,0.150,0.140,0.045,0.014,0.006,20,10,7,3,0.206,0.159,0.162,0.031,0.010,0.002,21,8,3,1
0.077,0.131,0.674,-1.19,0.219,1,0.2947,0.3290,0.358,0.586,0.210,0.150,0.140,0.045,0.014,0.006,20,10,7,3,0.206,0.159,0.162,0.031,0.010,0.002,21,8,3,1
0.074,0.073,0.459,1.42,0.221,0,0.2936,0.3379,0.096,-0.397,0.210,0.150,0.140,0.045,0.014,0.006,20,10,7,3,0.206,0.159,0.162,0.031,0.010,0.002,21,8,3,1
0.059,0.068,0.281,-0.08,0.108,0,0.2847,0.3400,0.140,0.059,0.210,0.150,0.140,0.045,0.014,0.006,20,10,7,3,0.206,0.159,0.162,0.031,0.010,0.002,21,8,3,1
0.067,0.068,0.184,-1.14,0.131,0,0.2850,0.3448,0.241,0.987,0.210,0.150,0.140,0.045,0.014,0.006,20,10,7,3,0.206,0.159,0.162,0.031,0.010,0.002,21,8,3,1
0.064,0.068,0.362,-0.79,0.151,-1,0.2953,0.3544,0.529,0.736,0.210,0.150,0.140,0.045,0.014,0.006,20,10,7,3,0.206,0.159,0.162,0.031,0.010,0.002,21,8,3,1
0.067,0.073,0.422,-0.48,0.134,0,0.3000,0.3605,0.312,0.007,0.210,0.150,0.140,0.045,0.014,0.006,20,10,7,3,0.206,0.159,0.162,0.031,0.010,0.002,21,8,3,1
0.054,0.074,0.168,0,0.000,0,0.3000,0.3618,0.110,0.166,0.210,0.150,0.140,0.045,0.014,0.006,20,10,7,3,0.206,0.159,0.162,0.031,0.010,0.002,21,8,3,1
0.054,0.072,0.225,1.69,0.290,0,0.2989,0.3590,0.093,-0.697,0.210,0.150,0.140,0.045,0.014,0.006,20,10,7,3,0.206,0.159,0.162,0.031,0.010,0.002,21,8,3,1
0.047,0.093,0.177,1.76,0.409,0,0.3126,0.3657,0.098,-0.884,0.210,0.150,0.140,0.045,0.014,0.006,20,10,7,3,0.206,0.159,0.162,0.031,0.010,0.002,21,8,3,1
0.072,0.060,0.183,-0.08,0.108,0,0.3284,0.3750,0.087,0.059,0.210,0.150,0.140,0.045,0.014,0.006,20,10,7,3,0.206,0.159,0.162,0.031,0.010,0.002,21,8,3,1
0.069,0.075,0.023,1.42,0.221,0,0.3417,0.3833,0.087,-0.397,0.210,0.150,0.140,0.045,0.014,0.006,20,10,7,3,0.206,0.159,0.162,0.031,0.010,0.002,21,8,3,1
0.054,0.069,0.333,0,0.000,0,0.3359,0.3802,0.106,0.166,0.210,0.150,0.140,0.045,0.014,0.006,20,10,7,3,0.206,0.159,0.162,0.031,0.010,0.002,21,8,3,1
0.049,0.080,0.136,1.99,0.186,0,0.3411,0.3864,0.088,-0.326,0.210,0.150,0.140,0.045,0.014,0.006,20,10,7,3,0.206,0.159,0.162,0.031,0.010,0.002,21,8,3,1
0.042,0.103,0.607,-0.08,0.108,0,0.3489,0.3942,0.243,0.059,0.210,0.150,0.140,0.045,0.014,0.006,20,10,7,3,0.206,0.159,0.162,0.031,0.010,0.002,21,8,3,1
0.042,0.094,0.434,-1.1,0.105,-1,0.3593,0.4032,0.329,0.192,0.210,0.150,0.140,0.045,0.014,0.006,20,10,7,3,0.206,0.159,0.162,0.031,0.010,0.002,21,8,3,1
0.054,0.108,0.319,0,0.000,0,0.3632,0.4094,0.339,0.166,0.210,0.150,0.140,0.045,0.014,0.006,20,10,7,3,0.206,0.159,0.162,0.031,0.010,0.002,21,8,3,1
0.061,0.135,0.339,-0.48,0.134,0,0.3604,0.4090,0.351,0.007,0.210,0.150,0.140,0.045,0.014,0.006,20,10,7,3,0.206,0.159,0.162,0.031,0.010,0.002,21,8,3,1
0.050,0.138,0.596,-1.19,0.219,1,0.3583,0.4045,0.341,0.586,0.210,0.150,0.140,0.045,0.014,0.006,20,10,7,3,0.206,0.159,0.162,0.031,0.010,0.002,21,8,3,1
0.061,0.158,0.477,1.37,0.298,0,0.3731,0.4116,0.162,-0.510,0.210,0.150,0.140,0.045,0.014,0.006,20,10,7,3,0.206,0.159,0.162,0.031,0.010,0.002,21,8,3,1
0.112,0.144,0.420,0.2,0.291,1,0.4004,0.4260,0.295,0.180,0.210,0.150,0.140,0.045,0.014,0.006,20,10,7,3,0.206,0.159,0.162,0.031,0.010,0.002,21,8,3,1
0.117,0.137,0.334,-0.08,0.108,0,0.4284,0.4423,0.259,0.059,0.210,0.150,0.140,0.045,0.014,0.006,20,10,7,3,0.206,0.159,0.162,0.031,0.010,0.002,21,8,3,1
0.108,0.100,0.344,1.99,0.186,0,0.4566,0.4590,0.125,-0.326,0.210,0.150,0.140,0.045,0.014,0.006,20,10,7,3,0.206,0.159,0.162,0.031,0.010,0.002,21,8,3,1
0.131,0.119,0.486,-0.08,0.108,0,0.4838,0.4776,0.281,0.059,0.210,0.150,0.140,0.045,0.014,0.006,20,10,7,3,0.206,0.159,0.162,0.031,0.010,0.002,21,8,3,1
0.126,0.100,0.294,-0.79,0.151,-1,0.5163,0.5021,0.288,0.736,0.210,0.150,0.140,0.045,0.014,0.006,20,10,7,3,0.206,0.159,0.162,0.031,0.010,0.002,21,8,3,1
0.126,0.105,0.207,-1.14,0.131,0,0.5281,0.5139,0.302,0.987,0.210,0.150,0.140,0.045,0.014,0.006,20,10,7,3,0.206,0.159,0.162,0.031,0.010,0.002,21,8,3,1
0.162,0.146,0.541,0.2,0.291,1,0.5331,0.5208,0.352,0.180,0.210,0.150,0.140,0.045,0.014,0.006,20,10,7,3,0.206,0.159,0.162,0.031,0.010,0.002,21,8,3,1
0.194,0.117,0.350,-0.08,0.108,0,0.5278,0.5171,0.331,0.059,0.210,0.150,0.140,0.045,0.014,0.006,20,10,7,3,0.206,0.159,0.162,0.031,0.010,0.002,21,8,3,1
0.225,0.122,0.403,-0.48,0.134,0,0.5145,0.5066,0.407,0.007,0.210,0.150,0.140,0.045,0.014,0.006,20,10,7,3,0.206,0.159,0.162,0.031,0.010,0.002,21,8,3,1
0.189,0.104,0.074,1.99,0.186,0,0.4921,0.4892,0.214,-0.326,0.210,0.150,0.140,0.045,0.014,0.006,20,10,7,3,0.206,0.159,0.162,0.031,0.010,0.002,21,8,3,1
0.210,0.133,0.432,-1.19,0.219,1,0.4471,0.4526,0.534,0.586,0.210,0.150,0.140,0.045,0.014,0.006,20,10,7,3,0.206,0.159,0.162,0.031,0.010,0.002,21,8,3,1
0.170,0.107,0.034,1.99,0.186,0,0.4165,0.4271,0.201,-0.326,0.210,0.150,0.140,0.045,0.014,0.006,20,10,7,3,0.206,0.159,0.162,0.031,0.010,0.002,21,8,3,1
0.177,0.111,0.133,-1.14,0.131,0,0.3781,0.3934,0.387,0.987,0.210,0.150,0.140,0.045,0.014,0.006,20,10,7,3,0.206,0.159,0.162,0.031,0.010,0.002,21,8,3,1
0.171,0.146,0.339,-1.19,0.219,1,0.3575,0.3732,0.485,0.586,0.210,0.150,0.140,0.045,0.014,0.006,20,10,7,3,0.206,0.159,0.162,0.031,0.010,0.002,21,8,3,1
0.161,0.129,0.303,-1.14,0.131,0,0.3389,0.3565,0.373,0.987,0.210,0.150,0.140,0.045,0.014,0.006,20,10,7,3,0.206,0.159,0.162,0.031,0.010,0.002,21,8,3,1
0.161,0.147,0.102,-1.14,0.131,0,0.3213,0.3412,0.408,0.987,0.210,0.150,0.140,0.045,0.014,0.006,20,10,7,3,0.206,0.159,0.162,0.031,0.010,0.002,21,8,3,1
0.160,0.177,0.382,-1.19,0.219,1,0.3029,0.3243,0.509,0.586,0.210,0.150,0.140,0.045,0.014,0.006,20,10,7,3,0.206,0.159,0.162,0.031,0.010,0.002,21,8,3,1
0.158,0.168,0.610,-1.19,0.219,1,0.2850,0.3091,0.376,0.586,0.210,0.150,0.140,0.045,0.014,0.006,20,10,7,3,0.206,0.159,0.162,0.031,0.010,0.002,21,8,3,1
0.159,0.127,0.257,2.53,0.140,0,0.2741,0.2985,0.105,-0.121,0.210,0.150,0.140,0.045,0.014,0.006,20,10,7,3,0.206,0.159,0.162,0.031,0.010,0.002,21,8,3,1
0.182,0.130,0.353,0,0.000,0,0.2610,0.2850,0.144,0.166,0.210,0.150,0.140,0.045,0.014,0.006,20,10,7,3,0.206,0.159,0.162,0.031,0.010,0.002,21,8,3,1
0.191,0.124,0.084,2.53,0.140,0,0.2345,0.2597,0.082,-0.121,0.210,0.150,0.140,0.045,0.014,0.006,20,10,7,3,0.206,0.159,0.162,0.031,0.010,0.002,21,8,3,1
0.130,0.140,0.220,1.69,0.290,0,0.2024,0.2270,0.088,-0.697,0.210,0.150,0.140,0.045,0.014,0.006,20,10,7,3,0.206,0.159,0.162,0.031,0.010,0.002,21,8,3,1
0.116,0.130,0.070,1.99,0.186,0,0.1811,0.2017,0.070,-0.326,0.210,0.150,0.140,0.045,0.014,0.006,20,10,7,3,0.206,0.159,0.162,0.031,0.010,0.002,21,8,3,1
0.103,0.126,0.344,-1.1,0.105,-1,0.1525,0.1697,0.131,0.192,0.210,0.150,0.140,0.045,0.014,0.006,20,10,7,3,0.206,0.159,0.162,0.031,0.010,0.002,21,8,3,1
0.083,0.148,0.301,1.37,0.298,0,0.1249,0.1394,0.128,-0.510,0.210,0.150,0.140,0.045,0.014,0.006,20,10,7,3,0.206,0.159,0.162,0.031,0.010,0.002,21,8,3,1
0.087,0.138,0.179,-0.79,0.151,-1,0.0994,0.1102,0.381,0.736,0.210,0.150,0.140,0.045,0.014,0.006,20,10,7,3,0.206,0.159,0.162,0.031,0.010,0.002,21,8,3,1
0.087,0.126,0.180,-0.08,0.108,0,0.0897,0.0943,0.251,0.059,0.210,0.150,0.140,0.045,0.014,0.006,20,10,7,3,0.206,0.159,0.162,0.031,0.010,0.002,21,8,3,1
0.071,0.135,0.060,0,0.000,0,0.0809,0.0822,0.195,0.166,0.210,0.150,0.140,0.045,0.014,0.006,20,10,7,3,0.206,0.159,0.162,0.031,0.010,0.002,21,8,3,1
0.060,0.087,0.266,-1.1,0.105,-1,0.0767,0.0741,0.275,0.192,0.210,0.150,0.140,0.045,0.014,0.006,20,10,7,3,0.206,0.159,0.162,0.031,0.010,0.002,21,8,3,1
0.065,0.089,0.140,3.14,0.186,0,0.0855,0.0775,0.077,-0.486,0.210,0.150,0.140,0.045,0.014,0.006,20,10,7,3,0.206,0.159,0.162,0.031,0.010,0.002,21,8,3,1
0.062,0.113,0.396,-0.52,0.062,0,0.0913,0.0767,0.141,0.341,0.210,0.150,0.140,0.045,0.014,0.006,20,10,7,3,0.206,0.159,0.162,0.031,0.010,0.002,21,8,3,1
0.066,0.123,0.323,1.69,0.290,0,0.1049,0.0820,0.076,-0.697,0.210,0.150,0.140,0.045,0.014,0.006,20,10,7,3,0.206,0.159,0.162,0.031,0.010,0.002,21,8,3,1
0.077,0.162,0.360,1.37,0.298,0,0.1136,0.0829,0.123,-0.510,0.210,0.150,0.140,0.045,0.014,0.006,20,10,7,3,0.206,0.159,0.162,0.031,0.010,0.002,21,8,3,1
0.063,0.124,0.334,-0.48,0.134,0,0.1167,0.0789,0.155,0.007,0.210,0.150,0.140,0.045,0.014,0.006,20,10,7,3,0.206,0.159,0.162,0.031,0.010,0.002,21,8,3,1
0.066,0.120,0.344,0.85,0.046,0,0.1104,0.0681,0.105,0.06,0.210,0.150,0.140,0.045,0.014,0.006,20,10,7,3,0.206,0.159,0.162,0.031,0.010,0.002,21,8,3,1
0.071,0.095,0.234,2.53,0.140,0,0.1020,0.0588,0.164,-0.121,0.210,0.150,0.140,0.045,0.014,0.006,20,10,7,3,0.206,0.159,0.162,0.031,0.010,0.002,21,8,3,1
0.088,0.097,0.233,-1.1,0.105,-1,0.0904,0.0493,0.304,0.192,0.210,0.150,0.140,0.045,0.014,0.006,20,10,7,3,0.206,0.159,0.162,0.031,0.010,0.002,21,8,3,1
0.097,0.093,0.186,0,0.000,0,0.0784,0.0406,0.206,0.166,0.210,0.150,0.140,0.045,0.014,0.006,20,10,7,3,0.206,0.159,0.162,0.031,0.010,0.002,21,8,3,1
0.078,0.104,0.280,-0.52,0.062,0,0.0699,0.0348,0.237,0.341,0.210,0.150,0.140,0.045,0.014,0.006,20,10,7,3,0.206,0.159,0.162,0.031,0.010,0.002,21,8,3,1
0.086,0.118,0.338,0.22,0.230,0,0.0602,0.0271,0.171,0.303,0.210,0.150,0.140,0.045,0.014,0.006,20,10,7,3,0.206,0.159,0.162,0.031,0.010,0.002,21,8,3,1
0.071,0.061,0.381,3.14,0.186,0,0.0602,0.0270,0.062,-0.486,0.210,0.150,0.140,0.045,0.014,0.006,20,10,7,3,0.206,0.159,0.162,0.031,0.010,0.002,21,8,3,1
0.068,0.082,0.398,0.22,0.230,0,0.0675,0.0306,0.096,0.303,0.210,0.150,0.140,0.045,0.014,0.006,20,10,7,3,0.206,0.159,0.162,0.031,0.010,0.002,21,8,3,1
0.083,0.062,0.348,-0.08,0.108,0,0.0698,0.0303,0.115,0.059,0.210,0.150,0.140,0.045,0.014,0.006,20,10,7,3,0.206,0.159,0.162,0.031,0.010,0.002,21,8,3,1
0.083,0.054,0.224,1.69,0.290,0,0.0704,0.0289,0.095,-0.697,0.210,0.150,0.140,0.045,0.014,0.006,20,10,7,3,0.206,0.159,0.162,0.031,0.010,0.002,21,8,3,1
0.094,0.039,0.143,1.99,0.186,0,0.0747,0.0302,0.072,-0.326,0.210,0.150,0.140,0.045,0.014,0.006,20,10,7,3,0.206,0.159,0.162,0.031,0.010,0.002,21,8,3,1
0.093,0.040,0.313,-1.1,0.105,-1,0.0702,0.0265,0.186,0.192,0.210,0.150,0.140,0.045,0.014,0.006,20,10,7,3,0.206,0.159,0.162,0.031,0.010,0.002,21,8,3,1
0.076,0.042,0.165,2.53,0.140,0,0.0617,0.0225,0.110,-0.121,0.210,0.150,0.140,0.045,0.014,0.006,20,10,7,3,0.206,0.159,0.162,0.031,0.010,0.002,21,8,3,1
0.083,0.052,0.274,-0.52,0.062,0,0.0447,0.0149,0.190,0.341,0.210,0.150,0.140,0.045,0.014,0.006,20,10,7,3,0.206,0.159,0.162,0.031,0.010,0.002,21,8,3,1
0.079,0.051,0.189,1.69,0.290,0,0.0342,0.0107,0.104,-0.697,0.210,0.150,0.140,0.045,0.014,0.006,20,10,7,3,0.206,0.159,0.162,0.031,0.010,0.002,21,8,3,1
0.075,0.043,0.295,-0.52,0.062,0,0.0267,0.0081,0.202,0.341,0.210,0.150,0.140,0.045,0.014,0.006,20,10,7,3,0.206,0.159,0.162,0.031,0.010,0.002,21,8,3,1
0.066,0.042,0.346,-0.79,0.151,-1,0.0239,0.0065,0.363,0.736,0.210,0.150,0.140,0.045,0.014,0.006,20,10,7,3,0.206,0.159,0.162,0.031,0.010,0.002,21,8,3,1
0.067,0.037,0.341,0.85,0.046,0,0.0273,0.0073,0.134,0.06,0.210,0.150,0.140,0.045,0.014,0.006,20,10,7,3,0.206,0.159,0.162,0.031,0.010,0.002,21,8,3,1
0.050,0.049,0.061,1.99,0.186,0,0.0325,0.0087,0.105,-0.326,0.210,0.150,0.140,0.045,0.014,0.006,20,10,7,3,0.206,0.159,0.162,0.031,0.010,0.002,21,8,3,1
0.050,0.062,0.213,1.37,0.298,0,0.0408,0.0122,0.116,-0.510,0.210,0.150,0.140,0.045,0.014,0.006,20,10,7,3,0.206,0.159,0.162,0.031,0.010,0.002,21,8,3,1
0.059,0.049,0.128,-1.14,0.131,0,0.0494,0.0159,0.186,0.987,0.210,0.150,0.140,0.045,0.014,0.006,20,10,7,3,0.206,0.159,0.162,0.031,0.010,0.002,21,8,3,1
0.059,0.039,0.148,2.53,0.140,0,0.0573,0.0194,0.073,-0.121,0.210,0.150,0.140,0.045,0.014,0.006,20,10,7,3,0.206,0.159,0.162,0.031,0.010,0.002,21,8,3,1
0.062,0.049,0.104,1.69,0.290,0,0.0595,0.0171,0.065,-0.697,0.210,0.150,0.140,0.045,0.014,0.006,20,10,7,3,0.206,0.159,0.162,0.031,0.010,0.002,21,8,3,1
0.058,0.041,0.287,0.2,0.291,1,0.0600,0.0162,0.210,0.180,0.210,0.150,0.140,0.045,0.014,0.006,20,10,7,3,0.206,0.159,0.162,0.031,0.010,0.002,21,8,3,1
0.054,0.038,0.116,3.14,0.186,0,0.0617,0.0164,0.098,-0.486,0.210,0.150,0.140,0.045,0.014,0.006,20,10,7,3,0.206,0.159,0.162,0.031,0.010,0.002,21,8,3,1
0.068,0.048,0.200,1.99,0.186,0,0.0572,0.0087,0.084,-0.326,0.210,0.150,0.140,0.045,0.014,0.006,20,10,7,3,0.206,0.159,0.162,0.031,0.010,0.002,21,8,3,1
0.062,0.058,0.478,-0.08,0.108,0,0.0556,0.0063,0.162,0.059,0.210,0.150,0.140,0.045,0.014,0.006,20,10,7,3,0.206,0.159,0.162,0.031,0.010,0.002,21,8,3,1
0.077,0.096,0.258,1.99,0.186,0,0.0558,0.0101,0.120,-0.326,0.210,0.150,0.140,0.045,0.014,0.006,20,10,7,3,0.206,0.159,0.162,0.031,0.010,0.002,21,8,3,1
0.073,0.100,0.188,-0.79,0.151,-1,0.0513,0.0193,0.329,0.736,0.210,0.150,0.140,0.045,0.014,0.006,20,10,7,3,0.206,0.159,0.162,0.031,0.010,0.002,21,8,3,1
0.070,0.093,0.116,-1.14,0.131,0,0.0548,0.0429,0.244,0.987,0.210,0.150,0.140,0.045,0.014,0.006,20,10,7,3,0.206,0.159,0.162,0.031,0.010,0.002,21,8,3,1
0.077,0.088,0.115,-0.08,0.108,0,0.0621,0.0836,0.247,0.059,0.210,0.150,0.140,0.045,0.014,0.006,20,10,7,3,0.206,0.159,0.162,0.031,0.010,0.002,21,8,3,1
0.078,0.062,0.256,0.85,0.046,0,0.0733,0.1436,0.190,0.06,0.210,0.150,0.140,0.045,0.014,0.006,20,10,7,3,0.206,0.159,0.162,0.031,0.010,0.002,21,8,3,1
0.074,0.026,0.058,1.99,0.186,0,0.0883,0.2230,0.127,-0.326,0.210,0.150,0.140,0.045,0.014,0.006,20,10,7,3,0.206,0.159,0.162,0.031,0.010,0.002,21,8,3,1
0.092,0.023,0.547,-0.08,0.108,0,0.1065,0.3196,0.271,0.059,0.210,0.150,0.140,0.045,0.014,0.006,20,10,7,3,0.206,0.159,0.162,0.031,0.010,0.002,21,8,3,1
0.083,0.046,0.103,3.14,0.186,0,0.1272,0.4280,0.151,-0.486,0.210,0.150,0.140,0.045,0.014,0.006,20,10,7,3,0.206,0.159,0.162,0.031,0.010,0.002,21,8,3,1
0.082,0.042,0.319,2.1,0.128,0,0.1488,0.5391,0.134,0.02,0.210,0.150,0.140,0.045,0.014,0.006,20,10,7,3,0.206,0.159,0.162,0.031,0.010,0.002,21,8,3,1
0.078,0.045,0.465,-1.14,0.131,0,0.1697,0.6398,0.414,0.987,0.210,0.150,0.140,0.045,0.014,0.006,20,10,7,3,0.206,0.159,0.162,0.031,0.010,0.002,21,8,3,1
0.080,0.046,0.428,0.85,0.046,0,0.1875,0.7120,0.877,0.06,0.210,0.150,0.140,0.045,0.014,0.006,20,10,7,3,0.206,0.159,0.162,0.031,0.010,0.002,21,8,3,1
