0.304,0.739,0.658,1.42,0.221,0,0.2875,0.8212,0.740,-0.397,0.213,0.124,0.085,0.000,0.000,0.000,10,0,0,0,0.233,0.185,0.203,0.059,0.039,0.033,20,6,4,3
0.219,0.885,0.713,-1.19,0.219,1,0.1784,0.7178,0.608,0.586,0.213,0.124,0.085,0.000,0.000,0.000,10,0,0,0,0.233,0.185,0.203,0.059,0.039,0.033,20,6,4,3
0.216,0.868,0.769,0.22,0.230,0,0.1154,0.5948,0.491,0.303,0.213,0.124,0.085,0.000,0.000,0.000,10,0,0,0,0.233,0.185,0.203,0.059,0.039,0.033,20,6,4,3
0.205,0.847,0.773,1.76,0.409,0,0.0821,0.4678,0.296,-0.884,0.213,0.124,0.085,0.000,0.000,0.000,10,0,0,0,0.233,0.185,0.203,0.059,0.039,0.033,20,6,4,3
0.203,0.898,0.854,-1.19,0.219,1,0.0663,0.3480,0.495,0.586,0.213,0.124,0.085,0.000,0.000,0.000,10,0,0,0,0.233,0.185,0.203,0.059,0.039,0.033,20,6,4,3
0.199,0.879,0.857,0.2,0.291,1,0.0592,0.2429,0.514,0.180,0.213,0.124,0.085,0.000,0.000,0.000,10,0,0,0,0.233,0.185,0.203,0.059,0.039,0.033,20,6,4,3
0.190,0.871,0.819,0.2,0.291,1,0.0550,0.1567,0.448,0.180,0.213,0.124,0.085,0.000,0.000,0.000,10,0,0,0,0.233,0.185,0.203,0.059,0.039,0.033,20,6,4,3
0.189,0.783,0.603,-0.52,0.062,0,0.0504,0.0911,0.321,0.341,0.213,0.124,0.085,0.000,0.000,0.000,10,0,0,0,0.233,0.185,0.203,0.059,0.039,0.033,20,6,4,3
0.187,0.837,0.492,-0.52,0.062,0,0.0442,0.0454,0.389,0.341,0.213,0.124,0.085,0.000,0.000,0.000,10,0,0,0,0.233,0.185,0.203,0.059,0.039,0.033,20,6,4,3
0.186,0.772,0.194,0.85,0.046,0,0.0366,0.0174,0.261,0.06,0.213,0.124,0.085,0.000,0.000,0.000,10,0,0,0,0.233,0.185,0.203,0.059,0.039,0.033,20,6,4,3
0.184,0.710,0.276,2.53,0.140,0,0.0289,0.0007,0.115,-0.121,0.213,0.124,0.085,0.000,0.000,0.000,10,0,0,0,0.233,0.185,0.203,0.059,0.039,0.033,20,6,4,3
0.177,0.842,0.343,1.69,0.290,0,0.0291,-0.0007,0.110,-0.697,0.213,0.124,0.085,0.000,0.000,0.000,10,0,0,0,0.233,0.185,0.203,0.059,0.039,0.033,20,6,4,3
0.143,0.751,0.125,0.85,0.046,0,0.0256,-0.0007,0.165,0.06,0.213,0.124,0.085,0.000,0.000,0.000,10,0,0,0,0.233,0.185,0.203,0.059,0.039,0.033,20,6,4,3
0.128,0.524,0.288,3.14,0.186,0,0.0249,0.0014,0.100,-0.486,0.213,0.124,0.085,0.000,0.000,0.000,10,0,0,0,0.233,0.185,0.203,0.059,0.039,0.033,20,6,4,3
0.175,0.425,0.192,2.53,0.140,0,0.0238,0.0020,0.072,-0.121,0.213,0.124,0.085,0.000,0.000,0.000,10,0,0,0,0.233,0.185,0.203,0.059,0.039,0.033,20,6,4,3
0.137,0.421,0.234,1.99,0.186,0,0.0236,0.0064,0.065,-0.326,0.213,0.124,0.085,0.000,0.000,0.000,10,0,0,0,0.233,0.185,0.203,0.059,0.039,0.033,20,6,4,3
0.132,0.471,0.184,-0.42,0.180,0,0.0218,0.0052,0.260,0.318,0.213,0.124,0.085,0.000,0.000,0.000,10,0,0,0,0.233,0.185,0.203,0.059,0.039,0.033,20,6,4,3
0.127,0.384,0.022,2.53,0.140,0,0.0226,0.0040,0.062,-0.121,0.213,0.124,0.085,0.000,0.000,0.000,10,0,0,0,0.233,0.185,0.203,0.059,0.039,0.033,20,6,4,3
0.122,0.319,0.001,1.99,0.186,0,0.0219,0.0031,0.072,-0.326,0.213,0.124,0.085,0.000,0.000,0.000,10,0,0,0,0.233,0.185,0.203,0.059,0.039,0.033,20,6,4,3
0.121,0.297,0.001,2.53,0.140,0,0.0221,0.0025,0.163,-0.121,0.213,0.124,0.085,0.000,0.000,0.000,10,0,0,0,0.233,0.185,0.203,0.059,0.039,0.033,20,6,4,3
0.114,0.289,0.002,1.99,0.186,0,0.0266,0.0034,0.233,-0.326,0.213,0.124,0.085,0.000,0.000,0.000,10,0,0,0,0.233,0.185,0.203,0.059,0.039,0.033,20,6,4,3
0.119,0.324,0.006,1.99,0.186,0,0.0309,0.0039,0.145,-0.326,0.213,0.124,0.085,0.000,0.000,0.000,10,0,0,0,0.233,0.185,0.203,0.059,0.039,0.033,20,6,4,3
0.118,0.257,0.004,1.99,0.186,0,0.0355,0.0042,0.127,-0.326,0.213,0.124,0.085,0.000,0.000,0.000,10,0,0,0,0.233,0.185,0.203,0.059,0.039,0.033,20,6,4,3
0.113,0.220,0.041,-1.14,0.131,0,0.0463,0.0064,0.405,0.987,0.213,0.124,0.085,0.000,0.000,0.000,10,0,0,0,0.233,0.185,0.203,0.059,0.039,0.033,20,6,4,3
0.096,0.199,0.199,-1.1,0.105,-1,0.0570,0.0097,0.389,0.192,0.213,0.124,0.085,0.000,0.000,0.000,10,0,0,0,0.233,0.185,0.203,0.059,0.039,0.033,20,6,4,3
0.095,0.185,0.340,-1.14,0.131,0,0.0601,0.0084,0.463,0.987,0.213,0.124,0.085,0.000,0.000,0.000,10,0,0,0,0.233,0.185,0.203,0.059,0.039,0.033,20,6,4,3
0.091,0.166,0.376,0.85,0.046,0,0.0611,0.0066,0.350,0.06,0.213,0.124,0.085,0.000,0.000,0.000,10,0,0,0,0.233,0.185,0.203,0.059,0.039,0.033,20,6,4,3
0.099,0.134,0.288,2.53,0.140,0,0.0740,0.0095,0.189,-0.121,0.213,0.124,0.085,0.000,0.000,0.000,10,0,0,0,0.233,0.185,0.203,0.059,0.039,0.033,20,6,4,3
0.098,0.162,0.076,0.85,0.046,0,0.0999,0.0202,0.258,0.06,0.213,0.124,0.085,0.000,0.000,0.000,10,0,0,0,0.233,0.185,0.203,0.059,0.039,0.033,20,6,4,3
0.095,0.189,0.248,1.42,0.221,0,0.1303,0.0342,0.295,-0.397,0.213,0.124,0.085,0.000,0.000,0.000,10,0,0,0,0.233,0.185,0.203,0.059,0.039,0.033,20,6,4,3
0.099,0.230,0.546,-0.08,0.108,0,0.1518,0.0436,0.206,0.059,0.213,0.124,0.085,0.000,0.000,0.000,10,0,0,0,0.233,0.185,0.203,0.059,0.039,0.033,20,6,4,3
0.097,0.211,0.302,1.42,0.221,0,0.1762,0.0551,0.132,-0.397,0.213,0.124,0.085,0.000,0.000,0.000,10,0,0,0,0.233,0.185,0.203,0.059,0.039,0.033,20,6,4,3
0.101,0.219,0.024,-0.79,0.151,-1,0.1908,0.0632,0.457,0.736,0.213,0.124,0.085,0.000,0.000,0.000,10,0,0,0,0.233,0.185,0.203,0.059,0.039,0.033,20,6,4,3
0.107,0.260,0.138,-0.42,0.180,0,0.2017,0.0746,0.366,0.318,0.213,0.124,0.085,0.000,0.000,0.000,10,0,0,0,0.233,0.185,0.203,0.059,0.039,0.033,20,6,4,3
0.114,0.239,0.005,1.69,0.290,0,0.2044,0.0833,0.158,-0.697,0.213,0.124,0.085,0.000,0.000,0.000,10,0,0,0,0.233,0.185,0.203,0.059,0.039,0.033,20,6,4,3
0.122,0.191,0.008,1.99,0.186,0,0.2014,0.0913,0.193,-0.326,0.213,0.124,0.085,0.000,0.000,0.000,10,0,0,0,0.233,0.185,0.203,0.059,0.039,0.033,20,6,4,3
0.129,0.228,0.269,-0.08,0.108,0,0.1928,0.0997,0.418,0.059,0.213,0.124,0.085,0.000,0.000,0.000,10,0,0,0,0.233,0.185,0.203,0.059,0.039,0.033,20,6,4,3
0.122,0.223,0.050,-0.52,0.062,0,0.1723,0.0996,0.256,0.341,0.213,0.124,0.085,0.000,0.000,0.000,10,0,0,0,0.233,0.185,0.203,0.059,0.039,0.033,20,6,4,3
0.151,0.172,0.006,1.99,0.186,0,0.1518,0.0958,0.150,-0.326,0.213,0.124,0.085,0.000,0.000,0.000,10,0,0,0,0.233,0.185,0.203,0.059,0.039,0.033,20,6,4,3
0.124,0.195,0.269,-1.1,0.105,-1,0.1335,0.0905,0.394,0.192,0.213,0.124,0.085,0.000,0.000,0.000,10,0,0,0,0.233,0.185,0.203,0.059,0.039,0.033,20,6,4,3
0.147,0.206,0.172,1.42,0.221,0,0.1228,0.0888,0.293,-0.397,0.213,0.124,0.085,0.000,0.000,0.000,10,0,0,0,0.233,0.185,0.203,0.059,0.039,0.033,20,6,4,3
0.154,0.192,0.117,3.14,0.186,0,0.1280,0.0930,0.177,-0.486,0.213,0.124,0.085,0.000,0.000,0.000,10,0,0,0,0.233,0.185,0.203,0.059,0.039,0.033,20,6,4,3
0.181,0.263,0.517,0.2,0.291,1,0.1414,0.1025,0.421,0.180,0.213,0.124,0.085,0.000,0.000,0.000,10,0,0,0,0.233,0.185,0.203,0.059,0.039,0.033,20,6,4,3
0.209,0.269,0.104,-0.52,0.062,0,0.1575,0.1165,0.508,0.341,0.213,0.124,0.085,0.000,0.000,0.000,10,0,0,0,0.233,0.185,0.203,0.059,0.039,0.033,20,6,4,3
0.178,0.262,0.006,0,0.000,0,0.1646,0.1255,0.474,0.166,0.213,0.124,0.085,0.000,0.000,0.000,10,0,0,0,0.233,0.185,0.203,0.059,0.039,0.033,20,6,4,3
0.205,0.296,0.015,2.1,0.128,0,0.1707,0.1318,0.223,0.02,0.213,0.124,0.085,0.000,0.000,0.000,10,0,0,0,0.233,0.185,0.203,0.059,0.039,0.033,20,6,4,3
0.205,0.293,0.090,0.85,0.046,0,0.1937,0.1515,0.327,0.06,0.213,0.124,0.085,0.000,0.000,0.000,10,0,0,0,0.233,0.185,0.203,0.059,0.039,0.033,20,6,4,3
0.207,0.371,0.045,-1.14,0.131,0,0.2193,0.1755,0.501,0.987,0.213,0.124,0.085,0.000,0.000,0.000,10,0,0,0,0.233,0.185,0.203,0.059,0.039,0.033,20,6,4,3
0.205,0.712,0.250,-1.19,0.219,1,0.2372,0.1975,0.530,0.586,0.213,0.124,0.085,0.000,0.000,0.000,10,0,0,0,0.233,0.185,0.203,0.059,0.039,0.033,20,6,4,3
0.205,0.437,0.218,1.69,0.290,0,0.2490,0.2127,0.206,-0.697,0.213,0.124,0.085,0.000,0.000,0.000,10,0,0,0,0.233,0.185,0.203,0.059,0.039,0.033,20,6,4,3
0.220,0.494,0.386,-1.19,0.219,1,0.2464,0.2165,0.519,0.586,0.213,0.124,0.085,0.000,0.000,0.000,10,0,0,0,0.233,0.185,0.203,0.059,0.039,0.033,20,6,4,3
0.212,0.330,0.333,1.99,0.186,0,0.2472,0.2206,0.235,-0.326,0.213,0.124,0.085,0.000,0.000,0.000,10,0,0,0,0.233,0.185,0.203,0.059,0.039,0.033,20,6,4,3
0.220,0.413,0.612,-1.19,0.219,1,0.2335,0.2100,0.475,0.586,0.213,0.124,0.085,0.000,0.000,0.000,10,0,0,0,0.233,0.185,0.203,0.059,0.039,0.033,20,6,4,3
0.205,0.312,0.434,-0.08,0.108,0,0.2183,0.1979,0.380,0.059,0.213,0.124,0.085,0.000,0.000,0.000,10,0,0,0,0.233,0.185,0.203,0.059,0.039,0.033,20,6,4,3
0.164,0.234,0.028,-0.79,0.151,-1,0.2110,0.1892,0.546,0.736,0.213,0.124,0.085,0.000,0.000,0.000,10,0,0,0,0.233,0.185,0.203,0.059,0.039,0.033,20,6,4,3
0.137,0.216,0.001,-1.1,0.105,-1,0.2034,0.1796,0.421,0.192,0.213,0.124,0.085,0.000,0.000,0.000,10,0,0,0,0.233,0.185,0.203,0.059,0.039,0.033,20,6,4,3
0.110,0.193,0.003,1.99,0.186,0,0.2088,0.1798,0.221,-0.326,0.213,0.124,0.085,0.000,0.000,0.000,10,0,0,0,0.233,0.185,0.203,0.059,0.039,0.033,20,6,4,3
0.105,0.235,0.001,-1.1,0.105,-1,0.2319,0.1934,0.447,0.192,0.213,0.124,0.085,0.000,0.000,0.000,10,0,0,0,0.233,0.185,0.203,0.059,0.039,0.033,20,6,4,3
0.105,0.355,0.051,0.2,0.291,1,0.2638,0.2174,0.435,0.180,0.213,0.124,0.085,0.000,0.000,0.000,10,0,0,0,0.233,0.185,0.203,0.059,0.039,0.033,20,6,4,3
0.088,0.216,0.010,1.99,0.186,0,0.2848,0.2320,0.199,-0.326,0.213,0.124,0.085,0.000,0.000,0.000,10,0,0,0,0.233,0.185,0.203,0.059,0.039,0.033,20,6,4,3
0.104,0.390,0.532,0.2,0.291,1,0.3019,0.2460,0.417,0.180,0.213,0.124,0.085,0.000,0.000,0.000,10,0,0,0,0.233,0.185,0.203,0.059,0.039,0.033,20,6,4,3
0.080,0.230,0.427,2.53,0.140,0,0.3206,0.2668,0.278,-0.121,0.213,0.124,0.085,0.000,0.000,0.000,10,0,0,0,0.233,0.185,0.203,0.059,0.039,0.033,20,6,4,3
0.080,0.294,0.328,0,0.000,0,0.3140,0.2665,0.357,0.166,0.213,0.124,0.085,0.000,0.000,0.000,10,0,0,0,0.233,0.185,0.203,0.059,0.039,0.033,20,6,4,3
0.067,0.276,0.138,-1.1,0.105,-1,0.2864,0.2505,0.433,0.192,0.213,0.124,0.085,0.000,0.000,0.000,10,0,0,0,0.233,0.185,0.203,0.059,0.039,0.033,20,6,4,3
0.073,0.310,0.228,1.69,0.290,0,0.2508,0.2263,0.234,-0.697,0.213,0.124,0.085,0.000,0.000,0.000,10,0,0,0,0.233,0.185,0.203,0.059,0.039,0.033,20,6,4,3
0.080,0.410,0.317,-0.48,0.134,0,0.2074,0.1952,0.538,0.007,0.213,0.124,0.085,0.000,0.000,0.000,10,0,0,0,0.233,0.185,0.203,0.059,0.039,0.033,20,6,4,3
0.079,0.382,0.274,1.69,0.290,0,0.1687,0.1677,0.193,-0.697,0.213,0.124,0.085,0.000,0.000,0.000,10,0,0,0,0.233,0.185,0.203,0.059,0.039,0.033,20,6,4,3
0.099,0.310,0.035,-1.14,0.131,0,0.1241,0.1328,0.411,0.987,0.213,0.124,0.085,0.000,0.000,0.000,10,0,0,0,0.233,0.185,0.203,0.059,0.039,0.033,20,6,4,3
0.106,0.302,0.017,-1.14,0.131,0,0.0961,0.1108,0.490,0.987,0.213,0.124,0.085,0.000,0.000,0.000,10,0,0,0,0.233,0.185,0.203,0.059,0.039,0.033,20,6,4,3
0.102,0.422,0.089,-0.52,0.062,0,0.0828,0.0990,0.426,0.341,0.213,0.124,0.085,0.000,0.000,0.000,10,0,0,0,0.233,0.185,0.203,0.059,0.039,0.033,20,6,4,3
0.108,0.422,0.089,-0.42,0.180,0,0.0741,0.0916,0.434,0.318,0.213,0.124,0.085,0.000,0.000,0.000,10,0,0,0,0.233,0.185,0.203,0.059,0.039,0.033,20,6,4,3
0.104,0.413,0.337,-1.1,0.105,-1,0.0755,0.0933,0.341,0.192,0.213,0.124,0.085,0.000,0.000,0.000,10,0,0,0,0.233,0.185,0.203,0.059,0.039,0.033,20,6,4,3
0.108,0.391,0.053,1.99,0.186,0,0.0793,0.0957,0.195,-0.326,0.213,0.124,0.085,0.000,0.000,0.000,10,0,0,0,0.233,0.185,0.203,0.059,0.039,0.033,20,6,4,3
0.106,0.491,0.495,1.42,0.221,0,0.0774,0.0935,0.284,-0.397,0.213,0.124,0.085,0.000,0.000,0.000,10,0,0,0,0.233,0.185,0.203,0.059,0.039,0.033,20,6,4,3
0.113,0.526,0.476,2.1,0.128,0,0.0854,0.0992,0.138,0.02,0.213,0.124,0.085,0.000,0.000,0.000,10,0,0,0,0.233,0.185,0.203,0.059,0.039,0.033,20,6,4,3
0.130,0.599,0.359,1.37,0.298,0,0.1008,0.1092,0.179,-0.510,0.213,0.124,0.085,0.000,0.000,0.000,10,0,0,0,0.233,0.185,0.203,0.059,0.039,0.033,20,6,4,3
0.153,0.494,0.006,-0.08,0.108,0,0.1221,0.1246,0.177,0.059,0.213,0.124,0.085,0.000,0.000,0.000,10,0,0,0,0.233,0.185,0.203,0.059,0.039,0.033,20,6,4,3
0.157,0.477,0.641,-1.19,0.219,1,0.1272,0.1248,0.375,0.586,0.213,0.124,0.085,0.000,0.000,0.000,10,0,0,0,0.233,0.185,0.203,0.059,0.039,0.033,20,6,4,3
0.200,0.378,0.275,2.1,0.128,0,0.1195,0.1153,0.110,0.02,0.213,0.124,0.085,0.000,0.000,0.000,10,0,0,0,0.233,0.185,0.203,0.059,0.039,0.033,20,6,4,3
0.251,0.350,0.120,2.53,0.140,0,0.1102,0.1077,0.148,-0.121,0.213,0.124,0.085,0.000,0.000,0.000,10,0,0,0,0.233,0.185,0.203,0.059,0.039,0.033,20,6,4,3
0.245,0.410,0.058,-0.52,0.062,0,0.1081,0.1032,0.261,0.341,0.213,0.124,0.085,0.000,0.000,0.000,10,0,0,0,0.233,0.185,0.203,0.059,0.039,0.033,20,6,4,3
0.211,0.312,0.193,1.99,0.186,0,0.1137,0.1063,0.170,-0.326,0.213,0.124,0.085,0.000,0.000,0.000,10,0,0,0,0.233,0.185,0.203,0.059,0.039,0.033,20,6,4,3
0.183,0.305,0.201,1.42,0.221,0,0.1142,0.1033,0.188,-0.397,0.213,0.124,0.085,0.000,0.000,0.000,10,0,0,0,0.233,0.185,0.203,0.059,0.039,0.033,20,6,4,3
0.158,0.320,0.060,0.85,0.046,0,0.1315,0.1146,0.284,0.06,0.213,0.124,0.085,0.000,0.000,0.000,10,0,0,0,0.233,0.185,0.203,0.059,0.039,0.033,20,6,4,3
0.152,0.398,0.027,0,0.000,0,0.1560,0.1318,0.351,0.166,0.213,0.124,0.085,0.000,0.000,0.000,10,0,0,0,0.233,0.185,0.203,0.059,0.039,0.033,20,6,4,3
0.142,0.496,0.017,-0.08,0.108,0,0.1757,0.1452,0.319,0.059,0.213,0.124,0.085,0.000,0.000,0.000,10,0,0,0,0.233,0.185,0.203,0.059,0.039,0.033,20,6,4,3
0.194,0.380,0.035,2.53,0.140,0,0.2073,0.1686,0.253,-0.121,0.213,0.124,0.085,0.000,0.000,0.000,10,0,0,0,0.233,0.185,0.203,0.059,0.039,0.033,20,6,4,3
0.204,0.500,0.190,-0.48,0.134,0,0.2425,0.1970,0.413,0.007,0.213,0.124,0.085,0.000,0.000,0.000,10,0,0,0,0.233,0.185,0.203,0.059,0.039,0.033,20,6,4,3
0.166,0.725,0.546,-1.19,0.219,1,0.2808,0.2308,0.532,0.586,0.213,0.124,0.085,0.000,0.000,0.000,10,0,0,0,0.233,0.185,0.203,0.059,0.039,0.033,20,6,4,3
0.163,0.687,0.563,-1.19,0.219,1,0.3071,0.2580,0.590,0.586,0.213,0.124,0.085,0.000,0.000,0.000,10,0,0,0,0.233,0.185,0.203,0.059,0.039,0.033,20,6,4,3
0.158,0.384,0.171,0,0.000,0,0.3196,0.2776,0.386,0.166,0.213,0.124,0.085,0.000,0.000,0.000,10,0,0,0,0.233,0.185,0.203,0.059,0.039,0.033,20,6,4,3
0.149,0.294,0.222,-0.79,0.151,-1,0.3220,0.2917,0.485,0.736,0.213,0.124,0.085,0.000,0.000,0.000,10,0,0,0,0.233,0.185,0.203,0.059,0.039,0.033,20,6,4,3
0.144,0.330,0.380,1.69,0.290,0,0.3320,0.3122,0.301,-0.697,0.213,0.124,0.085,0.000,0.000,0.000,10,0,0,0,0.233,0.185,0.203,0.059,0.039,0.033,20,6,4,3
0.148,0.355,0.613,-0.48,0.134,0,0.3393,0.3310,0.493,0.007,0.213,0.124,0.085,0.000,0.000,0.000,10,0,0,0,0.233,0.185,0.203,0.059,0.039,0.033,20,6,4,3
0.146,0.196,0.093,0.85,0.046,0,0.3630,0.3618,0.202,0.06,0.213,0.124,0.085,0.000,0.000,0.000,10,0,0,0,0.233,0.185,0.203,0.059,0.039,0.033,20,6,4,3
0.144,0.239,0.186,-1.14,0.131,0,0.3759,0.3822,0.433,0.987,0.213,0.124,0.085,0.000,0.000,0.000,10,0,0,0,0.233,0.185,0.203,0.059,0.039,0.033,20,6,4,3
0.144,0.266,0.484,-1.19,0.219,1,0.3741,0.3890,0.517,0.586,0.213,0.124,0.085,0.000,0.000,0.000,10,0,0,0,0.233,0.185,0.203,0.059,0.039,0.033,20,6,4,3
0.138,0.161,0.003,0.85,0.046,0,0.3634,0.3872,0.171,0.06,0.213,0.124,0.085,0.000,0.000,0.000,10,0,0,0,0.233,0.185,0.203,0.059,0.039,0.033,20,6,4,3
0.133,0.136,0.002,1.99,0.186,0,0.3616,0.3892,0.212,-0.326,0.213,0.124,0.085,0.000,0.000,0.000,10,0,0,0,0.233,0.185,0.203,0.059,0.039,0.033,20,6,4,3
0.112,0.121,0.004,0.85,0.046,0,0.3695,0.3997,0.469,0.06,0.213,0.124,0.085,0.000,0.000,0.000,10,0,0,0,0.233,0.185,0.203,0.059,0.039,0.033,20,6,4,3
0.094,0.157,0.056,-0.42,0.180,0,0.3742,0.4064,0.517,0.318,0.213,0.124,0.085,0.000,0.000,0.000,10,0,0,0,0.233,0.185,0.203,0.059,0.039,0.033,20,6,4,3
0.074,0.138,0.004,1.99,0.186,0,0.3827,0.4165,0.193,-0.326,0.213,0.124,0.085,0.000,0.000,0.000,10,0,0,0,0.233,0.185,0.203,0.059,0.039,0.033,20,6,4,3
0.096,0.153,0.006,-1.14,0.131,0,0.3910,0.4282,0.428,0.987,0.213,0.124,0.085,0.000,0.000,0.000,10,0,0,0,0.233,0.185,0.203,0.059,0.039,0.033,20,6,4,3
0.123,0.220,0.078,0.22,0.230,0,0.3980,0.4391,0.607,0.303,0.213,0.124,0.085,0.000,0.000,0.000,10,0,0,0,0.233,0.185,0.203,0.059,0.039,0.033,20,6,4,3
0.150,0.186,0.024,1.99,0.186,0,0.3950,0.4409,0.402,-0.326,0.213,0.124,0.085,0.000,0.000,0.000,10,0,0,0,0.233,0.185,0.203,0.059,0.039,0.033,20,6,4,3
0.182,0.183,0.093,2.53,0.140,0,0.3984,0.4459,0.298,-0.121,0.213,0.124,0.085,0.000,0.000,0.000,10,0,0,0,0.233,0.185,0.203,0.059,0.039,0.033,20,6,4,3
0.199,0.164,0.178,-1.14,0.131,0,0.4105,0.4562,0.358,0.987,0.213,0.124,0.085,0.000,0.000,0.000,10,0,0,0,0.233,0.185,0.203,0.059,0.039,0.033,20,6,4,3
0.163,0.139,0.040,-1.14,0.131,0,0.4144,0.4579,0.516,0.987,0.213,0.124,0.085,0.000,0.000,0.000,10,0,0,0,0.233,0.185,0.203,0.059,0.039,0.033,20,6,4,3
0.133,0.141,0.002,-0.79,0.151,-1,0.3969,0.4430,0.531,0.736,0.213,0.124,0.085,0.000,0.000,0.000,10,0,0,0,0.233,0.185,0.203,0.059,0.039,0.033,20,6,4,3
0.135,0.117,0.145,1.42,0.221,0,0.3877,0.4301,0.204,-0.397,0.213,0.124,0.085,0.000,0.000,0.000,10,0,0,0,0.233,0.185,0.203,0.059,0.039,0.033,20,6,4,3
0.138,0.120,0.322,1.42,0.221,0,0.3918,0.4240,0.318,-0.397,0.213,0.124,0.085,0.000,0.000,0.000,10,0,0,0,0.233,0.185,0.203,0.059,0.039,0.033,20,6,4,3
0.148,0.144,0.035,-0.79,0.151,-1,0.4036,0.4221,0.477,0.736,0.213,0.124,0.085,0.000,0.000,0.000,10,0,0,0,0.233,0.185,0.203,0.059,0.039,0.033,20,6,4,3
0.143,0.125,0.129,1.42,0.221,0,0.4233,0.4264,0.246,-0.397,0.213,0.124,0.085,0.000,0.000,0.000,10,0,0,0,0.233,0.185,0.203,0.059,0.039,0.033,20,6,4,3
0.142,0.168,0.161,-0.52,0.062,0,0.4425,0.4347,0.142,0.341,0.213,0.124,0.085,0.000,0.000,0.000,10,0,0,0,0.233,0.185,0.203,0.059,0.039,0.033,20,6,4,3
0.142,0.280,0.585,0.2,0.291,1,0.4636,0.4465,0.459,0.180,0.213,0.124,0.085,0.000,0.000,0.000,10,0,0,0,0.233,0.185,0.203,0.059,0.039,0.033,20,6,4,3
0.175,0.352,0.446,-1.19,0.219,1,0.4682,0.4465,0.541,0.586,0.213,0.124,0.085,0.000,0.000,0.000,10,0,0,0,0.233,0.185,0.203,0.059,0.039,0.033,20,6,4,3
0.170,0.244,0.298,-0.52,0.062,0,0.4616,0.4390,0.182,0.341,0.213,0.124,0.085,0.000,0.000,0.000,10,0,0,0,0.233,0.185,0.203,0.059,0.039,0.033,20,6,4,3
0.147,0.185,0.182,2.53,0.140,0,0.4631,0.4392,0.162,-0.121,0.213,0.124,0.085,0.000,0.000,0.000,10,0,0,0,0.233,0.185,0.203,0.059,0.039,0.033,20,6,4,3
0.188,0.245,0.540,-0.79,0.151,-1,0.4570,0.4320,0.541,0.736,0.213,0.124,0.085,0.000,0.000,0.000,10,0,0,0,0.233,0.185,0.203,0.059,0.039,0.033,20,6,4,3
0.188,0.201,0.125,0.85,0.046,0,0.4351,0.4122,0.344,0.06,0.213,0.124,0.085,0.000,0.000,0.000,10,0,0,0,0.233,0.185,0.203,0.059,0.039,0.033,20,6,4,3
0.190,0.220,0.049,2.1,0.128,0,0.4078,0.3882,0.082,0.02,0.213,0.124,0.085,0.000,0.000,0.000,10,0,0,0,0.233,0.185,0.203,0.059,0.039,0.033,20,6,4,3
0.188,0.357,0.264,0.2,0.291,1,0.3789,0.3597,0.435,0.180,0.213,0.124,0.085,0.000,0.000,0.000,10,0,0,0,0.233,0.185,0.203,0.059,0.039,0.033,20,6,4,3
0.188,0.232,0.177,-1.1,0.105,-1,0.3521,0.3340,0.492,0.192,0.213,0.124,0.085,0.000,0.000,0.000,10,0,0,0,0.233,0.185,0.203,0.059,0.039,0.033,20,6,4,3
0.187,0.274,0.417,-0.08,0.108,0,0.3329,0.3109,0.289,0.059,0.213,0.124,0.085,0.000,0.000,0.000,10,0,0,0,0.233,0.185,0.203,0.059,0.039,0.033,20,6,4,3
0.179,0.325,0.542,0.22,0.230,0,0.3243,0.2940,0.251,0.303,0.213,0.124,0.085,0.000,0.000,0.000,10,0,0,0,0.233,0.185,0.203,0.059,0.039,0.033,20,6,4,3
0.155,0.416,0.575,-1.19,0.219,1,0.3160,0.2785,0.548,0.586,0.213,0.124,0.085,0.000,0.000,0.000,10,0,0,0,0.233,0.185,0.203,0.059,0.039,0.033,20,6,4,3
0.121,0.344,0.588,-0.42,0.180,0,0.2895,0.2536,0.439,0.318,0.213,0.124,0.085,0.000,0.000,0.000,10,0,0,0,0.233,0.185,0.203,0.059,0.039,0.033,20,6,4,3
0.110,0.282,0.506,1.69,0.290,0,0.2709,0.2359,0.088,-0.697,0.213,0.124,0.085,0.000,0.000,0.000,10,0,0,0,0.233,0.185,0.203,0.059,0.039,0.033,20,6,4,3
0.110,0.381,0.690,-1.19,0.219,1,0.2554,0.2232,0.422,0.586,0.213,0.124,0.085,0.000,0.000,0.000,10,0,0,0,0.233,0.185,0.203,0.059,0.039,0.033,20,6,4,3
0.166,0.323,0.697,-0.79,0.151,-1,0.2489,0.2163,0.535,0.736,0.213,0.124,0.085,0.000,0.000,0.000,10,0,0,0,0.233,0.185,0.203,0.059,0.039,0.033,20,6,4,3
0.170,0.355,0.693,-0.52,0.062,0,0.2245,0.1987,0.233,0.341,0.213,0.124,0.085,0.000,0.000,0.000,10,0,0,0,0.233,0.185,0.203,0.059,0.039,0.033,20,6,4,3
0.137,0.338,0.407,2.1,0.128,0,0.2111,0.1914,0.105,0.02,0.213,0.124,0.085,0.000,0.000,0.000,10,0,0,0,0.233,0.185,0.203,0.059,0.039,0.033,20,6,4,3
0.139,0.366,0.435,-0.79,0.151,-1,0.2054,0.1880,0.492,0.736,0.213,0.124,0.085,0.000,0.000,0.000,10,0,0,0,0.233,0.185,0.203,0.059,0.039,0.033,20,6,4,3
0.118,0.716,0.573,0.2,0.291,1,0.2070,0.1897,0.428,0.180,0.213,0.124,0.085,0.000,0.000,0.000,10,0,0,0,0.233,0.185,0.203,0.059,0.039,0.033,20,6,4,3
0.105,0.374,0.070,2.53,0.140,0,0.1990,0.1843,0.131,-0.121,0.213,0.124,0.085,0.000,0.000,0.000,10,0,0,0,0.233,0.185,0.203,0.059,0.039,0.033,20,6,4,3
0.099,0.739,0.438,1.37,0.298,0,0.1986,0.1814,0.230,-0.510,0.213,0.124,0.085,0.000,0.000,0.000,10,0,0,0,0.233,0.185,0.203,0.059,0.039,0.033,20,6,4,3
0.076,0.716,0.447,-0.42,0.180,0,0.2038,0.1790,0.457,0.318,0.213,0.124,0.085,0.000,0.000,0.000,10,0,0,0,0.233,0.185,0.203,0.059,0.039,0.033,20,6,4,3
0.080,0.476,0.083,-0.08,0.108,0,0.2133,0.1792,0.239,0.059,0.213,0.124,0.085,0.000,0.000,0.000,10,0,0,0,0.233,0.185,0.203,0.059,0.039,0.033,20,6,4,3
0.094,0.398,0.035,0.85,0.046,0,0.2067,0.1698,0.139,0.06,0.213,0.124,0.085,0.000,0.000,0.000,10,0,0,0,0.233,0.185,0.203,0.059,0.039,0.033,20,6,4,3
0.062,0.734,0.448,-1.19,0.219,1,0.1924,0.1592,0.458,0.586,0.213,0.124,0.085,0.000,0.000,0.000,10,0,0,0,0.233,0.185,0.203,0.059,0.039,0.033,20,6,4,3
0.080,0.373,0.409,2.1,0.128,0,0.1868,0.1668,0.222,0.02,0.213,0.124,0.085,0.000,0.000,0.000,10,0,0,0,0.233,0.185,0.203,0.059,0.039,0.033,20,6,4,3
0.051,0.385,0.202,1.69,0.290,0,0.1816,0.1847,0.193,-0.697,0.213,0.124,0.085,0.000,0.000,0.000,10,0,0,0,0.233,0.185,0.203,0.059,0.039,0.033,20,6,4,3
0.047,0.234,0.213,-0.52,0.062,0,0.1879,0.2214,0.281,0.341,0.213,0.124,0.085,0.000,0.000,0.000,10,0,0,0,0.233,0.185,0.203,0.059,0.039,0.033,20,6,4,3
0.056,0.193,0.082,-0.79,0.151,-1,0.1913,0.2653,0.535,0.736,0.213,0.124,0.085,0.000,0.000,0.000,10,0,0,0,0.233,0.185,0.203,0.059,0.039,0.033,20,6,4,3
0.050,0.190,0.204,-0.48,0.134,0,0.1978,0.3263,0.441,0.007,0.213,0.124,0.085,0.000,0.000,0.000,10,0,0,0,0.233,0.185,0.203,0.059,0.039,0.033,20,6,4,3
0.047,0.133,0.005,0.85,0.046,0,0.1994,0.3932,0.484,0.06,0.213,0.124,0.085,0.000,0.000,0.000,10,0,0,0,0.233,0.185,0.203,0.059,0.039,0.033,20,6,4,3
0.050,0.132,0.053,-1.1,0.105,-1,0.1943,0.4622,0.541,0.192,0.213,0.124,0.085,0.000,0.000,0.000,10,0,0,0,0.233,0.185,0.203,0.059,0.039,0.033,20,6,4,3
0.049,0.108,0.162,0,0.000,0,0.1838,0.5303,0.377,0.166,0.213,0.124,0.085,0.000,0.000,0.000,10,0,0,0,0.233,0.185,0.203,0.059,0.039,0.033,20,6,4,3
0.048,0.133,0.270,-0.42,0.180,0,0.1728,0.5962,0.504,0.318,0.213,0.124,0.085,0.000,0.000,0.000,10,0,0,0,0.233,0.185,0.203,0.059,0.039,0.033,20,6,4,3
0.043,0.126,0.400,1.69,0.290,0,0.1712,0.6616,0.345,-0.697,0.213,0.124,0.085,0.000,0.000,0.000,10,0,0,0,0.233,0.185,0.203,0.059,0.039,0.033,20,6,4,3
0.027,0.114,0.472,1.42,0.221,0,0.1945,0.7311,0.478,-0.397,0.213,0.124,0.085,0.000,0.000,0.000,10,0,0,0,0.233,0.185,0.203,0.059,0.039,0.033,20,6,4,3
0.021,0.166,0.276,1.76,0.409,0,0.2654,0.8135,0.397,-0.884,0.213,0.124,0.085,0.000,0.000,0.000,10,0,0,0,0.233,0.185,0.203,0.059,0.039,0.033,20,6,4,3
0.026,0.159,0.186,-1.14,0.131,0,0.4144,0.9228,0.751,0.987,0.213,0.124,0.085,0.000,0.000,0.000,10,0,0,0,0.233,0.185,0.203,0.059,0.039,0.033,20,6,4,3
