0.057,0.209,0.371,1.42,0.221,0,0.5251,0.9430,0.704,-0.397,0.458,0.167,0.627,0.379,0.275,0.085,35,17,13,8,0.432,0.221,0.608,0.392,0.150,0.105,50,21,13,9
0.060,0.199,0.301,0.85,0.046,0,0.4542,0.8865,0.479,0.06,0.458,0.167,0.627,0.379,0.275,0.085,35,17,13,8,0.432,0.221,0.608,0.392,0.150,0.105,50,21,13,9
0.093,0.190,0.427,2.53,0.140,0,0.4448,0.8462,0.377,-0.121,0.458,0.167,0.627,0.379,0.275,0.085,35,17,13,8,0.432,0.221,0.608,0.392,0.150,0.105,50,21,13,9
0.134,0.294,0.364,-0.79,0.151,-1,0.4690,0.8130,0.409,0.736,0.458,0.167,0.627,0.379,0.275,0.085,35,17,13,8,0.432,0.221,0.608,0.392,0.150,0.105,50,21,13,9
0.103,0.398,0.464,-0.52,0.062,0,0.5071,0.7812,0.283,0.341,0.458,0.167,0.627,0.379,0.275,0.085,35,17,13,8,0.432,0.221,0.608,0.392,0.150,0.105,50,21,13,9
0.100,0.561,0.639,0.2,0.291,1,0.5460,0.7477,0.469,0.180,0.458,0.167,0.627,0.379,0.275,0.085,35,17,13,8,0.432,0.221,0.608,0.392,0.150,0.105,50,21,13,9
0.079,0.498,0.217,2.53,0.140,0,0.5784,0.7117,0.258,-0.121,0.458,0.167,0.627,0.379,0.275,0.085,35,17,13,8,0.432,0.221,0.608,0.392,0.150,0.105,50,21,13,9
0.107,0.730,0.282,-0.08,0.108,0,0.6016,0.6740,0.322,0.059,0.458,0.167,0.627,0.379,0.275,0.085,35,17,13,8,0.432,0.221,0.608,0.392,0.150,0.105,50,21,13,9
0.104,0.558,0.414,-0.42,0.180,0,0.6161,0.6368,0.375,0.318,0.458,0.167,0.627,0.379,0.275,0.085,35,17,13,8,0.432,0.221,0.608,0.392,0.150,0.105,50,21,13,9
0.104,0.498,0.012,-0.79,0.151,-1,0.6249,0.6025,0.490,0.736,0.458,0.167,0.627,0.379,0.275,0.085,35,17,13,8,0.432,0.221,0.608,0.392,0.150,0.105,50,21,13,9
0.102,0.390,0.001,-0.79,0.151,-1,0.6336,0.5759,0.356,0.736,0.458,0.167,0.627,0.379,0.275,0.085,35,17,13,8,0.432,0.221,0.608,0.392,0.150,0.105,50,21,13,9
0.102,0.306,0.002,3.14,0.186,0,0.6563,0.5609,0.154,-0.486,0.458,0.167,0.627,0.379,0.275,0.085,35,17,13,8,0.432,0.221,0.608,0.392,0.150,0.105,50,21,13,9
0.082,0.465,0.345,-1.19,0.219,1,0.6760,0.5519,0.465,0.586,0.458,0.167,0.627,0.379,0.275,0.085,35,17,13,8,0.432,0.221,0.608,0.392,0.150,0.105,50,21,13,9
0.103,0.444,0.205,-1.19,0.219,1,0.6951,0.5522,0.533,0.586,0.458,0.167,0.627,0.379,0.275,0.085,35,17,13,8,0.432,0.221,0.608,0.392,0.150,0.105,50,21,13,9
0.120,0.352,0.033,-0.79,0.151,-1,0.7096,0.5577,0.385,0.736,0.458,0.167,0.627,0.379,0.275,0.085,35,17,13,8,0.432,0.221,0.608,0.392,0.150,0.105,50,21,13,9
0.117,0.313,0.055,-1.14,0.131,0,0.7090,0.5602,0.445,0.987,0.458,0.167,0.627,0.379,0.275,0.085,35,17,13,8,0.432,0.221,0.608,0.392,0.150,0.105,50,21,13,9
0.108,0.513,0.047,-0.79,0.151,-1,0.6899,0.5571,0.569,0.736,0.458,0.167,0.627,0.379,0.275,0.085,35,17,13,8,0.432,0.221,0.608,0.392,0.150,0.105,50,21,13,9
0.107,0.742,0.478,-1.19,0.219,1,0.6548,0.5465,0.415,0.586,0.458,0.167,0.627,0.379,0.275,0.085,35,17,13,8,0.432,0.221,0.608,0.392,0.150,0.105,50,21,13,9
0.112,0.596,0.056,-1.14,0.131,0,0.5992,0.5270,0.426,0.987,0.458,0.167,0.627,0.379,0.275,0.085,35,17,13,8,0.432,0.221,0.608,0.392,0.150,0.105,50,21,13,9
0.116,0.574,0.117,3.14,0.186,0,0.5464,0.5068,0.321,-0.486,0.458,0.167,0.627,0.379,0.275,0.085,35,17,13,8,0.432,0.221,0.608,0.392,0.150,0.105,50,21,13,9
0.147,0.600,0.246,-1.1,0.105,-1,0.4973,0.4883,0.430,0.192,0.458,0.167,0.627,0.379,0.275,0.085,35,17,13,8,0.432,0.221,0.608,0.392,0.150,0.105,50,21,13,9
0.178,0.798,0.713,0.2,0.291,1,0.4641,0.4791,0.402,0.180,0.458,0.167,0.627,0.379,0.275,0.085,35,17,13,8,0.432,0.221,0.608,0.392,0.150,0.105,50,21,13,9
0.152,0.844,0.292,-0.79,0.151,-1,0.4383,0.4731,0.489,0.736,0.458,0.167,0.627,0.379,0.275,0.085,35,17,13,8,0.432,0.221,0.608,0.392,0.150,0.105,50,21,13,9
0.117,0.892,0.459,-1.19,0.219,1,0.4155,0.4655,0.459,0.586,0.458,0.167,0.627,0.379,0.275,0.085,35,17,13,8,0.432,0.221,0.608,0.392,0.150,0.105,50,21,13,9
0.089,0.959,0.322,-0.08,0.108,0,0.4029,0.4581,0.297,0.059,0.458,0.167,0.627,0.379,0.275,0.085,35,17,13,8,0.432,0.221,0.608,0.392,0.150,0.105,50,21,13,9
0.093,0.948,0.439,2.1,0.128,0,0.4103,0.4601,0.086,0.02,0.458,0.167,0.627,0.379,0.275,0.085,35,17,13,8,0.432,0.221,0.608,0.392,0.150,0.105,50,21,13,9
0.082,0.954,0.389,-1.14,0.131,0,0.4146,0.4580,0.304,0.987,0.458,0.167,0.627,0.379,0.275,0.085,35,17,13,8,0.432,0.221,0.608,0.392,0.150,0.105,50,21,13,9
0.103,0.978,0.249,1.99,0.186,0,0.4244,0.4606,0.149,-0.326,0.458,0.167,0.627,0.379,0.275,0.085,35,17,13,8,0.432,0.221,0.608,0.392,0.150,0.105,50,21,13,9
0.086,0.912,0.246,1.99,0.186,0,0.4295,0.4561,0.071,-0.326,0.458,0.167,0.627,0.379,0.275,0.085,35,17,13,8,0.432,0.221,0.608,0.392,0.150,0.105,50,21,13,9
0.097,0.750,0.048,1.99,0.186,0,0.4394,0.4527,0.052,-0.326,0.458,0.167,0.627,0.379,0.275,0.085,35,17,13,8,0.432,0.221,0.608,0.392,0.150,0.105,50,21,13,9
0.107,0.889,0.561,0.2,0.291,1,0.4400,0.4426,0.246,0.180,0.458,0.167,0.627,0.379,0.275,0.085,35,17,13,8,0.432,0.221,0.608,0.392,0.150,0.105,50,21,13,9
0.116,0.893,0.049,2.53,0.140,0,0.4319,0.4285,0.056,-0.121,0.458,0.167,0.627,0.379,0.275,0.085,35,17,13,8,0.432,0.221,0.608,0.392,0.150,0.105,50,21,13,9
0.116,0.949,0.368,1.69,0.290,0,0.4216,0.4178,0.053,-0.697,0.458,0.167,0.627,0.379,0.275,0.085,35,17,13,8,0.432,0.221,0.608,0.392,0.150,0.105,50,21,13,9
0.137,0.934,0.294,-0.08,0.108,0,0.4133,0.4088,0.134,0.059,0.458,0.167,0.627,0.379,0.275,0.085,35,17,13,8,0.432,0.221,0.608,0.392,0.150,0.105,50,21,13,9
0.090,0.935,0.633,-0.08,0.108,0,0.4077,0.3997,0.251,0.059,0.458,0.167,0.627,0.379,0.275,0.085,35,17,13,8,0.432,0.221,0.608,0.392,0.150,0.105,50,21,13,9
0.077,0.891,0.737,-0.48,0.134,0,0.3971,0.3883,0.440,0.007,0.458,0.167,0.627,0.379,0.275,0.085,35,17,13,8,0.432,0.221,0.608,0.392,0.150,0.105,50,21,13,9
0.079,0.883,0.693,-0.48,0.134,0,0.3897,0.3792,0.434,0.007,0.458,0.167,0.627,0.379,0.275,0.085,35,17,13,8,0.432,0.221,0.608,0.392,0.150,0.105,50,21,13,9
0.086,0.864,0.553,0,0.000,0,0.4042,0.3824,0.320,0.166,0.458,0.167,0.627,0.379,0.275,0.085,35,17,13,8,0.432,0.221,0.608,0.392,0.150,0.105,50,21,13,9
0.088,0.884,0.763,0.2,0.291,1,0.4323,0.3912,0.440,0.180,0.458,0.167,0.627,0.379,0.275,0.085,35,17,13,8,0.432,0.221,0.608,0.392,0.150,0.105,50,21,13,9
0.075,0.926,0.677,0.22,0.230,0,0.4867,0.4142,0.301,0.303,0.458,0.167,0.627,0.379,0.275,0.085,35,17,13,8,0.432,0.221,0.608,0.392,0.150,0.105,50,21,13,9
0.075,0.919,0.608,0.22,0.230,0,0.5546,0.4457,0.259,0.303,0.458,0.167,0.627,0.379,0.275,0.085,35,17,13,8,0.432,0.221,0.608,0.392,0.150,0.105,50,21,13,9
0.069,0.933,0.574,0.2,0.291,1,0.6153,0.4723,0.324,0.180,0.458,0.167,0.627,0.379,0.275,0.085,35,17,13,8,0.432,0.221,0.608,0.392,0.150,0.105,50,21,13,9
0.073,0.912,0.372,1.42,0.221,0,0.6718,0.4991,0.167,-0.397,0.458,0.167,0.627,0.379,0.275,0.085,35,17,13,8,0.432,0.221,0.608,0.392,0.150,0.105,50,21,13,9
0.093,0.892,0.218,-1.1,0.105,-1,0.7114,0.5155,0.274,0.192,0.458,0.167,0.627,0.379,0.275,0.085,35,17,13,8,0.432,0.221,0.608,0.392,0.150,0.105,50,21,13,9
0.080,0.867,0.172,-0.79,0.151,-1,0.7171,0.5121,0.306,0.736,0.458,0.167,0.627,0.379,0.275,0.085,35,17,13,8,0.432,0.221,0.608,0.392,0.150,0.105,50,21,13,9
0.084,0.896,0.391,1.69,0.290,0,0.7019,0.5007,0.175,-0.697,0.458,0.167,0.627,0.379,0.275,0.085,35,17,13,8,0.432,0.221,0.608,0.392,0.150,0.105,50,21,13,9
0.096,0.876,0.212,-0.52,0.062,0,0.6538,0.4675,0.324,0.341,0.458,0.167,0.627,0.379,0.275,0.085,35,17,13,8,0.432,0.221,0.608,0.392,0.150,0.105,50,21,13,9
0.111,0.878,0.399,0.2,0.291,1,0.6036,0.4381,0.481,0.180,0.458,0.167,0.627,0.379,0.275,0.085,35,17,13,8,0.432,0.221,0.608,0.392,0.150,0.105,50,21,13,9
0.097,0.600,0.190,0,0.000,0,0.5398,0.3978,0.422,0.166,0.458,0.167,0.627,0.379,0.275,0.085,35,17,13,8,0.432,0.221,0.608,0.392,0.150,0.105,50,21,13,9
0.088,0.833,0.157,-0.48,0.134,0,0.4647,0.3468,0.546,0.007,0.458,0.167,0.627,0.379,0.275,0.085,35,17,13,8,0.432,0.221,0.608,0.392,0.150,0.105,50,21,13,9
0.056,0.580,0.155,2.53,0.140,0,0.4044,0.3096,0.204,-0.121,0.458,0.167,0.627,0.379,0.275,0.085,35,17,13,8,0.432,0.221,0.608,0.392,0.150,0.105,50,21,13,9
0.054,0.845,0.146,-1.14,0.131,0,0.3669,0.2858,0.408,0.987,0.458,0.167,0.627,0.379,0.275,0.085,35,17,13,8,0.432,0.221,0.608,0.392,0.150,0.105,50,21,13,9
0.050,0.889,0.225,-0.52,0.062,0,0.3516,0.2731,0.378,0.341,0.458,0.167,0.627,0.379,0.275,0.085,35,17,13,8,0.432,0.221,0.608,0.392,0.150,0.105,50,21,13,9
0.048,0.902,0.118,-0.52,0.062,0,0.3414,0.2631,0.315,0.341,0.458,0.167,0.627,0.379,0.275,0.085,35,17,13,8,0.432,0.221,0.608,0.392,0.150,0.105,50,21,13,9
0.047,0.926,0.225,-0.79,0.151,-1,0.3413,0.2594,0.317,0.736,0.458,0.167,0.627,0.379,0.275,0.085,35,17,13,8,0.432,0.221,0.608,0.392,0.150,0.105,50,21,13,9
0.058,0.890,0.002,1.99,0.186,0,0.3517,0.2634,0.175,-0.326,0.458,0.167,0.627,0.379,0.275,0.085,35,17,13,8,0.432,0.221,0.608,0.392,0.150,0.105,50,21,13,9
0.090,0.931,0.569,-0.42,0.180,0,0.3495,0.2576,0.248,0.318,0.458,0.167,0.627,0.379,0.275,0.085,35,17,13,8,0.432,0.221,0.608,0.392,0.150,0.105,50,21,13,9
0.069,0.960,0.019,3.14,0.186,0,0.3461,0.2491,0.115,-0.486,0.458,0.167,0.627,0.379,0.275,0.085,35,17,13,8,0.432,0.221,0.608,0.392,0.150,0.105,50,21,13,9
0.066,0.969,0.763,1.37,0.298,0,0.3427,0.2403,0.171,-0.510,0.458,0.167,0.627,0.379,0.275,0.085,35,17,13,8,0.432,0.221,0.608,0.392,0.150,0.105,50,21,13,9
0.061,0.924,0.248,-0.08,0.108,0,0.3267,0.2207,0.260,0.059,0.458,0.167,0.627,0.379,0.275,0.085,35,17,13,8,0.432,0.221,0.608,0.392,0.150,0.105,50,21,13,9
0.077,0.942,0.824,1.76,0.409,0,0.3049,0.1992,0.175,-0.884,0.458,0.167,0.627,0.379,0.275,0.085,35,17,13,8,0.432,0.221,0.608,0.392,0.150,0.105,50,21,13,9
0.076,0.944,0.288,1.42,0.221,0,0.2748,0.1734,0.150,-0.397,0.458,0.167,0.627,0.379,0.275,0.085,35,17,13,8,0.432,0.221,0.608,0.392,0.150,0.105,50,21,13,9
0.080,0.931,0.415,-1.1,0.105,-1,0.2468,0.1496,0.301,0.192,0.458,0.167,0.627,0.379,0.275,0.085,35,17,13,8,0.432,0.221,0.608,0.392,0.150,0.105,50,21,13,9
0.095,0.906,0.125,0.85,0.046,0,0.2144,0.1229,0.325,0.06,0.458,0.167,0.627,0.379,0.275,0.085,35,17,13,8,0.432,0.221,0.608,0.392,0.150,0.105,50,21,13,9
0.073,0.927,0.637,-0.08,0.108,0,0.1846,0.0963,0.201,0.059,0.458,0.167,0.627,0.379,0.275,0.085,35,17,13,8,0.432,0.221,0.608,0.392,0.150,0.105,50,21,13,9
0.090,0.933,0.093,1.99,0.186,0,0.1799,0.0889,0.138,-0.326,0.458,0.167,0.627,0.379,0.275,0.085,35,17,13,8,0.432,0.221,0.608,0.392,0.150,0.105,50,21,13,9
0.080,0.881,0.672,-1.19,0.219,1,0.1845,0.0859,0.552,0.586,0.458,0.167,0.627,0.379,0.275,0.085,35,17,13,8,0.432,0.221,0.608,0.392,0.150,0.105,50,21,13,9
0.079,0.908,0.230,-0.79,0.151,-1,0.1979,0.0867,0.400,0.736,0.458,0.167,0.627,0.379,0.275,0.085,35,17,13,8,0.432,0.221,0.608,0.392,0.150,0.105,50,21,13,9
0.066,0.943,0.002,1.99,0.186,0,0.2319,0.1028,0.061,-0.326,0.458,0.167,0.627,0.379,0.275,0.085,35,17,13,8,0.432,0.221,0.608,0.392,0.150,0.105,50,21,13,9
0.074,0.914,0.224,-0.08,0.108,0,0.2704,0.1220,0.243,0.059,0.458,0.167,0.627,0.379,0.275,0.085,35,17,13,8,0.432,0.221,0.608,0.392,0.150,0.105,50,21,13,9
0.082,0.885,0.214,-0.52,0.062,0,0.3216,0.1526,0.445,0.341,0.458,0.167,0.627,0.379,0.275,0.085,35,17,13,8,0.432,0.221,0.608,0.392,0.150,0.105,50,21,13,9
0.147,0.912,0.006,1.99,0.186,0,0.3618,0.1764,0.186,-0.326,0.458,0.167,0.627,0.379,0.275,0.085,35,17,13,8,0.432,0.221,0.608,0.392,0.150,0.105,50,21,13,9
0.173,0.902,0.002,2.53,0.140,0,0.4009,0.2015,0.074,-0.121,0.458,0.167,0.627,0.379,0.275,0.085,35,17,13,8,0.432,0.221,0.608,0.392,0.150,0.105,50,21,13,9
0.183,0.857,0.344,-1.19,0.219,1,0.4306,0.2223,0.438,0.586,0.458,0.167,0.627,0.379,0.275,0.085,35,17,13,8,0.432,0.221,0.608,0.392,0.150,0.105,50,21,13,9
0.174,0.857,0.001,-0.79,0.151,-1,0.4438,0.2311,0.476,0.736,0.458,0.167,0.627,0.379,0.275,0.085,35,17,13,8,0.432,0.221,0.608,0.392,0.150,0.105,50,21,13,9
0.194,0.878,0.004,2.53,0.140,0,0.4410,0.2285,0.157,-0.121,0.458,0.167,0.627,0.379,0.275,0.085,35,17,13,8,0.432,0.221,0.608,0.392,0.150,0.105,50,21,13,9
0.163,0.903,0.406,1.37,0.298,0,0.4205,0.2146,0.181,-0.510,0.458,0.167,0.627,0.379,0.275,0.085,35,17,13,8,0.432,0.221,0.608,0.392,0.150,0.105,50,21,13,9
0.112,0.833,0.118,-1.14,0.131,0,0.4001,0.2003,0.439,0.987,0.458,0.167,0.627,0.379,0.275,0.085,35,17,13,8,0.432,0.221,0.608,0.392,0.150,0.105,50,21,13,9
0.114,0.832,0.073,-0.79,0.151,-1,0.3741,0.1820,0.452,0.736,0.458,0.167,0.627,0.379,0.275,0.085,35,17,13,8,0.432,0.221,0.608,0.392,0.150,0.105,50,21,13,9
0.115,0.889,0.256,0.85,0.046,0,0.3352,0.1559,0.148,0.06,0.458,0.167,0.627,0.379,0.275,0.085,35,17,13,8,0.432,0.221,0.608,0.392,0.150,0.105,50,21,13,9
0.118,0.935,0.791,0.2,0.291,1,0.3012,0.1350,0.438,0.180,0.458,0.167,0.627,0.379,0.275,0.085,35,17,13,8,0.432,0.221,0.608,0.392,0.150,0.105,50,21,13,9
0.112,0.908,0.772,-1.19,0.219,1,0.2660,0.1155,0.613,0.586,0.458,0.167,0.627,0.379,0.275,0.085,35,17,13,8,0.432,0.221,0.608,0.392,0.150,0.105,50,21,13,9
0.093,0.963,0.700,-1.19,0.219,1,0.2442,0.1069,0.540,0.586,0.458,0.167,0.627,0.379,0.275,0.085,35,17,13,8,0.432,0.221,0.608,0.392,0.150,0.105,50,21,13,9
0.097,0.955,0.530,0,0.000,0,0.2350,0.1076,0.384,0.166,0.458,0.167,0.627,0.379,0.275,0.085,35,17,13,8,0.432,0.221,0.608,0.392,0.150,0.105,50,21,13,9
0.074,0.948,0.513,-0.08,0.108,0,0.2386,0.1186,0.299,0.059,0.458,0.167,0.627,0.379,0.275,0.085,35,17,13,8,0.432,0.221,0.608,0.392,0.150,0.105,50,21,13,9
0.091,0.939,0.769,0.22,0.230,0,0.2491,0.1348,0.304,0.303,0.458,0.167,0.627,0.379,0.275,0.085,35,17,13,8,0.432,0.221,0.608,0.392,0.150,0.105,50,21,13,9
0.114,0.934,0.150,1.69,0.290,0,0.2605,0.1508,0.111,-0.697,0.458,0.167,0.627,0.379,0.275,0.085,35,17,13,8,0.432,0.221,0.608,0.392,0.150,0.105,50,21,13,9
0.132,0.923,0.594,-0.48,0.134,0,0.2691,0.1635,0.193,0.007,0.458,0.167,0.627,0.379,0.275,0.085,35,17,13,8,0.432,0.221,0.608,0.392,0.150,0.105,50,21,13,9
0.132,0.914,0.057,1.69,0.290,0,0.2855,0.1828,0.051,-0.697,0.458,0.167,0.627,0.379,0.275,0.085,35,17,13,8,0.432,0.221,0.608,0.392,0.150,0.105,50,21,13,9
0.164,0.877,0.097,0.85,0.046,0,0.2797,0.1846,0.053,0.06,0.458,0.167,0.627,0.379,0.275,0.085,35,17,13,8,0.432,0.221,0.608,0.392,0.150,0.105,50,21,13,9
0.146,0.932,0.300,3.14,0.186,0,0.2669,0.1816,0.052,-0.486,0.458,0.167,0.627,0.379,0.275,0.085,35,17,13,8,0.432,0.221,0.608,0.392,0.150,0.105,50,21,13,9
0.146,0.931,0.003,2.53,0.140,0,0.2451,0.1732,0.069,-0.121,0.458,0.167,0.627,0.379,0.275,0.085,35,17,13,8,0.432,0.221,0.608,0.392,0.150,0.105,50,21,13,9
0.118,0.941,0.284,1.69,0.290,0,0.2240,0.1632,0.069,-0.697,0.458,0.167,0.627,0.379,0.275,0.085,35,17,13,8,0.432,0.221,0.608,0.392,0.150,0.105,50,21,13,9
0.118,0.939,0.209,1.42,0.221,0,0.1991,0.1476,0.114,-0.397,0.458,0.167,0.627,0.379,0.275,0.085,35,17,13,8,0.432,0.221,0.608,0.392,0.150,0.105,50,21,13,9
0.094,0.926,0.544,-1.1,0.105,-1,0.1759,0.1319,0.158,0.192,0.458,0.167,0.627,0.379,0.275,0.085,35,17,13,8,0.432,0.221,0.608,0.392,0.150,0.105,50,21,13,9
0.097,0.960,0.563,1.99,0.186,0,0.1673,0.1272,0.148,-0.326,0.458,0.167,0.627,0.379,0.275,0.085,35,17,13,8,0.432,0.221,0.608,0.392,0.150,0.105,50,21,13,9
0.092,0.933,0.769,-1.19,0.219,1,0.1733,0.1338,0.459,0.586,0.458,0.167,0.627,0.379,0.275,0.085,35,17,13,8,0.432,0.221,0.608,0.392,0.150,0.105,50,21,13,9
0.118,0.941,0.719,0.2,0.291,1,0.1954,0.1533,0.384,0.180,0.458,0.167,0.627,0.379,0.275,0.085,35,17,13,8,0.432,0.221,0.608,0.392,0.150,0.105,50,21,13,9
0.132,0.938,0.477,-1.14,0.131,0,0.2261,0.1808,0.409,0.987,0.458,0.167,0.627,0.379,0.275,0.085,35,17,13,8,0.432,0.221,0.608,0.392,0.150,0.105,50,21,13,9
0.166,0.923,0.736,0,0.000,0,0.2635,0.2159,0.522,0.166,0.458,0.167,0.627,0.379,0.275,0.085,35,17,13,8,0.432,0.221,0.608,0.392,0.150,0.105,50,21,13,9
0.173,0.953,0.689,1.37,0.298,0,0.3104,0.2589,0.213,-0.510,0.458,0.167,0.627,0.379,0.275,0.085,35,17,13,8,0.432,0.221,0.608,0.392,0.150,0.105,50,21,13,9
0.180,0.930,0.684,0.2,0.291,1,0.3692,0.3078,0.354,0.180,0.458,0.167,0.627,0.379,0.275,0.085,35,17,13,8,0.432,0.221,0.608,0.392,0.150,0.105,50,21,13,9
0.187,0.949,0.624,2.53,0.140,0,0.4364,0.3636,0.105,-0.121,0.458,0.167,0.627,0.379,0.275,0.085,35,17,13,8,0.432,0.221,0.608,0.392,0.150,0.105,50,21,13,9
0.267,0.908,0.784,-1.19,0.219,1,0.4983,0.4130,0.409,0.586,0.458,0.167,0.627,0.379,0.275,0.085,35,17,13,8,0.432,0.221,0.608,0.392,0.150,0.105,50,21,13,9
0.262,0.931,0.524,-0.79,0.151,-1,0.5467,0.4518,0.311,0.736,0.458,0.167,0.627,0.379,0.275,0.085,35,17,13,8,0.432,0.221,0.608,0.392,0.150,0.105,50,21,13,9
0.260,0.931,0.420,3.14,0.186,0,0.5819,0.4792,0.164,-0.486,0.458,0.167,0.627,0.379,0.275,0.085,35,17,13,8,0.432,0.221,0.608,0.392,0.150,0.105,50,21,13,9
0.252,0.950,0.337,0,0.000,0,0.6034,0.4963,0.223,0.166,0.458,0.167,0.627,0.379,0.275,0.085,35,17,13,8,0.432,0.221,0.608,0.392,0.150,0.105,50,21,13,9
0.202,0.931,0.618,-0.52,0.062,0,0.6061,0.5001,0.234,0.341,0.458,0.167,0.627,0.379,0.275,0.085,35,17,13,8,0.432,0.221,0.608,0.392,0.150,0.105,50,21,13,9
0.204,0.911,0.426,-0.08,0.108,0,0.6099,0.5025,0.323,0.059,0.458,0.167,0.627,0.379,0.275,0.085,35,17,13,8,0.432,0.221,0.608,0.392,0.150,0.105,50,21,13,9
0.220,0.861,0.596,1.42,0.221,0,0.6031,0.4987,0.234,-0.397,0.458,0.167,0.627,0.379,0.275,0.085,35,17,13,8,0.432,0.221,0.608,0.392,0.150,0.105,50,21,13,9
0.207,0.857,0.739,-0.52,0.062,0,0.6073,0.5037,0.350,0.341,0.458,0.167,0.627,0.379,0.275,0.085,35,17,13,8,0.432,0.221,0.608,0.392,0.150,0.105,50,21,13,9
0.228,0.864,0.604,0,0.000,0,0.6183,0.5149,0.363,0.166,0.458,0.167,0.627,0.379,0.275,0.085,35,17,13,8,0.432,0.221,0.608,0.392,0.150,0.105,50,21,13,9
0.214,0.855,0.588,0.2,0.291,1,0.6252,0.5243,0.448,0.180,0.458,0.167,0.627,0.379,0.275,0.085,35,17,13,8,0.432,0.221,0.608,0.392,0.150,0.105,50,21,13,9
0.224,0.569,0.714,-1.19,0.219,1,0.6315,0.5359,0.501,0.586,0.458,0.167,0.627,0.379,0.275,0.085,35,17,13,8,0.432,0.221,0.608,0.392,0.150,0.105,50,21,13,9
0.179,0.424,0.374,0,0.000,0,0.6429,0.5531,0.283,0.166,0.458,0.167,0.627,0.379,0.275,0.085,35,17,13,8,0.432,0.221,0.608,0.392,0.150,0.105,50,21,13,9
0.259,0.483,0.541,-0.08,0.108,0,0.6543,0.5730,0.371,0.059,0.458,0.167,0.627,0.379,0.275,0.085,35,17,13,8,0.432,0.221,0.608,0.392,0.150,0.105,50,21,13,9
0.224,0.460,0.505,-1.1,0.105,-1,0.6550,0.5872,0.426,0.192,0.458,0.167,0.627,0.379,0.275,0.085,35,17,13,8,0.432,0.221,0.608,0.392,0.150,0.105,50,21,13,9
0.214,0.463,0.178,-1.1,0.105,-1,0.6387,0.5930,0.365,0.192,0.458,0.167,0.627,0.379,0.275,0.085,35,17,13,8,0.432,0.221,0.608,0.392,0.150,0.105,50,21,13,9
0.200,0.576,0.422,-0.52,0.062,0,0.6082,0.5897,0.318,0.341,0.458,0.167,0.627,0.379,0.275,0.085,35,17,13,8,0.432,0.221,0.608,0.392,0.150,0.105,50,21,13,9
0.213,0.505,0.409,1.42,0.221,0,0.5738,0.5831,0.268,-0.397,0.458,0.167,0.627,0.379,0.275,0.085,35,17,13,8,0.432,0.221,0.608,0.392,0.150,0.105,50,21,13,9
0.198,0.875,0.417,-0.08,0.108,0,0.5325,0.5710,0.289,0.059,0.458,0.167,0.627,0.379,0.275,0.085,35,17,13,8,0.432,0.221,0.608,0.392,0.150,0.105,50,21,13,9
0.170,0.516,0.041,1.99,0.186,0,0.4878,0.5509,0.168,-0.326,0.458,0.167,0.627,0.379,0.275,0.085,35,17,13,8,0.432,0.221,0.608,0.392,0.150,0.105,50,21,13,9
0.166,0.750,0.420,-0.42,0.180,0,0.4420,0.5279,0.357,0.318,0.458,0.167,0.627,0.379,0.275,0.085,35,17,13,8,0.432,0.221,0.608,0.392,0.150,0.105,50,21,13,9
0.154,0.565,0.311,-0.52,0.062,0,0.3977,0.5021,0.282,0.341,0.458,0.167,0.627,0.379,0.275,0.085,35,17,13,8,0.432,0.221,0.608,0.392,0.150,0.105,50,21,13,9
0.122,0.737,0.029,-0.42,0.180,0,0.3540,0.4761,0.295,0.318,0.458,0.167,0.627,0.379,0.275,0.085,35,17,13,8,0.432,0.221,0.608,0.392,0.150,0.105,50,21,13,9
0.120,0.635,0.328,-1.19,0.219,1,0.3175,0.4568,0.395,0.586,0.458,0.167,0.627,0.379,0.275,0.085,35,17,13,8,0.432,0.221,0.608,0.392,0.150,0.105,50,21,13,9
0.124,0.562,0.225,1.69,0.290,0,0.2932,0.4432,0.196,-0.697,0.458,0.167,0.627,0.379,0.275,0.085,35,17,13,8,0.432,0.221,0.608,0.392,0.150,0.105,50,21,13,9
0.122,0.587,0.585,-0.42,0.180,0,0.2780,0.4364,0.375,0.318,0.458,0.167,0.627,0.379,0.275,0.085,35,17,13,8,0.432,0.221,0.608,0.392,0.150,0.105,50,21,13,9
0.122,0.836,0.428,3.14,0.186,0,0.2917,0.4474,0.228,-0.486,0.458,0.167,0.627,0.379,0.275,0.085,35,17,13,8,0.432,0.221,0.608,0.392,0.150,0.105,50,21,13,9
0.111,0.866,0.394,0,0.000,0,0.3111,0.4635,0.248,0.166,0.458,0.167,0.627,0.379,0.275,0.085,35,17,13,8,0.432,0.221,0.608,0.392,0.150,0.105,50,21,13,9
0.090,0.928,0.421,-1.1,0.105,-1,0.3294,0.4785,0.310,0.192,0.458,0.167,0.627,0.379,0.275,0.085,35,17,13,8,0.432,0.221,0.608,0.392,0.150,0.105,50,21,13,9
0.098,0.932,0.633,1.37,0.298,0,0.3519,0.4976,0.217,-0.510,0.458,0.167,0.627,0.379,0.275,0.085,35,17,13,8,0.432,0.221,0.608,0.392,0.150,0.105,50,21,13,9
0.099,0.901,0.004,1.99,0.186,0,0.3823,0.5214,0.135,-0.326,0.458,0.167,0.627,0.379,0.275,0.085,35,17,13,8,0.432,0.221,0.608,0.392,0.150,0.105,50,21,13,9
0.098,0.885,0.432,-1.1,0.105,-1,0.4064,0.5391,0.230,0.192,0.458,0.167,0.627,0.379,0.275,0.085,35,17,13,8,0.432,0.221,0.608,0.392,0.150,0.105,50,21,13,9
0.089,0.342,0.004,3.14,0.186,0,0.4337,0.5569,0.098,-0.486,0.458,0.167,0.627,0.379,0.275,0.085,35,17,13,8,0.432,0.221,0.608,0.392,0.150,0.105,50,21,13,9
0.097,0.376,0.225,0.85,0.046,0,0.4493,0.5655,0.181,0.06,0.458,0.167,0.627,0.379,0.275,0.085,35,17,13,8,0.432,0.221,0.608,0.392,0.150,0.105,50,21,13,9
0.082,0.396,0.138,3.14,0.186,0,0.4725,0.5743,0.114,-0.486,0.458,0.167,0.627,0.379,0.275,0.085,35,17,13,8,0.432,0.221,0.608,0.392,0.150,0.105,50,21,13,9
0.102,0.856,0.650,-0.08,0.108,0,0.4935,0.5819,0.224,0.059,0.458,0.167,0.627,0.379,0.275,0.085,35,17,13,8,0.432,0.221,0.608,0.392,0.150,0.105,50,21,13,9
0.109,0.883,0.348,-1.14,0.131,0,0.5180,0.5894,0.284,0.987,0.458,0.167,0.627,0.379,0.275,0.085,35,17,13,8,0.432,0.221,0.608,0.392,0.150,0.105,50,21,13,9
0.117,0.841,0.445,-1.14,0.131,0,0.5389,0.5962,0.431,0.987,0.458,0.167,0.627,0.379,0.275,0.085,35,17,13,8,0.432,0.221,0.608,0.392,0.150,0.105,50,21,13,9
0.119,0.353,0.640,-0.48,0.134,0,0.5578,0.6070,0.468,0.007,0.458,0.167,0.627,0.379,0.275,0.085,35,17,13,8,0.432,0.221,0.608,0.392,0.150,0.105,50,21,13,9
0.118,0.338,0.754,0.2,0.291,1,0.5856,0.6276,0.468,0.180,0.458,0.167,0.627,0.379,0.275,0.085,35,17,13,8,0.432,0.221,0.608,0.392,0.150,0.105,50,21,13,9
0.118,0.247,0.377,0.85,0.046,0,0.6211,0.6589,0.345,0.06,0.458,0.167,0.627,0.379,0.275,0.085,35,17,13,8,0.432,0.221,0.608,0.392,0.150,0.105,50,21,13,9
0.117,0.276,0.594,-1.14,0.131,0,0.6631,0.6997,0.469,0.987,0.458,0.167,0.627,0.379,0.275,0.085,35,17,13,8,0.432,0.221,0.608,0.392,0.150,0.105,50,21,13,9
0.120,0.240,0.681,-1.14,0.131,0,0.7042,0.7470,0.473,0.987,0.458,0.167,0.627,0.379,0.275,0.085,35,17,13,8,0.432,0.221,0.608,0.392,0.150,0.105,50,21,13,9
0.121,0.297,0.798,-0.52,0.062,0,0.7443,0.7968,0.521,0.341,0.458,0.167,0.627,0.379,0.275,0.085,35,17,13,8,0.432,0.221,0.608,0.392,0.150,0.105,50,21,13,9
0.117,0.305,0.801,-0.52,0.062,0,0.7801,0.8454,0.454,0.341,0.458,0.167,0.627,0.379,0.275,0.085,35,17,13,8,0.432,0.221,0.608,0.392,0.150,0.105,50,21,13,9
0.119,0.274,0.769,0,0.000,0,0.8079,0.8893,0.391,0.166,0.458,0.167,0.627,0.379,0.275,0.085,35,17,13,8,0.432,0.221,0.608,0.392,0.150,0.105,50,21,13,9
0.124,0.367,0.853,0.2,0.291,1,0.8237,0.9254,0.471,0.180,0.458,0.167,0.627,0.379,0.275,0.085,35,17,13,8,0.432,0.221,0.608,0.392,0.150,0.105,50,21,13,9
0.130,0.231,0.586,1.42,0.221,0,0.8235,0.9512,0.335,-0.397,0.458,0.167,0.627,0.379,0.275,0.085,35,17,13,8,0.432,0.221,0.608,0.392,0.150,0.105,50,21,13,9
0.137,0.347,0.753,0.2,0.291,1,0.8032,0.9655,0.463,0.180,0.458,0.167,0.627,0.379,0.275,0.085,35,17,13,8,0.432,0.221,0.608,0.392,0.150,0.105,50,21,13,9
0.177,0.198,0.480,-1.14,0.131,0,0.7589,0.9684,0.529,0.987,0.458,0.167,0.627,0.379,0.275,0.085,35,17,13,8,0.432,0.221,0.608,0.392,0.150,0.105,50,21,13,9
0.166,0.223,0.463,1.37,0.298,0,0.6868,0.9621,0.660,-0.510,0.458,0.167,0.627,0.379,0.275,0.085,35,17,13,8,0.432,0.221,0.608,0.392,0.150,0.105,50,21,13,9
