0.106,0.065,0.447,1.42,0.221,0,0.0099,0.3038,0.649,-0.397,0.219,0.133,0.096,0.025,0.000,0.000,17,6,0,0,0.210,0.147,0.114,0.027,0.010,0.008,17,6,5,4
0.111,0.115,0.416,3.14,0.186,0,0.0039,0.1878,0.116,-0.486,0.219,0.133,0.096,0.025,0.000,0.000,17,6,0,0,0.210,0.147,0.114,0.027,0.010,0.008,17,6,5,4
0.115,0.111,0.381,-0.79,0.151,-1,0.0035,0.1103,0.207,0.736,0.219,0.133,0.096,0.025,0.000,0.000,17,6,0,0,0.210,0.147,0.114,0.027,0.010,0.008,17,6,5,4
0.088,0.140,0.319,2.53,0.140,0,0.0059,0.0610,0.064,-0.121,0.219,0.133,0.096,0.025,0.000,0.000,17,6,0,0,0.210,0.147,0.114,0.027,0.010,0.008,17,6,5,4
0.086,0.098,0.207,1.99,0.186,0,0.0091,0.0317,0.045,-0.326,0.219,0.133,0.096,0.025,0.000,0.000,17,6,0,0,0.210,0.147,0.114,0.027,0.010,0.008,17,6,5,4
0.077,0.118,0.089,1.99,0.186,0,0.0120,0.0156,0.060,-0.326,0.219,0.133,0.096,0.025,0.000,0.000,17,6,0,0,0.210,0.147,0.114,0.027,0.010,0.008,17,6,5,4
0.078,0.131,0.116,2.53,0.140,0,0.0137,0.0078,0.039,-0.121,0.219,0.133,0.096,0.025,0.000,0.000,17,6,0,0,0.210,0.147,0.114,0.027,0.010,0.008,17,6,5,4
0.083,0.138,0.150,-0.08,0.108,0,0.0144,0.0046,0.048,0.059,0.219,0.133,0.096,0.025,0.000,0.000,17,6,0,0,0.210,0.147,0.114,0.027,0.010,0.008,17,6,5,4
0.091,0.105,0.033,3.14,0.186,0,0.0141,0.0036,0.024,-0.486,0.219,0.133,0.096,0.025,0.000,0.000,17,6,0,0,0.210,0.147,0.114,0.027,0.010,0.008,17,6,5,4
0.100,0.082,0.165,2.1,0.128,0,0.0134,0.0032,0.034,0.02,0.219,0.133,0.096,0.025,0.000,0.000,17,6,0,0,0.210,0.147,0.114,0.027,0.010,0.008,17,6,5,4
0.100,0.101,0.053,1.99,0.186,0,0.0158,0.0053,0.035,-0.326,0.219,0.133,0.096,0.025,0.000,0.000,17,6,0,0,0.210,0.147,0.114,0.027,0.010,0.008,17,6,5,4
0.093,0.109,0.017,0.85,0.046,0,0.0154,0.0029,0.046,0.06,0.219,0.133,0.096,0.025,0.000,0.000,17,6,0,0,0.210,0.147,0.114,0.027,0.010,0.008,17,6,5,4
0.095,0.155,0.004,2.53,0.140,0,0.0187,0.0015,0.049,-0.121,0.219,0.133,0.096,0.025,0.000,0.000,17,6,0,0,0.210,0.147,0.114,0.027,0.010,0.008,17,6,5,4
0.095,0.163,0.006,1.69,0.290,0,0.0178,0.0013,0.070,-0.697,0.219,0.133,0.096,0.025,0.000,0.000,17,6,0,0,0.210,0.147,0.114,0.027,0.010,0.008,17,6,5,4
0.100,0.185,0.062,-1.14,0.131,0,0.0209,0.0008,0.187,0.987,0.219,0.133,0.096,0.025,0.000,0.000,17,6,0,0,0.210,0.147,0.114,0.027,0.010,0.008,17,6,5,4
0.103,0.232,0.163,1.37,0.298,0,0.0308,0.0032,0.223,-0.510,0.219,0.133,0.096,0.025,0.000,0.000,17,6,0,0,0.210,0.147,0.114,0.027,0.010,0.008,17,6,5,4
0.087,0.186,0.497,-0.42,0.180,0,0.0440,0.0064,0.387,0.318,0.219,0.133,0.096,0.025,0.000,0.000,17,6,0,0,0.210,0.147,0.114,0.027,0.010,0.008,17,6,5,4
0.087,0.172,0.424,0,0.000,0,0.0646,0.0133,0.295,0.166,0.219,0.133,0.096,0.025,0.000,0.000,17,6,0,0,0.210,0.147,0.114,0.027,0.010,0.008,17,6,5,4
0.077,0.232,0.497,-0.52,0.062,0,0.0813,0.0174,0.143,0.341,0.219,0.133,0.096,0.025,0.000,0.000,17,6,0,0,0.210,0.147,0.114,0.027,0.010,0.008,17,6,5,4
0.076,0.171,0.426,-0.52,0.062,0,0.0965,0.0203,0.133,0.341,0.219,0.133,0.096,0.025,0.000,0.000,17,6,0,0,0.210,0.147,0.114,0.027,0.010,0.008,17,6,5,4
0.065,0.120,0.171,3.14,0.186,0,0.1175,0.0278,0.070,-0.486,0.219,0.133,0.096,0.025,0.000,0.000,17,6,0,0,0.210,0.147,0.114,0.027,0.010,0.008,17,6,5,4
0.053,0.122,0.038,3.14,0.186,0,0.1398,0.0375,0.079,-0.486,0.219,0.133,0.096,0.025,0.000,0.000,17,6,0,0,0.210,0.147,0.114,0.027,0.010,0.008,17,6,5,4
0.053,0.152,0.045,1.99,0.186,0,0.1635,0.0504,0.063,-0.326,0.219,0.133,0.096,0.025,0.000,0.000,17,6,0,0,0.210,0.147,0.114,0.027,0.010,0.008,17,6,5,4
0.053,0.168,0.050,-0.79,0.151,-1,0.1889,0.0658,0.306,0.736,0.219,0.133,0.096,0.025,0.000,0.000,17,6,0,0,0.210,0.147,0.114,0.027,0.010,0.008,17,6,5,4
0.057,0.253,0.240,-0.52,0.062,0,0.2043,0.0770,0.200,0.341,0.219,0.133,0.096,0.025,0.000,0.000,17,6,0,0,0.210,0.147,0.114,0.027,0.010,0.008,17,6,5,4
0.057,0.213,0.185,0,0.000,0,0.2051,0.0775,0.243,0.166,0.219,0.133,0.096,0.025,0.000,0.000,17,6,0,0,0.210,0.147,0.114,0.027,0.010,0.008,17,6,5,4
0.067,0.257,0.471,-0.48,0.134,0,0.1977,0.0739,0.371,0.007,0.219,0.133,0.096,0.025,0.000,0.000,17,6,0,0,0.210,0.147,0.114,0.027,0.010,0.008,17,6,5,4
0.087,0.231,0.094,2.53,0.140,0,0.1905,0.0730,0.163,-0.121,0.219,0.133,0.096,0.025,0.000,0.000,17,6,0,0,0.210,0.147,0.114,0.027,0.010,0.008,17,6,5,4
0.085,0.247,0.148,-0.48,0.134,0,0.1944,0.0819,0.376,0.007,0.219,0.133,0.096,0.025,0.000,0.000,17,6,0,0,0.210,0.147,0.114,0.027,0.010,0.008,17,6,5,4
0.085,0.231,0.068,-1.1,0.105,-1,0.2063,0.0990,0.306,0.192,0.219,0.133,0.096,0.025,0.000,0.000,17,6,0,0,0.210,0.147,0.114,0.027,0.010,0.008,17,6,5,4
0.081,0.238,0.052,1.37,0.298,0,0.2166,0.1136,0.158,-0.510,0.219,0.133,0.096,0.025,0.000,0.000,17,6,0,0,0.210,0.147,0.114,0.027,0.010,0.008,17,6,5,4
0.083,0.174,0.113,-0.79,0.151,-1,0.2171,0.1224,0.295,0.736,0.219,0.133,0.096,0.025,0.000,0.000,17,6,0,0,0.210,0.147,0.114,0.027,0.010,0.008,17,6,5,4
0.081,0.202,0.100,2.53,0.140,0,0.2323,0.1415,0.125,-0.121,0.219,0.133,0.096,0.025,0.000,0.000,17,6,0,0,0.210,0.147,0.114,0.027,0.010,0.008,17,6,5,4
0.102,0.230,0.124,2.53,0.140,0,0.2448,0.1586,0.143,-0.121,0.219,0.133,0.096,0.025,0.000,0.000,17,6,0,0,0.210,0.147,0.114,0.027,0.010,0.008,17,6,5,4
0.128,0.293,0.205,1.37,0.298,0,0.2563,0.1746,0.147,-0.510,0.219,0.133,0.096,0.025,0.000,0.000,17,6,0,0,0.210,0.147,0.114,0.027,0.010,0.008,17,6,5,4
0.122,0.260,0.403,-1.14,0.131,0,0.2675,0.1888,0.220,0.987,0.219,0.133,0.096,0.025,0.000,0.000,17,6,0,0,0.210,0.147,0.114,0.027,0.010,0.008,17,6,5,4
0.120,0.296,0.485,0.2,0.291,1,0.2702,0.1961,0.399,0.180,0.219,0.133,0.096,0.025,0.000,0.000,17,6,0,0,0.210,0.147,0.114,0.027,0.010,0.008,17,6,5,4
0.137,0.298,0.678,-1.19,0.219,1,0.2538,0.1855,0.385,0.586,0.219,0.133,0.096,0.025,0.000,0.000,17,6,0,0,0.210,0.147,0.114,0.027,0.010,0.008,17,6,5,4
0.131,0.258,0.208,2.53,0.140,0,0.2458,0.1814,0.169,-0.121,0.219,0.133,0.096,0.025,0.000,0.000,17,6,0,0,0.210,0.147,0.114,0.027,0.010,0.008,17,6,5,4
0.188,0.221,0.501,-0.52,0.062,0,0.2371,0.1787,0.325,0.341,0.219,0.133,0.096,0.025,0.000,0.000,17,6,0,0,0.210,0.147,0.114,0.027,0.010,0.008,17,6,5,4
0.176,0.187,0.493,0.85,0.046,0,0.2502,0.1950,0.360,0.06,0.219,0.133,0.096,0.025,0.000,0.000,17,6,0,0,0.210,0.147,0.114,0.027,0.010,0.008,17,6,5,4
0.161,0.204,0.488,1.99,0.186,0,0.2734,0.2180,0.173,-0.326,0.219,0.133,0.096,0.025,0.000,0.000,17,6,0,0,0.210,0.147,0.114,0.027,0.010,0.008,17,6,5,4
0.188,0.174,0.546,-1.14,0.131,0,0.3034,0.2485,0.328,0.987,0.219,0.133,0.096,0.025,0.000,0.000,17,6,0,0,0.210,0.147,0.114,0.027,0.010,0.008,17,6,5,4
0.189,0.228,0.646,-1.19,0.219,1,0.3251,0.2710,0.536,0.586,0.219,0.133,0.096,0.025,0.000,0.000,17,6,0,0,0.210,0.147,0.114,0.027,0.010,0.008,17,6,5,4
0.196,0.208,0.572,0,0.000,0,0.3298,0.2776,0.365,0.166,0.219,0.133,0.096,0.025,0.000,0.000,17,6,0,0,0.210,0.147,0.114,0.027,0.010,0.008,17,6,5,4
0.211,0.202,0.326,0.85,0.046,0,0.3220,0.2742,0.353,0.06,0.219,0.133,0.096,0.025,0.000,0.000,17,6,0,0,0.210,0.147,0.114,0.027,0.010,0.008,17,6,5,4
0.198,0.172,0.266,2.53,0.140,0,0.3118,0.2696,0.260,-0.121,0.219,0.133,0.096,0.025,0.000,0.000,17,6,0,0,0.210,0.147,0.114,0.027,0.010,0.008,17,6,5,4
0.158,0.242,0.357,-0.42,0.180,0,0.3080,0.2712,0.316,0.318,0.219,0.133,0.096,0.025,0.000,0.000,17,6,0,0,0.210,0.147,0.114,0.027,0.010,0.008,17,6,5,4
0.106,0.231,0.157,-1.14,0.131,0,0.2976,0.2663,0.379,0.987,0.219,0.133,0.096,0.025,0.000,0.000,17,6,0,0,0.210,0.147,0.114,0.027,0.010,0.008,17,6,5,4
0.131,0.237,0.166,-1.19,0.219,1,0.2850,0.2560,0.475,0.586,0.219,0.133,0.096,0.025,0.000,0.000,17,6,0,0,0.210,0.147,0.114,0.027,0.010,0.008,17,6,5,4
0.125,0.233,0.135,1.37,0.298,0,0.2830,0.2521,0.165,-0.510,0.219,0.133,0.096,0.025,0.000,0.000,17,6,0,0,0.210,0.147,0.114,0.027,0.010,0.008,17,6,5,4
0.105,0.155,0.030,-0.79,0.151,-1,0.2858,0.2529,0.419,0.736,0.219,0.133,0.096,0.025,0.000,0.000,17,6,0,0,0.210,0.147,0.114,0.027,0.010,0.008,17,6,5,4
0.108,0.169,0.074,-1.1,0.105,-1,0.2950,0.2616,0.383,0.192,0.219,0.133,0.096,0.025,0.000,0.000,17,6,0,0,0.210,0.147,0.114,0.027,0.010,0.008,17,6,5,4
0.092,0.167,0.190,0.85,0.046,0,0.2973,0.2666,0.156,0.06,0.219,0.133,0.096,0.025,0.000,0.000,17,6,0,0,0.210,0.147,0.114,0.027,0.010,0.008,17,6,5,4
0.074,0.179,0.004,1.42,0.221,0,0.2955,0.2682,0.145,-0.397,0.219,0.133,0.096,0.025,0.000,0.000,17,6,0,0,0.210,0.147,0.114,0.027,0.010,0.008,17,6,5,4
0.072,0.218,0.319,-0.42,0.180,0,0.2783,0.2568,0.344,0.318,0.219,0.133,0.096,0.025,0.000,0.000,17,6,0,0,0.210,0.147,0.114,0.027,0.010,0.008,17,6,5,4
0.072,0.280,0.148,1.37,0.298,0,0.2571,0.2435,0.212,-0.510,0.219,0.133,0.096,0.025,0.000,0.000,17,6,0,0,0.210,0.147,0.114,0.027,0.010,0.008,17,6,5,4
0.071,0.258,0.391,-0.79,0.151,-1,0.2231,0.2206,0.230,0.736,0.219,0.133,0.096,0.025,0.000,0.000,17,6,0,0,0.210,0.147,0.114,0.027,0.010,0.008,17,6,5,4
0.080,0.305,0.103,1.69,0.290,0,0.2078,0.2142,0.090,-0.697,0.219,0.133,0.096,0.025,0.000,0.000,17,6,0,0,0.210,0.147,0.114,0.027,0.010,0.008,17,6,5,4
0.083,0.388,0.453,-1.19,0.219,1,0.1893,0.2028,0.393,0.586,0.219,0.133,0.096,0.025,0.000,0.000,17,6,0,0,0.210,0.147,0.114,0.027,0.010,0.008,17,6,5,4
0.053,0.350,0.200,2.53,0.140,0,0.1892,0.2057,0.180,-0.121,0.219,0.133,0.096,0.025,0.000,0.000,17,6,0,0,0.210,0.147,0.114,0.027,0.010,0.008,17,6,5,4
0.076,0.420,0.349,-0.48,0.134,0,0.1844,0.2044,0.373,0.007,0.219,0.133,0.096,0.025,0.000,0.000,17,6,0,0,0.210,0.147,0.114,0.027,0.010,0.008,17,6,5,4
0.079,0.840,0.247,0,0.000,0,0.1834,0.2059,0.221,0.166,0.219,0.133,0.096,0.025,0.000,0.000,17,6,0,0,0.210,0.147,0.114,0.027,0.010,0.008,17,6,5,4
0.102,0.312,0.210,-0.79,0.151,-1,0.1801,0.2058,0.380,0.736,0.219,0.133,0.096,0.025,0.000,0.000,17,6,0,0,0.210,0.147,0.114,0.027,0.010,0.008,17,6,5,4
0.104,0.316,0.159,0.85,0.046,0,0.1753,0.2050,0.102,0.06,0.219,0.133,0.096,0.025,0.000,0.000,17,6,0,0,0.210,0.147,0.114,0.027,0.010,0.008,17,6,5,4
0.099,0.314,0.199,2.53,0.140,0,0.1736,0.2101,0.038,-0.121,0.219,0.133,0.096,0.025,0.000,0.000,17,6,0,0,0.210,0.147,0.114,0.027,0.010,0.008,17,6,5,4
0.084,0.271,0.301,2.53,0.140,0,0.1755,0.2195,0.089,-0.121,0.219,0.133,0.096,0.025,0.000,0.000,17,6,0,0,0.210,0.147,0.114,0.027,0.010,0.008,17,6,5,4
0.099,0.309,0.032,1.99,0.186,0,0.1870,0.2355,0.096,-0.326,0.219,0.133,0.096,0.025,0.000,0.000,17,6,0,0,0.210,0.147,0.114,0.027,0.010,0.008,17,6,5,4
0.099,0.311,0.474,0.22,0.230,0,0.1990,0.2503,0.088,0.303,0.219,0.133,0.096,0.025,0.000,0.000,17,6,0,0,0.210,0.147,0.114,0.027,0.010,0.008,17,6,5,4
0.116,0.305,0.174,1.99,0.186,0,0.2180,0.2682,0.037,-0.326,0.219,0.133,0.096,0.025,0.000,0.000,17,6,0,0,0.210,0.147,0.114,0.027,0.010,0.008,17,6,5,4
0.083,0.262,0.496,-0.79,0.151,-1,0.2326,0.2816,0.262,0.736,0.219,0.133,0.096,0.025,0.000,0.000,17,6,0,0,0.210,0.147,0.114,0.027,0.010,0.008,17,6,5,4
0.087,0.377,0.553,-1.19,0.219,1,0.2454,0.2926,0.457,0.586,0.219,0.133,0.096,0.025,0.000,0.000,17,6,0,0,0.210,0.147,0.114,0.027,0.010,0.008,17,6,5,4
0.084,0.369,0.477,-0.48,0.134,0,0.2532,0.2990,0.354,0.007,0.219,0.133,0.096,0.025,0.000,0.000,17,6,0,0,0.210,0.147,0.114,0.027,0.010,0.008,17,6,5,4
0.078,0.410,0.385,-1.19,0.219,1,0.2612,0.3060,0.429,0.586,0.219,0.133,0.096,0.025,0.000,0.000,17,6,0,0,0.210,0.147,0.114,0.027,0.010,0.008,17,6,5,4
0.103,0.334,0.267,0,0.000,0,0.2742,0.3146,0.379,0.166,0.219,0.133,0.096,0.025,0.000,0.000,17,6,0,0,0.210,0.147,0.114,0.027,0.010,0.008,17,6,5,4
0.092,0.275,0.121,1.99,0.186,0,0.2929,0.3270,0.165,-0.326,0.219,0.133,0.096,0.025,0.000,0.000,17,6,0,0,0.210,0.147,0.114,0.027,0.010,0.008,17,6,5,4
0.096,0.267,0.166,1.69,0.290,0,0.3225,0.3501,0.129,-0.697,0.219,0.133,0.096,0.025,0.000,0.000,17,6,0,0,0.210,0.147,0.114,0.027,0.010,0.008,17,6,5,4
0.092,0.243,0.246,-0.52,0.062,0,0.3665,0.3839,0.244,0.341,0.219,0.133,0.096,0.025,0.000,0.000,17,6,0,0,0.210,0.147,0.114,0.027,0.010,0.008,17,6,5,4
0.089,0.219,0.181,-0.79,0.151,-1,0.4177,0.4209,0.449,0.736,0.219,0.133,0.096,0.025,0.000,0.000,17,6,0,0,0.210,0.147,0.114,0.027,0.010,0.008,17,6,5,4
0.084,0.203,0.241,-1.1,0.105,-1,0.4389,0.4376,0.362,0.192,0.219,0.133,0.096,0.025,0.000,0.000,17,6,0,0,0.210,0.147,0.114,0.027,0.010,0.008,17,6,5,4
0.088,0.247,0.105,1.37,0.298,0,0.4623,0.4559,0.169,-0.510,0.219,0.133,0.096,0.025,0.000,0.000,17,6,0,0,0.210,0.147,0.114,0.027,0.010,0.008,17,6,5,4
0.088,0.233,0.271,-0.52,0.062,0,0.4768,0.4655,0.288,0.341,0.219,0.133,0.096,0.025,0.000,0.000,17,6,0,0,0.210,0.147,0.114,0.027,0.010,0.008,17,6,5,4
0.069,0.209,0.234,-0.79,0.151,-1,0.4880,0.4709,0.370,0.736,0.219,0.133,0.096,0.025,0.000,0.000,17,6,0,0,0.210,0.147,0.114,0.027,0.010,0.008,17,6,5,4
0.077,0.208,0.353,-0.08,0.108,0,0.4767,0.4619,0.306,0.059,0.219,0.133,0.096,0.025,0.000,0.000,17,6,0,0,0.210,0.147,0.114,0.027,0.010,0.008,17,6,5,4
0.058,0.248,0.460,0.22,0.230,0,0.4634,0.4523,0.288,0.303,0.219,0.133,0.096,0.025,0.000,0.000,17,6,0,0,0.210,0.147,0.114,0.027,0.010,0.008,17,6,5,4
0.051,0.234,0.588,1.37,0.298,0,0.4688,0.4568,0.213,-0.510,0.219,0.133,0.096,0.025,0.000,0.000,17,6,0,0,0.210,0.147,0.114,0.027,0.010,0.008,17,6,5,4
0.048,0.194,0.379,-0.52,0.062,0,0.4933,0.4743,0.209,0.341,0.219,0.133,0.096,0.025,0.000,0.000,17,6,0,0,0.210,0.147,0.114,0.027,0.010,0.008,17,6,5,4
0.063,0.152,0.353,-1.14,0.131,0,0.5274,0.4982,0.393,0.987,0.219,0.133,0.096,0.025,0.000,0.000,17,6,0,0,0.210,0.147,0.114,0.027,0.010,0.008,17,6,5,4
0.060,0.192,0.218,-1.1,0.105,-1,0.5480,0.5109,0.535,0.192,0.219,0.133,0.096,0.025,0.000,0.000,17,6,0,0,0.210,0.147,0.114,0.027,0.010,0.008,17,6,5,4
0.060,0.161,0.197,0,0.000,0,0.5561,0.5145,0.272,0.166,0.219,0.133,0.096,0.025,0.000,0.000,17,6,0,0,0.210,0.147,0.114,0.027,0.010,0.008,17,6,5,4
0.060,0.212,0.381,0.2,0.291,1,0.5514,0.5097,0.407,0.180,0.219,0.133,0.096,0.025,0.000,0.000,17,6,0,0,0.210,0.147,0.114,0.027,0.010,0.008,17,6,5,4
0.072,0.166,0.107,-0.79,0.151,-1,0.5316,0.4947,0.365,0.736,0.219,0.133,0.096,0.025,0.000,0.000,17,6,0,0,0.210,0.147,0.114,0.027,0.010,0.008,17,6,5,4
0.071,0.199,0.276,3.14,0.186,0,0.5038,0.4730,0.114,-0.486,0.219,0.133,0.096,0.025,0.000,0.000,17,6,0,0,0.210,0.147,0.114,0.027,0.010,0.008,17,6,5,4
0.078,0.228,0.423,-0.08,0.108,0,0.4636,0.4417,0.242,0.059,0.219,0.133,0.096,0.025,0.000,0.000,17,6,0,0,0.210,0.147,0.114,0.027,0.010,0.008,17,6,5,4
0.073,0.274,0.379,-0.08,0.108,0,0.4238,0.4111,0.283,0.059,0.219,0.133,0.096,0.025,0.000,0.000,17,6,0,0,0.210,0.147,0.114,0.027,0.010,0.008,17,6,5,4
0.073,0.276,0.418,1.37,0.298,0,0.3934,0.3882,0.137,-0.510,0.219,0.133,0.096,0.025,0.000,0.000,17,6,0,0,0.210,0.147,0.114,0.027,0.010,0.008,17,6,5,4
0.084,0.181,0.137,-1.14,0.131,0,0.3681,0.3653,0.278,0.987,0.219,0.133,0.096,0.025,0.000,0.000,17,6,0,0,0.210,0.147,0.114,0.027,0.010,0.008,17,6,5,4
0.083,0.199,0.227,-0.52,0.062,0,0.3413,0.3424,0.243,0.341,0.219,0.133,0.096,0.025,0.000,0.000,17,6,0,0,0.210,0.147,0.114,0.027,0.010,0.008,17,6,5,4
0.085,0.125,0.188,2.53,0.140,0,0.3242,0.3249,0.137,-0.121,0.219,0.133,0.096,0.025,0.000,0.000,17,6,0,0,0.210,0.147,0.114,0.027,0.010,0.008,17,6,5,4
0.095,0.165,0.175,-0.79,0.151,-1,0.3183,0.3145,0.401,0.736,0.219,0.133,0.096,0.025,0.000,0.000,17,6,0,0,0.210,0.147,0.114,0.027,0.010,0.008,17,6,5,4
0.078,0.166,0.194,-1.1,0.105,-1,0.3355,0.3205,0.277,0.192,0.219,0.133,0.096,0.025,0.000,0.000,17,6,0,0,0.210,0.147,0.114,0.027,0.010,0.008,17,6,5,4
0.072,0.156,0.407,0.22,0.230,0,0.3377,0.3166,0.143,0.303,0.219,0.133,0.096,0.025,0.000,0.000,17,6,0,0,0.210,0.147,0.114,0.027,0.010,0.008,17,6,5,4
0.090,0.130,0.378,2.1,0.128,0,0.3370,0.3115,0.069,0.02,0.219,0.133,0.096,0.025,0.000,0.000,17,6,0,0,0.210,0.147,0.114,0.027,0.010,0.008,17,6,5,4
0.088,0.272,0.501,1.37,0.298,0,0.3477,0.3176,0.165,-0.510,0.219,0.133,0.096,0.025,0.000,0.000,17,6,0,0,0.210,0.147,0.114,0.027,0.010,0.008,17,6,5,4
0.098,0.286,0.396,1.37,0.298,0,0.3713,0.3322,0.132,-0.510,0.219,0.133,0.096,0.025,0.000,0.000,17,6,0,0,0.210,0.147,0.114,0.027,0.010,0.008,17,6,5,4
0.098,0.308,0.582,0.22,0.230,0,0.3906,0.3418,0.153,0.303,0.219,0.133,0.096,0.025,0.000,0.000,17,6,0,0,0.210,0.147,0.114,0.027,0.010,0.008,17,6,5,4
0.110,0.841,0.460,0,0.000,0,0.3955,0.3398,0.135,0.166,0.219,0.133,0.096,0.025,0.000,0.000,17,6,0,0,0.210,0.147,0.114,0.027,0.010,0.008,17,6,5,4
0.121,0.304,0.637,0.2,0.291,1,0.3776,0.3202,0.229,0.180,0.219,0.133,0.096,0.025,0.000,0.000,17,6,0,0,0.210,0.147,0.114,0.027,0.010,0.008,17,6,5,4
0.113,0.248,0.303,3.14,0.186,0,0.3530,0.2936,0.095,-0.486,0.219,0.133,0.096,0.025,0.000,0.000,17,6,0,0,0.210,0.147,0.114,0.027,0.010,0.008,17,6,5,4
0.118,0.271,0.423,0.22,0.230,0,0.3301,0.2687,0.179,0.303,0.219,0.133,0.096,0.025,0.000,0.000,17,6,0,0,0.210,0.147,0.114,0.027,0.010,0.008,17,6,5,4
0.146,0.223,0.425,-0.48,0.134,0,0.3234,0.2569,0.275,0.007,0.219,0.133,0.096,0.025,0.000,0.000,17,6,0,0,0.210,0.147,0.114,0.027,0.010,0.008,17,6,5,4
0.156,0.196,0.310,-1.1,0.105,-1,0.3146,0.2447,0.304,0.192,0.219,0.133,0.096,0.025,0.000,0.000,17,6,0,0,0.210,0.147,0.114,0.027,0.010,0.008,17,6,5,4
0.140,0.173,0.168,0.85,0.046,0,0.3237,0.2488,0.337,0.06,0.219,0.133,0.096,0.025,0.000,0.000,17,6,0,0,0.210,0.147,0.114,0.027,0.010,0.008,17,6,5,4
0.139,0.234,0.326,-1.1,0.105,-1,0.3321,0.2535,0.391,0.192,0.219,0.133,0.096,0.025,0.000,0.000,17,6,0,0,0.210,0.147,0.114,0.027,0.010,0.008,17,6,5,4
0.154,0.286,0.422,-0.52,0.062,0,0.3454,0.2617,0.186,0.341,0.219,0.133,0.096,0.025,0.000,0.000,17,6,0,0,0.210,0.147,0.114,0.027,0.010,0.008,17,6,5,4
0.209,0.275,0.434,-0.08,0.108,0,0.3553,0.2659,0.280,0.059,0.219,0.133,0.096,0.025,0.000,0.000,17,6,0,0,0.210,0.147,0.114,0.027,0.010,0.008,17,6,5,4
0.200,0.268,0.330,0.85,0.046,0,0.3493,0.2587,0.167,0.06,0.219,0.133,0.096,0.025,0.000,0.000,17,6,0,0,0.210,0.147,0.114,0.027,0.010,0.008,17,6,5,4
0.177,0.288,0.520,-0.52,0.062,0,0.3401,0.2508,0.157,0.341,0.219,0.133,0.096,0.025,0.000,0.000,17,6,0,0,0.210,0.147,0.114,0.027,0.010,0.008,17,6,5,4
0.142,0.238,0.211,3.14,0.186,0,0.3287,0.2407,0.090,-0.486,0.219,0.133,0.096,0.025,0.000,0.000,17,6,0,0,0.210,0.147,0.114,0.027,0.010,0.008,17,6,5,4
0.178,0.260,0.476,-0.52,0.062,0,0.3057,0.2214,0.222,0.341,0.219,0.133,0.096,0.025,0.000,0.000,17,6,0,0,0.210,0.147,0.114,0.027,0.010,0.008,17,6,5,4
0.166,0.177,0.380,0.85,0.046,0,0.2785,0.2007,0.150,0.06,0.219,0.133,0.096,0.025,0.000,0.000,17,6,0,0,0.210,0.147,0.114,0.027,0.010,0.008,17,6,5,4
0.188,0.220,0.394,2.1,0.128,0,0.2482,0.1804,0.101,0.02,0.219,0.133,0.096,0.025,0.000,0.000,17,6,0,0,0.210,0.147,0.114,0.027,0.010,0.008,17,6,5,4
0.199,0.200,0.427,-1.1,0.105,-1,0.2329,0.1747,0.337,0.192,0.219,0.133,0.096,0.025,0.000,0.000,17,6,0,0,0.210,0.147,0.114,0.027,0.010,0.008,17,6,5,4
0.164,0.269,0.299,0,0.000,0,0.2210,0.1718,0.236,0.166,0.219,0.133,0.096,0.025,0.000,0.000,17,6,0,0,0.210,0.147,0.114,0.027,0.010,0.008,17,6,5,4
0.162,0.275,0.204,1.99,0.186,0,0.2171,0.1751,0.107,-0.326,0.219,0.133,0.096,0.025,0.000,0.000,17,6,0,0,0.210,0.147,0.114,0.027,0.010,0.008,17,6,5,4
0.138,0.343,0.545,-1.19,0.219,1,0.2138,0.1801,0.363,0.586,0.219,0.133,0.096,0.025,0.000,0.000,17,6,0,0,0.210,0.147,0.114,0.027,0.010,0.008,17,6,5,4
0.139,0.297,0.482,0,0.000,0,0.2094,0.1827,0.206,0.166,0.219,0.133,0.096,0.025,0.000,0.000,17,6,0,0,0.210,0.147,0.114,0.027,0.010,0.008,17,6,5,4
0.135,0.372,0.373,1.37,0.298,0,0.2028,0.1822,0.150,-0.510,0.219,0.133,0.096,0.025,0.000,0.000,17,6,0,0,0.210,0.147,0.114,0.027,0.010,0.008,17,6,5,4
0.105,0.269,0.222,1.69,0.290,0,0.2045,0.1868,0.072,-0.697,0.219,0.133,0.096,0.025,0.000,0.000,17,6,0,0,0.210,0.147,0.114,0.027,0.010,0.008,17,6,5,4
0.103,0.310,0.458,-1.19,0.219,1,0.2082,0.1951,0.388,0.586,0.219,0.133,0.096,0.025,0.000,0.000,17,6,0,0,0.210,0.147,0.114,0.027,0.010,0.008,17,6,5,4
0.097,0.228,0.204,1.99,0.186,0,0.2192,0.2113,0.165,-0.326,0.219,0.133,0.096,0.025,0.000,0.000,17,6,0,0,0.210,0.147,0.114,0.027,0.010,0.008,17,6,5,4
0.078,0.245,0.194,-0.42,0.180,0,0.2264,0.2245,0.395,0.318,0.219,0.133,0.096,0.025,0.000,0.000,17,6,0,0,0.210,0.147,0.114,0.027,0.010,0.008,17,6,5,4
0.075,0.175,0.217,0,0.000,0,0.2429,0.2469,0.421,0.166,0.219,0.133,0.096,0.025,0.000,0.000,17,6,0,0,0.210,0.147,0.114,0.027,0.010,0.008,17,6,5,4
0.083,0.166,0.112,-0.79,0.151,-1,0.2627,0.2672,0.425,0.736,0.219,0.133,0.096,0.025,0.000,0.000,17,6,0,0,0.210,0.147,0.114,0.027,0.010,0.008,17,6,5,4
0.078,0.212,0.220,-0.08,0.108,0,0.2808,0.2871,0.437,0.059,0.219,0.133,0.096,0.025,0.000,0.000,17,6,0,0,0.210,0.147,0.114,0.027,0.010,0.008,17,6,5,4
0.082,0.243,0.423,1.37,0.298,0,0.3116,0.3192,0.164,-0.510,0.219,0.133,0.096,0.025,0.000,0.000,17,6,0,0,0.210,0.147,0.114,0.027,0.010,0.008,17,6,5,4
0.053,0.122,0.259,-1.14,0.131,0,0.3413,0.3499,0.303,0.987,0.219,0.133,0.096,0.025,0.000,0.000,17,6,0,0,0.210,0.147,0.114,0.027,0.010,0.008,17,6,5,4
0.052,0.126,0.234,3.14,0.186,0,0.3714,0.3810,0.143,-0.486,0.219,0.133,0.096,0.025,0.000,0.000,17,6,0,0,0.210,0.147,0.114,0.027,0.010,0.008,17,6,5,4
0.063,0.129,0.310,-0.79,0.151,-1,0.3952,0.4060,0.417,0.736,0.219,0.133,0.096,0.025,0.000,0.000,17,6,0,0,0.210,0.147,0.114,0.027,0.010,0.008,17,6,5,4
0.078,0.122,0.304,-1.14,0.131,0,0.4016,0.4153,0.312,0.987,0.219,0.133,0.096,0.025,0.000,0.000,17,6,0,0,0.210,0.147,0.114,0.027,0.010,0.008,17,6,5,4
0.062,0.127,0.175,1.99,0.186,0,0.3974,0.4161,0.218,-0.326,0.219,0.133,0.096,0.025,0.000,0.000,17,6,0,0,0.210,0.147,0.114,0.027,0.010,0.008,17,6,5,4
0.051,0.128,0.228,-0.79,0.151,-1,0.3793,0.4054,0.415,0.736,0.219,0.133,0.096,0.025,0.000,0.000,17,6,0,0,0.210,0.147,0.114,0.027,0.010,0.008,17,6,5,4
0.066,0.131,0.241,1.99,0.186,0,0.3587,0.3907,0.166,-0.326,0.219,0.133,0.096,0.025,0.000,0.000,17,6,0,0,0.210,0.147,0.114,0.027,0.010,0.008,17,6,5,4
0.058,0.157,0.360,-0.52,0.062,0,0.3316,0.3698,0.318,0.341,0.219,0.133,0.096,0.025,0.000,0.000,17,6,0,0,0.210,0.147,0.114,0.027,0.010,0.008,17,6,5,4
0.058,0.150,0.216,-1.1,0.105,-1,0.3184,0.3592,0.399,0.192,0.219,0.133,0.096,0.025,0.000,0.000,17,6,0,0,0.210,0.147,0.114,0.027,0.010,0.008,17,6,5,4
0.051,0.166,0.352,-0.52,0.062,0,0.3039,0.3437,0.400,0.341,0.219,0.133,0.096,0.025,0.000,0.000,17,6,0,0,0.210,0.147,0.114,0.027,0.010,0.008,17,6,5,4
0.057,0.147,0.261,-0.79,0.151,-1,0.2955,0.3330,0.351,0.736,0.219,0.133,0.096,0.025,0.000,0.000,17,6,0,0,0.210,0.147,0.114,0.027,0.010,0.008,17,6,5,4
0.048,0.155,0.238,0.85,0.046,0,0.3086,0.3400,0.125,0.06,0.219,0.133,0.096,0.025,0.000,0.000,17,6,0,0,0.210,0.147,0.114,0.027,0.010,0.008,17,6,5,4
0.063,0.226,0.613,0.22,0.230,0,0.3413,0.3624,0.196,0.303,0.219,0.133,0.096,0.025,0.000,0.000,17,6,0,0,0.210,0.147,0.114,0.027,0.010,0.008,17,6,5,4
0.063,0.108,0.348,0.85,0.046,0,0.3743,0.3866,0.126,0.06,0.219,0.133,0.096,0.025,0.000,0.000,17,6,0,0,0.210,0.147,0.114,0.027,0.010,0.008,17,6,5,4
0.063,0.152,0.259,2.53,0.140,0,0.4092,0.4150,0.136,-0.121,0.219,0.133,0.096,0.025,0.000,0.000,17,6,0,0,0.210,0.147,0.114,0.027,0.010,0.008,17,6,5,4
0.051,0.194,0.575,1.69,0.290,0,0.4384,0.4361,0.094,-0.697,0.219,0.133,0.096,0.025,0.000,0.000,17,6,0,0,0.210,0.147,0.114,0.027,0.010,0.008,17,6,5,4
0.064,0.232,0.708,-1.19,0.219,1,0.4514,0.4458,0.348,0.586,0.219,0.133,0.096,0.025,0.000,0.000,17,6,0,0,0.210,0.147,0.114,0.027,0.010,0.008,17,6,5,4
0.061,0.242,0.415,1.37,0.298,0,0.4491,0.4438,0.153,-0.510,0.219,0.133,0.096,0.025,0.000,0.000,17,6,0,0,0.210,0.147,0.114,0.027,0.010,0.008,17,6,5,4
0.073,0.278,0.279,-0.79,0.151,-1,0.4356,0.4360,0.377,0.736,0.219,0.133,0.096,0.025,0.000,0.000,17,6,0,0,0.210,0.147,0.114,0.027,0.010,0.008,17,6,5,4
0.079,0.261,0.336,-0.48,0.134,0,0.4166,0.4248,0.424,0.007,0.219,0.133,0.096,0.025,0.000,0.000,17,6,0,0,0.210,0.147,0.114,0.027,0.010,0.008,17,6,5,4
0.077,0.212,0.114,2.53,0.140,0,0.3871,0.4047,0.201,-0.121,0.219,0.133,0.096,0.025,0.000,0.000,17,6,0,0,0.210,0.147,0.114,0.027,0.010,0.008,17,6,5,4
0.097,0.212,0.037,-0.79,0.151,-1,0.3637,0.3879,0.455,0.736,0.219,0.133,0.096,0.025,0.000,0.000,17,6,0,0,0.210,0.147,0.114,0.027,0.010,0.008,17,6,5,4
0.097,0.164,0.145,-1.19,0.219,1,0.3474,0.3757,0.463,0.586,0.219,0.133,0.096,0.025,0.000,0.000,17,6,0,0,0.210,0.147,0.114,0.027,0.010,0.008,17,6,5,4
0.086,0.164,0.019,-0.79,0.151,-1,0.3338,0.3659,0.470,0.736,0.219,0.133,0.096,0.025,0.000,0.000,17,6,0,0,0.210,0.147,0.114,0.027,0.010,0.008,17,6,5,4
0.082,0.152,0.014,-1.1,0.105,-1,0.3494,0.3783,0.464,0.192,0.219,0.133,0.096,0.025,0.000,0.000,17,6,0,0,0.210,0.147,0.114,0.027,0.010,0.008,17,6,5,4
0.069,0.146,0.088,-0.79,0.151,-1,0.3767,0.3978,0.493,0.736,0.219,0.133,0.096,0.025,0.000,0.000,17,6,0,0,0.210,0.147,0.114,0.027,0.010,0.008,17,6,5,4
0.057,0.173,0.165,0.85,0.046,0,0.4245,0.4328,0.231,0.06,0.219,0.133,0.096,0.025,0.000,0.000,17,6,0,0,0.210,0.147,0.114,0.027,0.010,0.008,17,6,5,4
0.037,0.211,0.322,-1.14,0.131,0,0.4704,0.4657,0.305,0.987,0.219,0.133,0.096,0.025,0.000,0.000,17,6,0,0,0.210,0.147,0.114,0.027,0.010,0.008,17,6,5,4
0.044,0.262,0.624,-1.19,0.219,1,0.5093,0.4940,0.492,0.586,0.219,0.133,0.096,0.025,0.000,0.000,17,6,0,0,0.210,0.147,0.114,0.027,0.010,0.008,17,6,5,4
0.052,0.202,0.558,1.42,0.221,0,0.5249,0.5047,0.162,-0.397,0.219,0.133,0.096,0.025,0.000,0.000,17,6,0,0,0.210,0.147,0.114,0.027,0.010,0.008,17,6,5,4
0.050,0.256,0.590,2.1,0.128,0,0.5322,0.5098,0.123,0.02,0.219,0.133,0.096,0.025,0.000,0.000,17,6,0,0,0.210,0.147,0.114,0.027,0.010,0.008,17,6,5,4
0.053,0.240,0.462,0,0.000,0,0.5301,0.5068,0.275,0.166,0.219,0.133,0.096,0.025,0.000,0.000,17,6,0,0,0.210,0.147,0.114,0.027,0.010,0.008,17,6,5,4
0.064,0.181,0.414,2.53,0.140,0,0.5259,0.5026,0.119,-0.121,0.219,0.133,0.096,0.025,0.000,0.000,17,6,0,0,0.210,0.147,0.114,0.027,0.010,0.008,17,6,5,4
0.064,0.213,0.453,-0.08,0.108,0,0.5090,0.4891,0.204,0.059,0.219,0.133,0.096,0.025,0.000,0.000,17,6,0,0,0.210,0.147,0.114,0.027,0.010,0.008,17,6,5,4
0.099,0.223,0.416,-0.42,0.180,0,0.4820,0.4674,0.320,0.318,0.219,0.133,0.096,0.025,0.000,0.000,17,6,0,0,0.210,0.147,0.114,0.027,0.010,0.008,17,6,5,4
0.104,0.225,0.367,-0.48,0.134,0,0.4383,0.4304,0.333,0.007,0.219,0.133,0.096,0.025,0.000,0.000,17,6,0,0,0.210,0.147,0.114,0.027,0.010,0.008,17,6,5,4
0.134,0.241,0.316,1.76,0.409,0,0.3944,0.3938,0.198,-0.884,0.219,0.133,0.096,0.025,0.000,0.000,17,6,0,0,0.210,0.147,0.114,0.027,0.010,0.008,17,6,5,4
0.129,0.150,0.060,-0.79,0.151,-1,0.3600,0.3634,0.452,0.736,0.219,0.133,0.096,0.025,0.000,0.000,17,6,0,0,0.210,0.147,0.114,0.027,0.010,0.008,17,6,5,4
0.134,0.160,0.213,-0.52,0.062,0,0.3327,0.3373,0.310,0.341,0.219,0.133,0.096,0.025,0.000,0.000,17,6,0,0,0.210,0.147,0.114,0.027,0.010,0.008,17,6,5,4
0.096,0.118,0.215,-1.1,0.105,-1,0.3224,0.3229,0.413,0.192,0.219,0.133,0.096,0.025,0.000,0.000,17,6,0,0,0.210,0.147,0.114,0.027,0.010,0.008,17,6,5,4
0.092,0.101,0.054,-0.79,0.151,-1,0.3275,0.3187,0.483,0.736,0.219,0.133,0.096,0.025,0.000,0.000,17,6,0,0,0.210,0.147,0.114,0.027,0.010,0.008,17,6,5,4
0.085,0.116,0.318,-0.52,0.062,0,0.3306,0.3146,0.241,0.341,0.219,0.133,0.096,0.025,0.000,0.000,17,6,0,0,0.210,0.147,0.114,0.027,0.010,0.008,17,6,5,4
0.079,0.133,0.326,3.14,0.186,0,0.3442,0.3199,0.091,-0.486,0.219,0.133,0.096,0.025,0.000,0.000,17,6,0,0,0.210,0.147,0.114,0.027,0.010,0.008,17,6,5,4
0.064,0.181,0.467,-1.19,0.219,1,0.3673,0.3326,0.429,0.586,0.219,0.133,0.096,0.025,0.000,0.000,17,6,0,0,0.210,0.147,0.114,0.027,0.010,0.008,17,6,5,4
0.065,0.210,0.318,-1.19,0.219,1,0.4040,0.3598,0.420,0.586,0.219,0.133,0.096,0.025,0.000,0.000,17,6,0,0,0.210,0.147,0.114,0.027,0.010,0.008,17,6,5,4
0.065,0.201,0.328,0.85,0.046,0,0.4322,0.3823,0.110,0.06,0.219,0.133,0.096,0.025,0.000,0.000,17,6,0,0,0.210,0.147,0.114,0.027,0.010,0.008,17,6,5,4
0.080,0.164,0.528,-0.52,0.062,0,0.4533,0.4012,0.149,0.341,0.219,0.133,0.096,0.025,0.000,0.000,17,6,0,0,0.210,0.147,0.114,0.027,0.010,0.008,17,6,5,4
0.096,0.138,0.653,-0.42,0.180,0,0.4488,0.4000,0.382,0.318,0.219,0.133,0.096,0.025,0.000,0.000,17,6,0,0,0.210,0.147,0.114,0.027,0.010,0.008,17,6,5,4
0.113,0.127,0.359,1.99,0.186,0,0.4309,0.3898,0.168,-0.326,0.219,0.133,0.096,0.025,0.000,0.000,17,6,0,0,0.210,0.147,0.114,0.027,0.010,0.008,17,6,5,4
0.104,0.202,0.463,1.37,0.298,0,0.4066,0.3737,0.186,-0.510,0.219,0.133,0.096,0.025,0.000,0.000,17,6,0,0,0.210,0.147,0.114,0.027,0.010,0.008,17,6,5,4
0.113,0.161,0.357,1.99,0.186,0,0.3898,0.3625,0.178,-0.326,0.219,0.133,0.096,0.025,0.000,0.000,17,6,0,0,0.210,0.147,0.114,0.027,0.010,0.008,17,6,5,4
0.123,0.182,0.484,-0.08,0.108,0,0.3653,0.3443,0.241,0.059,0.219,0.133,0.096,0.025,0.000,0.000,17,6,0,0,0.210,0.147,0.114,0.027,0.010,0.008,17,6,5,4
0.114,0.187,0.425,-1.14,0.131,0,0.3343,0.3185,0.334,0.987,0.219,0.133,0.096,0.025,0.000,0.000,17,6,0,0,0.210,0.147,0.114,0.027,0.010,0.008,17,6,5,4
0.145,0.198,0.555,-0.79,0.151,-1,0.2868,0.2765,0.474,0.736,0.219,0.133,0.096,0.025,0.000,0.000,17,6,0,0,0.210,0.147,0.114,0.027,0.010,0.008,17,6,5,4
0.117,0.236,0.536,-0.42,0.180,0,0.2356,0.2291,0.310,0.318,0.219,0.133,0.096,0.025,0.000,0.000,17,6,0,0,0.210,0.147,0.114,0.027,0.010,0.008,17,6,5,4
0.094,0.262,0.631,-0.42,0.180,0,0.2003,0.1945,0.393,0.318,0.219,0.133,0.096,0.025,0.000,0.000,17,6,0,0,0.210,0.147,0.114,0.027,0.010,0.008,17,6,5,4
0.092,0.356,0.700,0.2,0.291,1,0.1813,0.1736,0.423,0.180,0.219,0.133,0.096,0.025,0.000,0.000,17,6,0,0,0.210,0.147,0.114,0.027,0.010,0.008,17,6,5,4
0.087,0.273,0.562,1.69,0.290,0,0.1755,0.1633,0.130,-0.697,0.219,0.133,0.096,0.025,0.000,0.000,17,6,0,0,0.210,0.147,0.114,0.027,0.010,0.008,17,6,5,4
0.090,0.264,0.332,-1.14,0.131,0,0.1839,0.1641,0.202,0.987,0.219,0.133,0.096,0.025,0.000,0.000,17,6,0,0,0.210,0.147,0.114,0.027,0.010,0.008,17,6,5,4
0.087,0.331,0.437,-0.42,0.180,0,0.1974,0.1713,0.386,0.318,0.219,0.133,0.096,0.025,0.000,0.000,17,6,0,0,0.210,0.147,0.114,0.027,0.010,0.008,17,6,5,4
0.105,0.464,0.637,0.2,0.291,1,0.1982,0.1695,0.243,0.180,0.219,0.133,0.096,0.025,0.000,0.000,17,6,0,0,0.210,0.147,0.114,0.027,0.010,0.008,17,6,5,4
0.107,0.394,0.507,1.37,0.298,0,0.1941,0.1654,0.086,-0.510,0.219,0.133,0.096,0.025,0.000,0.000,17,6,0,0,0.210,0.147,0.114,0.027,0.010,0.008,17,6,5,4
0.118,0.315,0.027,3.14,0.186,0,0.1987,0.1733,0.061,-0.486,0.219,0.133,0.096,0.025,0.000,0.000,17,6,0,0,0.210,0.147,0.114,0.027,0.010,0.008,17,6,5,4
0.110,0.356,0.469,-1.19,0.219,1,0.1923,0.1737,0.252,0.586,0.219,0.133,0.096,0.025,0.000,0.000,17,6,0,0,0.210,0.147,0.114,0.027,0.010,0.008,17,6,5,4
0.128,0.281,0.016,1.99,0.186,0,0.1771,0.1654,0.028,-0.326,0.219,0.133,0.096,0.025,0.000,0.000,17,6,0,0,0.210,0.147,0.114,0.027,0.010,0.008,17,6,5,4
0.163,0.216,0.124,0.85,0.046,0,0.1510,0.1465,0.043,0.06,0.219,0.133,0.096,0.025,0.000,0.000,17,6,0,0,0.210,0.147,0.114,0.027,0.010,0.008,17,6,5,4
0.151,0.265,0.055,3.14,0.186,0,0.1222,0.1254,0.037,-0.486,0.219,0.133,0.096,0.025,0.000,0.000,17,6,0,0,0.210,0.147,0.114,0.027,0.010,0.008,17,6,5,4
0.153,0.220,0.165,2.53,0.140,0,0.0935,0.1031,0.067,-0.121,0.219,0.133,0.096,0.025,0.000,0.000,17,6,0,0,0.210,0.147,0.114,0.027,0.010,0.008,17,6,5,4
0.192,0.324,0.074,2.53,0.140,0,0.0789,0.0901,0.045,-0.121,0.219,0.133,0.096,0.025,0.000,0.000,17,6,0,0,0.210,0.147,0.114,0.027,0.010,0.008,17,6,5,4
0.171,0.339,0.381,-1.1,0.105,-1,0.0786,0.0905,0.142,0.192,0.219,0.133,0.096,0.025,0.000,0.000,17,6,0,0,0.210,0.147,0.114,0.027,0.010,0.008,17,6,5,4
0.147,0.484,0.487,0.22,0.230,0,0.0859,0.0973,0.189,0.303,0.219,0.133,0.096,0.025,0.000,0.000,17,6,0,0,0.210,0.147,0.114,0.027,0.010,0.008,17,6,5,4
0.174,0.336,0.454,0,0.000,0,0.0825,0.0946,0.194,0.166,0.219,0.133,0.096,0.025,0.000,0.000,17,6,0,0,0.210,0.147,0.114,0.027,0.010,0.008,17,6,5,4
0.234,0.370,0.482,1.42,0.221,0,0.0790,0.0914,0.151,-0.397,0.219,0.133,0.096,0.025,0.000,0.000,17,6,0,0,0.210,0.147,0.114,0.027,0.010,0.008,17,6,5,4
0.234,0.836,0.607,1.37,0.298,0,0.0932,0.1078,0.148,-0.510,0.219,0.133,0.096,0.025,0.000,0.000,17,6,0,0,0.210,0.147,0.114,0.027,0.010,0.008,17,6,5,4
0.200,0.443,0.555,-0.08,0.108,0,0.1173,0.1353,0.238,0.059,0.219,0.133,0.096,0.025,0.000,0.000,17,6,0,0,0.210,0.147,0.114,0.027,0.010,0.008,17,6,5,4
0.243,0.875,0.701,-1.19,0.219,1,0.1402,0.1611,0.334,0.586,0.219,0.133,0.096,0.025,0.000,0.000,17,6,0,0,0.210,0.147,0.114,0.027,0.010,0.008,17,6,5,4
0.250,0.841,0.685,1.37,0.298,0,0.1683,0.1912,0.162,-0.510,0.219,0.133,0.096,0.025,0.000,0.000,17,6,0,0,0.210,0.147,0.114,0.027,0.010,0.008,17,6,5,4
0.255,0.465,0.676,-0.52,0.062,0,0.1985,0.2210,0.233,0.341,0.219,0.133,0.096,0.025,0.000,0.000,17,6,0,0,0.210,0.147,0.114,0.027,0.010,0.008,17,6,5,4
0.271,0.447,0.645,-0.52,0.062,0,0.2191,0.2407,0.449,0.341,0.219,0.133,0.096,0.025,0.000,0.000,17,6,0,0,0.210,0.147,0.114,0.027,0.010,0.008,17,6,5,4
0.263,0.475,0.757,-0.48,0.134,0,0.2221,0.2438,0.282,0.007,0.219,0.133,0.096,0.025,0.000,0.000,17,6,0,0,0.210,0.147,0.114,0.027,0.010,0.008,17,6,5,4
0.282,0.357,0.696,1.69,0.290,0,0.2280,0.2469,0.073,-0.697,0.219,0.133,0.096,0.025,0.000,0.000,17,6,0,0,0.210,0.147,0.114,0.027,0.010,0.008,17,6,5,4
0.266,0.399,0.628,-1.19,0.219,1,0.2346,0.2491,0.480,0.586,0.219,0.133,0.096,0.025,0.000,0.000,17,6,0,0,0.210,0.147,0.114,0.027,0.010,0.008,17,6,5,4
0.273,0.380,0.730,-1.19,0.219,1,0.2371,0.2417,0.406,0.586,0.219,0.133,0.096,0.025,0.000,0.000,17,6,0,0,0.210,0.147,0.114,0.027,0.010,0.008,17,6,5,4
0.229,0.259,0.332,3.14,0.186,0,0.2370,0.2307,0.034,-0.486,0.219,0.133,0.096,0.025,0.000,0.000,17,6,0,0,0.210,0.147,0.114,0.027,0.010,0.008,17,6,5,4
0.247,0.381,0.559,0.2,0.291,1,0.2345,0.2200,0.200,0.180,0.219,0.133,0.096,0.025,0.000,0.000,17,6,0,0,0.210,0.147,0.114,0.027,0.010,0.008,17,6,5,4
0.223,0.321,0.508,-1.19,0.219,1,0.2408,0.2179,0.501,0.586,0.219,0.133,0.096,0.025,0.000,0.000,17,6,0,0,0.210,0.147,0.114,0.027,0.010,0.008,17,6,5,4
0.152,0.411,0.592,0.2,0.291,1,0.2451,0.2134,0.220,0.180,0.219,0.133,0.096,0.025,0.000,0.000,17,6,0,0,0.210,0.147,0.114,0.027,0.010,0.008,17,6,5,4
0.176,0.288,0.016,2.53,0.140,0,0.2613,0.2198,0.037,-0.121,0.219,0.133,0.096,0.025,0.000,0.000,17,6,0,0,0.210,0.147,0.114,0.027,0.010,0.008,17,6,5,4
0.172,0.377,0.423,0.22,0.230,0,0.2749,0.2252,0.249,0.303,0.219,0.133,0.096,0.025,0.000,0.000,17,6,0,0,0.210,0.147,0.114,0.027,0.010,0.008,17,6,5,4
0.170,0.371,0.342,-0.42,0.180,0,0.2825,0.2233,0.351,0.318,0.219,0.133,0.096,0.025,0.000,0.000,17,6,0,0,0.210,0.147,0.114,0.027,0.010,0.008,17,6,5,4
0.191,0.344,0.206,1.42,0.221,0,0.2788,0.2112,0.077,-0.397,0.219,0.133,0.096,0.025,0.000,0.000,17,6,0,0,0.210,0.147,0.114,0.027,0.010,0.008,17,6,5,4
0.226,0.301,0.021,2.53,0.140,0,0.2745,0.1998,0.077,-0.121,0.219,0.133,0.096,0.025,0.000,0.000,17,6,0,0,0.210,0.147,0.114,0.027,0.010,0.008,17,6,5,4
0.159,0.329,0.357,-0.52,0.062,0,0.2739,0.1893,0.295,0.341,0.219,0.133,0.096,0.025,0.000,0.000,17,6,0,0,0.210,0.147,0.114,0.027,0.010,0.008,17,6,5,4
0.126,0.397,0.203,-0.48,0.134,0,0.2651,0.1723,0.266,0.007,0.219,0.133,0.096,0.025,0.000,0.000,17,6,0,0,0.210,0.147,0.114,0.027,0.010,0.008,17,6,5,4
0.130,0.350,0.012,3.14,0.186,0,0.2483,0.1515,0.065,-0.486,0.219,0.133,0.096,0.025,0.000,0.000,17,6,0,0,0.210,0.147,0.114,0.027,0.010,0.008,17,6,5,4
0.122,0.369,0.358,-0.48,0.134,0,0.2296,0.1293,0.243,0.007,0.219,0.133,0.096,0.025,0.000,0.000,17,6,0,0,0.210,0.147,0.114,0.027,0.010,0.008,17,6,5,4
0.093,0.291,0.140,-0.79,0.151,-1,0.2099,0.1091,0.400,0.736,0.219,0.133,0.096,0.025,0.000,0.000,17,6,0,0,0.210,0.147,0.114,0.027,0.010,0.008,17,6,5,4
0.089,0.359,0.093,1.42,0.221,0,0.1763,0.0823,0.149,-0.397,0.219,0.133,0.096,0.025,0.000,0.000,17,6,0,0,0.210,0.147,0.114,0.027,0.010,0.008,17,6,5,4
0.090,0.347,0.228,2.1,0.128,0,0.1456,0.0617,0.072,0.02,0.219,0.133,0.096,0.025,0.000,0.000,17,6,0,0,0.210,0.147,0.114,0.027,0.010,0.008,17,6,5,4
0.083,0.447,0.474,0.2,0.291,1,0.1188,0.0473,0.333,0.180,0.219,0.133,0.096,0.025,0.000,0.000,17,6,0,0,0.210,0.147,0.114,0.027,0.010,0.008,17,6,5,4
0.086,0.359,0.282,-1.14,0.131,0,0.1010,0.0385,0.205,0.987,0.219,0.133,0.096,0.025,0.000,0.000,17,6,0,0,0.210,0.147,0.114,0.027,0.010,0.008,17,6,5,4
0.079,0.306,0.055,1.99,0.186,0,0.0882,0.0333,0.080,-0.326,0.219,0.133,0.096,0.025,0.000,0.000,17,6,0,0,0.210,0.147,0.114,0.027,0.010,0.008,17,6,5,4
0.079,0.296,0.533,-0.48,0.134,0,0.0751,0.0283,0.215,0.007,0.219,0.133,0.096,0.025,0.000,0.000,17,6,0,0,0.210,0.147,0.114,0.027,0.010,0.008,17,6,5,4
0.050,0.200,0.087,3.14,0.186,0,0.0759,0.0340,0.050,-0.486,0.219,0.133,0.096,0.025,0.000,0.000,17,6,0,0,0.210,0.147,0.114,0.027,0.010,0.008,17,6,5,4
0.064,0.144,0.348,0.85,0.046,0,0.0698,0.0331,0.107,0.06,0.219,0.133,0.096,0.025,0.000,0.000,17,6,0,0,0.210,0.147,0.114,0.027,0.010,0.008,17,6,5,4
0.052,0.212,0.124,3.14,0.186,0,0.0712,0.0353,0.028,-0.486,0.219,0.133,0.096,0.025,0.000,0.000,17,6,0,0,0.210,0.147,0.114,0.027,0.010,0.008,17,6,5,4
0.079,0.198,0.312,-0.08,0.108,0,0.0668,0.0336,0.052,0.059,0.219,0.133,0.096,0.025,0.000,0.000,17,6,0,0,0.210,0.147,0.114,0.027,0.010,0.008,17,6,5,4
0.093,0.190,0.108,1.99,0.186,0,0.0688,0.0360,0.058,-0.326,0.219,0.133,0.096,0.025,0.000,0.000,17,6,0,0,0.210,0.147,0.114,0.027,0.010,0.008,17,6,5,4
0.073,0.131,0.193,0.85,0.046,0,0.0592,0.0311,0.084,0.06,0.219,0.133,0.096,0.025,0.000,0.000,17,6,0,0,0.210,0.147,0.114,0.027,0.010,0.008,17,6,5,4
0.069,0.161,0.294,1.99,0.186,0,0.0518,0.0275,0.048,-0.326,0.219,0.133,0.096,0.025,0.000,0.000,17,6,0,0,0.210,0.147,0.114,0.027,0.010,0.008,17,6,5,4
0.063,0.139,0.113,1.99,0.186,0,0.0461,0.0228,0.051,-0.326,0.219,0.133,0.096,0.025,0.000,0.000,17,6,0,0,0.210,0.147,0.114,0.027,0.010,0.008,17,6,5,4
0.066,0.179,0.273,-1.1,0.105,-1,0.0448,0.0213,0.233,0.192,0.219,0.133,0.096,0.025,0.000,0.000,17,6,0,0,0.210,0.147,0.114,0.027,0.010,0.008,17,6,5,4
0.064,0.197,0.113,2.53,0.140,0,0.0405,0.0176,0.109,-0.121,0.219,0.133,0.096,0.025,0.000,0.000,17,6,0,0,0.210,0.147,0.114,0.027,0.010,0.008,17,6,5,4
0.077,0.262,0.585,1.76,0.409,0,0.0408,0.0150,0.135,-0.884,0.219,0.133,0.096,0.025,0.000,0.000,17,6,0,0,0.210,0.147,0.114,0.027,0.010,0.008,17,6,5,4
0.075,0.207,0.511,-0.52,0.062,0,0.0633,0.0285,0.273,0.341,0.219,0.133,0.096,0.025,0.000,0.000,17,6,0,0,0.210,0.147,0.114,0.027,0.010,0.008,17,6,5,4
0.075,0.206,0.326,-0.79,0.151,-1,0.0945,0.0487,0.468,0.736,0.219,0.133,0.096,0.025,0.000,0.000,17,6,0,0,0.210,0.147,0.114,0.027,0.010,0.008,17,6,5,4
0.074,0.233,0.343,-1.19,0.219,1,0.1164,0.0641,0.469,0.586,0.219,0.133,0.096,0.025,0.000,0.000,17,6,0,0,0.210,0.147,0.114,0.027,0.010,0.008,17,6,5,4
0.074,0.243,0.057,-1.1,0.105,-1,0.1416,0.0845,0.268,0.192,0.219,0.133,0.096,0.025,0.000,0.000,17,6,0,0,0.210,0.147,0.114,0.027,0.010,0.008,17,6,5,4
0.070,0.298,0.149,1.69,0.290,0,0.1695,0.1097,0.108,-0.697,0.219,0.133,0.096,0.025,0.000,0.000,17,6,0,0,0.210,0.147,0.114,0.027,0.010,0.008,17,6,5,4
0.070,0.301,0.027,3.14,0.186,0,0.1931,0.1337,0.107,-0.486,0.219,0.133,0.096,0.025,0.000,0.000,17,6,0,0,0.210,0.147,0.114,0.027,0.010,0.008,17,6,5,4
0.072,0.304,0.249,-0.08,0.108,0,0.2114,0.1559,0.194,0.059,0.219,0.133,0.096,0.025,0.000,0.000,17,6,0,0,0.210,0.147,0.114,0.027,0.010,0.008,17,6,5,4
0.072,0.298,0.365,2.53,0.140,0,0.2212,0.1729,0.082,-0.121,0.219,0.133,0.096,0.025,0.000,0.000,17,6,0,0,0.210,0.147,0.114,0.027,0.010,0.008,17,6,5,4
0.061,0.274,0.670,-0.42,0.180,0,0.2183,0.1777,0.230,0.318,0.219,0.133,0.096,0.025,0.000,0.000,17,6,0,0,0.210,0.147,0.114,0.027,0.010,0.008,17,6,5,4
0.063,0.250,0.542,0.85,0.046,0,0.2209,0.1850,0.200,0.06,0.219,0.133,0.096,0.025,0.000,0.000,17,6,0,0,0.210,0.147,0.114,0.027,0.010,0.008,17,6,5,4
0.088,0.304,0.467,-1.1,0.105,-1,0.2177,0.1850,0.371,0.192,0.219,0.133,0.096,0.025,0.000,0.000,17,6,0,0,0.210,0.147,0.114,0.027,0.010,0.008,17,6,5,4
0.057,0.283,0.205,0.85,0.046,0,0.2182,0.1858,0.136,0.06,0.219,0.133,0.096,0.025,0.000,0.000,17,6,0,0,0.210,0.147,0.114,0.027,0.010,0.008,17,6,5,4
0.074,0.285,0.201,-1.14,0.131,0,0.2144,0.1828,0.301,0.987,0.219,0.133,0.096,0.025,0.000,0.000,17,6,0,0,0.210,0.147,0.114,0.027,0.010,0.008,17,6,5,4
0.047,0.314,0.358,-0.08,0.108,0,0.2156,0.1837,0.253,0.059,0.219,0.133,0.096,0.025,0.000,0.000,17,6,0,0,0.210,0.147,0.114,0.027,0.010,0.008,17,6,5,4
0.051,0.314,0.476,-0.08,0.108,0,0.2128,0.1816,0.176,0.059,0.219,0.133,0.096,0.025,0.000,0.000,17,6,0,0,0.210,0.147,0.114,0.027,0.010,0.008,17,6,5,4
0.063,0.285,0.004,0.85,0.046,0,0.2173,0.1880,0.255,0.06,0.219,0.133,0.096,0.025,0.000,0.000,17,6,0,0,0.210,0.147,0.114,0.027,0.010,0.008,17,6,5,4
0.064,0.300,0.133,0,0.000,0,0.2160,0.1929,0.259,0.166,0.219,0.133,0.096,0.025,0.000,0.000,17,6,0,0,0.210,0.147,0.114,0.027,0.010,0.008,17,6,5,4
0.068,0.273,0.198,1.99,0.186,0,0.2148,0.1988,0.120,-0.326,0.219,0.133,0.096,0.025,0.000,0.000,17,6,0,0,0.210,0.147,0.114,0.027,0.010,0.008,17,6,5,4
0.085,0.354,0.141,1.69,0.290,0,0.2206,0.2088,0.123,-0.697,0.219,0.133,0.096,0.025,0.000,0.000,17,6,0,0,0.210,0.147,0.114,0.027,0.010,0.008,17,6,5,4
0.109,0.300,0.016,0,0.000,0,0.2346,0.2226,0.213,0.166,0.219,0.133,0.096,0.025,0.000,0.000,17,6,0,0,0.210,0.147,0.114,0.027,0.010,0.008,17,6,5,4
0.134,0.285,0.250,-1.1,0.105,-1,0.2422,0.2294,0.281,0.192,0.219,0.133,0.096,0.025,0.000,0.000,17,6,0,0,0.210,0.147,0.114,0.027,0.010,0.008,17,6,5,4
0.119,0.299,0.509,1.76,0.409,0,0.2447,0.2287,0.118,-0.884,0.219,0.133,0.096,0.025,0.000,0.000,17,6,0,0,0.210,0.147,0.114,0.027,0.010,0.008,17,6,5,4
0.126,0.272,0.517,0.2,0.291,1,0.2427,0.2245,0.277,0.180,0.219,0.133,0.096,0.025,0.000,0.000,17,6,0,0,0.210,0.147,0.114,0.027,0.010,0.008,17,6,5,4
0.127,0.190,0.317,-0.79,0.151,-1,0.2443,0.2210,0.329,0.736,0.219,0.133,0.096,0.025,0.000,0.000,17,6,0,0,0.210,0.147,0.114,0.027,0.010,0.008,17,6,5,4
0.143,0.244,0.611,0.2,0.291,1,0.2347,0.2096,0.218,0.180,0.219,0.133,0.096,0.025,0.000,0.000,17,6,0,0,0.210,0.147,0.114,0.027,0.010,0.008,17,6,5,4
0.151,0.148,0.365,2.53,0.140,0,0.2267,0.2016,0.086,-0.121,0.219,0.133,0.096,0.025,0.000,0.000,17,6,0,0,0.210,0.147,0.114,0.027,0.010,0.008,17,6,5,4
0.146,0.167,0.231,1.99,0.186,0,0.2239,0.1969,0.156,-0.326,0.219,0.133,0.096,0.025,0.000,0.000,17,6,0,0,0.210,0.147,0.114,0.027,0.010,0.008,17,6,5,4
0.142,0.159,0.086,1.99,0.186,0,0.2382,0.2072,0.156,-0.326,0.219,0.133,0.096,0.025,0.000,0.000,17,6,0,0,0.210,0.147,0.114,0.027,0.010,0.008,17,6,5,4
0.142,0.245,0.443,-1.19,0.219,1,0.2517,0.2161,0.301,0.586,0.219,0.133,0.096,0.025,0.000,0.000,17,6,0,0,0.210,0.147,0.114,0.027,0.010,0.008,17,6,5,4
0.163,0.252,0.375,-1.19,0.219,1,0.2614,0.2227,0.341,0.586,0.219,0.133,0.096,0.025,0.000,0.000,17,6,0,0,0.210,0.147,0.114,0.027,0.010,0.008,17,6,5,4
0.154,0.277,0.409,-1.19,0.219,1,0.2685,0.2270,0.465,0.586,0.219,0.133,0.096,0.025,0.000,0.000,17,6,0,0,0.210,0.147,0.114,0.027,0.010,0.008,17,6,5,4
0.152,0.271,0.532,-0.48,0.134,0,0.2725,0.2273,0.426,0.007,0.219,0.133,0.096,0.025,0.000,0.000,17,6,0,0,0.210,0.147,0.114,0.027,0.010,0.008,17,6,5,4
0.184,0.290,0.569,0.22,0.230,0,0.2804,0.2295,0.313,0.303,0.219,0.133,0.096,0.025,0.000,0.000,17,6,0,0,0.210,0.147,0.114,0.027,0.010,0.008,17,6,5,4
0.148,0.235,0.327,-1.1,0.105,-1,0.2898,0.2349,0.421,0.192,0.219,0.133,0.096,0.025,0.000,0.000,17,6,0,0,0.210,0.147,0.114,0.027,0.010,0.008,17,6,5,4
0.180,0.273,0.256,0.22,0.230,0,0.3028,0.2441,0.190,0.303,0.219,0.133,0.096,0.025,0.000,0.000,17,6,0,0,0.210,0.147,0.114,0.027,0.010,0.008,17,6,5,4
0.180,0.203,0.123,0.85,0.046,0,0.3192,0.2556,0.146,0.06,0.219,0.133,0.096,0.025,0.000,0.000,17,6,0,0,0.210,0.147,0.114,0.027,0.010,0.008,17,6,5,4
0.154,0.273,0.321,-0.42,0.180,0,0.3236,0.2570,0.262,0.318,0.219,0.133,0.096,0.025,0.000,0.000,17,6,0,0,0.210,0.147,0.114,0.027,0.010,0.008,17,6,5,4
0.148,0.277,0.078,1.99,0.186,0,0.3248,0.2560,0.133,-0.326,0.219,0.133,0.096,0.025,0.000,0.000,17,6,0,0,0.210,0.147,0.114,0.027,0.010,0.008,17,6,5,4
0.145,0.283,0.201,1.99,0.186,0,0.3212,0.2514,0.091,-0.326,0.219,0.133,0.096,0.025,0.000,0.000,17,6,0,0,0.210,0.147,0.114,0.027,0.010,0.008,17,6,5,4
0.120,0.306,0.428,-0.08,0.108,0,0.3091,0.2391,0.223,0.059,0.219,0.133,0.096,0.025,0.000,0.000,17,6,0,0,0.210,0.147,0.114,0.027,0.010,0.008,17,6,5,4
0.066,0.303,0.519,-1.1,0.105,-1,0.2890,0.2224,0.252,0.192,0.219,0.133,0.096,0.025,0.000,0.000,17,6,0,0,0.210,0.147,0.114,0.027,0.010,0.008,17,6,5,4
0.053,0.333,0.429,-0.08,0.108,0,0.2578,0.1971,0.193,0.059,0.219,0.133,0.096,0.025,0.000,0.000,17,6,0,0,0.210,0.147,0.114,0.027,0.010,0.008,17,6,5,4
0.056,0.346,0.473,-0.48,0.134,0,0.1997,0.1516,0.286,0.007,0.219,0.133,0.096,0.025,0.000,0.000,17,6,0,0,0.210,0.147,0.114,0.027,0.010,0.008,17,6,5,4
0.052,0.307,0.333,1.69,0.290,0,0.1490,0.1131,0.119,-0.697,0.219,0.133,0.096,0.025,0.000,0.000,17,6,0,0,0.210,0.147,0.114,0.027,0.010,0.008,17,6,5,4
0.055,0.290,0.141,0.85,0.046,0,0.1109,0.0847,0.168,0.06,0.219,0.133,0.096,0.025,0.000,0.000,17,6,0,0,0.210,0.147,0.114,0.027,0.010,0.008,17,6,5,4
0.053,0.406,0.393,0.2,0.291,1,0.0981,0.0758,0.282,0.180,0.219,0.133,0.096,0.025,0.000,0.000,17,6,0,0,0.210,0.147,0.114,0.027,0.010,0.008,17,6,5,4
0.055,0.446,0.380,-0.48,0.134,0,0.0971,0.0769,0.236,0.007,0.219,0.133,0.096,0.025,0.000,0.000,17,6,0,0,0.210,0.147,0.114,0.027,0.010,0.008,17,6,5,4
0.059,0.449,0.589,-0.08,0.108,0,0.1007,0.0820,0.152,0.059,0.219,0.133,0.096,0.025,0.000,0.000,17,6,0,0,0.210,0.147,0.114,0.027,0.010,0.008,17,6,5,4
0.057,0.390,0.387,3.14,0.186,0,0.1097,0.0900,0.077,-0.486,0.219,0.133,0.096,0.025,0.000,0.000,17,6,0,0,0.210,0.147,0.114,0.027,0.010,0.008,17,6,5,4
0.046,0.381,0.650,0,0.000,0,0.1145,0.0921,0.081,0.166,0.219,0.133,0.096,0.025,0.000,0.000,17,6,0,0,0.210,0.147,0.114,0.027,0.010,0.008,17,6,5,4
0.061,0.464,0.479,1.76,0.409,0,0.1202,0.0944,0.075,-0.884,0.219,0.133,0.096,0.025,0.000,0.000,17,6,0,0,0.210,0.147,0.114,0.027,0.010,0.008,17,6,5,4
0.056,0.309,0.451,0.85,0.046,0,0.1138,0.0883,0.095,0.06,0.219,0.133,0.096,0.025,0.000,0.000,17,6,0,0,0.210,0.147,0.114,0.027,0.010,0.008,17,6,5,4
0.063,0.475,0.656,1.37,0.298,0,0.1078,0.0829,0.091,-0.510,0.219,0.133,0.096,0.025,0.000,0.000,17,6,0,0,0.210,0.147,0.114,0.027,0.010,0.008,17,6,5,4
0.075,0.333,0.489,2.53,0.140,0,0.0976,0.0739,0.070,-0.121,0.219,0.133,0.096,0.025,0.000,0.000,17,6,0,0,0.210,0.147,0.114,0.027,0.010,0.008,17,6,5,4
0.092,0.399,0.558,0,0.000,0,0.0858,0.0637,0.081,0.166,0.219,0.133,0.096,0.025,0.000,0.000,17,6,0,0,0.210,0.147,0.114,0.027,0.010,0.008,17,6,5,4
0.091,0.423,0.635,0.2,0.291,1,0.0697,0.0499,0.266,0.180,0.219,0.133,0.096,0.025,0.000,0.000,17,6,0,0,0.210,0.147,0.114,0.027,0.010,0.008,17,6,5,4
0.088,0.331,0.492,1.42,0.221,0,0.0587,0.0413,0.147,-0.397,0.219,0.133,0.096,0.025,0.000,0.000,17,6,0,0,0.210,0.147,0.114,0.027,0.010,0.008,17,6,5,4
0.129,0.303,0.587,2.1,0.128,0,0.0652,0.0469,0.115,0.02,0.219,0.133,0.096,0.025,0.000,0.000,17,6,0,0,0.210,0.147,0.114,0.027,0.010,0.008,17,6,5,4
0.130,0.283,0.476,-1.1,0.105,-1,0.0872,0.0661,0.368,0.192,0.219,0.133,0.096,0.025,0.000,0.000,17,6,0,0,0.210,0.147,0.114,0.027,0.010,0.008,17,6,5,4
0.143,0.264,0.375,-0.79,0.151,-1,0.1121,0.0882,0.428,0.736,0.219,0.133,0.096,0.025,0.000,0.000,17,6,0,0,0.210,0.147,0.114,0.027,0.010,0.008,17,6,5,4
0.147,0.385,0.582,-1.19,0.219,1,0.1299,0.1057,0.454,0.586,0.219,0.133,0.096,0.025,0.000,0.000,17,6,0,0,0.210,0.147,0.114,0.027,0.010,0.008,17,6,5,4
0.217,0.443,0.662,1.37,0.298,0,0.1462,0.1232,0.108,-0.510,0.219,0.133,0.096,0.025,0.000,0.000,17,6,0,0,0.210,0.147,0.114,0.027,0.010,0.008,17,6,5,4
0.260,0.426,0.546,-0.52,0.062,0,0.1599,0.1382,0.129,0.341,0.219,0.133,0.096,0.025,0.000,0.000,17,6,0,0,0.210,0.147,0.114,0.027,0.010,0.008,17,6,5,4
0.286,0.269,0.602,2.53,0.140,0,0.1763,0.1546,0.105,-0.121,0.219,0.133,0.096,0.025,0.000,0.000,17,6,0,0,0.210,0.147,0.114,0.027,0.010,0.008,17,6,5,4
0.243,0.238,0.396,0.85,0.046,0,0.1779,0.1583,0.150,0.06,0.219,0.133,0.096,0.025,0.000,0.000,17,6,0,0,0.210,0.147,0.114,0.027,0.010,0.008,17,6,5,4
0.248,0.252,0.378,2.53,0.140,0,0.1673,0.1521,0.097,-0.121,0.219,0.133,0.096,0.025,0.000,0.000,17,6,0,0,0.210,0.147,0.114,0.027,0.010,0.008,17,6,5,4
0.240,0.284,0.383,2.53,0.140,0,0.1546,0.1427,0.072,-0.121,0.219,0.133,0.096,0.025,0.000,0.000,17,6,0,0,0.210,0.147,0.114,0.027,0.010,0.008,17,6,5,4
0.232,0.414,0.489,-1.19,0.219,1,0.1436,0.1331,0.339,0.586,0.219,0.133,0.096,0.025,0.000,0.000,17,6,0,0,0.210,0.147,0.114,0.027,0.010,0.008,17,6,5,4
0.227,0.325,0.368,-1.1,0.105,-1,0.1372,0.1258,0.316,0.192,0.219,0.133,0.096,0.025,0.000,0.000,17,6,0,0,0.210,0.147,0.114,0.027,0.010,0.008,17,6,5,4
0.225,0.407,0.632,0.22,0.230,0,0.1276,0.1138,0.291,0.303,0.219,0.133,0.096,0.025,0.000,0.000,17,6,0,0,0.210,0.147,0.114,0.027,0.010,0.008,17,6,5,4
0.277,0.851,0.531,-0.52,0.062,0,0.1345,0.1163,0.315,0.341,0.219,0.133,0.096,0.025,0.000,0.000,17,6,0,0,0.210,0.147,0.114,0.027,0.010,0.008,17,6,5,4
0.221,0.375,0.402,-0.52,0.062,0,0.1498,0.1268,0.224,0.341,0.219,0.133,0.096,0.025,0.000,0.000,17,6,0,0,0.210,0.147,0.114,0.027,0.010,0.008,17,6,5,4
0.259,0.461,0.644,-1.19,0.219,1,0.1752,0.1447,0.272,0.586,0.219,0.133,0.096,0.025,0.000,0.000,17,6,0,0,0.210,0.147,0.114,0.027,0.010,0.008,17,6,5,4
0.207,0.330,0.608,2.53,0.140,0,0.1969,0.1609,0.064,-0.121,0.219,0.133,0.096,0.025,0.000,0.000,17,6,0,0,0.210,0.147,0.114,0.027,0.010,0.008,17,6,5,4
0.206,0.367,0.437,1.69,0.290,0,0.2178,0.1770,0.037,-0.697,0.219,0.133,0.096,0.025,0.000,0.000,17,6,0,0,0.210,0.147,0.114,0.027,0.010,0.008,17,6,5,4
0.209,0.319,0.469,1.42,0.221,0,0.2360,0.1922,0.065,-0.397,0.219,0.133,0.096,0.025,0.000,0.000,17,6,0,0,0.210,0.147,0.114,0.027,0.010,0.008,17,6,5,4
0.222,0.317,0.154,2.53,0.140,0,0.2524,0.2073,0.029,-0.121,0.219,0.133,0.096,0.025,0.000,0.000,17,6,0,0,0.210,0.147,0.114,0.027,0.010,0.008,17,6,5,4
0.192,0.324,0.141,0.85,0.046,0,0.2586,0.2116,0.022,0.06,0.219,0.133,0.096,0.025,0.000,0.000,17,6,0,0,0.210,0.147,0.114,0.027,0.010,0.008,17,6,5,4
0.156,0.363,0.179,2.53,0.140,0,0.2540,0.2056,0.025,-0.121,0.219,0.133,0.096,0.025,0.000,0.000,17,6,0,0,0.210,0.147,0.114,0.027,0.010,0.008,17,6,5,4
0.165,0.747,0.046,-0.08,0.108,0,0.2359,0.1876,0.068,0.059,0.219,0.133,0.096,0.025,0.000,0.000,17,6,0,0,0.210,0.147,0.114,0.027,0.010,0.008,17,6,5,4
0.161,0.425,0.012,1.42,0.221,0,0.2365,0.1836,0.050,-0.397,0.219,0.133,0.096,0.025,0.000,0.000,17,6,0,0,0.210,0.147,0.114,0.027,0.010,0.008,17,6,5,4
0.126,0.471,0.024,-0.08,0.108,0,0.2427,0.1845,0.075,0.059,0.219,0.133,0.096,0.025,0.000,0.000,17,6,0,0,0.210,0.147,0.114,0.027,0.010,0.008,17,6,5,4
0.128,0.412,0.756,0.22,0.230,0,0.2678,0.2000,0.183,0.303,0.219,0.133,0.096,0.025,0.000,0.000,17,6,0,0,0.210,0.147,0.114,0.027,0.010,0.008,17,6,5,4
0.099,0.320,0.159,-0.79,0.151,-1,0.2982,0.2213,0.291,0.736,0.219,0.133,0.096,0.025,0.000,0.000,17,6,0,0,0.210,0.147,0.114,0.027,0.010,0.008,17,6,5,4
0.095,0.243,0.004,1.99,0.186,0,0.3272,0.2434,0.119,-0.326,0.219,0.133,0.096,0.025,0.000,0.000,17,6,0,0,0.210,0.147,0.114,0.027,0.010,0.008,17,6,5,4
0.143,0.316,0.073,0,0.000,0,0.3635,0.2723,0.150,0.166,0.219,0.133,0.096,0.025,0.000,0.000,17,6,0,0,0.210,0.147,0.114,0.027,0.010,0.008,17,6,5,4
0.132,0.366,0.445,0.22,0.230,0,0.3984,0.3011,0.244,0.303,0.219,0.133,0.096,0.025,0.000,0.000,17,6,0,0,0.210,0.147,0.114,0.027,0.010,0.008,17,6,5,4
0.162,0.289,0.426,-0.48,0.134,0,0.4081,0.3085,0.294,0.007,0.219,0.133,0.096,0.025,0.000,0.000,17,6,0,0,0.210,0.147,0.114,0.027,0.010,0.008,17,6,5,4
0.166,0.234,0.166,1.99,0.186,0,0.3981,0.3020,0.124,-0.326,0.219,0.133,0.096,0.025,0.000,0.000,17,6,0,0,0.210,0.147,0.114,0.027,0.010,0.008,17,6,5,4
0.202,0.251,0.402,0,0.000,0,0.3658,0.2788,0.239,0.166,0.219,0.133,0.096,0.025,0.000,0.000,17,6,0,0,0.210,0.147,0.114,0.027,0.010,0.008,17,6,5,4
0.217,0.144,0.240,1.42,0.221,0,0.3217,0.2458,0.190,-0.397,0.219,0.133,0.096,0.025,0.000,0.000,17,6,0,0,0.210,0.147,0.114,0.027,0.010,0.008,17,6,5,4
0.202,0.137,0.230,-0.79,0.151,-1,0.2670,0.2045,0.398,0.736,0.219,0.133,0.096,0.025,0.000,0.000,17,6,0,0,0.210,0.147,0.114,0.027,0.010,0.008,17,6,5,4
0.202,0.187,0.490,0.22,0.230,0,0.2134,0.1635,0.288,0.303,0.219,0.133,0.096,0.025,0.000,0.000,17,6,0,0,0.210,0.147,0.114,0.027,0.010,0.008,17,6,5,4
0.194,0.178,0.351,-1.1,0.105,-1,0.1682,0.1303,0.370,0.192,0.219,0.133,0.096,0.025,0.000,0.000,17,6,0,0,0.210,0.147,0.114,0.027,0.010,0.008,17,6,5,4
0.228,0.170,0.184,-1.1,0.105,-1,0.1374,0.1109,0.382,0.192,0.219,0.133,0.096,0.025,0.000,0.000,17,6,0,0,0.210,0.147,0.114,0.027,0.010,0.008,17,6,5,4
0.238,0.217,0.453,-1.19,0.219,1,0.1154,0.0983,0.478,0.586,0.219,0.133,0.096,0.025,0.000,0.000,17,6,0,0,0.210,0.147,0.114,0.027,0.010,0.008,17,6,5,4
0.244,0.241,0.214,-1.1,0.105,-1,0.1024,0.0924,0.386,0.192,0.219,0.133,0.096,0.025,0.000,0.000,17,6,0,0,0.210,0.147,0.114,0.027,0.010,0.008,17,6,5,4
0.231,0.322,0.338,-1.19,0.219,1,0.0868,0.0832,0.357,0.586,0.219,0.133,0.096,0.025,0.000,0.000,17,6,0,0,0.210,0.147,0.114,0.027,0.010,0.008,17,6,5,4
0.266,0.306,0.325,2.1,0.128,0,0.0865,0.0861,0.120,0.02,0.219,0.133,0.096,0.025,0.000,0.000,17,6,0,0,0.210,0.147,0.114,0.027,0.010,0.008,17,6,5,4
0.261,0.334,0.288,-1.19,0.219,1,0.0831,0.0863,0.357,0.586,0.219,0.133,0.096,0.025,0.000,0.000,17,6,0,0,0.210,0.147,0.114,0.027,0.010,0.008,17,6,5,4
0.268,0.314,0.277,2.1,0.128,0,0.0960,0.0987,0.070,0.02,0.219,0.133,0.096,0.025,0.000,0.000,17,6,0,0,0.210,0.147,0.114,0.027,0.010,0.008,17,6,5,4
0.250,0.834,0.164,-1.1,0.105,-1,0.0968,0.0995,0.183,0.192,0.219,0.133,0.096,0.025,0.000,0.000,17,6,0,0,0.210,0.147,0.114,0.027,0.010,0.008,17,6,5,4
0.349,0.337,0.338,-0.08,0.108,0,0.0899,0.0952,0.135,0.059,0.219,0.133,0.096,0.025,0.000,0.000,17,6,0,0,0.210,0.147,0.114,0.027,0.010,0.008,17,6,5,4
0.323,0.350,0.607,2.1,0.128,0,0.0821,0.0890,0.063,0.02,0.219,0.133,0.096,0.025,0.000,0.000,17,6,0,0,0.210,0.147,0.114,0.027,0.010,0.008,17,6,5,4
0.346,0.318,0.443,3.14,0.186,0,0.0779,0.0851,0.058,-0.486,0.219,0.133,0.096,0.025,0.000,0.000,17,6,0,0,0.210,0.147,0.114,0.027,0.010,0.008,17,6,5,4
0.414,0.292,0.557,1.42,0.221,0,0.0732,0.0804,0.063,-0.397,0.219,0.133,0.096,0.025,0.000,0.000,17,6,0,0,0.210,0.147,0.114,0.027,0.010,0.008,17,6,5,4
0.355,0.272,0.460,-0.52,0.062,0,0.0635,0.0707,0.099,0.341,0.219,0.133,0.096,0.025,0.000,0.000,17,6,0,0,0.210,0.147,0.114,0.027,0.010,0.008,17,6,5,4
0.317,0.140,0.310,0.85,0.046,0,0.0548,0.0623,0.073,0.06,0.219,0.133,0.096,0.025,0.000,0.000,17,6,0,0,0.210,0.147,0.114,0.027,0.010,0.008,17,6,5,4
0.278,0.273,0.331,2.53,0.140,0,0.0499,0.0571,0.121,-0.121,0.219,0.133,0.096,0.025,0.000,0.000,17,6,0,0,0.210,0.147,0.114,0.027,0.010,0.008,17,6,5,4
0.262,0.298,0.311,3.14,0.186,0,0.0477,0.0558,0.105,-0.486,0.219,0.133,0.096,0.025,0.000,0.000,17,6,0,0,0.210,0.147,0.114,0.027,0.010,0.008,17,6,5,4
0.224,0.399,0.436,-0.52,0.062,0,0.0551,0.0634,0.230,0.341,0.219,0.133,0.096,0.025,0.000,0.000,17,6,0,0,0.210,0.147,0.114,0.027,0.010,0.008,17,6,5,4
0.228,0.307,0.466,-1.1,0.105,-1,0.0692,0.0777,0.367,0.192,0.219,0.133,0.096,0.025,0.000,0.000,17,6,0,0,0.210,0.147,0.114,0.027,0.010,0.008,17,6,5,4
0.283,0.382,0.538,-1.19,0.219,1,0.0849,0.0946,0.460,0.586,0.219,0.133,0.096,0.025,0.000,0.000,17,6,0,0,0.210,0.147,0.114,0.027,0.010,0.008,17,6,5,4
0.285,0.429,0.495,-0.42,0.180,0,0.0986,0.1107,0.330,0.318,0.219,0.133,0.096,0.025,0.000,0.000,17,6,0,0,0.210,0.147,0.114,0.027,0.010,0.008,17,6,5,4
0.253,0.382,0.538,-0.52,0.062,0,0.1090,0.1224,0.264,0.341,0.219,0.133,0.096,0.025,0.000,0.000,17,6,0,0,0.210,0.147,0.114,0.027,0.010,0.008,17,6,5,4
0.235,0.442,0.733,-1.19,0.219,1,0.1152,0.1282,0.433,0.586,0.219,0.133,0.096,0.025,0.000,0.000,17,6,0,0,0.210,0.147,0.114,0.027,0.010,0.008,17,6,5,4
0.220,0.360,0.372,1.99,0.186,0,0.1172,0.1282,0.138,-0.326,0.219,0.133,0.096,0.025,0.000,0.000,17,6,0,0,0.210,0.147,0.114,0.027,0.010,0.008,17,6,5,4
0.201,0.373,0.630,1.69,0.290,0,0.1138,0.1231,0.108,-0.697,0.219,0.133,0.096,0.025,0.000,0.000,17,6,0,0,0.210,0.147,0.114,0.027,0.010,0.008,17,6,5,4
0.167,0.361,0.642,-0.52,0.062,0,0.1197,0.1232,0.318,0.341,0.219,0.133,0.096,0.025,0.000,0.000,17,6,0,0,0.210,0.147,0.114,0.027,0.010,0.008,17,6,5,4
0.166,0.286,0.507,-1.1,0.105,-1,0.1223,0.1189,0.337,0.192,0.219,0.133,0.096,0.025,0.000,0.000,17,6,0,0,0.210,0.147,0.114,0.027,0.010,0.008,17,6,5,4
0.162,0.293,0.417,2.1,0.128,0,0.1291,0.1204,0.116,0.02,0.219,0.133,0.096,0.025,0.000,0.000,17,6,0,0,0.210,0.147,0.114,0.027,0.010,0.008,17,6,5,4
0.132,0.368,0.383,-0.52,0.062,0,0.1296,0.1187,0.217,0.341,0.219,0.133,0.096,0.025,0.000,0.000,17,6,0,0,0.210,0.147,0.114,0.027,0.010,0.008,17,6,5,4
0.132,0.327,0.459,-1.19,0.219,1,0.1353,0.1282,0.427,0.586,0.219,0.133,0.096,0.025,0.000,0.000,17,6,0,0,0.210,0.147,0.114,0.027,0.010,0.008,17,6,5,4
0.090,0.292,0.428,-1.1,0.105,-1,0.1292,0.1271,0.334,0.192,0.219,0.133,0.096,0.025,0.000,0.000,17,6,0,0,0.210,0.147,0.114,0.027,0.010,0.008,17,6,5,4
0.089,0.286,0.469,1.37,0.298,0,0.1186,0.1242,0.125,-0.510,0.219,0.133,0.096,0.025,0.000,0.000,17,6,0,0,0.210,0.147,0.114,0.027,0.010,0.008,17,6,5,4
0.081,0.298,0.005,1.37,0.298,0,0.1090,0.1246,0.096,-0.510,0.219,0.133,0.096,0.025,0.000,0.000,17,6,0,0,0.210,0.147,0.114,0.027,0.010,0.008,17,6,5,4
0.067,0.239,0.128,-0.42,0.180,0,0.1023,0.1286,0.212,0.318,0.219,0.133,0.096,0.025,0.000,0.000,17,6,0,0,0.210,0.147,0.114,0.027,0.010,0.008,17,6,5,4
0.065,0.197,0.315,-0.08,0.108,0,0.0937,0.1293,0.168,0.059,0.219,0.133,0.096,0.025,0.000,0.000,17,6,0,0,0.210,0.147,0.114,0.027,0.010,0.008,17,6,5,4
0.080,0.202,0.173,1.69,0.290,0,0.0823,0.1252,0.082,-0.697,0.219,0.133,0.096,0.025,0.000,0.000,17,6,0,0,0.210,0.147,0.114,0.027,0.010,0.008,17,6,5,4
0.064,0.157,0.004,1.99,0.186,0,0.0833,0.1310,0.114,-0.326,0.219,0.133,0.096,0.025,0.000,0.000,17,6,0,0,0.210,0.147,0.114,0.027,0.010,0.008,17,6,5,4
0.067,0.186,0.283,-0.08,0.108,0,0.0971,0.1456,0.289,0.059,0.219,0.133,0.096,0.025,0.000,0.000,17,6,0,0,0.210,0.147,0.114,0.027,0.010,0.008,17,6,5,4
0.062,0.287,0.451,-0.48,0.134,0,0.1181,0.1658,0.339,0.007,0.219,0.133,0.096,0.025,0.000,0.000,17,6,0,0,0.210,0.147,0.114,0.027,0.010,0.008,17,6,5,4
0.058,0.278,0.370,-1.1,0.105,-1,0.1364,0.1821,0.443,0.192,0.219,0.133,0.096,0.025,0.000,0.000,17,6,0,0,0.210,0.147,0.114,0.027,0.010,0.008,17,6,5,4
0.048,0.314,0.445,-0.48,0.134,0,0.1607,0.2039,0.270,0.007,0.219,0.133,0.096,0.025,0.000,0.000,17,6,0,0,0.210,0.147,0.114,0.027,0.010,0.008,17,6,5,4
0.048,0.271,0.320,-1.14,0.131,0,0.1871,0.2273,0.189,0.987,0.219,0.133,0.096,0.025,0.000,0.000,17,6,0,0,0.210,0.147,0.114,0.027,0.010,0.008,17,6,5,4
0.052,0.306,0.403,-0.42,0.180,0,0.2091,0.2501,0.277,0.318,0.219,0.133,0.096,0.025,0.000,0.000,17,6,0,0,0.210,0.147,0.114,0.027,0.010,0.008,17,6,5,4
0.055,0.237,0.392,2.1,0.128,0,0.2374,0.2787,0.071,0.02,0.219,0.133,0.096,0.025,0.000,0.000,17,6,0,0,0.210,0.147,0.114,0.027,0.010,0.008,17,6,5,4
0.057,0.260,0.031,3.14,0.186,0,0.2636,0.3068,0.097,-0.486,0.219,0.133,0.096,0.025,0.000,0.000,17,6,0,0,0.210,0.147,0.114,0.027,0.010,0.008,17,6,5,4
0.064,0.217,0.147,1.99,0.186,0,0.3003,0.3412,0.116,-0.326,0.219,0.133,0.096,0.025,0.000,0.000,17,6,0,0,0.210,0.147,0.114,0.027,0.010,0.008,17,6,5,4
0.074,0.305,0.098,-0.48,0.134,0,0.3299,0.3738,0.269,0.007,0.219,0.133,0.096,0.025,0.000,0.000,17,6,0,0,0.210,0.147,0.114,0.027,0.010,0.008,17,6,5,4
0.071,0.280,0.059,0.85,0.046,0,0.3530,0.4034,0.099,0.06,0.219,0.133,0.096,0.025,0.000,0.000,17,6,0,0,0.210,0.147,0.114,0.027,0.010,0.008,17,6,5,4
0.075,0.274,0.054,-1.14,0.131,0,0.3513,0.4062,0.261,0.987,0.219,0.133,0.096,0.025,0.000,0.000,17,6,0,0,0.210,0.147,0.114,0.027,0.010,0.008,17,6,5,4
0.094,0.206,0.041,1.99,0.186,0,0.3466,0.4041,0.170,-0.326,0.219,0.133,0.096,0.025,0.000,0.000,17,6,0,0,0.210,0.147,0.114,0.027,0.010,0.008,17,6,5,4
0.100,0.222,0.289,0.2,0.291,1,0.3380,0.3939,0.340,0.180,0.219,0.133,0.096,0.025,0.000,0.000,17,6,0,0,0.210,0.147,0.114,0.027,0.010,0.008,17,6,5,4
0.100,0.246,0.112,-0.08,0.108,0,0.3324,0.3835,0.330,0.059,0.219,0.133,0.096,0.025,0.000,0.000,17,6,0,0,0.210,0.147,0.114,0.027,0.010,0.008,17,6,5,4
0.085,0.216,0.009,-1.1,0.105,-1,0.3424,0.3847,0.351,0.192,0.219,0.133,0.096,0.025,0.000,0.000,17,6,0,0,0.210,0.147,0.114,0.027,0.010,0.008,17,6,5,4
0.071,0.194,0.224,-0.08,0.108,0,0.3454,0.3767,0.311,0.059,0.219,0.133,0.096,0.025,0.000,0.000,17,6,0,0,0.210,0.147,0.114,0.027,0.010,0.008,17,6,5,4
0.069,0.213,0.130,2.53,0.140,0,0.3725,0.3916,0.195,-0.121,0.219,0.133,0.096,0.025,0.000,0.000,17,6,0,0,0.210,0.147,0.114,0.027,0.010,0.008,17,6,5,4
0.057,0.299,0.064,-0.52,0.062,0,0.4137,0.4216,0.273,0.341,0.219,0.133,0.096,0.025,0.000,0.000,17,6,0,0,0.210,0.147,0.114,0.027,0.010,0.008,17,6,5,4
0.058,0.288,0.147,-0.08,0.108,0,0.4526,0.4540,0.191,0.059,0.219,0.133,0.096,0.025,0.000,0.000,17,6,0,0,0.210,0.147,0.114,0.027,0.010,0.008,17,6,5,4
0.070,0.259,0.257,-1.14,0.131,0,0.4646,0.4636,0.264,0.987,0.219,0.133,0.096,0.025,0.000,0.000,17,6,0,0,0.210,0.147,0.114,0.027,0.010,0.008,17,6,5,4
0.056,0.255,0.423,2.53,0.140,0,0.4550,0.4551,0.198,-0.121,0.219,0.133,0.096,0.025,0.000,0.000,17,6,0,0,0.210,0.147,0.114,0.027,0.010,0.008,17,6,5,4
0.047,0.288,0.268,-0.52,0.062,0,0.4244,0.4294,0.301,0.341,0.219,0.133,0.096,0.025,0.000,0.000,17,6,0,0,0.210,0.147,0.114,0.027,0.010,0.008,17,6,5,4
0.049,0.264,0.291,0,0.000,0,0.3716,0.3840,0.246,0.166,0.219,0.133,0.096,0.025,0.000,0.000,17,6,0,0,0.210,0.147,0.114,0.027,0.010,0.008,17,6,5,4
0.045,0.234,0.569,-0.48,0.134,0,0.3139,0.3384,0.389,0.007,0.219,0.133,0.096,0.025,0.000,0.000,17,6,0,0,0.210,0.147,0.114,0.027,0.010,0.008,17,6,5,4
0.049,0.184,0.269,-0.79,0.151,-1,0.2648,0.3009,0.342,0.736,0.219,0.133,0.096,0.025,0.000,0.000,17,6,0,0,0.210,0.147,0.114,0.027,0.010,0.008,17,6,5,4
0.052,0.183,0.391,1.69,0.290,0,0.2394,0.2788,0.082,-0.697,0.219,0.133,0.096,0.025,0.000,0.000,17,6,0,0,0.210,0.147,0.114,0.027,0.010,0.008,17,6,5,4
0.058,0.173,0.354,1.99,0.186,0,0.2220,0.2633,0.153,-0.326,0.219,0.133,0.096,0.025,0.000,0.000,17,6,0,0,0.210,0.147,0.114,0.027,0.010,0.008,17,6,5,4
0.056,0.198,0.079,-0.79,0.151,-1,0.2115,0.2492,0.412,0.736,0.219,0.133,0.096,0.025,0.000,0.000,17,6,0,0,0.210,0.147,0.114,0.027,0.010,0.008,17,6,5,4
0.042,0.142,0.059,0.85,0.046,0,0.2005,0.2329,0.229,0.06,0.219,0.133,0.096,0.025,0.000,0.000,17,6,0,0,0.210,0.147,0.114,0.027,0.010,0.008,17,6,5,4
0.037,0.223,0.073,0,0.000,0,0.1943,0.2189,0.209,0.166,0.219,0.133,0.096,0.025,0.000,0.000,17,6,0,0,0.210,0.147,0.114,0.027,0.010,0.008,17,6,5,4
0.037,0.212,0.065,-0.79,0.151,-1,0.1808,0.1949,0.382,0.736,0.219,0.133,0.096,0.025,0.000,0.000,17,6,0,0,0.210,0.147,0.114,0.027,0.010,0.008,17,6,5,4
0.038,0.185,0.116,-0.79,0.151,-1,0.1532,0.1571,0.384,0.736,0.219,0.133,0.096,0.025,0.000,0.000,17,6,0,0,0.210,0.147,0.114,0.027,0.010,0.008,17,6,5,4
0.038,0.181,0.172,2.1,0.128,0,0.1233,0.1192,0.081,0.02,0.219,0.133,0.096,0.025,0.000,0.000,17,6,0,0,0.210,0.147,0.114,0.027,0.010,0.008,17,6,5,4
0.035,0.202,0.216,-1.1,0.105,-1,0.0778,0.0665,0.326,0.192,0.219,0.133,0.096,0.025,0.000,0.000,17,6,0,0,0.210,0.147,0.114,0.027,0.010,0.008,17,6,5,4
0.042,0.160,0.175,2.1,0.128,0,0.0458,0.0276,0.172,0.02,0.219,0.133,0.096,0.025,0.000,0.000,17,6,0,0,0.210,0.147,0.114,0.027,0.010,0.008,17,6,5,4
0.053,0.224,0.155,0,0.000,0,0.0222,0.0024,0.332,0.166,0.219,0.133,0.096,0.025,0.000,0.000,17,6,0,0,0.210,0.147,0.114,0.027,0.010,0.008,17,6,5,4
0.062,0.216,0.190,-0.52,0.062,0,0.0133,-0.0044,0.254,0.341,0.219,0.133,0.096,0.025,0.000,0.000,17,6,0,0,0.210,0.147,0.114,0.027,0.010,0.008,17,6,5,4
0.064,0.176,0.099,-1.14,0.131,0,0.0131,-0.0017,0.292,0.987,0.219,0.133,0.096,0.025,0.000,0.000,17,6,0,0,0.210,0.147,0.114,0.027,0.010,0.008,17,6,5,4
0.099,0.200,0.114,-0.79,0.151,-1,0.0201,0.0067,0.494,0.736,0.219,0.133,0.096,0.025,0.000,0.000,17,6,0,0,0.210,0.147,0.114,0.027,0.010,0.008,17,6,5,4
0.098,0.232,0.275,-0.48,0.134,0,0.0272,0.0142,0.215,0.007,0.219,0.133,0.096,0.025,0.000,0.000,17,6,0,0,0.210,0.147,0.114,0.027,0.010,0.008,17,6,5,4
0.100,0.208,0.070,-1.14,0.131,0,0.0240,0.0084,0.271,0.987,0.219,0.133,0.096,0.025,0.000,0.000,17,6,0,0,0.210,0.147,0.114,0.027,0.010,0.008,17,6,5,4
0.118,0.188,0.122,2.1,0.128,0,0.0223,0.0037,0.125,0.02,0.219,0.133,0.096,0.025,0.000,0.000,17,6,0,0,0.210,0.147,0.114,0.027,0.010,0.008,17,6,5,4
0.147,0.163,0.153,2.1,0.128,0,0.0272,0.0043,0.102,0.02,0.219,0.133,0.096,0.025,0.000,0.000,17,6,0,0,0.210,0.147,0.114,0.027,0.010,0.008,17,6,5,4
0.143,0.170,0.159,-1.1,0.105,-1,0.0328,0.0051,0.267,0.192,0.219,0.133,0.096,0.025,0.000,0.000,17,6,0,0,0.210,0.147,0.114,0.027,0.010,0.008,17,6,5,4
0.144,0.170,0.205,0.85,0.046,0,0.0381,0.0057,0.167,0.06,0.219,0.133,0.096,0.025,0.000,0.000,17,6,0,0,0.210,0.147,0.114,0.027,0.010,0.008,17,6,5,4
0.144,0.224,0.314,0.85,0.046,0,0.0413,0.0064,0.165,0.06,0.219,0.133,0.096,0.025,0.000,0.000,17,6,0,0,0.210,0.147,0.114,0.027,0.010,0.008,17,6,5,4
0.142,0.297,0.434,-0.08,0.108,0,0.0387,0.0048,0.212,0.059,0.219,0.133,0.096,0.025,0.000,0.000,17,6,0,0,0.210,0.147,0.114,0.027,0.010,0.008,17,6,5,4
0.111,0.319,0.168,2.1,0.128,0,0.0350,0.0038,0.111,0.02,0.219,0.133,0.096,0.025,0.000,0.000,17,6,0,0,0.210,0.147,0.114,0.027,0.010,0.008,17,6,5,4
0.118,0.353,0.393,-1.19,0.219,1,0.0294,0.0026,0.356,0.586,0.219,0.133,0.096,0.025,0.000,0.000,17,6,0,0,0.210,0.147,0.114,0.027,0.010,0.008,17,6,5,4
0.144,0.308,0.185,1.99,0.186,0,0.0231,0.0016,0.114,-0.326,0.219,0.133,0.096,0.025,0.000,0.000,17,6,0,0,0.210,0.147,0.114,0.027,0.010,0.008,17,6,5,4
0.173,0.430,0.467,0.2,0.291,1,0.0164,0.0007,0.260,0.180,0.219,0.133,0.096,0.025,0.000,0.000,17,6,0,0,0.210,0.147,0.114,0.027,0.010,0.008,17,6,5,4
0.186,0.313,0.286,-1.14,0.131,0,0.0109,0.0003,0.342,0.987,0.219,0.133,0.096,0.025,0.000,0.000,17,6,0,0,0.210,0.147,0.114,0.027,0.010,0.008,17,6,5,4
0.174,0.342,0.413,0,0.000,0,0.0087,0.0004,0.269,0.166,0.219,0.133,0.096,0.025,0.000,0.000,17,6,0,0,0.210,0.147,0.114,0.027,0.010,0.008,17,6,5,4
0.164,0.265,0.244,0.85,0.046,0,0.0066,0.0002,0.169,0.06,0.219,0.133,0.096,0.025,0.000,0.000,17,6,0,0,0.210,0.147,0.114,0.027,0.010,0.008,17,6,5,4
0.175,0.259,0.347,-0.42,0.180,0,0.0057,0.0001,0.325,0.318,0.219,0.133,0.096,0.025,0.000,0.000,17,6,0,0,0.210,0.147,0.114,0.027,0.010,0.008,17,6,5,4
0.181,0.237,0.308,2.1,0.128,0,0.0068,0.0003,0.107,0.02,0.219,0.133,0.096,0.025,0.000,0.000,17,6,0,0,0.210,0.147,0.114,0.027,0.010,0.008,17,6,5,4
0.150,0.205,0.144,0.85,0.046,0,0.0092,0.0007,0.169,0.06,0.219,0.133,0.096,0.025,0.000,0.000,17,6,0,0,0.210,0.147,0.114,0.027,0.010,0.008,17,6,5,4
0.192,0.218,0.216,-0.79,0.151,-1,0.0111,0.0012,0.347,0.736,0.219,0.133,0.096,0.025,0.000,0.000,17,6,0,0,0.210,0.147,0.114,0.027,0.010,0.008,17,6,5,4
0.227,0.244,0.142,0,0.000,0,0.0117,0.0014,0.178,0.166,0.219,0.133,0.096,0.025,0.000,0.000,17,6,0,0,0.210,0.147,0.114,0.027,0.010,0.008,17,6,5,4
0.227,0.181,0.059,1.99,0.186,0,0.0110,0.0013,0.097,-0.326,0.219,0.133,0.096,0.025,0.000,0.000,17,6,0,0,0.210,0.147,0.114,0.027,0.010,0.008,17,6,5,4
0.236,0.187,0.141,2.1,0.128,0,0.0105,0.0012,0.085,0.02,0.219,0.133,0.096,0.025,0.000,0.000,17,6,0,0,0.210,0.147,0.114,0.027,0.010,0.008,17,6,5,4
0.218,0.272,0.127,2.1,0.128,0,0.0106,0.0013,0.106,0.02,0.219,0.133,0.096,0.025,0.000,0.000,17,6,0,0,0.210,0.147,0.114,0.027,0.010,0.008,17,6,5,4
0.222,0.240,0.335,-1.1,0.105,-1,0.0125,0.0025,0.251,0.192,0.219,0.133,0.096,0.025,0.000,0.000,17,6,0,0,0.210,0.147,0.114,0.027,0.010,0.008,17,6,5,4
0.224,0.323,0.312,-0.42,0.180,0,0.0157,0.0056,0.243,0.318,0.219,0.133,0.096,0.025,0.000,0.000,17,6,0,0,0.210,0.147,0.114,0.027,0.010,0.008,17,6,5,4
0.230,0.328,0.431,2.1,0.128,0,0.0082,0.0013,0.122,0.02,0.219,0.133,0.096,0.025,0.000,0.000,17,6,0,0,0.210,0.147,0.114,0.027,0.010,0.008,17,6,5,4
0.245,0.485,0.650,0.2,0.291,1,-0.0015,-0.0042,0.299,0.180,0.219,0.133,0.096,0.025,0.000,0.000,17,6,0,0,0.210,0.147,0.114,0.027,0.010,0.008,17,6,5,4
0.240,0.382,0.576,1.69,0.290,0,-0.0061,-0.0060,0.121,-0.697,0.219,0.133,0.096,0.025,0.000,0.000,17,6,0,0,0.210,0.147,0.114,0.027,0.010,0.008,17,6,5,4
0.247,0.425,0.670,-1.19,0.219,1,-0.0023,-0.0053,0.417,0.586,0.219,0.133,0.096,0.025,0.000,0.000,17,6,0,0,0.210,0.147,0.114,0.027,0.010,0.008,17,6,5,4
0.297,0.491,0.773,-1.19,0.219,1,0.0136,0.0037,0.409,0.586,0.219,0.133,0.096,0.025,0.000,0.000,17,6,0,0,0.210,0.147,0.114,0.027,0.010,0.008,17,6,5,4
0.283,0.532,0.485,-1.19,0.219,1,0.0335,0.0165,0.300,0.586,0.219,0.133,0.096,0.025,0.000,0.000,17,6,0,0,0.210,0.147,0.114,0.027,0.010,0.008,17,6,5,4
0.247,0.570,0.603,0.2,0.291,1,0.0568,0.0328,0.250,0.180,0.219,0.133,0.096,0.025,0.000,0.000,17,6,0,0,0.210,0.147,0.114,0.027,0.010,0.008,17,6,5,4
0.232,0.462,0.633,-0.08,0.108,0,0.0826,0.0515,0.224,0.059,0.219,0.133,0.096,0.025,0.000,0.000,17,6,0,0,0.210,0.147,0.114,0.027,0.010,0.008,17,6,5,4
0.218,0.415,0.560,3.14,0.186,0,0.1126,0.0736,0.101,-0.486,0.219,0.133,0.096,0.025,0.000,0.000,17,6,0,0,0.210,0.147,0.114,0.027,0.010,0.008,17,6,5,4
0.218,0.439,0.626,2.1,0.128,0,0.1359,0.0949,0.063,0.02,0.219,0.133,0.096,0.025,0.000,0.000,17,6,0,0,0.210,0.147,0.114,0.027,0.010,0.008,17,6,5,4
0.232,0.540,0.786,0.2,0.291,1,0.1737,0.1252,0.266,0.180,0.219,0.133,0.096,0.025,0.000,0.000,17,6,0,0,0.210,0.147,0.114,0.027,0.010,0.008,17,6,5,4
0.232,0.493,0.664,0.2,0.291,1,0.2162,0.1605,0.264,0.180,0.219,0.133,0.096,0.025,0.000,0.000,17,6,0,0,0.210,0.147,0.114,0.027,0.010,0.008,17,6,5,4
0.215,0.314,0.570,0.85,0.046,0,0.2338,0.1726,0.140,0.06,0.219,0.133,0.096,0.025,0.000,0.000,17,6,0,0,0.210,0.147,0.114,0.027,0.010,0.008,17,6,5,4
0.258,0.305,0.722,0.2,0.291,1,0.2345,0.1716,0.355,0.180,0.219,0.133,0.096,0.025,0.000,0.000,17,6,0,0,0.210,0.147,0.114,0.027,0.010,0.008,17,6,5,4
0.208,0.239,0.474,0,0.000,0,0.2256,0.1658,0.404,0.166,0.219,0.133,0.096,0.025,0.000,0.000,17,6,0,0,0.210,0.147,0.114,0.027,0.010,0.008,17,6,5,4
0.179,0.234,0.054,-1.1,0.105,-1,0.2144,0.1604,0.410,0.192,0.219,0.133,0.096,0.025,0.000,0.000,17,6,0,0,0.210,0.147,0.114,0.027,0.010,0.008,17,6,5,4
0.147,0.198,0.244,-0.48,0.134,0,0.2162,0.1667,0.299,0.007,0.219,0.133,0.096,0.025,0.000,0.000,17,6,0,0,0.210,0.147,0.114,0.027,0.010,0.008,17,6,5,4
0.136,0.168,0.053,-1.14,0.131,0,0.2285,0.1856,0.364,0.987,0.219,0.133,0.096,0.025,0.000,0.000,17,6,0,0,0.210,0.147,0.114,0.027,0.010,0.008,17,6,5,4
0.147,0.173,0.081,-1.1,0.105,-1,0.2373,0.2026,0.465,0.192,0.219,0.133,0.096,0.025,0.000,0.000,17,6,0,0,0.210,0.147,0.114,0.027,0.010,0.008,17,6,5,4
0.144,0.170,0.223,-1.1,0.105,-1,0.2452,0.2178,0.348,0.192,0.219,0.133,0.096,0.025,0.000,0.000,17,6,0,0,0.210,0.147,0.114,0.027,0.010,0.008,17,6,5,4
0.146,0.247,0.574,0.2,0.291,1,0.2551,0.2367,0.374,0.180,0.219,0.133,0.096,0.025,0.000,0.000,17,6,0,0,0.210,0.147,0.114,0.027,0.010,0.008,17,6,5,4
0.119,0.241,0.316,2.1,0.128,0,0.2659,0.2550,0.122,0.02,0.219,0.133,0.096,0.025,0.000,0.000,17,6,0,0,0.210,0.147,0.114,0.027,0.010,0.008,17,6,5,4
0.117,0.272,0.578,-0.08,0.108,0,0.2791,0.2759,0.316,0.059,0.219,0.133,0.096,0.025,0.000,0.000,17,6,0,0,0.210,0.147,0.114,0.027,0.010,0.008,17,6,5,4
0.116,0.275,0.612,0,0.000,0,0.2922,0.3046,0.220,0.166,0.219,0.133,0.096,0.025,0.000,0.000,17,6,0,0,0.210,0.147,0.114,0.027,0.010,0.008,17,6,5,4
0.099,0.259,0.595,-0.42,0.180,0,0.2770,0.3166,0.317,0.318,0.219,0.133,0.096,0.025,0.000,0.000,17,6,0,0,0.210,0.147,0.114,0.027,0.010,0.008,17,6,5,4
0.099,0.258,0.542,-0.52,0.062,0,0.2433,0.3205,0.246,0.341,0.219,0.133,0.096,0.025,0.000,0.000,17,6,0,0,0.210,0.147,0.114,0.027,0.010,0.008,17,6,5,4
0.101,0.190,0.347,0.85,0.046,0,0.1990,0.3254,0.294,0.06,0.219,0.133,0.096,0.025,0.000,0.000,17,6,0,0,0.210,0.147,0.114,0.027,0.010,0.008,17,6,5,4
0.118,0.191,0.425,-1.1,0.105,-1,0.1467,0.3403,0.357,0.192,0.219,0.133,0.096,0.025,0.000,0.000,17,6,0,0,0.210,0.147,0.114,0.027,0.010,0.008,17,6,5,4
0.122,0.183,0.232,2.1,0.128,0,0.1067,0.3730,0.117,0.02,0.219,0.133,0.096,0.025,0.000,0.000,17,6,0,0,0.210,0.147,0.114,0.027,0.010,0.008,17,6,5,4
0.126,0.186,0.154,-1.14,0.131,0,0.0880,0.4280,0.321,0.987,0.219,0.133,0.096,0.025,0.000,0.000,17,6,0,0,0.210,0.147,0.114,0.027,0.010,0.008,17,6,5,4
0.130,0.246,0.559,0.2,0.291,1,0.0951,0.5060,0.410,0.180,0.219,0.133,0.096,0.025,0.000,0.000,17,6,0,0,0.210,0.147,0.114,0.027,0.010,0.008,17,6,5,4
0.121,0.288,0.539,-0.48,0.134,0,0.1262,0.6031,0.350,0.007,0.219,0.133,0.096,0.025,0.000,0.000,17,6,0,0,0.210,0.147,0.114,0.027,0.010,0.008,17,6,5,4
0.113,0.284,0.353,0,0.000,0,0.1710,0.7093,0.247,0.166,0.219,0.133,0.096,0.025,0.000,0.000,17,6,0,0,0.210,0.147,0.114,0.027,0.010,0.008,17,6,5,4
0.119,0.187,0.507,1.99,0.186,0,0.2088,0.8075,0.248,-0.326,0.219,0.133,0.096,0.025,0.000,0.000,17,6,0,0,0.210,0.147,0.114,0.027,0.010,0.008,17,6,5,4
0.112,0.206,0.563,1.37,0.298,0,0.2066,0.8719,0.352,-0.510,0.219,0.133,0.096,0.025,0.000,0.000,17,6,0,0,0.210,0.147,0.114,0.027,0.010,0.008,17,6,5,4
0.114,0.191,0.324,0,0.000,0,0.1164,0.8670,0.792,0.166,0.219,0.133,0.096,0.025,0.000,0.000,17,6,0,0,0.210,0.147,0.114,0.027,0.010,0.008,17,6,5,4
