0.082,0.095,0.334,1.42,0.221,0,0.0955,0.7725,0.601,-0.397,0.221,0.091,0.007,0.000,0.000,0.000,1,0,0,0,0.247,0.147,0.109,0.080,0.051,0.022,8,6,5,3
0.080,0.169,0.160,-1.19,0.219,1,0.1444,0.7416,0.393,0.586,0.221,0.091,0.007,0.000,0.000,0.000,1,0,0,0,0.247,0.147,0.109,0.080,0.051,0.022,8,6,5,3
0.060,0.174,0.045,3.14,0.186,0,0.1853,0.7074,0.158,-0.486,0.221,0.091,0.007,0.000,0.000,0.000,1,0,0,0,0.247,0.147,0.109,0.080,0.051,0.022,8,6,5,3
0.091,0.233,0.027,2.53,0.140,0,0.2129,0.6625,0.104,-0.121,0.221,0.091,0.007,0.000,0.000,0.000,1,0,0,0,0.247,0.147,0.109,0.080,0.051,0.022,8,6,5,3
0.100,0.393,0.277,1.37,0.298,0,0.2252,0.6038,0.177,-0.510,0.221,0.091,0.007,0.000,0.000,0.000,1,0,0,0,0.247,0.147,0.109,0.080,0.051,0.022,8,6,5,3
0.105,0.415,0.315,1.76,0.409,0,0.2228,0.5321,0.157,-0.884,0.221,0.091,0.007,0.000,0.000,0.000,1,0,0,0,0.247,0.147,0.109,0.080,0.051,0.022,8,6,5,3
0.083,0.482,0.602,-0.52,0.062,0,0.2084,0.4509,0.152,0.341,0.221,0.091,0.007,0.000,0.000,0.000,1,0,0,0,0.247,0.147,0.109,0.080,0.051,0.022,8,6,5,3
0.086,0.426,0.683,0,0.000,0,0.1864,0.3656,0.201,0.166,0.221,0.091,0.007,0.000,0.000,0.000,1,0,0,0,0.247,0.147,0.109,0.080,0.051,0.022,8,6,5,3
0.087,0.545,0.730,-0.08,0.108,0,0.1618,0.2832,0.381,0.059,0.221,0.091,0.007,0.000,0.000,0.000,1,0,0,0,0.247,0.147,0.109,0.080,0.051,0.022,8,6,5,3
0.090,0.691,0.603,0,0.000,0,0.1402,0.2105,0.326,0.166,0.221,0.091,0.007,0.000,0.000,0.000,1,0,0,0,0.247,0.147,0.109,0.080,0.051,0.022,8,6,5,3
0.116,0.535,0.757,-0.48,0.134,0,0.1264,0.1562,0.305,0.007,0.221,0.091,0.007,0.000,0.000,0.000,1,0,0,0,0.247,0.147,0.109,0.080,0.051,0.022,8,6,5,3
0.113,0.503,0.539,-0.08,0.108,0,0.1347,0.1305,0.207,0.059,0.221,0.091,0.007,0.000,0.000,0.000,1,0,0,0,0.247,0.147,0.109,0.080,0.051,0.022,8,6,5,3
0.089,0.399,0.558,-0.79,0.151,-1,0.1557,0.1283,0.485,0.736,0.221,0.091,0.007,0.000,0.000,0.000,1,0,0,0,0.247,0.147,0.109,0.080,0.051,0.022,8,6,5,3
0.089,0.439,0.351,-1.19,0.219,1,0.1819,0.1404,0.332,0.586,0.221,0.091,0.007,0.000,0.000,0.000,1,0,0,0,0.247,0.147,0.109,0.080,0.051,0.022,8,6,5,3
0.072,0.305,0.031,1.42,0.221,0,0.2222,0.1690,0.045,-0.397,0.221,0.091,0.007,0.000,0.000,0.000,1,0,0,0,0.247,0.147,0.109,0.080,0.051,0.022,8,6,5,3
0.085,0.224,0.003,0.85,0.046,0,0.2676,0.2035,0.070,0.06,0.221,0.091,0.007,0.000,0.000,0.000,1,0,0,0,0.247,0.147,0.109,0.080,0.051,0.022,8,6,5,3
0.126,0.185,0.072,-0.79,0.151,-1,0.3037,0.2306,0.390,0.736,0.221,0.091,0.007,0.000,0.000,0.000,1,0,0,0,0.247,0.147,0.109,0.080,0.051,0.022,8,6,5,3
0.148,0.122,0.002,1.99,0.186,0,0.3286,0.2455,0.125,-0.326,0.221,0.091,0.007,0.000,0.000,0.000,1,0,0,0,0.247,0.147,0.109,0.080,0.051,0.022,8,6,5,3
0.140,0.143,0.001,3.14,0.186,0,0.3333,0.2430,0.087,-0.486,0.221,0.091,0.007,0.000,0.000,0.000,1,0,0,0,0.247,0.147,0.109,0.080,0.051,0.022,8,6,5,3
0.147,0.117,0.011,0.85,0.046,0,0.3317,0.2343,0.239,0.06,0.221,0.091,0.007,0.000,0.000,0.000,1,0,0,0,0.247,0.147,0.109,0.080,0.051,0.022,8,6,5,3
0.122,0.185,0.023,-1.19,0.219,1,0.3112,0.2153,0.487,0.586,0.221,0.091,0.007,0.000,0.000,0.000,1,0,0,0,0.247,0.147,0.109,0.080,0.051,0.022,8,6,5,3
0.137,0.121,0.001,0,0.000,0,0.2755,0.1855,0.186,0.166,0.221,0.091,0.007,0.000,0.000,0.000,1,0,0,0,0.247,0.147,0.109,0.080,0.051,0.022,8,6,5,3
0.141,0.106,0.002,3.14,0.186,0,0.2380,0.1551,0.101,-0.486,0.221,0.091,0.007,0.000,0.000,0.000,1,0,0,0,0.247,0.147,0.109,0.080,0.051,0.022,8,6,5,3
0.146,0.085,0.028,3.14,0.186,0,0.2040,0.1274,0.166,-0.486,0.221,0.091,0.007,0.000,0.000,0.000,1,0,0,0,0.247,0.147,0.109,0.080,0.051,0.022,8,6,5,3
0.118,0.111,0.023,-0.79,0.151,-1,0.1895,0.1158,0.475,0.736,0.221,0.091,0.007,0.000,0.000,0.000,1,0,0,0,0.247,0.147,0.109,0.080,0.051,0.022,8,6,5,3
0.119,0.176,0.001,-0.52,0.062,0,0.1942,0.1173,0.329,0.341,0.221,0.091,0.007,0.000,0.000,0.000,1,0,0,0,0.247,0.147,0.109,0.080,0.051,0.022,8,6,5,3
0.114,0.195,0.016,0,0.000,0,0.1990,0.1191,0.428,0.166,0.221,0.091,0.007,0.000,0.000,0.000,1,0,0,0,0.247,0.147,0.109,0.080,0.051,0.022,8,6,5,3
0.140,0.299,0.057,-1.19,0.219,1,0.2110,0.1261,0.510,0.586,0.221,0.091,0.007,0.000,0.000,0.000,1,0,0,0,0.247,0.147,0.109,0.080,0.051,0.022,8,6,5,3
0.119,0.283,0.079,-1.1,0.105,-1,0.2184,0.1272,0.408,0.192,0.221,0.091,0.007,0.000,0.000,0.000,1,0,0,0,0.247,0.147,0.109,0.080,0.051,0.022,8,6,5,3
0.119,0.180,0.150,2.53,0.140,0,0.2363,0.1374,0.182,-0.121,0.221,0.091,0.007,0.000,0.000,0.000,1,0,0,0,0.247,0.147,0.109,0.080,0.051,0.022,8,6,5,3
0.114,0.311,0.231,-0.48,0.134,0,0.2571,0.1512,0.386,0.007,0.221,0.091,0.007,0.000,0.000,0.000,1,0,0,0,0.247,0.147,0.109,0.080,0.051,0.022,8,6,5,3
0.074,0.297,0.191,-0.08,0.108,0,0.2756,0.1640,0.273,0.059,0.221,0.091,0.007,0.000,0.000,0.000,1,0,0,0,0.247,0.147,0.109,0.080,0.051,0.022,8,6,5,3
0.072,0.230,0.204,3.14,0.186,0,0.2932,0.1770,0.117,-0.486,0.221,0.091,0.007,0.000,0.000,0.000,1,0,0,0,0.247,0.147,0.109,0.080,0.051,0.022,8,6,5,3
0.074,0.240,0.240,-0.48,0.134,0,0.2991,0.1817,0.334,0.007,0.221,0.091,0.007,0.000,0.000,0.000,1,0,0,0,0.247,0.147,0.109,0.080,0.051,0.022,8,6,5,3
0.063,0.204,0.009,2.53,0.140,0,0.3034,0.1858,0.109,-0.121,0.221,0.091,0.007,0.000,0.000,0.000,1,0,0,0,0.247,0.147,0.109,0.080,0.051,0.022,8,6,5,3
0.063,0.215,0.042,-0.52,0.062,0,0.2914,0.1787,0.314,0.341,0.221,0.091,0.007,0.000,0.000,0.000,1,0,0,0,0.247,0.147,0.109,0.080,0.051,0.022,8,6,5,3
0.058,0.174,0.091,-1.1,0.105,-1,0.2632,0.1608,0.395,0.192,0.221,0.091,0.007,0.000,0.000,0.000,1,0,0,0,0.247,0.147,0.109,0.080,0.051,0.022,8,6,5,3
0.055,0.108,0.070,2.53,0.140,0,0.2356,0.1422,0.215,-0.121,0.221,0.091,0.007,0.000,0.000,0.000,1,0,0,0,0.247,0.147,0.109,0.080,0.051,0.022,8,6,5,3
0.043,0.168,0.051,-0.48,0.134,0,0.2001,0.1196,0.343,0.007,0.221,0.091,0.007,0.000,0.000,0.000,1,0,0,0,0.247,0.147,0.109,0.080,0.051,0.022,8,6,5,3
0.044,0.099,0.026,3.14,0.186,0,0.1694,0.1040,0.128,-0.486,0.221,0.091,0.007,0.000,0.000,0.000,1,0,0,0,0.247,0.147,0.109,0.080,0.051,0.022,8,6,5,3
0.044,0.095,0.008,-1.1,0.105,-1,0.1318,0.0827,0.430,0.192,0.221,0.091,0.007,0.000,0.000,0.000,1,0,0,0,0.247,0.147,0.109,0.080,0.051,0.022,8,6,5,3
0.053,0.083,0.001,-0.79,0.151,-1,0.0956,0.0635,0.419,0.736,0.221,0.091,0.007,0.000,0.000,0.000,1,0,0,0,0.247,0.147,0.109,0.080,0.051,0.022,8,6,5,3
0.058,0.095,0.002,1.99,0.186,0,0.0779,0.0588,0.186,-0.326,0.221,0.091,0.007,0.000,0.000,0.000,1,0,0,0,0.247,0.147,0.109,0.080,0.051,0.022,8,6,5,3
0.063,0.132,0.002,1.99,0.186,0,0.0796,0.0685,0.209,-0.326,0.221,0.091,0.007,0.000,0.000,0.000,1,0,0,0,0.247,0.147,0.109,0.080,0.051,0.022,8,6,5,3
0.076,0.205,0.011,-0.48,0.134,0,0.0910,0.0862,0.464,0.007,0.221,0.091,0.007,0.000,0.000,0.000,1,0,0,0,0.247,0.147,0.109,0.080,0.051,0.022,8,6,5,3
0.079,0.189,0.002,-0.79,0.151,-1,0.1076,0.1068,0.424,0.736,0.221,0.091,0.007,0.000,0.000,0.000,1,0,0,0,0.247,0.147,0.109,0.080,0.051,0.022,8,6,5,3
0.076,0.161,0.005,-1.1,0.105,-1,0.1049,0.1069,0.286,0.192,0.221,0.091,0.007,0.000,0.000,0.000,1,0,0,0,0.247,0.147,0.109,0.080,0.051,0.022,8,6,5,3
0.076,0.102,0.002,3.14,0.186,0,0.1064,0.1096,0.053,-0.486,0.221,0.091,0.007,0.000,0.000,0.000,1,0,0,0,0.247,0.147,0.109,0.080,0.051,0.022,8,6,5,3
0.062,0.115,0.002,1.99,0.186,0,0.1115,0.1154,0.151,-0.326,0.221,0.091,0.007,0.000,0.000,0.000,1,0,0,0,0.247,0.147,0.109,0.080,0.051,0.022,8,6,5,3
0.073,0.176,0.003,3.14,0.186,0,0.1206,0.1257,0.148,-0.486,0.221,0.091,0.007,0.000,0.000,0.000,1,0,0,0,0.247,0.147,0.109,0.080,0.051,0.022,8,6,5,3
0.075,0.145,0.004,1.99,0.186,0,0.1326,0.1386,0.105,-0.326,0.221,0.091,0.007,0.000,0.000,0.000,1,0,0,0,0.247,0.147,0.109,0.080,0.051,0.022,8,6,5,3
0.063,0.149,0.045,0,0.000,0,0.1482,0.1565,0.102,0.166,0.221,0.091,0.007,0.000,0.000,0.000,1,0,0,0,0.247,0.147,0.109,0.080,0.051,0.022,8,6,5,3
0.063,0.177,0.147,2.1,0.128,0,0.1656,0.1757,0.051,0.02,0.221,0.091,0.007,0.000,0.000,0.000,1,0,0,0,0.247,0.147,0.109,0.080,0.051,0.022,8,6,5,3
0.067,0.174,0.407,-0.52,0.062,0,0.1647,0.1793,0.195,0.341,0.221,0.091,0.007,0.000,0.000,0.000,1,0,0,0,0.247,0.147,0.109,0.080,0.051,0.022,8,6,5,3
0.054,0.122,0.551,0.85,0.046,0,0.1721,0.1917,0.205,0.06,0.221,0.091,0.007,0.000,0.000,0.000,1,0,0,0,0.247,0.147,0.109,0.080,0.051,0.022,8,6,5,3
0.052,0.087,0.520,1.42,0.221,0,0.1778,0.2045,0.243,-0.397,0.221,0.091,0.007,0.000,0.000,0.000,1,0,0,0,0.247,0.147,0.109,0.080,0.051,0.022,8,6,5,3
0.052,0.091,0.480,0,0.000,0,0.1870,0.2220,0.244,0.166,0.221,0.091,0.007,0.000,0.000,0.000,1,0,0,0,0.247,0.147,0.109,0.080,0.051,0.022,8,6,5,3
0.052,0.144,0.248,-1.1,0.105,-1,0.1997,0.2418,0.408,0.192,0.221,0.091,0.007,0.000,0.000,0.000,1,0,0,0,0.247,0.147,0.109,0.080,0.051,0.022,8,6,5,3
0.044,0.138,0.114,-0.79,0.151,-1,0.2119,0.2576,0.408,0.736,0.221,0.091,0.007,0.000,0.000,0.000,1,0,0,0,0.247,0.147,0.109,0.080,0.051,0.022,8,6,5,3
0.043,0.121,0.023,2.53,0.140,0,0.2311,0.2773,0.217,-0.121,0.221,0.091,0.007,0.000,0.000,0.000,1,0,0,0,0.247,0.147,0.109,0.080,0.051,0.022,8,6,5,3
0.035,0.112,0.004,1.99,0.186,0,0.2546,0.2957,0.174,-0.326,0.221,0.091,0.007,0.000,0.000,0.000,1,0,0,0,0.247,0.147,0.109,0.080,0.051,0.022,8,6,5,3
0.028,0.119,0.004,-0.79,0.151,-1,0.2869,0.3200,0.440,0.736,0.221,0.091,0.007,0.000,0.000,0.000,1,0,0,0,0.247,0.147,0.109,0.080,0.051,0.022,8,6,5,3
0.027,0.093,0.068,-0.79,0.151,-1,0.3221,0.3453,0.457,0.736,0.221,0.091,0.007,0.000,0.000,0.000,1,0,0,0,0.247,0.147,0.109,0.080,0.051,0.022,8,6,5,3
0.027,0.103,0.043,-0.52,0.062,0,0.3477,0.3598,0.413,0.341,0.221,0.091,0.007,0.000,0.000,0.000,1,0,0,0,0.247,0.147,0.109,0.080,0.051,0.022,8,6,5,3
0.025,0.112,0.018,-0.79,0.151,-1,0.3495,0.3528,0.495,0.736,0.221,0.091,0.007,0.000,0.000,0.000,1,0,0,0,0.247,0.147,0.109,0.080,0.051,0.022,8,6,5,3
0.031,0.106,0.003,1.69,0.290,0,0.3523,0.3463,0.205,-0.697,0.221,0.091,0.007,0.000,0.000,0.000,1,0,0,0,0.247,0.147,0.109,0.080,0.051,0.022,8,6,5,3
0.029,0.103,0.020,-0.79,0.151,-1,0.3548,0.3423,0.370,0.736,0.221,0.091,0.007,0.000,0.000,0.000,1,0,0,0,0.247,0.147,0.109,0.080,0.051,0.022,8,6,5,3
0.030,0.090,0.003,-1.14,0.131,0,0.3536,0.3401,0.409,0.987,0.221,0.091,0.007,0.000,0.000,0.000,1,0,0,0,0.247,0.147,0.109,0.080,0.051,0.022,8,6,5,3
0.032,0.125,0.019,1.69,0.290,0,0.3381,0.3265,0.144,-0.697,0.221,0.091,0.007,0.000,0.000,0.000,1,0,0,0,0.247,0.147,0.109,0.080,0.051,0.022,8,6,5,3
0.050,0.076,0.010,3.14,0.186,0,0.3261,0.3204,0.100,-0.486,0.221,0.091,0.007,0.000,0.000,0.000,1,0,0,0,0.247,0.147,0.109,0.080,0.051,0.022,8,6,5,3
0.063,0.093,0.007,-0.79,0.151,-1,0.3116,0.3125,0.477,0.736,0.221,0.091,0.007,0.000,0.000,0.000,1,0,0,0,0.247,0.147,0.109,0.080,0.051,0.022,8,6,5,3
0.063,0.112,0.005,-0.79,0.151,-1,0.2836,0.2921,0.397,0.736,0.221,0.091,0.007,0.000,0.000,0.000,1,0,0,0,0.247,0.147,0.109,0.080,0.051,0.022,8,6,5,3
0.079,0.125,0.011,3.14,0.186,0,0.2553,0.2697,0.088,-0.486,0.221,0.091,0.007,0.000,0.000,0.000,1,0,0,0,0.247,0.147,0.109,0.080,0.051,0.022,8,6,5,3
0.097,0.181,0.069,-0.52,0.062,0,0.2198,0.2401,0.235,0.341,0.221,0.091,0.007,0.000,0.000,0.000,1,0,0,0,0.247,0.147,0.109,0.080,0.051,0.022,8,6,5,3
0.076,0.209,0.115,-0.08,0.108,0,0.1879,0.2125,0.436,0.059,0.221,0.091,0.007,0.000,0.000,0.000,1,0,0,0,0.247,0.147,0.109,0.080,0.051,0.022,8,6,5,3
0.095,0.328,0.294,-1.19,0.219,1,0.1496,0.1769,0.472,0.586,0.221,0.091,0.007,0.000,0.000,0.000,1,0,0,0,0.247,0.147,0.109,0.080,0.051,0.022,8,6,5,3
0.122,0.253,0.033,3.14,0.186,0,0.1220,0.1486,0.206,-0.486,0.221,0.091,0.007,0.000,0.000,0.000,1,0,0,0,0.247,0.147,0.109,0.080,0.051,0.022,8,6,5,3
0.133,0.359,0.205,-0.52,0.062,0,0.1070,0.1312,0.438,0.341,0.221,0.091,0.007,0.000,0.000,0.000,1,0,0,0,0.247,0.147,0.109,0.080,0.051,0.022,8,6,5,3
0.142,0.351,0.336,0,0.000,0,0.1069,0.1252,0.525,0.166,0.221,0.091,0.007,0.000,0.000,0.000,1,0,0,0,0.247,0.147,0.109,0.080,0.051,0.022,8,6,5,3
0.120,0.515,0.430,-1.19,0.219,1,0.1134,0.1281,0.485,0.586,0.221,0.091,0.007,0.000,0.000,0.000,1,0,0,0,0.247,0.147,0.109,0.080,0.051,0.022,8,6,5,3
0.125,0.768,0.188,-1.19,0.219,1,0.1267,0.1383,0.331,0.586,0.221,0.091,0.007,0.000,0.000,0.000,1,0,0,0,0.247,0.147,0.109,0.080,0.051,0.022,8,6,5,3
0.147,0.392,0.140,2.53,0.140,0,0.1353,0.1453,0.074,-0.121,0.221,0.091,0.007,0.000,0.000,0.000,1,0,0,0,0.247,0.147,0.109,0.080,0.051,0.022,8,6,5,3
0.182,0.379,0.029,0.85,0.046,0,0.1340,0.1459,0.134,0.06,0.221,0.091,0.007,0.000,0.000,0.000,1,0,0,0,0.247,0.147,0.109,0.080,0.051,0.022,8,6,5,3
0.225,0.469,0.042,1.99,0.186,0,0.1305,0.1450,0.108,-0.326,0.221,0.091,0.007,0.000,0.000,0.000,1,0,0,0,0.247,0.147,0.109,0.080,0.051,0.022,8,6,5,3
0.154,0.556,0.152,1.69,0.290,0,0.1294,0.1457,0.110,-0.697,0.221,0.091,0.007,0.000,0.000,0.000,1,0,0,0,0.247,0.147,0.109,0.080,0.051,0.022,8,6,5,3
0.168,0.832,0.310,0,0.000,0,0.1319,0.1501,0.124,0.166,0.221,0.091,0.007,0.000,0.000,0.000,1,0,0,0,0.247,0.147,0.109,0.080,0.051,0.022,8,6,5,3
0.141,0.899,0.411,-0.52,0.062,0,0.1177,0.1374,0.161,0.341,0.221,0.091,0.007,0.000,0.000,0.000,1,0,0,0,0.247,0.147,0.109,0.080,0.051,0.022,8,6,5,3
0.139,0.894,0.557,1.37,0.298,0,0.1068,0.1279,0.229,-0.510,0.221,0.091,0.007,0.000,0.000,0.000,1,0,0,0,0.247,0.147,0.109,0.080,0.051,0.022,8,6,5,3
0.109,0.853,0.636,0,0.000,0,0.1012,0.1212,0.183,0.166,0.221,0.091,0.007,0.000,0.000,0.000,1,0,0,0,0.247,0.147,0.109,0.080,0.051,0.022,8,6,5,3
0.087,0.871,0.674,1.76,0.409,0,0.1137,0.1299,0.287,-0.884,0.221,0.091,0.007,0.000,0.000,0.000,1,0,0,0,0.247,0.147,0.109,0.080,0.051,0.022,8,6,5,3
0.056,0.405,0.588,0,0.000,0,0.1292,0.1388,0.281,0.166,0.221,0.091,0.007,0.000,0.000,0.000,1,0,0,0,0.247,0.147,0.109,0.080,0.051,0.022,8,6,5,3
0.046,0.360,0.563,-1.1,0.105,-1,0.1552,0.1562,0.437,0.192,0.221,0.091,0.007,0.000,0.000,0.000,1,0,0,0,0.247,0.147,0.109,0.080,0.051,0.022,8,6,5,3
0.048,0.330,0.352,0,0.000,0,0.1878,0.1775,0.291,0.166,0.221,0.091,0.007,0.000,0.000,0.000,1,0,0,0,0.247,0.147,0.109,0.080,0.051,0.022,8,6,5,3
0.040,0.430,0.458,-1.19,0.219,1,0.2088,0.1884,0.477,0.586,0.221,0.091,0.007,0.000,0.000,0.000,1,0,0,0,0.247,0.147,0.109,0.080,0.051,0.022,8,6,5,3
0.041,0.405,0.253,1.76,0.409,0,0.2270,0.1984,0.208,-0.884,0.221,0.091,0.007,0.000,0.000,0.000,1,0,0,0,0.247,0.147,0.109,0.080,0.051,0.022,8,6,5,3
0.045,0.277,0.070,1.42,0.221,0,0.2362,0.2029,0.119,-0.397,0.221,0.091,0.007,0.000,0.000,0.000,1,0,0,0,0.247,0.147,0.109,0.080,0.051,0.022,8,6,5,3
0.045,0.376,0.477,0.2,0.291,1,0.2449,0.2078,0.405,0.180,0.221,0.091,0.007,0.000,0.000,0.000,1,0,0,0,0.247,0.147,0.109,0.080,0.051,0.022,8,6,5,3
0.044,0.193,0.172,-1.1,0.105,-1,0.2387,0.2002,0.296,0.192,0.221,0.091,0.007,0.000,0.000,0.000,1,0,0,0,0.247,0.147,0.109,0.080,0.051,0.022,8,6,5,3
0.050,0.140,0.002,1.69,0.290,0,0.2337,0.1936,0.099,-0.697,0.221,0.091,0.007,0.000,0.000,0.000,1,0,0,0,0.247,0.147,0.109,0.080,0.051,0.022,8,6,5,3
0.049,0.136,0.040,-0.79,0.151,-1,0.2240,0.1841,0.336,0.736,0.221,0.091,0.007,0.000,0.000,0.000,1,0,0,0,0.247,0.147,0.109,0.080,0.051,0.022,8,6,5,3
0.072,0.156,0.064,-0.79,0.151,-1,0.2161,0.1778,0.466,0.736,0.221,0.091,0.007,0.000,0.000,0.000,1,0,0,0,0.247,0.147,0.109,0.080,0.051,0.022,8,6,5,3
0.057,0.316,0.239,0.2,0.291,1,0.2012,0.1687,0.407,0.180,0.221,0.091,0.007,0.000,0.000,0.000,1,0,0,0,0.247,0.147,0.109,0.080,0.051,0.022,8,6,5,3
0.056,0.285,0.006,1.42,0.221,0,0.1870,0.1601,0.214,-0.397,0.221,0.091,0.007,0.000,0.000,0.000,1,0,0,0,0.247,0.147,0.109,0.080,0.051,0.022,8,6,5,3
0.052,0.356,0.075,-0.48,0.134,0,0.1825,0.1588,0.503,0.007,0.221,0.091,0.007,0.000,0.000,0.000,1,0,0,0,0.247,0.147,0.109,0.080,0.051,0.022,8,6,5,3
0.041,0.297,0.057,0,0.000,0,0.1780,0.1556,0.472,0.166,0.221,0.091,0.007,0.000,0.000,0.000,1,0,0,0,0.247,0.147,0.109,0.080,0.051,0.022,8,6,5,3
0.060,0.339,0.072,1.37,0.298,0,0.1768,0.1561,0.265,-0.510,0.221,0.091,0.007,0.000,0.000,0.000,1,0,0,0,0.247,0.147,0.109,0.080,0.051,0.022,8,6,5,3
0.057,0.298,0.109,0,0.000,0,0.1756,0.1559,0.227,0.166,0.221,0.091,0.007,0.000,0.000,0.000,1,0,0,0,0.247,0.147,0.109,0.080,0.051,0.022,8,6,5,3
0.053,0.195,0.043,2.1,0.128,0,0.1887,0.1703,0.058,0.02,0.221,0.091,0.007,0.000,0.000,0.000,1,0,0,0,0.247,0.147,0.109,0.080,0.051,0.022,8,6,5,3
0.046,0.179,0.068,2.53,0.140,0,0.1924,0.1735,0.104,-0.121,0.221,0.091,0.007,0.000,0.000,0.000,1,0,0,0,0.247,0.147,0.109,0.080,0.051,0.022,8,6,5,3
0.046,0.179,0.169,2.53,0.140,0,0.2103,0.1921,0.112,-0.121,0.221,0.091,0.007,0.000,0.000,0.000,1,0,0,0,0.247,0.147,0.109,0.080,0.051,0.022,8,6,5,3
0.054,0.207,0.088,2.53,0.140,0,0.2416,0.2206,0.071,-0.121,0.221,0.091,0.007,0.000,0.000,0.000,1,0,0,0,0.247,0.147,0.109,0.080,0.051,0.022,8,6,5,3
0.065,0.287,0.062,-0.79,0.151,-1,0.2678,0.2442,0.298,0.736,0.221,0.091,0.007,0.000,0.000,0.000,1,0,0,0,0.247,0.147,0.109,0.080,0.051,0.022,8,6,5,3
0.050,0.254,0.050,-0.08,0.108,0,0.2989,0.2707,0.118,0.059,0.221,0.091,0.007,0.000,0.000,0.000,1,0,0,0,0.247,0.147,0.109,0.080,0.051,0.022,8,6,5,3
0.048,0.208,0.166,-1.14,0.131,0,0.3146,0.2844,0.242,0.987,0.221,0.091,0.007,0.000,0.000,0.000,1,0,0,0,0.247,0.147,0.109,0.080,0.051,0.022,8,6,5,3
0.046,0.130,0.013,1.99,0.186,0,0.3297,0.2981,0.189,-0.326,0.221,0.091,0.007,0.000,0.000,0.000,1,0,0,0,0.247,0.147,0.109,0.080,0.051,0.022,8,6,5,3
0.043,0.102,0.107,3.14,0.186,0,0.3383,0.3050,0.165,-0.486,0.221,0.091,0.007,0.000,0.000,0.000,1,0,0,0,0.247,0.147,0.109,0.080,0.051,0.022,8,6,5,3
0.047,0.101,0.007,2.53,0.140,0,0.3589,0.3212,0.163,-0.121,0.221,0.091,0.007,0.000,0.000,0.000,1,0,0,0,0.247,0.147,0.109,0.080,0.051,0.022,8,6,5,3
0.048,0.133,0.267,-0.42,0.180,0,0.3808,0.3355,0.362,0.318,0.221,0.091,0.007,0.000,0.000,0.000,1,0,0,0,0.247,0.147,0.109,0.080,0.051,0.022,8,6,5,3
0.045,0.193,0.227,-0.48,0.134,0,0.3982,0.3472,0.415,0.007,0.221,0.091,0.007,0.000,0.000,0.000,1,0,0,0,0.247,0.147,0.109,0.080,0.051,0.022,8,6,5,3
0.036,0.155,0.033,-0.79,0.151,-1,0.4007,0.3510,0.358,0.736,0.221,0.091,0.007,0.000,0.000,0.000,1,0,0,0,0.247,0.147,0.109,0.080,0.051,0.022,8,6,5,3
0.029,0.145,0.027,-1.14,0.131,0,0.3969,0.3484,0.390,0.987,0.221,0.091,0.007,0.000,0.000,0.000,1,0,0,0,0.247,0.147,0.109,0.080,0.051,0.022,8,6,5,3
0.030,0.121,0.016,-1.1,0.105,-1,0.3918,0.3401,0.454,0.192,0.221,0.091,0.007,0.000,0.000,0.000,1,0,0,0,0.247,0.147,0.109,0.080,0.051,0.022,8,6,5,3
0.047,0.078,0.001,-0.79,0.151,-1,0.3847,0.3256,0.448,0.736,0.221,0.091,0.007,0.000,0.000,0.000,1,0,0,0,0.247,0.147,0.109,0.080,0.051,0.022,8,6,5,3
0.062,0.059,0.002,0.85,0.046,0,0.3810,0.3139,0.178,0.06,0.221,0.091,0.007,0.000,0.000,0.000,1,0,0,0,0.247,0.147,0.109,0.080,0.051,0.022,8,6,5,3
0.064,0.053,0.005,-0.79,0.151,-1,0.3802,0.3069,0.273,0.736,0.221,0.091,0.007,0.000,0.000,0.000,1,0,0,0,0.247,0.147,0.109,0.080,0.051,0.022,8,6,5,3
0.064,0.066,0.001,-0.42,0.180,0,0.3867,0.3125,0.431,0.318,0.221,0.091,0.007,0.000,0.000,0.000,1,0,0,0,0.247,0.147,0.109,0.080,0.051,0.022,8,6,5,3
0.055,0.069,0.001,-1.1,0.105,-1,0.3755,0.3097,0.273,0.192,0.221,0.091,0.007,0.000,0.000,0.000,1,0,0,0,0.247,0.147,0.109,0.080,0.051,0.022,8,6,5,3
0.054,0.064,0.001,2.1,0.128,0,0.3651,0.3219,0.053,0.02,0.221,0.091,0.007,0.000,0.000,0.000,1,0,0,0,0.247,0.147,0.109,0.080,0.051,0.022,8,6,5,3
0.053,0.091,0.024,3.14,0.186,0,0.3553,0.3475,0.282,-0.486,0.221,0.091,0.007,0.000,0.000,0.000,1,0,0,0,0.247,0.147,0.109,0.080,0.051,0.022,8,6,5,3
0.060,0.104,0.013,-0.79,0.151,-1,0.3366,0.3815,0.466,0.736,0.221,0.091,0.007,0.000,0.000,0.000,1,0,0,0,0.247,0.147,0.109,0.080,0.051,0.022,8,6,5,3
0.073,0.130,0.086,1.69,0.290,0,0.3086,0.4191,0.155,-0.697,0.221,0.091,0.007,0.000,0.000,0.000,1,0,0,0,0.247,0.147,0.109,0.080,0.051,0.022,8,6,5,3
0.073,0.106,0.035,0,0.000,0,0.2708,0.4574,0.235,0.166,0.221,0.091,0.007,0.000,0.000,0.000,1,0,0,0,0.247,0.147,0.109,0.080,0.051,0.022,8,6,5,3
0.073,0.205,0.280,-1.19,0.219,1,0.2243,0.4939,0.461,0.586,0.221,0.091,0.007,0.000,0.000,0.000,1,0,0,0,0.247,0.147,0.109,0.080,0.051,0.022,8,6,5,3
0.093,0.172,0.080,-1.19,0.219,1,0.1720,0.5276,0.448,0.586,0.221,0.091,0.007,0.000,0.000,0.000,1,0,0,0,0.247,0.147,0.109,0.080,0.051,0.022,8,6,5,3
0.089,0.152,0.004,3.14,0.186,0,0.1190,0.5590,0.200,-0.486,0.221,0.091,0.007,0.000,0.000,0.000,1,0,0,0,0.247,0.147,0.109,0.080,0.051,0.022,8,6,5,3
0.118,0.100,0.018,0.85,0.046,0,0.0731,0.5904,0.378,0.06,0.221,0.091,0.007,0.000,0.000,0.000,1,0,0,0,0.247,0.147,0.109,0.080,0.051,0.022,8,6,5,3
0.121,0.121,0.114,-0.48,0.134,0,0.0447,0.6271,0.585,0.007,0.221,0.091,0.007,0.000,0.000,0.000,1,0,0,0,0.247,0.147,0.109,0.080,0.051,0.022,8,6,5,3
0.127,0.110,0.051,3.14,0.186,0,0.0478,0.6774,0.618,-0.486,0.221,0.091,0.007,0.000,0.000,0.000,1,0,0,0,0.247,0.147,0.109,0.080,0.051,0.022,8,6,5,3
