0.312,0.114,0.387,1.42,0.221,0,0.0096,0.6099,0.630,-0.397,0.166,0.114,0.027,0.009,0.000,0.000,8,5,0,0,0.172,0.131,0.060,0.011,0.009,0.004,13,5,4,2
0.296,0.105,0.400,-1.1,0.105,-1,0.0085,0.4685,0.413,0.192,0.166,0.114,0.027,0.009,0.000,0.000,8,5,0,0,0.172,0.131,0.060,0.011,0.009,0.004,13,5,4,2
0.283,0.121,0.326,0.85,0.046,0,0.0072,0.3413,0.283,0.06,0.166,0.114,0.027,0.009,0.000,0.000,8,5,0,0,0.172,0.131,0.060,0.011,0.009,0.004,13,5,4,2
0.271,0.116,0.468,1.42,0.221,0,0.0061,0.2332,0.195,-0.397,0.166,0.114,0.027,0.009,0.000,0.000,8,5,0,0,0.172,0.131,0.060,0.011,0.009,0.004,13,5,4,2
0.272,0.177,0.585,-1.19,0.219,1,0.0053,0.1467,0.379,0.586,0.166,0.114,0.027,0.009,0.000,0.000,8,5,0,0,0.172,0.131,0.060,0.011,0.009,0.004,13,5,4,2
0.271,0.191,0.625,0.2,0.291,1,0.0049,0.0821,0.320,0.180,0.166,0.114,0.027,0.009,0.000,0.000,8,5,0,0,0.172,0.131,0.060,0.011,0.009,0.004,13,5,4,2
0.265,0.140,0.417,0,0.000,0,0.0047,0.0379,0.117,0.166,0.166,0.114,0.027,0.009,0.000,0.000,8,5,0,0,0.172,0.131,0.060,0.011,0.009,0.004,13,5,4,2
0.259,0.115,0.302,1.99,0.186,0,0.0048,0.0116,0.048,-0.326,0.166,0.114,0.027,0.009,0.000,0.000,8,5,0,0,0.172,0.131,0.060,0.011,0.009,0.004,13,5,4,2
0.211,0.110,0.146,2.1,0.128,0,0.0051,-0.0005,0.038,0.02,0.166,0.114,0.027,0.009,0.000,0.000,8,5,0,0,0.172,0.131,0.060,0.011,0.009,0.004,13,5,4,2
0.208,0.089,0.069,2.1,0.128,0,0.0056,-0.0025,0.026,0.02,0.166,0.114,0.027,0.009,0.000,0.000,8,5,0,0,0.172,0.131,0.060,0.011,0.009,0.004,13,5,4,2
0.216,0.066,0.176,2.53,0.140,0,0.0061,0.0015,0.014,-0.121,0.166,0.114,0.027,0.009,0.000,0.000,8,5,0,0,0.172,0.131,0.060,0.011,0.009,0.004,13,5,4,2
0.200,0.066,0.048,1.99,0.186,0,0.0068,0.0063,0.017,-0.326,0.166,0.114,0.027,0.009,0.000,0.000,8,5,0,0,0.172,0.131,0.060,0.011,0.009,0.004,13,5,4,2
0.217,0.048,0.102,1.99,0.186,0,0.0067,0.0072,0.027,-0.326,0.166,0.114,0.027,0.009,0.000,0.000,8,5,0,0,0.172,0.131,0.060,0.011,0.009,0.004,13,5,4,2
0.209,0.050,0.123,1.99,0.186,0,0.0064,0.0047,0.033,-0.326,0.166,0.114,0.027,0.009,0.000,0.000,8,5,0,0,0.172,0.131,0.060,0.011,0.009,0.004,13,5,4,2
0.167,0.038,0.329,2.1,0.128,0,0.0058,0.0058,0.035,0.02,0.166,0.114,0.027,0.009,0.000,0.000,8,5,0,0,0.172,0.131,0.060,0.011,0.009,0.004,13,5,4,2
0.133,0.027,0.383,0,0.000,0,0.0060,0.0063,0.067,0.166,0.166,0.114,0.027,0.009,0.000,0.000,8,5,0,0,0.172,0.131,0.060,0.011,0.009,0.004,13,5,4,2
0.137,0.038,0.158,0.85,0.046,0,0.0105,0.0083,0.049,0.06,0.166,0.114,0.027,0.009,0.000,0.000,8,5,0,0,0.172,0.131,0.060,0.011,0.009,0.004,13,5,4,2
0.135,0.044,0.250,2.53,0.140,0,0.0018,0.0016,0.068,-0.121,0.166,0.114,0.027,0.009,0.000,0.000,8,5,0,0,0.172,0.131,0.060,0.011,0.009,0.004,13,5,4,2
0.141,0.077,0.108,1.69,0.290,0,-0.0001,0.0018,0.096,-0.697,0.166,0.114,0.027,0.009,0.000,0.000,8,5,0,0,0.172,0.131,0.060,0.011,0.009,0.004,13,5,4,2
0.113,0.088,0.207,2.53,0.140,0,0.0039,0.0061,0.100,-0.121,0.166,0.114,0.027,0.009,0.000,0.000,8,5,0,0,0.172,0.131,0.060,0.011,0.009,0.004,13,5,4,2
0.114,0.164,0.227,-0.52,0.062,0,0.0161,0.0167,0.123,0.341,0.166,0.114,0.027,0.009,0.000,0.000,8,5,0,0,0.172,0.131,0.060,0.011,0.009,0.004,13,5,4,2
0.118,0.147,0.197,-1.14,0.131,0,0.0278,0.0306,0.310,0.987,0.166,0.114,0.027,0.009,0.000,0.000,8,5,0,0,0.172,0.131,0.060,0.011,0.009,0.004,13,5,4,2
0.121,0.162,0.410,-0.52,0.062,0,0.0527,0.0485,0.313,0.341,0.166,0.114,0.027,0.009,0.000,0.000,8,5,0,0,0.172,0.131,0.060,0.011,0.009,0.004,13,5,4,2
0.123,0.269,0.401,-0.42,0.180,0,0.0831,0.0691,0.410,0.318,0.166,0.114,0.027,0.009,0.000,0.000,8,5,0,0,0.172,0.131,0.060,0.011,0.009,0.004,13,5,4,2
0.128,0.163,0.321,-0.79,0.151,-1,0.1145,0.0923,0.312,0.736,0.166,0.114,0.027,0.009,0.000,0.000,8,5,0,0,0.172,0.131,0.060,0.011,0.009,0.004,13,5,4,2
0.131,0.151,0.441,3.14,0.186,0,0.1408,0.1169,0.063,-0.486,0.166,0.114,0.027,0.009,0.000,0.000,8,5,0,0,0.172,0.131,0.060,0.011,0.009,0.004,13,5,4,2
0.114,0.229,0.465,0.22,0.230,0,0.1588,0.1383,0.161,0.303,0.166,0.114,0.027,0.009,0.000,0.000,8,5,0,0,0.172,0.131,0.060,0.011,0.009,0.004,13,5,4,2
0.110,0.174,0.242,0.85,0.046,0,0.1699,0.1586,0.265,0.06,0.166,0.114,0.027,0.009,0.000,0.000,8,5,0,0,0.172,0.131,0.060,0.011,0.009,0.004,13,5,4,2
0.110,0.346,0.476,0.2,0.291,1,0.1674,0.1661,0.215,0.180,0.166,0.114,0.027,0.009,0.000,0.000,8,5,0,0,0.172,0.131,0.060,0.011,0.009,0.004,13,5,4,2
0.130,0.222,0.278,1.69,0.290,0,0.1554,0.1671,0.059,-0.697,0.166,0.114,0.027,0.009,0.000,0.000,8,5,0,0,0.172,0.131,0.060,0.011,0.009,0.004,13,5,4,2
0.134,0.457,0.705,0.2,0.291,1,0.1374,0.1634,0.318,0.180,0.166,0.114,0.027,0.009,0.000,0.000,8,5,0,0,0.172,0.131,0.060,0.011,0.009,0.004,13,5,4,2
0.132,0.414,0.797,0.2,0.291,1,0.1260,0.1688,0.424,0.180,0.166,0.114,0.027,0.009,0.000,0.000,8,5,0,0,0.172,0.131,0.060,0.011,0.009,0.004,13,5,4,2
0.133,0.392,0.482,0,0.000,0,0.1147,0.1709,0.255,0.166,0.166,0.114,0.027,0.009,0.000,0.000,8,5,0,0,0.172,0.131,0.060,0.011,0.009,0.004,13,5,4,2
0.103,0.310,0.465,0.85,0.046,0,0.1094,0.1739,0.196,0.06,0.166,0.114,0.027,0.009,0.000,0.000,8,5,0,0,0.172,0.131,0.060,0.011,0.009,0.004,13,5,4,2
0.132,0.484,0.737,0.2,0.291,1,0.1150,0.1810,0.380,0.180,0.166,0.114,0.027,0.009,0.000,0.000,8,5,0,0,0.172,0.131,0.060,0.011,0.009,0.004,13,5,4,2
0.153,0.423,0.640,-0.52,0.062,0,0.1131,0.1829,0.194,0.341,0.166,0.114,0.027,0.009,0.000,0.000,8,5,0,0,0.172,0.131,0.060,0.011,0.009,0.004,13,5,4,2
0.152,0.472,0.563,1.37,0.298,0,0.1157,0.1838,0.075,-0.510,0.166,0.114,0.027,0.009,0.000,0.000,8,5,0,0,0.172,0.131,0.060,0.011,0.009,0.004,13,5,4,2
0.148,0.342,0.477,-0.42,0.180,0,0.1213,0.1883,0.217,0.318,0.166,0.114,0.027,0.009,0.000,0.000,8,5,0,0,0.172,0.131,0.060,0.011,0.009,0.004,13,5,4,2
0.144,0.246,0.329,2.53,0.140,0,0.1324,0.2041,0.116,-0.121,0.166,0.114,0.027,0.009,0.000,0.000,8,5,0,0,0.172,0.131,0.060,0.011,0.009,0.004,13,5,4,2
0.124,0.276,0.206,3.14,0.186,0,0.1306,0.2140,0.083,-0.486,0.166,0.114,0.027,0.009,0.000,0.000,8,5,0,0,0.172,0.131,0.060,0.011,0.009,0.004,13,5,4,2
0.145,0.253,0.229,2.1,0.128,0,0.1292,0.2169,0.061,0.02,0.166,0.114,0.027,0.009,0.000,0.000,8,5,0,0,0.172,0.131,0.060,0.011,0.009,0.004,13,5,4,2
0.135,0.312,0.477,0.2,0.291,1,0.1242,0.2127,0.293,0.180,0.166,0.114,0.027,0.009,0.000,0.000,8,5,0,0,0.172,0.131,0.060,0.011,0.009,0.004,13,5,4,2
0.139,0.190,0.362,-1.1,0.105,-1,0.1272,0.2083,0.314,0.192,0.166,0.114,0.027,0.009,0.000,0.000,8,5,0,0,0.172,0.131,0.060,0.011,0.009,0.004,13,5,4,2
0.132,0.180,0.068,-0.79,0.151,-1,0.1162,0.1996,0.414,0.736,0.166,0.114,0.027,0.009,0.000,0.000,8,5,0,0,0.172,0.131,0.060,0.011,0.009,0.004,13,5,4,2
0.138,0.218,0.551,-1.19,0.219,1,0.1038,0.1906,0.386,0.586,0.166,0.114,0.027,0.009,0.000,0.000,8,5,0,0,0.172,0.131,0.060,0.011,0.009,0.004,13,5,4,2
0.092,0.217,0.463,-0.08,0.108,0,0.0992,0.1893,0.163,0.059,0.166,0.114,0.027,0.009,0.000,0.000,8,5,0,0,0.172,0.131,0.060,0.011,0.009,0.004,13,5,4,2
0.087,0.221,0.471,-0.42,0.180,0,0.0973,0.1833,0.287,0.318,0.166,0.114,0.027,0.009,0.000,0.000,8,5,0,0,0.172,0.131,0.060,0.011,0.009,0.004,13,5,4,2
0.102,0.143,0.291,1.42,0.221,0,0.1063,0.1846,0.202,-0.397,0.166,0.114,0.027,0.009,0.000,0.000,8,5,0,0,0.172,0.131,0.060,0.011,0.009,0.004,13,5,4,2
0.100,0.139,0.326,3.14,0.186,0,0.1203,0.1880,0.101,-0.486,0.166,0.114,0.027,0.009,0.000,0.000,8,5,0,0,0.172,0.131,0.060,0.011,0.009,0.004,13,5,4,2
0.100,0.257,0.323,1.37,0.298,0,0.1500,0.2071,0.139,-0.510,0.166,0.114,0.027,0.009,0.000,0.000,8,5,0,0,0.172,0.131,0.060,0.011,0.009,0.004,13,5,4,2
0.102,0.294,0.375,-0.42,0.180,0,0.1876,0.2302,0.316,0.318,0.166,0.114,0.027,0.009,0.000,0.000,8,5,0,0,0.172,0.131,0.060,0.011,0.009,0.004,13,5,4,2
0.103,0.250,0.396,-0.42,0.180,0,0.2235,0.2506,0.241,0.318,0.166,0.114,0.027,0.009,0.000,0.000,8,5,0,0,0.172,0.131,0.060,0.011,0.009,0.004,13,5,4,2
0.105,0.295,0.391,0.22,0.230,0,0.2526,0.2656,0.095,0.303,0.166,0.114,0.027,0.009,0.000,0.000,8,5,0,0,0.172,0.131,0.060,0.011,0.009,0.004,13,5,4,2
0.092,0.400,0.453,-0.42,0.180,0,0.2660,0.2687,0.247,0.318,0.166,0.114,0.027,0.009,0.000,0.000,8,5,0,0,0.172,0.131,0.060,0.011,0.009,0.004,13,5,4,2
0.118,0.347,0.441,-0.52,0.062,0,0.2557,0.2477,0.307,0.341,0.166,0.114,0.027,0.009,0.000,0.000,8,5,0,0,0.172,0.131,0.060,0.011,0.009,0.004,13,5,4,2
0.095,0.496,0.307,1.76,0.409,0,0.2288,0.2153,0.142,-0.884,0.166,0.114,0.027,0.009,0.000,0.000,8,5,0,0,0.172,0.131,0.060,0.011,0.009,0.004,13,5,4,2
0.081,0.308,0.256,1.99,0.186,0,0.1927,0.1807,0.093,-0.326,0.166,0.114,0.027,0.009,0.000,0.000,8,5,0,0,0.172,0.131,0.060,0.011,0.009,0.004,13,5,4,2
0.074,0.509,0.523,0.2,0.291,1,0.1478,0.1413,0.253,0.180,0.166,0.114,0.027,0.009,0.000,0.000,8,5,0,0,0.172,0.131,0.060,0.011,0.009,0.004,13,5,4,2
0.073,0.372,0.247,-1.14,0.131,0,0.0987,0.0993,0.286,0.987,0.166,0.114,0.027,0.009,0.000,0.000,8,5,0,0,0.172,0.131,0.060,0.011,0.009,0.004,13,5,4,2
0.051,0.371,0.230,2.53,0.140,0,0.0595,0.0650,0.163,-0.121,0.166,0.114,0.027,0.009,0.000,0.000,8,5,0,0,0.172,0.131,0.060,0.011,0.009,0.004,13,5,4,2
0.059,0.295,0.330,1.99,0.186,0,0.0424,0.0449,0.102,-0.326,0.166,0.114,0.027,0.009,0.000,0.000,8,5,0,0,0.172,0.131,0.060,0.011,0.009,0.004,13,5,4,2
0.051,0.511,0.660,0.2,0.291,1,0.0270,0.0322,0.402,0.180,0.166,0.114,0.027,0.009,0.000,0.000,8,5,0,0,0.172,0.131,0.060,0.011,0.009,0.004,13,5,4,2
0.056,0.387,0.449,-0.52,0.062,0,0.0219,0.0286,0.357,0.341,0.166,0.114,0.027,0.009,0.000,0.000,8,5,0,0,0.172,0.131,0.060,0.011,0.009,0.004,13,5,4,2
0.053,0.358,0.470,-0.48,0.134,0,0.0221,0.0299,0.337,0.007,0.166,0.114,0.027,0.009,0.000,0.000,8,5,0,0,0.172,0.131,0.060,0.011,0.009,0.004,13,5,4,2
0.058,0.432,0.536,0.2,0.291,1,0.0258,0.0316,0.298,0.180,0.166,0.114,0.027,0.009,0.000,0.000,8,5,0,0,0.172,0.131,0.060,0.011,0.009,0.004,13,5,4,2
0.055,0.316,0.479,2.53,0.140,0,0.0329,0.0366,0.123,-0.121,0.166,0.114,0.027,0.009,0.000,0.000,8,5,0,0,0.172,0.131,0.060,0.011,0.009,0.004,13,5,4,2
0.078,0.315,0.493,-0.79,0.151,-1,0.0321,0.0350,0.192,0.736,0.166,0.114,0.027,0.009,0.000,0.000,8,5,0,0,0.172,0.131,0.060,0.011,0.009,0.004,13,5,4,2
0.081,0.411,0.488,1.37,0.298,0,0.0292,0.0315,0.082,-0.510,0.166,0.114,0.027,0.009,0.000,0.000,8,5,0,0,0.172,0.131,0.060,0.011,0.009,0.004,13,5,4,2
0.084,0.327,0.340,2.1,0.128,0,0.0293,0.0302,0.049,0.02,0.166,0.114,0.027,0.009,0.000,0.000,8,5,0,0,0.172,0.131,0.060,0.011,0.009,0.004,13,5,4,2
0.092,0.437,0.445,1.76,0.409,0,0.0281,0.0272,0.080,-0.884,0.166,0.114,0.027,0.009,0.000,0.000,8,5,0,0,0.172,0.131,0.060,0.011,0.009,0.004,13,5,4,2
0.092,0.336,0.451,2.1,0.128,0,0.0290,0.0254,0.051,0.02,0.166,0.114,0.027,0.009,0.000,0.000,8,5,0,0,0.172,0.131,0.060,0.011,0.009,0.004,13,5,4,2
0.089,0.462,0.493,-0.48,0.134,0,0.0240,0.0207,0.205,0.007,0.166,0.114,0.027,0.009,0.000,0.000,8,5,0,0,0.172,0.131,0.060,0.011,0.009,0.004,13,5,4,2
0.085,0.450,0.545,-0.52,0.062,0,0.0219,0.0182,0.227,0.341,0.166,0.114,0.027,0.009,0.000,0.000,8,5,0,0,0.172,0.131,0.060,0.011,0.009,0.004,13,5,4,2
0.101,0.453,0.357,0,0.000,0,0.0193,0.0158,0.282,0.166,0.166,0.114,0.027,0.009,0.000,0.000,8,5,0,0,0.172,0.131,0.060,0.011,0.009,0.004,13,5,4,2
0.125,0.545,0.606,0.2,0.291,1,0.0182,0.0142,0.341,0.180,0.166,0.114,0.027,0.009,0.000,0.000,8,5,0,0,0.172,0.131,0.060,0.011,0.009,0.004,13,5,4,2
0.124,0.333,0.309,0.85,0.046,0,0.0198,0.0149,0.224,0.06,0.166,0.114,0.027,0.009,0.000,0.000,8,5,0,0,0.172,0.131,0.060,0.011,0.009,0.004,13,5,4,2
0.130,0.377,0.391,-0.42,0.180,0,0.0209,0.0129,0.299,0.318,0.166,0.114,0.027,0.009,0.000,0.000,8,5,0,0,0.172,0.131,0.060,0.011,0.009,0.004,13,5,4,2
0.130,0.293,0.155,2.1,0.128,0,0.0233,0.0121,0.112,0.02,0.166,0.114,0.027,0.009,0.000,0.000,8,5,0,0,0.172,0.131,0.060,0.011,0.009,0.004,13,5,4,2
0.140,0.345,0.135,0.22,0.230,0,0.0307,0.0127,0.270,0.303,0.166,0.114,0.027,0.009,0.000,0.000,8,5,0,0,0.172,0.131,0.060,0.011,0.009,0.004,13,5,4,2
0.141,0.259,0.053,-0.52,0.062,0,0.0433,0.0151,0.323,0.341,0.166,0.114,0.027,0.009,0.000,0.000,8,5,0,0,0.172,0.131,0.060,0.011,0.009,0.004,13,5,4,2
0.204,0.208,0.004,2.53,0.140,0,0.0520,0.0178,0.133,-0.121,0.166,0.114,0.027,0.009,0.000,0.000,8,5,0,0,0.172,0.131,0.060,0.011,0.009,0.004,13,5,4,2
0.166,0.173,0.008,-1.14,0.131,0,0.0558,0.0182,0.292,0.987,0.166,0.114,0.027,0.009,0.000,0.000,8,5,0,0,0.172,0.131,0.060,0.011,0.009,0.004,13,5,4,2
0.166,0.160,0.055,2.53,0.140,0,0.0589,0.0181,0.161,-0.121,0.166,0.114,0.027,0.009,0.000,0.000,8,5,0,0,0.172,0.131,0.060,0.011,0.009,0.004,13,5,4,2
0.162,0.206,0.102,-1.19,0.219,1,0.0595,0.0165,0.447,0.586,0.166,0.114,0.027,0.009,0.000,0.000,8,5,0,0,0.172,0.131,0.060,0.011,0.009,0.004,13,5,4,2
0.162,0.214,0.095,-0.52,0.062,0,0.0591,0.0134,0.292,0.341,0.166,0.114,0.027,0.009,0.000,0.000,8,5,0,0,0.172,0.131,0.060,0.011,0.009,0.004,13,5,4,2
0.149,0.175,0.122,2.1,0.128,0,0.0579,0.0109,0.183,0.02,0.166,0.114,0.027,0.009,0.000,0.000,8,5,0,0,0.172,0.131,0.060,0.011,0.009,0.004,13,5,4,2
0.152,0.239,0.341,-0.52,0.062,0,0.0548,0.0086,0.392,0.341,0.166,0.114,0.027,0.009,0.000,0.000,8,5,0,0,0.172,0.131,0.060,0.011,0.009,0.004,13,5,4,2
0.152,0.221,0.358,-0.79,0.151,-1,0.0536,0.0080,0.334,0.736,0.166,0.114,0.027,0.009,0.000,0.000,8,5,0,0,0.172,0.131,0.060,0.011,0.009,0.004,13,5,4,2
0.143,0.291,0.230,-1.14,0.131,0,0.0516,0.0076,0.262,0.987,0.166,0.114,0.027,0.009,0.000,0.000,8,5,0,0,0.172,0.131,0.060,0.011,0.009,0.004,13,5,4,2
0.134,0.533,0.442,0.2,0.291,1,0.0458,0.0056,0.309,0.180,0.166,0.114,0.027,0.009,0.000,0.000,8,5,0,0,0.172,0.131,0.060,0.011,0.009,0.004,13,5,4,2
0.127,0.389,0.244,2.1,0.128,0,0.0432,0.0060,0.107,0.02,0.166,0.114,0.027,0.009,0.000,0.000,8,5,0,0,0.172,0.131,0.060,0.011,0.009,0.004,13,5,4,2
0.114,0.401,0.411,1.69,0.290,0,0.0396,0.0063,0.137,-0.697,0.166,0.114,0.027,0.009,0.000,0.000,8,5,0,0,0.172,0.131,0.060,0.011,0.009,0.004,13,5,4,2
0.098,0.493,0.463,-0.48,0.134,0,0.0362,0.0066,0.346,0.007,0.166,0.114,0.027,0.009,0.000,0.000,8,5,0,0,0.172,0.131,0.060,0.011,0.009,0.004,13,5,4,2
0.103,0.471,0.435,0,0.000,0,0.0316,0.0067,0.248,0.166,0.166,0.114,0.027,0.009,0.000,0.000,8,5,0,0,0.172,0.131,0.060,0.011,0.009,0.004,13,5,4,2
0.079,0.556,0.317,0,0.000,0,0.0247,0.0060,0.246,0.166,0.166,0.114,0.027,0.009,0.000,0.000,8,5,0,0,0.172,0.131,0.060,0.011,0.009,0.004,13,5,4,2
0.061,0.737,0.587,-0.08,0.108,0,0.0160,0.0044,0.258,0.059,0.166,0.114,0.027,0.009,0.000,0.000,8,5,0,0,0.172,0.131,0.060,0.011,0.009,0.004,13,5,4,2
0.059,0.469,0.385,2.1,0.128,0,0.0126,0.0037,0.078,0.02,0.166,0.114,0.027,0.009,0.000,0.000,8,5,0,0,0.172,0.131,0.060,0.011,0.009,0.004,13,5,4,2
0.058,0.437,0.393,-0.42,0.180,0,0.0147,0.0037,0.247,0.318,0.166,0.114,0.027,0.009,0.000,0.000,8,5,0,0,0.172,0.131,0.060,0.011,0.009,0.004,13,5,4,2
0.070,0.428,0.433,-0.42,0.180,0,0.0143,0.0034,0.145,0.318,0.166,0.114,0.027,0.009,0.000,0.000,8,5,0,0,0.172,0.131,0.060,0.011,0.009,0.004,13,5,4,2
0.075,0.217,0.201,0.85,0.046,0,0.0126,0.0027,0.060,0.06,0.166,0.114,0.027,0.009,0.000,0.000,8,5,0,0,0.172,0.131,0.060,0.011,0.009,0.004,13,5,4,2
0.069,0.205,0.185,1.99,0.186,0,0.0117,0.0023,0.080,-0.326,0.166,0.114,0.027,0.009,0.000,0.000,8,5,0,0,0.172,0.131,0.060,0.011,0.009,0.004,13,5,4,2
0.054,0.286,0.647,1.37,0.298,0,0.0105,0.0019,0.135,-0.510,0.166,0.114,0.027,0.009,0.000,0.000,8,5,0,0,0.172,0.131,0.060,0.011,0.009,0.004,13,5,4,2
0.068,0.281,0.323,1.69,0.290,0,0.0111,0.0021,0.068,-0.697,0.166,0.114,0.027,0.009,0.000,0.000,8,5,0,0,0.172,0.131,0.060,0.011,0.009,0.004,13,5,4,2
0.066,0.297,0.243,-0.52,0.062,0,0.0118,0.0024,0.098,0.341,0.166,0.114,0.027,0.009,0.000,0.000,8,5,0,0,0.172,0.131,0.060,0.011,0.009,0.004,13,5,4,2
0.065,0.234,0.587,-1.1,0.105,-1,0.0119,0.0027,0.226,0.192,0.166,0.114,0.027,0.009,0.000,0.000,8,5,0,0,0.172,0.131,0.060,0.011,0.009,0.004,13,5,4,2
0.065,0.185,0.481,1.69,0.290,0,0.0125,0.0031,0.065,-0.697,0.166,0.114,0.027,0.009,0.000,0.000,8,5,0,0,0.172,0.131,0.060,0.011,0.009,0.004,13,5,4,2
0.085,0.172,0.339,2.53,0.140,0,0.0103,0.0023,0.122,-0.121,0.166,0.114,0.027,0.009,0.000,0.000,8,5,0,0,0.172,0.131,0.060,0.011,0.009,0.004,13,5,4,2
0.085,0.241,0.281,2.1,0.128,0,0.0086,0.0018,0.084,0.02,0.166,0.114,0.027,0.009,0.000,0.000,8,5,0,0,0.172,0.131,0.060,0.011,0.009,0.004,13,5,4,2
0.091,0.256,0.264,-0.42,0.180,0,0.0072,0.0015,0.231,0.318,0.166,0.114,0.027,0.009,0.000,0.000,8,5,0,0,0.172,0.131,0.060,0.011,0.009,0.004,13,5,4,2
0.076,0.244,0.218,2.1,0.128,0,0.0075,0.0019,0.054,0.02,0.166,0.114,0.027,0.009,0.000,0.000,8,5,0,0,0.172,0.131,0.060,0.011,0.009,0.004,13,5,4,2
0.074,0.219,0.146,-1.14,0.131,0,0.0082,0.0022,0.237,0.987,0.166,0.114,0.027,0.009,0.000,0.000,8,5,0,0,0.172,0.131,0.060,0.011,0.009,0.004,13,5,4,2
0.071,0.239,0.159,-0.79,0.151,-1,0.0109,0.0037,0.513,0.736,0.166,0.114,0.027,0.009,0.000,0.000,8,5,0,0,0.172,0.131,0.060,0.011,0.009,0.004,13,5,4,2
0.076,0.281,0.154,0,0.000,0,0.0091,0.0021,0.218,0.166,0.166,0.114,0.027,0.009,0.000,0.000,8,5,0,0,0.172,0.131,0.060,0.011,0.009,0.004,13,5,4,2
0.096,0.292,0.316,1.69,0.290,0,0.0070,0.0004,0.132,-0.697,0.166,0.114,0.027,0.009,0.000,0.000,8,5,0,0,0.172,0.131,0.060,0.011,0.009,0.004,13,5,4,2
0.092,0.267,0.331,0.85,0.046,0,0.0076,0.0004,0.319,0.06,0.166,0.114,0.027,0.009,0.000,0.000,8,5,0,0,0.172,0.131,0.060,0.011,0.009,0.004,13,5,4,2
0.091,0.352,0.334,0,0.000,0,0.0107,0.0019,0.235,0.166,0.166,0.114,0.027,0.009,0.000,0.000,8,5,0,0,0.172,0.131,0.060,0.011,0.009,0.004,13,5,4,2
0.114,0.315,0.361,-1.19,0.219,1,0.0155,0.0050,0.340,0.586,0.166,0.114,0.027,0.009,0.000,0.000,8,5,0,0,0.172,0.131,0.060,0.011,0.009,0.004,13,5,4,2
0.102,0.228,0.197,2.1,0.128,0,0.0203,0.0081,0.117,0.02,0.166,0.114,0.027,0.009,0.000,0.000,8,5,0,0,0.172,0.131,0.060,0.011,0.009,0.004,13,5,4,2
0.080,0.186,0.077,2.1,0.128,0,0.0256,0.0119,0.101,0.02,0.166,0.114,0.027,0.009,0.000,0.000,8,5,0,0,0.172,0.131,0.060,0.011,0.009,0.004,13,5,4,2
0.079,0.206,0.030,-0.79,0.151,-1,0.0324,0.0171,0.283,0.736,0.166,0.114,0.027,0.009,0.000,0.000,8,5,0,0,0.172,0.131,0.060,0.011,0.009,0.004,13,5,4,2
0.074,0.190,0.163,3.14,0.186,0,0.0413,0.0243,0.126,-0.486,0.166,0.114,0.027,0.009,0.000,0.000,8,5,0,0,0.172,0.131,0.060,0.011,0.009,0.004,13,5,4,2
0.080,0.305,0.021,-1.1,0.105,-1,0.0395,0.0218,0.257,0.192,0.166,0.114,0.027,0.009,0.000,0.000,8,5,0,0,0.172,0.131,0.060,0.011,0.009,0.004,13,5,4,2
0.096,0.319,0.022,-0.08,0.108,0,0.0367,0.0196,0.222,0.059,0.166,0.114,0.027,0.009,0.000,0.000,8,5,0,0,0.172,0.131,0.060,0.011,0.009,0.004,13,5,4,2
0.099,0.375,0.098,0.2,0.291,1,0.0336,0.0177,0.309,0.180,0.166,0.114,0.027,0.009,0.000,0.000,8,5,0,0,0.172,0.131,0.060,0.011,0.009,0.004,13,5,4,2
0.107,0.217,0.012,0.85,0.046,0,0.0343,0.0202,0.152,0.06,0.166,0.114,0.027,0.009,0.000,0.000,8,5,0,0,0.172,0.131,0.060,0.011,0.009,0.004,13,5,4,2
0.111,0.247,0.033,-0.08,0.108,0,0.0417,0.0282,0.219,0.059,0.166,0.114,0.027,0.009,0.000,0.000,8,5,0,0,0.172,0.131,0.060,0.011,0.009,0.004,13,5,4,2
0.111,0.218,0.067,2.1,0.128,0,0.0577,0.0419,0.111,0.02,0.166,0.114,0.027,0.009,0.000,0.000,8,5,0,0,0.172,0.131,0.060,0.011,0.009,0.004,13,5,4,2
0.084,0.254,0.313,1.37,0.298,0,0.0824,0.0611,0.168,-0.510,0.166,0.114,0.027,0.009,0.000,0.000,8,5,0,0,0.172,0.131,0.060,0.011,0.009,0.004,13,5,4,2
0.056,0.186,0.172,-0.79,0.151,-1,0.1114,0.0875,0.381,0.736,0.166,0.114,0.027,0.009,0.000,0.000,8,5,0,0,0.172,0.131,0.060,0.011,0.009,0.004,13,5,4,2
0.057,0.219,0.191,-1.1,0.105,-1,0.1478,0.1131,0.388,0.192,0.166,0.114,0.027,0.009,0.000,0.000,8,5,0,0,0.172,0.131,0.060,0.011,0.009,0.004,13,5,4,2
0.067,0.271,0.272,-0.42,0.180,0,0.1722,0.1272,0.344,0.318,0.166,0.114,0.027,0.009,0.000,0.000,8,5,0,0,0.172,0.131,0.060,0.011,0.009,0.004,13,5,4,2
0.069,0.280,0.237,0,0.000,0,0.1856,0.1365,0.352,0.166,0.166,0.114,0.027,0.009,0.000,0.000,8,5,0,0,0.172,0.131,0.060,0.011,0.009,0.004,13,5,4,2
0.058,0.189,0.266,3.14,0.186,0,0.2014,0.1544,0.147,-0.486,0.166,0.114,0.027,0.009,0.000,0.000,8,5,0,0,0.172,0.131,0.060,0.011,0.009,0.004,13,5,4,2
0.065,0.263,0.457,-0.52,0.062,0,0.2148,0.1772,0.200,0.341,0.166,0.114,0.027,0.009,0.000,0.000,8,5,0,0,0.172,0.131,0.060,0.011,0.009,0.004,13,5,4,2
0.063,0.416,0.485,1.37,0.298,0,0.2257,0.2031,0.162,-0.510,0.166,0.114,0.027,0.009,0.000,0.000,8,5,0,0,0.172,0.131,0.060,0.011,0.009,0.004,13,5,4,2
0.063,0.382,0.486,0.2,0.291,1,0.2268,0.2245,0.314,0.180,0.166,0.114,0.027,0.009,0.000,0.000,8,5,0,0,0.172,0.131,0.060,0.011,0.009,0.004,13,5,4,2
0.054,0.413,0.457,0,0.000,0,0.2262,0.2480,0.130,0.166,0.166,0.114,0.027,0.009,0.000,0.000,8,5,0,0,0.172,0.131,0.060,0.011,0.009,0.004,13,5,4,2
0.054,0.332,0.449,-0.08,0.108,0,0.2262,0.2721,0.197,0.059,0.166,0.114,0.027,0.009,0.000,0.000,8,5,0,0,0.172,0.131,0.060,0.011,0.009,0.004,13,5,4,2
0.058,0.403,0.515,1.76,0.409,0,0.2332,0.2997,0.145,-0.884,0.166,0.114,0.027,0.009,0.000,0.000,8,5,0,0,0.172,0.131,0.060,0.011,0.009,0.004,13,5,4,2
0.060,0.296,0.308,-0.52,0.062,0,0.2326,0.3156,0.226,0.341,0.166,0.114,0.027,0.009,0.000,0.000,8,5,0,0,0.172,0.131,0.060,0.011,0.009,0.004,13,5,4,2
0.042,0.227,0.242,-0.08,0.108,0,0.2368,0.3294,0.227,0.059,0.166,0.114,0.027,0.009,0.000,0.000,8,5,0,0,0.172,0.131,0.060,0.011,0.009,0.004,13,5,4,2
0.037,0.145,0.125,0.85,0.046,0,0.2260,0.3263,0.251,0.06,0.166,0.114,0.027,0.009,0.000,0.000,8,5,0,0,0.172,0.131,0.060,0.011,0.009,0.004,13,5,4,2
0.038,0.161,0.256,-0.79,0.151,-1,0.2165,0.3226,0.416,0.736,0.166,0.114,0.027,0.009,0.000,0.000,8,5,0,0,0.172,0.131,0.060,0.011,0.009,0.004,13,5,4,2
0.041,0.181,0.349,-0.52,0.062,0,0.2110,0.3205,0.314,0.341,0.166,0.114,0.027,0.009,0.000,0.000,8,5,0,0,0.172,0.131,0.060,0.011,0.009,0.004,13,5,4,2
0.039,0.176,0.348,0,0.000,0,0.2075,0.3193,0.259,0.166,0.166,0.114,0.027,0.009,0.000,0.000,8,5,0,0,0.172,0.131,0.060,0.011,0.009,0.004,13,5,4,2
0.044,0.140,0.271,0.85,0.046,0,0.2101,0.3266,0.277,0.06,0.166,0.114,0.027,0.009,0.000,0.000,8,5,0,0,0.172,0.131,0.060,0.011,0.009,0.004,13,5,4,2
0.042,0.164,0.308,-0.79,0.151,-1,0.2180,0.3468,0.363,0.736,0.166,0.114,0.027,0.009,0.000,0.000,8,5,0,0,0.172,0.131,0.060,0.011,0.009,0.004,13,5,4,2
0.040,0.191,0.580,2.1,0.128,0,0.2325,0.3687,0.079,0.02,0.166,0.114,0.027,0.009,0.000,0.000,8,5,0,0,0.172,0.131,0.060,0.011,0.009,0.004,13,5,4,2
0.053,0.297,0.258,-0.08,0.108,0,0.2345,0.3788,0.237,0.059,0.166,0.114,0.027,0.009,0.000,0.000,8,5,0,0,0.172,0.131,0.060,0.011,0.009,0.004,13,5,4,2
0.075,0.294,0.377,-0.48,0.134,0,0.2373,0.3843,0.310,0.007,0.166,0.114,0.027,0.009,0.000,0.000,8,5,0,0,0.172,0.131,0.060,0.011,0.009,0.004,13,5,4,2
0.063,0.329,0.248,1.76,0.409,0,0.2360,0.3908,0.146,-0.884,0.166,0.114,0.027,0.009,0.000,0.000,8,5,0,0,0.172,0.131,0.060,0.011,0.009,0.004,13,5,4,2
0.070,0.255,0.261,-0.48,0.134,0,0.2312,0.3944,0.283,0.007,0.166,0.114,0.027,0.009,0.000,0.000,8,5,0,0,0.172,0.131,0.060,0.011,0.009,0.004,13,5,4,2
0.071,0.228,0.263,-0.52,0.062,0,0.2399,0.4058,0.217,0.341,0.166,0.114,0.027,0.009,0.000,0.000,8,5,0,0,0.172,0.131,0.060,0.011,0.009,0.004,13,5,4,2
0.092,0.177,0.330,-0.52,0.062,0,0.2431,0.4065,0.300,0.341,0.166,0.114,0.027,0.009,0.000,0.000,8,5,0,0,0.172,0.131,0.060,0.011,0.009,0.004,13,5,4,2
0.091,0.107,0.135,0.85,0.046,0,0.2557,0.4111,0.236,0.06,0.166,0.114,0.027,0.009,0.000,0.000,8,5,0,0,0.172,0.131,0.060,0.011,0.009,0.004,13,5,4,2
0.085,0.084,0.046,1.99,0.186,0,0.2714,0.4148,0.186,-0.326,0.166,0.114,0.027,0.009,0.000,0.000,8,5,0,0,0.172,0.131,0.060,0.011,0.009,0.004,13,5,4,2
0.081,0.080,0.088,0.85,0.046,0,0.2927,0.4212,0.317,0.06,0.166,0.114,0.027,0.009,0.000,0.000,8,5,0,0,0.172,0.131,0.060,0.011,0.009,0.004,13,5,4,2
0.100,0.112,0.297,-0.42,0.180,0,0.3178,0.4291,0.424,0.318,0.166,0.114,0.027,0.009,0.000,0.000,8,5,0,0,0.172,0.131,0.060,0.011,0.009,0.004,13,5,4,2
0.095,0.116,0.336,-1.19,0.219,1,0.3378,0.4311,0.340,0.586,0.166,0.114,0.027,0.009,0.000,0.000,8,5,0,0,0.172,0.131,0.060,0.011,0.009,0.004,13,5,4,2
0.104,0.084,0.158,-1.14,0.131,0,0.3384,0.4188,0.389,0.987,0.166,0.114,0.027,0.009,0.000,0.000,8,5,0,0,0.172,0.131,0.060,0.011,0.009,0.004,13,5,4,2
0.122,0.112,0.495,1.37,0.298,0,0.3548,0.4197,0.292,-0.510,0.166,0.114,0.027,0.009,0.000,0.000,8,5,0,0,0.172,0.131,0.060,0.011,0.009,0.004,13,5,4,2
0.178,0.087,0.488,-0.52,0.062,0,0.3725,0.4230,0.417,0.341,0.166,0.114,0.027,0.009,0.000,0.000,8,5,0,0,0.172,0.131,0.060,0.011,0.009,0.004,13,5,4,2
0.206,0.095,0.343,0,0.000,0,0.3880,0.4282,0.395,0.166,0.166,0.114,0.027,0.009,0.000,0.000,8,5,0,0,0.172,0.131,0.060,0.011,0.009,0.004,13,5,4,2
0.200,0.190,0.520,0.2,0.291,1,0.3884,0.4242,0.404,0.180,0.166,0.114,0.027,0.009,0.000,0.000,8,5,0,0,0.172,0.131,0.060,0.011,0.009,0.004,13,5,4,2
0.164,0.227,0.504,0.2,0.291,1,0.3762,0.4142,0.296,0.180,0.166,0.114,0.027,0.009,0.000,0.000,8,5,0,0,0.172,0.131,0.060,0.011,0.009,0.004,13,5,4,2
0.174,0.105,0.376,-1.14,0.131,0,0.3554,0.3998,0.258,0.987,0.166,0.114,0.027,0.009,0.000,0.000,8,5,0,0,0.172,0.131,0.060,0.011,0.009,0.004,13,5,4,2
0.150,0.110,0.325,-1.1,0.105,-1,0.3274,0.3788,0.306,0.192,0.166,0.114,0.027,0.009,0.000,0.000,8,5,0,0,0.172,0.131,0.060,0.011,0.009,0.004,13,5,4,2
0.133,0.085,0.186,0.85,0.046,0,0.3096,0.3599,0.112,0.06,0.166,0.114,0.027,0.009,0.000,0.000,8,5,0,0,0.172,0.131,0.060,0.011,0.009,0.004,13,5,4,2
0.141,0.090,0.108,3.14,0.186,0,0.2909,0.3434,0.094,-0.486,0.166,0.114,0.027,0.009,0.000,0.000,8,5,0,0,0.172,0.131,0.060,0.011,0.009,0.004,13,5,4,2
0.119,0.216,0.241,0.2,0.291,1,0.2716,0.3248,0.219,0.180,0.166,0.114,0.027,0.009,0.000,0.000,8,5,0,0,0.172,0.131,0.060,0.011,0.009,0.004,13,5,4,2
0.105,0.112,0.240,1.99,0.186,0,0.2640,0.3180,0.116,-0.326,0.166,0.114,0.027,0.009,0.000,0.000,8,5,0,0,0.172,0.131,0.060,0.011,0.009,0.004,13,5,4,2
0.113,0.231,0.060,0,0.000,0,0.2624,0.3166,0.114,0.166,0.166,0.114,0.027,0.009,0.000,0.000,8,5,0,0,0.172,0.131,0.060,0.011,0.009,0.004,13,5,4,2
0.103,0.204,0.011,1.99,0.186,0,0.2789,0.3307,0.111,-0.326,0.166,0.114,0.027,0.009,0.000,0.000,8,5,0,0,0.172,0.131,0.060,0.011,0.009,0.004,13,5,4,2
0.105,0.261,0.029,0,0.000,0,0.2980,0.3456,0.201,0.166,0.166,0.114,0.027,0.009,0.000,0.000,8,5,0,0,0.172,0.131,0.060,0.011,0.009,0.004,13,5,4,2
0.097,0.375,0.144,-0.48,0.134,0,0.3195,0.3629,0.253,0.007,0.166,0.114,0.027,0.009,0.000,0.000,8,5,0,0,0.172,0.131,0.060,0.011,0.009,0.004,13,5,4,2
0.098,0.404,0.418,0.22,0.230,0,0.3296,0.3691,0.167,0.303,0.166,0.114,0.027,0.009,0.000,0.000,8,5,0,0,0.172,0.131,0.060,0.011,0.009,0.004,13,5,4,2
0.127,0.360,0.513,-0.48,0.134,0,0.3112,0.3517,0.220,0.007,0.166,0.114,0.027,0.009,0.000,0.000,8,5,0,0,0.172,0.131,0.060,0.011,0.009,0.004,13,5,4,2
0.127,0.395,0.456,1.37,0.298,0,0.2676,0.3147,0.143,-0.510,0.166,0.114,0.027,0.009,0.000,0.000,8,5,0,0,0.172,0.131,0.060,0.011,0.009,0.004,13,5,4,2
0.087,0.325,0.244,2.1,0.128,0,0.2217,0.2718,0.083,0.02,0.166,0.114,0.027,0.009,0.000,0.000,8,5,0,0,0.172,0.131,0.060,0.011,0.009,0.004,13,5,4,2
0.092,0.467,0.727,0.2,0.291,1,0.1773,0.2299,0.319,0.180,0.166,0.114,0.027,0.009,0.000,0.000,8,5,0,0,0.172,0.131,0.060,0.011,0.009,0.004,13,5,4,2
0.078,0.364,0.555,-0.48,0.134,0,0.1473,0.1982,0.212,0.007,0.166,0.114,0.027,0.009,0.000,0.000,8,5,0,0,0.172,0.131,0.060,0.011,0.009,0.004,13,5,4,2
0.079,0.327,0.419,-1.14,0.131,0,0.1109,0.1600,0.383,0.987,0.166,0.114,0.027,0.009,0.000,0.000,8,5,0,0,0.172,0.131,0.060,0.011,0.009,0.004,13,5,4,2
0.063,0.295,0.425,-1.1,0.105,-1,0.0760,0.1258,0.472,0.192,0.166,0.114,0.027,0.009,0.000,0.000,8,5,0,0,0.172,0.131,0.060,0.011,0.009,0.004,13,5,4,2
0.079,0.363,0.518,0.2,0.291,1,0.0544,0.1032,0.421,0.180,0.166,0.114,0.027,0.009,0.000,0.000,8,5,0,0,0.172,0.131,0.060,0.011,0.009,0.004,13,5,4,2
0.078,0.295,0.493,-1.1,0.105,-1,0.0540,0.1013,0.494,0.192,0.166,0.114,0.027,0.009,0.000,0.000,8,5,0,0,0.172,0.131,0.060,0.011,0.009,0.004,13,5,4,2
0.095,0.312,0.402,-0.52,0.062,0,0.0681,0.1125,0.384,0.341,0.166,0.114,0.027,0.009,0.000,0.000,8,5,0,0,0.172,0.131,0.060,0.011,0.009,0.004,13,5,4,2
0.110,0.382,0.533,-1.19,0.219,1,0.0909,0.1309,0.381,0.586,0.166,0.114,0.027,0.009,0.000,0.000,8,5,0,0,0.172,0.131,0.060,0.011,0.009,0.004,13,5,4,2
0.116,0.284,0.371,-1.14,0.131,0,0.1071,0.1404,0.159,0.987,0.166,0.114,0.027,0.009,0.000,0.000,8,5,0,0,0.172,0.131,0.060,0.011,0.009,0.004,13,5,4,2
0.136,0.420,0.494,1.76,0.409,0,0.1122,0.1392,0.061,-0.884,0.166,0.114,0.027,0.009,0.000,0.000,8,5,0,0,0.172,0.131,0.060,0.011,0.009,0.004,13,5,4,2
0.139,0.200,0.301,2.1,0.128,0,0.1136,0.1357,0.065,0.02,0.166,0.114,0.027,0.009,0.000,0.000,8,5,0,0,0.172,0.131,0.060,0.011,0.009,0.004,13,5,4,2
0.109,0.311,0.522,1.37,0.298,0,0.1125,0.1306,0.118,-0.510,0.166,0.114,0.027,0.009,0.000,0.000,8,5,0,0,0.172,0.131,0.060,0.011,0.009,0.004,13,5,4,2
0.106,0.147,0.291,2.53,0.140,0,0.1026,0.1168,0.046,-0.121,0.166,0.114,0.027,0.009,0.000,0.000,8,5,0,0,0.172,0.131,0.060,0.011,0.009,0.004,13,5,4,2
0.115,0.253,0.336,1.69,0.290,0,0.0899,0.1011,0.048,-0.697,0.166,0.114,0.027,0.009,0.000,0.000,8,5,0,0,0.172,0.131,0.060,0.011,0.009,0.004,13,5,4,2
0.125,0.249,0.527,-1.19,0.219,1,0.0683,0.0769,0.290,0.586,0.166,0.114,0.027,0.009,0.000,0.000,8,5,0,0,0.172,0.131,0.060,0.011,0.009,0.004,13,5,4,2
0.115,0.279,0.058,0.85,0.046,0,0.0464,0.0532,0.241,0.06,0.166,0.114,0.027,0.009,0.000,0.000,8,5,0,0,0.172,0.131,0.060,0.011,0.009,0.004,13,5,4,2
0.114,0.249,0.080,0,0.000,0,0.0171,0.0241,0.214,0.166,0.166,0.114,0.027,0.009,0.000,0.000,8,5,0,0,0.172,0.131,0.060,0.011,0.009,0.004,13,5,4,2
0.109,0.331,0.171,-1.19,0.219,1,-0.0006,0.0074,0.422,0.586,0.166,0.114,0.027,0.009,0.000,0.000,8,5,0,0,0.172,0.131,0.060,0.011,0.009,0.004,13,5,4,2
0.090,0.362,0.346,1.37,0.298,0,0.0025,0.0122,0.182,-0.510,0.166,0.114,0.027,0.009,0.000,0.000,8,5,0,0,0.172,0.131,0.060,0.011,0.009,0.004,13,5,4,2
0.100,0.293,0.242,-0.52,0.062,0,0.0253,0.0335,0.258,0.341,0.166,0.114,0.027,0.009,0.000,0.000,8,5,0,0,0.172,0.131,0.060,0.011,0.009,0.004,13,5,4,2
0.117,0.303,0.279,-0.52,0.062,0,0.0485,0.0557,0.263,0.341,0.166,0.114,0.027,0.009,0.000,0.000,8,5,0,0,0.172,0.131,0.060,0.011,0.009,0.004,13,5,4,2
0.116,0.245,0.196,-0.79,0.151,-1,0.0623,0.0706,0.346,0.736,0.166,0.114,0.027,0.009,0.000,0.000,8,5,0,0,0.172,0.131,0.060,0.011,0.009,0.004,13,5,4,2
0.110,0.246,0.224,1.69,0.290,0,0.0699,0.0782,0.143,-0.697,0.166,0.114,0.027,0.009,0.000,0.000,8,5,0,0,0.172,0.131,0.060,0.011,0.009,0.004,13,5,4,2
0.116,0.255,0.337,2.1,0.128,0,0.0765,0.0853,0.100,0.02,0.166,0.114,0.027,0.009,0.000,0.000,8,5,0,0,0.172,0.131,0.060,0.011,0.009,0.004,13,5,4,2
0.135,0.321,0.340,-0.52,0.062,0,0.0797,0.0881,0.278,0.341,0.166,0.114,0.027,0.009,0.000,0.000,8,5,0,0,0.172,0.131,0.060,0.011,0.009,0.004,13,5,4,2
0.112,0.254,0.222,-0.08,0.108,0,0.0818,0.0889,0.194,0.059,0.166,0.114,0.027,0.009,0.000,0.000,8,5,0,0,0.172,0.131,0.060,0.011,0.009,0.004,13,5,4,2
0.099,0.184,0.173,-1.14,0.131,0,0.0720,0.0784,0.279,0.987,0.166,0.114,0.027,0.009,0.000,0.000,8,5,0,0,0.172,0.131,0.060,0.011,0.009,0.004,13,5,4,2
0.080,0.152,0.253,0.85,0.046,0,0.0558,0.0613,0.266,0.06,0.166,0.114,0.027,0.009,0.000,0.000,8,5,0,0,0.172,0.131,0.060,0.011,0.009,0.004,13,5,4,2
0.065,0.168,0.344,2.1,0.128,0,0.0396,0.0442,0.136,0.02,0.166,0.114,0.027,0.009,0.000,0.000,8,5,0,0,0.172,0.131,0.060,0.011,0.009,0.004,13,5,4,2
0.062,0.149,0.242,-0.52,0.062,0,0.0311,0.0355,0.315,0.341,0.166,0.114,0.027,0.009,0.000,0.000,8,5,0,0,0.172,0.131,0.060,0.011,0.009,0.004,13,5,4,2
0.060,0.143,0.326,-0.79,0.151,-1,0.0359,0.0372,0.463,0.736,0.166,0.114,0.027,0.009,0.000,0.000,8,5,0,0,0.172,0.131,0.060,0.011,0.009,0.004,13,5,4,2
0.060,0.143,0.186,0,0.000,0,0.0438,0.0424,0.309,0.166,0.166,0.114,0.027,0.009,0.000,0.000,8,5,0,0,0.172,0.131,0.060,0.011,0.009,0.004,13,5,4,2
0.074,0.207,0.200,-0.48,0.134,0,0.0562,0.0523,0.331,0.007,0.166,0.114,0.027,0.009,0.000,0.000,8,5,0,0,0.172,0.131,0.060,0.011,0.009,0.004,13,5,4,2
0.081,0.168,0.181,-0.52,0.062,0,0.0746,0.0661,0.208,0.341,0.166,0.114,0.027,0.009,0.000,0.000,8,5,0,0,0.172,0.131,0.060,0.011,0.009,0.004,13,5,4,2
0.082,0.164,0.100,-1.1,0.105,-1,0.0857,0.0702,0.213,0.192,0.166,0.114,0.027,0.009,0.000,0.000,8,5,0,0,0.172,0.131,0.060,0.011,0.009,0.004,13,5,4,2
0.079,0.150,0.228,2.1,0.128,0,0.1017,0.0776,0.069,0.02,0.166,0.114,0.027,0.009,0.000,0.000,8,5,0,0,0.172,0.131,0.060,0.011,0.009,0.004,13,5,4,2
0.079,0.259,0.452,1.37,0.298,0,0.1199,0.0868,0.122,-0.510,0.166,0.114,0.027,0.009,0.000,0.000,8,5,0,0,0.172,0.131,0.060,0.011,0.009,0.004,13,5,4,2
0.089,0.189,0.270,1.69,0.290,0,0.1424,0.1008,0.090,-0.697,0.166,0.114,0.027,0.009,0.000,0.000,8,5,0,0,0.172,0.131,0.060,0.011,0.009,0.004,13,5,4,2
0.093,0.236,0.137,0,0.000,0,0.1643,0.1117,0.116,0.166,0.166,0.114,0.027,0.009,0.000,0.000,8,5,0,0,0.172,0.131,0.060,0.011,0.009,0.004,13,5,4,2
0.090,0.256,0.249,-0.48,0.134,0,0.1849,0.1225,0.286,0.007,0.166,0.114,0.027,0.009,0.000,0.000,8,5,0,0,0.172,0.131,0.060,0.011,0.009,0.004,13,5,4,2
0.081,0.256,0.140,0,0.000,0,0.1874,0.1203,0.167,0.166,0.166,0.114,0.027,0.009,0.000,0.000,8,5,0,0,0.172,0.131,0.060,0.011,0.009,0.004,13,5,4,2
0.081,0.284,0.359,-0.52,0.062,0,0.1885,0.1201,0.209,0.341,0.166,0.114,0.027,0.009,0.000,0.000,8,5,0,0,0.172,0.131,0.060,0.011,0.009,0.004,13,5,4,2
0.084,0.204,0.338,0.85,0.046,0,0.1921,0.1248,0.153,0.06,0.166,0.114,0.027,0.009,0.000,0.000,8,5,0,0,0.172,0.131,0.060,0.011,0.009,0.004,13,5,4,2
0.101,0.361,0.474,1.37,0.298,0,0.2005,0.1353,0.158,-0.510,0.166,0.114,0.027,0.009,0.000,0.000,8,5,0,0,0.172,0.131,0.060,0.011,0.009,0.004,13,5,4,2
0.097,0.368,0.637,0.2,0.291,1,0.2042,0.1452,0.301,0.180,0.166,0.114,0.027,0.009,0.000,0.000,8,5,0,0,0.172,0.131,0.060,0.011,0.009,0.004,13,5,4,2
0.106,0.327,0.508,0,0.000,0,0.2102,0.1591,0.127,0.166,0.166,0.114,0.027,0.009,0.000,0.000,8,5,0,0,0.172,0.131,0.060,0.011,0.009,0.004,13,5,4,2
0.106,0.306,0.476,-0.08,0.108,0,0.2116,0.1683,0.204,0.059,0.166,0.114,0.027,0.009,0.000,0.000,8,5,0,0,0.172,0.131,0.060,0.011,0.009,0.004,13,5,4,2
0.119,0.349,0.507,0.22,0.230,0,0.2199,0.1828,0.186,0.303,0.166,0.114,0.027,0.009,0.000,0.000,8,5,0,0,0.172,0.131,0.060,0.011,0.009,0.004,13,5,4,2
0.137,0.354,0.394,-0.52,0.062,0,0.2334,0.1986,0.199,0.341,0.166,0.114,0.027,0.009,0.000,0.000,8,5,0,0,0.172,0.131,0.060,0.011,0.009,0.004,13,5,4,2
0.093,0.224,0.184,1.99,0.186,0,0.2376,0.2060,0.087,-0.326,0.166,0.114,0.027,0.009,0.000,0.000,8,5,0,0,0.172,0.131,0.060,0.011,0.009,0.004,13,5,4,2
0.093,0.260,0.255,-0.08,0.108,0,0.2353,0.2063,0.237,0.059,0.166,0.114,0.027,0.009,0.000,0.000,8,5,0,0,0.172,0.131,0.060,0.011,0.009,0.004,13,5,4,2
0.096,0.206,0.241,-0.79,0.151,-1,0.2311,0.2050,0.405,0.736,0.166,0.114,0.027,0.009,0.000,0.000,8,5,0,0,0.172,0.131,0.060,0.011,0.009,0.004,13,5,4,2
0.095,0.246,0.394,-0.52,0.062,0,0.2172,0.1941,0.307,0.341,0.166,0.114,0.027,0.009,0.000,0.000,8,5,0,0,0.172,0.131,0.060,0.011,0.009,0.004,13,5,4,2
0.092,0.251,0.155,0,0.000,0,0.1960,0.1769,0.261,0.166,0.166,0.114,0.027,0.009,0.000,0.000,8,5,0,0,0.172,0.131,0.060,0.011,0.009,0.004,13,5,4,2
0.103,0.193,0.169,0.85,0.046,0,0.1721,0.1587,0.202,0.06,0.166,0.114,0.027,0.009,0.000,0.000,8,5,0,0,0.172,0.131,0.060,0.011,0.009,0.004,13,5,4,2
0.097,0.251,0.166,-0.52,0.062,0,0.1510,0.1459,0.227,0.341,0.166,0.114,0.027,0.009,0.000,0.000,8,5,0,0,0.172,0.131,0.060,0.011,0.009,0.004,13,5,4,2
0.097,0.248,0.256,2.1,0.128,0,0.1335,0.1344,0.117,0.02,0.166,0.114,0.027,0.009,0.000,0.000,8,5,0,0,0.172,0.131,0.060,0.011,0.009,0.004,13,5,4,2
0.126,0.311,0.023,1.99,0.186,0,0.1227,0.1272,0.110,-0.326,0.166,0.114,0.027,0.009,0.000,0.000,8,5,0,0,0.172,0.131,0.060,0.011,0.009,0.004,13,5,4,2
0.118,0.291,0.219,-1.14,0.131,0,0.1111,0.1178,0.158,0.987,0.166,0.114,0.027,0.009,0.000,0.000,8,5,0,0,0.172,0.131,0.060,0.011,0.009,0.004,13,5,4,2
0.100,0.407,0.121,1.76,0.409,0,0.1003,0.1109,0.124,-0.884,0.166,0.114,0.027,0.009,0.000,0.000,8,5,0,0,0.172,0.131,0.060,0.011,0.009,0.004,13,5,4,2
0.095,0.321,0.201,-0.48,0.134,0,0.0837,0.0988,0.222,0.007,0.166,0.114,0.027,0.009,0.000,0.000,8,5,0,0,0.172,0.131,0.060,0.011,0.009,0.004,13,5,4,2
0.101,0.377,0.145,-0.52,0.062,0,0.0818,0.0975,0.075,0.341,0.166,0.114,0.027,0.009,0.000,0.000,8,5,0,0,0.172,0.131,0.060,0.011,0.009,0.004,13,5,4,2
0.120,0.200,0.213,1.42,0.221,0,0.0809,0.0976,0.059,-0.397,0.166,0.114,0.027,0.009,0.000,0.000,8,5,0,0,0.172,0.131,0.060,0.011,0.009,0.004,13,5,4,2
0.096,0.200,0.078,3.14,0.186,0,0.0951,0.1096,0.074,-0.486,0.166,0.114,0.027,0.009,0.000,0.000,8,5,0,0,0.172,0.131,0.060,0.011,0.009,0.004,13,5,4,2
0.090,0.164,0.009,1.99,0.186,0,0.1149,0.1250,0.094,-0.326,0.166,0.114,0.027,0.009,0.000,0.000,8,5,0,0,0.172,0.131,0.060,0.011,0.009,0.004,13,5,4,2
0.094,0.185,0.054,3.14,0.186,0,0.1423,0.1453,0.064,-0.486,0.166,0.114,0.027,0.009,0.000,0.000,8,5,0,0,0.172,0.131,0.060,0.011,0.009,0.004,13,5,4,2
0.090,0.215,0.267,0,0.000,0,0.1680,0.1635,0.088,0.166,0.166,0.114,0.027,0.009,0.000,0.000,8,5,0,0,0.172,0.131,0.060,0.011,0.009,0.004,13,5,4,2
0.085,0.216,0.621,-1.19,0.219,1,0.1804,0.1709,0.221,0.586,0.166,0.114,0.027,0.009,0.000,0.000,8,5,0,0,0.172,0.131,0.060,0.011,0.009,0.004,13,5,4,2
0.086,0.176,0.376,2.53,0.140,0,0.1830,0.1699,0.102,-0.121,0.166,0.114,0.027,0.009,0.000,0.000,8,5,0,0,0.172,0.131,0.060,0.011,0.009,0.004,13,5,4,2
0.089,0.231,0.667,1.37,0.298,0,0.2001,0.1803,0.126,-0.510,0.166,0.114,0.027,0.009,0.000,0.000,8,5,0,0,0.172,0.131,0.060,0.011,0.009,0.004,13,5,4,2
0.132,0.225,0.533,-0.08,0.108,0,0.2185,0.1927,0.168,0.059,0.166,0.114,0.027,0.009,0.000,0.000,8,5,0,0,0.172,0.131,0.060,0.011,0.009,0.004,13,5,4,2
0.154,0.189,0.123,0.85,0.046,0,0.2356,0.2055,0.197,0.06,0.166,0.114,0.027,0.009,0.000,0.000,8,5,0,0,0.172,0.131,0.060,0.011,0.009,0.004,13,5,4,2
0.150,0.261,0.263,-0.42,0.180,0,0.2383,0.2075,0.373,0.318,0.166,0.114,0.027,0.009,0.000,0.000,8,5,0,0,0.172,0.131,0.060,0.011,0.009,0.004,13,5,4,2
0.177,0.290,0.198,-0.48,0.134,0,0.2338,0.2067,0.215,0.007,0.166,0.114,0.027,0.009,0.000,0.000,8,5,0,0,0.172,0.131,0.060,0.011,0.009,0.004,13,5,4,2
0.193,0.209,0.054,-1.14,0.131,0,0.2240,0.2040,0.296,0.987,0.166,0.114,0.027,0.009,0.000,0.000,8,5,0,0,0.172,0.131,0.060,0.011,0.009,0.004,13,5,4,2
0.166,0.236,0.085,-0.52,0.062,0,0.2162,0.2026,0.273,0.341,0.166,0.114,0.027,0.009,0.000,0.000,8,5,0,0,0.172,0.131,0.060,0.011,0.009,0.004,13,5,4,2
0.152,0.118,0.032,0.85,0.046,0,0.2248,0.2135,0.173,0.06,0.166,0.114,0.027,0.009,0.000,0.000,8,5,0,0,0.172,0.131,0.060,0.011,0.009,0.004,13,5,4,2
0.154,0.130,0.061,-0.42,0.180,0,0.2361,0.2280,0.325,0.318,0.166,0.114,0.027,0.009,0.000,0.000,8,5,0,0,0.172,0.131,0.060,0.011,0.009,0.004,13,5,4,2
0.129,0.096,0.048,0.85,0.046,0,0.2385,0.2345,0.179,0.06,0.166,0.114,0.027,0.009,0.000,0.000,8,5,0,0,0.172,0.131,0.060,0.011,0.009,0.004,13,5,4,2
0.110,0.132,0.052,1.99,0.186,0,0.2488,0.2442,0.186,-0.326,0.166,0.114,0.027,0.009,0.000,0.000,8,5,0,0,0.172,0.131,0.060,0.011,0.009,0.004,13,5,4,2
0.117,0.149,0.006,0,0.000,0,0.2639,0.2578,0.286,0.166,0.166,0.114,0.027,0.009,0.000,0.000,8,5,0,0,0.172,0.131,0.060,0.011,0.009,0.004,13,5,4,2
0.119,0.185,0.009,1.99,0.186,0,0.2866,0.2777,0.167,-0.326,0.166,0.114,0.027,0.009,0.000,0.000,8,5,0,0,0.172,0.131,0.060,0.011,0.009,0.004,13,5,4,2
0.120,0.260,0.102,0,0.000,0,0.3054,0.2938,0.205,0.166,0.166,0.114,0.027,0.009,0.000,0.000,8,5,0,0,0.172,0.131,0.060,0.011,0.009,0.004,13,5,4,2
0.119,0.324,0.180,-1.19,0.219,1,0.3237,0.3070,0.372,0.586,0.166,0.114,0.027,0.009,0.000,0.000,8,5,0,0,0.172,0.131,0.060,0.011,0.009,0.004,13,5,4,2
0.141,0.364,0.327,0.22,0.230,0,0.3264,0.3047,0.207,0.303,0.166,0.114,0.027,0.009,0.000,0.000,8,5,0,0,0.172,0.131,0.060,0.011,0.009,0.004,13,5,4,2
0.181,0.316,0.401,-0.48,0.134,0,0.3016,0.2794,0.196,0.007,0.166,0.114,0.027,0.009,0.000,0.000,8,5,0,0,0.172,0.131,0.060,0.011,0.009,0.004,13,5,4,2
0.166,0.325,0.428,1.37,0.298,0,0.2544,0.2379,0.134,-0.510,0.166,0.114,0.027,0.009,0.000,0.000,8,5,0,0,0.172,0.131,0.060,0.011,0.009,0.004,13,5,4,2
0.115,0.230,0.170,2.1,0.128,0,0.2067,0.1950,0.084,0.02,0.166,0.114,0.027,0.009,0.000,0.000,8,5,0,0,0.172,0.131,0.060,0.011,0.009,0.004,13,5,4,2
0.122,0.314,0.384,0.2,0.291,1,0.1734,0.1650,0.321,0.180,0.166,0.114,0.027,0.009,0.000,0.000,8,5,0,0,0.172,0.131,0.060,0.011,0.009,0.004,13,5,4,2
0.131,0.225,0.325,-0.48,0.134,0,0.1508,0.1442,0.192,0.007,0.166,0.114,0.027,0.009,0.000,0.000,8,5,0,0,0.172,0.131,0.060,0.011,0.009,0.004,13,5,4,2
0.131,0.265,0.146,-1.14,0.131,0,0.1273,0.1244,0.405,0.987,0.166,0.114,0.027,0.009,0.000,0.000,8,5,0,0,0.172,0.131,0.060,0.011,0.009,0.004,13,5,4,2
0.128,0.248,0.123,-1.1,0.105,-1,0.1087,0.1111,0.530,0.192,0.166,0.114,0.027,0.009,0.000,0.000,8,5,0,0,0.172,0.131,0.060,0.011,0.009,0.004,13,5,4,2
0.159,0.186,0.144,0,0.000,0,0.1017,0.1056,0.350,0.166,0.166,0.114,0.027,0.009,0.000,0.000,8,5,0,0,0.172,0.131,0.060,0.011,0.009,0.004,13,5,4,2
0.132,0.212,0.096,-1.1,0.105,-1,0.1135,0.1155,0.445,0.192,0.166,0.114,0.027,0.009,0.000,0.000,8,5,0,0,0.172,0.131,0.060,0.011,0.009,0.004,13,5,4,2
0.111,0.178,0.077,0.85,0.046,0,0.1359,0.1328,0.272,0.06,0.166,0.114,0.027,0.009,0.000,0.000,8,5,0,0,0.172,0.131,0.060,0.011,0.009,0.004,13,5,4,2
0.108,0.322,0.451,-1.19,0.219,1,0.1624,0.1532,0.380,0.586,0.166,0.114,0.027,0.009,0.000,0.000,8,5,0,0,0.172,0.131,0.060,0.011,0.009,0.004,13,5,4,2
0.126,0.245,0.200,-1.14,0.131,0,0.1748,0.1608,0.253,0.987,0.166,0.114,0.027,0.009,0.000,0.000,8,5,0,0,0.172,0.131,0.060,0.011,0.009,0.004,13,5,4,2
0.135,0.408,0.442,1.76,0.409,0,0.1701,0.1502,0.079,-0.884,0.166,0.114,0.027,0.009,0.000,0.000,8,5,0,0,0.172,0.131,0.060,0.011,0.009,0.004,13,5,4,2
0.090,0.245,0.248,2.1,0.128,0,0.1661,0.1412,0.072,0.02,0.166,0.114,0.027,0.009,0.000,0.000,8,5,0,0,0.172,0.131,0.060,0.011,0.009,0.004,13,5,4,2
0.070,0.306,0.563,0.22,0.230,0,0.1548,0.1280,0.254,0.303,0.166,0.114,0.027,0.009,0.000,0.000,8,5,0,0,0.172,0.131,0.060,0.011,0.009,0.004,13,5,4,2
0.074,0.198,0.222,2.53,0.140,0,0.1328,0.1076,0.079,-0.121,0.166,0.114,0.027,0.009,0.000,0.000,8,5,0,0,0.172,0.131,0.060,0.011,0.009,0.004,13,5,4,2
0.080,0.223,0.151,1.99,0.186,0,0.1112,0.0892,0.078,-0.326,0.166,0.114,0.027,0.009,0.000,0.000,8,5,0,0,0.172,0.131,0.060,0.011,0.009,0.004,13,5,4,2
0.080,0.394,0.545,-1.19,0.219,1,0.0850,0.0664,0.396,0.586,0.166,0.114,0.027,0.009,0.000,0.000,8,5,0,0,0.172,0.131,0.060,0.011,0.009,0.004,13,5,4,2
0.078,0.399,0.109,-0.48,0.134,0,0.0599,0.0456,0.349,0.007,0.166,0.114,0.027,0.009,0.000,0.000,8,5,0,0,0.172,0.131,0.060,0.011,0.009,0.004,13,5,4,2
0.078,0.442,0.404,0.2,0.291,1,0.0372,0.0289,0.286,0.180,0.166,0.114,0.027,0.009,0.000,0.000,8,5,0,0,0.172,0.131,0.060,0.011,0.009,0.004,13,5,4,2
0.082,0.428,0.393,0.2,0.291,1,0.0173,0.0152,0.357,0.180,0.166,0.114,0.027,0.009,0.000,0.000,8,5,0,0,0.172,0.131,0.060,0.011,0.009,0.004,13,5,4,2
0.067,0.318,0.034,1.99,0.186,0,0.0175,0.0167,0.148,-0.326,0.166,0.114,0.027,0.009,0.000,0.000,8,5,0,0,0.172,0.131,0.060,0.011,0.009,0.004,13,5,4,2
0.074,0.383,0.178,-0.08,0.108,0,0.0270,0.0237,0.213,0.059,0.166,0.114,0.027,0.009,0.000,0.000,8,5,0,0,0.172,0.131,0.060,0.011,0.009,0.004,13,5,4,2
0.103,0.339,0.325,1.76,0.409,0,0.0376,0.0318,0.102,-0.884,0.166,0.114,0.027,0.009,0.000,0.000,8,5,0,0,0.172,0.131,0.060,0.011,0.009,0.004,13,5,4,2
0.103,0.240,0.004,-0.79,0.151,-1,0.0382,0.0332,0.326,0.736,0.166,0.114,0.027,0.009,0.000,0.000,8,5,0,0,0.172,0.131,0.060,0.011,0.009,0.004,13,5,4,2
0.098,0.292,0.041,1.37,0.298,0,0.0352,0.0298,0.174,-0.510,0.166,0.114,0.027,0.009,0.000,0.000,8,5,0,0,0.172,0.131,0.060,0.011,0.009,0.004,13,5,4,2
0.097,0.213,0.052,2.1,0.128,0,0.0365,0.0303,0.072,0.02,0.166,0.114,0.027,0.009,0.000,0.000,8,5,0,0,0.172,0.131,0.060,0.011,0.009,0.004,13,5,4,2
0.102,0.256,0.006,-1.1,0.105,-1,0.0380,0.0305,0.314,0.192,0.166,0.114,0.027,0.009,0.000,0.000,8,5,0,0,0.172,0.131,0.060,0.011,0.009,0.004,13,5,4,2
0.079,0.215,0.005,2.53,0.140,0,0.0442,0.0356,0.122,-0.121,0.166,0.114,0.027,0.009,0.000,0.000,8,5,0,0,0.172,0.131,0.060,0.011,0.009,0.004,13,5,4,2
0.083,0.259,0.015,-1.14,0.131,0,0.0437,0.0341,0.301,0.987,0.166,0.114,0.027,0.009,0.000,0.000,8,5,0,0,0.172,0.131,0.060,0.011,0.009,0.004,13,5,4,2
0.084,0.302,0.155,-0.52,0.062,0,0.0414,0.0308,0.261,0.341,0.166,0.114,0.027,0.009,0.000,0.000,8,5,0,0,0.172,0.131,0.060,0.011,0.009,0.004,13,5,4,2
0.078,0.246,0.026,2.1,0.128,0,0.0358,0.0243,0.114,0.02,0.166,0.114,0.027,0.009,0.000,0.000,8,5,0,0,0.172,0.131,0.060,0.011,0.009,0.004,13,5,4,2
0.075,0.270,0.097,-0.52,0.062,0,0.0373,0.0255,0.237,0.341,0.166,0.114,0.027,0.009,0.000,0.000,8,5,0,0,0.172,0.131,0.060,0.011,0.009,0.004,13,5,4,2
0.076,0.270,0.553,-0.08,0.108,0,0.0505,0.0389,0.235,0.059,0.166,0.114,0.027,0.009,0.000,0.000,8,5,0,0,0.172,0.131,0.060,0.011,0.009,0.004,13,5,4,2
0.092,0.272,0.104,2.1,0.128,0,0.0648,0.0539,0.144,0.02,0.166,0.114,0.027,0.009,0.000,0.000,8,5,0,0,0.172,0.131,0.060,0.011,0.009,0.004,13,5,4,2
0.117,0.323,0.395,0,0.000,0,0.0763,0.0669,0.201,0.166,0.166,0.114,0.027,0.009,0.000,0.000,8,5,0,0,0.172,0.131,0.060,0.011,0.009,0.004,13,5,4,2
0.128,0.221,0.372,1.99,0.186,0,0.0945,0.0861,0.130,-0.326,0.166,0.114,0.027,0.009,0.000,0.000,8,5,0,0,0.172,0.131,0.060,0.011,0.009,0.004,13,5,4,2
0.154,0.314,0.573,0.2,0.291,1,0.1045,0.0981,0.332,0.180,0.166,0.114,0.027,0.009,0.000,0.000,8,5,0,0,0.172,0.131,0.060,0.011,0.009,0.004,13,5,4,2
0.163,0.275,0.368,-0.42,0.180,0,0.1102,0.1070,0.324,0.318,0.166,0.114,0.027,0.009,0.000,0.000,8,5,0,0,0.172,0.131,0.060,0.011,0.009,0.004,13,5,4,2
0.166,0.300,0.527,1.37,0.298,0,0.1103,0.1109,0.182,-0.510,0.166,0.114,0.027,0.009,0.000,0.000,8,5,0,0,0.172,0.131,0.060,0.011,0.009,0.004,13,5,4,2
0.172,0.303,0.492,-0.52,0.062,0,0.1017,0.1051,0.294,0.341,0.166,0.114,0.027,0.009,0.000,0.000,8,5,0,0,0.172,0.131,0.060,0.011,0.009,0.004,13,5,4,2
0.136,0.329,0.346,-0.42,0.180,0,0.1050,0.1103,0.284,0.318,0.166,0.114,0.027,0.009,0.000,0.000,8,5,0,0,0.172,0.131,0.060,0.011,0.009,0.004,13,5,4,2
0.133,0.257,0.152,-1.14,0.131,0,0.1037,0.1098,0.268,0.987,0.166,0.114,0.027,0.009,0.000,0.000,8,5,0,0,0.172,0.131,0.060,0.011,0.009,0.004,13,5,4,2
0.122,0.382,0.229,-0.42,0.180,0,0.1027,0.1112,0.296,0.318,0.166,0.114,0.027,0.009,0.000,0.000,8,5,0,0,0.172,0.131,0.060,0.011,0.009,0.004,13,5,4,2
0.125,0.375,0.094,1.69,0.290,0,0.1056,0.1177,0.095,-0.697,0.166,0.114,0.027,0.009,0.000,0.000,8,5,0,0,0.172,0.131,0.060,0.011,0.009,0.004,13,5,4,2
0.122,0.478,0.340,0.2,0.291,1,0.1195,0.1366,0.287,0.180,0.166,0.114,0.027,0.009,0.000,0.000,8,5,0,0,0.172,0.131,0.060,0.011,0.009,0.004,13,5,4,2
0.126,0.349,0.061,3.14,0.186,0,0.1487,0.1728,0.102,-0.486,0.166,0.114,0.027,0.009,0.000,0.000,8,5,0,0,0.172,0.131,0.060,0.011,0.009,0.004,13,5,4,2
0.135,0.570,0.341,-1.19,0.219,1,0.1717,0.2034,0.390,0.586,0.166,0.114,0.027,0.009,0.000,0.000,8,5,0,0,0.172,0.131,0.060,0.011,0.009,0.004,13,5,4,2
0.125,0.437,0.333,0,0.000,0,0.1903,0.2278,0.230,0.166,0.166,0.114,0.027,0.009,0.000,0.000,8,5,0,0,0.172,0.131,0.060,0.011,0.009,0.004,13,5,4,2
0.089,0.475,0.132,0,0.000,0,0.1873,0.2295,0.163,0.166,0.166,0.114,0.027,0.009,0.000,0.000,8,5,0,0,0.172,0.131,0.060,0.011,0.009,0.004,13,5,4,2
0.097,0.268,0.196,1.99,0.186,0,0.1745,0.2196,0.112,-0.326,0.166,0.114,0.027,0.009,0.000,0.000,8,5,0,0,0.172,0.131,0.060,0.011,0.009,0.004,13,5,4,2
0.092,0.263,0.191,1.69,0.290,0,0.1595,0.2049,0.096,-0.697,0.166,0.114,0.027,0.009,0.000,0.000,8,5,0,0,0.172,0.131,0.060,0.011,0.009,0.004,13,5,4,2
0.096,0.238,0.005,0.85,0.046,0,0.1411,0.1837,0.186,0.06,0.166,0.114,0.027,0.009,0.000,0.000,8,5,0,0,0.172,0.131,0.060,0.011,0.009,0.004,13,5,4,2
0.098,0.262,0.070,-1.1,0.105,-1,0.1181,0.1552,0.181,0.192,0.166,0.114,0.027,0.009,0.000,0.000,8,5,0,0,0.172,0.131,0.060,0.011,0.009,0.004,13,5,4,2
0.083,0.244,0.064,3.14,0.186,0,0.0967,0.1291,0.098,-0.486,0.166,0.114,0.027,0.009,0.000,0.000,8,5,0,0,0.172,0.131,0.060,0.011,0.009,0.004,13,5,4,2
0.102,0.318,0.224,0.85,0.046,0,0.0745,0.1017,0.186,0.06,0.166,0.114,0.027,0.009,0.000,0.000,8,5,0,0,0.172,0.131,0.060,0.011,0.009,0.004,13,5,4,2
0.122,0.402,0.313,-0.52,0.062,0,0.0668,0.0885,0.252,0.341,0.166,0.114,0.027,0.009,0.000,0.000,8,5,0,0,0.172,0.131,0.060,0.011,0.009,0.004,13,5,4,2
0.134,0.446,0.366,0.22,0.230,0,0.0715,0.0895,0.175,0.303,0.166,0.114,0.027,0.009,0.000,0.000,8,5,0,0,0.172,0.131,0.060,0.011,0.009,0.004,13,5,4,2
0.112,0.314,0.326,-1.14,0.131,0,0.0867,0.1013,0.240,0.987,0.166,0.114,0.027,0.009,0.000,0.000,8,5,0,0,0.172,0.131,0.060,0.011,0.009,0.004,13,5,4,2
0.114,0.436,0.422,1.76,0.409,0,0.1344,0.1452,0.132,-0.884,0.166,0.114,0.027,0.009,0.000,0.000,8,5,0,0,0.172,0.131,0.060,0.011,0.009,0.004,13,5,4,2
0.118,0.312,0.119,-0.42,0.180,0,0.1836,0.1869,0.135,0.318,0.166,0.114,0.027,0.009,0.000,0.000,8,5,0,0,0.172,0.131,0.060,0.011,0.009,0.004,13,5,4,2
0.113,0.264,0.005,0.85,0.046,0,0.2290,0.2243,0.117,0.06,0.166,0.114,0.027,0.009,0.000,0.000,8,5,0,0,0.172,0.131,0.060,0.011,0.009,0.004,13,5,4,2
0.140,0.203,0.101,0.85,0.046,0,0.2560,0.2439,0.128,0.06,0.166,0.114,0.027,0.009,0.000,0.000,8,5,0,0,0.172,0.131,0.060,0.011,0.009,0.004,13,5,4,2
0.114,0.217,0.015,3.14,0.186,0,0.2720,0.2535,0.088,-0.486,0.166,0.114,0.027,0.009,0.000,0.000,8,5,0,0,0.172,0.131,0.060,0.011,0.009,0.004,13,5,4,2
0.123,0.215,0.410,1.69,0.290,0,0.2800,0.2565,0.080,-0.697,0.166,0.114,0.027,0.009,0.000,0.000,8,5,0,0,0.172,0.131,0.060,0.011,0.009,0.004,13,5,4,2
0.104,0.224,0.518,0.85,0.046,0,0.2725,0.2454,0.143,0.06,0.166,0.114,0.027,0.009,0.000,0.000,8,5,0,0,0.172,0.131,0.060,0.011,0.009,0.004,13,5,4,2
0.103,0.302,0.746,-1.19,0.219,1,0.2478,0.2184,0.293,0.586,0.166,0.114,0.027,0.009,0.000,0.000,8,5,0,0,0.172,0.131,0.060,0.011,0.009,0.004,13,5,4,2
0.100,0.297,0.720,0.22,0.230,0,0.2074,0.1784,0.181,0.303,0.166,0.114,0.027,0.009,0.000,0.000,8,5,0,0,0.172,0.131,0.060,0.011,0.009,0.004,13,5,4,2
0.095,0.382,0.806,0.2,0.291,1,0.1625,0.1354,0.320,0.180,0.166,0.114,0.027,0.009,0.000,0.000,8,5,0,0,0.172,0.131,0.060,0.011,0.009,0.004,13,5,4,2
0.102,0.368,0.740,0.2,0.291,1,0.1232,0.0985,0.402,0.180,0.166,0.114,0.027,0.009,0.000,0.000,8,5,0,0,0.172,0.131,0.060,0.011,0.009,0.004,13,5,4,2
0.143,0.348,0.721,-0.52,0.062,0,0.1015,0.0785,0.310,0.341,0.166,0.114,0.027,0.009,0.000,0.000,8,5,0,0,0.172,0.131,0.060,0.011,0.009,0.004,13,5,4,2
0.147,0.272,0.585,-1.14,0.131,0,0.0937,0.0703,0.425,0.987,0.166,0.114,0.027,0.009,0.000,0.000,8,5,0,0,0.172,0.131,0.060,0.011,0.009,0.004,13,5,4,2
0.143,0.376,0.588,0,0.000,0,0.0905,0.0688,0.342,0.166,0.166,0.114,0.027,0.009,0.000,0.000,8,5,0,0,0.172,0.131,0.060,0.011,0.009,0.004,13,5,4,2
0.149,0.305,0.521,-0.79,0.151,-1,0.0884,0.0677,0.264,0.736,0.166,0.114,0.027,0.009,0.000,0.000,8,5,0,0,0.172,0.131,0.060,0.011,0.009,0.004,13,5,4,2
0.160,0.551,0.607,0.2,0.291,1,0.0840,0.0647,0.225,0.180,0.166,0.114,0.027,0.009,0.000,0.000,8,5,0,0,0.172,0.131,0.060,0.011,0.009,0.004,13,5,4,2
0.197,0.456,0.571,1.69,0.290,0,0.0751,0.0577,0.074,-0.697,0.166,0.114,0.027,0.009,0.000,0.000,8,5,0,0,0.172,0.131,0.060,0.011,0.009,0.004,13,5,4,2
0.139,0.425,0.427,1.99,0.186,0,0.0613,0.0466,0.100,-0.326,0.166,0.114,0.027,0.009,0.000,0.000,8,5,0,0,0.172,0.131,0.060,0.011,0.009,0.004,13,5,4,2
0.109,0.465,0.172,2.1,0.128,0,0.0526,0.0404,0.079,0.02,0.166,0.114,0.027,0.009,0.000,0.000,8,5,0,0,0.172,0.131,0.060,0.011,0.009,0.004,13,5,4,2
0.101,0.348,0.163,0,0.000,0,0.0430,0.0320,0.102,0.166,0.166,0.114,0.027,0.009,0.000,0.000,8,5,0,0,0.172,0.131,0.060,0.011,0.009,0.004,13,5,4,2
0.103,0.366,0.077,0,0.000,0,0.0342,0.0241,0.084,0.166,0.166,0.114,0.027,0.009,0.000,0.000,8,5,0,0,0.172,0.131,0.060,0.011,0.009,0.004,13,5,4,2
0.099,0.198,0.010,3.14,0.186,0,0.0210,0.0126,0.056,-0.486,0.166,0.114,0.027,0.009,0.000,0.000,8,5,0,0,0.172,0.131,0.060,0.011,0.009,0.004,13,5,4,2
0.095,0.197,0.020,1.99,0.186,0,0.0120,0.0051,0.053,-0.326,0.166,0.114,0.027,0.009,0.000,0.000,8,5,0,0,0.172,0.131,0.060,0.011,0.009,0.004,13,5,4,2
0.107,0.207,0.113,3.14,0.186,0,0.0094,0.0031,0.037,-0.486,0.166,0.114,0.027,0.009,0.000,0.000,8,5,0,0,0.172,0.131,0.060,0.011,0.009,0.004,13,5,4,2
0.108,0.223,0.342,-0.52,0.062,0,0.0119,0.0055,0.060,0.341,0.166,0.114,0.027,0.009,0.000,0.000,8,5,0,0,0.172,0.131,0.060,0.011,0.009,0.004,13,5,4,2
0.109,0.250,0.245,-0.52,0.062,0,0.0111,0.0048,0.048,0.341,0.166,0.114,0.027,0.009,0.000,0.000,8,5,0,0,0.172,0.131,0.060,0.011,0.009,0.004,13,5,4,2
0.101,0.200,0.230,2.1,0.128,0,0.0095,0.0040,0.044,0.02,0.166,0.114,0.027,0.009,0.000,0.000,8,5,0,0,0.172,0.131,0.060,0.011,0.009,0.004,13,5,4,2
0.100,0.286,0.141,1.76,0.409,0,0.0083,0.0035,0.076,-0.884,0.166,0.114,0.027,0.009,0.000,0.000,8,5,0,0,0.172,0.131,0.060,0.011,0.009,0.004,13,5,4,2
0.105,0.255,0.142,3.14,0.186,0,0.0106,0.0059,0.040,-0.486,0.166,0.114,0.027,0.009,0.000,0.000,8,5,0,0,0.172,0.131,0.060,0.011,0.009,0.004,13,5,4,2
0.083,0.276,0.033,1.99,0.186,0,0.0148,0.0100,0.074,-0.326,0.166,0.114,0.027,0.009,0.000,0.000,8,5,0,0,0.172,0.131,0.060,0.011,0.009,0.004,13,5,4,2
0.078,0.283,0.150,-0.52,0.062,0,0.0208,0.0148,0.079,0.341,0.166,0.114,0.027,0.009,0.000,0.000,8,5,0,0,0.172,0.131,0.060,0.011,0.009,0.004,13,5,4,2
0.073,0.180,0.261,0.85,0.046,0,0.0265,0.0192,0.083,0.06,0.166,0.114,0.027,0.009,0.000,0.000,8,5,0,0,0.172,0.131,0.060,0.011,0.009,0.004,13,5,4,2
0.080,0.212,0.430,0.85,0.046,0,0.0286,0.0204,0.094,0.06,0.166,0.114,0.027,0.009,0.000,0.000,8,5,0,0,0.172,0.131,0.060,0.011,0.009,0.004,13,5,4,2
0.087,0.297,0.707,0.22,0.230,0,0.0270,0.0194,0.163,0.303,0.166,0.114,0.027,0.009,0.000,0.000,8,5,0,0,0.172,0.131,0.060,0.011,0.009,0.004,13,5,4,2
0.089,0.327,0.322,2.1,0.128,0,0.0306,0.0212,0.076,0.02,0.166,0.114,0.027,0.009,0.000,0.000,8,5,0,0,0.172,0.131,0.060,0.011,0.009,0.004,13,5,4,2
0.080,0.347,0.144,1.69,0.290,0,0.0359,0.0238,0.097,-0.697,0.166,0.114,0.027,0.009,0.000,0.000,8,5,0,0,0.172,0.131,0.060,0.011,0.009,0.004,13,5,4,2
0.076,0.248,0.369,-0.42,0.180,0,0.0472,0.0300,0.292,0.318,0.166,0.114,0.027,0.009,0.000,0.000,8,5,0,0,0.172,0.131,0.060,0.011,0.009,0.004,13,5,4,2
0.072,0.205,0.141,-0.79,0.151,-1,0.0624,0.0394,0.464,0.736,0.166,0.114,0.027,0.009,0.000,0.000,8,5,0,0,0.172,0.131,0.060,0.011,0.009,0.004,13,5,4,2
0.104,0.274,0.234,0.2,0.291,1,0.0683,0.0432,0.379,0.180,0.166,0.114,0.027,0.009,0.000,0.000,8,5,0,0,0.172,0.131,0.060,0.011,0.009,0.004,13,5,4,2
0.109,0.279,0.082,1.69,0.290,0,0.0715,0.0455,0.110,-0.697,0.166,0.114,0.027,0.009,0.000,0.000,8,5,0,0,0.172,0.131,0.060,0.011,0.009,0.004,13,5,4,2
0.114,0.192,0.080,-1.14,0.131,0,0.0769,0.0492,0.307,0.987,0.166,0.114,0.027,0.009,0.000,0.000,8,5,0,0,0.172,0.131,0.060,0.011,0.009,0.004,13,5,4,2
0.103,0.225,0.062,-1.14,0.131,0,0.0898,0.0589,0.328,0.987,0.166,0.114,0.027,0.009,0.000,0.000,8,5,0,0,0.172,0.131,0.060,0.011,0.009,0.004,13,5,4,2
0.091,0.273,0.217,0.22,0.230,0,0.0960,0.0622,0.282,0.303,0.166,0.114,0.027,0.009,0.000,0.000,8,5,0,0,0.172,0.131,0.060,0.011,0.009,0.004,13,5,4,2
0.094,0.250,0.373,0.22,0.230,0,0.1012,0.0638,0.210,0.303,0.166,0.114,0.027,0.009,0.000,0.000,8,5,0,0,0.172,0.131,0.060,0.011,0.009,0.004,13,5,4,2
0.087,0.215,0.011,1.99,0.186,0,0.1087,0.0691,0.035,-0.326,0.166,0.114,0.027,0.009,0.000,0.000,8,5,0,0,0.172,0.131,0.060,0.011,0.009,0.004,13,5,4,2
0.085,0.305,0.565,-0.08,0.108,0,0.1307,0.0854,0.103,0.059,0.166,0.114,0.027,0.009,0.000,0.000,8,5,0,0,0.172,0.131,0.060,0.011,0.009,0.004,13,5,4,2
0.099,0.262,0.015,2.53,0.140,0,0.1619,0.1081,0.081,-0.121,0.166,0.114,0.027,0.009,0.000,0.000,8,5,0,0,0.172,0.131,0.060,0.011,0.009,0.004,13,5,4,2
0.104,0.299,0.381,3.14,0.186,0,0.1944,0.1317,0.072,-0.486,0.166,0.114,0.027,0.009,0.000,0.000,8,5,0,0,0.172,0.131,0.060,0.011,0.009,0.004,13,5,4,2
0.104,0.355,0.042,1.99,0.186,0,0.2286,0.1569,0.078,-0.326,0.166,0.114,0.027,0.009,0.000,0.000,8,5,0,0,0.172,0.131,0.060,0.011,0.009,0.004,13,5,4,2
0.081,0.428,0.514,0,0.000,0,0.2525,0.1744,0.146,0.166,0.166,0.114,0.027,0.009,0.000,0.000,8,5,0,0,0.172,0.131,0.060,0.011,0.009,0.004,13,5,4,2
0.080,0.561,0.602,0.2,0.291,1,0.2643,0.1826,0.245,0.180,0.166,0.114,0.027,0.009,0.000,0.000,8,5,0,0,0.172,0.131,0.060,0.011,0.009,0.004,13,5,4,2
0.081,0.318,0.613,-0.08,0.108,0,0.2608,0.1811,0.158,0.059,0.166,0.114,0.027,0.009,0.000,0.000,8,5,0,0,0.172,0.131,0.060,0.011,0.009,0.004,13,5,4,2
0.106,0.289,0.615,1.37,0.298,0,0.2576,0.1830,0.120,-0.510,0.166,0.114,0.027,0.009,0.000,0.000,8,5,0,0,0.172,0.131,0.060,0.011,0.009,0.004,13,5,4,2
0.081,0.313,0.582,0.2,0.291,1,0.2508,0.1835,0.303,0.180,0.166,0.114,0.027,0.009,0.000,0.000,8,5,0,0,0.172,0.131,0.060,0.011,0.009,0.004,13,5,4,2
0.061,0.136,0.467,2.53,0.140,0,0.2537,0.1933,0.163,-0.121,0.166,0.114,0.027,0.009,0.000,0.000,8,5,0,0,0.172,0.131,0.060,0.011,0.009,0.004,13,5,4,2
0.061,0.115,0.518,2.53,0.140,0,0.2482,0.1977,0.174,-0.121,0.166,0.114,0.027,0.009,0.000,0.000,8,5,0,0,0.172,0.131,0.060,0.011,0.009,0.004,13,5,4,2
0.052,0.125,0.479,-1.14,0.131,0,0.2452,0.2051,0.369,0.987,0.166,0.114,0.027,0.009,0.000,0.000,8,5,0,0,0.172,0.131,0.060,0.011,0.009,0.004,13,5,4,2
0.065,0.112,0.421,0,0.000,0,0.2448,0.2131,0.406,0.166,0.166,0.114,0.027,0.009,0.000,0.000,8,5,0,0,0.172,0.131,0.060,0.011,0.009,0.004,13,5,4,2
0.059,0.113,0.210,-0.79,0.151,-1,0.2442,0.2182,0.491,0.736,0.166,0.114,0.027,0.009,0.000,0.000,8,5,0,0,0.172,0.131,0.060,0.011,0.009,0.004,13,5,4,2
0.058,0.110,0.125,-0.79,0.151,-1,0.2524,0.2295,0.497,0.736,0.166,0.114,0.027,0.009,0.000,0.000,8,5,0,0,0.172,0.131,0.060,0.011,0.009,0.004,13,5,4,2
0.057,0.089,0.185,-0.79,0.151,-1,0.2496,0.2324,0.438,0.736,0.166,0.114,0.027,0.009,0.000,0.000,8,5,0,0,0.172,0.131,0.060,0.011,0.009,0.004,13,5,4,2
0.059,0.167,0.396,-0.42,0.180,0,0.2519,0.2398,0.303,0.318,0.166,0.114,0.027,0.009,0.000,0.000,8,5,0,0,0.172,0.131,0.060,0.011,0.009,0.004,13,5,4,2
0.078,0.186,0.333,-1.19,0.219,1,0.2538,0.2488,0.367,0.586,0.166,0.114,0.027,0.009,0.000,0.000,8,5,0,0,0.172,0.131,0.060,0.011,0.009,0.004,13,5,4,2
0.071,0.116,0.114,1.69,0.290,0,0.2653,0.2664,0.174,-0.697,0.166,0.114,0.027,0.009,0.000,0.000,8,5,0,0,0.172,0.131,0.060,0.011,0.009,0.004,13,5,4,2
0.055,0.125,0.280,-0.79,0.151,-1,0.2758,0.2837,0.336,0.736,0.166,0.114,0.027,0.009,0.000,0.000,8,5,0,0,0.172,0.131,0.060,0.011,0.009,0.004,13,5,4,2
0.053,0.094,0.221,2.53,0.140,0,0.2949,0.3086,0.127,-0.121,0.166,0.114,0.027,0.009,0.000,0.000,8,5,0,0,0.172,0.131,0.060,0.011,0.009,0.004,13,5,4,2
0.051,0.154,0.279,-0.79,0.151,-1,0.3051,0.3259,0.304,0.736,0.166,0.114,0.027,0.009,0.000,0.000,8,5,0,0,0.172,0.131,0.060,0.011,0.009,0.004,13,5,4,2
0.051,0.258,0.419,-1.19,0.219,1,0.3090,0.3371,0.286,0.586,0.166,0.114,0.027,0.009,0.000,0.000,8,5,0,0,0.172,0.131,0.060,0.011,0.009,0.004,13,5,4,2
0.047,0.243,0.391,1.37,0.298,0,0.3067,0.3385,0.129,-0.510,0.166,0.114,0.027,0.009,0.000,0.000,8,5,0,0,0.172,0.131,0.060,0.011,0.009,0.004,13,5,4,2
0.052,0.128,0.482,3.14,0.186,0,0.2900,0.3243,0.090,-0.486,0.166,0.114,0.027,0.009,0.000,0.000,8,5,0,0,0.172,0.131,0.060,0.011,0.009,0.004,13,5,4,2
0.062,0.125,0.202,2.53,0.140,0,0.2766,0.3113,0.143,-0.121,0.166,0.114,0.027,0.009,0.000,0.000,8,5,0,0,0.172,0.131,0.060,0.011,0.009,0.004,13,5,4,2
0.065,0.262,0.374,0.22,0.230,0,0.2593,0.2948,0.204,0.303,0.166,0.114,0.027,0.009,0.000,0.000,8,5,0,0,0.172,0.131,0.060,0.011,0.009,0.004,13,5,4,2
0.064,0.232,0.531,-1.19,0.219,1,0.2409,0.2776,0.334,0.586,0.166,0.114,0.027,0.009,0.000,0.000,8,5,0,0,0.172,0.131,0.060,0.011,0.009,0.004,13,5,4,2
0.050,0.157,0.330,-0.79,0.151,-1,0.2045,0.2455,0.350,0.736,0.166,0.114,0.027,0.009,0.000,0.000,8,5,0,0,0.172,0.131,0.060,0.011,0.009,0.004,13,5,4,2
0.061,0.161,0.471,1.69,0.290,0,0.1824,0.2263,0.120,-0.697,0.166,0.114,0.027,0.009,0.000,0.000,8,5,0,0,0.172,0.131,0.060,0.011,0.009,0.004,13,5,4,2
0.076,0.132,0.477,-1.1,0.105,-1,0.1694,0.2129,0.393,0.192,0.166,0.114,0.027,0.009,0.000,0.000,8,5,0,0,0.172,0.131,0.060,0.011,0.009,0.004,13,5,4,2
0.075,0.118,0.445,-1.1,0.105,-1,0.1630,0.2046,0.418,0.192,0.166,0.114,0.027,0.009,0.000,0.000,8,5,0,0,0.172,0.131,0.060,0.011,0.009,0.004,13,5,4,2
0.090,0.122,0.548,-1.1,0.105,-1,0.1662,0.2061,0.447,0.192,0.166,0.114,0.027,0.009,0.000,0.000,8,5,0,0,0.172,0.131,0.060,0.011,0.009,0.004,13,5,4,2
0.072,0.144,0.480,-0.08,0.108,0,0.1755,0.2163,0.324,0.059,0.166,0.114,0.027,0.009,0.000,0.000,8,5,0,0,0.172,0.131,0.060,0.011,0.009,0.004,13,5,4,2
0.101,0.269,0.495,1.37,0.298,0,0.1988,0.2394,0.195,-0.510,0.166,0.114,0.027,0.009,0.000,0.000,8,5,0,0,0.172,0.131,0.060,0.011,0.009,0.004,13,5,4,2
0.109,0.214,0.366,-1.1,0.105,-1,0.2258,0.2661,0.369,0.192,0.166,0.114,0.027,0.009,0.000,0.000,8,5,0,0,0.172,0.131,0.060,0.011,0.009,0.004,13,5,4,2
0.104,0.257,0.354,-0.48,0.134,0,0.2566,0.2942,0.289,0.007,0.166,0.114,0.027,0.009,0.000,0.000,8,5,0,0,0.172,0.131,0.060,0.011,0.009,0.004,13,5,4,2
0.102,0.271,0.118,-1.1,0.105,-1,0.2707,0.3082,0.238,0.192,0.166,0.114,0.027,0.009,0.000,0.000,8,5,0,0,0.172,0.131,0.060,0.011,0.009,0.004,13,5,4,2
0.086,0.140,0.047,3.14,0.186,0,0.2849,0.3218,0.114,-0.486,0.166,0.114,0.027,0.009,0.000,0.000,8,5,0,0,0.172,0.131,0.060,0.011,0.009,0.004,13,5,4,2
0.111,0.122,0.019,0.85,0.046,0,0.2860,0.3232,0.141,0.06,0.166,0.114,0.027,0.009,0.000,0.000,8,5,0,0,0.172,0.131,0.060,0.011,0.009,0.004,13,5,4,2
0.138,0.141,0.098,1.99,0.186,0,0.2880,0.3248,0.089,-0.326,0.166,0.114,0.027,0.009,0.000,0.000,8,5,0,0,0.172,0.131,0.060,0.011,0.009,0.004,13,5,4,2
0.144,0.124,0.034,1.99,0.186,0,0.2750,0.3113,0.104,-0.326,0.166,0.114,0.027,0.009,0.000,0.000,8,5,0,0,0.172,0.131,0.060,0.011,0.009,0.004,13,5,4,2
0.145,0.230,0.459,-0.42,0.180,0,0.2536,0.2887,0.205,0.318,0.166,0.114,0.027,0.009,0.000,0.000,8,5,0,0,0.172,0.131,0.060,0.011,0.009,0.004,13,5,4,2
0.124,0.232,0.152,1.99,0.186,0,0.2437,0.2746,0.080,-0.326,0.166,0.114,0.027,0.009,0.000,0.000,8,5,0,0,0.172,0.131,0.060,0.011,0.009,0.004,13,5,4,2
0.137,0.304,0.414,-1.19,0.219,1,0.2409,0.2693,0.312,0.586,0.166,0.114,0.027,0.009,0.000,0.000,8,5,0,0,0.172,0.131,0.060,0.011,0.009,0.004,13,5,4,2
0.160,0.272,0.513,-0.52,0.062,0,0.2451,0.2703,0.285,0.341,0.166,0.114,0.027,0.009,0.000,0.000,8,5,0,0,0.172,0.131,0.060,0.011,0.009,0.004,13,5,4,2
0.166,0.254,0.427,-1.1,0.105,-1,0.2368,0.2593,0.331,0.192,0.166,0.114,0.027,0.009,0.000,0.000,8,5,0,0,0.172,0.131,0.060,0.011,0.009,0.004,13,5,4,2
0.194,0.248,0.519,-0.52,0.062,0,0.2270,0.2470,0.292,0.341,0.166,0.114,0.027,0.009,0.000,0.000,8,5,0,0,0.172,0.131,0.060,0.011,0.009,0.004,13,5,4,2
0.208,0.259,0.484,-0.52,0.062,0,0.2117,0.2278,0.348,0.341,0.166,0.114,0.027,0.009,0.000,0.000,8,5,0,0,0.172,0.131,0.060,0.011,0.009,0.004,13,5,4,2
0.204,0.274,0.565,0.2,0.291,1,0.2056,0.2165,0.350,0.180,0.166,0.114,0.027,0.009,0.000,0.000,8,5,0,0,0.172,0.131,0.060,0.011,0.009,0.004,13,5,4,2
0.203,0.171,0.447,2.1,0.128,0,0.2011,0.2082,0.138,0.02,0.166,0.114,0.027,0.009,0.000,0.000,8,5,0,0,0.172,0.131,0.060,0.011,0.009,0.004,13,5,4,2
0.209,0.131,0.179,0.85,0.046,0,0.2098,0.2135,0.286,0.06,0.166,0.114,0.027,0.009,0.000,0.000,8,5,0,0,0.172,0.131,0.060,0.011,0.009,0.004,13,5,4,2
0.209,0.183,0.460,-0.42,0.180,0,0.2280,0.2289,0.395,0.318,0.166,0.114,0.027,0.009,0.000,0.000,8,5,0,0,0.172,0.131,0.060,0.011,0.009,0.004,13,5,4,2
0.207,0.209,0.345,-0.79,0.151,-1,0.2339,0.2360,0.334,0.736,0.166,0.114,0.027,0.009,0.000,0.000,8,5,0,0,0.172,0.131,0.060,0.011,0.009,0.004,13,5,4,2
0.199,0.188,0.445,-0.52,0.062,0,0.2434,0.2457,0.196,0.341,0.166,0.114,0.027,0.009,0.000,0.000,8,5,0,0,0.172,0.131,0.060,0.011,0.009,0.004,13,5,4,2
0.164,0.200,0.457,-0.52,0.062,0,0.2412,0.2469,0.238,0.341,0.166,0.114,0.027,0.009,0.000,0.000,8,5,0,0,0.172,0.131,0.060,0.011,0.009,0.004,13,5,4,2
0.151,0.175,0.874,2.53,0.140,0,0.2315,0.2425,0.169,-0.121,0.166,0.114,0.027,0.009,0.000,0.000,8,5,0,0,0.172,0.131,0.060,0.011,0.009,0.004,13,5,4,2
0.156,0.205,0.211,2.53,0.140,0,0.2336,0.2487,0.118,-0.121,0.166,0.114,0.027,0.009,0.000,0.000,8,5,0,0,0.172,0.131,0.060,0.011,0.009,0.004,13,5,4,2
0.144,0.299,0.495,0.2,0.291,1,0.2405,0.2584,0.237,0.180,0.166,0.114,0.027,0.009,0.000,0.000,8,5,0,0,0.172,0.131,0.060,0.011,0.009,0.004,13,5,4,2
0.136,0.261,0.321,-0.08,0.108,0,0.2399,0.2610,0.165,0.059,0.166,0.114,0.027,0.009,0.000,0.000,8,5,0,0,0.172,0.131,0.060,0.011,0.009,0.004,13,5,4,2
0.126,0.218,0.154,2.53,0.140,0,0.2310,0.2544,0.099,-0.121,0.166,0.114,0.027,0.009,0.000,0.000,8,5,0,0,0.172,0.131,0.060,0.011,0.009,0.004,13,5,4,2
0.117,0.194,0.318,2.1,0.128,0,0.2185,0.2414,0.099,0.02,0.166,0.114,0.027,0.009,0.000,0.000,8,5,0,0,0.172,0.131,0.060,0.011,0.009,0.004,13,5,4,2
0.080,0.322,0.216,1.99,0.186,0,0.2152,0.2357,0.101,-0.326,0.166,0.114,0.027,0.009,0.000,0.000,8,5,0,0,0.172,0.131,0.060,0.011,0.009,0.004,13,5,4,2
0.079,0.240,0.061,-1.14,0.131,0,0.2213,0.2367,0.219,0.987,0.166,0.114,0.027,0.009,0.000,0.000,8,5,0,0,0.172,0.131,0.060,0.011,0.009,0.004,13,5,4,2
0.079,0.175,0.218,-1.14,0.131,0,0.2124,0.2233,0.291,0.987,0.166,0.114,0.027,0.009,0.000,0.000,8,5,0,0,0.172,0.131,0.060,0.011,0.009,0.004,13,5,4,2
0.077,0.164,0.132,0.85,0.046,0,0.1917,0.1995,0.426,0.06,0.166,0.114,0.027,0.009,0.000,0.000,8,5,0,0,0.172,0.131,0.060,0.011,0.009,0.004,13,5,4,2
0.059,0.157,0.052,-1.1,0.105,-1,0.1610,0.1689,0.378,0.192,0.166,0.114,0.027,0.009,0.000,0.000,8,5,0,0,0.172,0.131,0.060,0.011,0.009,0.004,13,5,4,2
0.058,0.103,0.004,1.99,0.186,0,0.1424,0.1517,0.193,-0.326,0.166,0.114,0.027,0.009,0.000,0.000,8,5,0,0,0.172,0.131,0.060,0.011,0.009,0.004,13,5,4,2
0.062,0.127,0.016,-0.42,0.180,0,0.1357,0.1461,0.443,0.318,0.166,0.114,0.027,0.009,0.000,0.000,8,5,0,0,0.172,0.131,0.060,0.011,0.009,0.004,13,5,4,2
0.060,0.109,0.007,1.99,0.186,0,0.1574,0.1668,0.156,-0.326,0.166,0.114,0.027,0.009,0.000,0.000,8,5,0,0,0.172,0.131,0.060,0.011,0.009,0.004,13,5,4,2
0.056,0.138,0.016,-1.14,0.131,0,0.1830,0.1922,0.327,0.987,0.166,0.114,0.027,0.009,0.000,0.000,8,5,0,0,0.172,0.131,0.060,0.011,0.009,0.004,13,5,4,2
0.058,0.159,0.022,-1.1,0.105,-1,0.2069,0.2154,0.406,0.192,0.166,0.114,0.027,0.009,0.000,0.000,8,5,0,0,0.172,0.131,0.060,0.011,0.009,0.004,13,5,4,2
0.070,0.164,0.252,1.76,0.409,0,0.2346,0.2411,0.129,-0.884,0.166,0.114,0.027,0.009,0.000,0.000,8,5,0,0,0.172,0.131,0.060,0.011,0.009,0.004,13,5,4,2
0.076,0.138,0.254,-0.08,0.108,0,0.2590,0.2611,0.296,0.059,0.166,0.114,0.027,0.009,0.000,0.000,8,5,0,0,0.172,0.131,0.060,0.011,0.009,0.004,13,5,4,2
0.064,0.133,0.337,-0.79,0.151,-1,0.2731,0.2705,0.339,0.736,0.166,0.114,0.027,0.009,0.000,0.000,8,5,0,0,0.172,0.131,0.060,0.011,0.009,0.004,13,5,4,2
0.068,0.124,0.084,2.1,0.128,0,0.2735,0.2670,0.139,0.02,0.166,0.114,0.027,0.009,0.000,0.000,8,5,0,0,0.172,0.131,0.060,0.011,0.009,0.004,13,5,4,2
0.067,0.180,0.458,-0.79,0.151,-1,0.2660,0.2564,0.273,0.736,0.166,0.114,0.027,0.009,0.000,0.000,8,5,0,0,0.172,0.131,0.060,0.011,0.009,0.004,13,5,4,2
0.074,0.176,0.109,1.99,0.186,0,0.2630,0.2499,0.134,-0.326,0.166,0.114,0.027,0.009,0.000,0.000,8,5,0,0,0.172,0.131,0.060,0.011,0.009,0.004,13,5,4,2
0.071,0.347,0.395,-0.52,0.062,0,0.2398,0.2267,0.313,0.341,0.166,0.114,0.027,0.009,0.000,0.000,8,5,0,0,0.172,0.131,0.060,0.011,0.009,0.004,13,5,4,2
0.060,0.348,0.294,0,0.000,0,0.2147,0.2031,0.373,0.166,0.166,0.114,0.027,0.009,0.000,0.000,8,5,0,0,0.172,0.131,0.060,0.011,0.009,0.004,13,5,4,2
0.053,0.395,0.384,1.37,0.298,0,0.1963,0.1860,0.235,-0.510,0.166,0.114,0.027,0.009,0.000,0.000,8,5,0,0,0.172,0.131,0.060,0.011,0.009,0.004,13,5,4,2
0.059,0.308,0.348,0,0.000,0,0.1961,0.1863,0.253,0.166,0.166,0.114,0.027,0.009,0.000,0.000,8,5,0,0,0.172,0.131,0.060,0.011,0.009,0.004,13,5,4,2
0.049,0.346,0.577,-1.19,0.219,1,0.2056,0.1950,0.407,0.586,0.166,0.114,0.027,0.009,0.000,0.000,8,5,0,0,0.172,0.131,0.060,0.011,0.009,0.004,13,5,4,2
0.076,0.326,0.519,0.22,0.230,0,0.2126,0.2003,0.277,0.303,0.166,0.114,0.027,0.009,0.000,0.000,8,5,0,0,0.172,0.131,0.060,0.011,0.009,0.004,13,5,4,2
0.080,0.202,0.479,-0.79,0.151,-1,0.2284,0.2131,0.396,0.736,0.166,0.114,0.027,0.009,0.000,0.000,8,5,0,0,0.172,0.131,0.060,0.011,0.009,0.004,13,5,4,2
0.122,0.167,0.466,0.85,0.046,0,0.2460,0.2297,0.241,0.06,0.166,0.114,0.027,0.009,0.000,0.000,8,5,0,0,0.172,0.131,0.060,0.011,0.009,0.004,13,5,4,2
0.096,0.200,0.114,1.99,0.186,0,0.2663,0.2454,0.137,-0.326,0.166,0.114,0.027,0.009,0.000,0.000,8,5,0,0,0.172,0.131,0.060,0.011,0.009,0.004,13,5,4,2
0.119,0.189,0.331,-0.52,0.062,0,0.2915,0.2642,0.158,0.341,0.166,0.114,0.027,0.009,0.000,0.000,8,5,0,0,0.172,0.131,0.060,0.011,0.009,0.004,13,5,4,2
0.128,0.125,0.245,-1.14,0.131,0,0.2943,0.2630,0.342,0.987,0.166,0.114,0.027,0.009,0.000,0.000,8,5,0,0,0.172,0.131,0.060,0.011,0.009,0.004,13,5,4,2
0.122,0.154,0.414,1.69,0.290,0,0.2976,0.2614,0.176,-0.697,0.166,0.114,0.027,0.009,0.000,0.000,8,5,0,0,0.172,0.131,0.060,0.011,0.009,0.004,13,5,4,2
0.124,0.156,0.517,1.37,0.298,0,0.2926,0.2549,0.149,-0.510,0.166,0.114,0.027,0.009,0.000,0.000,8,5,0,0,0.172,0.131,0.060,0.011,0.009,0.004,13,5,4,2
0.139,0.118,0.339,-0.52,0.062,0,0.2924,0.2543,0.236,0.341,0.166,0.114,0.027,0.009,0.000,0.000,8,5,0,0,0.172,0.131,0.060,0.011,0.009,0.004,13,5,4,2
0.121,0.114,0.312,-0.79,0.151,-1,0.2875,0.2524,0.490,0.736,0.166,0.114,0.027,0.009,0.000,0.000,8,5,0,0,0.172,0.131,0.060,0.011,0.009,0.004,13,5,4,2
0.093,0.172,0.447,0.2,0.291,1,0.2585,0.2323,0.316,0.180,0.166,0.114,0.027,0.009,0.000,0.000,8,5,0,0,0.172,0.131,0.060,0.011,0.009,0.004,13,5,4,2
0.091,0.160,0.085,1.99,0.186,0,0.2351,0.2195,0.079,-0.326,0.166,0.114,0.027,0.009,0.000,0.000,8,5,0,0,0.172,0.131,0.060,0.011,0.009,0.004,13,5,4,2
0.118,0.164,0.497,-1.19,0.219,1,0.2364,0.2279,0.410,0.586,0.166,0.114,0.027,0.009,0.000,0.000,8,5,0,0,0.172,0.131,0.060,0.011,0.009,0.004,13,5,4,2
0.122,0.138,0.396,-0.79,0.151,-1,0.2419,0.2401,0.412,0.736,0.166,0.114,0.027,0.009,0.000,0.000,8,5,0,0,0.172,0.131,0.060,0.011,0.009,0.004,13,5,4,2
0.126,0.110,0.087,0.85,0.046,0,0.2540,0.2561,0.131,0.06,0.166,0.114,0.027,0.009,0.000,0.000,8,5,0,0,0.172,0.131,0.060,0.011,0.009,0.004,13,5,4,2
0.114,0.197,0.386,0.22,0.230,0,0.2567,0.2623,0.168,0.303,0.166,0.114,0.027,0.009,0.000,0.000,8,5,0,0,0.172,0.131,0.060,0.011,0.009,0.004,13,5,4,2
0.126,0.137,0.043,2.53,0.140,0,0.2688,0.2755,0.156,-0.121,0.166,0.114,0.027,0.009,0.000,0.000,8,5,0,0,0.172,0.131,0.060,0.011,0.009,0.004,13,5,4,2
0.147,0.337,0.662,0.2,0.291,1,0.2806,0.2874,0.351,0.180,0.166,0.114,0.027,0.009,0.000,0.000,8,5,0,0,0.172,0.131,0.060,0.011,0.009,0.004,13,5,4,2
0.175,0.257,0.282,1.99,0.186,0,0.2875,0.2934,0.082,-0.326,0.166,0.114,0.027,0.009,0.000,0.000,8,5,0,0,0.172,0.131,0.060,0.011,0.009,0.004,13,5,4,2
0.166,0.366,0.504,1.37,0.298,0,0.2925,0.2974,0.114,-0.510,0.166,0.114,0.027,0.009,0.000,0.000,8,5,0,0,0.172,0.131,0.060,0.011,0.009,0.004,13,5,4,2
0.200,0.280,0.246,-1.14,0.131,0,0.2930,0.3008,0.280,0.987,0.166,0.114,0.027,0.009,0.000,0.000,8,5,0,0,0.172,0.131,0.060,0.011,0.009,0.004,13,5,4,2
0.166,0.352,0.516,-0.52,0.062,0,0.2889,0.2983,0.251,0.341,0.166,0.114,0.027,0.009,0.000,0.000,8,5,0,0,0.172,0.131,0.060,0.011,0.009,0.004,13,5,4,2
0.173,0.335,0.321,-0.52,0.062,0,0.2862,0.2990,0.243,0.341,0.166,0.114,0.027,0.009,0.000,0.000,8,5,0,0,0.172,0.131,0.060,0.011,0.009,0.004,13,5,4,2
0.134,0.372,0.360,0.2,0.291,1,0.2849,0.3018,0.351,0.180,0.166,0.114,0.027,0.009,0.000,0.000,8,5,0,0,0.172,0.131,0.060,0.011,0.009,0.004,13,5,4,2
0.163,0.259,0.170,2.1,0.128,0,0.2892,0.3097,0.139,0.02,0.166,0.114,0.027,0.009,0.000,0.000,8,5,0,0,0.172,0.131,0.060,0.011,0.009,0.004,13,5,4,2
0.155,0.220,0.350,-0.08,0.108,0,0.2948,0.3189,0.241,0.059,0.166,0.114,0.027,0.009,0.000,0.000,8,5,0,0,0.172,0.131,0.060,0.011,0.009,0.004,13,5,4,2
0.139,0.238,0.440,-0.52,0.062,0,0.3144,0.3407,0.176,0.341,0.166,0.114,0.027,0.009,0.000,0.000,8,5,0,0,0.172,0.131,0.060,0.011,0.009,0.004,13,5,4,2
0.118,0.221,0.521,-0.42,0.180,0,0.3192,0.3484,0.276,0.318,0.166,0.114,0.027,0.009,0.000,0.000,8,5,0,0,0.172,0.131,0.060,0.011,0.009,0.004,13,5,4,2
0.118,0.252,0.708,0.22,0.230,0,0.3063,0.3376,0.240,0.303,0.166,0.114,0.027,0.009,0.000,0.000,8,5,0,0,0.172,0.131,0.060,0.011,0.009,0.004,13,5,4,2
0.118,0.165,0.538,1.99,0.186,0,0.2872,0.3195,0.121,-0.326,0.166,0.114,0.027,0.009,0.000,0.000,8,5,0,0,0.172,0.131,0.060,0.011,0.009,0.004,13,5,4,2
0.136,0.132,0.383,1.99,0.186,0,0.2784,0.3087,0.141,-0.326,0.166,0.114,0.027,0.009,0.000,0.000,8,5,0,0,0.172,0.131,0.060,0.011,0.009,0.004,13,5,4,2
0.143,0.170,0.420,-0.48,0.134,0,0.2785,0.3046,0.305,0.007,0.166,0.114,0.027,0.009,0.000,0.000,8,5,0,0,0.172,0.131,0.060,0.011,0.009,0.004,13,5,4,2
0.139,0.226,0.465,0.2,0.291,1,0.2744,0.2947,0.258,0.180,0.166,0.114,0.027,0.009,0.000,0.000,8,5,0,0,0.172,0.131,0.060,0.011,0.009,0.004,13,5,4,2
0.127,0.206,0.382,-0.08,0.108,0,0.2665,0.2829,0.246,0.059,0.166,0.114,0.027,0.009,0.000,0.000,8,5,0,0,0.172,0.131,0.060,0.011,0.009,0.004,13,5,4,2
0.116,0.175,0.190,2.53,0.140,0,0.2695,0.2804,0.130,-0.121,0.166,0.114,0.027,0.009,0.000,0.000,8,5,0,0,0.172,0.131,0.060,0.011,0.009,0.004,13,5,4,2
0.117,0.276,0.351,-0.08,0.108,0,0.2897,0.2955,0.267,0.059,0.166,0.114,0.027,0.009,0.000,0.000,8,5,0,0,0.172,0.131,0.060,0.011,0.009,0.004,13,5,4,2
0.130,0.282,0.181,-1.1,0.105,-1,0.3286,0.3271,0.291,0.192,0.166,0.114,0.027,0.009,0.000,0.000,8,5,0,0,0.172,0.131,0.060,0.011,0.009,0.004,13,5,4,2
0.126,0.281,0.377,-0.48,0.134,0,0.3613,0.3548,0.210,0.007,0.166,0.114,0.027,0.009,0.000,0.000,8,5,0,0,0.172,0.131,0.060,0.011,0.009,0.004,13,5,4,2
0.133,0.169,0.223,1.42,0.221,0,0.3877,0.3782,0.092,-0.397,0.166,0.114,0.027,0.009,0.000,0.000,8,5,0,0,0.172,0.131,0.060,0.011,0.009,0.004,13,5,4,2
0.118,0.133,0.079,1.99,0.186,0,0.4171,0.4008,0.107,-0.326,0.166,0.114,0.027,0.009,0.000,0.000,8,5,0,0,0.172,0.131,0.060,0.011,0.009,0.004,13,5,4,2
0.115,0.171,0.223,2.1,0.128,0,0.4425,0.4178,0.122,0.02,0.166,0.114,0.027,0.009,0.000,0.000,8,5,0,0,0.172,0.131,0.060,0.011,0.009,0.004,13,5,4,2
0.116,0.177,0.160,0.85,0.046,0,0.4637,0.4300,0.156,0.06,0.166,0.114,0.027,0.009,0.000,0.000,8,5,0,0,0.172,0.131,0.060,0.011,0.009,0.004,13,5,4,2
0.116,0.265,0.384,0,0.000,0,0.4736,0.4343,0.165,0.166,0.166,0.114,0.027,0.009,0.000,0.000,8,5,0,0,0.172,0.131,0.060,0.011,0.009,0.004,13,5,4,2
0.111,0.244,0.548,-1.1,0.105,-1,0.4641,0.4193,0.229,0.192,0.166,0.114,0.027,0.009,0.000,0.000,8,5,0,0,0.172,0.131,0.060,0.011,0.009,0.004,13,5,4,2
0.126,0.196,0.504,-0.08,0.108,0,0.4468,0.4002,0.226,0.059,0.166,0.114,0.027,0.009,0.000,0.000,8,5,0,0,0.172,0.131,0.060,0.011,0.009,0.004,13,5,4,2
0.121,0.272,0.515,0.2,0.291,1,0.4202,0.3748,0.359,0.180,0.166,0.114,0.027,0.009,0.000,0.000,8,5,0,0,0.172,0.131,0.060,0.011,0.009,0.004,13,5,4,2
0.128,0.163,0.383,-0.52,0.062,0,0.3918,0.3485,0.332,0.341,0.166,0.114,0.027,0.009,0.000,0.000,8,5,0,0,0.172,0.131,0.060,0.011,0.009,0.004,13,5,4,2
0.137,0.128,0.185,0,0.000,0,0.3784,0.3332,0.345,0.166,0.166,0.114,0.027,0.009,0.000,0.000,8,5,0,0,0.172,0.131,0.060,0.011,0.009,0.004,13,5,4,2
0.155,0.137,0.451,0,0.000,0,0.3851,0.3361,0.205,0.166,0.166,0.114,0.027,0.009,0.000,0.000,8,5,0,0,0.172,0.131,0.060,0.011,0.009,0.004,13,5,4,2
0.152,0.114,0.283,-1.14,0.131,0,0.4190,0.3639,0.306,0.987,0.166,0.114,0.027,0.009,0.000,0.000,8,5,0,0,0.172,0.131,0.060,0.011,0.009,0.004,13,5,4,2
0.147,0.175,0.332,-0.42,0.180,0,0.4690,0.4058,0.315,0.318,0.166,0.114,0.027,0.009,0.000,0.000,8,5,0,0,0.172,0.131,0.060,0.011,0.009,0.004,13,5,4,2
0.150,0.156,0.166,0.85,0.046,0,0.5139,0.4449,0.189,0.06,0.166,0.114,0.027,0.009,0.000,0.000,8,5,0,0,0.172,0.131,0.060,0.011,0.009,0.004,13,5,4,2
0.152,0.272,0.190,-0.48,0.134,0,0.5442,0.4711,0.240,0.007,0.166,0.114,0.027,0.009,0.000,0.000,8,5,0,0,0.172,0.131,0.060,0.011,0.009,0.004,13,5,4,2
0.152,0.103,0.074,1.99,0.186,0,0.5636,0.4897,0.077,-0.326,0.166,0.114,0.027,0.009,0.000,0.000,8,5,0,0,0.172,0.131,0.060,0.011,0.009,0.004,13,5,4,2
0.152,0.212,0.334,0.22,0.230,0,0.5611,0.4876,0.236,0.303,0.166,0.114,0.027,0.009,0.000,0.000,8,5,0,0,0.172,0.131,0.060,0.011,0.009,0.004,13,5,4,2
0.158,0.150,0.242,-1.1,0.105,-1,0.5310,0.4613,0.244,0.192,0.166,0.114,0.027,0.009,0.000,0.000,8,5,0,0,0.172,0.131,0.060,0.011,0.009,0.004,13,5,4,2
0.153,0.120,0.141,0.85,0.046,0,0.4646,0.4033,0.117,0.06,0.166,0.114,0.027,0.009,0.000,0.000,8,5,0,0,0.172,0.131,0.060,0.011,0.009,0.004,13,5,4,2
0.150,0.137,0.326,2.1,0.128,0,0.3957,0.3428,0.097,0.02,0.166,0.114,0.027,0.009,0.000,0.000,8,5,0,0,0.172,0.131,0.060,0.011,0.009,0.004,13,5,4,2
0.146,0.148,0.489,-0.42,0.180,0,0.3382,0.2901,0.367,0.318,0.166,0.114,0.027,0.009,0.000,0.000,8,5,0,0,0.172,0.131,0.060,0.011,0.009,0.004,13,5,4,2
0.122,0.175,0.494,0,0.000,0,0.2999,0.2529,0.291,0.166,0.166,0.114,0.027,0.009,0.000,0.000,8,5,0,0,0.172,0.131,0.060,0.011,0.009,0.004,13,5,4,2
0.122,0.179,0.265,-1.1,0.105,-1,0.2727,0.2279,0.318,0.192,0.166,0.114,0.027,0.009,0.000,0.000,8,5,0,0,0.172,0.131,0.060,0.011,0.009,0.004,13,5,4,2
0.129,0.199,0.409,-0.52,0.062,0,0.2601,0.2135,0.357,0.341,0.166,0.114,0.027,0.009,0.000,0.000,8,5,0,0,0.172,0.131,0.060,0.011,0.009,0.004,13,5,4,2
0.133,0.256,0.218,0,0.000,0,0.2562,0.2079,0.333,0.166,0.166,0.114,0.027,0.009,0.000,0.000,8,5,0,0,0.172,0.131,0.060,0.011,0.009,0.004,13,5,4,2
0.163,0.240,0.186,0,0.000,0,0.2664,0.2135,0.087,0.166,0.166,0.114,0.027,0.009,0.000,0.000,8,5,0,0,0.172,0.131,0.060,0.011,0.009,0.004,13,5,4,2
0.156,0.246,0.147,-1.14,0.131,0,0.2701,0.2150,0.175,0.987,0.166,0.114,0.027,0.009,0.000,0.000,8,5,0,0,0.172,0.131,0.060,0.011,0.009,0.004,13,5,4,2
0.145,0.167,0.064,1.99,0.186,0,0.2715,0.2131,0.071,-0.326,0.166,0.114,0.027,0.009,0.000,0.000,8,5,0,0,0.172,0.131,0.060,0.011,0.009,0.004,13,5,4,2
0.151,0.144,0.080,2.53,0.140,0,0.2573,0.1983,0.068,-0.121,0.166,0.114,0.027,0.009,0.000,0.000,8,5,0,0,0.172,0.131,0.060,0.011,0.009,0.004,13,5,4,2
0.153,0.161,0.143,2.1,0.128,0,0.2425,0.1834,0.047,0.02,0.166,0.114,0.027,0.009,0.000,0.000,8,5,0,0,0.172,0.131,0.060,0.011,0.009,0.004,13,5,4,2
0.145,0.169,0.372,1.99,0.186,0,0.2258,0.1671,0.049,-0.326,0.166,0.114,0.027,0.009,0.000,0.000,8,5,0,0,0.172,0.131,0.060,0.011,0.009,0.004,13,5,4,2
0.146,0.194,0.429,-0.48,0.134,0,0.2030,0.1478,0.210,0.007,0.166,0.114,0.027,0.009,0.000,0.000,8,5,0,0,0.172,0.131,0.060,0.011,0.009,0.004,13,5,4,2
0.151,0.275,0.318,-1.1,0.105,-1,0.1737,0.1246,0.273,0.192,0.166,0.114,0.027,0.009,0.000,0.000,8,5,0,0,0.172,0.131,0.060,0.011,0.009,0.004,13,5,4,2
0.109,0.292,0.253,0,0.000,0,0.1363,0.0977,0.227,0.166,0.166,0.114,0.027,0.009,0.000,0.000,8,5,0,0,0.172,0.131,0.060,0.011,0.009,0.004,13,5,4,2
0.106,0.445,0.403,0.2,0.291,1,0.1029,0.0751,0.279,0.180,0.166,0.114,0.027,0.009,0.000,0.000,8,5,0,0,0.172,0.131,0.060,0.011,0.009,0.004,13,5,4,2
0.103,0.311,0.410,1.42,0.221,0,0.0831,0.0638,0.075,-0.397,0.166,0.114,0.027,0.009,0.000,0.000,8,5,0,0,0.172,0.131,0.060,0.011,0.009,0.004,13,5,4,2
0.103,0.324,0.392,-0.08,0.108,0,0.0634,0.0510,0.093,0.059,0.166,0.114,0.027,0.009,0.000,0.000,8,5,0,0,0.172,0.131,0.060,0.011,0.009,0.004,13,5,4,2
0.111,0.207,0.061,1.99,0.186,0,0.0578,0.0489,0.051,-0.326,0.166,0.114,0.027,0.009,0.000,0.000,8,5,0,0,0.172,0.131,0.060,0.011,0.009,0.004,13,5,4,2
0.114,0.147,0.135,2.53,0.140,0,0.0744,0.0632,0.049,-0.121,0.166,0.114,0.027,0.009,0.000,0.000,8,5,0,0,0.172,0.131,0.060,0.011,0.009,0.004,13,5,4,2
0.110,0.164,0.161,0,0.000,0,0.1041,0.0858,0.040,0.166,0.166,0.114,0.027,0.009,0.000,0.000,8,5,0,0,0.172,0.131,0.060,0.011,0.009,0.004,13,5,4,2
0.133,0.133,0.247,3.14,0.186,0,0.1255,0.1006,0.030,-0.486,0.166,0.114,0.027,0.009,0.000,0.000,8,5,0,0,0.172,0.131,0.060,0.011,0.009,0.004,13,5,4,2
0.128,0.129,0.078,3.14,0.186,0,0.1463,0.1153,0.033,-0.486,0.166,0.114,0.027,0.009,0.000,0.000,8,5,0,0,0.172,0.131,0.060,0.011,0.009,0.004,13,5,4,2
0.151,0.251,0.321,-0.52,0.062,0,0.1592,0.1236,0.048,0.341,0.166,0.114,0.027,0.009,0.000,0.000,8,5,0,0,0.172,0.131,0.060,0.011,0.009,0.004,13,5,4,2
0.150,0.273,0.539,1.76,0.409,0,0.1629,0.1231,0.074,-0.884,0.166,0.114,0.027,0.009,0.000,0.000,8,5,0,0,0.172,0.131,0.060,0.011,0.009,0.004,13,5,4,2
0.150,0.242,0.560,0,0.000,0,0.1538,0.1132,0.067,0.166,0.166,0.114,0.027,0.009,0.000,0.000,8,5,0,0,0.172,0.131,0.060,0.011,0.009,0.004,13,5,4,2
0.145,0.158,0.503,1.99,0.186,0,0.1500,0.1074,0.132,-0.326,0.166,0.114,0.027,0.009,0.000,0.000,8,5,0,0,0.172,0.131,0.060,0.011,0.009,0.004,13,5,4,2
0.124,0.159,0.330,0,0.000,0,0.1325,0.0952,0.168,0.166,0.166,0.114,0.027,0.009,0.000,0.000,8,5,0,0,0.172,0.131,0.060,0.011,0.009,0.004,13,5,4,2
0.124,0.130,0.348,2.1,0.128,0,0.1262,0.0905,0.147,0.02,0.166,0.114,0.027,0.009,0.000,0.000,8,5,0,0,0.172,0.131,0.060,0.011,0.009,0.004,13,5,4,2
0.154,0.136,0.359,0,0.000,0,0.1306,0.0917,0.275,0.166,0.166,0.114,0.027,0.009,0.000,0.000,8,5,0,0,0.172,0.131,0.060,0.011,0.009,0.004,13,5,4,2
0.154,0.172,0.496,-0.42,0.180,0,0.1519,0.1033,0.373,0.318,0.166,0.114,0.027,0.009,0.000,0.000,8,5,0,0,0.172,0.131,0.060,0.011,0.009,0.004,13,5,4,2
0.144,0.189,0.486,-1.19,0.219,1,0.1667,0.1116,0.463,0.586,0.166,0.114,0.027,0.009,0.000,0.000,8,5,0,0,0.172,0.131,0.060,0.011,0.009,0.004,13,5,4,2
0.125,0.200,0.257,-1.1,0.105,-1,0.1695,0.1111,0.360,0.192,0.166,0.114,0.027,0.009,0.000,0.000,8,5,0,0,0.172,0.131,0.060,0.011,0.009,0.004,13,5,4,2
0.114,0.210,0.331,2.53,0.140,0,0.1782,0.1143,0.152,-0.121,0.166,0.114,0.027,0.009,0.000,0.000,8,5,0,0,0.172,0.131,0.060,0.011,0.009,0.004,13,5,4,2
0.108,0.197,0.156,-1.14,0.131,0,0.1863,0.1163,0.313,0.987,0.166,0.114,0.027,0.009,0.000,0.000,8,5,0,0,0.172,0.131,0.060,0.011,0.009,0.004,13,5,4,2
0.149,0.254,0.363,0,0.000,0,0.1901,0.1167,0.187,0.166,0.166,0.114,0.027,0.009,0.000,0.000,8,5,0,0,0.172,0.131,0.060,0.011,0.009,0.004,13,5,4,2
0.102,0.217,0.103,2.53,0.140,0,0.1884,0.1102,0.144,-0.121,0.166,0.114,0.027,0.009,0.000,0.000,8,5,0,0,0.172,0.131,0.060,0.011,0.009,0.004,13,5,4,2
0.100,0.340,0.367,1.37,0.298,0,0.1935,0.1053,0.143,-0.510,0.166,0.114,0.027,0.009,0.000,0.000,8,5,0,0,0.172,0.131,0.060,0.011,0.009,0.004,13,5,4,2
0.102,0.333,0.331,-0.08,0.108,0,0.2086,0.1059,0.224,0.059,0.166,0.114,0.027,0.009,0.000,0.000,8,5,0,0,0.172,0.131,0.060,0.011,0.009,0.004,13,5,4,2
0.095,0.374,0.581,-1.19,0.219,1,0.2259,0.1068,0.272,0.586,0.166,0.114,0.027,0.009,0.000,0.000,8,5,0,0,0.172,0.131,0.060,0.011,0.009,0.004,13,5,4,2
0.078,0.321,0.308,2.53,0.140,0,0.2370,0.1055,0.094,-0.121,0.166,0.114,0.027,0.009,0.000,0.000,8,5,0,0,0.172,0.131,0.060,0.011,0.009,0.004,13,5,4,2
0.084,0.353,0.325,-0.08,0.108,0,0.2495,0.1119,0.222,0.059,0.166,0.114,0.027,0.009,0.000,0.000,8,5,0,0,0.172,0.131,0.060,0.011,0.009,0.004,13,5,4,2
0.070,0.323,0.542,-0.48,0.134,0,0.2592,0.1265,0.274,0.007,0.166,0.114,0.027,0.009,0.000,0.000,8,5,0,0,0.172,0.131,0.060,0.011,0.009,0.004,13,5,4,2
0.070,0.369,0.462,1.37,0.298,0,0.2600,0.1478,0.111,-0.510,0.166,0.114,0.027,0.009,0.000,0.000,8,5,0,0,0.172,0.131,0.060,0.011,0.009,0.004,13,5,4,2
0.067,0.176,0.284,1.99,0.186,0,0.2647,0.1863,0.097,-0.326,0.166,0.114,0.027,0.009,0.000,0.000,8,5,0,0,0.172,0.131,0.060,0.011,0.009,0.004,13,5,4,2
0.067,0.176,0.357,-1.1,0.105,-1,0.2554,0.2334,0.318,0.192,0.166,0.114,0.027,0.009,0.000,0.000,8,5,0,0,0.172,0.131,0.060,0.011,0.009,0.004,13,5,4,2
0.062,0.192,0.530,1.76,0.409,0,0.2495,0.2928,0.154,-0.884,0.166,0.114,0.027,0.009,0.000,0.000,8,5,0,0,0.172,0.131,0.060,0.011,0.009,0.004,13,5,4,2
0.058,0.145,0.024,3.14,0.186,0,0.2504,0.3636,0.092,-0.486,0.166,0.114,0.027,0.009,0.000,0.000,8,5,0,0,0.172,0.131,0.060,0.011,0.009,0.004,13,5,4,2
0.063,0.192,0.219,0.2,0.291,1,0.2596,0.4430,0.285,0.180,0.166,0.114,0.027,0.009,0.000,0.000,8,5,0,0,0.172,0.131,0.060,0.011,0.009,0.004,13,5,4,2
0.064,0.131,0.298,-1.1,0.105,-1,0.2753,0.5269,0.468,0.192,0.166,0.114,0.027,0.009,0.000,0.000,8,5,0,0,0.172,0.131,0.060,0.011,0.009,0.004,13,5,4,2
0.042,0.120,0.353,-0.48,0.134,0,0.2912,0.6090,0.326,0.007,0.166,0.114,0.027,0.009,0.000,0.000,8,5,0,0,0.172,0.131,0.060,0.011,0.009,0.004,13,5,4,2
0.037,0.103,0.052,1.42,0.221,0,0.2958,0.6806,0.256,-0.397,0.166,0.114,0.027,0.009,0.000,0.000,8,5,0,0,0.172,0.131,0.060,0.011,0.009,0.004,13,5,4,2
0.036,0.110,0.452,0.2,0.291,1,0.2706,0.7307,0.456,0.180,0.166,0.114,0.027,0.009,0.000,0.000,8,5,0,0,0.172,0.131,0.060,0.011,0.009,0.004,13,5,4,2
0.044,0.085,0.148,-1.14,0.131,0,0.1897,0.7456,0.774,0.987,0.166,0.114,0.027,0.009,0.000,0.000,8,5,0,0,0.172,0.131,0.060,0.011,0.009,0.004,13,5,4,2
