0.155,0.712,0.398,1.42,0.221,0,0.0311,0.5472,0.703,-0.397,0.284,0.169,0.204,0.130,0.074,0.000,17,13,8,0,0.331,0.224,0.343,0.222,0.139,0.046,24,14,8,5
0.157,0.398,0.470,3.14,0.186,0,0.0438,0.4754,0.347,-0.486,0.284,0.169,0.204,0.130,0.074,0.000,17,13,8,0,0.331,0.224,0.343,0.222,0.139,0.046,24,14,8,5
0.158,0.507,0.351,1.99,0.186,0,0.0524,0.3959,0.282,-0.326,0.284,0.169,0.204,0.130,0.074,0.000,17,13,8,0,0.331,0.224,0.343,0.222,0.139,0.046,24,14,8,5
0.151,0.751,0.536,-0.42,0.180,0,0.0579,0.3160,0.398,0.318,0.284,0.169,0.204,0.130,0.074,0.000,17,13,8,0,0.331,0.224,0.343,0.222,0.139,0.046,24,14,8,5
0.163,0.774,0.666,0.2,0.291,1,0.0612,0.2410,0.341,0.180,0.284,0.169,0.204,0.130,0.074,0.000,17,13,8,0,0.331,0.224,0.343,0.222,0.139,0.046,24,14,8,5
0.164,0.726,0.142,1.99,0.186,0,0.0632,0.1747,0.152,-0.326,0.284,0.169,0.204,0.130,0.074,0.000,17,13,8,0,0.331,0.224,0.343,0.222,0.139,0.046,24,14,8,5
0.160,0.554,0.408,1.69,0.290,0,0.0646,0.1194,0.264,-0.697,0.284,0.169,0.204,0.130,0.074,0.000,17,13,8,0,0.331,0.224,0.343,0.222,0.139,0.046,24,14,8,5
0.170,0.743,0.631,0.2,0.291,1,0.0660,0.0760,0.511,0.180,0.284,0.169,0.204,0.130,0.074,0.000,17,13,8,0,0.331,0.224,0.343,0.222,0.139,0.046,24,14,8,5
0.170,0.734,0.092,1.99,0.186,0,0.0682,0.0447,0.206,-0.326,0.284,0.169,0.204,0.130,0.074,0.000,17,13,8,0,0.331,0.224,0.343,0.222,0.139,0.046,24,14,8,5
0.178,0.741,0.224,-0.52,0.062,0,0.0717,0.0246,0.249,0.341,0.284,0.169,0.204,0.130,0.074,0.000,17,13,8,0,0.331,0.224,0.343,0.222,0.139,0.046,24,14,8,5
0.125,0.755,0.528,-0.52,0.062,0,0.0752,0.0131,0.420,0.341,0.284,0.169,0.204,0.130,0.074,0.000,17,13,8,0,0.331,0.224,0.343,0.222,0.139,0.046,24,14,8,5
0.124,0.763,0.334,0.85,0.046,0,0.0796,0.0070,0.286,0.06,0.284,0.169,0.204,0.130,0.074,0.000,17,13,8,0,0.331,0.224,0.343,0.222,0.139,0.046,24,14,8,5
0.132,0.724,0.043,2.53,0.140,0,0.0878,0.0124,0.180,-0.121,0.284,0.169,0.204,0.130,0.074,0.000,17,13,8,0,0.331,0.224,0.343,0.222,0.139,0.046,24,14,8,5
0.113,0.737,0.279,-0.42,0.180,0,0.1063,0.0230,0.344,0.318,0.284,0.169,0.204,0.130,0.074,0.000,17,13,8,0,0.331,0.224,0.343,0.222,0.139,0.046,24,14,8,5
0.114,0.734,0.341,-0.52,0.062,0,0.1265,0.0317,0.332,0.341,0.284,0.169,0.204,0.130,0.074,0.000,17,13,8,0,0.331,0.224,0.343,0.222,0.139,0.046,24,14,8,5
0.112,0.460,0.223,0.85,0.046,0,0.1390,0.0343,0.213,0.06,0.284,0.169,0.204,0.130,0.074,0.000,17,13,8,0,0.331,0.224,0.343,0.222,0.139,0.046,24,14,8,5
0.109,0.459,0.313,3.14,0.186,0,0.1455,0.0369,0.147,-0.486,0.284,0.169,0.204,0.130,0.074,0.000,17,13,8,0,0.331,0.224,0.343,0.222,0.139,0.046,24,14,8,5
0.126,0.808,0.550,-0.52,0.062,0,0.1507,0.0383,0.263,0.341,0.284,0.169,0.204,0.130,0.074,0.000,17,13,8,0,0.331,0.224,0.343,0.222,0.139,0.046,24,14,8,5
0.122,0.794,0.268,2.53,0.140,0,0.1568,0.0422,0.208,-0.121,0.284,0.169,0.204,0.130,0.074,0.000,17,13,8,0,0.331,0.224,0.343,0.222,0.139,0.046,24,14,8,5
0.123,0.818,0.695,-0.52,0.062,0,0.1469,0.0386,0.221,0.341,0.284,0.169,0.204,0.130,0.074,0.000,17,13,8,0,0.331,0.224,0.343,0.222,0.139,0.046,24,14,8,5
0.117,0.740,0.287,1.76,0.409,0,0.1437,0.0400,0.250,-0.884,0.284,0.169,0.204,0.130,0.074,0.000,17,13,8,0,0.331,0.224,0.343,0.222,0.139,0.046,24,14,8,5
0.092,0.829,0.788,0.2,0.291,1,0.1393,0.0389,0.410,0.180,0.284,0.169,0.204,0.130,0.074,0.000,17,13,8,0,0.331,0.224,0.343,0.222,0.139,0.046,24,14,8,5
0.077,0.820,0.787,0.2,0.291,1,0.1373,0.0390,0.430,0.180,0.284,0.169,0.204,0.130,0.074,0.000,17,13,8,0,0.331,0.224,0.343,0.222,0.139,0.046,24,14,8,5
0.096,0.797,0.790,-0.48,0.134,0,0.1234,0.0357,0.437,0.007,0.284,0.169,0.204,0.130,0.074,0.000,17,13,8,0,0.331,0.224,0.343,0.222,0.139,0.046,24,14,8,5
0.080,0.663,0.310,3.14,0.186,0,0.1234,0.0389,0.197,-0.486,0.284,0.169,0.204,0.130,0.074,0.000,17,13,8,0,0.331,0.224,0.343,0.222,0.139,0.046,24,14,8,5
0.076,0.747,0.577,0,0.000,0,0.1376,0.0503,0.286,0.166,0.284,0.169,0.204,0.130,0.074,0.000,17,13,8,0,0.331,0.224,0.343,0.222,0.139,0.046,24,14,8,5
0.072,0.581,0.463,3.14,0.186,0,0.1664,0.0694,0.138,-0.486,0.284,0.169,0.204,0.130,0.074,0.000,17,13,8,0,0.331,0.224,0.343,0.222,0.139,0.046,24,14,8,5
0.071,0.738,0.451,-0.08,0.108,0,0.1823,0.0808,0.205,0.059,0.284,0.169,0.204,0.130,0.074,0.000,17,13,8,0,0.331,0.224,0.343,0.222,0.139,0.046,24,14,8,5
0.067,0.604,0.462,0.85,0.046,0,0.2003,0.0961,0.088,0.06,0.284,0.169,0.204,0.130,0.074,0.000,17,13,8,0,0.331,0.224,0.343,0.222,0.139,0.046,24,14,8,5
0.065,0.577,0.383,2.53,0.140,0,0.2045,0.1030,0.190,-0.121,0.284,0.169,0.204,0.130,0.074,0.000,17,13,8,0,0.331,0.224,0.343,0.222,0.139,0.046,24,14,8,5
0.077,0.695,0.275,0.85,0.046,0,0.1942,0.1025,0.147,0.06,0.284,0.169,0.204,0.130,0.074,0.000,17,13,8,0,0.331,0.224,0.343,0.222,0.139,0.046,24,14,8,5
0.112,0.849,0.443,1.69,0.290,0,0.1895,0.1057,0.137,-0.697,0.284,0.169,0.204,0.130,0.074,0.000,17,13,8,0,0.331,0.224,0.343,0.222,0.139,0.046,24,14,8,5
0.088,0.852,0.425,-0.48,0.134,0,0.1802,0.1062,0.288,0.007,0.284,0.169,0.204,0.130,0.074,0.000,17,13,8,0,0.331,0.224,0.343,0.222,0.139,0.046,24,14,8,5
0.085,0.683,0.495,-1.19,0.219,1,0.1657,0.1058,0.515,0.586,0.284,0.169,0.204,0.130,0.074,0.000,17,13,8,0,0.331,0.224,0.343,0.222,0.139,0.046,24,14,8,5
0.097,0.684,0.099,-0.79,0.151,-1,0.1387,0.0982,0.540,0.736,0.284,0.169,0.204,0.130,0.074,0.000,17,13,8,0,0.331,0.224,0.343,0.222,0.139,0.046,24,14,8,5
0.123,0.704,0.075,1.99,0.186,0,0.1215,0.0975,0.229,-0.326,0.284,0.169,0.204,0.130,0.074,0.000,17,13,8,0,0.331,0.224,0.343,0.222,0.139,0.046,24,14,8,5
0.118,0.640,0.155,-1.1,0.105,-1,0.1170,0.1059,0.410,0.192,0.284,0.169,0.204,0.130,0.074,0.000,17,13,8,0,0.331,0.224,0.343,0.222,0.139,0.046,24,14,8,5
0.125,0.752,0.232,-1.14,0.131,0,0.1208,0.1228,0.443,0.987,0.284,0.169,0.204,0.130,0.074,0.000,17,13,8,0,0.331,0.224,0.343,0.222,0.139,0.046,24,14,8,5
0.107,0.633,0.228,2.53,0.140,0,0.1381,0.1474,0.195,-0.121,0.284,0.169,0.204,0.130,0.074,0.000,17,13,8,0,0.331,0.224,0.343,0.222,0.139,0.046,24,14,8,5
0.095,0.736,0.398,-0.42,0.180,0,0.1585,0.1713,0.232,0.318,0.284,0.169,0.204,0.130,0.074,0.000,17,13,8,0,0.331,0.224,0.343,0.222,0.139,0.046,24,14,8,5
0.099,0.809,0.397,-1.19,0.219,1,0.1915,0.2043,0.527,0.586,0.284,0.169,0.204,0.130,0.074,0.000,17,13,8,0,0.331,0.224,0.343,0.222,0.139,0.046,24,14,8,5
0.093,0.713,0.428,1.99,0.186,0,0.2081,0.2242,0.261,-0.326,0.284,0.169,0.204,0.130,0.074,0.000,17,13,8,0,0.331,0.224,0.343,0.222,0.139,0.046,24,14,8,5
0.140,0.766,0.441,1.69,0.290,0,0.2327,0.2484,0.136,-0.697,0.284,0.169,0.204,0.130,0.074,0.000,17,13,8,0,0.331,0.224,0.343,0.222,0.139,0.046,24,14,8,5
0.171,0.689,0.435,2.53,0.140,0,0.2647,0.2780,0.165,-0.121,0.284,0.169,0.204,0.130,0.074,0.000,17,13,8,0,0.331,0.224,0.343,0.222,0.139,0.046,24,14,8,5
0.134,0.721,0.239,-1.1,0.105,-1,0.2998,0.3097,0.419,0.192,0.284,0.169,0.204,0.130,0.074,0.000,17,13,8,0,0.331,0.224,0.343,0.222,0.139,0.046,24,14,8,5
0.156,0.839,0.670,-1.19,0.219,1,0.3213,0.3313,0.317,0.586,0.284,0.169,0.204,0.130,0.074,0.000,17,13,8,0,0.331,0.224,0.343,0.222,0.139,0.046,24,14,8,5
0.165,0.842,0.199,3.14,0.186,0,0.3323,0.3470,0.093,-0.486,0.284,0.169,0.204,0.130,0.074,0.000,17,13,8,0,0.331,0.224,0.343,0.222,0.139,0.046,24,14,8,5
0.174,0.847,0.633,0.2,0.291,1,0.3286,0.3524,0.432,0.180,0.284,0.169,0.204,0.130,0.074,0.000,17,13,8,0,0.331,0.224,0.343,0.222,0.139,0.046,24,14,8,5
0.185,0.693,0.167,-0.79,0.151,-1,0.3402,0.3660,0.437,0.736,0.284,0.169,0.204,0.130,0.074,0.000,17,13,8,0,0.331,0.224,0.343,0.222,0.139,0.046,24,14,8,5
0.177,0.862,0.612,1.37,0.298,0,0.3601,0.3853,0.177,-0.510,0.284,0.169,0.204,0.130,0.074,0.000,17,13,8,0,0.331,0.224,0.343,0.222,0.139,0.046,24,14,8,5
0.183,0.883,0.705,0.2,0.291,1,0.3865,0.4063,0.317,0.180,0.284,0.169,0.204,0.130,0.074,0.000,17,13,8,0,0.331,0.224,0.343,0.222,0.139,0.046,24,14,8,5
0.144,0.736,0.590,-0.08,0.108,0,0.4252,0.4357,0.392,0.059,0.284,0.169,0.204,0.130,0.074,0.000,17,13,8,0,0.331,0.224,0.343,0.222,0.139,0.046,24,14,8,5
0.145,0.816,0.773,-1.19,0.219,1,0.4634,0.4627,0.542,0.586,0.284,0.169,0.204,0.130,0.074,0.000,17,13,8,0,0.331,0.224,0.343,0.222,0.139,0.046,24,14,8,5
0.178,0.837,0.898,0.2,0.291,1,0.5045,0.4921,0.404,0.180,0.284,0.169,0.204,0.130,0.074,0.000,17,13,8,0,0.331,0.224,0.343,0.222,0.139,0.046,24,14,8,5
0.170,0.789,0.728,-0.42,0.180,0,0.5479,0.5225,0.433,0.318,0.284,0.169,0.204,0.130,0.074,0.000,17,13,8,0,0.331,0.224,0.343,0.222,0.139,0.046,24,14,8,5
0.146,0.740,0.784,-0.08,0.108,0,0.5878,0.5537,0.456,0.059,0.284,0.169,0.204,0.130,0.074,0.000,17,13,8,0,0.331,0.224,0.343,0.222,0.139,0.046,24,14,8,5
0.105,0.713,0.734,-0.52,0.062,0,0.6184,0.5765,0.520,0.341,0.284,0.169,0.204,0.130,0.074,0.000,17,13,8,0,0.331,0.224,0.343,0.222,0.139,0.046,24,14,8,5
0.104,0.576,0.570,0,0.000,0,0.6526,0.6004,0.515,0.166,0.284,0.169,0.204,0.130,0.074,0.000,17,13,8,0,0.331,0.224,0.343,0.222,0.139,0.046,24,14,8,5
0.097,0.509,0.409,0,0.000,0,0.6817,0.6231,0.269,0.166,0.284,0.169,0.204,0.130,0.074,0.000,17,13,8,0,0.331,0.224,0.343,0.222,0.139,0.046,24,14,8,5
0.114,0.421,0.281,-1.14,0.131,0,0.6908,0.6315,0.517,0.987,0.284,0.169,0.204,0.130,0.074,0.000,17,13,8,0,0.331,0.224,0.343,0.222,0.139,0.046,24,14,8,5
0.128,0.351,0.365,2.53,0.140,0,0.6918,0.6396,0.307,-0.121,0.284,0.169,0.204,0.130,0.074,0.000,17,13,8,0,0.331,0.224,0.343,0.222,0.139,0.046,24,14,8,5
0.118,0.387,0.332,-1.1,0.105,-1,0.6791,0.6399,0.473,0.192,0.284,0.169,0.204,0.130,0.074,0.000,17,13,8,0,0.331,0.224,0.343,0.222,0.139,0.046,24,14,8,5
0.129,0.369,0.429,0.85,0.046,0,0.6623,0.6413,0.395,0.06,0.284,0.169,0.204,0.130,0.074,0.000,17,13,8,0,0.331,0.224,0.343,0.222,0.139,0.046,24,14,8,5
0.084,0.421,0.392,0,0.000,0,0.6355,0.6364,0.317,0.166,0.284,0.169,0.204,0.130,0.074,0.000,17,13,8,0,0.331,0.224,0.343,0.222,0.139,0.046,24,14,8,5
0.081,0.372,0.343,-1.14,0.131,0,0.5880,0.6162,0.493,0.987,0.284,0.169,0.204,0.130,0.074,0.000,17,13,8,0,0.331,0.224,0.343,0.222,0.139,0.046,24,14,8,5
0.068,0.346,0.091,-0.79,0.151,-1,0.5222,0.5829,0.496,0.736,0.284,0.169,0.204,0.130,0.074,0.000,17,13,8,0,0.331,0.224,0.343,0.222,0.139,0.046,24,14,8,5
0.090,0.395,0.326,1.37,0.298,0,0.4688,0.5539,0.226,-0.510,0.284,0.169,0.204,0.130,0.074,0.000,17,13,8,0,0.331,0.224,0.343,0.222,0.139,0.046,24,14,8,5
0.085,0.393,0.288,-0.42,0.180,0,0.4136,0.5202,0.286,0.318,0.284,0.169,0.204,0.130,0.074,0.000,17,13,8,0,0.331,0.224,0.343,0.222,0.139,0.046,24,14,8,5
0.104,0.409,0.266,-0.42,0.180,0,0.3743,0.4934,0.463,0.318,0.284,0.169,0.204,0.130,0.074,0.000,17,13,8,0,0.331,0.224,0.343,0.222,0.139,0.046,24,14,8,5
0.098,0.348,0.005,-1.1,0.105,-1,0.3402,0.4655,0.358,0.192,0.284,0.169,0.204,0.130,0.074,0.000,17,13,8,0,0.331,0.224,0.343,0.222,0.139,0.046,24,14,8,5
0.107,0.299,0.001,1.99,0.186,0,0.3112,0.4395,0.127,-0.326,0.284,0.169,0.204,0.130,0.074,0.000,17,13,8,0,0.331,0.224,0.343,0.222,0.139,0.046,24,14,8,5
0.095,0.349,0.095,-1.1,0.105,-1,0.3026,0.4282,0.332,0.192,0.284,0.169,0.204,0.130,0.074,0.000,17,13,8,0,0.331,0.224,0.343,0.222,0.139,0.046,24,14,8,5
0.102,0.521,0.508,0.2,0.291,1,0.3076,0.4257,0.460,0.180,0.284,0.169,0.204,0.130,0.074,0.000,17,13,8,0,0.331,0.224,0.343,0.222,0.139,0.046,24,14,8,5
0.125,0.448,0.007,-0.79,0.151,-1,0.2931,0.4113,0.284,0.736,0.284,0.169,0.204,0.130,0.074,0.000,17,13,8,0,0.331,0.224,0.343,0.222,0.139,0.046,24,14,8,5
0.123,0.414,0.010,1.99,0.186,0,0.2830,0.3999,0.110,-0.326,0.284,0.169,0.204,0.130,0.074,0.000,17,13,8,0,0.331,0.224,0.343,0.222,0.139,0.046,24,14,8,5
0.124,0.439,0.676,1.69,0.290,0,0.2774,0.3904,0.291,-0.697,0.284,0.169,0.204,0.130,0.074,0.000,17,13,8,0,0.331,0.224,0.343,0.222,0.139,0.046,24,14,8,5
0.158,0.546,0.448,-1.19,0.219,1,0.2792,0.3883,0.435,0.586,0.284,0.169,0.204,0.130,0.074,0.000,17,13,8,0,0.331,0.224,0.343,0.222,0.139,0.046,24,14,8,5
0.150,0.472,0.033,1.99,0.186,0,0.2864,0.3881,0.119,-0.326,0.284,0.169,0.204,0.130,0.074,0.000,17,13,8,0,0.331,0.224,0.343,0.222,0.139,0.046,24,14,8,5
0.147,0.746,0.467,-1.19,0.219,1,0.2816,0.3819,0.264,0.586,0.284,0.169,0.204,0.130,0.074,0.000,17,13,8,0,0.331,0.224,0.343,0.222,0.139,0.046,24,14,8,5
0.126,0.694,0.380,-0.42,0.180,0,0.2655,0.3645,0.516,0.318,0.284,0.169,0.204,0.130,0.074,0.000,17,13,8,0,0.331,0.224,0.343,0.222,0.139,0.046,24,14,8,5
0.125,0.513,0.311,1.42,0.221,0,0.2383,0.3417,0.336,-0.397,0.284,0.169,0.204,0.130,0.074,0.000,17,13,8,0,0.331,0.224,0.343,0.222,0.139,0.046,24,14,8,5
0.107,0.628,0.621,1.37,0.298,0,0.2214,0.3249,0.242,-0.510,0.284,0.169,0.204,0.130,0.074,0.000,17,13,8,0,0.331,0.224,0.343,0.222,0.139,0.046,24,14,8,5
0.091,0.536,0.480,0,0.000,0,0.2135,0.3149,0.362,0.166,0.284,0.169,0.204,0.130,0.074,0.000,17,13,8,0,0.331,0.224,0.343,0.222,0.139,0.046,24,14,8,5
0.083,0.746,0.514,-1.19,0.219,1,0.2142,0.3106,0.494,0.586,0.284,0.169,0.204,0.130,0.074,0.000,17,13,8,0,0.331,0.224,0.343,0.222,0.139,0.046,24,14,8,5
0.084,0.496,0.333,0.85,0.046,0,0.2225,0.3129,0.334,0.06,0.284,0.169,0.204,0.130,0.074,0.000,17,13,8,0,0.331,0.224,0.343,0.222,0.139,0.046,24,14,8,5
0.068,0.487,0.205,-1.1,0.105,-1,0.2381,0.3199,0.396,0.192,0.284,0.169,0.204,0.130,0.074,0.000,17,13,8,0,0.331,0.224,0.343,0.222,0.139,0.046,24,14,8,5
0.080,0.534,0.343,1.42,0.221,0,0.2688,0.3378,0.323,-0.397,0.284,0.169,0.204,0.130,0.074,0.000,17,13,8,0,0.331,0.224,0.343,0.222,0.139,0.046,24,14,8,5
0.061,0.718,0.290,-0.48,0.134,0,0.2874,0.3455,0.449,0.007,0.284,0.169,0.204,0.130,0.074,0.000,17,13,8,0,0.331,0.224,0.343,0.222,0.139,0.046,24,14,8,5
0.077,0.617,0.377,-0.08,0.108,0,0.2964,0.3479,0.346,0.059,0.284,0.169,0.204,0.130,0.074,0.000,17,13,8,0,0.331,0.224,0.343,0.222,0.139,0.046,24,14,8,5
0.050,0.558,0.620,1.69,0.290,0,0.3072,0.3559,0.189,-0.697,0.284,0.169,0.204,0.130,0.074,0.000,17,13,8,0,0.331,0.224,0.343,0.222,0.139,0.046,24,14,8,5
0.042,0.492,0.281,-1.14,0.131,0,0.3174,0.3619,0.370,0.987,0.284,0.169,0.204,0.130,0.074,0.000,17,13,8,0,0.331,0.224,0.343,0.222,0.139,0.046,24,14,8,5
0.040,0.541,0.451,-0.48,0.134,0,0.3165,0.3556,0.480,0.007,0.284,0.169,0.204,0.130,0.074,0.000,17,13,8,0,0.331,0.224,0.343,0.222,0.139,0.046,24,14,8,5
0.045,0.538,0.496,1.69,0.290,0,0.3065,0.3416,0.217,-0.697,0.284,0.169,0.204,0.130,0.074,0.000,17,13,8,0,0.331,0.224,0.343,0.222,0.139,0.046,24,14,8,5
0.035,0.539,0.158,-0.08,0.108,0,0.2918,0.3261,0.376,0.059,0.284,0.169,0.204,0.130,0.074,0.000,17,13,8,0,0.331,0.224,0.343,0.222,0.139,0.046,24,14,8,5
0.035,0.477,0.404,1.69,0.290,0,0.3036,0.3334,0.238,-0.697,0.284,0.169,0.204,0.130,0.074,0.000,17,13,8,0,0.331,0.224,0.343,0.222,0.139,0.046,24,14,8,5
0.033,0.408,0.031,-0.79,0.151,-1,0.3173,0.3515,0.571,0.736,0.284,0.169,0.204,0.130,0.074,0.000,17,13,8,0,0.331,0.224,0.343,0.222,0.139,0.046,24,14,8,5
0.034,0.418,0.067,-1.1,0.105,-1,0.3389,0.3835,0.347,0.192,0.284,0.169,0.204,0.130,0.074,0.000,17,13,8,0,0.331,0.224,0.343,0.222,0.139,0.046,24,14,8,5
0.034,0.357,0.072,-1.14,0.131,0,0.3489,0.4195,0.376,0.987,0.284,0.169,0.204,0.130,0.074,0.000,17,13,8,0,0.331,0.224,0.343,0.222,0.139,0.046,24,14,8,5
0.038,0.477,0.352,-1.19,0.219,1,0.3438,0.4553,0.468,0.586,0.284,0.169,0.204,0.130,0.074,0.000,17,13,8,0,0.331,0.224,0.343,0.222,0.139,0.046,24,14,8,5
0.037,0.388,0.219,1.69,0.290,0,0.3409,0.5001,0.225,-0.697,0.284,0.169,0.204,0.130,0.074,0.000,17,13,8,0,0.331,0.224,0.343,0.222,0.139,0.046,24,14,8,5
0.043,0.328,0.044,-0.79,0.151,-1,0.3432,0.5512,0.433,0.736,0.284,0.169,0.204,0.130,0.074,0.000,17,13,8,0,0.331,0.224,0.343,0.222,0.139,0.046,24,14,8,5
0.042,0.315,0.125,2.53,0.140,0,0.3543,0.6080,0.295,-0.121,0.284,0.169,0.204,0.130,0.074,0.000,17,13,8,0,0.331,0.224,0.343,0.222,0.139,0.046,24,14,8,5
0.049,0.350,0.119,2.53,0.140,0,0.3762,0.6692,0.306,-0.121,0.284,0.169,0.204,0.130,0.074,0.000,17,13,8,0,0.331,0.224,0.343,0.222,0.139,0.046,24,14,8,5
0.060,0.291,0.093,-0.79,0.151,-1,0.4082,0.7326,0.461,0.736,0.284,0.169,0.204,0.130,0.074,0.000,17,13,8,0,0.331,0.224,0.343,0.222,0.139,0.046,24,14,8,5
0.060,0.281,0.270,-1.19,0.219,1,0.4462,0.7951,0.431,0.586,0.284,0.169,0.204,0.130,0.074,0.000,17,13,8,0,0.331,0.224,0.343,0.222,0.139,0.046,24,14,8,5
0.076,0.222,0.202,-1.14,0.131,0,0.4817,0.8523,0.491,0.987,0.284,0.169,0.204,0.130,0.074,0.000,17,13,8,0,0.331,0.224,0.343,0.222,0.139,0.046,24,14,8,5
0.103,0.231,0.404,-0.42,0.180,0,0.5007,0.8987,0.600,0.318,0.284,0.169,0.204,0.130,0.074,0.000,17,13,8,0,0.331,0.224,0.343,0.222,0.139,0.046,24,14,8,5
0.107,0.206,0.404,-0.52,0.062,0,0.4832,0.9270,0.903,0.341,0.284,0.169,0.204,0.130,0.074,0.000,17,13,8,0,0.331,0.224,0.343,0.222,0.139,0.046,24,14,8,5
