0.031,0.778,0.361,1.42,0.221,0,0.1211,0.7253,0.816,-0.397,0.346,0.096,0.208,0.111,0.014,0.000,15,6,1,0,0.350,0.213,0.278,0.222,0.167,0.111,13,10,8,6
0.033,0.840,0.542,1.37,0.298,0,0.1929,0.7058,0.651,-0.510,0.346,0.096,0.208,0.111,0.014,0.000,15,6,1,0,0.350,0.213,0.278,0.222,0.167,0.111,13,10,8,6
0.041,0.881,0.282,1.99,0.186,0,0.2433,0.6710,0.466,-0.326,0.346,0.096,0.208,0.111,0.014,0.000,15,6,1,0,0.350,0.213,0.278,0.222,0.167,0.111,13,10,8,6
0.048,0.913,0.631,-0.08,0.108,0,0.2783,0.6246,0.448,0.059,0.346,0.096,0.208,0.111,0.014,0.000,15,6,1,0,0.350,0.213,0.278,0.222,0.167,0.111,13,10,8,6
0.049,0.883,0.380,1.99,0.186,0,0.3028,0.5701,0.349,-0.326,0.346,0.096,0.208,0.111,0.014,0.000,15,6,1,0,0.350,0.213,0.278,0.222,0.167,0.111,13,10,8,6
0.056,0.932,0.484,-0.42,0.180,0,0.3199,0.5109,0.533,0.318,0.346,0.096,0.208,0.111,0.014,0.000,15,6,1,0,0.350,0.213,0.278,0.222,0.167,0.111,13,10,8,6
0.064,0.892,0.311,-0.79,0.151,-1,0.3320,0.4501,0.465,0.736,0.346,0.096,0.208,0.111,0.014,0.000,15,6,1,0,0.350,0.213,0.278,0.222,0.167,0.111,13,10,8,6
0.067,0.922,0.564,1.76,0.409,0,0.3406,0.3905,0.342,-0.884,0.346,0.096,0.208,0.111,0.014,0.000,15,6,1,0,0.350,0.213,0.278,0.222,0.167,0.111,13,10,8,6
0.056,0.925,0.527,-0.48,0.134,0,0.3466,0.3347,0.402,0.007,0.346,0.096,0.208,0.111,0.014,0.000,15,6,1,0,0.350,0.213,0.278,0.222,0.167,0.111,13,10,8,6
0.056,0.905,0.460,0.85,0.046,0,0.3503,0.2848,0.501,0.06,0.346,0.096,0.208,0.111,0.014,0.000,15,6,1,0,0.350,0.213,0.278,0.222,0.167,0.111,13,10,8,6
0.059,0.926,0.747,0.2,0.291,1,0.3444,0.2381,0.586,0.180,0.346,0.096,0.208,0.111,0.014,0.000,15,6,1,0,0.350,0.213,0.278,0.222,0.167,0.111,13,10,8,6
0.059,0.925,0.607,-0.42,0.180,0,0.3391,0.2024,0.527,0.318,0.346,0.096,0.208,0.111,0.014,0.000,15,6,1,0,0.350,0.213,0.278,0.222,0.167,0.111,13,10,8,6
0.069,0.933,0.858,0.2,0.291,1,0.3459,0.1854,0.570,0.180,0.346,0.096,0.208,0.111,0.014,0.000,15,6,1,0,0.350,0.213,0.278,0.222,0.167,0.111,13,10,8,6
0.047,0.935,0.802,0.2,0.291,1,0.3574,0.1815,0.528,0.180,0.346,0.096,0.208,0.111,0.014,0.000,15,6,1,0,0.350,0.213,0.278,0.222,0.167,0.111,13,10,8,6
0.050,0.934,0.636,-1.14,0.131,0,0.3645,0.1833,0.536,0.987,0.346,0.096,0.208,0.111,0.014,0.000,15,6,1,0,0.350,0.213,0.278,0.222,0.167,0.111,13,10,8,6
0.052,0.935,0.990,0.2,0.291,1,0.3613,0.1841,0.530,0.180,0.346,0.096,0.208,0.111,0.014,0.000,15,6,1,0,0.350,0.213,0.278,0.222,0.167,0.111,13,10,8,6
0.043,0.930,0.936,-0.52,0.062,0,0.3507,0.1816,0.297,0.341,0.346,0.096,0.208,0.111,0.014,0.000,15,6,1,0,0.350,0.213,0.278,0.222,0.167,0.111,13,10,8,6
0.056,0.929,0.598,1.99,0.186,0,0.3445,0.1836,0.350,-0.326,0.346,0.096,0.208,0.111,0.014,0.000,15,6,1,0,0.350,0.213,0.278,0.222,0.167,0.111,13,10,8,6
0.085,0.932,0.660,-0.79,0.151,-1,0.3375,0.1831,0.555,0.736,0.346,0.096,0.208,0.111,0.014,0.000,15,6,1,0,0.350,0.213,0.278,0.222,0.167,0.111,13,10,8,6
0.099,0.929,0.913,-0.08,0.108,0,0.3283,0.1801,0.364,0.059,0.346,0.096,0.208,0.111,0.014,0.000,15,6,1,0,0.350,0.213,0.278,0.222,0.167,0.111,13,10,8,6
0.080,0.931,0.003,2.53,0.140,0,0.3176,0.1789,0.134,-0.121,0.346,0.096,0.208,0.111,0.014,0.000,15,6,1,0,0.350,0.213,0.278,0.222,0.167,0.111,13,10,8,6
0.074,0.938,0.882,0.2,0.291,1,0.3044,0.1751,0.428,0.180,0.346,0.096,0.208,0.111,0.014,0.000,15,6,1,0,0.350,0.213,0.278,0.222,0.167,0.111,13,10,8,6
0.073,0.933,0.954,0.2,0.291,1,0.2909,0.1703,0.468,0.180,0.346,0.096,0.208,0.111,0.014,0.000,15,6,1,0,0.350,0.213,0.278,0.222,0.167,0.111,13,10,8,6
0.067,0.926,0.885,1.76,0.409,0,0.2796,0.1672,0.245,-0.884,0.346,0.096,0.208,0.111,0.014,0.000,15,6,1,0,0.350,0.213,0.278,0.222,0.167,0.111,13,10,8,6
0.064,0.917,0.179,2.53,0.140,0,0.2873,0.1775,0.184,-0.121,0.346,0.096,0.208,0.111,0.014,0.000,15,6,1,0,0.350,0.213,0.278,0.222,0.167,0.111,13,10,8,6
0.084,0.935,0.887,0.2,0.291,1,0.2984,0.1903,0.544,0.180,0.346,0.096,0.208,0.111,0.014,0.000,15,6,1,0,0.350,0.213,0.278,0.222,0.167,0.111,13,10,8,6
0.077,0.913,0.130,-0.79,0.151,-1,0.3022,0.1987,0.545,0.736,0.346,0.096,0.208,0.111,0.014,0.000,15,6,1,0,0.350,0.213,0.278,0.222,0.167,0.111,13,10,8,6
0.075,0.893,0.179,2.1,0.128,0,0.3025,0.2022,0.140,0.02,0.346,0.096,0.208,0.111,0.014,0.000,15,6,1,0,0.350,0.213,0.278,0.222,0.167,0.111,13,10,8,6
0.078,0.932,0.579,0.2,0.291,1,0.2818,0.1888,0.527,0.180,0.346,0.096,0.208,0.111,0.014,0.000,15,6,1,0,0.350,0.213,0.278,0.222,0.167,0.111,13,10,8,6
0.078,0.881,0.013,3.14,0.186,0,0.2668,0.1826,0.384,-0.486,0.346,0.096,0.208,0.111,0.014,0.000,15,6,1,0,0.350,0.213,0.278,0.222,0.167,0.111,13,10,8,6
0.073,0.906,0.300,1.69,0.290,0,0.2546,0.1778,0.365,-0.697,0.346,0.096,0.208,0.111,0.014,0.000,15,6,1,0,0.350,0.213,0.278,0.222,0.167,0.111,13,10,8,6
0.073,0.909,0.174,-1.14,0.131,0,0.2519,0.1808,0.380,0.987,0.346,0.096,0.208,0.111,0.014,0.000,15,6,1,0,0.350,0.213,0.278,0.222,0.167,0.111,13,10,8,6
0.057,0.932,0.122,-1.14,0.131,0,0.2495,0.1847,0.421,0.987,0.346,0.096,0.208,0.111,0.014,0.000,15,6,1,0,0.350,0.213,0.278,0.222,0.167,0.111,13,10,8,6
0.059,0.924,0.250,-1.14,0.131,0,0.2416,0.1844,0.558,0.987,0.346,0.096,0.208,0.111,0.014,0.000,15,6,1,0,0.350,0.213,0.278,0.222,0.167,0.111,13,10,8,6
0.070,0.913,0.439,2.53,0.140,0,0.2394,0.1898,0.422,-0.121,0.346,0.096,0.208,0.111,0.014,0.000,15,6,1,0,0.350,0.213,0.278,0.222,0.167,0.111,13,10,8,6
0.074,0.916,0.549,-1.19,0.219,1,0.2487,0.2037,0.613,0.586,0.346,0.096,0.208,0.111,0.014,0.000,15,6,1,0,0.350,0.213,0.278,0.222,0.167,0.111,13,10,8,6
0.072,0.907,0.385,-1.1,0.105,-1,0.2675,0.2230,0.569,0.192,0.346,0.096,0.208,0.111,0.014,0.000,15,6,1,0,0.350,0.213,0.278,0.222,0.167,0.111,13,10,8,6
0.089,0.896,0.451,0,0.000,0,0.2948,0.2469,0.524,0.166,0.346,0.096,0.208,0.111,0.014,0.000,15,6,1,0,0.350,0.213,0.278,0.222,0.167,0.111,13,10,8,6
0.107,0.932,0.697,0.2,0.291,1,0.3159,0.2643,0.540,0.180,0.346,0.096,0.208,0.111,0.014,0.000,15,6,1,0,0.350,0.213,0.278,0.222,0.167,0.111,13,10,8,6
0.103,0.856,0.349,-0.79,0.151,-1,0.3248,0.2699,0.394,0.736,0.346,0.096,0.208,0.111,0.014,0.000,15,6,1,0,0.350,0.213,0.278,0.222,0.167,0.111,13,10,8,6
0.101,0.868,0.593,1.37,0.298,0,0.3259,0.2697,0.338,-0.510,0.346,0.096,0.208,0.111,0.014,0.000,15,6,1,0,0.350,0.213,0.278,0.222,0.167,0.111,13,10,8,6
0.123,0.725,0.335,1.99,0.186,0,0.3197,0.2647,0.362,-0.326,0.346,0.096,0.208,0.111,0.014,0.000,15,6,1,0,0.350,0.213,0.278,0.222,0.167,0.111,13,10,8,6
0.109,0.848,0.332,1.69,0.290,0,0.3287,0.2693,0.330,-0.697,0.346,0.096,0.208,0.111,0.014,0.000,15,6,1,0,0.350,0.213,0.278,0.222,0.167,0.111,13,10,8,6
0.118,0.845,0.384,0.22,0.230,0,0.3409,0.2781,0.422,0.303,0.346,0.096,0.208,0.111,0.014,0.000,15,6,1,0,0.350,0.213,0.278,0.222,0.167,0.111,13,10,8,6
0.118,0.850,0.262,-0.79,0.151,-1,0.3399,0.2758,0.423,0.736,0.346,0.096,0.208,0.111,0.014,0.000,15,6,1,0,0.350,0.213,0.278,0.222,0.167,0.111,13,10,8,6
0.118,0.830,0.253,-0.52,0.062,0,0.3249,0.2618,0.341,0.341,0.346,0.096,0.208,0.111,0.014,0.000,15,6,1,0,0.350,0.213,0.278,0.222,0.167,0.111,13,10,8,6
0.090,0.812,0.075,0.85,0.046,0,0.3066,0.2438,0.292,0.06,0.346,0.096,0.208,0.111,0.014,0.000,15,6,1,0,0.350,0.213,0.278,0.222,0.167,0.111,13,10,8,6
0.096,0.812,0.158,2.53,0.140,0,0.2938,0.2326,0.281,-0.121,0.346,0.096,0.208,0.111,0.014,0.000,15,6,1,0,0.350,0.213,0.278,0.222,0.167,0.111,13,10,8,6
0.096,0.900,0.373,-1.19,0.219,1,0.2808,0.2225,0.491,0.586,0.346,0.096,0.208,0.111,0.014,0.000,15,6,1,0,0.350,0.213,0.278,0.222,0.167,0.111,13,10,8,6
0.092,0.836,0.068,2.53,0.140,0,0.2828,0.2261,0.244,-0.121,0.346,0.096,0.208,0.111,0.014,0.000,15,6,1,0,0.350,0.213,0.278,0.222,0.167,0.111,13,10,8,6
0.112,0.811,0.351,-1.1,0.105,-1,0.2834,0.2268,0.371,0.192,0.346,0.096,0.208,0.111,0.014,0.000,15,6,1,0,0.350,0.213,0.278,0.222,0.167,0.111,13,10,8,6
0.155,0.850,0.282,1.99,0.186,0,0.2912,0.2367,0.358,-0.326,0.346,0.096,0.208,0.111,0.014,0.000,15,6,1,0,0.350,0.213,0.278,0.222,0.167,0.111,13,10,8,6
0.162,0.897,0.620,-0.48,0.134,0,0.3002,0.2486,0.602,0.007,0.346,0.096,0.208,0.111,0.014,0.000,15,6,1,0,0.350,0.213,0.278,0.222,0.167,0.111,13,10,8,6
0.189,0.906,0.706,0.2,0.291,1,0.3195,0.2710,0.467,0.180,0.346,0.096,0.208,0.111,0.014,0.000,15,6,1,0,0.350,0.213,0.278,0.222,0.167,0.111,13,10,8,6
0.184,0.856,0.662,-1.14,0.131,0,0.3378,0.2930,0.524,0.987,0.346,0.096,0.208,0.111,0.014,0.000,15,6,1,0,0.350,0.213,0.278,0.222,0.167,0.111,13,10,8,6
0.190,0.838,0.619,2.53,0.140,0,0.3611,0.3150,0.351,-0.121,0.346,0.096,0.208,0.111,0.014,0.000,15,6,1,0,0.350,0.213,0.278,0.222,0.167,0.111,13,10,8,6
0.185,0.903,0.711,-0.08,0.108,0,0.3870,0.3373,0.445,0.059,0.346,0.096,0.208,0.111,0.014,0.000,15,6,1,0,0.350,0.213,0.278,0.222,0.167,0.111,13,10,8,6
0.224,0.944,0.751,0,0.000,0,0.4185,0.3639,0.384,0.166,0.346,0.096,0.208,0.111,0.014,0.000,15,6,1,0,0.350,0.213,0.278,0.222,0.167,0.111,13,10,8,6
0.269,0.943,0.629,0,0.000,0,0.4373,0.3852,0.359,0.166,0.346,0.096,0.208,0.111,0.014,0.000,15,6,1,0,0.350,0.213,0.278,0.222,0.167,0.111,13,10,8,6
0.225,0.925,0.379,1.99,0.186,0,0.4544,0.4111,0.271,-0.326,0.346,0.096,0.208,0.111,0.014,0.000,15,6,1,0,0.350,0.213,0.278,0.222,0.167,0.111,13,10,8,6
0.270,0.923,0.434,1.99,0.186,0,0.4811,0.4498,0.239,-0.326,0.346,0.096,0.208,0.111,0.014,0.000,15,6,1,0,0.350,0.213,0.278,0.222,0.167,0.111,13,10,8,6
0.291,0.939,0.706,-1.19,0.219,1,0.5111,0.4973,0.496,0.586,0.346,0.096,0.208,0.111,0.014,0.000,15,6,1,0,0.350,0.213,0.278,0.222,0.167,0.111,13,10,8,6
0.299,0.912,0.793,0.2,0.291,1,0.5315,0.5424,0.461,0.180,0.346,0.096,0.208,0.111,0.014,0.000,15,6,1,0,0.350,0.213,0.278,0.222,0.167,0.111,13,10,8,6
0.353,0.843,0.198,3.14,0.186,0,0.5402,0.5895,0.237,-0.486,0.346,0.096,0.208,0.111,0.014,0.000,15,6,1,0,0.350,0.213,0.278,0.222,0.167,0.111,13,10,8,6
0.354,0.904,0.742,0.2,0.291,1,0.5368,0.6363,0.533,0.180,0.346,0.096,0.208,0.111,0.014,0.000,15,6,1,0,0.350,0.213,0.278,0.222,0.167,0.111,13,10,8,6
0.383,0.815,0.664,-0.48,0.134,0,0.5224,0.6819,0.588,0.007,0.346,0.096,0.208,0.111,0.014,0.000,15,6,1,0,0.350,0.213,0.278,0.222,0.167,0.111,13,10,8,6
0.399,0.779,0.704,0,0.000,0,0.5004,0.7260,0.487,0.166,0.346,0.096,0.208,0.111,0.014,0.000,15,6,1,0,0.350,0.213,0.278,0.222,0.167,0.111,13,10,8,6
0.438,0.850,0.868,-1.19,0.219,1,0.4781,0.7687,0.616,0.586,0.346,0.096,0.208,0.111,0.014,0.000,15,6,1,0,0.350,0.213,0.278,0.222,0.167,0.111,13,10,8,6
0.454,0.867,0.824,-1.19,0.219,1,0.4668,0.8113,0.604,0.586,0.346,0.096,0.208,0.111,0.014,0.000,15,6,1,0,0.350,0.213,0.278,0.222,0.167,0.111,13,10,8,6
0.471,0.684,0.761,0.85,0.046,0,0.4824,0.8559,0.617,0.06,0.346,0.096,0.208,0.111,0.014,0.000,15,6,1,0,0.350,0.213,0.278,0.222,0.167,0.111,13,10,8,6
0.505,0.782,0.751,-1.19,0.219,1,0.5466,0.9060,0.697,0.586,0.346,0.096,0.208,0.111,0.014,0.000,15,6,1,0,0.350,0.213,0.278,0.222,0.167,0.111,13,10,8,6
0.544,0.721,0.416,-0.52,0.062,0,0.6870,0.9663,0.978,0.341,0.346,0.096,0.208,0.111,0.014,0.000,15,6,1,0,0.350,0.213,0.278,0.222,0.167,0.111,13,10,8,6
