0.147,0.225,0.477,1.42,0.221,0,0.1042,0.5754,0.667,-0.397,0.191,0.122,0.045,0.000,0.000,0.000,14,0,0,0,0.189,0.133,0.074,0.014,0.006,0.002,9,5,3,1
0.137,0.153,0.271,0.85,0.046,0,0.1418,0.5352,0.455,0.06,0.191,0.122,0.045,0.000,0.000,0.000,14,0,0,0,0.189,0.133,0.074,0.014,0.006,0.002,9,5,3,1
0.100,0.125,0.332,1.99,0.186,0,0.1446,0.4473,0.329,-0.326,0.191,0.122,0.045,0.000,0.000,0.000,14,0,0,0,0.189,0.133,0.074,0.014,0.006,0.002,9,5,3,1
0.103,0.164,0.212,-0.52,0.062,0,0.1281,0.3402,0.285,0.341,0.191,0.122,0.045,0.000,0.000,0.000,14,0,0,0,0.189,0.133,0.074,0.014,0.006,0.002,9,5,3,1
0.106,0.195,0.444,-0.42,0.180,0,0.1036,0.2342,0.411,0.318,0.191,0.122,0.045,0.000,0.000,0.000,14,0,0,0,0.189,0.133,0.074,0.014,0.006,0.002,9,5,3,1
0.108,0.205,0.352,-0.52,0.062,0,0.0785,0.1425,0.405,0.341,0.191,0.122,0.045,0.000,0.000,0.000,14,0,0,0,0.189,0.133,0.074,0.014,0.006,0.002,9,5,3,1
0.112,0.172,0.434,2.53,0.140,0,0.0577,0.0722,0.153,-0.121,0.191,0.122,0.045,0.000,0.000,0.000,14,0,0,0,0.189,0.133,0.074,0.014,0.006,0.002,9,5,3,1
0.122,0.223,0.384,-1.14,0.131,0,0.0431,0.0256,0.307,0.987,0.191,0.122,0.045,0.000,0.000,0.000,14,0,0,0,0.189,0.133,0.074,0.014,0.006,0.002,9,5,3,1
0.125,0.289,0.347,1.69,0.290,0,0.0349,0.0010,0.155,-0.697,0.191,0.122,0.045,0.000,0.000,0.000,14,0,0,0,0.189,0.133,0.074,0.014,0.006,0.002,9,5,3,1
0.123,0.302,0.407,-0.52,0.062,0,0.0318,-0.0058,0.299,0.341,0.191,0.122,0.045,0.000,0.000,0.000,14,0,0,0,0.189,0.133,0.074,0.014,0.006,0.002,9,5,3,1
0.103,0.187,0.123,0.85,0.046,0,0.0311,-0.0038,0.115,0.06,0.191,0.122,0.045,0.000,0.000,0.000,14,0,0,0,0.189,0.133,0.074,0.014,0.006,0.002,9,5,3,1
0.102,0.202,0.137,-0.08,0.108,0,0.0318,0.0051,0.166,0.059,0.191,0.122,0.045,0.000,0.000,0.000,14,0,0,0,0.189,0.133,0.074,0.014,0.006,0.002,9,5,3,1
0.101,0.128,0.050,-0.79,0.151,-1,0.0236,0.0064,0.164,0.736,0.191,0.122,0.045,0.000,0.000,0.000,14,0,0,0,0.189,0.133,0.074,0.014,0.006,0.002,9,5,3,1
0.101,0.127,0.034,1.99,0.186,0,0.0154,0.0045,0.095,-0.326,0.191,0.122,0.045,0.000,0.000,0.000,14,0,0,0,0.189,0.133,0.074,0.014,0.006,0.002,9,5,3,1
0.079,0.132,0.017,1.99,0.186,0,0.0088,0.0017,0.080,-0.326,0.191,0.122,0.045,0.000,0.000,0.000,14,0,0,0,0.189,0.133,0.074,0.014,0.006,0.002,9,5,3,1
0.055,0.117,0.026,1.99,0.186,0,0.0062,0.0016,0.094,-0.326,0.191,0.122,0.045,0.000,0.000,0.000,14,0,0,0,0.189,0.133,0.074,0.014,0.006,0.002,9,5,3,1
0.052,0.110,0.021,0.85,0.046,0,0.0068,0.0024,0.091,0.06,0.191,0.122,0.045,0.000,0.000,0.000,14,0,0,0,0.189,0.133,0.074,0.014,0.006,0.002,9,5,3,1
0.052,0.134,0.077,-0.52,0.062,0,0.0073,0.0022,0.085,0.341,0.191,0.122,0.045,0.000,0.000,0.000,14,0,0,0,0.189,0.133,0.074,0.014,0.006,0.002,9,5,3,1
0.069,0.108,0.046,0.85,0.046,0,0.0061,0.0013,0.038,0.06,0.191,0.122,0.045,0.000,0.000,0.000,14,0,0,0,0.189,0.133,0.074,0.014,0.006,0.002,9,5,3,1
0.086,0.107,0.118,3.14,0.186,0,0.0046,0.0001,0.031,-0.486,0.191,0.122,0.045,0.000,0.000,0.000,14,0,0,0,0.189,0.133,0.074,0.014,0.006,0.002,9,5,3,1
0.081,0.100,0.150,1.69,0.290,0,0.0048,0.0001,0.045,-0.697,0.191,0.122,0.045,0.000,0.000,0.000,14,0,0,0,0.189,0.133,0.074,0.014,0.006,0.002,9,5,3,1
0.084,0.097,0.047,2.1,0.128,0,0.0061,0.0009,0.025,0.02,0.191,0.122,0.045,0.000,0.000,0.000,14,0,0,0,0.189,0.133,0.074,0.014,0.006,0.002,9,5,3,1
0.084,0.089,0.032,1.99,0.186,0,0.0094,0.0027,0.020,-0.326,0.191,0.122,0.045,0.000,0.000,0.000,14,0,0,0,0.189,0.133,0.074,0.014,0.006,0.002,9,5,3,1
0.108,0.084,0.041,2.53,0.140,0,0.0109,0.0033,0.016,-0.121,0.191,0.122,0.045,0.000,0.000,0.000,14,0,0,0,0.189,0.133,0.074,0.014,0.006,0.002,9,5,3,1
0.109,0.108,0.264,1.69,0.290,0,0.0117,0.0045,0.031,-0.697,0.191,0.122,0.045,0.000,0.000,0.000,14,0,0,0,0.189,0.133,0.074,0.014,0.006,0.002,9,5,3,1
0.105,0.138,0.300,1.76,0.409,0,0.0106,0.0053,0.058,-0.884,0.191,0.122,0.045,0.000,0.000,0.000,14,0,0,0,0.189,0.133,0.074,0.014,0.006,0.002,9,5,3,1
0.130,0.099,0.232,2.53,0.140,0,0.0032,0.0018,0.027,-0.121,0.191,0.122,0.045,0.000,0.000,0.000,14,0,0,0,0.189,0.133,0.074,0.014,0.006,0.002,9,5,3,1
0.132,0.122,0.183,1.99,0.186,0,0.0044,0.0031,0.045,-0.326,0.191,0.122,0.045,0.000,0.000,0.000,14,0,0,0,0.189,0.133,0.074,0.014,0.006,0.002,9,5,3,1
0.125,0.164,0.454,-1.19,0.219,1,0.0041,0.0024,0.329,0.586,0.191,0.122,0.045,0.000,0.000,0.000,14,0,0,0,0.189,0.133,0.074,0.014,0.006,0.002,9,5,3,1
0.153,0.172,0.426,0,0.000,0,0.0226,0.0133,0.220,0.166,0.191,0.122,0.045,0.000,0.000,0.000,14,0,0,0,0.189,0.133,0.074,0.014,0.006,0.002,9,5,3,1
0.165,0.163,0.372,1.99,0.186,0,0.0425,0.0206,0.139,-0.326,0.191,0.122,0.045,0.000,0.000,0.000,14,0,0,0,0.189,0.133,0.074,0.014,0.006,0.002,9,5,3,1
0.189,0.355,0.641,0.2,0.291,1,0.0772,0.0367,0.313,0.180,0.191,0.122,0.045,0.000,0.000,0.000,14,0,0,0,0.189,0.133,0.074,0.014,0.006,0.002,9,5,3,1
0.177,0.194,0.552,-1.14,0.131,0,0.1386,0.0734,0.359,0.987,0.191,0.122,0.045,0.000,0.000,0.000,14,0,0,0,0.189,0.133,0.074,0.014,0.006,0.002,9,5,3,1
0.146,0.305,0.905,0.2,0.291,1,0.2038,0.1115,0.389,0.180,0.191,0.122,0.045,0.000,0.000,0.000,14,0,0,0,0.189,0.133,0.074,0.014,0.006,0.002,9,5,3,1
0.140,0.163,0.563,2.53,0.140,0,0.2637,0.1457,0.207,-0.121,0.191,0.122,0.045,0.000,0.000,0.000,14,0,0,0,0.189,0.133,0.074,0.014,0.006,0.002,9,5,3,1
0.118,0.186,0.763,-1.14,0.131,0,0.3211,0.1811,0.322,0.987,0.191,0.122,0.045,0.000,0.000,0.000,14,0,0,0,0.189,0.133,0.074,0.014,0.006,0.002,9,5,3,1
0.171,0.291,0.879,-1.19,0.219,1,0.3788,0.2212,0.592,0.586,0.191,0.122,0.045,0.000,0.000,0.000,14,0,0,0,0.189,0.133,0.074,0.014,0.006,0.002,9,5,3,1
0.120,0.206,0.588,0,0.000,0,0.4096,0.2445,0.411,0.166,0.191,0.122,0.045,0.000,0.000,0.000,14,0,0,0,0.189,0.133,0.074,0.014,0.006,0.002,9,5,3,1
0.115,0.177,0.480,1.99,0.186,0,0.4268,0.2615,0.241,-0.326,0.191,0.122,0.045,0.000,0.000,0.000,14,0,0,0,0.189,0.133,0.074,0.014,0.006,0.002,9,5,3,1
0.092,0.292,0.591,-1.19,0.219,1,0.4259,0.2693,0.546,0.586,0.191,0.122,0.045,0.000,0.000,0.000,14,0,0,0,0.189,0.133,0.074,0.014,0.006,0.002,9,5,3,1
0.090,0.233,0.459,-0.52,0.062,0,0.4140,0.2714,0.346,0.341,0.191,0.122,0.045,0.000,0.000,0.000,14,0,0,0,0.189,0.133,0.074,0.014,0.006,0.002,9,5,3,1
0.092,0.237,0.321,-1.14,0.131,0,0.3830,0.2580,0.360,0.987,0.191,0.122,0.045,0.000,0.000,0.000,14,0,0,0,0.189,0.133,0.074,0.014,0.006,0.002,9,5,3,1
0.095,0.248,0.627,-1.14,0.131,0,0.3422,0.2376,0.454,0.987,0.191,0.122,0.045,0.000,0.000,0.000,14,0,0,0,0.189,0.133,0.074,0.014,0.006,0.002,9,5,3,1
0.100,0.276,0.617,-0.79,0.151,-1,0.2947,0.2119,0.349,0.736,0.191,0.122,0.045,0.000,0.000,0.000,14,0,0,0,0.189,0.133,0.074,0.014,0.006,0.002,9,5,3,1
0.096,0.272,0.441,-1.14,0.131,0,0.2562,0.1943,0.351,0.987,0.191,0.122,0.045,0.000,0.000,0.000,14,0,0,0,0.189,0.133,0.074,0.014,0.006,0.002,9,5,3,1
0.091,0.429,0.593,1.76,0.409,0,0.2392,0.1910,0.223,-0.884,0.191,0.122,0.045,0.000,0.000,0.000,14,0,0,0,0.189,0.133,0.074,0.014,0.006,0.002,9,5,3,1
0.095,0.339,0.420,0,0.000,0,0.2317,0.1956,0.216,0.166,0.191,0.122,0.045,0.000,0.000,0.000,14,0,0,0,0.189,0.133,0.074,0.014,0.006,0.002,9,5,3,1
0.077,0.475,0.600,1.76,0.409,0,0.2455,0.2152,0.127,-0.884,0.191,0.122,0.045,0.000,0.000,0.000,14,0,0,0,0.189,0.133,0.074,0.014,0.006,0.002,9,5,3,1
0.095,0.335,0.443,-1.14,0.131,0,0.2412,0.2160,0.220,0.987,0.191,0.122,0.045,0.000,0.000,0.000,14,0,0,0,0.189,0.133,0.074,0.014,0.006,0.002,9,5,3,1
0.080,0.359,0.605,1.99,0.186,0,0.2397,0.2187,0.120,-0.326,0.191,0.122,0.045,0.000,0.000,0.000,14,0,0,0,0.189,0.133,0.074,0.014,0.006,0.002,9,5,3,1
0.061,0.331,0.484,1.99,0.186,0,0.2393,0.2214,0.099,-0.326,0.191,0.122,0.045,0.000,0.000,0.000,14,0,0,0,0.189,0.133,0.074,0.014,0.006,0.002,9,5,3,1
0.062,0.372,0.376,0,0.000,0,0.2292,0.2141,0.096,0.166,0.191,0.122,0.045,0.000,0.000,0.000,14,0,0,0,0.189,0.133,0.074,0.014,0.006,0.002,9,5,3,1
0.065,0.370,0.428,0.22,0.230,0,0.1986,0.1891,0.112,0.303,0.191,0.122,0.045,0.000,0.000,0.000,14,0,0,0,0.189,0.133,0.074,0.014,0.006,0.002,9,5,3,1
0.068,0.243,0.226,2.53,0.140,0,0.1646,0.1631,0.075,-0.121,0.191,0.122,0.045,0.000,0.000,0.000,14,0,0,0,0.189,0.133,0.074,0.014,0.006,0.002,9,5,3,1
0.084,0.233,0.381,1.99,0.186,0,0.1411,0.1470,0.079,-0.326,0.191,0.122,0.045,0.000,0.000,0.000,14,0,0,0,0.189,0.133,0.074,0.014,0.006,0.002,9,5,3,1
0.093,0.324,0.220,-0.08,0.108,0,0.1128,0.1270,0.200,0.059,0.191,0.122,0.045,0.000,0.000,0.000,14,0,0,0,0.189,0.133,0.074,0.014,0.006,0.002,9,5,3,1
0.140,0.313,0.087,1.99,0.186,0,0.1029,0.1226,0.124,-0.326,0.191,0.122,0.045,0.000,0.000,0.000,14,0,0,0,0.189,0.133,0.074,0.014,0.006,0.002,9,5,3,1
0.143,0.417,0.326,0,0.000,0,0.1110,0.1354,0.193,0.166,0.191,0.122,0.045,0.000,0.000,0.000,14,0,0,0,0.189,0.133,0.074,0.014,0.006,0.002,9,5,3,1
0.211,0.521,0.430,-1.19,0.219,1,0.1411,0.1653,0.462,0.586,0.191,0.122,0.045,0.000,0.000,0.000,14,0,0,0,0.189,0.133,0.074,0.014,0.006,0.002,9,5,3,1
0.213,0.526,0.345,-0.48,0.134,0,0.1773,0.1981,0.228,0.007,0.191,0.122,0.045,0.000,0.000,0.000,14,0,0,0,0.189,0.133,0.074,0.014,0.006,0.002,9,5,3,1
0.221,0.405,0.117,-1.14,0.131,0,0.2078,0.2232,0.194,0.987,0.191,0.122,0.045,0.000,0.000,0.000,14,0,0,0,0.189,0.133,0.074,0.014,0.006,0.002,9,5,3,1
0.201,0.429,0.359,0.22,0.230,0,0.2312,0.2401,0.287,0.303,0.191,0.122,0.045,0.000,0.000,0.000,14,0,0,0,0.189,0.133,0.074,0.014,0.006,0.002,9,5,3,1
0.201,0.210,0.214,1.99,0.186,0,0.2497,0.2505,0.140,-0.326,0.191,0.122,0.045,0.000,0.000,0.000,14,0,0,0,0.189,0.133,0.074,0.014,0.006,0.002,9,5,3,1
0.181,0.160,0.117,0.85,0.046,0,0.2596,0.2485,0.093,0.06,0.191,0.122,0.045,0.000,0.000,0.000,14,0,0,0,0.189,0.133,0.074,0.014,0.006,0.002,9,5,3,1
0.181,0.194,0.006,1.99,0.186,0,0.2666,0.2431,0.075,-0.326,0.191,0.122,0.045,0.000,0.000,0.000,14,0,0,0,0.189,0.133,0.074,0.014,0.006,0.002,9,5,3,1
0.181,0.277,0.365,-0.52,0.062,0,0.2587,0.2248,0.178,0.341,0.191,0.122,0.045,0.000,0.000,0.000,14,0,0,0,0.189,0.133,0.074,0.014,0.006,0.002,9,5,3,1
0.184,0.379,0.421,0.2,0.291,1,0.2388,0.1970,0.299,0.180,0.191,0.122,0.045,0.000,0.000,0.000,14,0,0,0,0.189,0.133,0.074,0.014,0.006,0.002,9,5,3,1
0.181,0.400,0.157,1.42,0.221,0,0.2185,0.1727,0.074,-0.397,0.191,0.122,0.045,0.000,0.000,0.000,14,0,0,0,0.189,0.133,0.074,0.014,0.006,0.002,9,5,3,1
0.184,0.446,0.467,-0.52,0.062,0,0.1955,0.1498,0.147,0.341,0.191,0.122,0.045,0.000,0.000,0.000,14,0,0,0,0.189,0.133,0.074,0.014,0.006,0.002,9,5,3,1
0.147,0.468,0.369,-0.42,0.180,0,0.1874,0.1426,0.422,0.318,0.191,0.122,0.045,0.000,0.000,0.000,14,0,0,0,0.189,0.133,0.074,0.014,0.006,0.002,9,5,3,1
0.175,0.589,0.395,0.2,0.291,1,0.1776,0.1355,0.382,0.180,0.191,0.122,0.045,0.000,0.000,0.000,14,0,0,0,0.189,0.133,0.074,0.014,0.006,0.002,9,5,3,1
0.191,0.546,0.211,1.37,0.298,0,0.1676,0.1304,0.210,-0.510,0.191,0.122,0.045,0.000,0.000,0.000,14,0,0,0,0.189,0.133,0.074,0.014,0.006,0.002,9,5,3,1
0.171,0.393,0.152,0,0.000,0,0.1643,0.1315,0.202,0.166,0.191,0.122,0.045,0.000,0.000,0.000,14,0,0,0,0.189,0.133,0.074,0.014,0.006,0.002,9,5,3,1
0.165,0.452,0.210,-1.1,0.105,-1,0.1654,0.1343,0.248,0.192,0.191,0.122,0.045,0.000,0.000,0.000,14,0,0,0,0.189,0.133,0.074,0.014,0.006,0.002,9,5,3,1
0.164,0.349,0.100,2.53,0.140,0,0.1596,0.1316,0.141,-0.121,0.191,0.122,0.045,0.000,0.000,0.000,14,0,0,0,0.189,0.133,0.074,0.014,0.006,0.002,9,5,3,1
0.164,0.366,0.060,1.99,0.186,0,0.1552,0.1295,0.076,-0.326,0.191,0.122,0.045,0.000,0.000,0.000,14,0,0,0,0.189,0.133,0.074,0.014,0.006,0.002,9,5,3,1
0.156,0.417,0.337,-0.42,0.180,0,0.1504,0.1249,0.201,0.318,0.191,0.122,0.045,0.000,0.000,0.000,14,0,0,0,0.189,0.133,0.074,0.014,0.006,0.002,9,5,3,1
0.150,0.319,0.086,3.14,0.186,0,0.1395,0.1147,0.070,-0.486,0.191,0.122,0.045,0.000,0.000,0.000,14,0,0,0,0.189,0.133,0.074,0.014,0.006,0.002,9,5,3,1
0.151,0.421,0.555,0.2,0.291,1,0.1127,0.0903,0.187,0.180,0.191,0.122,0.045,0.000,0.000,0.000,14,0,0,0,0.189,0.133,0.074,0.014,0.006,0.002,9,5,3,1
0.150,0.275,0.293,3.14,0.186,0,0.0937,0.0736,0.099,-0.486,0.191,0.122,0.045,0.000,0.000,0.000,14,0,0,0,0.189,0.133,0.074,0.014,0.006,0.002,9,5,3,1
0.154,0.354,0.437,0,0.000,0,0.0786,0.0607,0.206,0.166,0.191,0.122,0.045,0.000,0.000,0.000,14,0,0,0,0.189,0.133,0.074,0.014,0.006,0.002,9,5,3,1
0.142,0.395,0.551,-0.52,0.062,0,0.0775,0.0591,0.261,0.341,0.191,0.122,0.045,0.000,0.000,0.000,14,0,0,0,0.189,0.133,0.074,0.014,0.006,0.002,9,5,3,1
0.151,0.310,0.492,-0.08,0.108,0,0.0829,0.0639,0.151,0.059,0.191,0.122,0.045,0.000,0.000,0.000,14,0,0,0,0.189,0.133,0.074,0.014,0.006,0.002,9,5,3,1
0.145,0.263,0.264,-1.14,0.131,0,0.0840,0.0644,0.122,0.987,0.191,0.122,0.045,0.000,0.000,0.000,14,0,0,0,0.189,0.133,0.074,0.014,0.006,0.002,9,5,3,1
0.156,0.203,0.006,2.53,0.140,0,0.0878,0.0686,0.118,-0.121,0.191,0.122,0.045,0.000,0.000,0.000,14,0,0,0,0.189,0.133,0.074,0.014,0.006,0.002,9,5,3,1
0.151,0.198,0.003,1.99,0.186,0,0.0841,0.0679,0.092,-0.326,0.191,0.122,0.045,0.000,0.000,0.000,14,0,0,0,0.189,0.133,0.074,0.014,0.006,0.002,9,5,3,1
0.153,0.242,0.014,2.53,0.140,0,0.0934,0.0773,0.074,-0.121,0.191,0.122,0.045,0.000,0.000,0.000,14,0,0,0,0.189,0.133,0.074,0.014,0.006,0.002,9,5,3,1
0.157,0.281,0.008,1.99,0.186,0,0.1128,0.0951,0.070,-0.326,0.191,0.122,0.045,0.000,0.000,0.000,14,0,0,0,0.189,0.133,0.074,0.014,0.006,0.002,9,5,3,1
0.161,0.480,0.319,-0.52,0.062,0,0.1282,0.1082,0.149,0.341,0.191,0.122,0.045,0.000,0.000,0.000,14,0,0,0,0.189,0.133,0.074,0.014,0.006,0.002,9,5,3,1
0.161,0.582,0.589,0.2,0.291,1,0.1369,0.1164,0.191,0.180,0.191,0.122,0.045,0.000,0.000,0.000,14,0,0,0,0.189,0.133,0.074,0.014,0.006,0.002,9,5,3,1
0.160,0.399,0.421,1.99,0.186,0,0.1382,0.1148,0.086,-0.326,0.191,0.122,0.045,0.000,0.000,0.000,14,0,0,0,0.189,0.133,0.074,0.014,0.006,0.002,9,5,3,1
0.160,0.409,0.343,-1.1,0.105,-1,0.1344,0.1084,0.271,0.192,0.191,0.122,0.045,0.000,0.000,0.000,14,0,0,0,0.189,0.133,0.074,0.014,0.006,0.002,9,5,3,1
0.146,0.456,0.057,-0.08,0.108,0,0.1337,0.1075,0.238,0.059,0.191,0.122,0.045,0.000,0.000,0.000,14,0,0,0,0.189,0.133,0.074,0.014,0.006,0.002,9,5,3,1
0.148,0.406,0.009,3.14,0.186,0,0.1468,0.1171,0.064,-0.486,0.191,0.122,0.045,0.000,0.000,0.000,14,0,0,0,0.189,0.133,0.074,0.014,0.006,0.002,9,5,3,1
0.128,0.521,0.428,0.2,0.291,1,0.1713,0.1383,0.218,0.180,0.191,0.122,0.045,0.000,0.000,0.000,14,0,0,0,0.189,0.133,0.074,0.014,0.006,0.002,9,5,3,1
0.158,0.457,0.216,-0.42,0.180,0,0.2055,0.1679,0.328,0.318,0.191,0.122,0.045,0.000,0.000,0.000,14,0,0,0,0.189,0.133,0.074,0.014,0.006,0.002,9,5,3,1
0.161,0.386,0.013,0.85,0.046,0,0.2236,0.1852,0.102,0.06,0.191,0.122,0.045,0.000,0.000,0.000,14,0,0,0,0.189,0.133,0.074,0.014,0.006,0.002,9,5,3,1
0.167,0.355,0.056,1.99,0.186,0,0.2447,0.2075,0.054,-0.326,0.191,0.122,0.045,0.000,0.000,0.000,14,0,0,0,0.189,0.133,0.074,0.014,0.006,0.002,9,5,3,1
0.161,0.343,0.152,2.53,0.140,0,0.2768,0.2385,0.178,-0.121,0.191,0.122,0.045,0.000,0.000,0.000,14,0,0,0,0.189,0.133,0.074,0.014,0.006,0.002,9,5,3,1
0.148,0.450,0.320,0.2,0.291,1,0.3148,0.2755,0.428,0.180,0.191,0.122,0.045,0.000,0.000,0.000,14,0,0,0,0.189,0.133,0.074,0.014,0.006,0.002,9,5,3,1
0.142,0.365,0.152,-0.42,0.180,0,0.3353,0.2982,0.286,0.318,0.191,0.122,0.045,0.000,0.000,0.000,14,0,0,0,0.189,0.133,0.074,0.014,0.006,0.002,9,5,3,1
0.127,0.280,0.036,0,0.000,0,0.3355,0.3023,0.296,0.166,0.191,0.122,0.045,0.000,0.000,0.000,14,0,0,0,0.189,0.133,0.074,0.014,0.006,0.002,9,5,3,1
0.126,0.252,0.118,-1.1,0.105,-1,0.3176,0.2917,0.415,0.192,0.191,0.122,0.045,0.000,0.000,0.000,14,0,0,0,0.189,0.133,0.074,0.014,0.006,0.002,9,5,3,1
0.139,0.209,0.285,-1.1,0.105,-1,0.2832,0.2684,0.388,0.192,0.191,0.122,0.045,0.000,0.000,0.000,14,0,0,0,0.189,0.133,0.074,0.014,0.006,0.002,9,5,3,1
0.136,0.263,0.225,1.69,0.290,0,0.2683,0.2608,0.172,-0.697,0.191,0.122,0.045,0.000,0.000,0.000,14,0,0,0,0.189,0.133,0.074,0.014,0.006,0.002,9,5,3,1
0.130,0.343,0.406,-1.19,0.219,1,0.2639,0.2643,0.493,0.586,0.191,0.122,0.045,0.000,0.000,0.000,14,0,0,0,0.189,0.133,0.074,0.014,0.006,0.002,9,5,3,1
0.131,0.211,0.465,0,0.000,0,0.2872,0.2891,0.352,0.166,0.191,0.122,0.045,0.000,0.000,0.000,14,0,0,0,0.189,0.133,0.074,0.014,0.006,0.002,9,5,3,1
0.124,0.352,0.717,0.2,0.291,1,0.3150,0.3191,0.290,0.180,0.191,0.122,0.045,0.000,0.000,0.000,14,0,0,0,0.189,0.133,0.074,0.014,0.006,0.002,9,5,3,1
0.120,0.261,0.378,-1.14,0.131,0,0.3320,0.3371,0.291,0.987,0.191,0.122,0.045,0.000,0.000,0.000,14,0,0,0,0.189,0.133,0.074,0.014,0.006,0.002,9,5,3,1
0.122,0.288,0.555,-1.1,0.105,-1,0.3348,0.3445,0.287,0.192,0.191,0.122,0.045,0.000,0.000,0.000,14,0,0,0,0.189,0.133,0.074,0.014,0.006,0.002,9,5,3,1
0.114,0.201,0.403,1.99,0.186,0,0.3343,0.3495,0.124,-0.326,0.191,0.122,0.045,0.000,0.000,0.000,14,0,0,0,0.189,0.133,0.074,0.014,0.006,0.002,9,5,3,1
0.124,0.394,0.578,1.37,0.298,0,0.3324,0.3529,0.141,-0.510,0.191,0.122,0.045,0.000,0.000,0.000,14,0,0,0,0.189,0.133,0.074,0.014,0.006,0.002,9,5,3,1
0.120,0.299,0.104,-0.08,0.108,0,0.3282,0.3525,0.170,0.059,0.191,0.122,0.045,0.000,0.000,0.000,14,0,0,0,0.189,0.133,0.074,0.014,0.006,0.002,9,5,3,1
0.119,0.263,0.477,-0.52,0.062,0,0.3222,0.3472,0.126,0.341,0.191,0.122,0.045,0.000,0.000,0.000,14,0,0,0,0.189,0.133,0.074,0.014,0.006,0.002,9,5,3,1
0.102,0.255,0.298,-0.08,0.108,0,0.2978,0.3256,0.169,0.059,0.191,0.122,0.045,0.000,0.000,0.000,14,0,0,0,0.189,0.133,0.074,0.014,0.006,0.002,9,5,3,1
0.130,0.208,0.231,1.99,0.186,0,0.2737,0.3037,0.108,-0.326,0.191,0.122,0.045,0.000,0.000,0.000,14,0,0,0,0.189,0.133,0.074,0.014,0.006,0.002,9,5,3,1
0.100,0.195,0.117,3.14,0.186,0,0.2681,0.2967,0.103,-0.486,0.191,0.122,0.045,0.000,0.000,0.000,14,0,0,0,0.189,0.133,0.074,0.014,0.006,0.002,9,5,3,1
0.094,0.291,0.598,-0.08,0.108,0,0.2821,0.3057,0.274,0.059,0.191,0.122,0.045,0.000,0.000,0.000,14,0,0,0,0.189,0.133,0.074,0.014,0.006,0.002,9,5,3,1
0.095,0.258,0.419,-1.1,0.105,-1,0.2991,0.3179,0.327,0.192,0.191,0.122,0.045,0.000,0.000,0.000,14,0,0,0,0.189,0.133,0.074,0.014,0.006,0.002,9,5,3,1
0.102,0.251,0.452,0,0.000,0,0.3001,0.3178,0.290,0.166,0.191,0.122,0.045,0.000,0.000,0.000,14,0,0,0,0.189,0.133,0.074,0.014,0.006,0.002,9,5,3,1
0.101,0.273,0.352,-0.42,0.180,0,0.2991,0.3151,0.322,0.318,0.191,0.122,0.045,0.000,0.000,0.000,14,0,0,0,0.189,0.133,0.074,0.014,0.006,0.002,9,5,3,1
0.102,0.312,0.303,-0.52,0.062,0,0.2967,0.3105,0.233,0.341,0.191,0.122,0.045,0.000,0.000,0.000,14,0,0,0,0.189,0.133,0.074,0.014,0.006,0.002,9,5,3,1
0.078,0.202,0.152,1.99,0.186,0,0.2977,0.3086,0.083,-0.326,0.191,0.122,0.045,0.000,0.000,0.000,14,0,0,0,0.189,0.133,0.074,0.014,0.006,0.002,9,5,3,1
0.083,0.253,0.145,-0.08,0.108,0,0.2934,0.3054,0.228,0.059,0.191,0.122,0.045,0.000,0.000,0.000,14,0,0,0,0.189,0.133,0.074,0.014,0.006,0.002,9,5,3,1
0.079,0.310,0.251,1.69,0.290,0,0.3072,0.3158,0.104,-0.697,0.191,0.122,0.045,0.000,0.000,0.000,14,0,0,0,0.189,0.133,0.074,0.014,0.006,0.002,9,5,3,1
0.087,0.299,0.222,-0.52,0.062,0,0.3182,0.3231,0.162,0.341,0.191,0.122,0.045,0.000,0.000,0.000,14,0,0,0,0.189,0.133,0.074,0.014,0.006,0.002,9,5,3,1
0.091,0.345,0.201,-0.08,0.108,0,0.3331,0.3307,0.194,0.059,0.191,0.122,0.045,0.000,0.000,0.000,14,0,0,0,0.189,0.133,0.074,0.014,0.006,0.002,9,5,3,1
0.097,0.372,0.405,-1.1,0.105,-1,0.3299,0.3259,0.351,0.192,0.191,0.122,0.045,0.000,0.000,0.000,14,0,0,0,0.189,0.133,0.074,0.014,0.006,0.002,9,5,3,1
0.102,0.409,0.592,-0.52,0.062,0,0.3282,0.3225,0.330,0.341,0.191,0.122,0.045,0.000,0.000,0.000,14,0,0,0,0.189,0.133,0.074,0.014,0.006,0.002,9,5,3,1
0.106,0.329,0.258,0,0.000,0,0.3268,0.3220,0.197,0.166,0.191,0.122,0.045,0.000,0.000,0.000,14,0,0,0,0.189,0.133,0.074,0.014,0.006,0.002,9,5,3,1
0.101,0.284,0.108,-1.14,0.131,0,0.3325,0.3243,0.248,0.987,0.191,0.122,0.045,0.000,0.000,0.000,14,0,0,0,0.189,0.133,0.074,0.014,0.006,0.002,9,5,3,1
0.088,0.204,0.227,2.53,0.140,0,0.3368,0.3248,0.121,-0.121,0.191,0.122,0.045,0.000,0.000,0.000,14,0,0,0,0.189,0.133,0.074,0.014,0.006,0.002,9,5,3,1
0.084,0.287,0.600,1.76,0.409,0,0.3343,0.3196,0.165,-0.884,0.191,0.122,0.045,0.000,0.000,0.000,14,0,0,0,0.189,0.133,0.074,0.014,0.006,0.002,9,5,3,1
0.084,0.230,0.640,0.85,0.046,0,0.3319,0.3161,0.153,0.06,0.191,0.122,0.045,0.000,0.000,0.000,14,0,0,0,0.189,0.133,0.074,0.014,0.006,0.002,9,5,3,1
0.074,0.286,0.325,0.85,0.046,0,0.3248,0.3098,0.094,0.06,0.191,0.122,0.045,0.000,0.000,0.000,14,0,0,0,0.189,0.133,0.074,0.014,0.006,0.002,9,5,3,1
0.086,0.488,0.218,0.2,0.291,1,0.3141,0.3014,0.109,0.180,0.191,0.122,0.045,0.000,0.000,0.000,14,0,0,0,0.189,0.133,0.074,0.014,0.006,0.002,9,5,3,1
0.067,0.513,0.708,0.2,0.291,1,0.2960,0.2876,0.234,0.180,0.191,0.122,0.045,0.000,0.000,0.000,14,0,0,0,0.189,0.133,0.074,0.014,0.006,0.002,9,5,3,1
0.074,0.515,0.816,0.2,0.291,1,0.2612,0.2607,0.318,0.180,0.191,0.122,0.045,0.000,0.000,0.000,14,0,0,0,0.189,0.133,0.074,0.014,0.006,0.002,9,5,3,1
0.076,0.234,0.165,1.99,0.186,0,0.2313,0.2372,0.096,-0.326,0.191,0.122,0.045,0.000,0.000,0.000,14,0,0,0,0.189,0.133,0.074,0.014,0.006,0.002,9,5,3,1
0.072,0.212,0.003,0.85,0.046,0,0.2094,0.2198,0.111,0.06,0.191,0.122,0.045,0.000,0.000,0.000,14,0,0,0,0.189,0.133,0.074,0.014,0.006,0.002,9,5,3,1
0.075,0.291,0.573,-0.42,0.180,0,0.2043,0.2154,0.408,0.318,0.191,0.122,0.045,0.000,0.000,0.000,14,0,0,0,0.189,0.133,0.074,0.014,0.006,0.002,9,5,3,1
0.075,0.318,0.695,-0.48,0.134,0,0.2110,0.2222,0.313,0.007,0.191,0.122,0.045,0.000,0.000,0.000,14,0,0,0,0.189,0.133,0.074,0.014,0.006,0.002,9,5,3,1
0.071,0.202,0.103,0.85,0.046,0,0.2367,0.2448,0.140,0.06,0.191,0.122,0.045,0.000,0.000,0.000,14,0,0,0,0.189,0.133,0.074,0.014,0.006,0.002,9,5,3,1
0.105,0.219,0.028,1.99,0.186,0,0.2739,0.2769,0.153,-0.326,0.191,0.122,0.045,0.000,0.000,0.000,14,0,0,0,0.189,0.133,0.074,0.014,0.006,0.002,9,5,3,1
0.110,0.382,0.459,-0.48,0.134,0,0.3173,0.3109,0.322,0.007,0.191,0.122,0.045,0.000,0.000,0.000,14,0,0,0,0.189,0.133,0.074,0.014,0.006,0.002,9,5,3,1
0.115,0.388,0.418,-0.08,0.108,0,0.3358,0.3260,0.219,0.059,0.191,0.122,0.045,0.000,0.000,0.000,14,0,0,0,0.189,0.133,0.074,0.014,0.006,0.002,9,5,3,1
0.116,0.367,0.359,1.69,0.290,0,0.3403,0.3323,0.085,-0.697,0.191,0.122,0.045,0.000,0.000,0.000,14,0,0,0,0.189,0.133,0.074,0.014,0.006,0.002,9,5,3,1
0.118,0.278,0.398,-0.52,0.062,0,0.3235,0.3224,0.210,0.341,0.191,0.122,0.045,0.000,0.000,0.000,14,0,0,0,0.189,0.133,0.074,0.014,0.006,0.002,9,5,3,1
0.117,0.221,0.428,3.14,0.186,0,0.3060,0.3102,0.124,-0.486,0.191,0.122,0.045,0.000,0.000,0.000,14,0,0,0,0.189,0.133,0.074,0.014,0.006,0.002,9,5,3,1
0.105,0.207,0.379,0.85,0.046,0,0.2720,0.2838,0.212,0.06,0.191,0.122,0.045,0.000,0.000,0.000,14,0,0,0,0.189,0.133,0.074,0.014,0.006,0.002,9,5,3,1
0.103,0.271,0.432,-0.52,0.062,0,0.2419,0.2606,0.229,0.341,0.191,0.122,0.045,0.000,0.000,0.000,14,0,0,0,0.189,0.133,0.074,0.014,0.006,0.002,9,5,3,1
0.087,0.224,0.418,-1.1,0.105,-1,0.2209,0.2464,0.220,0.192,0.191,0.122,0.045,0.000,0.000,0.000,14,0,0,0,0.189,0.133,0.074,0.014,0.006,0.002,9,5,3,1
0.083,0.240,0.496,-1.14,0.131,0,0.2074,0.2379,0.339,0.987,0.191,0.122,0.045,0.000,0.000,0.000,14,0,0,0,0.189,0.133,0.074,0.014,0.006,0.002,9,5,3,1
0.089,0.291,0.502,0.85,0.046,0,0.2084,0.2422,0.309,0.06,0.191,0.122,0.045,0.000,0.000,0.000,14,0,0,0,0.189,0.133,0.074,0.014,0.006,0.002,9,5,3,1
0.090,0.352,0.417,-0.52,0.062,0,0.2323,0.2643,0.278,0.341,0.191,0.122,0.045,0.000,0.000,0.000,14,0,0,0,0.189,0.133,0.074,0.014,0.006,0.002,9,5,3,1
0.112,0.287,0.462,-0.52,0.062,0,0.2710,0.2970,0.288,0.341,0.191,0.122,0.045,0.000,0.000,0.000,14,0,0,0,0.189,0.133,0.074,0.014,0.006,0.002,9,5,3,1
0.145,0.271,0.524,-0.52,0.062,0,0.3060,0.3238,0.199,0.341,0.191,0.122,0.045,0.000,0.000,0.000,14,0,0,0,0.189,0.133,0.074,0.014,0.006,0.002,9,5,3,1
0.144,0.218,0.464,-0.52,0.062,0,0.3350,0.3452,0.181,0.341,0.191,0.122,0.045,0.000,0.000,0.000,14,0,0,0,0.189,0.133,0.074,0.014,0.006,0.002,9,5,3,1
0.137,0.195,0.139,2.1,0.128,0,0.3561,0.3597,0.155,0.02,0.191,0.122,0.045,0.000,0.000,0.000,14,0,0,0,0.189,0.133,0.074,0.014,0.006,0.002,9,5,3,1
0.173,0.257,0.200,1.37,0.298,0,0.3553,0.3558,0.200,-0.510,0.191,0.122,0.045,0.000,0.000,0.000,14,0,0,0,0.189,0.133,0.074,0.014,0.006,0.002,9,5,3,1
0.173,0.185,0.003,1.99,0.186,0,0.3486,0.3480,0.101,-0.326,0.191,0.122,0.045,0.000,0.000,0.000,14,0,0,0,0.189,0.133,0.074,0.014,0.006,0.002,9,5,3,1
0.164,0.165,0.111,-0.79,0.151,-1,0.3305,0.3326,0.285,0.736,0.191,0.122,0.045,0.000,0.000,0.000,14,0,0,0,0.189,0.133,0.074,0.014,0.006,0.002,9,5,3,1
0.167,0.133,0.086,-0.79,0.151,-1,0.3015,0.3090,0.415,0.736,0.191,0.122,0.045,0.000,0.000,0.000,14,0,0,0,0.189,0.133,0.074,0.014,0.006,0.002,9,5,3,1
0.182,0.196,0.091,0.22,0.230,0,0.2567,0.2724,0.244,0.303,0.191,0.122,0.045,0.000,0.000,0.000,14,0,0,0,0.189,0.133,0.074,0.014,0.006,0.002,9,5,3,1
0.188,0.139,0.003,2.53,0.140,0,0.2053,0.2316,0.109,-0.121,0.191,0.122,0.045,0.000,0.000,0.000,14,0,0,0,0.189,0.133,0.074,0.014,0.006,0.002,9,5,3,1
0.178,0.177,0.168,-0.52,0.062,0,0.1657,0.2002,0.244,0.341,0.191,0.122,0.045,0.000,0.000,0.000,14,0,0,0,0.189,0.133,0.074,0.014,0.006,0.002,9,5,3,1
0.165,0.207,0.084,-1.19,0.219,1,0.1498,0.1851,0.548,0.586,0.191,0.122,0.045,0.000,0.000,0.000,14,0,0,0,0.189,0.133,0.074,0.014,0.006,0.002,9,5,3,1
0.129,0.163,0.004,-0.79,0.151,-1,0.1503,0.1806,0.318,0.736,0.191,0.122,0.045,0.000,0.000,0.000,14,0,0,0,0.189,0.133,0.074,0.014,0.006,0.002,9,5,3,1
0.122,0.150,0.002,0.85,0.046,0,0.1757,0.1941,0.032,0.06,0.191,0.122,0.045,0.000,0.000,0.000,14,0,0,0,0.189,0.133,0.074,0.014,0.006,0.002,9,5,3,1
0.124,0.219,0.089,-1.19,0.219,1,0.1974,0.2029,0.452,0.586,0.191,0.122,0.045,0.000,0.000,0.000,14,0,0,0,0.189,0.133,0.074,0.014,0.006,0.002,9,5,3,1
0.139,0.159,0.003,0.85,0.046,0,0.2248,0.2179,0.319,0.06,0.191,0.122,0.045,0.000,0.000,0.000,14,0,0,0,0.189,0.133,0.074,0.014,0.006,0.002,9,5,3,1
0.143,0.172,0.005,1.99,0.186,0,0.2488,0.2323,0.046,-0.326,0.191,0.122,0.045,0.000,0.000,0.000,14,0,0,0,0.189,0.133,0.074,0.014,0.006,0.002,9,5,3,1
0.166,0.188,0.004,3.14,0.186,0,0.2688,0.2439,0.058,-0.486,0.191,0.122,0.045,0.000,0.000,0.000,14,0,0,0,0.189,0.133,0.074,0.014,0.006,0.002,9,5,3,1
0.204,0.220,0.064,-0.52,0.062,0,0.2878,0.2558,0.382,0.341,0.191,0.122,0.045,0.000,0.000,0.000,14,0,0,0,0.189,0.133,0.074,0.014,0.006,0.002,9,5,3,1
0.204,0.306,0.244,0.2,0.291,1,0.2921,0.2560,0.252,0.180,0.191,0.122,0.045,0.000,0.000,0.000,14,0,0,0,0.189,0.133,0.074,0.014,0.006,0.002,9,5,3,1
0.171,0.172,0.002,1.99,0.186,0,0.2893,0.2546,0.030,-0.326,0.191,0.122,0.045,0.000,0.000,0.000,14,0,0,0,0.189,0.133,0.074,0.014,0.006,0.002,9,5,3,1
0.157,0.187,0.151,-0.42,0.180,0,0.2738,0.2430,0.257,0.318,0.191,0.122,0.045,0.000,0.000,0.000,14,0,0,0,0.189,0.133,0.074,0.014,0.006,0.002,9,5,3,1
0.122,0.176,0.144,-0.79,0.151,-1,0.2569,0.2281,0.474,0.736,0.191,0.122,0.045,0.000,0.000,0.000,14,0,0,0,0.189,0.133,0.074,0.014,0.006,0.002,9,5,3,1
0.133,0.171,0.053,1.99,0.186,0,0.2445,0.2161,0.098,-0.326,0.191,0.122,0.045,0.000,0.000,0.000,14,0,0,0,0.189,0.133,0.074,0.014,0.006,0.002,9,5,3,1
0.112,0.190,0.164,1.42,0.221,0,0.2345,0.2046,0.130,-0.397,0.191,0.122,0.045,0.000,0.000,0.000,14,0,0,0,0.189,0.133,0.074,0.014,0.006,0.002,9,5,3,1
0.087,0.236,0.146,0.85,0.046,0,0.2372,0.2018,0.437,0.06,0.191,0.122,0.045,0.000,0.000,0.000,14,0,0,0,0.189,0.133,0.074,0.014,0.006,0.002,9,5,3,1
0.087,0.303,0.198,0,0.000,0,0.2426,0.1987,0.278,0.166,0.191,0.122,0.045,0.000,0.000,0.000,14,0,0,0,0.189,0.133,0.074,0.014,0.006,0.002,9,5,3,1
0.087,0.309,0.028,-1.14,0.131,0,0.2447,0.1915,0.310,0.987,0.191,0.122,0.045,0.000,0.000,0.000,14,0,0,0,0.189,0.133,0.074,0.014,0.006,0.002,9,5,3,1
0.090,0.359,0.097,0,0.000,0,0.2432,0.1813,0.280,0.166,0.191,0.122,0.045,0.000,0.000,0.000,14,0,0,0,0.189,0.133,0.074,0.014,0.006,0.002,9,5,3,1
0.090,0.412,0.272,0.22,0.230,0,0.2364,0.1676,0.280,0.303,0.191,0.122,0.045,0.000,0.000,0.000,14,0,0,0,0.189,0.133,0.074,0.014,0.006,0.002,9,5,3,1
0.086,0.410,0.199,1.69,0.290,0,0.2371,0.1606,0.143,-0.697,0.191,0.122,0.045,0.000,0.000,0.000,14,0,0,0,0.189,0.133,0.074,0.014,0.006,0.002,9,5,3,1
0.087,0.394,0.324,-1.1,0.105,-1,0.2413,0.1556,0.251,0.192,0.191,0.122,0.045,0.000,0.000,0.000,14,0,0,0,0.189,0.133,0.074,0.014,0.006,0.002,9,5,3,1
0.076,0.391,0.022,-1.14,0.131,0,0.2376,0.1445,0.242,0.987,0.191,0.122,0.045,0.000,0.000,0.000,14,0,0,0,0.189,0.133,0.074,0.014,0.006,0.002,9,5,3,1
0.094,0.566,0.370,1.37,0.298,0,0.2317,0.1371,0.223,-0.510,0.191,0.122,0.045,0.000,0.000,0.000,14,0,0,0,0.189,0.133,0.074,0.014,0.006,0.002,9,5,3,1
0.092,0.520,0.369,-0.48,0.134,0,0.2134,0.1261,0.206,0.007,0.191,0.122,0.045,0.000,0.000,0.000,14,0,0,0,0.189,0.133,0.074,0.014,0.006,0.002,9,5,3,1
0.090,0.543,0.060,-0.42,0.180,0,0.1945,0.1143,0.215,0.318,0.191,0.122,0.045,0.000,0.000,0.000,14,0,0,0,0.189,0.133,0.074,0.014,0.006,0.002,9,5,3,1
0.090,0.333,0.003,2.53,0.140,0,0.1743,0.1031,0.058,-0.121,0.191,0.122,0.045,0.000,0.000,0.000,14,0,0,0,0.189,0.133,0.074,0.014,0.006,0.002,9,5,3,1
0.092,0.279,0.099,2.53,0.140,0,0.1520,0.0901,0.081,-0.121,0.191,0.122,0.045,0.000,0.000,0.000,14,0,0,0,0.189,0.133,0.074,0.014,0.006,0.002,9,5,3,1
0.099,0.271,0.064,2.53,0.140,0,0.1297,0.0787,0.057,-0.121,0.191,0.122,0.045,0.000,0.000,0.000,14,0,0,0,0.189,0.133,0.074,0.014,0.006,0.002,9,5,3,1
0.079,0.332,0.037,-0.52,0.062,0,0.1069,0.0651,0.080,0.341,0.191,0.122,0.045,0.000,0.000,0.000,14,0,0,0,0.189,0.133,0.074,0.014,0.006,0.002,9,5,3,1
0.075,0.321,0.007,2.53,0.140,0,0.0939,0.0580,0.042,-0.121,0.191,0.122,0.045,0.000,0.000,0.000,14,0,0,0,0.189,0.133,0.074,0.014,0.006,0.002,9,5,3,1
0.089,0.314,0.024,0.85,0.046,0,0.0742,0.0426,0.070,0.06,0.191,0.122,0.045,0.000,0.000,0.000,14,0,0,0,0.189,0.133,0.074,0.014,0.006,0.002,9,5,3,1
0.100,0.389,0.316,-0.48,0.134,0,0.0581,0.0309,0.125,0.007,0.191,0.122,0.045,0.000,0.000,0.000,14,0,0,0,0.189,0.133,0.074,0.014,0.006,0.002,9,5,3,1
0.086,0.248,0.154,2.53,0.140,0,0.0619,0.0348,0.062,-0.121,0.191,0.122,0.045,0.000,0.000,0.000,14,0,0,0,0.189,0.133,0.074,0.014,0.006,0.002,9,5,3,1
0.092,0.212,0.009,3.14,0.186,0,0.0755,0.0459,0.086,-0.486,0.191,0.122,0.045,0.000,0.000,0.000,14,0,0,0,0.189,0.133,0.074,0.014,0.006,0.002,9,5,3,1
0.088,0.185,0.006,0,0.000,0,0.1020,0.0670,0.089,0.166,0.191,0.122,0.045,0.000,0.000,0.000,14,0,0,0,0.189,0.133,0.074,0.014,0.006,0.002,9,5,3,1
0.096,0.149,0.110,0.85,0.046,0,0.1333,0.0931,0.062,0.06,0.191,0.122,0.045,0.000,0.000,0.000,14,0,0,0,0.189,0.133,0.074,0.014,0.006,0.002,9,5,3,1
0.101,0.170,0.042,1.42,0.221,0,0.1550,0.1140,0.080,-0.397,0.191,0.122,0.045,0.000,0.000,0.000,14,0,0,0,0.189,0.133,0.074,0.014,0.006,0.002,9,5,3,1
0.097,0.166,0.011,2.1,0.128,0,0.1730,0.1340,0.055,0.02,0.191,0.122,0.045,0.000,0.000,0.000,14,0,0,0,0.189,0.133,0.074,0.014,0.006,0.002,9,5,3,1
0.079,0.224,0.133,1.69,0.290,0,0.1895,0.1517,0.114,-0.697,0.191,0.122,0.045,0.000,0.000,0.000,14,0,0,0,0.189,0.133,0.074,0.014,0.006,0.002,9,5,3,1
0.078,0.236,0.259,0,0.000,0,0.2054,0.1682,0.115,0.166,0.191,0.122,0.045,0.000,0.000,0.000,14,0,0,0,0.189,0.133,0.074,0.014,0.006,0.002,9,5,3,1
0.078,0.280,0.366,-0.42,0.180,0,0.2028,0.1686,0.261,0.318,0.191,0.122,0.045,0.000,0.000,0.000,14,0,0,0,0.189,0.133,0.074,0.014,0.006,0.002,9,5,3,1
0.081,0.286,0.238,0.22,0.230,0,0.1883,0.1578,0.252,0.303,0.191,0.122,0.045,0.000,0.000,0.000,14,0,0,0,0.189,0.133,0.074,0.014,0.006,0.002,9,5,3,1
0.096,0.213,0.101,1.69,0.290,0,0.1872,0.1557,0.119,-0.697,0.191,0.122,0.045,0.000,0.000,0.000,14,0,0,0,0.189,0.133,0.074,0.014,0.006,0.002,9,5,3,1
0.096,0.163,0.076,-1.14,0.131,0,0.1903,0.1575,0.306,0.987,0.191,0.122,0.045,0.000,0.000,0.000,14,0,0,0,0.189,0.133,0.074,0.014,0.006,0.002,9,5,3,1
0.122,0.227,0.149,-0.79,0.151,-1,0.2045,0.1684,0.458,0.736,0.191,0.122,0.045,0.000,0.000,0.000,14,0,0,0,0.189,0.133,0.074,0.014,0.006,0.002,9,5,3,1
0.101,0.184,0.141,-0.52,0.062,0,0.2226,0.1839,0.269,0.341,0.191,0.122,0.045,0.000,0.000,0.000,14,0,0,0,0.189,0.133,0.074,0.014,0.006,0.002,9,5,3,1
0.096,0.185,0.062,-0.52,0.062,0,0.2504,0.2071,0.206,0.341,0.191,0.122,0.045,0.000,0.000,0.000,14,0,0,0,0.189,0.133,0.074,0.014,0.006,0.002,9,5,3,1
0.099,0.142,0.005,-1.1,0.105,-1,0.2854,0.2381,0.460,0.192,0.191,0.122,0.045,0.000,0.000,0.000,14,0,0,0,0.189,0.133,0.074,0.014,0.006,0.002,9,5,3,1
0.077,0.130,0.001,-0.79,0.151,-1,0.3139,0.2623,0.316,0.736,0.191,0.122,0.045,0.000,0.000,0.000,14,0,0,0,0.189,0.133,0.074,0.014,0.006,0.002,9,5,3,1
0.077,0.125,0.001,1.42,0.221,0,0.3369,0.2846,0.056,-0.397,0.191,0.122,0.045,0.000,0.000,0.000,14,0,0,0,0.189,0.133,0.074,0.014,0.006,0.002,9,5,3,1
0.076,0.130,0.001,1.99,0.186,0,0.3458,0.2961,0.118,-0.326,0.191,0.122,0.045,0.000,0.000,0.000,14,0,0,0,0.189,0.133,0.074,0.014,0.006,0.002,9,5,3,1
0.063,0.151,0.009,-0.52,0.062,0,0.3492,0.3046,0.375,0.341,0.191,0.122,0.045,0.000,0.000,0.000,14,0,0,0,0.189,0.133,0.074,0.014,0.006,0.002,9,5,3,1
0.056,0.135,0.003,1.99,0.186,0,0.3497,0.3087,0.113,-0.326,0.191,0.122,0.045,0.000,0.000,0.000,14,0,0,0,0.189,0.133,0.074,0.014,0.006,0.002,9,5,3,1
0.069,0.130,0.003,2.53,0.140,0,0.3473,0.3060,0.064,-0.121,0.191,0.122,0.045,0.000,0.000,0.000,14,0,0,0,0.189,0.133,0.074,0.014,0.006,0.002,9,5,3,1
0.076,0.203,0.182,-1.19,0.219,1,0.3542,0.3087,0.400,0.586,0.191,0.122,0.045,0.000,0.000,0.000,14,0,0,0,0.189,0.133,0.074,0.014,0.006,0.002,9,5,3,1
0.099,0.190,0.007,-0.48,0.134,0,0.3542,0.3035,0.327,0.007,0.191,0.122,0.045,0.000,0.000,0.000,14,0,0,0,0.189,0.133,0.074,0.014,0.006,0.002,9,5,3,1
0.096,0.180,0.001,-0.08,0.108,0,0.3492,0.2946,0.179,0.059,0.191,0.122,0.045,0.000,0.000,0.000,14,0,0,0,0.189,0.133,0.074,0.014,0.006,0.002,9,5,3,1
0.077,0.192,0.135,0.22,0.230,0,0.3495,0.2938,0.268,0.303,0.191,0.122,0.045,0.000,0.000,0.000,14,0,0,0,0.189,0.133,0.074,0.014,0.006,0.002,9,5,3,1
0.076,0.148,0.070,-0.79,0.151,-1,0.3376,0.2828,0.346,0.736,0.191,0.122,0.045,0.000,0.000,0.000,14,0,0,0,0.189,0.133,0.074,0.014,0.006,0.002,9,5,3,1
0.094,0.155,0.006,1.69,0.290,0,0.3198,0.2668,0.097,-0.697,0.191,0.122,0.045,0.000,0.000,0.000,14,0,0,0,0.189,0.133,0.074,0.014,0.006,0.002,9,5,3,1
0.086,0.132,0.005,2.53,0.140,0,0.3076,0.2574,0.113,-0.121,0.191,0.122,0.045,0.000,0.000,0.000,14,0,0,0,0.189,0.133,0.074,0.014,0.006,0.002,9,5,3,1
0.071,0.152,0.170,-0.79,0.151,-1,0.2975,0.2498,0.338,0.736,0.191,0.122,0.045,0.000,0.000,0.000,14,0,0,0,0.189,0.133,0.074,0.014,0.006,0.002,9,5,3,1
0.055,0.175,0.013,-0.08,0.108,0,0.2845,0.2417,0.286,0.059,0.191,0.122,0.045,0.000,0.000,0.000,14,0,0,0,0.189,0.133,0.074,0.014,0.006,0.002,9,5,3,1
0.052,0.182,0.004,0.85,0.046,0,0.2483,0.2153,0.125,0.06,0.191,0.122,0.045,0.000,0.000,0.000,14,0,0,0,0.189,0.133,0.074,0.014,0.006,0.002,9,5,3,1
0.051,0.220,0.253,-0.52,0.062,0,0.2082,0.1843,0.328,0.341,0.191,0.122,0.045,0.000,0.000,0.000,14,0,0,0,0.189,0.133,0.074,0.014,0.006,0.002,9,5,3,1
0.040,0.245,0.264,-0.52,0.062,0,0.1811,0.1639,0.469,0.341,0.191,0.122,0.045,0.000,0.000,0.000,14,0,0,0,0.189,0.133,0.074,0.014,0.006,0.002,9,5,3,1
0.050,0.242,0.297,0,0.000,0,0.1616,0.1469,0.381,0.166,0.191,0.122,0.045,0.000,0.000,0.000,14,0,0,0,0.189,0.133,0.074,0.014,0.006,0.002,9,5,3,1
0.047,0.291,0.503,-0.48,0.134,0,0.1434,0.1305,0.255,0.007,0.191,0.122,0.045,0.000,0.000,0.000,14,0,0,0,0.189,0.133,0.074,0.014,0.006,0.002,9,5,3,1
0.043,0.256,0.396,-1.14,0.131,0,0.1303,0.1157,0.246,0.987,0.191,0.122,0.045,0.000,0.000,0.000,14,0,0,0,0.189,0.133,0.074,0.014,0.006,0.002,9,5,3,1
0.051,0.259,0.043,1.99,0.186,0,0.1321,0.1151,0.180,-0.326,0.191,0.122,0.045,0.000,0.000,0.000,14,0,0,0,0.189,0.133,0.074,0.014,0.006,0.002,9,5,3,1
0.053,0.278,0.158,-1.1,0.105,-1,0.1332,0.1143,0.244,0.192,0.191,0.122,0.045,0.000,0.000,0.000,14,0,0,0,0.189,0.133,0.074,0.014,0.006,0.002,9,5,3,1
0.050,0.294,0.031,1.69,0.290,0,0.1384,0.1162,0.062,-0.697,0.191,0.122,0.045,0.000,0.000,0.000,14,0,0,0,0.189,0.133,0.074,0.014,0.006,0.002,9,5,3,1
0.063,0.292,0.176,1.69,0.290,0,0.1559,0.1293,0.093,-0.697,0.191,0.122,0.045,0.000,0.000,0.000,14,0,0,0,0.189,0.133,0.074,0.014,0.006,0.002,9,5,3,1
0.066,0.225,0.331,-1.14,0.131,0,0.1623,0.1319,0.186,0.987,0.191,0.122,0.045,0.000,0.000,0.000,14,0,0,0,0.189,0.133,0.074,0.014,0.006,0.002,9,5,3,1
0.063,0.217,0.277,3.14,0.186,0,0.1516,0.1221,0.050,-0.486,0.191,0.122,0.045,0.000,0.000,0.000,14,0,0,0,0.189,0.133,0.074,0.014,0.006,0.002,9,5,3,1
0.063,0.197,0.137,1.99,0.186,0,0.1303,0.1050,0.082,-0.326,0.191,0.122,0.045,0.000,0.000,0.000,14,0,0,0,0.189,0.133,0.074,0.014,0.006,0.002,9,5,3,1
0.048,0.339,0.314,0.2,0.291,1,0.1015,0.0826,0.292,0.180,0.191,0.122,0.045,0.000,0.000,0.000,14,0,0,0,0.189,0.133,0.074,0.014,0.006,0.002,9,5,3,1
0.059,0.435,0.389,1.37,0.298,0,0.0751,0.0628,0.187,-0.510,0.191,0.122,0.045,0.000,0.000,0.000,14,0,0,0,0.189,0.133,0.074,0.014,0.006,0.002,9,5,3,1
0.071,0.280,0.457,1.99,0.186,0,0.0584,0.0505,0.098,-0.326,0.191,0.122,0.045,0.000,0.000,0.000,14,0,0,0,0.189,0.133,0.074,0.014,0.006,0.002,9,5,3,1
0.061,0.311,0.471,-1.14,0.131,0,0.0577,0.0511,0.284,0.987,0.191,0.122,0.045,0.000,0.000,0.000,14,0,0,0,0.189,0.133,0.074,0.014,0.006,0.002,9,5,3,1
0.051,0.348,0.519,-0.48,0.134,0,0.0630,0.0577,0.307,0.007,0.191,0.122,0.045,0.000,0.000,0.000,14,0,0,0,0.189,0.133,0.074,0.014,0.006,0.002,9,5,3,1
0.052,0.255,0.539,-1.14,0.131,0,0.0593,0.0544,0.361,0.987,0.191,0.122,0.045,0.000,0.000,0.000,14,0,0,0,0.189,0.133,0.074,0.014,0.006,0.002,9,5,3,1
0.066,0.225,0.476,0.85,0.046,0,0.0538,0.0495,0.158,0.06,0.191,0.122,0.045,0.000,0.000,0.000,14,0,0,0,0.189,0.133,0.074,0.014,0.006,0.002,9,5,3,1
0.066,0.202,0.400,1.99,0.186,0,0.0576,0.0525,0.164,-0.326,0.191,0.122,0.045,0.000,0.000,0.000,14,0,0,0,0.189,0.133,0.074,0.014,0.006,0.002,9,5,3,1
0.069,0.315,0.514,-0.42,0.180,0,0.0610,0.0546,0.440,0.318,0.191,0.122,0.045,0.000,0.000,0.000,14,0,0,0,0.189,0.133,0.074,0.014,0.006,0.002,9,5,3,1
0.048,0.395,0.447,0.2,0.291,1,0.0590,0.0537,0.276,0.180,0.191,0.122,0.045,0.000,0.000,0.000,14,0,0,0,0.189,0.133,0.074,0.014,0.006,0.002,9,5,3,1
0.039,0.279,0.041,1.69,0.290,0,0.0542,0.0494,0.054,-0.697,0.191,0.122,0.045,0.000,0.000,0.000,14,0,0,0,0.189,0.133,0.074,0.014,0.006,0.002,9,5,3,1
0.037,0.358,0.304,-1.19,0.219,1,0.0484,0.0448,0.394,0.586,0.191,0.122,0.045,0.000,0.000,0.000,14,0,0,0,0.189,0.133,0.074,0.014,0.006,0.002,9,5,3,1
0.041,0.226,0.227,0.85,0.046,0,0.0449,0.0414,0.303,0.06,0.191,0.122,0.045,0.000,0.000,0.000,14,0,0,0,0.189,0.133,0.074,0.014,0.006,0.002,9,5,3,1
0.052,0.288,0.001,1.69,0.290,0,0.0410,0.0390,0.085,-0.697,0.191,0.122,0.045,0.000,0.000,0.000,14,0,0,0,0.189,0.133,0.074,0.014,0.006,0.002,9,5,3,1
0.051,0.312,0.029,-0.48,0.134,0,0.0425,0.0404,0.158,0.007,0.191,0.122,0.045,0.000,0.000,0.000,14,0,0,0,0.189,0.133,0.074,0.014,0.006,0.002,9,5,3,1
0.061,0.354,0.013,-0.42,0.180,0,0.0518,0.0482,0.366,0.318,0.191,0.122,0.045,0.000,0.000,0.000,14,0,0,0,0.189,0.133,0.074,0.014,0.006,0.002,9,5,3,1
0.062,0.422,0.133,0.2,0.291,1,0.0535,0.0498,0.280,0.180,0.191,0.122,0.045,0.000,0.000,0.000,14,0,0,0,0.189,0.133,0.074,0.014,0.006,0.002,9,5,3,1
0.050,0.349,0.001,1.69,0.290,0,0.0493,0.0457,0.028,-0.697,0.191,0.122,0.045,0.000,0.000,0.000,14,0,0,0,0.189,0.133,0.074,0.014,0.006,0.002,9,5,3,1
0.054,0.249,0.002,1.99,0.186,0,0.0462,0.0438,0.077,-0.326,0.191,0.122,0.045,0.000,0.000,0.000,14,0,0,0,0.189,0.133,0.074,0.014,0.006,0.002,9,5,3,1
0.049,0.370,0.034,1.76,0.409,0,0.0512,0.0478,0.191,-0.884,0.191,0.122,0.045,0.000,0.000,0.000,14,0,0,0,0.189,0.133,0.074,0.014,0.006,0.002,9,5,3,1
0.046,0.298,0.075,1.69,0.290,0,0.0582,0.0535,0.057,-0.697,0.191,0.122,0.045,0.000,0.000,0.000,14,0,0,0,0.189,0.133,0.074,0.014,0.006,0.002,9,5,3,1
0.054,0.254,0.002,1.99,0.186,0,0.0635,0.0584,0.033,-0.326,0.191,0.122,0.045,0.000,0.000,0.000,14,0,0,0,0.189,0.133,0.074,0.014,0.006,0.002,9,5,3,1
0.035,0.345,0.077,-0.42,0.180,0,0.0737,0.0657,0.204,0.318,0.191,0.122,0.045,0.000,0.000,0.000,14,0,0,0,0.189,0.133,0.074,0.014,0.006,0.002,9,5,3,1
0.033,0.409,0.230,-1.19,0.219,1,0.0781,0.0683,0.380,0.586,0.191,0.122,0.045,0.000,0.000,0.000,14,0,0,0,0.189,0.133,0.074,0.014,0.006,0.002,9,5,3,1
0.051,0.339,0.212,-0.08,0.108,0,0.0738,0.0616,0.162,0.059,0.191,0.122,0.045,0.000,0.000,0.000,14,0,0,0,0.189,0.133,0.074,0.014,0.006,0.002,9,5,3,1
0.051,0.242,0.004,2.53,0.140,0,0.0753,0.0602,0.103,-0.121,0.191,0.122,0.045,0.000,0.000,0.000,14,0,0,0,0.189,0.133,0.074,0.014,0.006,0.002,9,5,3,1
0.056,0.340,0.006,-0.42,0.180,0,0.0915,0.0733,0.329,0.318,0.191,0.122,0.045,0.000,0.000,0.000,14,0,0,0,0.189,0.133,0.074,0.014,0.006,0.002,9,5,3,1
0.054,0.263,0.004,-0.79,0.151,-1,0.1345,0.1096,0.412,0.736,0.191,0.122,0.045,0.000,0.000,0.000,14,0,0,0,0.189,0.133,0.074,0.014,0.006,0.002,9,5,3,1
0.069,0.293,0.202,0.22,0.230,0,0.1787,0.1458,0.221,0.303,0.191,0.122,0.045,0.000,0.000,0.000,14,0,0,0,0.189,0.133,0.074,0.014,0.006,0.002,9,5,3,1
0.066,0.297,0.114,1.37,0.298,0,0.2254,0.1860,0.146,-0.510,0.191,0.122,0.045,0.000,0.000,0.000,14,0,0,0,0.189,0.133,0.074,0.014,0.006,0.002,9,5,3,1
0.095,0.315,0.026,-0.42,0.180,0,0.2703,0.2250,0.451,0.318,0.191,0.122,0.045,0.000,0.000,0.000,14,0,0,0,0.189,0.133,0.074,0.014,0.006,0.002,9,5,3,1
0.110,0.255,0.003,-1.1,0.105,-1,0.3044,0.2588,0.399,0.192,0.191,0.122,0.045,0.000,0.000,0.000,14,0,0,0,0.189,0.133,0.074,0.014,0.006,0.002,9,5,3,1
0.112,0.225,0.090,1.69,0.290,0,0.3222,0.2810,0.120,-0.697,0.191,0.122,0.045,0.000,0.000,0.000,14,0,0,0,0.189,0.133,0.074,0.014,0.006,0.002,9,5,3,1
0.117,0.237,0.013,-1.1,0.105,-1,0.3272,0.2967,0.400,0.192,0.191,0.122,0.045,0.000,0.000,0.000,14,0,0,0,0.189,0.133,0.074,0.014,0.006,0.002,9,5,3,1
0.093,0.306,0.203,-1.19,0.219,1,0.3181,0.2998,0.472,0.586,0.191,0.122,0.045,0.000,0.000,0.000,14,0,0,0,0.189,0.133,0.074,0.014,0.006,0.002,9,5,3,1
0.081,0.370,0.117,-0.48,0.134,0,0.2861,0.2841,0.429,0.007,0.191,0.122,0.045,0.000,0.000,0.000,14,0,0,0,0.189,0.133,0.074,0.014,0.006,0.002,9,5,3,1
0.101,0.300,0.104,-0.52,0.062,0,0.2505,0.2650,0.247,0.341,0.191,0.122,0.045,0.000,0.000,0.000,14,0,0,0,0.189,0.133,0.074,0.014,0.006,0.002,9,5,3,1
0.112,0.279,0.137,2.53,0.140,0,0.2294,0.2569,0.103,-0.121,0.191,0.122,0.045,0.000,0.000,0.000,14,0,0,0,0.189,0.133,0.074,0.014,0.006,0.002,9,5,3,1
0.144,0.691,0.369,0.2,0.291,1,0.2260,0.2620,0.341,0.180,0.191,0.122,0.045,0.000,0.000,0.000,14,0,0,0,0.189,0.133,0.074,0.014,0.006,0.002,9,5,3,1
0.165,0.263,0.216,-1.1,0.105,-1,0.2364,0.2785,0.317,0.192,0.191,0.122,0.045,0.000,0.000,0.000,14,0,0,0,0.189,0.133,0.074,0.014,0.006,0.002,9,5,3,1
0.223,0.259,0.029,3.14,0.186,0,0.2671,0.3081,0.071,-0.486,0.191,0.122,0.045,0.000,0.000,0.000,14,0,0,0,0.189,0.133,0.074,0.014,0.006,0.002,9,5,3,1
0.233,0.347,0.023,-0.08,0.108,0,0.3134,0.3511,0.181,0.059,0.191,0.122,0.045,0.000,0.000,0.000,14,0,0,0,0.189,0.133,0.074,0.014,0.006,0.002,9,5,3,1
0.232,0.240,0.173,0,0.000,0,0.3559,0.3859,0.176,0.166,0.191,0.122,0.045,0.000,0.000,0.000,14,0,0,0,0.189,0.133,0.074,0.014,0.006,0.002,9,5,3,1
0.282,0.227,0.005,0.85,0.046,0,0.3774,0.4031,0.165,0.06,0.191,0.122,0.045,0.000,0.000,0.000,14,0,0,0,0.189,0.133,0.074,0.014,0.006,0.002,9,5,3,1
0.293,0.202,0.007,1.99,0.186,0,0.3830,0.4078,0.078,-0.326,0.191,0.122,0.045,0.000,0.000,0.000,14,0,0,0,0.189,0.133,0.074,0.014,0.006,0.002,9,5,3,1
0.256,0.264,0.013,1.69,0.290,0,0.3873,0.4104,0.126,-0.697,0.191,0.122,0.045,0.000,0.000,0.000,14,0,0,0,0.189,0.133,0.074,0.014,0.006,0.002,9,5,3,1
0.298,0.355,0.245,-1.19,0.219,1,0.3849,0.4067,0.441,0.586,0.191,0.122,0.045,0.000,0.000,0.000,14,0,0,0,0.189,0.133,0.074,0.014,0.006,0.002,9,5,3,1
0.249,0.296,0.035,0.22,0.230,0,0.3840,0.4054,0.206,0.303,0.191,0.122,0.045,0.000,0.000,0.000,14,0,0,0,0.189,0.133,0.074,0.014,0.006,0.002,9,5,3,1
0.248,0.264,0.154,-0.52,0.062,0,0.3685,0.3949,0.206,0.341,0.191,0.122,0.045,0.000,0.000,0.000,14,0,0,0,0.189,0.133,0.074,0.014,0.006,0.002,9,5,3,1
0.235,0.329,0.176,-1.19,0.219,1,0.3605,0.3920,0.521,0.586,0.191,0.122,0.045,0.000,0.000,0.000,14,0,0,0,0.189,0.133,0.074,0.014,0.006,0.002,9,5,3,1
0.234,0.296,0.147,-1.19,0.219,1,0.3606,0.3963,0.548,0.586,0.191,0.122,0.045,0.000,0.000,0.000,14,0,0,0,0.189,0.133,0.074,0.014,0.006,0.002,9,5,3,1
0.233,0.223,0.005,0,0.000,0,0.3721,0.4111,0.240,0.166,0.191,0.122,0.045,0.000,0.000,0.000,14,0,0,0,0.189,0.133,0.074,0.014,0.006,0.002,9,5,3,1
0.203,0.192,0.008,-1.14,0.131,0,0.3891,0.4249,0.353,0.987,0.191,0.122,0.045,0.000,0.000,0.000,14,0,0,0,0.189,0.133,0.074,0.014,0.006,0.002,9,5,3,1
0.241,0.295,0.408,0.2,0.291,1,0.3987,0.4293,0.414,0.180,0.191,0.122,0.045,0.000,0.000,0.000,14,0,0,0,0.189,0.133,0.074,0.014,0.006,0.002,9,5,3,1
0.235,0.188,0.035,0.85,0.046,0,0.4180,0.4331,0.294,0.06,0.191,0.122,0.045,0.000,0.000,0.000,14,0,0,0,0.189,0.133,0.074,0.014,0.006,0.002,9,5,3,1
0.236,0.273,0.035,-0.52,0.062,0,0.4346,0.4303,0.349,0.341,0.191,0.122,0.045,0.000,0.000,0.000,14,0,0,0,0.189,0.133,0.074,0.014,0.006,0.002,9,5,3,1
0.241,0.247,0.023,0,0.000,0,0.4457,0.4187,0.282,0.166,0.191,0.122,0.045,0.000,0.000,0.000,14,0,0,0,0.189,0.133,0.074,0.014,0.006,0.002,9,5,3,1
0.199,0.305,0.035,-0.48,0.134,0,0.4323,0.3877,0.331,0.007,0.191,0.122,0.045,0.000,0.000,0.000,14,0,0,0,0.189,0.133,0.074,0.014,0.006,0.002,9,5,3,1
0.187,0.234,0.008,1.99,0.186,0,0.4047,0.3451,0.214,-0.326,0.191,0.122,0.045,0.000,0.000,0.000,14,0,0,0,0.189,0.133,0.074,0.014,0.006,0.002,9,5,3,1
0.152,0.286,0.140,3.14,0.186,0,0.3746,0.3048,0.184,-0.486,0.191,0.122,0.045,0.000,0.000,0.000,14,0,0,0,0.189,0.133,0.074,0.014,0.006,0.002,9,5,3,1
0.118,0.259,0.193,-1.14,0.131,0,0.3424,0.2670,0.276,0.987,0.191,0.122,0.045,0.000,0.000,0.000,14,0,0,0,0.189,0.133,0.074,0.014,0.006,0.002,9,5,3,1
0.093,0.348,0.176,-0.42,0.180,0,0.3001,0.2280,0.320,0.318,0.191,0.122,0.045,0.000,0.000,0.000,14,0,0,0,0.189,0.133,0.074,0.014,0.006,0.002,9,5,3,1
0.075,0.262,0.128,-0.79,0.151,-1,0.2458,0.1850,0.459,0.736,0.191,0.122,0.045,0.000,0.000,0.000,14,0,0,0,0.189,0.133,0.074,0.014,0.006,0.002,9,5,3,1
0.080,0.317,0.248,-1.19,0.219,1,0.1902,0.1441,0.313,0.586,0.191,0.122,0.045,0.000,0.000,0.000,14,0,0,0,0.189,0.133,0.074,0.014,0.006,0.002,9,5,3,1
0.077,0.246,0.004,3.14,0.186,0,0.1499,0.1166,0.068,-0.486,0.191,0.122,0.045,0.000,0.000,0.000,14,0,0,0,0.189,0.133,0.074,0.014,0.006,0.002,9,5,3,1
0.078,0.242,0.006,2.53,0.140,0,0.1332,0.1057,0.106,-0.121,0.191,0.122,0.045,0.000,0.000,0.000,14,0,0,0,0.189,0.133,0.074,0.014,0.006,0.002,9,5,3,1
0.061,0.318,0.004,-0.48,0.134,0,0.1148,0.0931,0.248,0.007,0.191,0.122,0.045,0.000,0.000,0.000,14,0,0,0,0.189,0.133,0.074,0.014,0.006,0.002,9,5,3,1
0.057,0.200,0.002,1.99,0.186,0,0.1093,0.0873,0.056,-0.326,0.191,0.122,0.045,0.000,0.000,0.000,14,0,0,0,0.189,0.133,0.074,0.014,0.006,0.002,9,5,3,1
0.064,0.256,0.001,2.53,0.140,0,0.1130,0.0876,0.065,-0.121,0.191,0.122,0.045,0.000,0.000,0.000,14,0,0,0,0.189,0.133,0.074,0.014,0.006,0.002,9,5,3,1
0.065,0.419,0.002,-0.48,0.134,0,0.1212,0.0906,0.180,0.007,0.191,0.122,0.045,0.000,0.000,0.000,14,0,0,0,0.189,0.133,0.074,0.014,0.006,0.002,9,5,3,1
0.063,0.369,0.007,-1.1,0.105,-1,0.1188,0.0850,0.237,0.192,0.191,0.122,0.045,0.000,0.000,0.000,14,0,0,0,0.189,0.133,0.074,0.014,0.006,0.002,9,5,3,1
0.062,0.357,0.028,3.14,0.186,0,0.1089,0.0753,0.083,-0.486,0.191,0.122,0.045,0.000,0.000,0.000,14,0,0,0,0.189,0.133,0.074,0.014,0.006,0.002,9,5,3,1
0.065,0.383,0.027,1.69,0.290,0,0.1028,0.0671,0.124,-0.697,0.191,0.122,0.045,0.000,0.000,0.000,14,0,0,0,0.189,0.133,0.074,0.014,0.006,0.002,9,5,3,1
0.079,0.285,0.047,0,0.000,0,0.0964,0.0613,0.241,0.166,0.191,0.122,0.045,0.000,0.000,0.000,14,0,0,0,0.189,0.133,0.074,0.014,0.006,0.002,9,5,3,1
0.066,0.296,0.283,0.85,0.046,0,0.0900,0.0574,0.209,0.06,0.191,0.122,0.045,0.000,0.000,0.000,14,0,0,0,0.189,0.133,0.074,0.014,0.006,0.002,9,5,3,1
0.046,0.385,0.589,0,0.000,0,0.0723,0.0475,0.251,0.166,0.191,0.122,0.045,0.000,0.000,0.000,14,0,0,0,0.189,0.133,0.074,0.014,0.006,0.002,9,5,3,1
0.048,0.336,0.333,1.69,0.290,0,0.0577,0.0409,0.120,-0.697,0.191,0.122,0.045,0.000,0.000,0.000,14,0,0,0,0.189,0.133,0.074,0.014,0.006,0.002,9,5,3,1
0.057,0.296,0.675,-1.1,0.105,-1,0.0422,0.0334,0.275,0.192,0.191,0.122,0.045,0.000,0.000,0.000,14,0,0,0,0.189,0.133,0.074,0.014,0.006,0.002,9,5,3,1
0.060,0.382,0.739,-0.08,0.108,0,0.0392,0.0335,0.158,0.059,0.191,0.122,0.045,0.000,0.000,0.000,14,0,0,0,0.189,0.133,0.074,0.014,0.006,0.002,9,5,3,1
0.053,0.354,0.254,2.53,0.140,0,0.0408,0.0366,0.114,-0.121,0.191,0.122,0.045,0.000,0.000,0.000,14,0,0,0,0.189,0.133,0.074,0.014,0.006,0.002,9,5,3,1
0.063,0.358,0.172,-0.08,0.108,0,0.0398,0.0373,0.122,0.059,0.191,0.122,0.045,0.000,0.000,0.000,14,0,0,0,0.189,0.133,0.074,0.014,0.006,0.002,9,5,3,1
0.066,0.307,0.452,-0.08,0.108,0,0.0401,0.0380,0.124,0.059,0.191,0.122,0.045,0.000,0.000,0.000,14,0,0,0,0.189,0.133,0.074,0.014,0.006,0.002,9,5,3,1
0.064,0.228,0.075,0.85,0.046,0,0.0425,0.0395,0.078,0.06,0.191,0.122,0.045,0.000,0.000,0.000,14,0,0,0,0.189,0.133,0.074,0.014,0.006,0.002,9,5,3,1
0.099,0.240,0.003,3.14,0.186,0,0.0506,0.0445,0.072,-0.486,0.191,0.122,0.045,0.000,0.000,0.000,14,0,0,0,0.189,0.133,0.074,0.014,0.006,0.002,9,5,3,1
0.092,0.257,0.058,-0.52,0.062,0,0.0626,0.0525,0.091,0.341,0.191,0.122,0.045,0.000,0.000,0.000,14,0,0,0,0.189,0.133,0.074,0.014,0.006,0.002,9,5,3,1
0.074,0.361,0.150,1.76,0.409,0,0.0758,0.0612,0.109,-0.884,0.191,0.122,0.045,0.000,0.000,0.000,14,0,0,0,0.189,0.133,0.074,0.014,0.006,0.002,9,5,3,1
0.071,0.280,0.003,-0.52,0.062,0,0.0847,0.0665,0.077,0.341,0.191,0.122,0.045,0.000,0.000,0.000,14,0,0,0,0.189,0.133,0.074,0.014,0.006,0.002,9,5,3,1
0.084,0.288,0.005,1.99,0.186,0,0.0987,0.0758,0.068,-0.326,0.191,0.122,0.045,0.000,0.000,0.000,14,0,0,0,0.189,0.133,0.074,0.014,0.006,0.002,9,5,3,1
0.091,0.239,0.008,1.42,0.221,0,0.0981,0.0757,0.094,-0.397,0.191,0.122,0.045,0.000,0.000,0.000,14,0,0,0,0.189,0.133,0.074,0.014,0.006,0.002,9,5,3,1
0.119,0.347,0.065,1.37,0.298,0,0.0960,0.0770,0.124,-0.510,0.191,0.122,0.045,0.000,0.000,0.000,14,0,0,0,0.189,0.133,0.074,0.014,0.006,0.002,9,5,3,1
0.116,0.262,0.068,1.99,0.186,0,0.0976,0.0823,0.083,-0.326,0.191,0.122,0.045,0.000,0.000,0.000,14,0,0,0,0.189,0.133,0.074,0.014,0.006,0.002,9,5,3,1
0.118,0.282,0.049,2.53,0.140,0,0.1056,0.0922,0.081,-0.121,0.191,0.122,0.045,0.000,0.000,0.000,14,0,0,0,0.189,0.133,0.074,0.014,0.006,0.002,9,5,3,1
0.153,0.347,0.316,-0.08,0.108,0,0.1150,0.1034,0.229,0.059,0.191,0.122,0.045,0.000,0.000,0.000,14,0,0,0,0.189,0.133,0.074,0.014,0.006,0.002,9,5,3,1
0.125,0.395,0.334,-1.19,0.219,1,0.1202,0.1108,0.294,0.586,0.191,0.122,0.045,0.000,0.000,0.000,14,0,0,0,0.189,0.133,0.074,0.014,0.006,0.002,9,5,3,1
0.127,0.416,0.299,-1.14,0.131,0,0.1215,0.1120,0.427,0.987,0.191,0.122,0.045,0.000,0.000,0.000,14,0,0,0,0.189,0.133,0.074,0.014,0.006,0.002,9,5,3,1
0.116,0.385,0.128,-0.79,0.151,-1,0.1283,0.1160,0.427,0.736,0.191,0.122,0.045,0.000,0.000,0.000,14,0,0,0,0.189,0.133,0.074,0.014,0.006,0.002,9,5,3,1
0.158,0.297,0.155,3.14,0.186,0,0.1479,0.1254,0.093,-0.486,0.191,0.122,0.045,0.000,0.000,0.000,14,0,0,0,0.189,0.133,0.074,0.014,0.006,0.002,9,5,3,1
0.151,0.412,0.225,-0.42,0.180,0,0.1724,0.1388,0.260,0.318,0.191,0.122,0.045,0.000,0.000,0.000,14,0,0,0,0.189,0.133,0.074,0.014,0.006,0.002,9,5,3,1
0.148,0.693,0.297,0.2,0.291,1,0.2186,0.1721,0.450,0.180,0.191,0.122,0.045,0.000,0.000,0.000,14,0,0,0,0.189,0.133,0.074,0.014,0.006,0.002,9,5,3,1
0.145,0.413,0.149,-1.19,0.219,1,0.2668,0.2080,0.386,0.586,0.191,0.122,0.045,0.000,0.000,0.000,14,0,0,0,0.189,0.133,0.074,0.014,0.006,0.002,9,5,3,1
0.168,0.199,0.003,3.14,0.186,0,0.3159,0.2449,0.059,-0.486,0.191,0.122,0.045,0.000,0.000,0.000,14,0,0,0,0.189,0.133,0.074,0.014,0.006,0.002,9,5,3,1
0.138,0.345,0.198,-0.42,0.180,0,0.3621,0.2827,0.309,0.318,0.191,0.122,0.045,0.000,0.000,0.000,14,0,0,0,0.189,0.133,0.074,0.014,0.006,0.002,9,5,3,1
0.144,0.416,0.055,-1.19,0.219,1,0.4048,0.3191,0.519,0.586,0.191,0.122,0.045,0.000,0.000,0.000,14,0,0,0,0.189,0.133,0.074,0.014,0.006,0.002,9,5,3,1
0.156,0.292,0.082,-0.79,0.151,-1,0.4236,0.3367,0.361,0.736,0.191,0.122,0.045,0.000,0.000,0.000,14,0,0,0,0.189,0.133,0.074,0.014,0.006,0.002,9,5,3,1
0.121,0.233,0.002,1.99,0.186,0,0.4409,0.3529,0.093,-0.326,0.191,0.122,0.045,0.000,0.000,0.000,14,0,0,0,0.189,0.133,0.074,0.014,0.006,0.002,9,5,3,1
0.132,0.250,0.058,-1.1,0.105,-1,0.4485,0.3606,0.360,0.192,0.191,0.122,0.045,0.000,0.000,0.000,14,0,0,0,0.189,0.133,0.074,0.014,0.006,0.002,9,5,3,1
0.160,0.279,0.100,-0.08,0.108,0,0.4475,0.3611,0.373,0.059,0.191,0.122,0.045,0.000,0.000,0.000,14,0,0,0,0.189,0.133,0.074,0.014,0.006,0.002,9,5,3,1
0.172,0.170,0.027,2.53,0.140,0,0.4477,0.3631,0.194,-0.121,0.191,0.122,0.045,0.000,0.000,0.000,14,0,0,0,0.189,0.133,0.074,0.014,0.006,0.002,9,5,3,1
0.170,0.168,0.028,3.14,0.186,0,0.4489,0.3667,0.174,-0.486,0.191,0.122,0.045,0.000,0.000,0.000,14,0,0,0,0.189,0.133,0.074,0.014,0.006,0.002,9,5,3,1
0.170,0.158,0.107,0,0.000,0,0.4561,0.3771,0.291,0.166,0.191,0.122,0.045,0.000,0.000,0.000,14,0,0,0,0.189,0.133,0.074,0.014,0.006,0.002,9,5,3,1
0.133,0.234,0.373,0.2,0.291,1,0.4698,0.3940,0.395,0.180,0.191,0.122,0.045,0.000,0.000,0.000,14,0,0,0,0.189,0.133,0.074,0.014,0.006,0.002,9,5,3,1
0.132,0.191,0.172,-0.79,0.151,-1,0.4767,0.4048,0.396,0.736,0.191,0.122,0.045,0.000,0.000,0.000,14,0,0,0,0.189,0.133,0.074,0.014,0.006,0.002,9,5,3,1
0.135,0.697,0.265,0.2,0.291,1,0.4805,0.4141,0.338,0.180,0.191,0.122,0.045,0.000,0.000,0.000,14,0,0,0,0.189,0.133,0.074,0.014,0.006,0.002,9,5,3,1
0.104,0.320,0.450,0.2,0.291,1,0.4765,0.4193,0.286,0.180,0.191,0.122,0.045,0.000,0.000,0.000,14,0,0,0,0.189,0.133,0.074,0.014,0.006,0.002,9,5,3,1
0.114,0.220,0.054,-1.14,0.131,0,0.4515,0.4054,0.361,0.987,0.191,0.122,0.045,0.000,0.000,0.000,14,0,0,0,0.189,0.133,0.074,0.014,0.006,0.002,9,5,3,1
0.114,0.710,0.397,0.2,0.291,1,0.4209,0.3887,0.435,0.180,0.191,0.122,0.045,0.000,0.000,0.000,14,0,0,0,0.189,0.133,0.074,0.014,0.006,0.002,9,5,3,1
0.097,0.187,0.321,1.99,0.186,0,0.3952,0.3772,0.202,-0.326,0.191,0.122,0.045,0.000,0.000,0.000,14,0,0,0,0.189,0.133,0.074,0.014,0.006,0.002,9,5,3,1
0.103,0.252,0.194,-0.52,0.062,0,0.3628,0.3621,0.366,0.341,0.191,0.122,0.045,0.000,0.000,0.000,14,0,0,0,0.189,0.133,0.074,0.014,0.006,0.002,9,5,3,1
0.084,0.229,0.059,-1.1,0.105,-1,0.3333,0.3501,0.546,0.192,0.191,0.122,0.045,0.000,0.000,0.000,14,0,0,0,0.189,0.133,0.074,0.014,0.006,0.002,9,5,3,1
0.084,0.406,0.169,0.2,0.291,1,0.2989,0.3312,0.376,0.180,0.191,0.122,0.045,0.000,0.000,0.000,14,0,0,0,0.189,0.133,0.074,0.014,0.006,0.002,9,5,3,1
0.082,0.293,0.065,-1.14,0.131,0,0.2708,0.3150,0.429,0.987,0.191,0.122,0.045,0.000,0.000,0.000,14,0,0,0,0.189,0.133,0.074,0.014,0.006,0.002,9,5,3,1
0.064,0.390,0.118,-0.42,0.180,0,0.2375,0.2953,0.409,0.318,0.191,0.122,0.045,0.000,0.000,0.000,14,0,0,0,0.189,0.133,0.074,0.014,0.006,0.002,9,5,3,1
0.075,0.297,0.048,1.99,0.186,0,0.2104,0.2764,0.119,-0.326,0.191,0.122,0.045,0.000,0.000,0.000,14,0,0,0,0.189,0.133,0.074,0.014,0.006,0.002,9,5,3,1
0.058,0.305,0.291,-1.14,0.131,0,0.1805,0.2560,0.346,0.987,0.191,0.122,0.045,0.000,0.000,0.000,14,0,0,0,0.189,0.133,0.074,0.014,0.006,0.002,9,5,3,1
0.058,0.482,0.384,1.37,0.298,0,0.1605,0.2420,0.213,-0.510,0.191,0.122,0.045,0.000,0.000,0.000,14,0,0,0,0.189,0.133,0.074,0.014,0.006,0.002,9,5,3,1
0.066,0.257,0.046,1.99,0.186,0,0.1440,0.2269,0.064,-0.326,0.191,0.122,0.045,0.000,0.000,0.000,14,0,0,0,0.189,0.133,0.074,0.014,0.006,0.002,9,5,3,1
0.067,0.315,0.189,-0.79,0.151,-1,0.1277,0.2098,0.164,0.736,0.191,0.122,0.045,0.000,0.000,0.000,14,0,0,0,0.189,0.133,0.074,0.014,0.006,0.002,9,5,3,1
0.071,0.247,0.009,0.85,0.046,0,0.1112,0.1925,0.195,0.06,0.191,0.122,0.045,0.000,0.000,0.000,14,0,0,0,0.189,0.133,0.074,0.014,0.006,0.002,9,5,3,1
0.055,0.373,0.012,1.69,0.290,0,0.0944,0.1698,0.080,-0.697,0.191,0.122,0.045,0.000,0.000,0.000,14,0,0,0,0.189,0.133,0.074,0.014,0.006,0.002,9,5,3,1
0.057,0.376,0.003,3.14,0.186,0,0.0739,0.1407,0.052,-0.486,0.191,0.122,0.045,0.000,0.000,0.000,14,0,0,0,0.189,0.133,0.074,0.014,0.006,0.002,9,5,3,1
0.052,0.363,0.122,1.99,0.186,0,0.0636,0.1204,0.093,-0.326,0.191,0.122,0.045,0.000,0.000,0.000,14,0,0,0,0.189,0.133,0.074,0.014,0.006,0.002,9,5,3,1
0.044,0.487,0.035,-0.79,0.151,-1,0.0515,0.0998,0.230,0.736,0.191,0.122,0.045,0.000,0.000,0.000,14,0,0,0,0.189,0.133,0.074,0.014,0.006,0.002,9,5,3,1
0.044,0.583,0.012,-0.08,0.108,0,0.0341,0.0755,0.090,0.059,0.191,0.122,0.045,0.000,0.000,0.000,14,0,0,0,0.189,0.133,0.074,0.014,0.006,0.002,9,5,3,1
0.043,0.596,0.028,1.69,0.290,0,0.0196,0.0568,0.078,-0.697,0.191,0.122,0.045,0.000,0.000,0.000,14,0,0,0,0.189,0.133,0.074,0.014,0.006,0.002,9,5,3,1
0.043,0.738,0.263,0.2,0.291,1,0.0095,0.0437,0.383,0.180,0.191,0.122,0.045,0.000,0.000,0.000,14,0,0,0,0.189,0.133,0.074,0.014,0.006,0.002,9,5,3,1
0.052,0.647,0.241,0.22,0.230,0,0.0298,0.0602,0.297,0.303,0.191,0.122,0.045,0.000,0.000,0.000,14,0,0,0,0.189,0.133,0.074,0.014,0.006,0.002,9,5,3,1
0.055,0.618,0.187,-0.52,0.062,0,0.0601,0.0897,0.211,0.341,0.191,0.122,0.045,0.000,0.000,0.000,14,0,0,0,0.189,0.133,0.074,0.014,0.006,0.002,9,5,3,1
0.065,0.606,0.231,-0.52,0.062,0,0.0835,0.1108,0.243,0.341,0.191,0.122,0.045,0.000,0.000,0.000,14,0,0,0,0.189,0.133,0.074,0.014,0.006,0.002,9,5,3,1
0.061,0.505,0.245,1.69,0.290,0,0.1198,0.1383,0.141,-0.697,0.191,0.122,0.045,0.000,0.000,0.000,14,0,0,0,0.189,0.133,0.074,0.014,0.006,0.002,9,5,3,1
0.078,0.396,0.399,1.99,0.186,0,0.1691,0.1741,0.126,-0.326,0.191,0.122,0.045,0.000,0.000,0.000,14,0,0,0,0.189,0.133,0.074,0.014,0.006,0.002,9,5,3,1
0.077,0.354,0.316,-1.14,0.131,0,0.2259,0.2071,0.204,0.987,0.191,0.122,0.045,0.000,0.000,0.000,14,0,0,0,0.189,0.133,0.074,0.014,0.006,0.002,9,5,3,1
0.073,0.368,0.399,1.69,0.290,0,0.2732,0.2330,0.100,-0.697,0.191,0.122,0.045,0.000,0.000,0.000,14,0,0,0,0.189,0.133,0.074,0.014,0.006,0.002,9,5,3,1
0.086,0.378,0.344,-0.08,0.108,0,0.2947,0.2397,0.242,0.059,0.191,0.122,0.045,0.000,0.000,0.000,14,0,0,0,0.189,0.133,0.074,0.014,0.006,0.002,9,5,3,1
0.090,0.310,0.466,3.14,0.186,0,0.3007,0.2375,0.076,-0.486,0.191,0.122,0.045,0.000,0.000,0.000,14,0,0,0,0.189,0.133,0.074,0.014,0.006,0.002,9,5,3,1
0.093,0.297,0.282,-1.14,0.131,0,0.2863,0.2231,0.229,0.987,0.191,0.122,0.045,0.000,0.000,0.000,14,0,0,0,0.189,0.133,0.074,0.014,0.006,0.002,9,5,3,1
0.091,0.411,0.590,0.22,0.230,0,0.2673,0.2088,0.242,0.303,0.191,0.122,0.045,0.000,0.000,0.000,14,0,0,0,0.189,0.133,0.074,0.014,0.006,0.002,9,5,3,1
0.069,0.338,0.239,-0.52,0.062,0,0.2367,0.1866,0.269,0.341,0.191,0.122,0.045,0.000,0.000,0.000,14,0,0,0,0.189,0.133,0.074,0.014,0.006,0.002,9,5,3,1
0.058,0.373,0.167,-0.08,0.108,0,0.2166,0.1734,0.274,0.059,0.191,0.122,0.045,0.000,0.000,0.000,14,0,0,0,0.189,0.133,0.074,0.014,0.006,0.002,9,5,3,1
0.054,0.338,0.406,-0.08,0.108,0,0.2135,0.1735,0.253,0.059,0.191,0.122,0.045,0.000,0.000,0.000,14,0,0,0,0.189,0.133,0.074,0.014,0.006,0.002,9,5,3,1
0.063,0.452,0.287,0.2,0.291,1,0.2197,0.1824,0.388,0.180,0.191,0.122,0.045,0.000,0.000,0.000,14,0,0,0,0.189,0.133,0.074,0.014,0.006,0.002,9,5,3,1
0.079,0.328,0.071,-1.1,0.105,-1,0.2264,0.1900,0.336,0.192,0.191,0.122,0.045,0.000,0.000,0.000,14,0,0,0,0.189,0.133,0.074,0.014,0.006,0.002,9,5,3,1
0.103,0.415,0.023,-0.08,0.108,0,0.2277,0.1937,0.237,0.059,0.191,0.122,0.045,0.000,0.000,0.000,14,0,0,0,0.189,0.133,0.074,0.014,0.006,0.002,9,5,3,1
0.129,0.413,0.156,-0.08,0.108,0,0.2213,0.1897,0.281,0.059,0.191,0.122,0.045,0.000,0.000,0.000,14,0,0,0,0.189,0.133,0.074,0.014,0.006,0.002,9,5,3,1
0.140,0.354,0.079,1.99,0.186,0,0.2231,0.1936,0.149,-0.326,0.191,0.122,0.045,0.000,0.000,0.000,14,0,0,0,0.189,0.133,0.074,0.014,0.006,0.002,9,5,3,1
0.143,0.363,0.127,-0.48,0.134,0,0.2066,0.1860,0.284,0.007,0.191,0.122,0.045,0.000,0.000,0.000,14,0,0,0,0.189,0.133,0.074,0.014,0.006,0.002,9,5,3,1
0.124,0.387,0.212,0,0.000,0,0.1705,0.1669,0.183,0.166,0.191,0.122,0.045,0.000,0.000,0.000,14,0,0,0,0.189,0.133,0.074,0.014,0.006,0.002,9,5,3,1
0.115,0.507,0.360,1.69,0.290,0,0.1252,0.1388,0.128,-0.697,0.191,0.122,0.045,0.000,0.000,0.000,14,0,0,0,0.189,0.133,0.074,0.014,0.006,0.002,9,5,3,1
0.093,0.836,0.336,1.37,0.298,0,0.0823,0.1099,0.218,-0.510,0.191,0.122,0.045,0.000,0.000,0.000,14,0,0,0,0.189,0.133,0.074,0.014,0.006,0.002,9,5,3,1
0.094,0.884,0.197,3.14,0.186,0,0.0585,0.0926,0.090,-0.486,0.191,0.122,0.045,0.000,0.000,0.000,14,0,0,0,0.189,0.133,0.074,0.014,0.006,0.002,9,5,3,1
0.068,0.854,0.426,-1.14,0.131,0,0.0434,0.0811,0.161,0.987,0.191,0.122,0.045,0.000,0.000,0.000,14,0,0,0,0.189,0.133,0.074,0.014,0.006,0.002,9,5,3,1
0.063,0.690,0.565,-1.19,0.219,1,0.0352,0.0743,0.395,0.586,0.191,0.122,0.045,0.000,0.000,0.000,14,0,0,0,0.189,0.133,0.074,0.014,0.006,0.002,9,5,3,1
0.066,0.834,0.486,-1.19,0.219,1,0.0342,0.0735,0.309,0.586,0.191,0.122,0.045,0.000,0.000,0.000,14,0,0,0,0.189,0.133,0.074,0.014,0.006,0.002,9,5,3,1
0.058,0.493,0.077,2.1,0.128,0,0.0331,0.0743,0.037,0.02,0.191,0.122,0.045,0.000,0.000,0.000,14,0,0,0,0.189,0.133,0.074,0.014,0.006,0.002,9,5,3,1
0.066,0.472,0.090,2.1,0.128,0,0.0380,0.0817,0.060,0.02,0.191,0.122,0.045,0.000,0.000,0.000,14,0,0,0,0.189,0.133,0.074,0.014,0.006,0.002,9,5,3,1
0.064,0.424,0.006,2.53,0.140,0,0.0400,0.0891,0.082,-0.121,0.191,0.122,0.045,0.000,0.000,0.000,14,0,0,0,0.189,0.133,0.074,0.014,0.006,0.002,9,5,3,1
0.072,0.587,0.056,1.69,0.290,0,0.0432,0.0976,0.057,-0.697,0.191,0.122,0.045,0.000,0.000,0.000,14,0,0,0,0.189,0.133,0.074,0.014,0.006,0.002,9,5,3,1
0.057,0.461,0.004,2.53,0.140,0,0.0567,0.1128,0.046,-0.121,0.191,0.122,0.045,0.000,0.000,0.000,14,0,0,0,0.189,0.133,0.074,0.014,0.006,0.002,9,5,3,1
0.070,0.530,0.255,-0.48,0.134,0,0.0747,0.1323,0.148,0.007,0.191,0.122,0.045,0.000,0.000,0.000,14,0,0,0,0.189,0.133,0.074,0.014,0.006,0.002,9,5,3,1
0.053,0.495,0.310,-0.42,0.180,0,0.0833,0.1456,0.205,0.318,0.191,0.122,0.045,0.000,0.000,0.000,14,0,0,0,0.189,0.133,0.074,0.014,0.006,0.002,9,5,3,1
0.044,0.501,0.585,1.76,0.409,0,0.0857,0.1551,0.128,-0.884,0.191,0.122,0.045,0.000,0.000,0.000,14,0,0,0,0.189,0.133,0.074,0.014,0.006,0.002,9,5,3,1
0.044,0.450,0.394,-0.42,0.180,0,0.0846,0.1603,0.232,0.318,0.191,0.122,0.045,0.000,0.000,0.000,14,0,0,0,0.189,0.133,0.074,0.014,0.006,0.002,9,5,3,1
0.033,0.293,0.165,2.53,0.140,0,0.1040,0.1809,0.187,-0.121,0.191,0.122,0.045,0.000,0.000,0.000,14,0,0,0,0.189,0.133,0.074,0.014,0.006,0.002,9,5,3,1
0.028,0.344,0.331,-0.48,0.134,0,0.1353,0.2101,0.332,0.007,0.191,0.122,0.045,0.000,0.000,0.000,14,0,0,0,0.189,0.133,0.074,0.014,0.006,0.002,9,5,3,1
0.021,0.279,0.482,0.22,0.230,0,0.1780,0.2518,0.314,0.303,0.191,0.122,0.045,0.000,0.000,0.000,14,0,0,0,0.189,0.133,0.074,0.014,0.006,0.002,9,5,3,1
0.017,0.188,0.184,-1.1,0.105,-1,0.2195,0.2917,0.321,0.192,0.191,0.122,0.045,0.000,0.000,0.000,14,0,0,0,0.189,0.133,0.074,0.014,0.006,0.002,9,5,3,1
0.017,0.165,0.053,-1.14,0.131,0,0.2593,0.3283,0.359,0.987,0.191,0.122,0.045,0.000,0.000,0.000,14,0,0,0,0.189,0.133,0.074,0.014,0.006,0.002,9,5,3,1
0.021,0.179,0.025,-0.79,0.151,-1,0.2939,0.3572,0.483,0.736,0.191,0.122,0.045,0.000,0.000,0.000,14,0,0,0,0.189,0.133,0.074,0.014,0.006,0.002,9,5,3,1
0.016,0.142,0.036,1.99,0.186,0,0.3186,0.3769,0.217,-0.326,0.191,0.122,0.045,0.000,0.000,0.000,14,0,0,0,0.189,0.133,0.074,0.014,0.006,0.002,9,5,3,1
0.021,0.216,0.063,1.76,0.409,0,0.3382,0.3924,0.197,-0.884,0.191,0.122,0.045,0.000,0.000,0.000,14,0,0,0,0.189,0.133,0.074,0.014,0.006,0.002,9,5,3,1
0.017,0.245,0.019,-0.79,0.151,-1,0.3582,0.4073,0.508,0.736,0.191,0.122,0.045,0.000,0.000,0.000,14,0,0,0,0.189,0.133,0.074,0.014,0.006,0.002,9,5,3,1
0.026,0.240,0.052,-1.1,0.105,-1,0.3691,0.4171,0.344,0.192,0.191,0.122,0.045,0.000,0.000,0.000,14,0,0,0,0.189,0.133,0.074,0.014,0.006,0.002,9,5,3,1
0.025,0.219,0.043,-1.14,0.131,0,0.3584,0.4146,0.313,0.987,0.191,0.122,0.045,0.000,0.000,0.000,14,0,0,0,0.189,0.133,0.074,0.014,0.006,0.002,9,5,3,1
0.025,0.318,0.097,-0.52,0.062,0,0.3345,0.4029,0.464,0.341,0.191,0.122,0.045,0.000,0.000,0.000,14,0,0,0,0.189,0.133,0.074,0.014,0.006,0.002,9,5,3,1
0.029,0.358,0.159,-0.79,0.151,-1,0.3103,0.3919,0.411,0.736,0.191,0.122,0.045,0.000,0.000,0.000,14,0,0,0,0.189,0.133,0.074,0.014,0.006,0.002,9,5,3,1
0.028,0.412,0.254,1.69,0.290,0,0.3058,0.3939,0.167,-0.697,0.191,0.122,0.045,0.000,0.000,0.000,14,0,0,0,0.189,0.133,0.074,0.014,0.006,0.002,9,5,3,1
0.027,0.521,0.499,0.2,0.291,1,0.3167,0.4047,0.347,0.180,0.191,0.122,0.045,0.000,0.000,0.000,14,0,0,0,0.189,0.133,0.074,0.014,0.006,0.002,9,5,3,1
0.029,0.376,0.134,-1.14,0.131,0,0.3338,0.4186,0.281,0.987,0.191,0.122,0.045,0.000,0.000,0.000,14,0,0,0,0.189,0.133,0.074,0.014,0.006,0.002,9,5,3,1
0.035,0.402,0.351,-0.79,0.151,-1,0.3353,0.4197,0.427,0.736,0.191,0.122,0.045,0.000,0.000,0.000,14,0,0,0,0.189,0.133,0.074,0.014,0.006,0.002,9,5,3,1
0.029,0.566,0.472,0.2,0.291,1,0.3233,0.4069,0.296,0.180,0.191,0.122,0.045,0.000,0.000,0.000,14,0,0,0,0.189,0.133,0.074,0.014,0.006,0.002,9,5,3,1
0.055,0.469,0.299,1.69,0.290,0,0.3236,0.4013,0.111,-0.697,0.191,0.122,0.045,0.000,0.000,0.000,14,0,0,0,0.189,0.133,0.074,0.014,0.006,0.002,9,5,3,1
0.066,0.372,0.162,1.99,0.186,0,0.3370,0.4056,0.140,-0.326,0.191,0.122,0.045,0.000,0.000,0.000,14,0,0,0,0.189,0.133,0.074,0.014,0.006,0.002,9,5,3,1
0.068,0.375,0.130,-0.08,0.108,0,0.3582,0.4149,0.284,0.059,0.191,0.122,0.045,0.000,0.000,0.000,14,0,0,0,0.189,0.133,0.074,0.014,0.006,0.002,9,5,3,1
0.075,0.280,0.122,0.85,0.046,0,0.3701,0.4174,0.293,0.06,0.191,0.122,0.045,0.000,0.000,0.000,14,0,0,0,0.189,0.133,0.074,0.014,0.006,0.002,9,5,3,1
0.057,0.297,0.014,-1.1,0.105,-1,0.3621,0.4051,0.384,0.192,0.191,0.122,0.045,0.000,0.000,0.000,14,0,0,0,0.189,0.133,0.074,0.014,0.006,0.002,9,5,3,1
0.089,0.249,0.007,0,0.000,0,0.3385,0.3784,0.228,0.166,0.191,0.122,0.045,0.000,0.000,0.000,14,0,0,0,0.189,0.133,0.074,0.014,0.006,0.002,9,5,3,1
0.113,0.268,0.067,-0.08,0.108,0,0.2988,0.3369,0.328,0.059,0.191,0.122,0.045,0.000,0.000,0.000,14,0,0,0,0.189,0.133,0.074,0.014,0.006,0.002,9,5,3,1
0.114,0.211,0.202,0.85,0.046,0,0.2538,0.2906,0.252,0.06,0.191,0.122,0.045,0.000,0.000,0.000,14,0,0,0,0.189,0.133,0.074,0.014,0.006,0.002,9,5,3,1
0.118,0.227,0.013,3.14,0.186,0,0.2343,0.2606,0.147,-0.486,0.191,0.122,0.045,0.000,0.000,0.000,14,0,0,0,0.189,0.133,0.074,0.014,0.006,0.002,9,5,3,1
0.120,0.238,0.449,-0.48,0.134,0,0.2365,0.2461,0.302,0.007,0.191,0.122,0.045,0.000,0.000,0.000,14,0,0,0,0.189,0.133,0.074,0.014,0.006,0.002,9,5,3,1
0.118,0.272,0.559,-1.19,0.219,1,0.2433,0.2367,0.357,0.586,0.191,0.122,0.045,0.000,0.000,0.000,14,0,0,0,0.189,0.133,0.074,0.014,0.006,0.002,9,5,3,1
0.148,0.183,0.270,-1.14,0.131,0,0.2341,0.2170,0.369,0.987,0.191,0.122,0.045,0.000,0.000,0.000,14,0,0,0,0.189,0.133,0.074,0.014,0.006,0.002,9,5,3,1
0.152,0.132,0.308,1.99,0.186,0,0.2305,0.2050,0.147,-0.326,0.191,0.122,0.045,0.000,0.000,0.000,14,0,0,0,0.189,0.133,0.074,0.014,0.006,0.002,9,5,3,1
0.194,0.147,0.442,-0.52,0.062,0,0.2366,0.2026,0.198,0.341,0.191,0.122,0.045,0.000,0.000,0.000,14,0,0,0,0.189,0.133,0.074,0.014,0.006,0.002,9,5,3,1
0.200,0.149,0.449,-0.79,0.151,-1,0.2497,0.2056,0.359,0.736,0.191,0.122,0.045,0.000,0.000,0.000,14,0,0,0,0.189,0.133,0.074,0.014,0.006,0.002,9,5,3,1
0.215,0.317,0.456,-1.19,0.219,1,0.2580,0.2069,0.245,0.586,0.191,0.122,0.045,0.000,0.000,0.000,14,0,0,0,0.189,0.133,0.074,0.014,0.006,0.002,9,5,3,1
0.217,0.213,0.469,1.42,0.221,0,0.2504,0.1960,0.086,-0.397,0.191,0.122,0.045,0.000,0.000,0.000,14,0,0,0,0.189,0.133,0.074,0.014,0.006,0.002,9,5,3,1
0.222,0.286,0.228,1.42,0.221,0,0.2222,0.1673,0.188,-0.397,0.191,0.122,0.045,0.000,0.000,0.000,14,0,0,0,0.189,0.133,0.074,0.014,0.006,0.002,9,5,3,1
0.225,0.311,0.461,1.99,0.186,0,0.1856,0.1327,0.155,-0.326,0.191,0.122,0.045,0.000,0.000,0.000,14,0,0,0,0.189,0.133,0.074,0.014,0.006,0.002,9,5,3,1
0.191,0.411,0.602,1.69,0.290,0,0.1559,0.1054,0.098,-0.697,0.191,0.122,0.045,0.000,0.000,0.000,14,0,0,0,0.189,0.133,0.074,0.014,0.006,0.002,9,5,3,1
0.222,0.524,0.695,0,0.000,0,0.1351,0.0846,0.140,0.166,0.191,0.122,0.045,0.000,0.000,0.000,14,0,0,0,0.189,0.133,0.074,0.014,0.006,0.002,9,5,3,1
0.182,0.481,0.808,1.42,0.221,0,0.1212,0.0709,0.152,-0.397,0.191,0.122,0.045,0.000,0.000,0.000,14,0,0,0,0.189,0.133,0.074,0.014,0.006,0.002,9,5,3,1
0.191,0.736,0.726,0,0.000,0,0.1053,0.0582,0.192,0.166,0.191,0.122,0.045,0.000,0.000,0.000,14,0,0,0,0.189,0.133,0.074,0.014,0.006,0.002,9,5,3,1
0.232,0.823,0.866,-1.19,0.219,1,0.0922,0.0497,0.322,0.586,0.191,0.122,0.045,0.000,0.000,0.000,14,0,0,0,0.189,0.133,0.074,0.014,0.006,0.002,9,5,3,1
0.158,0.828,0.802,0.2,0.291,1,0.0754,0.0396,0.243,0.180,0.191,0.122,0.045,0.000,0.000,0.000,14,0,0,0,0.189,0.133,0.074,0.014,0.006,0.002,9,5,3,1
0.158,0.819,0.718,0.2,0.291,1,0.0520,0.0264,0.263,0.180,0.191,0.122,0.045,0.000,0.000,0.000,14,0,0,0,0.189,0.133,0.074,0.014,0.006,0.002,9,5,3,1
0.125,0.499,0.595,2.1,0.128,0,0.0321,0.0148,0.080,0.02,0.191,0.122,0.045,0.000,0.000,0.000,14,0,0,0,0.189,0.133,0.074,0.014,0.006,0.002,9,5,3,1
0.099,0.460,0.572,3.14,0.186,0,0.0249,0.0121,0.104,-0.486,0.191,0.122,0.045,0.000,0.000,0.000,14,0,0,0,0.189,0.133,0.074,0.014,0.006,0.002,9,5,3,1
0.095,0.448,0.850,0,0.000,0,0.0255,0.0134,0.128,0.166,0.191,0.122,0.045,0.000,0.000,0.000,14,0,0,0,0.189,0.133,0.074,0.014,0.006,0.002,9,5,3,1
0.078,0.384,0.487,-0.79,0.151,-1,0.0173,0.0083,0.247,0.736,0.191,0.122,0.045,0.000,0.000,0.000,14,0,0,0,0.189,0.133,0.074,0.014,0.006,0.002,9,5,3,1
0.095,0.308,0.415,2.53,0.140,0,0.0099,0.0035,0.085,-0.121,0.191,0.122,0.045,0.000,0.000,0.000,14,0,0,0,0.189,0.133,0.074,0.014,0.006,0.002,9,5,3,1
0.093,0.338,0.352,1.99,0.186,0,0.0071,0.0015,0.088,-0.326,0.191,0.122,0.045,0.000,0.000,0.000,14,0,0,0,0.189,0.133,0.074,0.014,0.006,0.002,9,5,3,1
0.087,0.346,0.336,0.85,0.046,0,0.0103,0.0027,0.212,0.06,0.191,0.122,0.045,0.000,0.000,0.000,14,0,0,0,0.189,0.133,0.074,0.014,0.006,0.002,9,5,3,1
0.085,0.421,0.416,-1.19,0.219,1,0.0084,0.0017,0.277,0.586,0.191,0.122,0.045,0.000,0.000,0.000,14,0,0,0,0.189,0.133,0.074,0.014,0.006,0.002,9,5,3,1
0.067,0.366,0.128,1.76,0.409,0,0.0091,0.0019,0.072,-0.884,0.191,0.122,0.045,0.000,0.000,0.000,14,0,0,0,0.189,0.133,0.074,0.014,0.006,0.002,9,5,3,1
0.062,0.255,0.036,-0.79,0.151,-1,0.0075,0.0009,0.152,0.736,0.191,0.122,0.045,0.000,0.000,0.000,14,0,0,0,0.189,0.133,0.074,0.014,0.006,0.002,9,5,3,1
0.058,0.235,0.002,3.14,0.186,0,0.0065,0.0003,0.042,-0.486,0.191,0.122,0.045,0.000,0.000,0.000,14,0,0,0,0.189,0.133,0.074,0.014,0.006,0.002,9,5,3,1
0.056,0.235,0.072,1.69,0.290,0,0.0058,0.0001,0.060,-0.697,0.191,0.122,0.045,0.000,0.000,0.000,14,0,0,0,0.189,0.133,0.074,0.014,0.006,0.002,9,5,3,1
0.046,0.158,0.003,1.99,0.186,0,0.0058,0.0003,0.061,-0.326,0.191,0.122,0.045,0.000,0.000,0.000,14,0,0,0,0.189,0.133,0.074,0.014,0.006,0.002,9,5,3,1
0.037,0.171,0.003,1.69,0.290,0,0.0070,0.0007,0.040,-0.697,0.191,0.122,0.045,0.000,0.000,0.000,14,0,0,0,0.189,0.133,0.074,0.014,0.006,0.002,9,5,3,1
0.048,0.144,0.001,1.99,0.186,0,0.0071,0.0008,0.021,-0.326,0.191,0.122,0.045,0.000,0.000,0.000,14,0,0,0,0.189,0.133,0.074,0.014,0.006,0.002,9,5,3,1
0.048,0.157,0.019,0.85,0.046,0,0.0084,0.0010,0.049,0.06,0.191,0.122,0.045,0.000,0.000,0.000,14,0,0,0,0.189,0.133,0.074,0.014,0.006,0.002,9,5,3,1
0.046,0.156,0.171,3.14,0.186,0,0.0101,0.0017,0.067,-0.486,0.191,0.122,0.045,0.000,0.000,0.000,14,0,0,0,0.189,0.133,0.074,0.014,0.006,0.002,9,5,3,1
0.044,0.265,0.011,1.99,0.186,0,0.0062,0.0007,0.038,-0.326,0.191,0.122,0.045,0.000,0.000,0.000,14,0,0,0,0.189,0.133,0.074,0.014,0.006,0.002,9,5,3,1
0.035,0.244,0.007,1.99,0.186,0,0.0045,0.0004,0.046,-0.326,0.191,0.122,0.045,0.000,0.000,0.000,14,0,0,0,0.189,0.133,0.074,0.014,0.006,0.002,9,5,3,1
0.053,0.317,0.285,-0.42,0.180,0,0.0088,0.0017,0.284,0.318,0.191,0.122,0.045,0.000,0.000,0.000,14,0,0,0,0.189,0.133,0.074,0.014,0.006,0.002,9,5,3,1
0.082,0.335,0.233,-0.42,0.180,0,0.0131,0.0022,0.222,0.318,0.191,0.122,0.045,0.000,0.000,0.000,14,0,0,0,0.189,0.133,0.074,0.014,0.006,0.002,9,5,3,1
0.084,0.254,0.006,1.99,0.186,0,0.0192,0.0029,0.088,-0.326,0.191,0.122,0.045,0.000,0.000,0.000,14,0,0,0,0.189,0.133,0.074,0.014,0.006,0.002,9,5,3,1
0.098,0.236,0.263,-0.79,0.151,-1,0.0266,0.0042,0.400,0.736,0.191,0.122,0.045,0.000,0.000,0.000,14,0,0,0,0.189,0.133,0.074,0.014,0.006,0.002,9,5,3,1
0.098,0.310,0.065,1.69,0.290,0,0.0407,0.0089,0.174,-0.697,0.191,0.122,0.045,0.000,0.000,0.000,14,0,0,0,0.189,0.133,0.074,0.014,0.006,0.002,9,5,3,1
0.114,0.357,0.423,-0.52,0.062,0,0.0525,0.0127,0.369,0.341,0.191,0.122,0.045,0.000,0.000,0.000,14,0,0,0,0.189,0.133,0.074,0.014,0.006,0.002,9,5,3,1
0.109,0.249,0.087,2.53,0.140,0,0.0673,0.0184,0.161,-0.121,0.191,0.122,0.045,0.000,0.000,0.000,14,0,0,0,0.189,0.133,0.074,0.014,0.006,0.002,9,5,3,1
0.106,0.258,0.039,-1.14,0.131,0,0.0762,0.0220,0.275,0.987,0.191,0.122,0.045,0.000,0.000,0.000,14,0,0,0,0.189,0.133,0.074,0.014,0.006,0.002,9,5,3,1
0.097,0.273,0.008,-1.14,0.131,0,0.0811,0.0257,0.438,0.987,0.191,0.122,0.045,0.000,0.000,0.000,14,0,0,0,0.189,0.133,0.074,0.014,0.006,0.002,9,5,3,1
0.099,0.210,0.001,0,0.000,0,0.0859,0.0285,0.450,0.166,0.191,0.122,0.045,0.000,0.000,0.000,14,0,0,0,0.189,0.133,0.074,0.014,0.006,0.002,9,5,3,1
0.099,0.180,0.002,2.53,0.140,0,0.0908,0.0328,0.141,-0.121,0.191,0.122,0.045,0.000,0.000,0.000,14,0,0,0,0.189,0.133,0.074,0.014,0.006,0.002,9,5,3,1
0.097,0.256,0.018,-1.19,0.219,1,0.0967,0.0395,0.409,0.586,0.191,0.122,0.045,0.000,0.000,0.000,14,0,0,0,0.189,0.133,0.074,0.014,0.006,0.002,9,5,3,1
0.105,0.226,0.005,2.53,0.140,0,0.1101,0.0518,0.130,-0.121,0.191,0.122,0.045,0.000,0.000,0.000,14,0,0,0,0.189,0.133,0.074,0.014,0.006,0.002,9,5,3,1
0.131,0.238,0.004,-1.1,0.105,-1,0.1204,0.0606,0.287,0.192,0.191,0.122,0.045,0.000,0.000,0.000,14,0,0,0,0.189,0.133,0.074,0.014,0.006,0.002,9,5,3,1
0.170,0.239,0.008,1.99,0.186,0,0.1343,0.0718,0.099,-0.326,0.191,0.122,0.045,0.000,0.000,0.000,14,0,0,0,0.189,0.133,0.074,0.014,0.006,0.002,9,5,3,1
0.205,0.306,0.111,-0.08,0.108,0,0.1402,0.0750,0.173,0.059,0.191,0.122,0.045,0.000,0.000,0.000,14,0,0,0,0.189,0.133,0.074,0.014,0.006,0.002,9,5,3,1
0.202,0.282,0.100,-1.14,0.131,0,0.1431,0.0808,0.216,0.987,0.191,0.122,0.045,0.000,0.000,0.000,14,0,0,0,0.189,0.133,0.074,0.014,0.006,0.002,9,5,3,1
0.208,0.239,0.278,3.14,0.186,0,0.1380,0.0785,0.112,-0.486,0.191,0.122,0.045,0.000,0.000,0.000,14,0,0,0,0.189,0.133,0.074,0.014,0.006,0.002,9,5,3,1
0.180,0.319,0.358,1.37,0.298,0,0.1371,0.0792,0.185,-0.510,0.191,0.122,0.045,0.000,0.000,0.000,14,0,0,0,0.189,0.133,0.074,0.014,0.006,0.002,9,5,3,1
0.200,0.222,0.298,0,0.000,0,0.1331,0.0812,0.177,0.166,0.191,0.122,0.045,0.000,0.000,0.000,14,0,0,0,0.189,0.133,0.074,0.014,0.006,0.002,9,5,3,1
0.196,0.243,0.298,1.99,0.186,0,0.1290,0.0848,0.125,-0.326,0.191,0.122,0.045,0.000,0.000,0.000,14,0,0,0,0.189,0.133,0.074,0.014,0.006,0.002,9,5,3,1
0.190,0.351,0.349,-0.08,0.108,0,0.1167,0.0852,0.160,0.059,0.191,0.122,0.045,0.000,0.000,0.000,14,0,0,0,0.189,0.133,0.074,0.014,0.006,0.002,9,5,3,1
0.156,0.355,0.189,1.42,0.221,0,0.1107,0.0906,0.111,-0.397,0.191,0.122,0.045,0.000,0.000,0.000,14,0,0,0,0.189,0.133,0.074,0.014,0.006,0.002,9,5,3,1
0.162,0.432,0.479,-1.19,0.219,1,0.0992,0.0867,0.341,0.586,0.191,0.122,0.045,0.000,0.000,0.000,14,0,0,0,0.189,0.133,0.074,0.014,0.006,0.002,9,5,3,1
0.168,0.465,0.400,0.22,0.230,0,0.0970,0.0851,0.237,0.303,0.191,0.122,0.045,0.000,0.000,0.000,14,0,0,0,0.189,0.133,0.074,0.014,0.006,0.002,9,5,3,1
0.174,0.309,0.478,0.85,0.046,0,0.0927,0.0820,0.174,0.06,0.191,0.122,0.045,0.000,0.000,0.000,14,0,0,0,0.189,0.133,0.074,0.014,0.006,0.002,9,5,3,1
0.152,0.423,0.476,0.2,0.291,1,0.0899,0.0845,0.295,0.180,0.191,0.122,0.045,0.000,0.000,0.000,14,0,0,0,0.189,0.133,0.074,0.014,0.006,0.002,9,5,3,1
0.167,0.290,0.151,2.1,0.128,0,0.0903,0.0956,0.120,0.02,0.191,0.122,0.045,0.000,0.000,0.000,14,0,0,0,0.189,0.133,0.074,0.014,0.006,0.002,9,5,3,1
0.167,0.312,0.021,-0.79,0.151,-1,0.0905,0.1156,0.423,0.736,0.191,0.122,0.045,0.000,0.000,0.000,14,0,0,0,0.189,0.133,0.074,0.014,0.006,0.002,9,5,3,1
0.159,0.416,0.344,0.22,0.230,0,0.0947,0.1516,0.259,0.303,0.191,0.122,0.045,0.000,0.000,0.000,14,0,0,0,0.189,0.133,0.074,0.014,0.006,0.002,9,5,3,1
0.155,0.405,0.003,2.53,0.140,0,0.0997,0.1999,0.088,-0.121,0.191,0.122,0.045,0.000,0.000,0.000,14,0,0,0,0.189,0.133,0.074,0.014,0.006,0.002,9,5,3,1
0.155,0.548,0.392,-0.42,0.180,0,0.1083,0.2643,0.275,0.318,0.191,0.122,0.045,0.000,0.000,0.000,14,0,0,0,0.189,0.133,0.074,0.014,0.006,0.002,9,5,3,1
0.164,0.546,0.118,0.85,0.046,0,0.1136,0.3341,0.271,0.06,0.191,0.122,0.045,0.000,0.000,0.000,14,0,0,0,0.189,0.133,0.074,0.014,0.006,0.002,9,5,3,1
0.156,0.743,0.669,0.2,0.291,1,0.1135,0.4045,0.258,0.180,0.191,0.122,0.045,0.000,0.000,0.000,14,0,0,0,0.189,0.133,0.074,0.014,0.006,0.002,9,5,3,1
0.118,0.630,0.528,1.99,0.186,0,0.1069,0.4717,0.106,-0.326,0.191,0.122,0.045,0.000,0.000,0.000,14,0,0,0,0.189,0.133,0.074,0.014,0.006,0.002,9,5,3,1
0.104,0.651,0.972,0.2,0.291,1,0.0945,0.5332,0.350,0.180,0.191,0.122,0.045,0.000,0.000,0.000,14,0,0,0,0.189,0.133,0.074,0.014,0.006,0.002,9,5,3,1
0.099,0.584,0.482,1.69,0.290,0,0.0787,0.5889,0.200,-0.697,0.191,0.122,0.045,0.000,0.000,0.000,14,0,0,0,0.189,0.133,0.074,0.014,0.006,0.002,9,5,3,1
0.089,0.549,0.550,-0.52,0.062,0,0.0646,0.6414,0.289,0.341,0.191,0.122,0.045,0.000,0.000,0.000,14,0,0,0,0.189,0.133,0.074,0.014,0.006,0.002,9,5,3,1
0.080,0.364,0.339,3.14,0.186,0,0.0605,0.6973,0.234,-0.486,0.191,0.122,0.045,0.000,0.000,0.000,14,0,0,0,0.189,0.133,0.074,0.014,0.006,0.002,9,5,3,1
0.112,0.388,0.378,-0.48,0.134,0,0.0781,0.7673,0.759,0.007,0.191,0.122,0.045,0.000,0.000,0.000,14,0,0,0,0.189,0.133,0.074,0.014,0.006,0.002,9,5,3,1
