0.170,0.215,0.380,0.85,0.046,0,0.0304,0.6153,0.842,0.06,0.138,0.084,0.000,0.000,0.000,0.000,0,0,0,0,0.168,0.165,0.069,0.057,0.040,0.029,9,8,6,5
0.169,0.224,0.469,1.99,0.186,0,0.0293,0.5162,0.407,-0.326,0.138,0.084,0.000,0.000,0.000,0.000,0,0,0,0,0.168,0.165,0.069,0.057,0.040,0.029,9,8,6,5
0.156,0.227,0.246,0.85,0.046,0,0.0261,0.4138,0.362,0.06,0.138,0.084,0.000,0.000,0.000,0.000,0,0,0,0,0.168,0.165,0.069,0.057,0.040,0.029,9,8,6,5
0.118,0.235,0.492,0,0.000,0,0.0225,0.3167,0.246,0.166,0.138,0.084,0.000,0.000,0.000,0.000,0,0,0,0,0.168,0.165,0.069,0.057,0.040,0.029,9,8,6,5
0.116,0.239,0.298,-0.08,0.108,0,0.0199,0.2306,0.211,0.059,0.138,0.084,0.000,0.000,0.000,0.000,0,0,0,0,0.168,0.165,0.069,0.057,0.040,0.029,9,8,6,5
0.119,0.219,0.318,3.14,0.186,0,0.0188,0.1589,0.152,-0.486,0.138,0.084,0.000,0.000,0.000,0.000,0,0,0,0,0.168,0.165,0.069,0.057,0.040,0.029,9,8,6,5
0.120,0.225,0.241,3.14,0.186,0,0.0192,0.1030,0.165,-0.486,0.138,0.084,0.000,0.000,0.000,0.000,0,0,0,0,0.168,0.165,0.069,0.057,0.040,0.029,9,8,6,5
0.117,0.272,0.207,0.85,0.046,0,0.0210,0.0626,0.224,0.06,0.138,0.084,0.000,0.000,0.000,0.000,0,0,0,0,0.168,0.165,0.069,0.057,0.040,0.029,9,8,6,5
0.151,0.318,0.295,0,0.000,0,0.0236,0.0363,0.210,0.166,0.138,0.084,0.000,0.000,0.000,0.000,0,0,0,0,0.168,0.165,0.069,0.057,0.040,0.029,9,8,6,5
0.152,0.337,0.346,0.85,0.046,0,0.0265,0.0215,0.140,0.06,0.138,0.084,0.000,0.000,0.000,0.000,0,0,0,0,0.168,0.165,0.069,0.057,0.040,0.029,9,8,6,5
0.152,0.860,0.522,-0.52,0.062,0,0.0261,0.0110,0.282,0.341,0.138,0.084,0.000,0.000,0.000,0.000,0,0,0,0,0.168,0.165,0.069,0.057,0.040,0.029,9,8,6,5
0.124,0.332,0.544,1.99,0.186,0,0.0263,0.0113,0.125,-0.326,0.138,0.084,0.000,0.000,0.000,0.000,0,0,0,0,0.168,0.165,0.069,0.057,0.040,0.029,9,8,6,5
0.101,0.925,0.605,-0.08,0.108,0,0.0279,0.0117,0.145,0.059,0.138,0.084,0.000,0.000,0.000,0.000,0,0,0,0,0.168,0.165,0.069,0.057,0.040,0.029,9,8,6,5
0.100,0.883,0.491,1.69,0.290,0,0.0346,0.0210,0.136,-0.697,0.138,0.084,0.000,0.000,0.000,0.000,0,0,0,0,0.168,0.165,0.069,0.057,0.040,0.029,9,8,6,5
0.100,0.312,0.311,-0.42,0.180,0,0.0415,0.0253,0.385,0.318,0.138,0.084,0.000,0.000,0.000,0.000,0,0,0,0,0.168,0.165,0.069,0.057,0.040,0.029,9,8,6,5
0.131,0.873,0.413,2.53,0.140,0,0.0493,0.0294,0.089,-0.121,0.138,0.084,0.000,0.000,0.000,0.000,0,0,0,0,0.168,0.165,0.069,0.057,0.040,0.029,9,8,6,5
0.134,0.846,0.002,1.99,0.186,0,0.0567,0.0356,0.045,-0.326,0.138,0.084,0.000,0.000,0.000,0.000,0,0,0,0,0.168,0.165,0.069,0.057,0.040,0.029,9,8,6,5
0.144,0.264,0.014,-1.1,0.105,-1,0.0643,0.0413,0.310,0.192,0.138,0.084,0.000,0.000,0.000,0.000,0,0,0,0,0.168,0.165,0.069,0.057,0.040,0.029,9,8,6,5
0.149,0.288,0.296,-1.19,0.219,1,0.0700,0.0453,0.400,0.586,0.138,0.084,0.000,0.000,0.000,0.000,0,0,0,0,0.168,0.165,0.069,0.057,0.040,0.029,9,8,6,5
0.179,0.274,0.006,2.53,0.140,0,0.0657,0.0428,0.066,-0.121,0.138,0.084,0.000,0.000,0.000,0.000,0,0,0,0,0.168,0.165,0.069,0.057,0.040,0.029,9,8,6,5
0.174,0.243,0.002,1.99,0.186,0,0.0614,0.0410,0.086,-0.326,0.138,0.084,0.000,0.000,0.000,0.000,0,0,0,0,0.168,0.165,0.069,0.057,0.040,0.029,9,8,6,5
0.167,0.208,0.003,-0.79,0.151,-1,0.0627,0.0431,0.539,0.736,0.138,0.084,0.000,0.000,0.000,0.000,0,0,0,0,0.168,0.165,0.069,0.057,0.040,0.029,9,8,6,5
0.167,0.230,0.002,-0.79,0.151,-1,0.0653,0.0457,0.426,0.736,0.138,0.084,0.000,0.000,0.000,0.000,0,0,0,0,0.168,0.165,0.069,0.057,0.040,0.029,9,8,6,5
0.179,0.275,0.005,1.99,0.186,0,0.0593,0.0405,0.124,-0.326,0.138,0.084,0.000,0.000,0.000,0.000,0,0,0,0,0.168,0.165,0.069,0.057,0.040,0.029,9,8,6,5
0.209,0.833,0.177,0,0.000,0,0.0674,0.0444,0.342,0.166,0.138,0.084,0.000,0.000,0.000,0.000,0,0,0,0,0.168,0.165,0.069,0.057,0.040,0.029,9,8,6,5
0.207,0.440,0.477,-1.19,0.219,1,0.0927,0.0622,0.525,0.586,0.138,0.084,0.000,0.000,0.000,0.000,0,0,0,0,0.168,0.165,0.069,0.057,0.040,0.029,9,8,6,5
0.178,0.834,0.188,2.53,0.140,0,0.1210,0.0815,0.213,-0.121,0.138,0.084,0.000,0.000,0.000,0.000,0,0,0,0,0.168,0.165,0.069,0.057,0.040,0.029,9,8,6,5
0.147,0.871,0.550,-0.52,0.062,0,0.1587,0.1087,0.217,0.341,0.138,0.084,0.000,0.000,0.000,0.000,0,0,0,0,0.168,0.165,0.069,0.057,0.040,0.029,9,8,6,5
0.161,0.836,0.751,0.2,0.291,1,0.1955,0.1388,0.414,0.180,0.138,0.084,0.000,0.000,0.000,0.000,0,0,0,0,0.168,0.165,0.069,0.057,0.040,0.029,9,8,6,5
0.133,0.853,0.734,-1.19,0.219,1,0.2193,0.1605,0.372,0.586,0.138,0.084,0.000,0.000,0.000,0.000,0,0,0,0,0.168,0.165,0.069,0.057,0.040,0.029,9,8,6,5
0.136,0.890,0.098,3.14,0.186,0,0.2365,0.1792,0.076,-0.486,0.138,0.084,0.000,0.000,0.000,0.000,0,0,0,0,0.168,0.165,0.069,0.057,0.040,0.029,9,8,6,5
0.130,0.887,0.501,0.85,0.046,0,0.2520,0.1981,0.115,0.06,0.138,0.084,0.000,0.000,0.000,0.000,0,0,0,0,0.168,0.165,0.069,0.057,0.040,0.029,9,8,6,5
0.110,0.893,0.133,2.53,0.140,0,0.2600,0.2115,0.105,-0.121,0.138,0.084,0.000,0.000,0.000,0.000,0,0,0,0,0.168,0.165,0.069,0.057,0.040,0.029,9,8,6,5
0.129,0.908,0.631,0,0.000,0,0.2537,0.2123,0.124,0.166,0.138,0.084,0.000,0.000,0.000,0.000,0,0,0,0,0.168,0.165,0.069,0.057,0.040,0.029,9,8,6,5
0.130,0.905,0.244,3.14,0.186,0,0.2364,0.2039,0.087,-0.486,0.138,0.084,0.000,0.000,0.000,0.000,0,0,0,0,0.168,0.165,0.069,0.057,0.040,0.029,9,8,6,5
0.127,0.888,0.605,-1.1,0.105,-1,0.2109,0.1859,0.223,0.192,0.138,0.084,0.000,0.000,0.000,0.000,0,0,0,0,0.168,0.165,0.069,0.057,0.040,0.029,9,8,6,5
0.086,0.871,0.513,-0.48,0.134,0,0.1883,0.1707,0.286,0.007,0.138,0.084,0.000,0.000,0.000,0.000,0,0,0,0,0.168,0.165,0.069,0.057,0.040,0.029,9,8,6,5
0.087,0.854,0.548,-0.79,0.151,-1,0.1511,0.1438,0.433,0.736,0.138,0.084,0.000,0.000,0.000,0.000,0,0,0,0,0.168,0.165,0.069,0.057,0.040,0.029,9,8,6,5
0.073,0.843,0.598,-0.52,0.062,0,0.1235,0.1260,0.430,0.341,0.138,0.084,0.000,0.000,0.000,0.000,0,0,0,0,0.168,0.165,0.069,0.057,0.040,0.029,9,8,6,5
0.057,0.882,0.484,0,0.000,0,0.1199,0.1278,0.407,0.166,0.138,0.084,0.000,0.000,0.000,0.000,0,0,0,0,0.168,0.165,0.069,0.057,0.040,0.029,9,8,6,5
0.047,0.888,0.644,0,0.000,0,0.1391,0.1496,0.191,0.166,0.138,0.084,0.000,0.000,0.000,0.000,0,0,0,0,0.168,0.165,0.069,0.057,0.040,0.029,9,8,6,5
0.051,0.882,0.591,-0.08,0.108,0,0.1548,0.1696,0.247,0.059,0.138,0.084,0.000,0.000,0.000,0.000,0,0,0,0,0.168,0.165,0.069,0.057,0.040,0.029,9,8,6,5
0.052,0.886,0.608,1.76,0.409,0,0.1762,0.1931,0.130,-0.884,0.138,0.084,0.000,0.000,0.000,0.000,0,0,0,0,0.168,0.165,0.069,0.057,0.040,0.029,9,8,6,5
0.049,0.400,0.675,-0.08,0.108,0,0.2027,0.2212,0.249,0.059,0.138,0.084,0.000,0.000,0.000,0.000,0,0,0,0,0.168,0.165,0.069,0.057,0.040,0.029,9,8,6,5
0.046,0.887,0.621,0.85,0.046,0,0.2213,0.2438,0.071,0.06,0.138,0.084,0.000,0.000,0.000,0.000,0,0,0,0,0.168,0.165,0.069,0.057,0.040,0.029,9,8,6,5
0.045,0.855,0.442,1.99,0.186,0,0.2321,0.2571,0.073,-0.326,0.138,0.084,0.000,0.000,0.000,0.000,0,0,0,0,0.168,0.165,0.069,0.057,0.040,0.029,9,8,6,5
0.047,0.915,0.735,-0.48,0.134,0,0.2283,0.2580,0.147,0.007,0.138,0.084,0.000,0.000,0.000,0.000,0,0,0,0,0.168,0.165,0.069,0.057,0.040,0.029,9,8,6,5
0.055,0.910,0.543,0.85,0.046,0,0.2030,0.2393,0.160,0.06,0.138,0.084,0.000,0.000,0.000,0.000,0,0,0,0,0.168,0.165,0.069,0.057,0.040,0.029,9,8,6,5
0.067,0.909,0.704,1.37,0.298,0,0.1589,0.2035,0.201,-0.510,0.138,0.084,0.000,0.000,0.000,0.000,0,0,0,0,0.168,0.165,0.069,0.057,0.040,0.029,9,8,6,5
0.061,0.914,0.511,1.69,0.290,0,0.1179,0.1692,0.172,-0.697,0.138,0.084,0.000,0.000,0.000,0.000,0,0,0,0,0.168,0.165,0.069,0.057,0.040,0.029,9,8,6,5
0.048,0.889,0.762,0.2,0.291,1,0.0913,0.1471,0.471,0.180,0.138,0.084,0.000,0.000,0.000,0.000,0,0,0,0,0.168,0.165,0.069,0.057,0.040,0.029,9,8,6,5
0.038,0.846,0.582,-0.52,0.062,0,0.0773,0.1347,0.423,0.341,0.138,0.084,0.000,0.000,0.000,0.000,0,0,0,0,0.168,0.165,0.069,0.057,0.040,0.029,9,8,6,5
0.040,0.890,0.399,0,0.000,0,0.0792,0.1366,0.414,0.166,0.138,0.084,0.000,0.000,0.000,0.000,0,0,0,0,0.168,0.165,0.069,0.057,0.040,0.029,9,8,6,5
0.057,0.884,0.484,-0.08,0.108,0,0.0921,0.1468,0.330,0.059,0.138,0.084,0.000,0.000,0.000,0.000,0,0,0,0,0.168,0.165,0.069,0.057,0.040,0.029,9,8,6,5
0.050,0.867,0.555,-0.08,0.108,0,0.1174,0.1693,0.281,0.059,0.138,0.084,0.000,0.000,0.000,0.000,0,0,0,0,0.168,0.165,0.069,0.057,0.040,0.029,9,8,6,5
0.047,0.836,0.311,-1.1,0.105,-1,0.1313,0.1816,0.314,0.192,0.138,0.084,0.000,0.000,0.000,0.000,0,0,0,0,0.168,0.165,0.069,0.057,0.040,0.029,9,8,6,5
0.060,0.302,0.053,2.53,0.140,0,0.1396,0.1902,0.187,-0.121,0.138,0.084,0.000,0.000,0.000,0.000,0,0,0,0,0.168,0.165,0.069,0.057,0.040,0.029,9,8,6,5
0.072,0.873,0.063,3.14,0.186,0,0.1449,0.1940,0.141,-0.486,0.138,0.084,0.000,0.000,0.000,0.000,0,0,0,0,0.168,0.165,0.069,0.057,0.040,0.029,9,8,6,5
0.071,0.859,0.004,1.99,0.186,0,0.1541,0.2011,0.118,-0.326,0.138,0.084,0.000,0.000,0.000,0.000,0,0,0,0,0.168,0.165,0.069,0.057,0.040,0.029,9,8,6,5
0.080,0.297,0.010,-1.14,0.131,0,0.1594,0.2029,0.234,0.987,0.138,0.084,0.000,0.000,0.000,0.000,0,0,0,0,0.168,0.165,0.069,0.057,0.040,0.029,9,8,6,5
0.087,0.285,0.166,-0.79,0.151,-1,0.1459,0.1871,0.403,0.736,0.138,0.084,0.000,0.000,0.000,0.000,0,0,0,0,0.168,0.165,0.069,0.057,0.040,0.029,9,8,6,5
0.088,0.284,0.218,1.69,0.290,0,0.1272,0.1676,0.228,-0.697,0.138,0.084,0.000,0.000,0.000,0.000,0,0,0,0,0.168,0.165,0.069,0.057,0.040,0.029,9,8,6,5
0.085,0.297,0.078,2.53,0.140,0,0.1216,0.1636,0.192,-0.121,0.138,0.084,0.000,0.000,0.000,0.000,0,0,0,0,0.168,0.165,0.069,0.057,0.040,0.029,9,8,6,5
0.087,0.298,0.182,-1.14,0.131,0,0.1310,0.1714,0.399,0.987,0.138,0.084,0.000,0.000,0.000,0.000,0,0,0,0,0.168,0.165,0.069,0.057,0.040,0.029,9,8,6,5
0.113,0.346,0.561,-0.48,0.134,0,0.1458,0.1854,0.431,0.007,0.138,0.084,0.000,0.000,0.000,0.000,0,0,0,0,0.168,0.165,0.069,0.057,0.040,0.029,9,8,6,5
0.115,0.871,0.582,-0.08,0.108,0,0.1610,0.1986,0.145,0.059,0.138,0.084,0.000,0.000,0.000,0.000,0,0,0,0,0.168,0.165,0.069,0.057,0.040,0.029,9,8,6,5
0.113,0.341,0.564,-1.19,0.219,1,0.1782,0.2115,0.406,0.586,0.138,0.084,0.000,0.000,0.000,0.000,0,0,0,0,0.168,0.165,0.069,0.057,0.040,0.029,9,8,6,5
0.116,0.296,0.411,0.85,0.046,0,0.2037,0.2282,0.171,0.06,0.138,0.084,0.000,0.000,0.000,0.000,0,0,0,0,0.168,0.165,0.069,0.057,0.040,0.029,9,8,6,5
0.113,0.307,0.328,1.99,0.186,0,0.2351,0.2464,0.107,-0.326,0.138,0.084,0.000,0.000,0.000,0.000,0,0,0,0,0.168,0.165,0.069,0.057,0.040,0.029,9,8,6,5
0.114,0.833,0.103,1.99,0.186,0,0.2721,0.2639,0.109,-0.326,0.138,0.084,0.000,0.000,0.000,0.000,0,0,0,0,0.168,0.165,0.069,0.057,0.040,0.029,9,8,6,5
0.120,0.888,0.691,1.37,0.298,0,0.3022,0.2730,0.239,-0.510,0.138,0.084,0.000,0.000,0.000,0.000,0,0,0,0,0.168,0.165,0.069,0.057,0.040,0.029,9,8,6,5
0.139,0.916,0.526,-0.52,0.062,0,0.3199,0.2717,0.195,0.341,0.138,0.084,0.000,0.000,0.000,0.000,0,0,0,0,0.168,0.165,0.069,0.057,0.040,0.029,9,8,6,5
0.171,0.893,0.550,0,0.000,0,0.3229,0.2602,0.288,0.166,0.138,0.084,0.000,0.000,0.000,0.000,0,0,0,0,0.168,0.165,0.069,0.057,0.040,0.029,9,8,6,5
0.172,0.917,0.805,0.2,0.291,1,0.3058,0.2363,0.385,0.180,0.138,0.084,0.000,0.000,0.000,0.000,0,0,0,0,0.168,0.165,0.069,0.057,0.040,0.029,9,8,6,5
0.179,0.891,0.766,-1.19,0.219,1,0.2740,0.2049,0.460,0.586,0.138,0.084,0.000,0.000,0.000,0.000,0,0,0,0,0.168,0.165,0.069,0.057,0.040,0.029,9,8,6,5
0.210,0.897,0.684,-1.1,0.105,-1,0.2340,0.1693,0.457,0.192,0.138,0.084,0.000,0.000,0.000,0.000,0,0,0,0,0.168,0.165,0.069,0.057,0.040,0.029,9,8,6,5
0.220,0.910,0.748,-0.08,0.108,0,0.1982,0.1404,0.408,0.059,0.138,0.084,0.000,0.000,0.000,0.000,0,0,0,0,0.168,0.165,0.069,0.057,0.040,0.029,9,8,6,5
0.151,0.923,0.660,0,0.000,0,0.1689,0.1173,0.193,0.166,0.138,0.084,0.000,0.000,0.000,0.000,0,0,0,0,0.168,0.165,0.069,0.057,0.040,0.029,9,8,6,5
0.151,0.895,0.564,-1.14,0.131,0,0.1360,0.0907,0.300,0.987,0.138,0.084,0.000,0.000,0.000,0.000,0,0,0,0,0.168,0.165,0.069,0.057,0.040,0.029,9,8,6,5
0.136,0.902,0.652,2.53,0.140,0,0.1104,0.0673,0.180,-0.121,0.138,0.084,0.000,0.000,0.000,0.000,0,0,0,0,0.168,0.165,0.069,0.057,0.040,0.029,9,8,6,5
0.122,0.912,0.588,0.85,0.046,0,0.1004,0.0557,0.115,0.06,0.138,0.084,0.000,0.000,0.000,0.000,0,0,0,0,0.168,0.165,0.069,0.057,0.040,0.029,9,8,6,5
0.142,0.898,0.616,-0.08,0.108,0,0.1129,0.0596,0.224,0.059,0.138,0.084,0.000,0.000,0.000,0.000,0,0,0,0,0.168,0.165,0.069,0.057,0.040,0.029,9,8,6,5
0.142,0.921,0.403,0,0.000,0,0.1250,0.0637,0.141,0.166,0.138,0.084,0.000,0.000,0.000,0.000,0,0,0,0,0.168,0.165,0.069,0.057,0.040,0.029,9,8,6,5
0.146,0.881,0.184,0.85,0.046,0,0.1300,0.0614,0.076,0.06,0.138,0.084,0.000,0.000,0.000,0.000,0,0,0,0,0.168,0.165,0.069,0.057,0.040,0.029,9,8,6,5
0.144,0.888,0.005,2.53,0.140,0,0.1317,0.0599,0.083,-0.121,0.138,0.084,0.000,0.000,0.000,0.000,0,0,0,0,0.168,0.165,0.069,0.057,0.040,0.029,9,8,6,5
0.098,0.903,0.051,0.85,0.046,0,0.1265,0.0558,0.092,0.06,0.138,0.084,0.000,0.000,0.000,0.000,0,0,0,0,0.168,0.165,0.069,0.057,0.040,0.029,9,8,6,5
0.097,0.916,0.041,0.85,0.046,0,0.1109,0.0474,0.055,0.06,0.138,0.084,0.000,0.000,0.000,0.000,0,0,0,0,0.168,0.165,0.069,0.057,0.040,0.029,9,8,6,5
0.102,0.879,0.007,1.69,0.290,0,0.0955,0.0409,0.069,-0.697,0.138,0.084,0.000,0.000,0.000,0.000,0,0,0,0,0.168,0.165,0.069,0.057,0.040,0.029,9,8,6,5
0.102,0.879,0.047,0.85,0.046,0,0.0763,0.0320,0.059,0.06,0.138,0.084,0.000,0.000,0.000,0.000,0,0,0,0,0.168,0.165,0.069,0.057,0.040,0.029,9,8,6,5
0.107,0.896,0.411,1.37,0.298,0,0.0593,0.0244,0.157,-0.510,0.138,0.084,0.000,0.000,0.000,0.000,0,0,0,0,0.168,0.165,0.069,0.057,0.040,0.029,9,8,6,5
0.111,0.896,0.575,1.37,0.298,0,0.0443,0.0183,0.138,-0.510,0.138,0.084,0.000,0.000,0.000,0.000,0,0,0,0,0.168,0.165,0.069,0.057,0.040,0.029,9,8,6,5
0.091,0.862,0.304,1.42,0.221,0,0.0320,0.0135,0.119,-0.397,0.138,0.084,0.000,0.000,0.000,0.000,0,0,0,0,0.168,0.165,0.069,0.057,0.040,0.029,9,8,6,5
0.101,0.909,0.528,-0.52,0.062,0,0.0253,0.0113,0.270,0.341,0.138,0.084,0.000,0.000,0.000,0.000,0,0,0,0,0.168,0.165,0.069,0.057,0.040,0.029,9,8,6,5
0.099,0.885,0.633,-0.52,0.062,0,0.0229,0.0103,0.403,0.341,0.138,0.084,0.000,0.000,0.000,0.000,0,0,0,0,0.168,0.165,0.069,0.057,0.040,0.029,9,8,6,5
0.094,0.886,0.426,0,0.000,0,0.0212,0.0094,0.446,0.166,0.138,0.084,0.000,0.000,0.000,0.000,0,0,0,0,0.168,0.165,0.069,0.057,0.040,0.029,9,8,6,5
0.077,0.900,0.439,-0.48,0.134,0,0.0215,0.0092,0.317,0.007,0.138,0.084,0.000,0.000,0.000,0.000,0,0,0,0,0.168,0.165,0.069,0.057,0.040,0.029,9,8,6,5
0.073,0.923,0.331,-0.08,0.108,0,0.0231,0.0100,0.216,0.059,0.138,0.084,0.000,0.000,0.000,0.000,0,0,0,0,0.168,0.165,0.069,0.057,0.040,0.029,9,8,6,5
0.065,0.909,0.008,1.99,0.186,0,0.0288,0.0126,0.158,-0.326,0.138,0.084,0.000,0.000,0.000,0.000,0,0,0,0,0.168,0.165,0.069,0.057,0.040,0.029,9,8,6,5
0.066,0.917,0.054,0,0.000,0,0.0335,0.0145,0.131,0.166,0.138,0.084,0.000,0.000,0.000,0.000,0,0,0,0,0.168,0.165,0.069,0.057,0.040,0.029,9,8,6,5
0.045,0.923,0.002,2.53,0.140,0,0.0394,0.0169,0.091,-0.121,0.138,0.084,0.000,0.000,0.000,0.000,0,0,0,0,0.168,0.165,0.069,0.057,0.040,0.029,9,8,6,5
0.045,0.891,0.003,1.42,0.221,0,0.0421,0.0179,0.146,-0.397,0.138,0.084,0.000,0.000,0.000,0.000,0,0,0,0,0.168,0.165,0.069,0.057,0.040,0.029,9,8,6,5
0.053,0.921,0.069,1.69,0.290,0,0.0439,0.0184,0.102,-0.697,0.138,0.084,0.000,0.000,0.000,0.000,0,0,0,0,0.168,0.165,0.069,0.057,0.040,0.029,9,8,6,5
0.043,0.916,0.364,-0.52,0.062,0,0.0431,0.0176,0.140,0.341,0.138,0.084,0.000,0.000,0.000,0.000,0,0,0,0,0.168,0.165,0.069,0.057,0.040,0.029,9,8,6,5
0.027,0.895,0.352,2.53,0.140,0,0.0410,0.0164,0.107,-0.121,0.138,0.084,0.000,0.000,0.000,0.000,0,0,0,0,0.168,0.165,0.069,0.057,0.040,0.029,9,8,6,5
0.017,0.890,0.534,-1.14,0.131,0,0.0349,0.0136,0.289,0.987,0.138,0.084,0.000,0.000,0.000,0.000,0,0,0,0,0.168,0.165,0.069,0.057,0.040,0.029,9,8,6,5
0.016,0.909,0.593,1.69,0.290,0,0.0287,0.0108,0.225,-0.697,0.138,0.084,0.000,0.000,0.000,0.000,0,0,0,0,0.168,0.165,0.069,0.057,0.040,0.029,9,8,6,5
0.019,0.855,0.562,-1.1,0.105,-1,0.0197,0.0072,0.357,0.192,0.138,0.084,0.000,0.000,0.000,0.000,0,0,0,0,0.168,0.165,0.069,0.057,0.040,0.029,9,8,6,5
0.026,0.882,0.531,1.37,0.298,0,0.0164,0.0060,0.321,-0.510,0.138,0.084,0.000,0.000,0.000,0.000,0,0,0,0,0.168,0.165,0.069,0.057,0.040,0.029,9,8,6,5
0.025,0.880,0.372,-0.48,0.134,0,0.0113,0.0039,0.358,0.007,0.138,0.084,0.000,0.000,0.000,0.000,0,0,0,0,0.168,0.165,0.069,0.057,0.040,0.029,9,8,6,5
0.022,0.894,0.512,1.76,0.409,0,0.0125,0.0045,0.286,-0.884,0.138,0.084,0.000,0.000,0.000,0.000,0,0,0,0,0.168,0.165,0.069,0.057,0.040,0.029,9,8,6,5
0.023,0.900,0.698,1.37,0.298,0,0.0128,0.0049,0.256,-0.510,0.138,0.084,0.000,0.000,0.000,0.000,0,0,0,0,0.168,0.165,0.069,0.057,0.040,0.029,9,8,6,5
0.022,0.921,0.711,-0.52,0.062,0,0.0189,0.0072,0.224,0.341,0.138,0.084,0.000,0.000,0.000,0.000,0,0,0,0,0.168,0.165,0.069,0.057,0.040,0.029,9,8,6,5
0.035,0.893,0.528,-0.48,0.134,0,0.0285,0.0107,0.304,0.007,0.138,0.084,0.000,0.000,0.000,0.000,0,0,0,0,0.168,0.165,0.069,0.057,0.040,0.029,9,8,6,5
0.034,0.898,0.770,1.76,0.409,0,0.0360,0.0130,0.265,-0.884,0.138,0.084,0.000,0.000,0.000,0.000,0,0,0,0,0.168,0.165,0.069,0.057,0.040,0.029,9,8,6,5
0.036,0.899,0.353,1.76,0.409,0,0.0410,0.0142,0.218,-0.884,0.138,0.084,0.000,0.000,0.000,0.000,0,0,0,0,0.168,0.165,0.069,0.057,0.040,0.029,9,8,6,5
0.038,0.890,0.531,-1.1,0.105,-1,0.0528,0.0195,0.236,0.192,0.138,0.084,0.000,0.000,0.000,0.000,0,0,0,0,0.168,0.165,0.069,0.057,0.040,0.029,9,8,6,5
0.045,0.905,0.104,2.53,0.140,0,0.0689,0.0278,0.134,-0.121,0.138,0.084,0.000,0.000,0.000,0.000,0,0,0,0,0.168,0.165,0.069,0.057,0.040,0.029,9,8,6,5
0.045,0.884,0.715,-1.19,0.219,1,0.0853,0.0350,0.309,0.586,0.138,0.084,0.000,0.000,0.000,0.000,0,0,0,0,0.168,0.165,0.069,0.057,0.040,0.029,9,8,6,5
0.052,0.918,0.153,3.14,0.186,0,0.1033,0.0441,0.155,-0.486,0.138,0.084,0.000,0.000,0.000,0.000,0,0,0,0,0.168,0.165,0.069,0.057,0.040,0.029,9,8,6,5
0.065,0.913,0.756,1.37,0.298,0,0.1164,0.0519,0.240,-0.510,0.138,0.084,0.000,0.000,0.000,0.000,0,0,0,0,0.168,0.165,0.069,0.057,0.040,0.029,9,8,6,5
0.085,0.926,0.649,-0.52,0.062,0,0.1225,0.0568,0.239,0.341,0.138,0.084,0.000,0.000,0.000,0.000,0,0,0,0,0.168,0.165,0.069,0.057,0.040,0.029,9,8,6,5
0.077,0.924,0.666,0,0.000,0,0.1309,0.0648,0.261,0.166,0.138,0.084,0.000,0.000,0.000,0.000,0,0,0,0,0.168,0.165,0.069,0.057,0.040,0.029,9,8,6,5
0.070,0.916,0.782,-1.19,0.219,1,0.1293,0.0676,0.459,0.586,0.138,0.084,0.000,0.000,0.000,0.000,0,0,0,0,0.168,0.165,0.069,0.057,0.040,0.029,9,8,6,5
0.083,0.914,0.927,0.2,0.291,1,0.1265,0.0707,0.362,0.180,0.138,0.084,0.000,0.000,0.000,0.000,0,0,0,0,0.168,0.165,0.069,0.057,0.040,0.029,9,8,6,5
0.108,0.881,0.930,0.2,0.291,1,0.1238,0.0753,0.383,0.180,0.138,0.084,0.000,0.000,0.000,0.000,0,0,0,0,0.168,0.165,0.069,0.057,0.040,0.029,9,8,6,5
0.139,0.843,0.750,0.85,0.046,0,0.1280,0.0843,0.309,0.06,0.138,0.084,0.000,0.000,0.000,0.000,0,0,0,0,0.168,0.165,0.069,0.057,0.040,0.029,9,8,6,5
0.147,0.376,0.682,-1.1,0.105,-1,0.1328,0.0929,0.435,0.192,0.138,0.084,0.000,0.000,0.000,0.000,0,0,0,0,0.168,0.165,0.069,0.057,0.040,0.029,9,8,6,5
0.125,0.358,0.670,-0.42,0.180,0,0.1568,0.1121,0.403,0.318,0.138,0.084,0.000,0.000,0.000,0.000,0,0,0,0,0.168,0.165,0.069,0.057,0.040,0.029,9,8,6,5
0.096,0.864,0.291,0,0.000,0,0.1813,0.1309,0.266,0.166,0.138,0.084,0.000,0.000,0.000,0.000,0,0,0,0,0.168,0.165,0.069,0.057,0.040,0.029,9,8,6,5
0.088,0.323,0.023,1.42,0.221,0,0.2099,0.1509,0.209,-0.397,0.138,0.084,0.000,0.000,0.000,0.000,0,0,0,0,0.168,0.165,0.069,0.057,0.040,0.029,9,8,6,5
0.103,0.849,0.147,1.37,0.298,0,0.2424,0.1721,0.183,-0.510,0.138,0.084,0.000,0.000,0.000,0.000,0,0,0,0,0.168,0.165,0.069,0.057,0.040,0.029,9,8,6,5
0.099,0.279,0.118,-0.79,0.151,-1,0.2611,0.1857,0.326,0.736,0.138,0.084,0.000,0.000,0.000,0.000,0,0,0,0,0.168,0.165,0.069,0.057,0.040,0.029,9,8,6,5
0.093,0.294,0.079,-1.1,0.105,-1,0.2699,0.1946,0.236,0.192,0.138,0.084,0.000,0.000,0.000,0.000,0,0,0,0,0.168,0.165,0.069,0.057,0.040,0.029,9,8,6,5
0.063,0.279,0.011,1.99,0.186,0,0.2604,0.1919,0.130,-0.326,0.138,0.084,0.000,0.000,0.000,0.000,0,0,0,0,0.168,0.165,0.069,0.057,0.040,0.029,9,8,6,5
0.062,0.847,0.455,1.37,0.298,0,0.2485,0.1888,0.176,-0.510,0.138,0.084,0.000,0.000,0.000,0.000,0,0,0,0,0.168,0.165,0.069,0.057,0.040,0.029,9,8,6,5
0.040,0.877,0.556,1.37,0.298,0,0.2358,0.1836,0.263,-0.510,0.138,0.084,0.000,0.000,0.000,0.000,0,0,0,0,0.168,0.165,0.069,0.057,0.040,0.029,9,8,6,5
0.043,0.889,0.405,0,0.000,0,0.2303,0.1844,0.215,0.166,0.138,0.084,0.000,0.000,0.000,0.000,0,0,0,0,0.168,0.165,0.069,0.057,0.040,0.029,9,8,6,5
0.036,0.887,0.457,-0.48,0.134,0,0.2176,0.1808,0.218,0.007,0.138,0.084,0.000,0.000,0.000,0.000,0,0,0,0,0.168,0.165,0.069,0.057,0.040,0.029,9,8,6,5
0.047,0.843,0.323,-1.14,0.131,0,0.2013,0.1718,0.272,0.987,0.138,0.084,0.000,0.000,0.000,0.000,0,0,0,0,0.168,0.165,0.069,0.057,0.040,0.029,9,8,6,5
0.038,0.877,0.624,1.37,0.298,0,0.1947,0.1682,0.282,-0.510,0.138,0.084,0.000,0.000,0.000,0.000,0,0,0,0,0.168,0.165,0.069,0.057,0.040,0.029,9,8,6,5
0.036,0.845,0.723,0.2,0.291,1,0.1859,0.1619,0.403,0.180,0.138,0.084,0.000,0.000,0.000,0.000,0,0,0,0,0.168,0.165,0.069,0.057,0.040,0.029,9,8,6,5
0.042,0.860,0.600,0,0.000,0,0.1947,0.1715,0.279,0.166,0.138,0.084,0.000,0.000,0.000,0.000,0,0,0,0,0.168,0.165,0.069,0.057,0.040,0.029,9,8,6,5
0.046,0.310,0.526,-1.1,0.105,-1,0.2080,0.1853,0.456,0.192,0.138,0.084,0.000,0.000,0.000,0.000,0,0,0,0,0.168,0.165,0.069,0.057,0.040,0.029,9,8,6,5
0.049,0.337,0.744,-0.48,0.134,0,0.2187,0.2002,0.395,0.007,0.138,0.084,0.000,0.000,0.000,0.000,0,0,0,0,0.168,0.165,0.069,0.057,0.040,0.029,9,8,6,5
0.049,0.892,0.577,0,0.000,0,0.2192,0.2088,0.219,0.166,0.138,0.084,0.000,0.000,0.000,0.000,0,0,0,0,0.168,0.165,0.069,0.057,0.040,0.029,9,8,6,5
0.058,0.884,0.725,1.76,0.409,0,0.2276,0.2241,0.237,-0.884,0.138,0.084,0.000,0.000,0.000,0.000,0,0,0,0,0.168,0.165,0.069,0.057,0.040,0.029,9,8,6,5
0.069,0.862,0.648,0.22,0.230,0,0.2351,0.2377,0.239,0.303,0.138,0.084,0.000,0.000,0.000,0.000,0,0,0,0,0.168,0.165,0.069,0.057,0.040,0.029,9,8,6,5
0.084,0.851,0.505,-0.79,0.151,-1,0.2394,0.2508,0.301,0.736,0.138,0.084,0.000,0.000,0.000,0.000,0,0,0,0,0.168,0.165,0.069,0.057,0.040,0.029,9,8,6,5
0.102,0.375,0.690,-1.19,0.219,1,0.2351,0.2561,0.434,0.586,0.138,0.084,0.000,0.000,0.000,0.000,0,0,0,0,0.168,0.165,0.069,0.057,0.040,0.029,9,8,6,5
0.104,0.847,0.580,-0.48,0.134,0,0.2200,0.2542,0.297,0.007,0.138,0.084,0.000,0.000,0.000,0.000,0,0,0,0,0.168,0.165,0.069,0.057,0.040,0.029,9,8,6,5
0.122,0.334,0.556,1.99,0.186,0,0.2122,0.2548,0.219,-0.326,0.138,0.084,0.000,0.000,0.000,0.000,0,0,0,0,0.168,0.165,0.069,0.057,0.040,0.029,9,8,6,5
0.111,0.854,0.682,0,0.000,0,0.1882,0.2410,0.256,0.166,0.138,0.084,0.000,0.000,0.000,0.000,0,0,0,0,0.168,0.165,0.069,0.057,0.040,0.029,9,8,6,5
0.115,0.886,0.818,1.37,0.298,0,0.1782,0.2397,0.279,-0.510,0.138,0.084,0.000,0.000,0.000,0.000,0,0,0,0,0.168,0.165,0.069,0.057,0.040,0.029,9,8,6,5
0.120,0.873,0.704,0,0.000,0,0.1701,0.2354,0.250,0.166,0.138,0.084,0.000,0.000,0.000,0.000,0,0,0,0,0.168,0.165,0.069,0.057,0.040,0.029,9,8,6,5
0.144,0.877,0.608,1.99,0.186,0,0.1793,0.2486,0.167,-0.326,0.138,0.084,0.000,0.000,0.000,0.000,0,0,0,0,0.168,0.165,0.069,0.057,0.040,0.029,9,8,6,5
0.116,0.883,0.817,0.2,0.291,1,0.1839,0.2584,0.354,0.180,0.138,0.084,0.000,0.000,0.000,0.000,0,0,0,0,0.168,0.165,0.069,0.057,0.040,0.029,9,8,6,5
0.166,0.918,0.448,1.42,0.221,0,0.1854,0.2655,0.132,-0.397,0.138,0.084,0.000,0.000,0.000,0.000,0,0,0,0,0.168,0.165,0.069,0.057,0.040,0.029,9,8,6,5
0.190,0.886,0.740,-1.19,0.219,1,0.1757,0.2605,0.371,0.586,0.138,0.084,0.000,0.000,0.000,0.000,0,0,0,0,0.168,0.165,0.069,0.057,0.040,0.029,9,8,6,5
0.237,0.914,0.383,0,0.000,0,0.1627,0.2483,0.205,0.166,0.138,0.084,0.000,0.000,0.000,0.000,0,0,0,0,0.168,0.165,0.069,0.057,0.040,0.029,9,8,6,5
0.190,0.920,0.380,3.14,0.186,0,0.1543,0.2426,0.160,-0.486,0.138,0.084,0.000,0.000,0.000,0.000,0,0,0,0,0.168,0.165,0.069,0.057,0.040,0.029,9,8,6,5
0.216,0.894,0.284,1.42,0.221,0,0.1474,0.2404,0.174,-0.397,0.138,0.084,0.000,0.000,0.000,0.000,0,0,0,0,0.168,0.165,0.069,0.057,0.040,0.029,9,8,6,5
0.261,0.910,0.704,-0.08,0.108,0,0.1500,0.2486,0.254,0.059,0.138,0.084,0.000,0.000,0.000,0.000,0,0,0,0,0.168,0.165,0.069,0.057,0.040,0.029,9,8,6,5
0.251,0.893,0.786,-0.52,0.062,0,0.1524,0.2623,0.303,0.341,0.138,0.084,0.000,0.000,0.000,0.000,0,0,0,0,0.168,0.165,0.069,0.057,0.040,0.029,9,8,6,5
0.288,0.357,0.473,0.85,0.046,0,0.1539,0.2881,0.275,0.06,0.138,0.084,0.000,0.000,0.000,0.000,0,0,0,0,0.168,0.165,0.069,0.057,0.040,0.029,9,8,6,5
0.292,0.918,0.407,0,0.000,0,0.1646,0.3298,0.339,0.166,0.138,0.084,0.000,0.000,0.000,0.000,0,0,0,0,0.168,0.165,0.069,0.057,0.040,0.029,9,8,6,5
0.301,0.849,0.344,-0.79,0.151,-1,0.1888,0.3905,0.386,0.736,0.138,0.084,0.000,0.000,0.000,0.000,0,0,0,0,0.168,0.165,0.069,0.057,0.040,0.029,9,8,6,5
0.299,0.356,0.045,0.85,0.046,0,0.2064,0.4570,0.226,0.06,0.138,0.084,0.000,0.000,0.000,0.000,0,0,0,0,0.168,0.165,0.069,0.057,0.040,0.029,9,8,6,5
0.296,0.875,0.449,-1.19,0.219,1,0.2239,0.5269,0.404,0.586,0.138,0.084,0.000,0.000,0.000,0.000,0,0,0,0,0.168,0.165,0.069,0.057,0.040,0.029,9,8,6,5
0.246,0.363,0.004,1.42,0.221,0,0.2405,0.5962,0.190,-0.397,0.138,0.084,0.000,0.000,0.000,0.000,0,0,0,0,0.168,0.165,0.069,0.057,0.040,0.029,9,8,6,5
0.246,0.380,0.517,-0.42,0.180,0,0.2554,0.6614,0.313,0.318,0.138,0.084,0.000,0.000,0.000,0.000,0,0,0,0,0.168,0.165,0.069,0.057,0.040,0.029,9,8,6,5
0.259,0.330,0.046,3.14,0.186,0,0.2679,0.7202,0.150,-0.486,0.138,0.084,0.000,0.000,0.000,0.000,0,0,0,0,0.168,0.165,0.069,0.057,0.040,0.029,9,8,6,5
0.253,0.384,0.807,-1.19,0.219,1,0.2773,0.7716,0.417,0.586,0.138,0.084,0.000,0.000,0.000,0.000,0,0,0,0,0.168,0.165,0.069,0.057,0.040,0.029,9,8,6,5
0.279,0.273,0.298,3.14,0.186,0,0.2827,0.8169,0.223,-0.486,0.138,0.084,0.000,0.000,0.000,0.000,0,0,0,0,0.168,0.165,0.069,0.057,0.040,0.029,9,8,6,5
0.270,0.242,0.686,-0.52,0.062,0,0.2835,0.8595,0.378,0.341,0.138,0.084,0.000,0.000,0.000,0.000,0,0,0,0,0.168,0.165,0.069,0.057,0.040,0.029,9,8,6,5
0.278,0.321,0.634,0.2,0.291,1,0.2786,0.9061,0.759,0.180,0.138,0.084,0.000,0.000,0.000,0.000,0,0,0,0,0.168,0.165,0.069,0.057,0.040,0.029,9,8,6,5
