0.160,0.210,0.399,1.42,0.221,0,0.2247,0.8634,0.742,-0.397,0.223,0.107,0.054,0.000,0.000,0.000,4,0,0,0,0.227,0.172,0.108,0.081,0.061,0.034,11,8,6,4
0.226,0.276,0.386,1.99,0.186,0,0.2419,0.8282,0.439,-0.326,0.223,0.107,0.054,0.000,0.000,0.000,4,0,0,0,0.227,0.172,0.108,0.081,0.061,0.034,11,8,6,4
0.223,0.379,0.417,-0.42,0.180,0,0.2486,0.7813,0.518,0.318,0.223,0.107,0.054,0.000,0.000,0.000,4,0,0,0,0.227,0.172,0.108,0.081,0.061,0.034,11,8,6,4
0.220,0.266,0.483,1.99,0.186,0,0.2521,0.7273,0.312,-0.326,0.223,0.107,0.054,0.000,0.000,0.000,4,0,0,0,0.227,0.172,0.108,0.081,0.061,0.034,11,8,6,4
0.227,0.397,0.283,0.85,0.046,0,0.2573,0.6703,0.248,0.06,0.223,0.107,0.054,0.000,0.000,0.000,4,0,0,0,0.227,0.172,0.108,0.081,0.061,0.034,11,8,6,4
0.224,0.467,0.639,-0.48,0.134,0,0.2669,0.6136,0.369,0.007,0.223,0.107,0.054,0.000,0.000,0.000,4,0,0,0,0.227,0.172,0.108,0.081,0.061,0.034,11,8,6,4
0.233,0.764,0.860,0.2,0.291,1,0.2817,0.5601,0.439,0.180,0.223,0.107,0.054,0.000,0.000,0.000,4,0,0,0,0.227,0.172,0.108,0.081,0.061,0.034,11,8,6,4
0.221,0.682,0.779,-0.52,0.062,0,0.3009,0.5120,0.335,0.341,0.223,0.107,0.054,0.000,0.000,0.000,4,0,0,0,0.227,0.172,0.108,0.081,0.061,0.034,11,8,6,4
0.229,0.377,0.370,2.53,0.140,0,0.3229,0.4708,0.229,-0.121,0.223,0.107,0.054,0.000,0.000,0.000,4,0,0,0,0.227,0.172,0.108,0.081,0.061,0.034,11,8,6,4
0.227,0.727,0.844,0.2,0.291,1,0.3451,0.4373,0.421,0.180,0.223,0.107,0.054,0.000,0.000,0.000,4,0,0,0,0.227,0.172,0.108,0.081,0.061,0.034,11,8,6,4
0.231,0.374,0.645,0.85,0.046,0,0.3699,0.4195,0.287,0.06,0.223,0.107,0.054,0.000,0.000,0.000,4,0,0,0,0.227,0.172,0.108,0.081,0.061,0.034,11,8,6,4
0.233,0.478,0.727,-1.19,0.219,1,0.3771,0.3973,0.368,0.586,0.223,0.107,0.054,0.000,0.000,0.000,4,0,0,0,0.227,0.172,0.108,0.081,0.061,0.034,11,8,6,4
0.234,0.332,0.583,0.85,0.046,0,0.3758,0.3785,0.141,0.06,0.223,0.107,0.054,0.000,0.000,0.000,4,0,0,0,0.227,0.172,0.108,0.081,0.061,0.034,11,8,6,4
0.252,0.261,0.594,0.85,0.046,0,0.3715,0.3648,0.315,0.06,0.223,0.107,0.054,0.000,0.000,0.000,4,0,0,0,0.227,0.172,0.108,0.081,0.061,0.034,11,8,6,4
0.259,0.403,0.836,0.2,0.291,1,0.3565,0.3504,0.481,0.180,0.223,0.107,0.054,0.000,0.000,0.000,4,0,0,0,0.227,0.172,0.108,0.081,0.061,0.034,11,8,6,4
0.259,0.262,0.588,0.85,0.046,0,0.3446,0.3420,0.249,0.06,0.223,0.107,0.054,0.000,0.000,0.000,4,0,0,0,0.227,0.172,0.108,0.081,0.061,0.034,11,8,6,4
0.298,0.362,0.749,-0.52,0.062,0,0.3360,0.3368,0.280,0.341,0.223,0.107,0.054,0.000,0.000,0.000,4,0,0,0,0.227,0.172,0.108,0.081,0.061,0.034,11,8,6,4
0.290,0.367,0.707,-0.42,0.180,0,0.3245,0.3269,0.436,0.318,0.223,0.107,0.054,0.000,0.000,0.000,4,0,0,0,0.227,0.172,0.108,0.081,0.061,0.034,11,8,6,4
0.330,0.411,0.696,-0.52,0.062,0,0.3180,0.3166,0.311,0.341,0.223,0.107,0.054,0.000,0.000,0.000,4,0,0,0,0.227,0.172,0.108,0.081,0.061,0.034,11,8,6,4
0.339,0.356,0.349,0.85,0.046,0,0.3195,0.3105,0.226,0.06,0.223,0.107,0.054,0.000,0.000,0.000,4,0,0,0,0.227,0.172,0.108,0.081,0.061,0.034,11,8,6,4
0.335,0.744,0.627,0.2,0.291,1,0.3251,0.3076,0.407,0.180,0.223,0.107,0.054,0.000,0.000,0.000,4,0,0,0,0.227,0.172,0.108,0.081,0.061,0.034,11,8,6,4
0.335,0.300,0.238,-0.52,0.062,0,0.3329,0.3059,0.311,0.341,0.223,0.107,0.054,0.000,0.000,0.000,4,0,0,0,0.227,0.172,0.108,0.081,0.061,0.034,11,8,6,4
0.274,0.167,0.131,2.53,0.140,0,0.3405,0.3048,0.165,-0.121,0.223,0.107,0.054,0.000,0.000,0.000,4,0,0,0,0.227,0.172,0.108,0.081,0.061,0.034,11,8,6,4
0.273,0.191,0.309,-0.52,0.062,0,0.3466,0.3032,0.176,0.341,0.223,0.107,0.054,0.000,0.000,0.000,4,0,0,0,0.227,0.172,0.108,0.081,0.061,0.034,11,8,6,4
0.273,0.168,0.191,2.1,0.128,0,0.3540,0.3021,0.185,0.02,0.223,0.107,0.054,0.000,0.000,0.000,4,0,0,0,0.227,0.172,0.108,0.081,0.061,0.034,11,8,6,4
0.254,0.169,0.144,0.85,0.046,0,0.3447,0.2870,0.248,0.06,0.223,0.107,0.054,0.000,0.000,0.000,4,0,0,0,0.227,0.172,0.108,0.081,0.061,0.034,11,8,6,4
0.252,0.135,0.297,0.85,0.046,0,0.3314,0.2680,0.122,0.06,0.223,0.107,0.054,0.000,0.000,0.000,4,0,0,0,0.227,0.172,0.108,0.081,0.061,0.034,11,8,6,4
0.231,0.106,0.077,0.85,0.046,0,0.3067,0.2446,0.271,0.06,0.223,0.107,0.054,0.000,0.000,0.000,4,0,0,0,0.227,0.172,0.108,0.081,0.061,0.034,11,8,6,4
0.248,0.143,0.290,-1.19,0.219,1,0.2830,0.2244,0.492,0.586,0.223,0.107,0.054,0.000,0.000,0.000,4,0,0,0,0.227,0.172,0.108,0.081,0.061,0.034,11,8,6,4
0.239,0.143,0.403,0.2,0.291,1,0.2562,0.1991,0.482,0.180,0.223,0.107,0.054,0.000,0.000,0.000,4,0,0,0,0.227,0.172,0.108,0.081,0.061,0.034,11,8,6,4
0.237,0.067,0.321,0,0.000,0,0.2367,0.1775,0.414,0.166,0.223,0.107,0.054,0.000,0.000,0.000,4,0,0,0,0.227,0.172,0.108,0.081,0.061,0.034,11,8,6,4
0.230,0.064,0.419,0.85,0.046,0,0.2209,0.1573,0.329,0.06,0.223,0.107,0.054,0.000,0.000,0.000,4,0,0,0,0.227,0.172,0.108,0.081,0.061,0.034,11,8,6,4
0.220,0.063,0.194,-1.1,0.105,-1,0.2061,0.1386,0.459,0.192,0.223,0.107,0.054,0.000,0.000,0.000,4,0,0,0,0.227,0.172,0.108,0.081,0.061,0.034,11,8,6,4
0.211,0.096,0.233,2.53,0.140,0,0.1967,0.1254,0.225,-0.121,0.223,0.107,0.054,0.000,0.000,0.000,4,0,0,0,0.227,0.172,0.108,0.081,0.061,0.034,11,8,6,4
0.202,0.083,0.114,0.85,0.046,0,0.1894,0.1157,0.271,0.06,0.223,0.107,0.054,0.000,0.000,0.000,4,0,0,0,0.227,0.172,0.108,0.081,0.061,0.034,11,8,6,4
0.206,0.082,0.185,-1.14,0.131,0,0.1844,0.1073,0.410,0.987,0.223,0.107,0.054,0.000,0.000,0.000,4,0,0,0,0.227,0.172,0.108,0.081,0.061,0.034,11,8,6,4
0.201,0.078,0.012,1.99,0.186,0,0.1810,0.1014,0.175,-0.326,0.223,0.107,0.054,0.000,0.000,0.000,4,0,0,0,0.227,0.172,0.108,0.081,0.061,0.034,11,8,6,4
0.199,0.078,0.103,-0.08,0.108,0,0.1730,0.0946,0.262,0.059,0.223,0.107,0.054,0.000,0.000,0.000,4,0,0,0,0.227,0.172,0.108,0.081,0.061,0.034,11,8,6,4
0.197,0.093,0.114,-0.52,0.062,0,0.1643,0.0858,0.273,0.341,0.223,0.107,0.054,0.000,0.000,0.000,4,0,0,0,0.227,0.172,0.108,0.081,0.061,0.034,11,8,6,4
0.154,0.069,0.013,0.85,0.046,0,0.1491,0.0744,0.141,0.06,0.223,0.107,0.054,0.000,0.000,0.000,4,0,0,0,0.227,0.172,0.108,0.081,0.061,0.034,11,8,6,4
0.141,0.073,0.002,1.99,0.186,0,0.1345,0.0624,0.137,-0.326,0.223,0.107,0.054,0.000,0.000,0.000,4,0,0,0,0.227,0.172,0.108,0.081,0.061,0.034,11,8,6,4
0.141,0.070,0.003,0.85,0.046,0,0.1206,0.0521,0.226,0.06,0.223,0.107,0.054,0.000,0.000,0.000,4,0,0,0,0.227,0.172,0.108,0.081,0.061,0.034,11,8,6,4
0.141,0.086,0.002,2.53,0.140,0,0.1215,0.0509,0.174,-0.121,0.223,0.107,0.054,0.000,0.000,0.000,4,0,0,0,0.227,0.172,0.108,0.081,0.061,0.034,11,8,6,4
0.148,0.092,0.004,-0.08,0.108,0,0.1205,0.0487,0.160,0.059,0.223,0.107,0.054,0.000,0.000,0.000,4,0,0,0,0.227,0.172,0.108,0.081,0.061,0.034,11,8,6,4
0.155,0.059,0.002,0.85,0.046,0,0.1315,0.0536,0.082,0.06,0.223,0.107,0.054,0.000,0.000,0.000,4,0,0,0,0.227,0.172,0.108,0.081,0.061,0.034,11,8,6,4
0.155,0.052,0.009,-0.52,0.062,0,0.1301,0.0523,0.177,0.341,0.223,0.107,0.054,0.000,0.000,0.000,4,0,0,0,0.227,0.172,0.108,0.081,0.061,0.034,11,8,6,4
0.169,0.038,0.008,3.14,0.186,0,0.1297,0.0518,0.129,-0.486,0.223,0.107,0.054,0.000,0.000,0.000,4,0,0,0,0.227,0.172,0.108,0.081,0.061,0.034,11,8,6,4
0.171,0.026,0.002,1.99,0.186,0,0.1241,0.0488,0.164,-0.326,0.223,0.107,0.054,0.000,0.000,0.000,4,0,0,0,0.227,0.172,0.108,0.081,0.061,0.034,11,8,6,4
0.180,0.031,0.004,1.99,0.186,0,0.1225,0.0475,0.172,-0.326,0.223,0.107,0.054,0.000,0.000,0.000,4,0,0,0,0.227,0.172,0.108,0.081,0.061,0.034,11,8,6,4
0.166,0.052,0.119,-0.08,0.108,0,0.1248,0.0478,0.265,0.059,0.223,0.107,0.054,0.000,0.000,0.000,4,0,0,0,0.227,0.172,0.108,0.081,0.061,0.034,11,8,6,4
0.164,0.054,0.054,-0.08,0.108,0,0.1258,0.0485,0.241,0.059,0.223,0.107,0.054,0.000,0.000,0.000,4,0,0,0,0.227,0.172,0.108,0.081,0.061,0.034,11,8,6,4
0.166,0.064,0.127,0,0.000,0,0.1196,0.0459,0.268,0.166,0.223,0.107,0.054,0.000,0.000,0.000,4,0,0,0,0.227,0.172,0.108,0.081,0.061,0.034,11,8,6,4
0.164,0.056,0.090,0.85,0.046,0,0.1068,0.0403,0.269,0.06,0.223,0.107,0.054,0.000,0.000,0.000,4,0,0,0,0.227,0.172,0.108,0.081,0.061,0.034,11,8,6,4
0.167,0.060,0.150,0.85,0.046,0,0.1064,0.0423,0.271,0.06,0.223,0.107,0.054,0.000,0.000,0.000,4,0,0,0,0.227,0.172,0.108,0.081,0.061,0.034,11,8,6,4
0.176,0.083,0.199,-0.52,0.062,0,0.1117,0.0476,0.235,0.341,0.223,0.107,0.054,0.000,0.000,0.000,4,0,0,0,0.227,0.172,0.108,0.081,0.061,0.034,11,8,6,4
0.170,0.067,0.249,0.85,0.046,0,0.1192,0.0542,0.197,0.06,0.223,0.107,0.054,0.000,0.000,0.000,4,0,0,0,0.227,0.172,0.108,0.081,0.061,0.034,11,8,6,4
0.162,0.047,0.231,-0.52,0.062,0,0.1346,0.0634,0.282,0.341,0.223,0.107,0.054,0.000,0.000,0.000,4,0,0,0,0.227,0.172,0.108,0.081,0.061,0.034,11,8,6,4
0.138,0.032,0.098,0.85,0.046,0,0.1460,0.0706,0.192,0.06,0.223,0.107,0.054,0.000,0.000,0.000,4,0,0,0,0.227,0.172,0.108,0.081,0.061,0.034,11,8,6,4
0.118,0.033,0.151,0.85,0.046,0,0.1560,0.0760,0.224,0.06,0.223,0.107,0.054,0.000,0.000,0.000,4,0,0,0,0.227,0.172,0.108,0.081,0.061,0.034,11,8,6,4
0.121,0.024,0.143,-1.1,0.105,-1,0.1601,0.0783,0.265,0.192,0.223,0.107,0.054,0.000,0.000,0.000,4,0,0,0,0.227,0.172,0.108,0.081,0.061,0.034,11,8,6,4
0.107,0.023,0.049,1.99,0.186,0,0.1621,0.0784,0.245,-0.326,0.223,0.107,0.054,0.000,0.000,0.000,4,0,0,0,0.227,0.172,0.108,0.081,0.061,0.034,11,8,6,4
0.116,0.028,0.109,0.85,0.046,0,0.1533,0.0730,0.268,0.06,0.223,0.107,0.054,0.000,0.000,0.000,4,0,0,0,0.227,0.172,0.108,0.081,0.061,0.034,11,8,6,4
0.115,0.025,0.014,1.99,0.186,0,0.1464,0.0683,0.270,-0.326,0.223,0.107,0.054,0.000,0.000,0.000,4,0,0,0,0.227,0.172,0.108,0.081,0.061,0.034,11,8,6,4
0.115,0.043,0.054,0,0.000,0,0.1272,0.0574,0.215,0.166,0.223,0.107,0.054,0.000,0.000,0.000,4,0,0,0,0.227,0.172,0.108,0.081,0.061,0.034,11,8,6,4
0.117,0.044,0.178,0.85,0.046,0,0.1132,0.0489,0.131,0.06,0.223,0.107,0.054,0.000,0.000,0.000,4,0,0,0,0.227,0.172,0.108,0.081,0.061,0.034,11,8,6,4
0.120,0.078,0.132,-0.42,0.180,0,0.0983,0.0415,0.340,0.318,0.223,0.107,0.054,0.000,0.000,0.000,4,0,0,0,0.227,0.172,0.108,0.081,0.061,0.034,11,8,6,4
0.124,0.072,0.054,2.53,0.140,0,0.0930,0.0398,0.195,-0.121,0.223,0.107,0.054,0.000,0.000,0.000,4,0,0,0,0.227,0.172,0.108,0.081,0.061,0.034,11,8,6,4
0.120,0.100,0.329,1.69,0.290,0,0.0982,0.0418,0.189,-0.697,0.223,0.107,0.054,0.000,0.000,0.000,4,0,0,0,0.227,0.172,0.108,0.081,0.061,0.034,11,8,6,4
0.122,0.134,0.253,-0.48,0.134,0,0.1171,0.0524,0.337,0.007,0.223,0.107,0.054,0.000,0.000,0.000,4,0,0,0,0.227,0.172,0.108,0.081,0.061,0.034,11,8,6,4
0.126,0.131,0.545,0,0.000,0,0.1356,0.0622,0.253,0.166,0.223,0.107,0.054,0.000,0.000,0.000,4,0,0,0,0.227,0.172,0.108,0.081,0.061,0.034,11,8,6,4
0.111,0.147,0.711,-0.48,0.134,0,0.1507,0.0706,0.294,0.007,0.223,0.107,0.054,0.000,0.000,0.000,4,0,0,0,0.227,0.172,0.108,0.081,0.061,0.034,11,8,6,4
0.118,0.092,0.565,2.1,0.128,0,0.1729,0.0835,0.092,0.02,0.223,0.107,0.054,0.000,0.000,0.000,4,0,0,0,0.227,0.172,0.108,0.081,0.061,0.034,11,8,6,4
0.117,0.104,0.468,0.85,0.046,0,0.1978,0.0984,0.185,0.06,0.223,0.107,0.054,0.000,0.000,0.000,4,0,0,0,0.227,0.172,0.108,0.081,0.061,0.034,11,8,6,4
0.122,0.132,0.505,0.85,0.046,0,0.2303,0.1214,0.174,0.06,0.223,0.107,0.054,0.000,0.000,0.000,4,0,0,0,0.227,0.172,0.108,0.081,0.061,0.034,11,8,6,4
0.115,0.151,0.526,2.1,0.128,0,0.2614,0.1424,0.104,0.02,0.223,0.107,0.054,0.000,0.000,0.000,4,0,0,0,0.227,0.172,0.108,0.081,0.061,0.034,11,8,6,4
0.093,0.271,0.723,0.22,0.230,0,0.2959,0.1663,0.287,0.303,0.223,0.107,0.054,0.000,0.000,0.000,4,0,0,0,0.227,0.172,0.108,0.081,0.061,0.034,11,8,6,4
0.119,0.207,0.459,1.42,0.221,0,0.3289,0.1912,0.302,-0.397,0.223,0.107,0.054,0.000,0.000,0.000,4,0,0,0,0.227,0.172,0.108,0.081,0.061,0.034,11,8,6,4
0.113,0.209,0.590,0,0.000,0,0.3440,0.2013,0.247,0.166,0.223,0.107,0.054,0.000,0.000,0.000,4,0,0,0,0.227,0.172,0.108,0.081,0.061,0.034,11,8,6,4
0.136,0.211,0.351,0,0.000,0,0.3585,0.2139,0.311,0.166,0.223,0.107,0.054,0.000,0.000,0.000,4,0,0,0,0.227,0.172,0.108,0.081,0.061,0.034,11,8,6,4
0.154,0.275,0.499,0.2,0.291,1,0.3747,0.2312,0.457,0.180,0.223,0.107,0.054,0.000,0.000,0.000,4,0,0,0,0.227,0.172,0.108,0.081,0.061,0.034,11,8,6,4
0.185,0.191,0.646,-0.48,0.134,0,0.3903,0.2504,0.376,0.007,0.223,0.107,0.054,0.000,0.000,0.000,4,0,0,0,0.227,0.172,0.108,0.081,0.061,0.034,11,8,6,4
0.216,0.153,0.659,-0.52,0.062,0,0.3952,0.2649,0.320,0.341,0.223,0.107,0.054,0.000,0.000,0.000,4,0,0,0,0.227,0.172,0.108,0.081,0.061,0.034,11,8,6,4
0.212,0.120,0.545,2.53,0.140,0,0.3948,0.2762,0.363,-0.121,0.223,0.107,0.054,0.000,0.000,0.000,4,0,0,0,0.227,0.172,0.108,0.081,0.061,0.034,11,8,6,4
0.210,0.129,0.627,1.42,0.221,0,0.4014,0.2927,0.334,-0.397,0.223,0.107,0.054,0.000,0.000,0.000,4,0,0,0,0.227,0.172,0.108,0.081,0.061,0.034,11,8,6,4
0.173,0.099,0.583,-1.14,0.131,0,0.4081,0.3112,0.320,0.987,0.223,0.107,0.054,0.000,0.000,0.000,4,0,0,0,0.227,0.172,0.108,0.081,0.061,0.034,11,8,6,4
0.163,0.073,0.458,-0.79,0.151,-1,0.4101,0.3252,0.443,0.736,0.223,0.107,0.054,0.000,0.000,0.000,4,0,0,0,0.227,0.172,0.108,0.081,0.061,0.034,11,8,6,4
0.137,0.096,0.639,-1.19,0.219,1,0.4041,0.3306,0.483,0.586,0.223,0.107,0.054,0.000,0.000,0.000,4,0,0,0,0.227,0.172,0.108,0.081,0.061,0.034,11,8,6,4
0.131,0.047,0.461,-0.08,0.108,0,0.3855,0.3246,0.388,0.059,0.223,0.107,0.054,0.000,0.000,0.000,4,0,0,0,0.227,0.172,0.108,0.081,0.061,0.034,11,8,6,4
0.123,0.032,0.479,1.99,0.186,0,0.3651,0.3159,0.214,-0.326,0.223,0.107,0.054,0.000,0.000,0.000,4,0,0,0,0.227,0.172,0.108,0.081,0.061,0.034,11,8,6,4
0.123,0.031,0.414,-1.1,0.105,-1,0.3443,0.3044,0.345,0.192,0.223,0.107,0.054,0.000,0.000,0.000,4,0,0,0,0.227,0.172,0.108,0.081,0.061,0.034,11,8,6,4
0.121,0.050,0.432,-1.19,0.219,1,0.3252,0.2944,0.415,0.586,0.223,0.107,0.054,0.000,0.000,0.000,4,0,0,0,0.227,0.172,0.108,0.081,0.061,0.034,11,8,6,4
0.118,0.040,0.118,0.85,0.046,0,0.3045,0.2819,0.340,0.06,0.223,0.107,0.054,0.000,0.000,0.000,4,0,0,0,0.227,0.172,0.108,0.081,0.061,0.034,11,8,6,4
0.139,0.036,0.060,0.85,0.046,0,0.2789,0.2656,0.131,0.06,0.223,0.107,0.054,0.000,0.000,0.000,4,0,0,0,0.227,0.172,0.108,0.081,0.061,0.034,11,8,6,4
0.139,0.035,0.027,1.99,0.186,0,0.2600,0.2534,0.140,-0.326,0.223,0.107,0.054,0.000,0.000,0.000,4,0,0,0,0.227,0.172,0.108,0.081,0.061,0.034,11,8,6,4
0.109,0.035,0.005,-0.79,0.151,-1,0.2392,0.2401,0.371,0.736,0.223,0.107,0.054,0.000,0.000,0.000,4,0,0,0,0.227,0.172,0.108,0.081,0.061,0.034,11,8,6,4
0.119,0.047,0.007,-0.42,0.180,0,0.2027,0.2094,0.413,0.318,0.223,0.107,0.054,0.000,0.000,0.000,4,0,0,0,0.227,0.172,0.108,0.081,0.061,0.034,11,8,6,4
0.143,0.067,0.149,1.37,0.298,0,0.1638,0.1773,0.243,-0.510,0.223,0.107,0.054,0.000,0.000,0.000,4,0,0,0,0.227,0.172,0.108,0.081,0.061,0.034,11,8,6,4
0.112,0.035,0.014,1.99,0.186,0,0.1310,0.1494,0.269,-0.326,0.223,0.107,0.054,0.000,0.000,0.000,4,0,0,0,0.227,0.172,0.108,0.081,0.061,0.034,11,8,6,4
0.105,0.085,0.253,-1.1,0.105,-1,0.1084,0.1305,0.567,0.192,0.223,0.107,0.054,0.000,0.000,0.000,4,0,0,0,0.227,0.172,0.108,0.081,0.061,0.034,11,8,6,4
0.103,0.089,0.263,0,0.000,0,0.0936,0.1189,0.449,0.166,0.223,0.107,0.054,0.000,0.000,0.000,4,0,0,0,0.227,0.172,0.108,0.081,0.061,0.034,11,8,6,4
0.107,0.146,0.215,0,0.000,0,0.0702,0.1002,0.512,0.166,0.223,0.107,0.054,0.000,0.000,0.000,4,0,0,0,0.227,0.172,0.108,0.081,0.061,0.034,11,8,6,4
0.069,0.158,0.446,1.69,0.290,0,0.0641,0.0933,0.231,-0.697,0.223,0.107,0.054,0.000,0.000,0.000,4,0,0,0,0.227,0.172,0.108,0.081,0.061,0.034,11,8,6,4
0.058,0.198,0.477,-1.19,0.219,1,0.0777,0.1048,0.439,0.586,0.223,0.107,0.054,0.000,0.000,0.000,4,0,0,0,0.227,0.172,0.108,0.081,0.061,0.034,11,8,6,4
0.059,0.088,0.167,2.53,0.140,0,0.1135,0.1353,0.114,-0.121,0.223,0.107,0.054,0.000,0.000,0.000,4,0,0,0,0.227,0.172,0.108,0.081,0.061,0.034,11,8,6,4
0.074,0.167,0.074,-0.79,0.151,-1,0.1389,0.1571,0.340,0.736,0.223,0.107,0.054,0.000,0.000,0.000,4,0,0,0,0.227,0.172,0.108,0.081,0.061,0.034,11,8,6,4
0.093,0.188,0.128,-0.52,0.062,0,0.1520,0.1691,0.173,0.341,0.223,0.107,0.054,0.000,0.000,0.000,4,0,0,0,0.227,0.172,0.108,0.081,0.061,0.034,11,8,6,4
0.097,0.144,0.005,3.14,0.186,0,0.1619,0.1776,0.077,-0.486,0.223,0.107,0.054,0.000,0.000,0.000,4,0,0,0,0.227,0.172,0.108,0.081,0.061,0.034,11,8,6,4
0.114,0.127,0.007,3.14,0.186,0,0.1730,0.1845,0.109,-0.486,0.223,0.107,0.054,0.000,0.000,0.000,4,0,0,0,0.227,0.172,0.108,0.081,0.061,0.034,11,8,6,4
0.109,0.214,0.205,1.37,0.298,0,0.1897,0.1957,0.200,-0.510,0.223,0.107,0.054,0.000,0.000,0.000,4,0,0,0,0.227,0.172,0.108,0.081,0.061,0.034,11,8,6,4
0.114,0.172,0.282,-0.42,0.180,0,0.1950,0.1950,0.194,0.318,0.223,0.107,0.054,0.000,0.000,0.000,4,0,0,0,0.227,0.172,0.108,0.081,0.061,0.034,11,8,6,4
0.077,0.117,0.271,2.53,0.140,0,0.1902,0.1867,0.099,-0.121,0.223,0.107,0.054,0.000,0.000,0.000,4,0,0,0,0.227,0.172,0.108,0.081,0.061,0.034,11,8,6,4
0.076,0.112,0.391,-0.79,0.151,-1,0.1846,0.1772,0.404,0.736,0.223,0.107,0.054,0.000,0.000,0.000,4,0,0,0,0.227,0.172,0.108,0.081,0.061,0.034,11,8,6,4
0.089,0.232,0.562,-0.48,0.134,0,0.1867,0.1739,0.429,0.007,0.223,0.107,0.054,0.000,0.000,0.000,4,0,0,0,0.227,0.172,0.108,0.081,0.061,0.034,11,8,6,4
0.074,0.196,0.495,0,0.000,0,0.1940,0.1722,0.363,0.166,0.223,0.107,0.054,0.000,0.000,0.000,4,0,0,0,0.227,0.172,0.108,0.081,0.061,0.034,11,8,6,4
0.073,0.252,0.686,-1.19,0.219,1,0.2110,0.1794,0.565,0.586,0.223,0.107,0.054,0.000,0.000,0.000,4,0,0,0,0.227,0.172,0.108,0.081,0.061,0.034,11,8,6,4
0.096,0.209,0.519,0,0.000,0,0.2462,0.1990,0.424,0.166,0.223,0.107,0.054,0.000,0.000,0.000,4,0,0,0,0.227,0.172,0.108,0.081,0.061,0.034,11,8,6,4
0.073,0.156,0.517,0.85,0.046,0,0.2904,0.2290,0.237,0.06,0.223,0.107,0.054,0.000,0.000,0.000,4,0,0,0,0.227,0.172,0.108,0.081,0.061,0.034,11,8,6,4
0.061,0.159,0.653,1.42,0.221,0,0.3429,0.2671,0.257,-0.397,0.223,0.107,0.054,0.000,0.000,0.000,4,0,0,0,0.227,0.172,0.108,0.081,0.061,0.034,11,8,6,4
0.050,0.169,0.606,-1.14,0.131,0,0.3822,0.2948,0.375,0.987,0.223,0.107,0.054,0.000,0.000,0.000,4,0,0,0,0.227,0.172,0.108,0.081,0.061,0.034,11,8,6,4
0.055,0.095,0.497,0.85,0.046,0,0.4147,0.3148,0.394,0.06,0.223,0.107,0.054,0.000,0.000,0.000,4,0,0,0,0.227,0.172,0.108,0.081,0.061,0.034,11,8,6,4
0.055,0.122,0.671,1.76,0.409,0,0.4328,0.3238,0.167,-0.884,0.223,0.107,0.054,0.000,0.000,0.000,4,0,0,0,0.227,0.172,0.108,0.081,0.061,0.034,11,8,6,4
0.055,0.045,0.500,0.85,0.046,0,0.4398,0.3263,0.138,0.06,0.223,0.107,0.054,0.000,0.000,0.000,4,0,0,0,0.227,0.172,0.108,0.081,0.061,0.034,11,8,6,4
0.069,0.048,0.467,-1.1,0.105,-1,0.4224,0.3112,0.468,0.192,0.223,0.107,0.054,0.000,0.000,0.000,4,0,0,0,0.227,0.172,0.108,0.081,0.061,0.034,11,8,6,4
0.082,0.070,0.711,0.2,0.291,1,0.3792,0.2787,0.448,0.180,0.223,0.107,0.054,0.000,0.000,0.000,4,0,0,0,0.227,0.172,0.108,0.081,0.061,0.034,11,8,6,4
0.065,0.035,0.425,1.99,0.186,0,0.3151,0.2314,0.162,-0.326,0.223,0.107,0.054,0.000,0.000,0.000,4,0,0,0,0.227,0.172,0.108,0.081,0.061,0.034,11,8,6,4
0.046,0.044,0.357,-0.52,0.062,0,0.2550,0.1880,0.246,0.341,0.223,0.107,0.054,0.000,0.000,0.000,4,0,0,0,0.227,0.172,0.108,0.081,0.061,0.034,11,8,6,4
0.045,0.037,0.165,-0.79,0.151,-1,0.2153,0.1605,0.517,0.736,0.223,0.107,0.054,0.000,0.000,0.000,4,0,0,0,0.227,0.172,0.108,0.081,0.061,0.034,11,8,6,4
0.036,0.030,0.109,-0.79,0.151,-1,0.1922,0.1458,0.542,0.736,0.223,0.107,0.054,0.000,0.000,0.000,4,0,0,0,0.227,0.172,0.108,0.081,0.061,0.034,11,8,6,4
0.044,0.031,0.120,-0.79,0.151,-1,0.1744,0.1364,0.174,0.736,0.223,0.107,0.054,0.000,0.000,0.000,4,0,0,0,0.227,0.172,0.108,0.081,0.061,0.034,11,8,6,4
0.044,0.022,0.003,3.14,0.186,0,0.1755,0.1430,0.068,-0.486,0.223,0.107,0.054,0.000,0.000,0.000,4,0,0,0,0.227,0.172,0.108,0.081,0.061,0.034,11,8,6,4
0.044,0.045,0.081,-0.42,0.180,0,0.1899,0.1576,0.420,0.318,0.223,0.107,0.054,0.000,0.000,0.000,4,0,0,0,0.227,0.172,0.108,0.081,0.061,0.034,11,8,6,4
0.062,0.034,0.005,0.85,0.046,0,0.2044,0.1708,0.276,0.06,0.223,0.107,0.054,0.000,0.000,0.000,4,0,0,0,0.227,0.172,0.108,0.081,0.061,0.034,11,8,6,4
0.059,0.037,0.003,2.53,0.140,0,0.2170,0.1778,0.065,-0.121,0.223,0.107,0.054,0.000,0.000,0.000,4,0,0,0,0.227,0.172,0.108,0.081,0.061,0.034,11,8,6,4
0.062,0.038,0.002,0.85,0.046,0,0.2262,0.1795,0.072,0.06,0.223,0.107,0.054,0.000,0.000,0.000,4,0,0,0,0.227,0.172,0.108,0.081,0.061,0.034,11,8,6,4
0.060,0.050,0.074,-0.79,0.151,-1,0.2160,0.1698,0.443,0.736,0.223,0.107,0.054,0.000,0.000,0.000,4,0,0,0,0.227,0.172,0.108,0.081,0.061,0.034,11,8,6,4
0.041,0.093,0.377,1.37,0.298,0,0.1928,0.1536,0.286,-0.510,0.223,0.107,0.054,0.000,0.000,0.000,4,0,0,0,0.227,0.172,0.108,0.081,0.061,0.034,11,8,6,4
0.049,0.061,0.058,2.53,0.140,0,0.1586,0.1364,0.094,-0.121,0.223,0.107,0.054,0.000,0.000,0.000,4,0,0,0,0.227,0.172,0.108,0.081,0.061,0.034,11,8,6,4
0.054,0.083,0.421,1.69,0.290,0,0.1284,0.1347,0.174,-0.697,0.223,0.107,0.054,0.000,0.000,0.000,4,0,0,0,0.227,0.172,0.108,0.081,0.061,0.034,11,8,6,4
0.063,0.093,0.236,-1.19,0.219,1,0.0957,0.1416,0.514,0.586,0.223,0.107,0.054,0.000,0.000,0.000,4,0,0,0,0.227,0.172,0.108,0.081,0.061,0.034,11,8,6,4
0.076,0.095,0.357,-0.42,0.180,0,0.0720,0.1689,0.400,0.318,0.223,0.107,0.054,0.000,0.000,0.000,4,0,0,0,0.227,0.172,0.108,0.081,0.061,0.034,11,8,6,4
0.075,0.080,0.029,0.85,0.046,0,0.0546,0.2127,0.159,0.06,0.223,0.107,0.054,0.000,0.000,0.000,4,0,0,0,0.227,0.172,0.108,0.081,0.061,0.034,11,8,6,4
0.074,0.109,0.302,-0.08,0.108,0,0.0441,0.2723,0.329,0.059,0.223,0.107,0.054,0.000,0.000,0.000,4,0,0,0,0.227,0.172,0.108,0.081,0.061,0.034,11,8,6,4
0.070,0.098,0.249,-1.1,0.105,-1,0.0407,0.3456,0.459,0.192,0.223,0.107,0.054,0.000,0.000,0.000,4,0,0,0,0.227,0.172,0.108,0.081,0.061,0.034,11,8,6,4
0.066,0.110,0.257,0.85,0.046,0,0.0437,0.4291,0.422,0.06,0.223,0.107,0.054,0.000,0.000,0.000,4,0,0,0,0.227,0.172,0.108,0.081,0.061,0.034,11,8,6,4
0.061,0.101,0.359,0.85,0.046,0,0.0514,0.5178,0.268,0.06,0.223,0.107,0.054,0.000,0.000,0.000,4,0,0,0,0.227,0.172,0.108,0.081,0.061,0.034,11,8,6,4
0.079,0.194,0.395,1.76,0.409,0,0.0615,0.6054,0.373,-0.884,0.223,0.107,0.054,0.000,0.000,0.000,4,0,0,0,0.227,0.172,0.108,0.081,0.061,0.034,11,8,6,4
0.092,0.118,0.553,-1.19,0.219,1,0.0709,0.6844,0.631,0.586,0.223,0.107,0.054,0.000,0.000,0.000,4,0,0,0,0.227,0.172,0.108,0.081,0.061,0.034,11,8,6,4
0.086,0.169,0.474,1.37,0.298,0,0.0755,0.7455,0.659,-0.510,0.223,0.107,0.054,0.000,0.000,0.000,4,0,0,0,0.227,0.172,0.108,0.081,0.061,0.034,11,8,6,4
