0.138,0.043,0.394,1.42,0.221,0,0.1860,0.6738,0.493,-0.397,0.199,0.115,0.045,0.023,0.003,0.000,15,8,2,0,0.203,0.125,0.086,0.033,0.008,0.000,25,8,3,0
0.145,0.057,0.374,-0.79,0.151,-1,0.2520,0.6729,0.357,0.736,0.199,0.115,0.045,0.023,0.003,0.000,15,8,2,0,0.203,0.125,0.086,0.033,0.008,0.000,25,8,3,0
0.137,0.075,0.567,0.85,0.046,0,0.2798,0.6190,0.151,0.06,0.199,0.115,0.045,0.023,0.003,0.000,15,8,2,0,0.203,0.125,0.086,0.033,0.008,0.000,25,8,3,0
0.138,0.075,0.534,1.99,0.186,0,0.2793,0.5334,0.080,-0.326,0.199,0.115,0.045,0.023,0.003,0.000,15,8,2,0,0.203,0.125,0.086,0.033,0.008,0.000,25,8,3,0
0.147,0.076,0.486,1.42,0.221,0,0.2593,0.4328,0.170,-0.397,0.199,0.115,0.045,0.023,0.003,0.000,15,8,2,0,0.203,0.125,0.086,0.033,0.008,0.000,25,8,3,0
0.150,0.085,0.511,0.85,0.046,0,0.2271,0.3300,0.277,0.06,0.199,0.115,0.045,0.023,0.003,0.000,15,8,2,0,0.203,0.125,0.086,0.033,0.008,0.000,25,8,3,0
0.150,0.266,0.765,0.2,0.291,1,0.1889,0.2344,0.244,0.180,0.199,0.115,0.045,0.023,0.003,0.000,15,8,2,0,0.203,0.125,0.086,0.033,0.008,0.000,25,8,3,0
0.156,0.226,0.653,0,0.000,0,0.1496,0.1524,0.182,0.166,0.199,0.115,0.045,0.023,0.003,0.000,15,8,2,0,0.203,0.125,0.086,0.033,0.008,0.000,25,8,3,0
0.156,0.213,0.430,0.85,0.046,0,0.1133,0.0873,0.189,0.06,0.199,0.115,0.045,0.023,0.003,0.000,15,8,2,0,0.203,0.125,0.086,0.033,0.008,0.000,25,8,3,0
0.155,0.264,0.272,1.99,0.186,0,0.0825,0.0406,0.148,-0.326,0.199,0.115,0.045,0.023,0.003,0.000,15,8,2,0,0.203,0.125,0.086,0.033,0.008,0.000,25,8,3,0
0.159,0.396,0.552,-0.08,0.108,0,0.0589,0.0095,0.236,0.059,0.199,0.115,0.045,0.023,0.003,0.000,15,8,2,0,0.203,0.125,0.086,0.033,0.008,0.000,25,8,3,0
0.157,0.337,0.441,0,0.000,0,0.0485,-0.0016,0.099,0.166,0.199,0.115,0.045,0.023,0.003,0.000,15,8,2,0,0.203,0.125,0.086,0.033,0.008,0.000,25,8,3,0
0.189,0.194,0.177,-1.14,0.131,0,0.0352,-0.0063,0.132,0.987,0.199,0.115,0.045,0.023,0.003,0.000,15,8,2,0,0.203,0.125,0.086,0.033,0.008,0.000,25,8,3,0
0.188,0.143,0.006,1.99,0.186,0,0.0368,0.0030,0.048,-0.326,0.199,0.115,0.045,0.023,0.003,0.000,15,8,2,0,0.203,0.125,0.086,0.033,0.008,0.000,25,8,3,0
0.197,0.207,0.362,0.2,0.291,1,0.0363,0.0104,0.113,0.180,0.199,0.115,0.045,0.023,0.003,0.000,15,8,2,0,0.203,0.125,0.086,0.033,0.008,0.000,25,8,3,0
0.203,0.087,0.008,0.85,0.046,0,0.0361,0.0135,0.027,0.06,0.199,0.115,0.045,0.023,0.003,0.000,15,8,2,0,0.203,0.125,0.086,0.033,0.008,0.000,25,8,3,0
0.203,0.061,0.009,1.99,0.186,0,0.0355,0.0140,0.023,-0.326,0.199,0.115,0.045,0.023,0.003,0.000,15,8,2,0,0.203,0.125,0.086,0.033,0.008,0.000,25,8,3,0
0.197,0.049,0.027,2.1,0.128,0,0.0383,0.0148,0.030,0.02,0.199,0.115,0.045,0.023,0.003,0.000,15,8,2,0,0.203,0.125,0.086,0.033,0.008,0.000,25,8,3,0
0.194,0.033,0.037,1.99,0.186,0,0.0438,0.0174,0.041,-0.326,0.199,0.115,0.045,0.023,0.003,0.000,15,8,2,0,0.203,0.125,0.086,0.033,0.008,0.000,25,8,3,0
0.194,0.027,0.034,1.99,0.186,0,0.0510,0.0199,0.026,-0.326,0.199,0.115,0.045,0.023,0.003,0.000,15,8,2,0,0.203,0.125,0.086,0.033,0.008,0.000,25,8,3,0
0.187,0.032,0.015,0,0.000,0,0.0514,0.0212,0.037,0.166,0.199,0.115,0.045,0.023,0.003,0.000,15,8,2,0,0.203,0.125,0.086,0.033,0.008,0.000,25,8,3,0
0.205,0.035,0.158,2.1,0.128,0,0.0456,0.0189,0.025,0.02,0.199,0.115,0.045,0.023,0.003,0.000,15,8,2,0,0.203,0.125,0.086,0.033,0.008,0.000,25,8,3,0
0.193,0.028,0.007,1.99,0.186,0,0.0378,0.0150,0.044,-0.326,0.199,0.115,0.045,0.023,0.003,0.000,15,8,2,0,0.203,0.125,0.086,0.033,0.008,0.000,25,8,3,0
0.197,0.025,0.079,1.99,0.186,0,0.0395,0.0171,0.047,-0.326,0.199,0.115,0.045,0.023,0.003,0.000,15,8,2,0,0.203,0.125,0.086,0.033,0.008,0.000,25,8,3,0
0.193,0.039,0.107,-0.52,0.062,0,0.0392,0.0187,0.084,0.341,0.199,0.115,0.045,0.023,0.003,0.000,15,8,2,0,0.203,0.125,0.086,0.033,0.008,0.000,25,8,3,0
0.226,0.079,0.173,0.22,0.230,0,0.0380,0.0202,0.112,0.303,0.199,0.115,0.045,0.023,0.003,0.000,15,8,2,0,0.203,0.125,0.086,0.033,0.008,0.000,25,8,3,0
0.189,0.078,0.011,0.85,0.046,0,0.0350,0.0183,0.132,0.06,0.199,0.115,0.045,0.023,0.003,0.000,15,8,2,0,0.203,0.125,0.086,0.033,0.008,0.000,25,8,3,0
0.183,0.075,0.055,0.85,0.046,0,0.0386,0.0191,0.203,0.06,0.199,0.115,0.045,0.023,0.003,0.000,15,8,2,0,0.203,0.125,0.086,0.033,0.008,0.000,25,8,3,0
0.181,0.117,0.018,0.85,0.046,0,0.0573,0.0303,0.281,0.06,0.199,0.115,0.045,0.023,0.003,0.000,15,8,2,0,0.203,0.125,0.086,0.033,0.008,0.000,25,8,3,0
0.175,0.122,0.024,0.85,0.046,0,0.0857,0.0454,0.178,0.06,0.199,0.115,0.045,0.023,0.003,0.000,15,8,2,0,0.203,0.125,0.086,0.033,0.008,0.000,25,8,3,0
0.176,0.140,0.032,-1.14,0.131,0,0.1268,0.0702,0.294,0.987,0.199,0.115,0.045,0.023,0.003,0.000,15,8,2,0,0.203,0.125,0.086,0.033,0.008,0.000,25,8,3,0
0.174,0.171,0.131,-0.52,0.062,0,0.1759,0.1009,0.157,0.341,0.199,0.115,0.045,0.023,0.003,0.000,15,8,2,0,0.203,0.125,0.086,0.033,0.008,0.000,25,8,3,0
0.162,0.142,0.039,-1.14,0.131,0,0.2273,0.1349,0.193,0.987,0.199,0.115,0.045,0.023,0.003,0.000,15,8,2,0,0.203,0.125,0.086,0.033,0.008,0.000,25,8,3,0
0.199,0.129,0.019,3.14,0.186,0,0.2755,0.1702,0.137,-0.486,0.199,0.115,0.045,0.023,0.003,0.000,15,8,2,0,0.203,0.125,0.086,0.033,0.008,0.000,25,8,3,0
0.191,0.116,0.034,3.14,0.186,0,0.3200,0.2055,0.078,-0.486,0.199,0.115,0.045,0.023,0.003,0.000,15,8,2,0,0.203,0.125,0.086,0.033,0.008,0.000,25,8,3,0
0.175,0.141,0.164,-1.19,0.219,1,0.3666,0.2445,0.354,0.586,0.199,0.115,0.045,0.023,0.003,0.000,15,8,2,0,0.203,0.125,0.086,0.033,0.008,0.000,25,8,3,0
0.200,0.120,0.091,1.69,0.290,0,0.4000,0.2745,0.063,-0.697,0.199,0.115,0.045,0.023,0.003,0.000,15,8,2,0,0.203,0.125,0.086,0.033,0.008,0.000,25,8,3,0
0.165,0.089,0.002,-1.14,0.131,0,0.4030,0.2809,0.231,0.987,0.199,0.115,0.045,0.023,0.003,0.000,15,8,2,0,0.203,0.125,0.086,0.033,0.008,0.000,25,8,3,0
0.163,0.148,0.032,0,0.000,0,0.3928,0.2771,0.303,0.166,0.199,0.115,0.045,0.023,0.003,0.000,15,8,2,0,0.203,0.125,0.086,0.033,0.008,0.000,25,8,3,0
0.163,0.106,0.001,-1.1,0.105,-1,0.3651,0.2584,0.355,0.192,0.199,0.115,0.045,0.023,0.003,0.000,15,8,2,0,0.203,0.125,0.086,0.033,0.008,0.000,25,8,3,0
0.162,0.090,0.018,2.53,0.140,0,0.3268,0.2302,0.209,-0.121,0.199,0.115,0.045,0.023,0.003,0.000,15,8,2,0,0.203,0.125,0.086,0.033,0.008,0.000,25,8,3,0
0.164,0.094,0.017,0.85,0.046,0,0.3029,0.2110,0.239,0.06,0.199,0.115,0.045,0.023,0.003,0.000,15,8,2,0,0.203,0.125,0.086,0.033,0.008,0.000,25,8,3,0
0.140,0.096,0.070,-1.14,0.131,0,0.2831,0.1962,0.309,0.987,0.199,0.115,0.045,0.023,0.003,0.000,15,8,2,0,0.203,0.125,0.086,0.033,0.008,0.000,25,8,3,0
0.146,0.118,0.373,-1.19,0.219,1,0.2652,0.1836,0.466,0.586,0.199,0.115,0.045,0.023,0.003,0.000,15,8,2,0,0.203,0.125,0.086,0.033,0.008,0.000,25,8,3,0
0.127,0.095,0.173,-0.08,0.108,0,0.2410,0.1649,0.359,0.059,0.199,0.115,0.045,0.023,0.003,0.000,15,8,2,0,0.203,0.125,0.086,0.033,0.008,0.000,25,8,3,0
0.124,0.087,0.141,-1.1,0.105,-1,0.2183,0.1481,0.306,0.192,0.199,0.115,0.045,0.023,0.003,0.000,15,8,2,0,0.203,0.125,0.086,0.033,0.008,0.000,25,8,3,0
0.082,0.105,0.383,-1.19,0.219,1,0.2103,0.1458,0.359,0.586,0.199,0.115,0.045,0.023,0.003,0.000,15,8,2,0,0.203,0.125,0.086,0.033,0.008,0.000,25,8,3,0
0.089,0.093,0.077,-0.79,0.151,-1,0.2013,0.1427,0.385,0.736,0.199,0.115,0.045,0.023,0.003,0.000,15,8,2,0,0.203,0.125,0.086,0.033,0.008,0.000,25,8,3,0
0.095,0.076,0.091,1.99,0.186,0,0.1998,0.1472,0.072,-0.326,0.199,0.115,0.045,0.023,0.003,0.000,15,8,2,0,0.203,0.125,0.086,0.033,0.008,0.000,25,8,3,0
0.096,0.104,0.014,0.85,0.046,0,0.1997,0.1514,0.039,0.06,0.199,0.115,0.045,0.023,0.003,0.000,15,8,2,0,0.203,0.125,0.086,0.033,0.008,0.000,25,8,3,0
0.095,0.062,0.097,2.53,0.140,0,0.1973,0.1527,0.101,-0.121,0.199,0.115,0.045,0.023,0.003,0.000,15,8,2,0,0.203,0.125,0.086,0.033,0.008,0.000,25,8,3,0
0.118,0.084,0.051,-0.42,0.180,0,0.1835,0.1460,0.198,0.318,0.199,0.115,0.045,0.023,0.003,0.000,15,8,2,0,0.203,0.125,0.086,0.033,0.008,0.000,25,8,3,0
0.096,0.155,0.415,1.37,0.298,0,0.1667,0.1366,0.052,-0.510,0.199,0.115,0.045,0.023,0.003,0.000,15,8,2,0,0.203,0.125,0.086,0.033,0.008,0.000,25,8,3,0
0.106,0.121,0.002,1.99,0.186,0,0.1579,0.1316,0.034,-0.326,0.199,0.115,0.045,0.023,0.003,0.000,15,8,2,0,0.203,0.125,0.086,0.033,0.008,0.000,25,8,3,0
0.087,0.173,0.222,-0.48,0.134,0,0.1457,0.1233,0.127,0.007,0.199,0.115,0.045,0.023,0.003,0.000,15,8,2,0,0.203,0.125,0.086,0.033,0.008,0.000,25,8,3,0
0.077,0.166,0.453,-0.08,0.108,0,0.1198,0.1040,0.128,0.059,0.199,0.115,0.045,0.023,0.003,0.000,15,8,2,0,0.203,0.125,0.086,0.033,0.008,0.000,25,8,3,0
0.080,0.168,0.301,1.69,0.290,0,0.0941,0.0846,0.082,-0.697,0.199,0.115,0.045,0.023,0.003,0.000,15,8,2,0,0.203,0.125,0.086,0.033,0.008,0.000,25,8,3,0
0.052,0.216,0.274,1.37,0.298,0,0.0647,0.0611,0.149,-0.510,0.199,0.115,0.045,0.023,0.003,0.000,15,8,2,0,0.203,0.125,0.086,0.033,0.008,0.000,25,8,3,0
0.065,0.168,0.334,0,0.000,0,0.0403,0.0411,0.198,0.166,0.199,0.115,0.045,0.023,0.003,0.000,15,8,2,0,0.203,0.125,0.086,0.033,0.008,0.000,25,8,3,0
0.065,0.157,0.172,2.1,0.128,0,0.0300,0.0321,0.088,0.02,0.199,0.115,0.045,0.023,0.003,0.000,15,8,2,0,0.203,0.125,0.086,0.033,0.008,0.000,25,8,3,0
0.081,0.142,0.176,-1.14,0.131,0,0.0227,0.0274,0.214,0.987,0.199,0.115,0.045,0.023,0.003,0.000,15,8,2,0,0.203,0.125,0.086,0.033,0.008,0.000,25,8,3,0
0.077,0.186,0.563,-1.19,0.219,1,0.0287,0.0332,0.364,0.586,0.199,0.115,0.045,0.023,0.003,0.000,15,8,2,0,0.203,0.125,0.086,0.033,0.008,0.000,25,8,3,0
0.076,0.130,0.442,-0.79,0.151,-1,0.0383,0.0391,0.346,0.736,0.199,0.115,0.045,0.023,0.003,0.000,15,8,2,0,0.203,0.125,0.086,0.033,0.008,0.000,25,8,3,0
0.085,0.176,0.498,-0.52,0.062,0,0.0504,0.0465,0.171,0.341,0.199,0.115,0.045,0.023,0.003,0.000,15,8,2,0,0.203,0.125,0.086,0.033,0.008,0.000,25,8,3,0
0.107,0.093,0.654,2.1,0.128,0,0.0717,0.0634,0.060,0.02,0.199,0.115,0.045,0.023,0.003,0.000,15,8,2,0,0.203,0.125,0.086,0.033,0.008,0.000,25,8,3,0
0.155,0.114,0.655,-0.48,0.134,0,0.0882,0.0779,0.116,0.007,0.199,0.115,0.045,0.023,0.003,0.000,15,8,2,0,0.203,0.125,0.086,0.033,0.008,0.000,25,8,3,0
0.169,0.094,0.531,1.99,0.186,0,0.1025,0.0934,0.051,-0.326,0.199,0.115,0.045,0.023,0.003,0.000,15,8,2,0,0.203,0.125,0.086,0.033,0.008,0.000,25,8,3,0
0.197,0.144,0.333,1.69,0.290,0,0.1078,0.1006,0.105,-0.697,0.199,0.115,0.045,0.023,0.003,0.000,15,8,2,0,0.203,0.125,0.086,0.033,0.008,0.000,25,8,3,0
0.262,0.188,0.306,2.53,0.140,0,0.1106,0.1071,0.085,-0.121,0.199,0.115,0.045,0.023,0.003,0.000,15,8,2,0,0.203,0.125,0.086,0.033,0.008,0.000,25,8,3,0
0.218,0.227,0.194,1.99,0.186,0,0.1055,0.1073,0.045,-0.326,0.199,0.115,0.045,0.023,0.003,0.000,15,8,2,0,0.203,0.125,0.086,0.033,0.008,0.000,25,8,3,0
0.178,0.317,0.172,-1.19,0.219,1,0.0985,0.1080,0.270,0.586,0.199,0.115,0.045,0.023,0.003,0.000,15,8,2,0,0.203,0.125,0.086,0.033,0.008,0.000,25,8,3,0
0.189,0.246,0.071,-1.1,0.105,-1,0.0888,0.1065,0.287,0.192,0.199,0.115,0.045,0.023,0.003,0.000,15,8,2,0,0.203,0.125,0.086,0.033,0.008,0.000,25,8,3,0
0.154,0.286,0.216,-0.08,0.108,0,0.0752,0.1001,0.117,0.059,0.199,0.115,0.045,0.023,0.003,0.000,15,8,2,0,0.203,0.125,0.086,0.033,0.008,0.000,25,8,3,0
0.179,0.249,0.006,1.99,0.186,0,0.0670,0.0960,0.077,-0.326,0.199,0.115,0.045,0.023,0.003,0.000,15,8,2,0,0.203,0.125,0.086,0.033,0.008,0.000,25,8,3,0
0.166,0.322,0.464,-1.19,0.219,1,0.0647,0.0977,0.435,0.586,0.199,0.115,0.045,0.023,0.003,0.000,15,8,2,0,0.203,0.125,0.086,0.033,0.008,0.000,25,8,3,0
0.154,0.327,0.121,-1.19,0.219,1,0.0903,0.1201,0.350,0.586,0.199,0.115,0.045,0.023,0.003,0.000,15,8,2,0,0.203,0.125,0.086,0.033,0.008,0.000,25,8,3,0
0.183,0.264,0.077,1.42,0.221,0,0.1316,0.1539,0.049,-0.397,0.199,0.115,0.045,0.023,0.003,0.000,15,8,2,0,0.203,0.125,0.086,0.033,0.008,0.000,25,8,3,0
0.177,0.321,0.472,-0.42,0.180,0,0.1777,0.1929,0.220,0.318,0.199,0.115,0.045,0.023,0.003,0.000,15,8,2,0,0.203,0.125,0.086,0.033,0.008,0.000,25,8,3,0
0.210,0.259,0.503,-1.19,0.219,1,0.2222,0.2328,0.486,0.586,0.199,0.115,0.045,0.023,0.003,0.000,15,8,2,0,0.203,0.125,0.086,0.033,0.008,0.000,25,8,3,0
0.203,0.255,0.229,1.69,0.290,0,0.2649,0.2717,0.114,-0.697,0.199,0.115,0.045,0.023,0.003,0.000,15,8,2,0,0.203,0.125,0.086,0.033,0.008,0.000,25,8,3,0
0.198,0.191,0.108,1.69,0.290,0,0.3025,0.3040,0.092,-0.697,0.199,0.115,0.045,0.023,0.003,0.000,15,8,2,0,0.203,0.125,0.086,0.033,0.008,0.000,25,8,3,0
0.138,0.199,0.250,0,0.000,0,0.3335,0.3296,0.328,0.166,0.199,0.115,0.045,0.023,0.003,0.000,15,8,2,0,0.203,0.125,0.086,0.033,0.008,0.000,25,8,3,0
0.137,0.206,0.217,1.99,0.186,0,0.3485,0.3440,0.107,-0.326,0.199,0.115,0.045,0.023,0.003,0.000,15,8,2,0,0.203,0.125,0.086,0.033,0.008,0.000,25,8,3,0
0.140,0.172,0.403,-1.14,0.131,0,0.3522,0.3513,0.195,0.987,0.199,0.115,0.045,0.023,0.003,0.000,15,8,2,0,0.203,0.125,0.086,0.033,0.008,0.000,25,8,3,0
0.115,0.235,0.469,-0.42,0.180,0,0.3584,0.3612,0.313,0.318,0.199,0.115,0.045,0.023,0.003,0.000,15,8,2,0,0.203,0.125,0.086,0.033,0.008,0.000,25,8,3,0
0.088,0.243,0.646,-0.08,0.108,0,0.3531,0.3632,0.333,0.059,0.199,0.115,0.045,0.023,0.003,0.000,15,8,2,0,0.203,0.125,0.086,0.033,0.008,0.000,25,8,3,0
0.073,0.252,0.482,0,0.000,0,0.3540,0.3703,0.266,0.166,0.199,0.115,0.045,0.023,0.003,0.000,15,8,2,0,0.203,0.125,0.086,0.033,0.008,0.000,25,8,3,0
0.073,0.175,0.290,-1.1,0.105,-1,0.3605,0.3801,0.361,0.192,0.199,0.115,0.045,0.023,0.003,0.000,15,8,2,0,0.203,0.125,0.086,0.033,0.008,0.000,25,8,3,0
0.094,0.147,0.329,1.99,0.186,0,0.3894,0.4053,0.153,-0.326,0.199,0.115,0.045,0.023,0.003,0.000,15,8,2,0,0.203,0.125,0.086,0.033,0.008,0.000,25,8,3,0
0.072,0.182,0.371,-1.1,0.105,-1,0.4366,0.4411,0.289,0.192,0.199,0.115,0.045,0.023,0.003,0.000,15,8,2,0,0.203,0.125,0.086,0.033,0.008,0.000,25,8,3,0
0.092,0.225,0.196,-0.42,0.180,0,0.4834,0.4746,0.384,0.318,0.199,0.115,0.045,0.023,0.003,0.000,15,8,2,0,0.203,0.125,0.086,0.033,0.008,0.000,25,8,3,0
0.115,0.249,0.280,-0.48,0.134,0,0.5258,0.5017,0.311,0.007,0.199,0.115,0.045,0.023,0.003,0.000,15,8,2,0,0.203,0.125,0.086,0.033,0.008,0.000,25,8,3,0
0.115,0.211,0.555,-0.08,0.108,0,0.5514,0.5176,0.156,0.059,0.199,0.115,0.045,0.023,0.003,0.000,15,8,2,0,0.203,0.125,0.086,0.033,0.008,0.000,25,8,3,0
0.098,0.158,0.124,3.14,0.186,0,0.5812,0.5366,0.097,-0.486,0.199,0.115,0.045,0.023,0.003,0.000,15,8,2,0,0.203,0.125,0.086,0.033,0.008,0.000,25,8,3,0
0.098,0.159,0.002,-0.79,0.151,-1,0.6043,0.5499,0.317,0.736,0.199,0.115,0.045,0.023,0.003,0.000,15,8,2,0,0.203,0.125,0.086,0.033,0.008,0.000,25,8,3,0
0.097,0.204,0.055,-0.08,0.108,0,0.6116,0.5529,0.183,0.059,0.199,0.115,0.045,0.023,0.003,0.000,15,8,2,0,0.203,0.125,0.086,0.033,0.008,0.000,25,8,3,0
0.102,0.241,0.049,1.42,0.221,0,0.5948,0.5428,0.088,-0.397,0.199,0.115,0.045,0.023,0.003,0.000,15,8,2,0,0.203,0.125,0.086,0.033,0.008,0.000,25,8,3,0
0.100,0.437,0.390,0.2,0.291,1,0.5572,0.5223,0.304,0.180,0.199,0.115,0.045,0.023,0.003,0.000,15,8,2,0,0.203,0.125,0.086,0.033,0.008,0.000,25,8,3,0
0.088,0.399,0.535,-1.19,0.219,1,0.5118,0.4982,0.332,0.586,0.199,0.115,0.045,0.023,0.003,0.000,15,8,2,0,0.203,0.125,0.086,0.033,0.008,0.000,25,8,3,0
0.079,0.300,0.489,-1.14,0.131,0,0.4597,0.4704,0.258,0.987,0.199,0.115,0.045,0.023,0.003,0.000,15,8,2,0,0.203,0.125,0.086,0.033,0.008,0.000,25,8,3,0
0.069,0.444,0.891,0.2,0.291,1,0.4121,0.4494,0.362,0.180,0.199,0.115,0.045,0.023,0.003,0.000,15,8,2,0,0.203,0.125,0.086,0.033,0.008,0.000,25,8,3,0
0.058,0.259,0.450,2.1,0.128,0,0.3737,0.4359,0.157,0.02,0.199,0.115,0.045,0.023,0.003,0.000,15,8,2,0,0.203,0.125,0.086,0.033,0.008,0.000,25,8,3,0
0.057,0.300,0.455,0,0.000,0,0.3579,0.4363,0.318,0.166,0.199,0.115,0.045,0.023,0.003,0.000,15,8,2,0,0.203,0.125,0.086,0.033,0.008,0.000,25,8,3,0
0.057,0.318,0.469,-0.48,0.134,0,0.3510,0.4439,0.254,0.007,0.199,0.115,0.045,0.023,0.003,0.000,15,8,2,0,0.203,0.125,0.086,0.033,0.008,0.000,25,8,3,0
0.061,0.273,0.531,-1.14,0.131,0,0.3369,0.4427,0.266,0.987,0.199,0.115,0.045,0.023,0.003,0.000,15,8,2,0,0.203,0.125,0.086,0.033,0.008,0.000,25,8,3,0
0.095,0.293,0.702,-1.1,0.105,-1,0.3263,0.4419,0.313,0.192,0.199,0.115,0.045,0.023,0.003,0.000,15,8,2,0,0.203,0.125,0.086,0.033,0.008,0.000,25,8,3,0
0.095,0.176,0.436,2.53,0.140,0,0.3218,0.4393,0.147,-0.121,0.199,0.115,0.045,0.023,0.003,0.000,15,8,2,0,0.203,0.125,0.086,0.033,0.008,0.000,25,8,3,0
0.113,0.198,0.469,0.85,0.046,0,0.3352,0.4456,0.206,0.06,0.199,0.115,0.045,0.023,0.003,0.000,15,8,2,0,0.203,0.125,0.086,0.033,0.008,0.000,25,8,3,0
0.075,0.233,0.597,-0.48,0.134,0,0.3521,0.4532,0.199,0.007,0.199,0.115,0.045,0.023,0.003,0.000,15,8,2,0,0.203,0.125,0.086,0.033,0.008,0.000,25,8,3,0
0.057,0.253,0.663,1.37,0.298,0,0.3618,0.4518,0.124,-0.510,0.199,0.115,0.045,0.023,0.003,0.000,15,8,2,0,0.203,0.125,0.086,0.033,0.008,0.000,25,8,3,0
0.075,0.220,0.584,-0.48,0.134,0,0.3540,0.4395,0.229,0.007,0.199,0.115,0.045,0.023,0.003,0.000,15,8,2,0,0.203,0.125,0.086,0.033,0.008,0.000,25,8,3,0
0.061,0.221,0.565,1.69,0.290,0,0.3374,0.4204,0.121,-0.697,0.199,0.115,0.045,0.023,0.003,0.000,15,8,2,0,0.203,0.125,0.086,0.033,0.008,0.000,25,8,3,0
0.057,0.247,0.563,1.69,0.290,0,0.3229,0.4029,0.132,-0.697,0.199,0.115,0.045,0.023,0.003,0.000,15,8,2,0,0.203,0.125,0.086,0.033,0.008,0.000,25,8,3,0
0.054,0.214,0.502,-1.14,0.131,0,0.3125,0.3881,0.252,0.987,0.199,0.115,0.045,0.023,0.003,0.000,15,8,2,0,0.203,0.125,0.086,0.033,0.008,0.000,25,8,3,0
0.061,0.305,0.668,0.2,0.291,1,0.2876,0.3637,0.393,0.180,0.199,0.115,0.045,0.023,0.003,0.000,15,8,2,0,0.203,0.125,0.086,0.033,0.008,0.000,25,8,3,0
0.057,0.331,0.627,-1.19,0.219,1,0.2458,0.3282,0.369,0.586,0.199,0.115,0.045,0.023,0.003,0.000,15,8,2,0,0.203,0.125,0.086,0.033,0.008,0.000,25,8,3,0
0.062,0.275,0.481,-1.14,0.131,0,0.2094,0.2973,0.369,0.987,0.199,0.115,0.045,0.023,0.003,0.000,15,8,2,0,0.203,0.125,0.086,0.033,0.008,0.000,25,8,3,0
0.060,0.376,0.740,-1.19,0.219,1,0.1754,0.2678,0.494,0.586,0.199,0.115,0.045,0.023,0.003,0.000,15,8,2,0,0.203,0.125,0.086,0.033,0.008,0.000,25,8,3,0
0.058,0.418,0.682,1.76,0.409,0,0.1561,0.2474,0.185,-0.884,0.199,0.115,0.045,0.023,0.003,0.000,15,8,2,0,0.203,0.125,0.086,0.033,0.008,0.000,25,8,3,0
0.071,0.344,0.450,-1.1,0.105,-1,0.1507,0.2355,0.385,0.192,0.199,0.115,0.045,0.023,0.003,0.000,15,8,2,0,0.203,0.125,0.086,0.033,0.008,0.000,25,8,3,0
0.071,0.463,0.620,-1.19,0.219,1,0.1679,0.2396,0.473,0.586,0.199,0.115,0.045,0.023,0.003,0.000,15,8,2,0,0.203,0.125,0.086,0.033,0.008,0.000,25,8,3,0
0.080,0.434,0.504,-0.48,0.134,0,0.2018,0.2557,0.348,0.007,0.199,0.115,0.045,0.023,0.003,0.000,15,8,2,0,0.203,0.125,0.086,0.033,0.008,0.000,25,8,3,0
0.093,0.465,0.659,-0.42,0.180,0,0.2312,0.2666,0.312,0.318,0.199,0.115,0.045,0.023,0.003,0.000,15,8,2,0,0.203,0.125,0.086,0.033,0.008,0.000,25,8,3,0
0.109,0.418,0.592,3.14,0.186,0,0.2601,0.2782,0.075,-0.486,0.199,0.115,0.045,0.023,0.003,0.000,15,8,2,0,0.203,0.125,0.086,0.033,0.008,0.000,25,8,3,0
0.113,0.404,0.716,-0.08,0.108,0,0.2765,0.2784,0.115,0.059,0.199,0.115,0.045,0.023,0.003,0.000,15,8,2,0,0.203,0.125,0.086,0.033,0.008,0.000,25,8,3,0
0.105,0.439,0.739,1.37,0.298,0,0.3063,0.2901,0.066,-0.510,0.199,0.115,0.045,0.023,0.003,0.000,15,8,2,0,0.203,0.125,0.086,0.033,0.008,0.000,25,8,3,0
0.080,0.362,0.620,0.2,0.291,1,0.3268,0.2977,0.138,0.180,0.199,0.115,0.045,0.023,0.003,0.000,15,8,2,0,0.203,0.125,0.086,0.033,0.008,0.000,25,8,3,0
0.068,0.206,0.602,3.14,0.186,0,0.3376,0.2997,0.030,-0.486,0.199,0.115,0.045,0.023,0.003,0.000,15,8,2,0,0.203,0.125,0.086,0.033,0.008,0.000,25,8,3,0
0.051,0.165,0.414,3.14,0.186,0,0.3289,0.2909,0.053,-0.486,0.199,0.115,0.045,0.023,0.003,0.000,15,8,2,0,0.203,0.125,0.086,0.033,0.008,0.000,25,8,3,0
0.076,0.237,0.533,0,0.000,0,0.3229,0.2853,0.086,0.166,0.199,0.115,0.045,0.023,0.003,0.000,15,8,2,0,0.203,0.125,0.086,0.033,0.008,0.000,25,8,3,0
0.076,0.251,0.523,1.37,0.298,0,0.3112,0.2748,0.082,-0.510,0.199,0.115,0.045,0.023,0.003,0.000,15,8,2,0,0.203,0.125,0.086,0.033,0.008,0.000,25,8,3,0
0.058,0.186,0.418,-0.08,0.108,0,0.3006,0.2644,0.121,0.059,0.199,0.115,0.045,0.023,0.003,0.000,15,8,2,0,0.203,0.125,0.086,0.033,0.008,0.000,25,8,3,0
0.069,0.149,0.511,-1.14,0.131,0,0.2979,0.2602,0.245,0.987,0.199,0.115,0.045,0.023,0.003,0.000,15,8,2,0,0.203,0.125,0.086,0.033,0.008,0.000,25,8,3,0
0.058,0.114,0.480,-1.1,0.105,-1,0.2773,0.2423,0.398,0.192,0.199,0.115,0.045,0.023,0.003,0.000,15,8,2,0,0.203,0.125,0.086,0.033,0.008,0.000,25,8,3,0
0.060,0.131,0.223,1.99,0.186,0,0.2589,0.2254,0.186,-0.326,0.199,0.115,0.045,0.023,0.003,0.000,15,8,2,0,0.203,0.125,0.086,0.033,0.008,0.000,25,8,3,0
0.066,0.143,0.271,-1.1,0.105,-1,0.2515,0.2186,0.387,0.192,0.199,0.115,0.045,0.023,0.003,0.000,15,8,2,0,0.203,0.125,0.086,0.033,0.008,0.000,25,8,3,0
0.075,0.128,0.296,-1.14,0.131,0,0.2547,0.2189,0.302,0.987,0.199,0.115,0.045,0.023,0.003,0.000,15,8,2,0,0.203,0.125,0.086,0.033,0.008,0.000,25,8,3,0
0.059,0.167,0.091,-0.79,0.151,-1,0.2530,0.2133,0.549,0.736,0.199,0.115,0.045,0.023,0.003,0.000,15,8,2,0,0.203,0.125,0.086,0.033,0.008,0.000,25,8,3,0
0.058,0.148,0.089,-0.08,0.108,0,0.2587,0.2134,0.306,0.059,0.199,0.115,0.045,0.023,0.003,0.000,15,8,2,0,0.203,0.125,0.086,0.033,0.008,0.000,25,8,3,0
0.060,0.101,0.008,2.53,0.140,0,0.2645,0.2148,0.066,-0.121,0.199,0.115,0.045,0.023,0.003,0.000,15,8,2,0,0.203,0.125,0.086,0.033,0.008,0.000,25,8,3,0
0.039,0.096,0.058,-1.1,0.105,-1,0.2768,0.2211,0.294,0.192,0.199,0.115,0.045,0.023,0.003,0.000,15,8,2,0,0.203,0.125,0.086,0.033,0.008,0.000,25,8,3,0
0.047,0.103,0.035,-1.1,0.105,-1,0.2831,0.2231,0.351,0.192,0.199,0.115,0.045,0.023,0.003,0.000,15,8,2,0,0.203,0.125,0.086,0.033,0.008,0.000,25,8,3,0
0.048,0.109,0.024,0.85,0.046,0,0.2723,0.2119,0.122,0.06,0.199,0.115,0.045,0.023,0.003,0.000,15,8,2,0,0.203,0.125,0.086,0.033,0.008,0.000,25,8,3,0
0.050,0.139,0.004,1.69,0.290,0,0.2665,0.2044,0.044,-0.697,0.199,0.115,0.045,0.023,0.003,0.000,15,8,2,0,0.203,0.125,0.086,0.033,0.008,0.000,25,8,3,0
0.050,0.082,0.209,0.85,0.046,0,0.2545,0.1944,0.179,0.06,0.199,0.115,0.045,0.023,0.003,0.000,15,8,2,0,0.203,0.125,0.086,0.033,0.008,0.000,25,8,3,0
0.047,0.170,0.550,0.2,0.291,1,0.2418,0.1847,0.290,0.180,0.199,0.115,0.045,0.023,0.003,0.000,15,8,2,0,0.203,0.125,0.086,0.033,0.008,0.000,25,8,3,0
0.049,0.158,0.438,0.85,0.046,0,0.2107,0.1635,0.042,0.06,0.199,0.115,0.045,0.023,0.003,0.000,15,8,2,0,0.203,0.125,0.086,0.033,0.008,0.000,25,8,3,0
0.054,0.193,0.438,1.69,0.290,0,0.1828,0.1451,0.046,-0.697,0.199,0.115,0.045,0.023,0.003,0.000,15,8,2,0,0.203,0.125,0.086,0.033,0.008,0.000,25,8,3,0
0.055,0.171,0.342,-0.42,0.180,0,0.1533,0.1231,0.260,0.318,0.199,0.115,0.045,0.023,0.003,0.000,15,8,2,0,0.203,0.125,0.086,0.033,0.008,0.000,25,8,3,0
0.061,0.210,0.124,2.53,0.140,0,0.1238,0.0990,0.118,-0.121,0.199,0.115,0.045,0.023,0.003,0.000,15,8,2,0,0.203,0.125,0.086,0.033,0.008,0.000,25,8,3,0
0.063,0.336,0.516,1.76,0.409,0,0.1086,0.0875,0.092,-0.884,0.199,0.115,0.045,0.023,0.003,0.000,15,8,2,0,0.203,0.125,0.086,0.033,0.008,0.000,25,8,3,0
0.064,0.251,0.384,-0.52,0.062,0,0.1018,0.0833,0.173,0.341,0.199,0.115,0.045,0.023,0.003,0.000,15,8,2,0,0.203,0.125,0.086,0.033,0.008,0.000,25,8,3,0
0.072,0.224,0.110,-1.1,0.105,-1,0.1087,0.0868,0.302,0.192,0.199,0.115,0.045,0.023,0.003,0.000,15,8,2,0,0.203,0.125,0.086,0.033,0.008,0.000,25,8,3,0
0.069,0.232,0.279,2.53,0.140,0,0.1216,0.0957,0.146,-0.121,0.199,0.115,0.045,0.023,0.003,0.000,15,8,2,0,0.203,0.125,0.086,0.033,0.008,0.000,25,8,3,0
0.086,0.335,0.389,-0.08,0.108,0,0.1538,0.1191,0.195,0.059,0.199,0.115,0.045,0.023,0.003,0.000,15,8,2,0,0.203,0.125,0.086,0.033,0.008,0.000,25,8,3,0
0.069,0.333,0.325,-1.14,0.131,0,0.1818,0.1365,0.200,0.987,0.199,0.115,0.045,0.023,0.003,0.000,15,8,2,0,0.203,0.125,0.086,0.033,0.008,0.000,25,8,3,0
0.067,0.300,0.250,1.99,0.186,0,0.2008,0.1466,0.129,-0.326,0.199,0.115,0.045,0.023,0.003,0.000,15,8,2,0,0.203,0.125,0.086,0.033,0.008,0.000,25,8,3,0
0.064,0.349,0.593,0.2,0.291,1,0.2153,0.1546,0.210,0.180,0.199,0.115,0.045,0.023,0.003,0.000,15,8,2,0,0.203,0.125,0.086,0.033,0.008,0.000,25,8,3,0
0.076,0.355,0.588,1.69,0.290,0,0.2340,0.1658,0.087,-0.697,0.199,0.115,0.045,0.023,0.003,0.000,15,8,2,0,0.203,0.125,0.086,0.033,0.008,0.000,25,8,3,0
0.082,0.317,0.454,-0.52,0.062,0,0.2428,0.1700,0.161,0.341,0.199,0.115,0.045,0.023,0.003,0.000,15,8,2,0,0.203,0.125,0.086,0.033,0.008,0.000,25,8,3,0
0.080,0.432,0.560,0.2,0.291,1,0.2402,0.1656,0.237,0.180,0.199,0.115,0.045,0.023,0.003,0.000,15,8,2,0,0.203,0.125,0.086,0.033,0.008,0.000,25,8,3,0
0.098,0.297,0.289,3.14,0.186,0,0.2248,0.1522,0.095,-0.486,0.199,0.115,0.045,0.023,0.003,0.000,15,8,2,0,0.203,0.125,0.086,0.033,0.008,0.000,25,8,3,0
0.076,0.344,0.456,0.22,0.230,0,0.2033,0.1361,0.232,0.303,0.199,0.115,0.045,0.023,0.003,0.000,15,8,2,0,0.203,0.125,0.086,0.033,0.008,0.000,25,8,3,0
0.081,0.254,0.350,-1.1,0.105,-1,0.1998,0.1359,0.345,0.192,0.199,0.115,0.045,0.023,0.003,0.000,15,8,2,0,0.203,0.125,0.086,0.033,0.008,0.000,25,8,3,0
0.085,0.285,0.216,0,0.000,0,0.1904,0.1329,0.241,0.166,0.199,0.115,0.045,0.023,0.003,0.000,15,8,2,0,0.203,0.125,0.086,0.033,0.008,0.000,25,8,3,0
0.061,0.244,0.224,-0.79,0.151,-1,0.1898,0.1362,0.247,0.736,0.199,0.115,0.045,0.023,0.003,0.000,15,8,2,0,0.203,0.125,0.086,0.033,0.008,0.000,25,8,3,0
0.051,0.204,0.200,0.85,0.046,0,0.2025,0.1491,0.100,0.06,0.199,0.115,0.045,0.023,0.003,0.000,15,8,2,0,0.203,0.125,0.086,0.033,0.008,0.000,25,8,3,0
0.056,0.259,0.425,-1.1,0.105,-1,0.2194,0.1642,0.162,0.192,0.199,0.115,0.045,0.023,0.003,0.000,15,8,2,0,0.203,0.125,0.086,0.033,0.008,0.000,25,8,3,0
0.054,0.213,0.135,3.14,0.186,0,0.2377,0.1826,0.035,-0.486,0.199,0.115,0.045,0.023,0.003,0.000,15,8,2,0,0.203,0.125,0.086,0.033,0.008,0.000,25,8,3,0
0.064,0.187,0.544,1.42,0.221,0,0.2581,0.2029,0.057,-0.397,0.199,0.115,0.045,0.023,0.003,0.000,15,8,2,0,0.203,0.125,0.086,0.033,0.008,0.000,25,8,3,0
0.062,0.269,0.400,3.14,0.186,0,0.2807,0.2246,0.045,-0.486,0.199,0.115,0.045,0.023,0.003,0.000,15,8,2,0,0.203,0.125,0.086,0.033,0.008,0.000,25,8,3,0
0.053,0.274,0.464,-0.48,0.134,0,0.2842,0.2313,0.085,0.007,0.199,0.115,0.045,0.023,0.003,0.000,15,8,2,0,0.203,0.125,0.086,0.033,0.008,0.000,25,8,3,0
0.052,0.305,0.688,1.69,0.290,0,0.2909,0.2404,0.040,-0.697,0.199,0.115,0.045,0.023,0.003,0.000,15,8,2,0,0.203,0.125,0.086,0.033,0.008,0.000,25,8,3,0
0.039,0.313,0.625,0,0.000,0,0.2885,0.2415,0.096,0.166,0.199,0.115,0.045,0.023,0.003,0.000,15,8,2,0,0.203,0.125,0.086,0.033,0.008,0.000,25,8,3,0
0.039,0.349,0.780,0.2,0.291,1,0.2755,0.2347,0.184,0.180,0.199,0.115,0.045,0.023,0.003,0.000,15,8,2,0,0.203,0.125,0.086,0.033,0.008,0.000,25,8,3,0
0.039,0.268,0.600,1.76,0.409,0,0.2539,0.2212,0.108,-0.884,0.199,0.115,0.045,0.023,0.003,0.000,15,8,2,0,0.203,0.125,0.086,0.033,0.008,0.000,25,8,3,0
0.061,0.141,0.607,-0.79,0.151,-1,0.2435,0.2168,0.246,0.736,0.199,0.115,0.045,0.023,0.003,0.000,15,8,2,0,0.203,0.125,0.086,0.033,0.008,0.000,25,8,3,0
0.058,0.164,0.802,0.22,0.230,0,0.2463,0.2248,0.222,0.303,0.199,0.115,0.045,0.023,0.003,0.000,15,8,2,0,0.203,0.125,0.086,0.033,0.008,0.000,25,8,3,0
0.062,0.117,0.566,0,0.000,0,0.2516,0.2314,0.250,0.166,0.199,0.115,0.045,0.023,0.003,0.000,15,8,2,0,0.203,0.125,0.086,0.033,0.008,0.000,25,8,3,0
0.063,0.139,0.441,-1.1,0.105,-1,0.2513,0.2336,0.290,0.192,0.199,0.115,0.045,0.023,0.003,0.000,15,8,2,0,0.203,0.125,0.086,0.033,0.008,0.000,25,8,3,0
0.060,0.128,0.339,0,0.000,0,0.2469,0.2337,0.185,0.166,0.199,0.115,0.045,0.023,0.003,0.000,15,8,2,0,0.203,0.125,0.086,0.033,0.008,0.000,25,8,3,0
0.062,0.236,0.557,1.37,0.298,0,0.2503,0.2423,0.131,-0.510,0.199,0.115,0.045,0.023,0.003,0.000,15,8,2,0,0.203,0.125,0.086,0.033,0.008,0.000,25,8,3,0
0.080,0.149,0.335,-1.14,0.131,0,0.2493,0.2480,0.203,0.987,0.199,0.115,0.045,0.023,0.003,0.000,15,8,2,0,0.203,0.125,0.086,0.033,0.008,0.000,25,8,3,0
0.098,0.225,0.585,1.69,0.290,0,0.2602,0.2635,0.121,-0.697,0.199,0.115,0.045,0.023,0.003,0.000,15,8,2,0,0.203,0.125,0.086,0.033,0.008,0.000,25,8,3,0
0.079,0.153,0.614,-1.1,0.105,-1,0.2641,0.2707,0.308,0.192,0.199,0.115,0.045,0.023,0.003,0.000,15,8,2,0,0.203,0.125,0.086,0.033,0.008,0.000,25,8,3,0
0.076,0.179,0.518,0,0.000,0,0.2704,0.2791,0.176,0.166,0.199,0.115,0.045,0.023,0.003,0.000,15,8,2,0,0.203,0.125,0.086,0.033,0.008,0.000,25,8,3,0
0.106,0.262,0.485,-1.19,0.219,1,0.2722,0.2838,0.389,0.586,0.199,0.115,0.045,0.023,0.003,0.000,15,8,2,0,0.203,0.125,0.086,0.033,0.008,0.000,25,8,3,0
0.132,0.243,0.432,-1.1,0.105,-1,0.2673,0.2821,0.212,0.192,0.199,0.115,0.045,0.023,0.003,0.000,15,8,2,0,0.203,0.125,0.086,0.033,0.008,0.000,25,8,3,0
0.117,0.230,0.328,0,0.000,0,0.2736,0.2888,0.105,0.166,0.199,0.115,0.045,0.023,0.003,0.000,15,8,2,0,0.203,0.125,0.086,0.033,0.008,0.000,25,8,3,0
0.117,0.186,0.312,1.99,0.186,0,0.2831,0.2974,0.070,-0.326,0.199,0.115,0.045,0.023,0.003,0.000,15,8,2,0,0.203,0.125,0.086,0.033,0.008,0.000,25,8,3,0
0.122,0.115,0.432,1.99,0.186,0,0.2999,0.3116,0.063,-0.326,0.199,0.115,0.045,0.023,0.003,0.000,15,8,2,0,0.203,0.125,0.086,0.033,0.008,0.000,25,8,3,0
0.122,0.088,0.272,0.85,0.046,0,0.3162,0.3256,0.060,0.06,0.199,0.115,0.045,0.023,0.003,0.000,15,8,2,0,0.203,0.125,0.086,0.033,0.008,0.000,25,8,3,0
0.140,0.128,0.503,0.22,0.230,0,0.3263,0.3342,0.074,0.303,0.199,0.115,0.045,0.023,0.003,0.000,15,8,2,0,0.203,0.125,0.086,0.033,0.008,0.000,25,8,3,0
0.140,0.094,0.236,0.85,0.046,0,0.3166,0.3277,0.041,0.06,0.199,0.115,0.045,0.023,0.003,0.000,15,8,2,0,0.203,0.125,0.086,0.033,0.008,0.000,25,8,3,0
0.177,0.136,0.460,1.69,0.290,0,0.3169,0.3309,0.068,-0.697,0.199,0.115,0.045,0.023,0.003,0.000,15,8,2,0,0.203,0.125,0.086,0.033,0.008,0.000,25,8,3,0
0.196,0.092,0.284,0.85,0.046,0,0.3255,0.3420,0.080,0.06,0.199,0.115,0.045,0.023,0.003,0.000,15,8,2,0,0.203,0.125,0.086,0.033,0.008,0.000,25,8,3,0
0.160,0.097,0.425,-1.14,0.131,0,0.3357,0.3548,0.176,0.987,0.199,0.115,0.045,0.023,0.003,0.000,15,8,2,0,0.203,0.125,0.086,0.033,0.008,0.000,25,8,3,0
0.125,0.085,0.450,0,0.000,0,0.3403,0.3650,0.180,0.166,0.199,0.115,0.045,0.023,0.003,0.000,15,8,2,0,0.203,0.125,0.086,0.033,0.008,0.000,25,8,3,0
0.125,0.070,0.379,-0.08,0.108,0,0.3328,0.3643,0.198,0.059,0.199,0.115,0.045,0.023,0.003,0.000,15,8,2,0,0.203,0.125,0.086,0.033,0.008,0.000,25,8,3,0
0.118,0.063,0.645,0,0.000,0,0.3221,0.3609,0.135,0.166,0.199,0.115,0.045,0.023,0.003,0.000,15,8,2,0,0.203,0.125,0.086,0.033,0.008,0.000,25,8,3,0
0.096,0.044,0.575,2.53,0.140,0,0.3168,0.3598,0.118,-0.121,0.199,0.115,0.045,0.023,0.003,0.000,15,8,2,0,0.203,0.125,0.086,0.033,0.008,0.000,25,8,3,0
0.096,0.048,0.477,0,0.000,0,0.3253,0.3694,0.120,0.166,0.199,0.115,0.045,0.023,0.003,0.000,15,8,2,0,0.203,0.125,0.086,0.033,0.008,0.000,25,8,3,0
0.065,0.052,0.459,0,0.000,0,0.3431,0.3832,0.151,0.166,0.199,0.115,0.045,0.023,0.003,0.000,15,8,2,0,0.203,0.125,0.086,0.033,0.008,0.000,25,8,3,0
0.057,0.049,0.385,-1.1,0.105,-1,0.3652,0.3989,0.201,0.192,0.199,0.115,0.045,0.023,0.003,0.000,15,8,2,0,0.203,0.125,0.086,0.033,0.008,0.000,25,8,3,0
0.057,0.050,0.319,-0.52,0.062,0,0.3787,0.4053,0.156,0.341,0.199,0.115,0.045,0.023,0.003,0.000,15,8,2,0,0.203,0.125,0.086,0.033,0.008,0.000,25,8,3,0
0.071,0.080,0.531,0.22,0.230,0,0.3793,0.3999,0.201,0.303,0.199,0.115,0.045,0.023,0.003,0.000,15,8,2,0,0.203,0.125,0.086,0.033,0.008,0.000,25,8,3,0
0.057,0.064,0.303,1.69,0.290,0,0.3895,0.4009,0.107,-0.697,0.199,0.115,0.045,0.023,0.003,0.000,15,8,2,0,0.203,0.125,0.086,0.033,0.008,0.000,25,8,3,0
0.061,0.067,0.016,-1.1,0.105,-1,0.3964,0.3982,0.241,0.192,0.199,0.115,0.045,0.023,0.003,0.000,15,8,2,0,0.203,0.125,0.086,0.033,0.008,0.000,25,8,3,0
0.058,0.053,0.079,-1.1,0.105,-1,0.4003,0.3938,0.285,0.192,0.199,0.115,0.045,0.023,0.003,0.000,15,8,2,0,0.203,0.125,0.086,0.033,0.008,0.000,25,8,3,0
0.061,0.057,0.042,-1.1,0.105,-1,0.3930,0.3831,0.397,0.192,0.199,0.115,0.045,0.023,0.003,0.000,15,8,2,0,0.203,0.125,0.086,0.033,0.008,0.000,25,8,3,0
0.060,0.065,0.029,-0.79,0.151,-1,0.3675,0.3578,0.234,0.736,0.199,0.115,0.045,0.023,0.003,0.000,15,8,2,0,0.203,0.125,0.086,0.033,0.008,0.000,25,8,3,0
0.062,0.084,0.008,1.99,0.186,0,0.3315,0.3244,0.068,-0.326,0.199,0.115,0.045,0.023,0.003,0.000,15,8,2,0,0.203,0.125,0.086,0.033,0.008,0.000,25,8,3,0
0.061,0.208,0.358,1.76,0.409,0,0.2928,0.2885,0.104,-0.884,0.199,0.115,0.045,0.023,0.003,0.000,15,8,2,0,0.203,0.125,0.086,0.033,0.008,0.000,25,8,3,0
0.075,0.274,0.100,-0.08,0.108,0,0.2642,0.2583,0.251,0.059,0.199,0.115,0.045,0.023,0.003,0.000,15,8,2,0,0.203,0.125,0.086,0.033,0.008,0.000,25,8,3,0
0.069,0.219,0.010,1.99,0.186,0,0.2639,0.2492,0.106,-0.326,0.199,0.115,0.045,0.023,0.003,0.000,15,8,2,0,0.203,0.125,0.086,0.033,0.008,0.000,25,8,3,0
0.067,0.187,0.069,0,0.000,0,0.2615,0.2387,0.240,0.166,0.199,0.115,0.045,0.023,0.003,0.000,15,8,2,0,0.203,0.125,0.086,0.033,0.008,0.000,25,8,3,0
0.052,0.163,0.002,-0.79,0.151,-1,0.2693,0.2357,0.409,0.736,0.199,0.115,0.045,0.023,0.003,0.000,15,8,2,0,0.203,0.125,0.086,0.033,0.008,0.000,25,8,3,0
0.064,0.219,0.024,0,0.000,0,0.2707,0.2282,0.220,0.166,0.199,0.115,0.045,0.023,0.003,0.000,15,8,2,0,0.203,0.125,0.086,0.033,0.008,0.000,25,8,3,0
0.064,0.220,0.015,-0.42,0.180,0,0.2685,0.2174,0.151,0.318,0.199,0.115,0.045,0.023,0.003,0.000,15,8,2,0,0.203,0.125,0.086,0.033,0.008,0.000,25,8,3,0
0.069,0.141,0.057,2.53,0.140,0,0.2683,0.2112,0.109,-0.121,0.199,0.115,0.045,0.023,0.003,0.000,15,8,2,0,0.203,0.125,0.086,0.033,0.008,0.000,25,8,3,0
0.058,0.154,0.038,2.53,0.140,0,0.2739,0.2132,0.070,-0.121,0.199,0.115,0.045,0.023,0.003,0.000,15,8,2,0,0.203,0.125,0.086,0.033,0.008,0.000,25,8,3,0
0.064,0.307,0.292,0.2,0.291,1,0.2672,0.2094,0.123,0.180,0.199,0.115,0.045,0.023,0.003,0.000,15,8,2,0,0.203,0.125,0.086,0.033,0.008,0.000,25,8,3,0
0.066,0.174,0.187,2.53,0.140,0,0.2497,0.1997,0.042,-0.121,0.199,0.115,0.045,0.023,0.003,0.000,15,8,2,0,0.203,0.125,0.086,0.033,0.008,0.000,25,8,3,0
0.120,0.295,0.436,-1.19,0.219,1,0.2168,0.1789,0.198,0.586,0.199,0.115,0.045,0.023,0.003,0.000,15,8,2,0,0.203,0.125,0.086,0.033,0.008,0.000,25,8,3,0
0.104,0.269,0.325,1.37,0.298,0,0.1824,0.1570,0.107,-0.510,0.199,0.115,0.045,0.023,0.003,0.000,15,8,2,0,0.203,0.125,0.086,0.033,0.008,0.000,25,8,3,0
0.100,0.204,0.142,0,0.000,0,0.1529,0.1377,0.163,0.166,0.199,0.115,0.045,0.023,0.003,0.000,15,8,2,0,0.203,0.125,0.086,0.033,0.008,0.000,25,8,3,0
0.080,0.177,0.322,-0.48,0.134,0,0.1337,0.1250,0.258,0.007,0.199,0.115,0.045,0.023,0.003,0.000,15,8,2,0,0.203,0.125,0.086,0.033,0.008,0.000,25,8,3,0
0.098,0.111,0.234,0.85,0.046,0,0.1078,0.1059,0.327,0.06,0.199,0.115,0.045,0.023,0.003,0.000,15,8,2,0,0.203,0.125,0.086,0.033,0.008,0.000,25,8,3,0
0.079,0.107,0.181,-1.1,0.105,-1,0.0909,0.0937,0.433,0.192,0.199,0.115,0.045,0.023,0.003,0.000,15,8,2,0,0.203,0.125,0.086,0.033,0.008,0.000,25,8,3,0
0.069,0.129,0.201,0,0.000,0,0.0815,0.0871,0.194,0.166,0.199,0.115,0.045,0.023,0.003,0.000,15,8,2,0,0.203,0.125,0.086,0.033,0.008,0.000,25,8,3,0
0.070,0.119,0.058,-0.79,0.151,-1,0.0692,0.0775,0.334,0.736,0.199,0.115,0.045,0.023,0.003,0.000,15,8,2,0,0.203,0.125,0.086,0.033,0.008,0.000,25,8,3,0
0.088,0.225,0.198,1.37,0.298,0,0.0674,0.0761,0.168,-0.510,0.199,0.115,0.045,0.023,0.003,0.000,15,8,2,0,0.203,0.125,0.086,0.033,0.008,0.000,25,8,3,0
0.068,0.199,0.363,2.1,0.128,0,0.0761,0.0822,0.045,0.02,0.199,0.115,0.045,0.023,0.003,0.000,15,8,2,0,0.203,0.125,0.086,0.033,0.008,0.000,25,8,3,0
0.060,0.245,0.493,-1.19,0.219,1,0.0840,0.0883,0.247,0.586,0.199,0.115,0.045,0.023,0.003,0.000,15,8,2,0,0.203,0.125,0.086,0.033,0.008,0.000,25,8,3,0
0.040,0.230,0.404,1.69,0.290,0,0.1025,0.1024,0.041,-0.697,0.199,0.115,0.045,0.023,0.003,0.000,15,8,2,0,0.203,0.125,0.086,0.033,0.008,0.000,25,8,3,0
0.048,0.168,0.486,-1.14,0.131,0,0.0982,0.0982,0.108,0.987,0.199,0.115,0.045,0.023,0.003,0.000,15,8,2,0,0.203,0.125,0.086,0.033,0.008,0.000,25,8,3,0
0.048,0.166,0.528,1.69,0.290,0,0.0871,0.0879,0.056,-0.697,0.199,0.115,0.045,0.023,0.003,0.000,15,8,2,0,0.203,0.125,0.086,0.033,0.008,0.000,25,8,3,0
0.055,0.112,0.304,1.99,0.186,0,0.0719,0.0733,0.096,-0.326,0.199,0.115,0.045,0.023,0.003,0.000,15,8,2,0,0.203,0.125,0.086,0.033,0.008,0.000,25,8,3,0
0.052,0.185,0.565,1.69,0.290,0,0.0712,0.0676,0.075,-0.697,0.199,0.115,0.045,0.023,0.003,0.000,15,8,2,0,0.203,0.125,0.086,0.033,0.008,0.000,25,8,3,0
0.051,0.200,0.463,-0.48,0.134,0,0.0789,0.0681,0.275,0.007,0.199,0.115,0.045,0.023,0.003,0.000,15,8,2,0,0.203,0.125,0.086,0.033,0.008,0.000,25,8,3,0
0.051,0.200,0.447,0,0.000,0,0.0998,0.0784,0.216,0.166,0.199,0.115,0.045,0.023,0.003,0.000,15,8,2,0,0.203,0.125,0.086,0.033,0.008,0.000,25,8,3,0
0.067,0.198,0.554,-1.19,0.219,1,0.1191,0.0894,0.457,0.586,0.199,0.115,0.045,0.023,0.003,0.000,15,8,2,0,0.203,0.125,0.086,0.033,0.008,0.000,25,8,3,0
0.079,0.189,0.530,-0.79,0.151,-1,0.1360,0.0993,0.290,0.736,0.199,0.115,0.045,0.023,0.003,0.000,15,8,2,0,0.203,0.125,0.086,0.033,0.008,0.000,25,8,3,0
0.074,0.259,0.783,1.37,0.298,0,0.1516,0.1083,0.121,-0.510,0.199,0.115,0.045,0.023,0.003,0.000,15,8,2,0,0.203,0.125,0.086,0.033,0.008,0.000,25,8,3,0
0.060,0.240,0.744,-0.48,0.134,0,0.1693,0.1178,0.196,0.007,0.199,0.115,0.045,0.023,0.003,0.000,15,8,2,0,0.203,0.125,0.086,0.033,0.008,0.000,25,8,3,0
0.060,0.262,0.442,-0.52,0.062,0,0.1764,0.1183,0.171,0.341,0.199,0.115,0.045,0.023,0.003,0.000,15,8,2,0,0.203,0.125,0.086,0.033,0.008,0.000,25,8,3,0
0.063,0.219,0.273,2.1,0.128,0,0.1821,0.1182,0.074,0.02,0.199,0.115,0.045,0.023,0.003,0.000,15,8,2,0,0.203,0.125,0.086,0.033,0.008,0.000,25,8,3,0
0.052,0.255,0.252,-0.08,0.108,0,0.1805,0.1136,0.227,0.059,0.199,0.115,0.045,0.023,0.003,0.000,15,8,2,0,0.203,0.125,0.086,0.033,0.008,0.000,25,8,3,0
0.054,0.236,0.403,-1.1,0.105,-1,0.1754,0.1067,0.267,0.192,0.199,0.115,0.045,0.023,0.003,0.000,15,8,2,0,0.203,0.125,0.086,0.033,0.008,0.000,25,8,3,0
0.070,0.271,0.421,-0.08,0.108,0,0.1580,0.0917,0.244,0.059,0.199,0.115,0.045,0.023,0.003,0.000,15,8,2,0,0.203,0.125,0.086,0.033,0.008,0.000,25,8,3,0
0.079,0.266,0.455,0,0.000,0,0.1366,0.0749,0.200,0.166,0.199,0.115,0.045,0.023,0.003,0.000,15,8,2,0,0.203,0.125,0.086,0.033,0.008,0.000,25,8,3,0
0.073,0.296,0.887,0.2,0.291,1,0.1228,0.0647,0.265,0.180,0.199,0.115,0.045,0.023,0.003,0.000,15,8,2,0,0.203,0.125,0.086,0.033,0.008,0.000,25,8,3,0
0.052,0.241,0.528,-0.52,0.062,0,0.1254,0.0667,0.224,0.341,0.199,0.115,0.045,0.023,0.003,0.000,15,8,2,0,0.203,0.125,0.086,0.033,0.008,0.000,25,8,3,0
0.054,0.220,0.421,-1.1,0.105,-1,0.1283,0.0710,0.240,0.192,0.199,0.115,0.045,0.023,0.003,0.000,15,8,2,0,0.203,0.125,0.086,0.033,0.008,0.000,25,8,3,0
0.049,0.207,0.395,0,0.000,0,0.1337,0.0787,0.072,0.166,0.199,0.115,0.045,0.023,0.003,0.000,15,8,2,0,0.203,0.125,0.086,0.033,0.008,0.000,25,8,3,0
0.047,0.133,0.574,1.69,0.290,0,0.1382,0.0877,0.051,-0.697,0.199,0.115,0.045,0.023,0.003,0.000,15,8,2,0,0.203,0.125,0.086,0.033,0.008,0.000,25,8,3,0
0.057,0.068,0.477,1.99,0.186,0,0.1468,0.0994,0.047,-0.326,0.199,0.115,0.045,0.023,0.003,0.000,15,8,2,0,0.203,0.125,0.086,0.033,0.008,0.000,25,8,3,0
0.052,0.105,0.818,1.76,0.409,0,0.1527,0.1085,0.055,-0.884,0.199,0.115,0.045,0.023,0.003,0.000,15,8,2,0,0.203,0.125,0.086,0.033,0.008,0.000,25,8,3,0
0.057,0.049,0.704,2.1,0.128,0,0.1586,0.1163,0.022,0.02,0.199,0.115,0.045,0.023,0.003,0.000,15,8,2,0,0.203,0.125,0.086,0.033,0.008,0.000,25,8,3,0
0.074,0.095,0.742,-0.52,0.062,0,0.1515,0.1150,0.042,0.341,0.199,0.115,0.045,0.023,0.003,0.000,15,8,2,0,0.203,0.125,0.086,0.033,0.008,0.000,25,8,3,0
0.069,0.079,0.673,-0.08,0.108,0,0.1353,0.1071,0.070,0.059,0.199,0.115,0.045,0.023,0.003,0.000,15,8,2,0,0.203,0.125,0.086,0.033,0.008,0.000,25,8,3,0
0.069,0.085,0.519,-0.08,0.108,0,0.1081,0.0890,0.089,0.059,0.199,0.115,0.045,0.023,0.003,0.000,15,8,2,0,0.203,0.125,0.086,0.033,0.008,0.000,25,8,3,0
0.054,0.091,0.563,1.37,0.298,0,0.0799,0.0691,0.116,-0.510,0.199,0.115,0.045,0.023,0.003,0.000,15,8,2,0,0.203,0.125,0.086,0.033,0.008,0.000,25,8,3,0
0.053,0.074,0.558,-0.48,0.134,0,0.0577,0.0535,0.162,0.007,0.199,0.115,0.045,0.023,0.003,0.000,15,8,2,0,0.203,0.125,0.086,0.033,0.008,0.000,25,8,3,0
0.053,0.097,0.504,1.69,0.290,0,0.0479,0.0467,0.089,-0.697,0.199,0.115,0.045,0.023,0.003,0.000,15,8,2,0,0.203,0.125,0.086,0.033,0.008,0.000,25,8,3,0
0.056,0.076,0.287,-0.79,0.151,-1,0.0447,0.0446,0.346,0.736,0.199,0.115,0.045,0.023,0.003,0.000,15,8,2,0,0.203,0.125,0.086,0.033,0.008,0.000,25,8,3,0
0.055,0.129,0.449,-1.19,0.219,1,0.0593,0.0552,0.483,0.586,0.199,0.115,0.045,0.023,0.003,0.000,15,8,2,0,0.203,0.125,0.086,0.033,0.008,0.000,25,8,3,0
0.056,0.139,0.387,-1.1,0.105,-1,0.0705,0.0652,0.404,0.192,0.199,0.115,0.045,0.023,0.003,0.000,15,8,2,0,0.203,0.125,0.086,0.033,0.008,0.000,25,8,3,0
0.082,0.163,0.388,0,0.000,0,0.0827,0.0765,0.281,0.166,0.199,0.115,0.045,0.023,0.003,0.000,15,8,2,0,0.203,0.125,0.086,0.033,0.008,0.000,25,8,3,0
0.065,0.218,0.629,-1.19,0.219,1,0.0937,0.0877,0.409,0.586,0.199,0.115,0.045,0.023,0.003,0.000,15,8,2,0,0.203,0.125,0.086,0.033,0.008,0.000,25,8,3,0
0.058,0.211,0.625,1.37,0.298,0,0.1093,0.1023,0.153,-0.510,0.199,0.115,0.045,0.023,0.003,0.000,15,8,2,0,0.203,0.125,0.086,0.033,0.008,0.000,25,8,3,0
0.064,0.147,0.551,0,0.000,0,0.1143,0.1073,0.126,0.166,0.199,0.115,0.045,0.023,0.003,0.000,15,8,2,0,0.203,0.125,0.086,0.033,0.008,0.000,25,8,3,0
0.069,0.134,0.619,1.69,0.290,0,0.1313,0.1192,0.112,-0.697,0.199,0.115,0.045,0.023,0.003,0.000,15,8,2,0,0.203,0.125,0.086,0.033,0.008,0.000,25,8,3,0
0.079,0.108,0.264,2.1,0.128,0,0.1467,0.1294,0.051,0.02,0.199,0.115,0.045,0.023,0.003,0.000,15,8,2,0,0.203,0.125,0.086,0.033,0.008,0.000,25,8,3,0
0.079,0.097,0.134,-1.14,0.131,0,0.1724,0.1449,0.106,0.987,0.199,0.115,0.045,0.023,0.003,0.000,15,8,2,0,0.203,0.125,0.086,0.033,0.008,0.000,25,8,3,0
0.097,0.091,0.269,0.22,0.230,0,0.1940,0.1588,0.106,0.303,0.199,0.115,0.045,0.023,0.003,0.000,15,8,2,0,0.203,0.125,0.086,0.033,0.008,0.000,25,8,3,0
0.097,0.055,0.129,-0.79,0.151,-1,0.2040,0.1622,0.178,0.736,0.199,0.115,0.045,0.023,0.003,0.000,15,8,2,0,0.203,0.125,0.086,0.033,0.008,0.000,25,8,3,0
0.080,0.049,0.004,0.85,0.046,0,0.2069,0.1630,0.041,0.06,0.199,0.115,0.045,0.023,0.003,0.000,15,8,2,0,0.203,0.125,0.086,0.033,0.008,0.000,25,8,3,0
0.080,0.057,0.013,1.99,0.186,0,0.2117,0.1669,0.042,-0.326,0.199,0.115,0.045,0.023,0.003,0.000,15,8,2,0,0.203,0.125,0.086,0.033,0.008,0.000,25,8,3,0
0.075,0.101,0.387,1.69,0.290,0,0.2145,0.1708,0.054,-0.697,0.199,0.115,0.045,0.023,0.003,0.000,15,8,2,0,0.203,0.125,0.086,0.033,0.008,0.000,25,8,3,0
0.062,0.202,0.182,-0.08,0.108,0,0.2131,0.1746,0.111,0.059,0.199,0.115,0.045,0.023,0.003,0.000,15,8,2,0,0.203,0.125,0.086,0.033,0.008,0.000,25,8,3,0
0.087,0.174,0.376,1.42,0.221,0,0.2106,0.1797,0.071,-0.397,0.199,0.115,0.045,0.023,0.003,0.000,15,8,2,0,0.203,0.125,0.086,0.033,0.008,0.000,25,8,3,0
0.070,0.155,0.369,0,0.000,0,0.1993,0.1794,0.177,0.166,0.199,0.115,0.045,0.023,0.003,0.000,15,8,2,0,0.203,0.125,0.086,0.033,0.008,0.000,25,8,3,0
0.081,0.179,0.382,0,0.000,0,0.1935,0.1842,0.208,0.166,0.199,0.115,0.045,0.023,0.003,0.000,15,8,2,0,0.203,0.125,0.086,0.033,0.008,0.000,25,8,3,0
0.064,0.156,0.405,-0.48,0.134,0,0.1938,0.1935,0.248,0.007,0.199,0.115,0.045,0.023,0.003,0.000,15,8,2,0,0.203,0.125,0.086,0.033,0.008,0.000,25,8,3,0
0.070,0.109,0.333,0.85,0.046,0,0.1900,0.1998,0.252,0.06,0.199,0.115,0.045,0.023,0.003,0.000,15,8,2,0,0.203,0.125,0.086,0.033,0.008,0.000,25,8,3,0
0.053,0.132,0.252,-0.79,0.151,-1,0.2017,0.2186,0.457,0.736,0.199,0.115,0.045,0.023,0.003,0.000,15,8,2,0,0.203,0.125,0.086,0.033,0.008,0.000,25,8,3,0
0.064,0.122,0.324,0,0.000,0,0.2201,0.2442,0.263,0.166,0.199,0.115,0.045,0.023,0.003,0.000,15,8,2,0,0.203,0.125,0.086,0.033,0.008,0.000,25,8,3,0
0.065,0.161,0.139,-0.42,0.180,0,0.2356,0.2672,0.256,0.318,0.199,0.115,0.045,0.023,0.003,0.000,15,8,2,0,0.203,0.125,0.086,0.033,0.008,0.000,25,8,3,0
0.062,0.132,0.159,-1.14,0.131,0,0.2373,0.2787,0.295,0.987,0.199,0.115,0.045,0.023,0.003,0.000,15,8,2,0,0.203,0.125,0.086,0.033,0.008,0.000,25,8,3,0
0.080,0.180,0.329,2.1,0.128,0,0.2412,0.2901,0.092,0.02,0.199,0.115,0.045,0.023,0.003,0.000,15,8,2,0,0.203,0.125,0.086,0.033,0.008,0.000,25,8,3,0
0.075,0.215,0.442,-1.19,0.219,1,0.2343,0.2919,0.349,0.586,0.199,0.115,0.045,0.023,0.003,0.000,15,8,2,0,0.203,0.125,0.086,0.033,0.008,0.000,25,8,3,0
0.069,0.164,0.419,1.69,0.290,0,0.2423,0.3054,0.058,-0.697,0.199,0.115,0.045,0.023,0.003,0.000,15,8,2,0,0.203,0.125,0.086,0.033,0.008,0.000,25,8,3,0
0.071,0.166,0.447,-1.14,0.131,0,0.2315,0.3020,0.147,0.987,0.199,0.115,0.045,0.023,0.003,0.000,15,8,2,0,0.203,0.125,0.086,0.033,0.008,0.000,25,8,3,0
0.071,0.177,0.610,1.69,0.290,0,0.2047,0.2815,0.070,-0.697,0.199,0.115,0.045,0.023,0.003,0.000,15,8,2,0,0.203,0.125,0.086,0.033,0.008,0.000,25,8,3,0
0.081,0.275,0.521,0.2,0.291,1,0.1700,0.2537,0.216,0.180,0.199,0.115,0.045,0.023,0.003,0.000,15,8,2,0,0.203,0.125,0.086,0.033,0.008,0.000,25,8,3,0
0.076,0.203,0.623,1.69,0.290,0,0.1467,0.2316,0.076,-0.697,0.199,0.115,0.045,0.023,0.003,0.000,15,8,2,0,0.203,0.125,0.086,0.033,0.008,0.000,25,8,3,0
0.076,0.207,0.496,-0.42,0.180,0,0.1314,0.2160,0.305,0.318,0.199,0.115,0.045,0.023,0.003,0.000,15,8,2,0,0.203,0.125,0.086,0.033,0.008,0.000,25,8,3,0
0.076,0.240,0.405,0,0.000,0,0.1452,0.2246,0.215,0.166,0.199,0.115,0.045,0.023,0.003,0.000,15,8,2,0,0.203,0.125,0.086,0.033,0.008,0.000,25,8,3,0
0.082,0.249,0.408,-0.08,0.108,0,0.1677,0.2405,0.203,0.059,0.199,0.115,0.045,0.023,0.003,0.000,15,8,2,0,0.203,0.125,0.086,0.033,0.008,0.000,25,8,3,0
0.081,0.215,0.447,-0.52,0.062,0,0.1862,0.2535,0.188,0.341,0.199,0.115,0.045,0.023,0.003,0.000,15,8,2,0,0.203,0.125,0.086,0.033,0.008,0.000,25,8,3,0
0.076,0.248,0.547,1.37,0.298,0,0.2124,0.2729,0.146,-0.510,0.199,0.115,0.045,0.023,0.003,0.000,15,8,2,0,0.203,0.125,0.086,0.033,0.008,0.000,25,8,3,0
0.062,0.139,0.470,-1.1,0.105,-1,0.2277,0.2829,0.216,0.192,0.199,0.115,0.045,0.023,0.003,0.000,15,8,2,0,0.203,0.125,0.086,0.033,0.008,0.000,25,8,3,0
0.067,0.168,0.332,-0.52,0.062,0,0.2261,0.2789,0.149,0.341,0.199,0.115,0.045,0.023,0.003,0.000,15,8,2,0,0.203,0.125,0.086,0.033,0.008,0.000,25,8,3,0
0.073,0.117,0.188,2.1,0.128,0,0.2247,0.2739,0.091,0.02,0.199,0.115,0.045,0.023,0.003,0.000,15,8,2,0,0.203,0.125,0.086,0.033,0.008,0.000,25,8,3,0
0.061,0.130,0.119,-0.08,0.108,0,0.2202,0.2651,0.184,0.059,0.199,0.115,0.045,0.023,0.003,0.000,15,8,2,0,0.203,0.125,0.086,0.033,0.008,0.000,25,8,3,0
0.060,0.108,0.341,-0.08,0.108,0,0.2172,0.2567,0.239,0.059,0.199,0.115,0.045,0.023,0.003,0.000,15,8,2,0,0.203,0.125,0.086,0.033,0.008,0.000,25,8,3,0
0.075,0.131,0.226,-0.79,0.151,-1,0.2000,0.2365,0.370,0.736,0.199,0.115,0.045,0.023,0.003,0.000,15,8,2,0,0.203,0.125,0.086,0.033,0.008,0.000,25,8,3,0
0.074,0.124,0.258,0,0.000,0,0.1806,0.2136,0.213,0.166,0.199,0.115,0.045,0.023,0.003,0.000,15,8,2,0,0.203,0.125,0.086,0.033,0.008,0.000,25,8,3,0
0.069,0.206,0.699,0.2,0.291,1,0.1666,0.1972,0.257,0.180,0.199,0.115,0.045,0.023,0.003,0.000,15,8,2,0,0.203,0.125,0.086,0.033,0.008,0.000,25,8,3,0
0.058,0.154,0.514,-0.08,0.108,0,0.1832,0.2094,0.259,0.059,0.199,0.115,0.045,0.023,0.003,0.000,15,8,2,0,0.203,0.125,0.086,0.033,0.008,0.000,25,8,3,0
0.053,0.164,0.530,-1.1,0.105,-1,0.2036,0.2250,0.299,0.192,0.199,0.115,0.045,0.023,0.003,0.000,15,8,2,0,0.203,0.125,0.086,0.033,0.008,0.000,25,8,3,0
0.053,0.137,0.471,0,0.000,0,0.2323,0.2472,0.162,0.166,0.199,0.115,0.045,0.023,0.003,0.000,15,8,2,0,0.203,0.125,0.086,0.033,0.008,0.000,25,8,3,0
0.053,0.175,0.688,1.37,0.298,0,0.2677,0.2766,0.101,-0.510,0.199,0.115,0.045,0.023,0.003,0.000,15,8,2,0,0.203,0.125,0.086,0.033,0.008,0.000,25,8,3,0
0.052,0.143,0.572,0.2,0.291,1,0.2985,0.3023,0.217,0.180,0.199,0.115,0.045,0.023,0.003,0.000,15,8,2,0,0.203,0.125,0.086,0.033,0.008,0.000,25,8,3,0
0.049,0.136,0.614,1.76,0.409,0,0.3108,0.3135,0.079,-0.884,0.199,0.115,0.045,0.023,0.003,0.000,15,8,2,0,0.203,0.125,0.086,0.033,0.008,0.000,25,8,3,0
0.065,0.068,0.553,2.1,0.128,0,0.3125,0.3161,0.061,0.02,0.199,0.115,0.045,0.023,0.003,0.000,15,8,2,0,0.203,0.125,0.086,0.033,0.008,0.000,25,8,3,0
0.085,0.062,0.516,0,0.000,0,0.2943,0.3044,0.099,0.166,0.199,0.115,0.045,0.023,0.003,0.000,15,8,2,0,0.203,0.125,0.086,0.033,0.008,0.000,25,8,3,0
0.094,0.054,0.658,-0.08,0.108,0,0.2675,0.2860,0.146,0.059,0.199,0.115,0.045,0.023,0.003,0.000,15,8,2,0,0.203,0.125,0.086,0.033,0.008,0.000,25,8,3,0
0.094,0.061,0.667,-0.08,0.108,0,0.2225,0.2525,0.168,0.059,0.199,0.115,0.045,0.023,0.003,0.000,15,8,2,0,0.203,0.125,0.086,0.033,0.008,0.000,25,8,3,0
0.074,0.055,0.590,-0.79,0.151,-1,0.1692,0.2121,0.390,0.736,0.199,0.115,0.045,0.023,0.003,0.000,15,8,2,0,0.203,0.125,0.086,0.033,0.008,0.000,25,8,3,0
0.080,0.074,0.594,-1.1,0.105,-1,0.1240,0.1796,0.264,0.192,0.199,0.115,0.045,0.023,0.003,0.000,15,8,2,0,0.203,0.125,0.086,0.033,0.008,0.000,25,8,3,0
0.080,0.093,0.588,1.37,0.298,0,0.0949,0.1587,0.196,-0.510,0.199,0.115,0.045,0.023,0.003,0.000,15,8,2,0,0.203,0.125,0.086,0.033,0.008,0.000,25,8,3,0
0.063,0.091,0.492,-1.1,0.105,-1,0.0920,0.1570,0.387,0.192,0.199,0.115,0.045,0.023,0.003,0.000,15,8,2,0,0.203,0.125,0.086,0.033,0.008,0.000,25,8,3,0
0.067,0.169,0.605,0.2,0.291,1,0.1228,0.1815,0.398,0.180,0.199,0.115,0.045,0.023,0.003,0.000,15,8,2,0,0.203,0.125,0.086,0.033,0.008,0.000,25,8,3,0
0.065,0.165,0.543,-1.1,0.105,-1,0.1531,0.2054,0.408,0.192,0.199,0.115,0.045,0.023,0.003,0.000,15,8,2,0,0.203,0.125,0.086,0.033,0.008,0.000,25,8,3,0
0.099,0.153,0.460,-1.19,0.219,1,0.1842,0.2287,0.425,0.586,0.199,0.115,0.045,0.023,0.003,0.000,15,8,2,0,0.203,0.125,0.086,0.033,0.008,0.000,25,8,3,0
0.102,0.154,0.513,-1.19,0.219,1,0.2075,0.2453,0.415,0.586,0.199,0.115,0.045,0.023,0.003,0.000,15,8,2,0,0.203,0.125,0.086,0.033,0.008,0.000,25,8,3,0
0.094,0.187,0.616,1.37,0.298,0,0.2361,0.2668,0.162,-0.510,0.199,0.115,0.045,0.023,0.003,0.000,15,8,2,0,0.203,0.125,0.086,0.033,0.008,0.000,25,8,3,0
0.099,0.096,0.405,0,0.000,0,0.2443,0.2708,0.215,0.166,0.199,0.115,0.045,0.023,0.003,0.000,15,8,2,0,0.203,0.125,0.086,0.033,0.008,0.000,25,8,3,0
0.107,0.105,0.523,1.69,0.290,0,0.2556,0.2738,0.115,-0.697,0.199,0.115,0.045,0.023,0.003,0.000,15,8,2,0,0.203,0.125,0.086,0.033,0.008,0.000,25,8,3,0
0.134,0.071,0.270,2.1,0.128,0,0.2627,0.2758,0.058,0.02,0.199,0.115,0.045,0.023,0.003,0.000,15,8,2,0,0.203,0.125,0.086,0.033,0.008,0.000,25,8,3,0
0.118,0.049,0.149,-1.14,0.131,0,0.2783,0.2831,0.162,0.987,0.199,0.115,0.045,0.023,0.003,0.000,15,8,2,0,0.203,0.125,0.086,0.033,0.008,0.000,25,8,3,0
0.139,0.040,0.302,-0.79,0.151,-1,0.2861,0.2856,0.311,0.736,0.199,0.115,0.045,0.023,0.003,0.000,15,8,2,0,0.203,0.125,0.086,0.033,0.008,0.000,25,8,3,0
0.118,0.052,0.257,-0.08,0.108,0,0.2787,0.2753,0.176,0.059,0.199,0.115,0.045,0.023,0.003,0.000,15,8,2,0,0.203,0.125,0.086,0.033,0.008,0.000,25,8,3,0
0.116,0.040,0.146,0.85,0.046,0,0.2694,0.2665,0.093,0.06,0.199,0.115,0.045,0.023,0.003,0.000,15,8,2,0,0.203,0.125,0.086,0.033,0.008,0.000,25,8,3,0
0.121,0.055,0.160,1.42,0.221,0,0.2733,0.2681,0.103,-0.397,0.199,0.115,0.045,0.023,0.003,0.000,15,8,2,0,0.203,0.125,0.086,0.033,0.008,0.000,25,8,3,0
0.093,0.074,0.229,-0.52,0.062,0,0.2768,0.2671,0.114,0.341,0.199,0.115,0.045,0.023,0.003,0.000,15,8,2,0,0.203,0.125,0.086,0.033,0.008,0.000,25,8,3,0
0.077,0.077,0.362,-0.08,0.108,0,0.2760,0.2623,0.130,0.059,0.199,0.115,0.045,0.023,0.003,0.000,15,8,2,0,0.203,0.125,0.086,0.033,0.008,0.000,25,8,3,0
0.087,0.061,0.046,2.53,0.140,0,0.2687,0.2532,0.129,-0.121,0.199,0.115,0.045,0.023,0.003,0.000,15,8,2,0,0.203,0.125,0.086,0.033,0.008,0.000,25,8,3,0
0.069,0.091,0.133,0,0.000,0,0.2527,0.2376,0.176,0.166,0.199,0.115,0.045,0.023,0.003,0.000,15,8,2,0,0.203,0.125,0.086,0.033,0.008,0.000,25,8,3,0
0.081,0.110,0.220,0,0.000,0,0.2453,0.2295,0.220,0.166,0.199,0.115,0.045,0.023,0.003,0.000,15,8,2,0,0.203,0.125,0.086,0.033,0.008,0.000,25,8,3,0
0.064,0.093,0.295,-0.48,0.134,0,0.2413,0.2243,0.258,0.007,0.199,0.115,0.045,0.023,0.003,0.000,15,8,2,0,0.203,0.125,0.086,0.033,0.008,0.000,25,8,3,0
0.064,0.113,0.220,-0.52,0.062,0,0.2282,0.2128,0.233,0.341,0.199,0.115,0.045,0.023,0.003,0.000,15,8,2,0,0.203,0.125,0.086,0.033,0.008,0.000,25,8,3,0
0.065,0.105,0.097,-0.79,0.151,-1,0.2184,0.2043,0.427,0.736,0.199,0.115,0.045,0.023,0.003,0.000,15,8,2,0,0.203,0.125,0.086,0.033,0.008,0.000,25,8,3,0
0.068,0.116,0.141,0,0.000,0,0.2075,0.1955,0.176,0.166,0.199,0.115,0.045,0.023,0.003,0.000,15,8,2,0,0.203,0.125,0.086,0.033,0.008,0.000,25,8,3,0
0.069,0.099,0.048,0.85,0.046,0,0.1957,0.1883,0.077,0.06,0.199,0.115,0.045,0.023,0.003,0.000,15,8,2,0,0.203,0.125,0.086,0.033,0.008,0.000,25,8,3,0
0.055,0.082,0.138,-1.14,0.131,0,0.1739,0.1735,0.136,0.987,0.199,0.115,0.045,0.023,0.003,0.000,15,8,2,0,0.203,0.125,0.086,0.033,0.008,0.000,25,8,3,0
0.066,0.073,0.123,2.1,0.128,0,0.1603,0.1644,0.038,0.02,0.199,0.115,0.045,0.023,0.003,0.000,15,8,2,0,0.203,0.125,0.086,0.033,0.008,0.000,25,8,3,0
0.062,0.059,0.181,2.53,0.140,0,0.1417,0.1510,0.078,-0.121,0.199,0.115,0.045,0.023,0.003,0.000,15,8,2,0,0.203,0.125,0.086,0.033,0.008,0.000,25,8,3,0
0.049,0.090,0.313,1.69,0.290,0,0.1440,0.1521,0.031,-0.697,0.199,0.115,0.045,0.023,0.003,0.000,15,8,2,0,0.203,0.125,0.086,0.033,0.008,0.000,25,8,3,0
0.051,0.058,0.340,-1.14,0.131,0,0.1385,0.1464,0.051,0.987,0.199,0.115,0.045,0.023,0.003,0.000,15,8,2,0,0.203,0.125,0.086,0.033,0.008,0.000,25,8,3,0
0.052,0.090,0.446,1.69,0.290,0,0.1236,0.1319,0.040,-0.697,0.199,0.115,0.045,0.023,0.003,0.000,15,8,2,0,0.203,0.125,0.086,0.033,0.008,0.000,25,8,3,0
0.058,0.097,0.464,-0.08,0.108,0,0.0911,0.1055,0.130,0.059,0.199,0.115,0.045,0.023,0.003,0.000,15,8,2,0,0.203,0.125,0.086,0.033,0.008,0.000,25,8,3,0
0.058,0.087,0.565,1.69,0.290,0,0.0701,0.0885,0.067,-0.697,0.199,0.115,0.045,0.023,0.003,0.000,15,8,2,0,0.203,0.125,0.086,0.033,0.008,0.000,25,8,3,0
0.073,0.091,0.379,1.99,0.186,0,0.0599,0.0798,0.144,-0.326,0.199,0.115,0.045,0.023,0.003,0.000,15,8,2,0,0.203,0.125,0.086,0.033,0.008,0.000,25,8,3,0
0.073,0.160,0.469,0,0.000,0,0.0736,0.0879,0.158,0.166,0.199,0.115,0.045,0.023,0.003,0.000,15,8,2,0,0.203,0.125,0.086,0.033,0.008,0.000,25,8,3,0
0.075,0.182,0.336,-0.48,0.134,0,0.0953,0.1029,0.266,0.007,0.199,0.115,0.045,0.023,0.003,0.000,15,8,2,0,0.203,0.125,0.086,0.033,0.008,0.000,25,8,3,0
0.083,0.190,0.456,-1.19,0.219,1,0.1151,0.1184,0.292,0.586,0.199,0.115,0.045,0.023,0.003,0.000,15,8,2,0,0.203,0.125,0.086,0.033,0.008,0.000,25,8,3,0
0.077,0.226,0.507,1.37,0.298,0,0.1413,0.1393,0.122,-0.510,0.199,0.115,0.045,0.023,0.003,0.000,15,8,2,0,0.203,0.125,0.086,0.033,0.008,0.000,25,8,3,0
0.079,0.146,0.386,-0.79,0.151,-1,0.1655,0.1567,0.276,0.736,0.199,0.115,0.045,0.023,0.003,0.000,15,8,2,0,0.203,0.125,0.086,0.033,0.008,0.000,25,8,3,0
0.120,0.176,0.425,-0.52,0.062,0,0.1809,0.1640,0.166,0.341,0.199,0.115,0.045,0.023,0.003,0.000,15,8,2,0,0.203,0.125,0.086,0.033,0.008,0.000,25,8,3,0
0.131,0.189,0.178,2.1,0.128,0,0.1955,0.1691,0.061,0.02,0.199,0.115,0.045,0.023,0.003,0.000,15,8,2,0,0.203,0.125,0.086,0.033,0.008,0.000,25,8,3,0
0.110,0.223,0.311,-0.08,0.108,0,0.2061,0.1685,0.206,0.059,0.199,0.115,0.045,0.023,0.003,0.000,15,8,2,0,0.203,0.125,0.086,0.033,0.008,0.000,25,8,3,0
0.119,0.208,0.353,-0.52,0.062,0,0.2148,0.1647,0.232,0.341,0.199,0.115,0.045,0.023,0.003,0.000,15,8,2,0,0.203,0.125,0.086,0.033,0.008,0.000,25,8,3,0
0.145,0.162,0.307,0.85,0.046,0,0.2089,0.1510,0.209,0.06,0.199,0.115,0.045,0.023,0.003,0.000,15,8,2,0,0.203,0.125,0.086,0.033,0.008,0.000,25,8,3,0
0.138,0.215,0.456,0,0.000,0,0.1981,0.1342,0.179,0.166,0.199,0.115,0.045,0.023,0.003,0.000,15,8,2,0,0.203,0.125,0.086,0.033,0.008,0.000,25,8,3,0
0.129,0.285,0.573,0.2,0.291,1,0.1878,0.1188,0.264,0.180,0.199,0.115,0.045,0.023,0.003,0.000,15,8,2,0,0.203,0.125,0.086,0.033,0.008,0.000,25,8,3,0
0.152,0.188,0.584,-0.52,0.062,0,0.1975,0.1200,0.311,0.341,0.199,0.115,0.045,0.023,0.003,0.000,15,8,2,0,0.203,0.125,0.086,0.033,0.008,0.000,25,8,3,0
0.105,0.236,0.599,-1.1,0.105,-1,0.2128,0.1264,0.372,0.192,0.199,0.115,0.045,0.023,0.003,0.000,15,8,2,0,0.203,0.125,0.086,0.033,0.008,0.000,25,8,3,0
0.105,0.197,0.488,0,0.000,0,0.2395,0.1416,0.136,0.166,0.199,0.115,0.045,0.023,0.003,0.000,15,8,2,0,0.203,0.125,0.086,0.033,0.008,0.000,25,8,3,0
0.123,0.216,0.611,-1.19,0.219,1,0.2684,0.1584,0.250,0.586,0.199,0.115,0.045,0.023,0.003,0.000,15,8,2,0,0.203,0.125,0.086,0.033,0.008,0.000,25,8,3,0
0.113,0.107,0.436,1.42,0.221,0,0.2973,0.1758,0.075,-0.397,0.199,0.115,0.045,0.023,0.003,0.000,15,8,2,0,0.203,0.125,0.086,0.033,0.008,0.000,25,8,3,0
0.105,0.146,0.626,1.76,0.409,0,0.3111,0.1832,0.058,-0.884,0.199,0.115,0.045,0.023,0.003,0.000,15,8,2,0,0.203,0.125,0.086,0.033,0.008,0.000,25,8,3,0
0.115,0.065,0.312,2.1,0.128,0,0.3225,0.1895,0.035,0.02,0.199,0.115,0.045,0.023,0.003,0.000,15,8,2,0,0.203,0.125,0.086,0.033,0.008,0.000,25,8,3,0
0.135,0.083,0.306,0.85,0.046,0,0.3182,0.1862,0.057,0.06,0.199,0.115,0.045,0.023,0.003,0.000,15,8,2,0,0.203,0.125,0.086,0.033,0.008,0.000,25,8,3,0
0.093,0.134,0.432,-0.08,0.108,0,0.3013,0.1781,0.076,0.059,0.199,0.115,0.045,0.023,0.003,0.000,15,8,2,0,0.203,0.125,0.086,0.033,0.008,0.000,25,8,3,0
0.093,0.159,0.443,-0.08,0.108,0,0.2604,0.1547,0.086,0.059,0.199,0.115,0.045,0.023,0.003,0.000,15,8,2,0,0.203,0.125,0.086,0.033,0.008,0.000,25,8,3,0
0.073,0.152,0.324,0.85,0.046,0,0.2138,0.1280,0.138,0.06,0.199,0.115,0.045,0.023,0.003,0.000,15,8,2,0,0.203,0.125,0.086,0.033,0.008,0.000,25,8,3,0
0.072,0.174,0.567,-0.48,0.134,0,0.1736,0.1056,0.219,0.007,0.199,0.115,0.045,0.023,0.003,0.000,15,8,2,0,0.203,0.125,0.086,0.033,0.008,0.000,25,8,3,0
0.071,0.173,0.343,1.37,0.298,0,0.1487,0.0935,0.141,-0.510,0.199,0.115,0.045,0.023,0.003,0.000,15,8,2,0,0.203,0.125,0.086,0.033,0.008,0.000,25,8,3,0
0.067,0.106,0.162,-1.1,0.105,-1,0.1436,0.0947,0.377,0.192,0.199,0.115,0.045,0.023,0.003,0.000,15,8,2,0,0.203,0.125,0.086,0.033,0.008,0.000,25,8,3,0
0.051,0.085,0.251,-1.1,0.105,-1,0.1621,0.1122,0.415,0.192,0.199,0.115,0.045,0.023,0.003,0.000,15,8,2,0,0.203,0.125,0.086,0.033,0.008,0.000,25,8,3,0
0.050,0.097,0.230,-1.1,0.105,-1,0.1768,0.1263,0.385,0.192,0.199,0.115,0.045,0.023,0.003,0.000,15,8,2,0,0.203,0.125,0.086,0.033,0.008,0.000,25,8,3,0
0.066,0.210,0.367,0.2,0.291,1,0.1904,0.1391,0.347,0.180,0.199,0.115,0.045,0.023,0.003,0.000,15,8,2,0,0.203,0.125,0.086,0.033,0.008,0.000,25,8,3,0
0.067,0.197,0.367,-1.19,0.219,1,0.1931,0.1428,0.358,0.586,0.199,0.115,0.045,0.023,0.003,0.000,15,8,2,0,0.203,0.125,0.086,0.033,0.008,0.000,25,8,3,0
0.066,0.232,0.535,1.76,0.409,0,0.1924,0.1441,0.112,-0.884,0.199,0.115,0.045,0.023,0.003,0.000,15,8,2,0,0.203,0.125,0.086,0.033,0.008,0.000,25,8,3,0
0.057,0.137,0.477,0,0.000,0,0.1753,0.1346,0.153,0.166,0.199,0.115,0.045,0.023,0.003,0.000,15,8,2,0,0.203,0.125,0.086,0.033,0.008,0.000,25,8,3,0
0.060,0.161,0.532,1.69,0.290,0,0.1508,0.1200,0.112,-0.697,0.199,0.115,0.045,0.023,0.003,0.000,15,8,2,0,0.203,0.125,0.086,0.033,0.008,0.000,25,8,3,0
0.060,0.097,0.257,2.1,0.128,0,0.1254,0.1041,0.064,0.02,0.199,0.115,0.045,0.023,0.003,0.000,15,8,2,0,0.203,0.125,0.086,0.033,0.008,0.000,25,8,3,0
0.072,0.115,0.301,-1.14,0.131,0,0.1030,0.0898,0.196,0.987,0.199,0.115,0.045,0.023,0.003,0.000,15,8,2,0,0.203,0.125,0.086,0.033,0.008,0.000,25,8,3,0
0.081,0.112,0.486,-1.1,0.105,-1,0.0836,0.0766,0.315,0.192,0.199,0.115,0.045,0.023,0.003,0.000,15,8,2,0,0.203,0.125,0.086,0.033,0.008,0.000,25,8,3,0
0.091,0.122,0.233,-0.42,0.180,0,0.0679,0.0658,0.252,0.318,0.199,0.115,0.045,0.023,0.003,0.000,15,8,2,0,0.203,0.125,0.086,0.033,0.008,0.000,25,8,3,0
0.077,0.170,0.253,0,0.000,0,0.0591,0.0595,0.159,0.166,0.199,0.115,0.045,0.023,0.003,0.000,15,8,2,0,0.203,0.125,0.086,0.033,0.008,0.000,25,8,3,0
0.065,0.205,0.328,1.37,0.298,0,0.0657,0.0640,0.059,-0.510,0.199,0.115,0.045,0.023,0.003,0.000,15,8,2,0,0.203,0.125,0.086,0.033,0.008,0.000,25,8,3,0
0.064,0.078,0.283,-0.52,0.062,0,0.0682,0.0645,0.056,0.341,0.199,0.115,0.045,0.023,0.003,0.000,15,8,2,0,0.203,0.125,0.086,0.033,0.008,0.000,25,8,3,0
0.055,0.068,0.296,1.99,0.186,0,0.0728,0.0659,0.039,-0.326,0.199,0.115,0.045,0.023,0.003,0.000,15,8,2,0,0.203,0.125,0.086,0.033,0.008,0.000,25,8,3,0
0.081,0.076,0.291,1.69,0.290,0,0.0757,0.0648,0.022,-0.697,0.199,0.115,0.045,0.023,0.003,0.000,15,8,2,0,0.203,0.125,0.086,0.033,0.008,0.000,25,8,3,0
0.083,0.063,0.214,1.99,0.186,0,0.0819,0.0650,0.030,-0.326,0.199,0.115,0.045,0.023,0.003,0.000,15,8,2,0,0.203,0.125,0.086,0.033,0.008,0.000,25,8,3,0
0.104,0.081,0.256,2.53,0.140,0,0.0879,0.0646,0.031,-0.121,0.199,0.115,0.045,0.023,0.003,0.000,15,8,2,0,0.203,0.125,0.086,0.033,0.008,0.000,25,8,3,0
0.100,0.107,0.375,0.85,0.046,0,0.0940,0.0645,0.022,0.06,0.199,0.115,0.045,0.023,0.003,0.000,15,8,2,0,0.203,0.125,0.086,0.033,0.008,0.000,25,8,3,0
0.085,0.105,0.254,0.85,0.046,0,0.1015,0.0687,0.018,0.06,0.199,0.115,0.045,0.023,0.003,0.000,15,8,2,0,0.203,0.125,0.086,0.033,0.008,0.000,25,8,3,0
0.095,0.179,0.470,0.22,0.230,0,0.1146,0.0788,0.091,0.303,0.199,0.115,0.045,0.023,0.003,0.000,15,8,2,0,0.203,0.125,0.086,0.033,0.008,0.000,25,8,3,0
0.104,0.154,0.386,-0.79,0.151,-1,0.1339,0.0962,0.179,0.736,0.199,0.115,0.045,0.023,0.003,0.000,15,8,2,0,0.203,0.125,0.086,0.033,0.008,0.000,25,8,3,0
0.098,0.147,0.213,1.69,0.290,0,0.1561,0.1142,0.071,-0.697,0.199,0.115,0.045,0.023,0.003,0.000,15,8,2,0,0.203,0.125,0.086,0.033,0.008,0.000,25,8,3,0
0.106,0.149,0.450,0,0.000,0,0.1834,0.1357,0.095,0.166,0.199,0.115,0.045,0.023,0.003,0.000,15,8,2,0,0.203,0.125,0.086,0.033,0.008,0.000,25,8,3,0
0.096,0.183,0.674,0.22,0.230,0,0.2324,0.1743,0.178,0.303,0.199,0.115,0.045,0.023,0.003,0.000,15,8,2,0,0.203,0.125,0.086,0.033,0.008,0.000,25,8,3,0
0.098,0.109,0.556,0.85,0.046,0,0.2727,0.2054,0.145,0.06,0.199,0.115,0.045,0.023,0.003,0.000,15,8,2,0,0.203,0.125,0.086,0.033,0.008,0.000,25,8,3,0
0.120,0.128,0.505,1.42,0.221,0,0.3200,0.2406,0.110,-0.397,0.199,0.115,0.045,0.023,0.003,0.000,15,8,2,0,0.203,0.125,0.086,0.033,0.008,0.000,25,8,3,0
0.120,0.147,0.452,0,0.000,0,0.3580,0.2678,0.174,0.166,0.199,0.115,0.045,0.023,0.003,0.000,15,8,2,0,0.203,0.125,0.086,0.033,0.008,0.000,25,8,3,0
0.125,0.121,0.457,1.99,0.186,0,0.3794,0.2830,0.109,-0.326,0.199,0.115,0.045,0.023,0.003,0.000,15,8,2,0,0.203,0.125,0.086,0.033,0.008,0.000,25,8,3,0
0.125,0.122,0.465,-0.79,0.151,-1,0.3735,0.2774,0.261,0.736,0.199,0.115,0.045,0.023,0.003,0.000,15,8,2,0,0.203,0.125,0.086,0.033,0.008,0.000,25,8,3,0
0.119,0.198,0.647,0.22,0.230,0,0.3629,0.2695,0.181,0.303,0.199,0.115,0.045,0.023,0.003,0.000,15,8,2,0,0.203,0.125,0.086,0.033,0.008,0.000,25,8,3,0
0.108,0.149,0.648,-0.52,0.062,0,0.3371,0.2490,0.185,0.341,0.199,0.115,0.045,0.023,0.003,0.000,15,8,2,0,0.203,0.125,0.086,0.033,0.008,0.000,25,8,3,0
0.119,0.142,0.524,-0.42,0.180,0,0.3179,0.2369,0.339,0.318,0.199,0.115,0.045,0.023,0.003,0.000,15,8,2,0,0.203,0.125,0.086,0.033,0.008,0.000,25,8,3,0
0.137,0.164,0.372,-1.1,0.105,-1,0.2995,0.2282,0.207,0.192,0.199,0.115,0.045,0.023,0.003,0.000,15,8,2,0,0.203,0.125,0.086,0.033,0.008,0.000,25,8,3,0
0.120,0.157,0.215,-1.14,0.131,0,0.2857,0.2249,0.230,0.987,0.199,0.115,0.045,0.023,0.003,0.000,15,8,2,0,0.203,0.125,0.086,0.033,0.008,0.000,25,8,3,0
0.106,0.190,0.391,0,0.000,0,0.2742,0.2239,0.238,0.166,0.199,0.115,0.045,0.023,0.003,0.000,15,8,2,0,0.203,0.125,0.086,0.033,0.008,0.000,25,8,3,0
0.131,0.183,0.280,0.85,0.046,0,0.2574,0.2176,0.126,0.06,0.199,0.115,0.045,0.023,0.003,0.000,15,8,2,0,0.203,0.125,0.086,0.033,0.008,0.000,25,8,3,0
0.106,0.155,0.460,1.99,0.186,0,0.2514,0.2226,0.067,-0.326,0.199,0.115,0.045,0.023,0.003,0.000,15,8,2,0,0.203,0.125,0.086,0.033,0.008,0.000,25,8,3,0
0.085,0.140,0.583,1.42,0.221,0,0.2523,0.2338,0.092,-0.397,0.199,0.115,0.045,0.023,0.003,0.000,15,8,2,0,0.203,0.125,0.086,0.033,0.008,0.000,25,8,3,0
0.089,0.128,0.680,0.85,0.046,0,0.2539,0.2468,0.066,0.06,0.199,0.115,0.045,0.023,0.003,0.000,15,8,2,0,0.203,0.125,0.086,0.033,0.008,0.000,25,8,3,0
0.109,0.152,0.550,-1.14,0.131,0,0.2444,0.2462,0.085,0.987,0.199,0.115,0.045,0.023,0.003,0.000,15,8,2,0,0.203,0.125,0.086,0.033,0.008,0.000,25,8,3,0
0.107,0.132,0.543,3.14,0.186,0,0.2263,0.2350,0.053,-0.486,0.199,0.115,0.045,0.023,0.003,0.000,15,8,2,0,0.203,0.125,0.086,0.033,0.008,0.000,25,8,3,0
0.099,0.260,0.571,1.37,0.298,0,0.2077,0.2183,0.118,-0.510,0.199,0.115,0.045,0.023,0.003,0.000,15,8,2,0,0.203,0.125,0.086,0.033,0.008,0.000,25,8,3,0
0.098,0.244,0.452,-0.08,0.108,0,0.1835,0.1991,0.126,0.059,0.199,0.115,0.045,0.023,0.003,0.000,15,8,2,0,0.203,0.125,0.086,0.033,0.008,0.000,25,8,3,0
0.098,0.287,0.571,1.37,0.298,0,0.1776,0.1945,0.091,-0.510,0.199,0.115,0.045,0.023,0.003,0.000,15,8,2,0,0.203,0.125,0.086,0.033,0.008,0.000,25,8,3,0
0.100,0.268,0.539,-0.08,0.108,0,0.1706,0.1898,0.129,0.059,0.199,0.115,0.045,0.023,0.003,0.000,15,8,2,0,0.203,0.125,0.086,0.033,0.008,0.000,25,8,3,0
0.121,0.312,0.418,-1.19,0.219,1,0.1722,0.1951,0.370,0.586,0.199,0.115,0.045,0.023,0.003,0.000,15,8,2,0,0.203,0.125,0.086,0.033,0.008,0.000,25,8,3,0
0.123,0.272,0.434,-0.48,0.134,0,0.1626,0.1952,0.266,0.007,0.199,0.115,0.045,0.023,0.003,0.000,15,8,2,0,0.203,0.125,0.086,0.033,0.008,0.000,25,8,3,0
0.121,0.241,0.445,1.69,0.290,0,0.1619,0.2044,0.088,-0.697,0.199,0.115,0.045,0.023,0.003,0.000,15,8,2,0,0.203,0.125,0.086,0.033,0.008,0.000,25,8,3,0
0.112,0.307,0.483,0.2,0.291,1,0.1493,0.2034,0.337,0.180,0.199,0.115,0.045,0.023,0.003,0.000,15,8,2,0,0.203,0.125,0.086,0.033,0.008,0.000,25,8,3,0
0.091,0.279,0.314,1.99,0.186,0,0.1609,0.2241,0.117,-0.326,0.199,0.115,0.045,0.023,0.003,0.000,15,8,2,0,0.203,0.125,0.086,0.033,0.008,0.000,25,8,3,0
0.094,0.255,0.341,-0.52,0.062,0,0.1702,0.2431,0.200,0.341,0.199,0.115,0.045,0.023,0.003,0.000,15,8,2,0,0.203,0.125,0.086,0.033,0.008,0.000,25,8,3,0
0.086,0.220,0.357,-0.42,0.180,0,0.1901,0.2717,0.335,0.318,0.199,0.115,0.045,0.023,0.003,0.000,15,8,2,0,0.203,0.125,0.086,0.033,0.008,0.000,25,8,3,0
0.099,0.196,0.398,-1.1,0.105,-1,0.2066,0.2948,0.408,0.192,0.199,0.115,0.045,0.023,0.003,0.000,15,8,2,0,0.203,0.125,0.086,0.033,0.008,0.000,25,8,3,0
0.105,0.125,0.272,-1.1,0.105,-1,0.2146,0.3087,0.239,0.192,0.199,0.115,0.045,0.023,0.003,0.000,15,8,2,0,0.203,0.125,0.086,0.033,0.008,0.000,25,8,3,0
0.123,0.099,0.173,3.14,0.186,0,0.2296,0.3281,0.093,-0.486,0.199,0.115,0.045,0.023,0.003,0.000,15,8,2,0,0.203,0.125,0.086,0.033,0.008,0.000,25,8,3,0
0.124,0.105,0.352,-1.19,0.219,1,0.2473,0.3475,0.429,0.586,0.199,0.115,0.045,0.023,0.003,0.000,15,8,2,0,0.203,0.125,0.086,0.033,0.008,0.000,25,8,3,0
0.096,0.108,0.175,0,0.000,0,0.2717,0.3728,0.173,0.166,0.199,0.115,0.045,0.023,0.003,0.000,15,8,2,0,0.203,0.125,0.086,0.033,0.008,0.000,25,8,3,0
0.111,0.089,0.289,3.14,0.186,0,0.2917,0.3910,0.047,-0.486,0.199,0.115,0.045,0.023,0.003,0.000,15,8,2,0,0.203,0.125,0.086,0.033,0.008,0.000,25,8,3,0
0.129,0.104,0.554,-0.42,0.180,0,0.2993,0.3962,0.220,0.318,0.199,0.115,0.045,0.023,0.003,0.000,15,8,2,0,0.203,0.125,0.086,0.033,0.008,0.000,25,8,3,0
0.124,0.108,0.228,-0.79,0.151,-1,0.3046,0.3966,0.361,0.736,0.199,0.115,0.045,0.023,0.003,0.000,15,8,2,0,0.203,0.125,0.086,0.033,0.008,0.000,25,8,3,0
0.127,0.106,0.065,1.99,0.186,0,0.3112,0.4007,0.089,-0.326,0.199,0.115,0.045,0.023,0.003,0.000,15,8,2,0,0.203,0.125,0.086,0.033,0.008,0.000,25,8,3,0
0.115,0.231,0.294,1.37,0.298,0,0.3198,0.4037,0.131,-0.510,0.199,0.115,0.045,0.023,0.003,0.000,15,8,2,0,0.203,0.125,0.086,0.033,0.008,0.000,25,8,3,0
0.121,0.188,0.144,0,0.000,0,0.3370,0.4143,0.324,0.166,0.199,0.115,0.045,0.023,0.003,0.000,15,8,2,0,0.203,0.125,0.086,0.033,0.008,0.000,25,8,3,0
0.120,0.172,0.006,0.85,0.046,0,0.3668,0.4371,0.213,0.06,0.199,0.115,0.045,0.023,0.003,0.000,15,8,2,0,0.203,0.125,0.086,0.033,0.008,0.000,25,8,3,0
0.119,0.182,0.059,-0.52,0.062,0,0.3814,0.4506,0.178,0.341,0.199,0.115,0.045,0.023,0.003,0.000,15,8,2,0,0.203,0.125,0.086,0.033,0.008,0.000,25,8,3,0
0.117,0.198,0.023,-1.14,0.131,0,0.3840,0.4545,0.247,0.987,0.199,0.115,0.045,0.023,0.003,0.000,15,8,2,0,0.203,0.125,0.086,0.033,0.008,0.000,25,8,3,0
0.089,0.196,0.016,-1.1,0.105,-1,0.3832,0.4538,0.278,0.192,0.199,0.115,0.045,0.023,0.003,0.000,15,8,2,0,0.203,0.125,0.086,0.033,0.008,0.000,25,8,3,0
0.087,0.131,0.002,3.14,0.186,0,0.4045,0.4666,0.106,-0.486,0.199,0.115,0.045,0.023,0.003,0.000,15,8,2,0,0.203,0.125,0.086,0.033,0.008,0.000,25,8,3,0
0.091,0.118,0.006,-1.1,0.105,-1,0.4267,0.4790,0.248,0.192,0.199,0.115,0.045,0.023,0.003,0.000,15,8,2,0,0.203,0.125,0.086,0.033,0.008,0.000,25,8,3,0
0.090,0.094,0.001,1.99,0.186,0,0.4662,0.5043,0.138,-0.326,0.199,0.115,0.045,0.023,0.003,0.000,15,8,2,0,0.203,0.125,0.086,0.033,0.008,0.000,25,8,3,0
0.111,0.096,0.002,0,0.000,0,0.4864,0.5121,0.189,0.166,0.199,0.115,0.045,0.023,0.003,0.000,15,8,2,0,0.203,0.125,0.086,0.033,0.008,0.000,25,8,3,0
0.106,0.132,0.001,-0.08,0.108,0,0.5057,0.5191,0.336,0.059,0.199,0.115,0.045,0.023,0.003,0.000,15,8,2,0,0.203,0.125,0.086,0.033,0.008,0.000,25,8,3,0
0.113,0.094,0.048,0,0.000,0,0.5164,0.5222,0.099,0.166,0.199,0.115,0.045,0.023,0.003,0.000,15,8,2,0,0.203,0.125,0.086,0.033,0.008,0.000,25,8,3,0
0.090,0.088,0.016,-1.14,0.131,0,0.5306,0.5272,0.269,0.987,0.199,0.115,0.045,0.023,0.003,0.000,15,8,2,0,0.203,0.125,0.086,0.033,0.008,0.000,25,8,3,0
0.087,0.101,0.052,-0.08,0.108,0,0.5464,0.5354,0.197,0.059,0.199,0.115,0.045,0.023,0.003,0.000,15,8,2,0,0.203,0.125,0.086,0.033,0.008,0.000,25,8,3,0
0.085,0.096,0.127,-1.14,0.131,0,0.5401,0.5232,0.200,0.987,0.199,0.115,0.045,0.023,0.003,0.000,15,8,2,0,0.203,0.125,0.086,0.033,0.008,0.000,25,8,3,0
0.111,0.105,0.273,-0.08,0.108,0,0.5233,0.5055,0.230,0.059,0.199,0.115,0.045,0.023,0.003,0.000,15,8,2,0,0.203,0.125,0.086,0.033,0.008,0.000,25,8,3,0
0.112,0.097,0.092,1.99,0.186,0,0.5100,0.4922,0.194,-0.326,0.199,0.115,0.045,0.023,0.003,0.000,15,8,2,0,0.203,0.125,0.086,0.033,0.008,0.000,25,8,3,0
0.110,0.097,0.092,0,0.000,0,0.4812,0.4689,0.119,0.166,0.199,0.115,0.045,0.023,0.003,0.000,15,8,2,0,0.203,0.125,0.086,0.033,0.008,0.000,25,8,3,0
0.112,0.086,0.074,-1.14,0.131,0,0.4517,0.4429,0.273,0.987,0.199,0.115,0.045,0.023,0.003,0.000,15,8,2,0,0.203,0.125,0.086,0.033,0.008,0.000,25,8,3,0
0.113,0.095,0.051,2.53,0.140,0,0.4296,0.4219,0.182,-0.121,0.199,0.115,0.045,0.023,0.003,0.000,15,8,2,0,0.203,0.125,0.086,0.033,0.008,0.000,25,8,3,0
0.091,0.111,0.206,-0.08,0.108,0,0.4091,0.3997,0.212,0.059,0.199,0.115,0.045,0.023,0.003,0.000,15,8,2,0,0.203,0.125,0.086,0.033,0.008,0.000,25,8,3,0
0.092,0.111,0.063,-1.14,0.131,0,0.3760,0.3712,0.209,0.987,0.199,0.115,0.045,0.023,0.003,0.000,15,8,2,0,0.203,0.125,0.086,0.033,0.008,0.000,25,8,3,0
0.092,0.108,0.071,-0.79,0.151,-1,0.3285,0.3332,0.400,0.736,0.199,0.115,0.045,0.023,0.003,0.000,15,8,2,0,0.203,0.125,0.086,0.033,0.008,0.000,25,8,3,0
0.094,0.073,0.029,3.14,0.186,0,0.2833,0.2951,0.152,-0.486,0.199,0.115,0.045,0.023,0.003,0.000,15,8,2,0,0.203,0.125,0.086,0.033,0.008,0.000,25,8,3,0
0.099,0.102,0.252,2.1,0.128,0,0.2515,0.2674,0.096,0.02,0.199,0.115,0.045,0.023,0.003,0.000,15,8,2,0,0.203,0.125,0.086,0.033,0.008,0.000,25,8,3,0
0.100,0.144,0.229,-1.19,0.219,1,0.2352,0.2560,0.336,0.586,0.199,0.115,0.045,0.023,0.003,0.000,15,8,2,0,0.203,0.125,0.086,0.033,0.008,0.000,25,8,3,0
0.103,0.129,0.127,-0.42,0.180,0,0.2299,0.2526,0.267,0.318,0.199,0.115,0.045,0.023,0.003,0.000,15,8,2,0,0.203,0.125,0.086,0.033,0.008,0.000,25,8,3,0
0.108,0.142,0.114,-1.1,0.105,-1,0.2107,0.2357,0.240,0.192,0.199,0.115,0.045,0.023,0.003,0.000,15,8,2,0,0.203,0.125,0.086,0.033,0.008,0.000,25,8,3,0
0.108,0.143,0.229,3.14,0.186,0,0.1920,0.2163,0.065,-0.486,0.199,0.115,0.045,0.023,0.003,0.000,15,8,2,0,0.203,0.125,0.086,0.033,0.008,0.000,25,8,3,0
0.092,0.188,0.321,2.53,0.140,0,0.1661,0.1931,0.118,-0.121,0.199,0.115,0.045,0.023,0.003,0.000,15,8,2,0,0.203,0.125,0.086,0.033,0.008,0.000,25,8,3,0
0.089,0.248,0.522,1.69,0.290,0,0.1475,0.1767,0.091,-0.697,0.199,0.115,0.045,0.023,0.003,0.000,15,8,2,0,0.203,0.125,0.086,0.033,0.008,0.000,25,8,3,0
0.077,0.215,0.516,-1.1,0.105,-1,0.1264,0.1575,0.214,0.192,0.199,0.115,0.045,0.023,0.003,0.000,15,8,2,0,0.203,0.125,0.086,0.033,0.008,0.000,25,8,3,0
0.066,0.226,0.424,0,0.000,0,0.0969,0.1289,0.105,0.166,0.199,0.115,0.045,0.023,0.003,0.000,15,8,2,0,0.203,0.125,0.086,0.033,0.008,0.000,25,8,3,0
0.067,0.197,0.327,3.14,0.186,0,0.0688,0.1002,0.080,-0.486,0.199,0.115,0.045,0.023,0.003,0.000,15,8,2,0,0.203,0.125,0.086,0.033,0.008,0.000,25,8,3,0
0.086,0.167,0.282,0.85,0.046,0,0.0449,0.0745,0.120,0.06,0.199,0.115,0.045,0.023,0.003,0.000,15,8,2,0,0.203,0.125,0.086,0.033,0.008,0.000,25,8,3,0
0.080,0.249,0.523,-0.42,0.180,0,0.0262,0.0568,0.179,0.318,0.199,0.115,0.045,0.023,0.003,0.000,15,8,2,0,0.203,0.125,0.086,0.033,0.008,0.000,25,8,3,0
0.066,0.226,0.367,3.14,0.186,0,0.0236,0.0524,0.055,-0.486,0.199,0.115,0.045,0.023,0.003,0.000,15,8,2,0,0.203,0.125,0.086,0.033,0.008,0.000,25,8,3,0
0.056,0.253,0.704,0.2,0.291,1,0.0237,0.0499,0.233,0.180,0.199,0.115,0.045,0.023,0.003,0.000,15,8,2,0,0.203,0.125,0.086,0.033,0.008,0.000,25,8,3,0
0.057,0.215,0.390,0,0.000,0,0.0288,0.0506,0.178,0.166,0.199,0.115,0.045,0.023,0.003,0.000,15,8,2,0,0.203,0.125,0.086,0.033,0.008,0.000,25,8,3,0
0.039,0.187,0.265,-0.79,0.151,-1,0.0314,0.0523,0.126,0.736,0.199,0.115,0.045,0.023,0.003,0.000,15,8,2,0,0.203,0.125,0.086,0.033,0.008,0.000,25,8,3,0
0.041,0.175,0.291,3.14,0.186,0,0.0250,0.0453,0.049,-0.486,0.199,0.115,0.045,0.023,0.003,0.000,15,8,2,0,0.203,0.125,0.086,0.033,0.008,0.000,25,8,3,0
0.048,0.287,0.521,1.69,0.290,0,0.0212,0.0388,0.081,-0.697,0.199,0.115,0.045,0.023,0.003,0.000,15,8,2,0,0.203,0.125,0.086,0.033,0.008,0.000,25,8,3,0
0.050,0.299,0.428,1.69,0.290,0,0.0267,0.0419,0.077,-0.697,0.199,0.115,0.045,0.023,0.003,0.000,15,8,2,0,0.203,0.125,0.086,0.033,0.008,0.000,25,8,3,0
0.046,0.319,0.564,1.69,0.290,0,0.0353,0.0491,0.046,-0.697,0.199,0.115,0.045,0.023,0.003,0.000,15,8,2,0,0.203,0.125,0.086,0.033,0.008,0.000,25,8,3,0
0.045,0.354,0.679,-1.19,0.219,1,0.0457,0.0590,0.252,0.586,0.199,0.115,0.045,0.023,0.003,0.000,15,8,2,0,0.203,0.125,0.086,0.033,0.008,0.000,25,8,3,0
0.047,0.290,0.422,-1.1,0.105,-1,0.0551,0.0673,0.232,0.192,0.199,0.115,0.045,0.023,0.003,0.000,15,8,2,0,0.203,0.125,0.086,0.033,0.008,0.000,25,8,3,0
0.046,0.426,0.516,0.2,0.291,1,0.0584,0.0717,0.203,0.180,0.199,0.115,0.045,0.023,0.003,0.000,15,8,2,0,0.203,0.125,0.086,0.033,0.008,0.000,25,8,3,0
0.060,0.355,0.627,1.69,0.290,0,0.0653,0.0798,0.064,-0.697,0.199,0.115,0.045,0.023,0.003,0.000,15,8,2,0,0.203,0.125,0.086,0.033,0.008,0.000,25,8,3,0
0.055,0.300,0.503,3.14,0.186,0,0.0737,0.0906,0.073,-0.486,0.199,0.115,0.045,0.023,0.003,0.000,15,8,2,0,0.203,0.125,0.086,0.033,0.008,0.000,25,8,3,0
0.056,0.398,0.588,1.76,0.409,0,0.0936,0.1088,0.072,-0.884,0.199,0.115,0.045,0.023,0.003,0.000,15,8,2,0,0.203,0.125,0.086,0.033,0.008,0.000,25,8,3,0
0.071,0.391,0.591,0.2,0.291,1,0.1212,0.1312,0.169,0.180,0.199,0.115,0.045,0.023,0.003,0.000,15,8,2,0,0.203,0.125,0.086,0.033,0.008,0.000,25,8,3,0
0.070,0.238,0.422,-0.08,0.108,0,0.1443,0.1453,0.114,0.059,0.199,0.115,0.045,0.023,0.003,0.000,15,8,2,0,0.203,0.125,0.086,0.033,0.008,0.000,25,8,3,0
0.085,0.163,0.588,2.53,0.140,0,0.1495,0.1453,0.109,-0.121,0.199,0.115,0.045,0.023,0.003,0.000,15,8,2,0,0.203,0.125,0.086,0.033,0.008,0.000,25,8,3,0
0.103,0.222,0.600,-0.08,0.108,0,0.1571,0.1481,0.146,0.059,0.199,0.115,0.045,0.023,0.003,0.000,15,8,2,0,0.203,0.125,0.086,0.033,0.008,0.000,25,8,3,0
0.125,0.154,0.544,-1.14,0.131,0,0.1669,0.1530,0.248,0.987,0.199,0.115,0.045,0.023,0.003,0.000,15,8,2,0,0.203,0.125,0.086,0.033,0.008,0.000,25,8,3,0
0.101,0.207,0.548,0.2,0.291,1,0.1696,0.1502,0.444,0.180,0.199,0.115,0.045,0.023,0.003,0.000,15,8,2,0,0.203,0.125,0.086,0.033,0.008,0.000,25,8,3,0
0.100,0.103,0.392,-1.1,0.105,-1,0.1696,0.1451,0.423,0.192,0.199,0.115,0.045,0.023,0.003,0.000,15,8,2,0,0.203,0.125,0.086,0.033,0.008,0.000,25,8,3,0
0.079,0.160,0.456,-1.19,0.219,1,0.1806,0.1527,0.340,0.586,0.199,0.115,0.045,0.023,0.003,0.000,15,8,2,0,0.203,0.125,0.086,0.033,0.008,0.000,25,8,3,0
0.066,0.132,0.525,-1.14,0.131,0,0.1922,0.1607,0.349,0.987,0.199,0.115,0.045,0.023,0.003,0.000,15,8,2,0,0.203,0.125,0.086,0.033,0.008,0.000,25,8,3,0
0.064,0.161,0.306,1.42,0.221,0,0.2107,0.1773,0.242,-0.397,0.199,0.115,0.045,0.023,0.003,0.000,15,8,2,0,0.203,0.125,0.086,0.033,0.008,0.000,25,8,3,0
0.077,0.208,0.392,0,0.000,0,0.2369,0.2029,0.093,0.166,0.199,0.115,0.045,0.023,0.003,0.000,15,8,2,0,0.203,0.125,0.086,0.033,0.008,0.000,25,8,3,0
0.073,0.180,0.261,-1.14,0.131,0,0.2685,0.2336,0.144,0.987,0.199,0.115,0.045,0.023,0.003,0.000,15,8,2,0,0.203,0.125,0.086,0.033,0.008,0.000,25,8,3,0
0.074,0.111,0.248,1.99,0.186,0,0.2925,0.2572,0.090,-0.326,0.199,0.115,0.045,0.023,0.003,0.000,15,8,2,0,0.203,0.125,0.086,0.033,0.008,0.000,25,8,3,0
0.059,0.091,0.149,1.99,0.186,0,0.3054,0.2708,0.061,-0.326,0.199,0.115,0.045,0.023,0.003,0.000,15,8,2,0,0.203,0.125,0.086,0.033,0.008,0.000,25,8,3,0
0.078,0.085,0.093,2.53,0.140,0,0.3004,0.2711,0.047,-0.121,0.199,0.115,0.045,0.023,0.003,0.000,15,8,2,0,0.203,0.125,0.086,0.033,0.008,0.000,25,8,3,0
0.080,0.084,0.366,0.85,0.046,0,0.2760,0.2548,0.062,0.06,0.199,0.115,0.045,0.023,0.003,0.000,15,8,2,0,0.203,0.125,0.086,0.033,0.008,0.000,25,8,3,0
0.074,0.153,0.375,-0.08,0.108,0,0.2296,0.2214,0.091,0.059,0.199,0.115,0.045,0.023,0.003,0.000,15,8,2,0,0.203,0.125,0.086,0.033,0.008,0.000,25,8,3,0
0.077,0.219,0.267,1.69,0.290,0,0.1783,0.1792,0.050,-0.697,0.199,0.115,0.045,0.023,0.003,0.000,15,8,2,0,0.203,0.125,0.086,0.033,0.008,0.000,25,8,3,0
0.062,0.247,0.321,1.76,0.409,0,0.1346,0.1398,0.106,-0.884,0.199,0.115,0.045,0.023,0.003,0.000,15,8,2,0,0.203,0.125,0.086,0.033,0.008,0.000,25,8,3,0
0.057,0.159,0.279,-1.14,0.131,0,0.1102,0.1130,0.292,0.987,0.199,0.115,0.045,0.023,0.003,0.000,15,8,2,0,0.203,0.125,0.086,0.033,0.008,0.000,25,8,3,0
0.044,0.191,0.247,-0.79,0.151,-1,0.0907,0.0926,0.395,0.736,0.199,0.115,0.045,0.023,0.003,0.000,15,8,2,0,0.203,0.125,0.086,0.033,0.008,0.000,25,8,3,0
0.043,0.089,0.302,1.99,0.186,0,0.0945,0.0935,0.124,-0.326,0.199,0.115,0.045,0.023,0.003,0.000,15,8,2,0,0.203,0.125,0.086,0.033,0.008,0.000,25,8,3,0
0.043,0.104,0.210,-1.14,0.131,0,0.1313,0.1235,0.286,0.987,0.199,0.115,0.045,0.023,0.003,0.000,15,8,2,0,0.203,0.125,0.086,0.033,0.008,0.000,25,8,3,0
0.042,0.105,0.340,-0.79,0.151,-1,0.1852,0.1669,0.565,0.736,0.199,0.115,0.045,0.023,0.003,0.000,15,8,2,0,0.203,0.125,0.086,0.033,0.008,0.000,25,8,3,0
0.034,0.113,0.461,-1.19,0.219,1,0.2316,0.2044,0.300,0.586,0.199,0.115,0.045,0.023,0.003,0.000,15,8,2,0,0.203,0.125,0.086,0.033,0.008,0.000,25,8,3,0
0.027,0.103,0.297,3.14,0.186,0,0.2783,0.2460,0.063,-0.486,0.199,0.115,0.045,0.023,0.003,0.000,15,8,2,0,0.203,0.125,0.086,0.033,0.008,0.000,25,8,3,0
0.034,0.101,0.475,-1.1,0.105,-1,0.3046,0.2707,0.358,0.192,0.199,0.115,0.045,0.023,0.003,0.000,15,8,2,0,0.203,0.125,0.086,0.033,0.008,0.000,25,8,3,0
0.036,0.070,0.249,0.85,0.046,0,0.3186,0.2844,0.293,0.06,0.199,0.115,0.045,0.023,0.003,0.000,15,8,2,0,0.203,0.125,0.086,0.033,0.008,0.000,25,8,3,0
0.045,0.064,0.278,2.53,0.140,0,0.3136,0.2813,0.159,-0.121,0.199,0.115,0.045,0.023,0.003,0.000,15,8,2,0,0.203,0.125,0.086,0.033,0.008,0.000,25,8,3,0
0.054,0.091,0.347,1.37,0.298,0,0.3028,0.2749,0.184,-0.510,0.199,0.115,0.045,0.023,0.003,0.000,15,8,2,0,0.203,0.125,0.086,0.033,0.008,0.000,25,8,3,0
0.046,0.114,0.231,-0.79,0.151,-1,0.2811,0.2602,0.477,0.736,0.199,0.115,0.045,0.023,0.003,0.000,15,8,2,0,0.203,0.125,0.086,0.033,0.008,0.000,25,8,3,0
0.057,0.108,0.222,0.85,0.046,0,0.2536,0.2400,0.152,0.06,0.199,0.115,0.045,0.023,0.003,0.000,15,8,2,0,0.203,0.125,0.086,0.033,0.008,0.000,25,8,3,0
0.059,0.131,0.199,-1.14,0.131,0,0.2236,0.2170,0.279,0.987,0.199,0.115,0.045,0.023,0.003,0.000,15,8,2,0,0.203,0.125,0.086,0.033,0.008,0.000,25,8,3,0
0.052,0.156,0.233,-0.42,0.180,0,0.1984,0.1987,0.435,0.318,0.199,0.115,0.045,0.023,0.003,0.000,15,8,2,0,0.203,0.125,0.086,0.033,0.008,0.000,25,8,3,0
0.052,0.135,0.036,-0.79,0.151,-1,0.1723,0.1809,0.390,0.736,0.199,0.115,0.045,0.023,0.003,0.000,15,8,2,0,0.203,0.125,0.086,0.033,0.008,0.000,25,8,3,0
0.036,0.168,0.006,-0.79,0.151,-1,0.1511,0.1668,0.260,0.736,0.199,0.115,0.045,0.023,0.003,0.000,15,8,2,0,0.203,0.125,0.086,0.033,0.008,0.000,25,8,3,0
0.025,0.183,0.207,-1.19,0.219,1,0.1329,0.1541,0.259,0.586,0.199,0.115,0.045,0.023,0.003,0.000,15,8,2,0,0.203,0.125,0.086,0.033,0.008,0.000,25,8,3,0
0.025,0.180,0.005,0.85,0.046,0,0.1231,0.1482,0.100,0.06,0.199,0.115,0.045,0.023,0.003,0.000,15,8,2,0,0.203,0.125,0.086,0.033,0.008,0.000,25,8,3,0
0.022,0.197,0.130,2.53,0.140,0,0.1092,0.1407,0.079,-0.121,0.199,0.115,0.045,0.023,0.003,0.000,15,8,2,0,0.203,0.125,0.086,0.033,0.008,0.000,25,8,3,0
0.023,0.175,0.070,1.69,0.290,0,0.0912,0.1317,0.076,-0.697,0.199,0.115,0.045,0.023,0.003,0.000,15,8,2,0,0.203,0.125,0.086,0.033,0.008,0.000,25,8,3,0
0.027,0.264,0.321,1.69,0.290,0,0.0834,0.1295,0.078,-0.697,0.199,0.115,0.045,0.023,0.003,0.000,15,8,2,0,0.203,0.125,0.086,0.033,0.008,0.000,25,8,3,0
0.035,0.212,0.390,0.85,0.046,0,0.0893,0.1360,0.101,0.06,0.199,0.115,0.045,0.023,0.003,0.000,15,8,2,0,0.203,0.125,0.086,0.033,0.008,0.000,25,8,3,0
0.033,0.322,0.459,0,0.000,0,0.0865,0.1306,0.190,0.166,0.199,0.115,0.045,0.023,0.003,0.000,15,8,2,0,0.203,0.125,0.086,0.033,0.008,0.000,25,8,3,0
0.035,0.322,0.414,-0.48,0.134,0,0.0808,0.1232,0.162,0.007,0.199,0.115,0.045,0.023,0.003,0.000,15,8,2,0,0.203,0.125,0.086,0.033,0.008,0.000,25,8,3,0
0.029,0.195,0.470,-0.79,0.151,-1,0.0665,0.1092,0.162,0.736,0.199,0.115,0.045,0.023,0.003,0.000,15,8,2,0,0.203,0.125,0.086,0.033,0.008,0.000,25,8,3,0
0.038,0.242,0.406,1.37,0.298,0,0.0531,0.0959,0.075,-0.510,0.199,0.115,0.045,0.023,0.003,0.000,15,8,2,0,0.203,0.125,0.086,0.033,0.008,0.000,25,8,3,0
0.048,0.246,0.384,1.76,0.409,0,0.0458,0.0879,0.057,-0.884,0.199,0.115,0.045,0.023,0.003,0.000,15,8,2,0,0.203,0.125,0.086,0.033,0.008,0.000,25,8,3,0
0.034,0.132,0.203,3.14,0.186,0,0.0505,0.0925,0.044,-0.486,0.199,0.115,0.045,0.023,0.003,0.000,15,8,2,0,0.203,0.125,0.086,0.033,0.008,0.000,25,8,3,0
0.032,0.194,0.296,1.37,0.298,0,0.0705,0.1142,0.069,-0.510,0.199,0.115,0.045,0.023,0.003,0.000,15,8,2,0,0.203,0.125,0.086,0.033,0.008,0.000,25,8,3,0
0.040,0.138,0.176,-0.52,0.062,0,0.0941,0.1383,0.044,0.341,0.199,0.115,0.045,0.023,0.003,0.000,15,8,2,0,0.203,0.125,0.086,0.033,0.008,0.000,25,8,3,0
0.047,0.191,0.115,0.85,0.046,0,0.1101,0.1540,0.074,0.06,0.199,0.115,0.045,0.023,0.003,0.000,15,8,2,0,0.203,0.125,0.086,0.033,0.008,0.000,25,8,3,0
0.058,0.224,0.172,-0.52,0.062,0,0.1118,0.1572,0.156,0.341,0.199,0.115,0.045,0.023,0.003,0.000,15,8,2,0,0.203,0.125,0.086,0.033,0.008,0.000,25,8,3,0
0.054,0.213,0.081,-0.08,0.108,0,0.1122,0.1588,0.146,0.059,0.199,0.115,0.045,0.023,0.003,0.000,15,8,2,0,0.203,0.125,0.086,0.033,0.008,0.000,25,8,3,0
0.056,0.176,0.010,1.99,0.186,0,0.1169,0.1627,0.127,-0.326,0.199,0.115,0.045,0.023,0.003,0.000,15,8,2,0,0.203,0.125,0.086,0.033,0.008,0.000,25,8,3,0
0.067,0.167,0.174,-0.79,0.151,-1,0.1225,0.1644,0.378,0.736,0.199,0.115,0.045,0.023,0.003,0.000,15,8,2,0,0.203,0.125,0.086,0.033,0.008,0.000,25,8,3,0
0.084,0.243,0.450,0.2,0.291,1,0.1446,0.1787,0.395,0.180,0.199,0.115,0.045,0.023,0.003,0.000,15,8,2,0,0.203,0.125,0.086,0.033,0.008,0.000,25,8,3,0
0.094,0.209,0.408,0,0.000,0,0.1652,0.1908,0.326,0.166,0.199,0.115,0.045,0.023,0.003,0.000,15,8,2,0,0.203,0.125,0.086,0.033,0.008,0.000,25,8,3,0
0.130,0.283,0.438,1.37,0.298,0,0.1952,0.2143,0.184,-0.510,0.199,0.115,0.045,0.023,0.003,0.000,15,8,2,0,0.203,0.125,0.086,0.033,0.008,0.000,25,8,3,0
0.128,0.210,0.459,-1.14,0.131,0,0.2297,0.2436,0.287,0.987,0.199,0.115,0.045,0.023,0.003,0.000,15,8,2,0,0.203,0.125,0.086,0.033,0.008,0.000,25,8,3,0
0.137,0.297,0.756,-1.19,0.219,1,0.2853,0.2887,0.347,0.586,0.199,0.115,0.045,0.023,0.003,0.000,15,8,2,0,0.203,0.125,0.086,0.033,0.008,0.000,25,8,3,0
0.131,0.232,0.270,-1.14,0.131,0,0.3229,0.3175,0.276,0.987,0.199,0.115,0.045,0.023,0.003,0.000,15,8,2,0,0.203,0.125,0.086,0.033,0.008,0.000,25,8,3,0
0.126,0.219,0.070,1.99,0.186,0,0.3554,0.3444,0.147,-0.326,0.199,0.115,0.045,0.023,0.003,0.000,15,8,2,0,0.203,0.125,0.086,0.033,0.008,0.000,25,8,3,0
0.125,0.176,0.458,-0.08,0.108,0,0.3684,0.3558,0.265,0.059,0.199,0.115,0.045,0.023,0.003,0.000,15,8,2,0,0.203,0.125,0.086,0.033,0.008,0.000,25,8,3,0
0.131,0.177,0.428,-0.52,0.062,0,0.3635,0.3532,0.269,0.341,0.199,0.115,0.045,0.023,0.003,0.000,15,8,2,0,0.203,0.125,0.086,0.033,0.008,0.000,25,8,3,0
0.126,0.120,0.250,1.99,0.186,0,0.3386,0.3346,0.171,-0.326,0.199,0.115,0.045,0.023,0.003,0.000,15,8,2,0,0.203,0.125,0.086,0.033,0.008,0.000,25,8,3,0
0.155,0.133,0.336,0,0.000,0,0.3035,0.3082,0.294,0.166,0.199,0.115,0.045,0.023,0.003,0.000,15,8,2,0,0.203,0.125,0.086,0.033,0.008,0.000,25,8,3,0
0.150,0.150,0.274,1.99,0.186,0,0.2760,0.2899,0.132,-0.326,0.199,0.115,0.045,0.023,0.003,0.000,15,8,2,0,0.203,0.125,0.086,0.033,0.008,0.000,25,8,3,0
0.122,0.147,0.169,-1.14,0.131,0,0.2432,0.2662,0.212,0.987,0.199,0.115,0.045,0.023,0.003,0.000,15,8,2,0,0.203,0.125,0.086,0.033,0.008,0.000,25,8,3,0
0.116,0.157,0.303,-1.14,0.131,0,0.2221,0.2509,0.336,0.987,0.199,0.115,0.045,0.023,0.003,0.000,15,8,2,0,0.203,0.125,0.086,0.033,0.008,0.000,25,8,3,0
0.083,0.129,0.394,-1.1,0.105,-1,0.1965,0.2311,0.297,0.192,0.199,0.115,0.045,0.023,0.003,0.000,15,8,2,0,0.203,0.125,0.086,0.033,0.008,0.000,25,8,3,0
0.070,0.138,0.119,2.53,0.140,0,0.1939,0.2325,0.129,-0.121,0.199,0.115,0.045,0.023,0.003,0.000,15,8,2,0,0.203,0.125,0.086,0.033,0.008,0.000,25,8,3,0
0.092,0.211,0.213,-0.42,0.180,0,0.2014,0.2434,0.386,0.318,0.199,0.115,0.045,0.023,0.003,0.000,15,8,2,0,0.203,0.125,0.086,0.033,0.008,0.000,25,8,3,0
0.078,0.298,0.410,0.2,0.291,1,0.2140,0.2601,0.216,0.180,0.199,0.115,0.045,0.023,0.003,0.000,15,8,2,0,0.203,0.125,0.086,0.033,0.008,0.000,25,8,3,0
0.102,0.227,0.213,2.53,0.140,0,0.2317,0.2794,0.087,-0.121,0.199,0.115,0.045,0.023,0.003,0.000,15,8,2,0,0.203,0.125,0.086,0.033,0.008,0.000,25,8,3,0
0.121,0.206,0.524,-1.1,0.105,-1,0.2323,0.2823,0.202,0.192,0.199,0.115,0.045,0.023,0.003,0.000,15,8,2,0,0.203,0.125,0.086,0.033,0.008,0.000,25,8,3,0
0.115,0.187,0.436,0.85,0.046,0,0.2267,0.2817,0.204,0.06,0.199,0.115,0.045,0.023,0.003,0.000,15,8,2,0,0.203,0.125,0.086,0.033,0.008,0.000,25,8,3,0
0.101,0.245,0.482,0.85,0.046,0,0.2093,0.2712,0.114,0.06,0.199,0.115,0.045,0.023,0.003,0.000,15,8,2,0,0.203,0.125,0.086,0.033,0.008,0.000,25,8,3,0
0.099,0.274,0.141,1.69,0.290,0,0.1949,0.2588,0.089,-0.697,0.199,0.115,0.045,0.023,0.003,0.000,15,8,2,0,0.203,0.125,0.086,0.033,0.008,0.000,25,8,3,0
0.085,0.276,0.274,-0.48,0.134,0,0.1610,0.2305,0.285,0.007,0.199,0.115,0.045,0.023,0.003,0.000,15,8,2,0,0.203,0.125,0.086,0.033,0.008,0.000,25,8,3,0
0.089,0.344,0.323,1.76,0.409,0,0.1310,0.2052,0.133,-0.884,0.199,0.115,0.045,0.023,0.003,0.000,15,8,2,0,0.203,0.125,0.086,0.033,0.008,0.000,25,8,3,0
0.095,0.274,0.345,-0.52,0.062,0,0.0967,0.1729,0.236,0.341,0.199,0.115,0.045,0.023,0.003,0.000,15,8,2,0,0.203,0.125,0.086,0.033,0.008,0.000,25,8,3,0
0.091,0.287,0.479,-1.19,0.219,1,0.0773,0.1548,0.500,0.586,0.199,0.115,0.045,0.023,0.003,0.000,15,8,2,0,0.203,0.125,0.086,0.033,0.008,0.000,25,8,3,0
0.117,0.269,0.343,-0.48,0.134,0,0.0586,0.1357,0.426,0.007,0.199,0.115,0.045,0.023,0.003,0.000,15,8,2,0,0.203,0.125,0.086,0.033,0.008,0.000,25,8,3,0
0.093,0.343,0.297,-1.19,0.219,1,0.0496,0.1242,0.348,0.586,0.199,0.115,0.045,0.023,0.003,0.000,15,8,2,0,0.203,0.125,0.086,0.033,0.008,0.000,25,8,3,0
0.063,0.319,0.585,-1.19,0.219,1,0.0510,0.1213,0.346,0.586,0.199,0.115,0.045,0.023,0.003,0.000,15,8,2,0,0.203,0.125,0.086,0.033,0.008,0.000,25,8,3,0
0.069,0.299,0.385,-0.08,0.108,0,0.0483,0.1169,0.139,0.059,0.199,0.115,0.045,0.023,0.003,0.000,15,8,2,0,0.203,0.125,0.086,0.033,0.008,0.000,25,8,3,0
0.061,0.347,0.384,1.37,0.298,0,0.0530,0.1200,0.061,-0.510,0.199,0.115,0.045,0.023,0.003,0.000,15,8,2,0,0.203,0.125,0.086,0.033,0.008,0.000,25,8,3,0
0.050,0.222,0.052,3.14,0.186,0,0.0501,0.1164,0.069,-0.486,0.199,0.115,0.045,0.023,0.003,0.000,15,8,2,0,0.203,0.125,0.086,0.033,0.008,0.000,25,8,3,0
0.050,0.331,0.276,1.69,0.290,0,0.0530,0.1173,0.066,-0.697,0.199,0.115,0.045,0.023,0.003,0.000,15,8,2,0,0.203,0.125,0.086,0.033,0.008,0.000,25,8,3,0
0.059,0.238,0.353,0.85,0.046,0,0.0642,0.1276,0.091,0.06,0.199,0.115,0.045,0.023,0.003,0.000,15,8,2,0,0.203,0.125,0.086,0.033,0.008,0.000,25,8,3,0
0.109,0.389,0.391,0,0.000,0,0.0786,0.1396,0.128,0.166,0.199,0.115,0.045,0.023,0.003,0.000,15,8,2,0,0.203,0.125,0.086,0.033,0.008,0.000,25,8,3,0
0.128,0.346,0.373,-1.1,0.105,-1,0.0764,0.1362,0.208,0.192,0.199,0.115,0.045,0.023,0.003,0.000,15,8,2,0,0.203,0.125,0.086,0.033,0.008,0.000,25,8,3,0
0.128,0.446,0.437,-1.19,0.219,1,0.0681,0.1273,0.239,0.586,0.199,0.115,0.045,0.023,0.003,0.000,15,8,2,0,0.203,0.125,0.086,0.033,0.008,0.000,25,8,3,0
0.157,0.390,0.311,1.69,0.290,0,0.0687,0.1280,0.094,-0.697,0.199,0.115,0.045,0.023,0.003,0.000,15,8,2,0,0.203,0.125,0.086,0.033,0.008,0.000,25,8,3,0
0.122,0.494,0.368,1.76,0.409,0,0.0773,0.1360,0.134,-0.884,0.199,0.115,0.045,0.023,0.003,0.000,15,8,2,0,0.203,0.125,0.086,0.033,0.008,0.000,25,8,3,0
0.094,0.451,0.538,0.2,0.291,1,0.0918,0.1477,0.234,0.180,0.199,0.115,0.045,0.023,0.003,0.000,15,8,2,0,0.203,0.125,0.086,0.033,0.008,0.000,25,8,3,0
0.101,0.424,0.359,1.37,0.298,0,0.1052,0.1613,0.122,-0.510,0.199,0.115,0.045,0.023,0.003,0.000,15,8,2,0,0.203,0.125,0.086,0.033,0.008,0.000,25,8,3,0
0.093,0.368,0.552,-0.48,0.134,0,0.1197,0.1764,0.257,0.007,0.199,0.115,0.045,0.023,0.003,0.000,15,8,2,0,0.203,0.125,0.086,0.033,0.008,0.000,25,8,3,0
0.091,0.293,0.420,-0.79,0.151,-1,0.1306,0.1867,0.329,0.736,0.199,0.115,0.045,0.023,0.003,0.000,15,8,2,0,0.203,0.125,0.086,0.033,0.008,0.000,25,8,3,0
0.138,0.239,0.510,2.53,0.140,0,0.1345,0.1927,0.145,-0.121,0.199,0.115,0.045,0.023,0.003,0.000,15,8,2,0,0.203,0.125,0.086,0.033,0.008,0.000,25,8,3,0
0.136,0.302,0.584,-1.19,0.219,1,0.1397,0.1967,0.322,0.586,0.199,0.115,0.045,0.023,0.003,0.000,15,8,2,0,0.203,0.125,0.086,0.033,0.008,0.000,25,8,3,0
0.130,0.288,0.564,-1.19,0.219,1,0.1470,0.1983,0.449,0.586,0.199,0.115,0.045,0.023,0.003,0.000,15,8,2,0,0.203,0.125,0.086,0.033,0.008,0.000,25,8,3,0
0.136,0.235,0.550,-1.19,0.219,1,0.1469,0.1888,0.420,0.586,0.199,0.115,0.045,0.023,0.003,0.000,15,8,2,0,0.203,0.125,0.086,0.033,0.008,0.000,25,8,3,0
0.106,0.153,0.567,1.42,0.221,0,0.1411,0.1737,0.199,-0.397,0.199,0.115,0.045,0.023,0.003,0.000,15,8,2,0,0.203,0.125,0.086,0.033,0.008,0.000,25,8,3,0
0.129,0.175,0.512,-1.1,0.105,-1,0.1420,0.1652,0.319,0.192,0.199,0.115,0.045,0.023,0.003,0.000,15,8,2,0,0.203,0.125,0.086,0.033,0.008,0.000,25,8,3,0
0.129,0.156,0.499,-1.14,0.131,0,0.1463,0.1611,0.423,0.987,0.199,0.115,0.045,0.023,0.003,0.000,15,8,2,0,0.203,0.125,0.086,0.033,0.008,0.000,25,8,3,0
0.105,0.214,0.428,0,0.000,0,0.1522,0.1613,0.364,0.166,0.199,0.115,0.045,0.023,0.003,0.000,15,8,2,0,0.203,0.125,0.086,0.033,0.008,0.000,25,8,3,0
0.119,0.246,0.513,1.69,0.290,0,0.1701,0.1740,0.108,-0.697,0.199,0.115,0.045,0.023,0.003,0.000,15,8,2,0,0.203,0.125,0.086,0.033,0.008,0.000,25,8,3,0
0.136,0.132,0.511,-1.14,0.131,0,0.1956,0.1929,0.183,0.987,0.199,0.115,0.045,0.023,0.003,0.000,15,8,2,0,0.203,0.125,0.086,0.033,0.008,0.000,25,8,3,0
0.159,0.198,0.714,-1.19,0.219,1,0.2077,0.2005,0.398,0.586,0.199,0.115,0.045,0.023,0.003,0.000,15,8,2,0,0.203,0.125,0.086,0.033,0.008,0.000,25,8,3,0
0.153,0.091,0.116,1.99,0.186,0,0.2065,0.1986,0.086,-0.326,0.199,0.115,0.045,0.023,0.003,0.000,15,8,2,0,0.203,0.125,0.086,0.033,0.008,0.000,25,8,3,0
0.105,0.106,0.007,3.14,0.186,0,0.1989,0.1916,0.062,-0.486,0.199,0.115,0.045,0.023,0.003,0.000,15,8,2,0,0.203,0.125,0.086,0.033,0.008,0.000,25,8,3,0
0.084,0.086,0.100,0.85,0.046,0,0.1899,0.1829,0.131,0.06,0.199,0.115,0.045,0.023,0.003,0.000,15,8,2,0,0.203,0.125,0.086,0.033,0.008,0.000,25,8,3,0
0.064,0.104,0.029,-1.1,0.105,-1,0.1786,0.1706,0.222,0.192,0.199,0.115,0.045,0.023,0.003,0.000,15,8,2,0,0.203,0.125,0.086,0.033,0.008,0.000,25,8,3,0
0.062,0.088,0.048,0.85,0.046,0,0.1554,0.1482,0.042,0.06,0.199,0.115,0.045,0.023,0.003,0.000,15,8,2,0,0.203,0.125,0.086,0.033,0.008,0.000,25,8,3,0
0.064,0.138,0.157,1.76,0.409,0,0.1292,0.1225,0.098,-0.884,0.199,0.115,0.045,0.023,0.003,0.000,15,8,2,0,0.203,0.125,0.086,0.033,0.008,0.000,25,8,3,0
0.068,0.100,0.243,-0.48,0.134,0,0.1073,0.0991,0.323,0.007,0.199,0.115,0.045,0.023,0.003,0.000,15,8,2,0,0.203,0.125,0.086,0.033,0.008,0.000,25,8,3,0
0.063,0.114,0.280,0.85,0.046,0,0.0904,0.0789,0.203,0.06,0.199,0.115,0.045,0.023,0.003,0.000,15,8,2,0,0.203,0.125,0.086,0.033,0.008,0.000,25,8,3,0
0.077,0.082,0.249,3.14,0.186,0,0.0916,0.0749,0.098,-0.486,0.199,0.115,0.045,0.023,0.003,0.000,15,8,2,0,0.203,0.125,0.086,0.033,0.008,0.000,25,8,3,0
0.078,0.122,0.241,-1.14,0.131,0,0.1174,0.0899,0.220,0.987,0.199,0.115,0.045,0.023,0.003,0.000,15,8,2,0,0.203,0.125,0.086,0.033,0.008,0.000,25,8,3,0
0.064,0.153,0.328,-1.1,0.105,-1,0.1505,0.1104,0.500,0.192,0.199,0.115,0.045,0.023,0.003,0.000,15,8,2,0,0.203,0.125,0.086,0.033,0.008,0.000,25,8,3,0
0.066,0.167,0.332,-0.48,0.134,0,0.1724,0.1229,0.264,0.007,0.199,0.115,0.045,0.023,0.003,0.000,15,8,2,0,0.203,0.125,0.086,0.033,0.008,0.000,25,8,3,0
0.069,0.139,0.012,1.99,0.186,0,0.1935,0.1381,0.085,-0.326,0.199,0.115,0.045,0.023,0.003,0.000,15,8,2,0,0.203,0.125,0.086,0.033,0.008,0.000,25,8,3,0
0.074,0.107,0.368,-1.1,0.105,-1,0.2079,0.1516,0.281,0.192,0.199,0.115,0.045,0.023,0.003,0.000,15,8,2,0,0.203,0.125,0.086,0.033,0.008,0.000,25,8,3,0
0.081,0.081,0.091,0.85,0.046,0,0.2085,0.1570,0.106,0.06,0.199,0.115,0.045,0.023,0.003,0.000,15,8,2,0,0.203,0.125,0.086,0.033,0.008,0.000,25,8,3,0
0.071,0.071,0.017,2.53,0.140,0,0.1976,0.1544,0.090,-0.121,0.199,0.115,0.045,0.023,0.003,0.000,15,8,2,0,0.203,0.125,0.086,0.033,0.008,0.000,25,8,3,0
0.086,0.096,0.003,2.53,0.140,0,0.1788,0.1469,0.074,-0.121,0.199,0.115,0.045,0.023,0.003,0.000,15,8,2,0,0.203,0.125,0.086,0.033,0.008,0.000,25,8,3,0
0.083,0.117,0.054,-1.1,0.105,-1,0.1529,0.1328,0.175,0.192,0.199,0.115,0.045,0.023,0.003,0.000,15,8,2,0,0.203,0.125,0.086,0.033,0.008,0.000,25,8,3,0
0.103,0.214,0.222,1.99,0.186,0,0.1212,0.1134,0.074,-0.326,0.199,0.115,0.045,0.023,0.003,0.000,15,8,2,0,0.203,0.125,0.086,0.033,0.008,0.000,25,8,3,0
0.108,0.323,0.416,-0.42,0.180,0,0.0900,0.0916,0.207,0.318,0.199,0.115,0.045,0.023,0.003,0.000,15,8,2,0,0.203,0.125,0.086,0.033,0.008,0.000,25,8,3,0
0.114,0.303,0.324,0,0.000,0,0.0698,0.0763,0.299,0.166,0.199,0.115,0.045,0.023,0.003,0.000,15,8,2,0,0.203,0.125,0.086,0.033,0.008,0.000,25,8,3,0
0.105,0.264,0.318,0,0.000,0,0.0550,0.0615,0.149,0.166,0.199,0.115,0.045,0.023,0.003,0.000,15,8,2,0,0.203,0.125,0.086,0.033,0.008,0.000,25,8,3,0
0.111,0.258,0.238,0,0.000,0,0.0462,0.0520,0.179,0.166,0.199,0.115,0.045,0.023,0.003,0.000,15,8,2,0,0.203,0.125,0.086,0.033,0.008,0.000,25,8,3,0
0.111,0.312,0.484,0.22,0.230,0,0.0393,0.0444,0.088,0.303,0.199,0.115,0.045,0.023,0.003,0.000,15,8,2,0,0.203,0.125,0.086,0.033,0.008,0.000,25,8,3,0
0.143,0.285,0.213,-0.52,0.062,0,0.0326,0.0370,0.081,0.341,0.199,0.115,0.045,0.023,0.003,0.000,15,8,2,0,0.203,0.125,0.086,0.033,0.008,0.000,25,8,3,0
0.142,0.426,0.475,1.37,0.298,0,0.0311,0.0349,0.079,-0.510,0.199,0.115,0.045,0.023,0.003,0.000,15,8,2,0,0.203,0.125,0.086,0.033,0.008,0.000,25,8,3,0
0.116,0.314,0.204,1.69,0.290,0,0.0289,0.0336,0.055,-0.697,0.199,0.115,0.045,0.023,0.003,0.000,15,8,2,0,0.203,0.125,0.086,0.033,0.008,0.000,25,8,3,0
0.098,0.373,0.255,1.69,0.290,0,0.0383,0.0423,0.043,-0.697,0.199,0.115,0.045,0.023,0.003,0.000,15,8,2,0,0.203,0.125,0.086,0.033,0.008,0.000,25,8,3,0
0.099,0.324,0.633,-1.19,0.219,1,0.0518,0.0540,0.195,0.586,0.199,0.115,0.045,0.023,0.003,0.000,15,8,2,0,0.203,0.125,0.086,0.033,0.008,0.000,25,8,3,0
0.104,0.332,0.437,0,0.000,0,0.0550,0.0560,0.072,0.166,0.199,0.115,0.045,0.023,0.003,0.000,15,8,2,0,0.203,0.125,0.086,0.033,0.008,0.000,25,8,3,0
0.107,0.218,0.342,0.85,0.046,0,0.0510,0.0525,0.086,0.06,0.199,0.115,0.045,0.023,0.003,0.000,15,8,2,0,0.203,0.125,0.086,0.033,0.008,0.000,25,8,3,0
0.130,0.292,0.482,1.37,0.298,0,0.0445,0.0466,0.093,-0.510,0.199,0.115,0.045,0.023,0.003,0.000,15,8,2,0,0.203,0.125,0.086,0.033,0.008,0.000,25,8,3,0
0.134,0.322,0.506,1.37,0.298,0,0.0392,0.0408,0.093,-0.510,0.199,0.115,0.045,0.023,0.003,0.000,15,8,2,0,0.203,0.125,0.086,0.033,0.008,0.000,25,8,3,0
0.132,0.282,0.397,1.99,0.186,0,0.0333,0.0337,0.065,-0.326,0.199,0.115,0.045,0.023,0.003,0.000,15,8,2,0,0.203,0.125,0.086,0.033,0.008,0.000,25,8,3,0
0.151,0.323,0.487,-1.19,0.219,1,0.0289,0.0273,0.251,0.586,0.199,0.115,0.045,0.023,0.003,0.000,15,8,2,0,0.203,0.125,0.086,0.033,0.008,0.000,25,8,3,0
0.119,0.206,0.100,1.99,0.186,0,0.0312,0.0263,0.091,-0.326,0.199,0.115,0.045,0.023,0.003,0.000,15,8,2,0,0.203,0.125,0.086,0.033,0.008,0.000,25,8,3,0
0.136,0.233,0.318,-0.79,0.151,-1,0.0322,0.0252,0.317,0.736,0.199,0.115,0.045,0.023,0.003,0.000,15,8,2,0,0.203,0.125,0.086,0.033,0.008,0.000,25,8,3,0
0.172,0.287,0.376,-0.48,0.134,0,0.0402,0.0309,0.346,0.007,0.199,0.115,0.045,0.023,0.003,0.000,15,8,2,0,0.203,0.125,0.086,0.033,0.008,0.000,25,8,3,0
0.201,0.310,0.381,-0.42,0.180,0,0.0492,0.0361,0.314,0.318,0.199,0.115,0.045,0.023,0.003,0.000,15,8,2,0,0.203,0.125,0.086,0.033,0.008,0.000,25,8,3,0
0.201,0.370,0.187,-0.52,0.062,0,0.0563,0.0362,0.252,0.341,0.199,0.115,0.045,0.023,0.003,0.000,15,8,2,0,0.203,0.125,0.086,0.033,0.008,0.000,25,8,3,0
0.206,0.251,0.073,1.99,0.186,0,0.0688,0.0386,0.134,-0.326,0.199,0.115,0.045,0.023,0.003,0.000,15,8,2,0,0.203,0.125,0.086,0.033,0.008,0.000,25,8,3,0
0.198,0.349,0.433,-1.19,0.219,1,0.0832,0.0430,0.427,0.586,0.199,0.115,0.045,0.023,0.003,0.000,15,8,2,0,0.203,0.125,0.086,0.033,0.008,0.000,25,8,3,0
0.156,0.310,0.337,-0.52,0.062,0,0.0975,0.0524,0.269,0.341,0.199,0.115,0.045,0.023,0.003,0.000,15,8,2,0,0.203,0.125,0.086,0.033,0.008,0.000,25,8,3,0
0.174,0.205,0.149,2.53,0.140,0,0.1063,0.0588,0.112,-0.121,0.199,0.115,0.045,0.023,0.003,0.000,15,8,2,0,0.203,0.125,0.086,0.033,0.008,0.000,25,8,3,0
0.178,0.342,0.407,-1.19,0.219,1,0.1096,0.0674,0.342,0.586,0.199,0.115,0.045,0.023,0.003,0.000,15,8,2,0,0.203,0.125,0.086,0.033,0.008,0.000,25,8,3,0
0.149,0.282,0.340,1.69,0.290,0,0.1114,0.0880,0.132,-0.697,0.199,0.115,0.045,0.023,0.003,0.000,15,8,2,0,0.203,0.125,0.086,0.033,0.008,0.000,25,8,3,0
0.149,0.254,0.576,0,0.000,0,0.1085,0.1137,0.207,0.166,0.199,0.115,0.045,0.023,0.003,0.000,15,8,2,0,0.203,0.125,0.086,0.033,0.008,0.000,25,8,3,0
0.183,0.242,0.617,-0.52,0.062,0,0.0990,0.1476,0.235,0.341,0.199,0.115,0.045,0.023,0.003,0.000,15,8,2,0,0.203,0.125,0.086,0.033,0.008,0.000,25,8,3,0
0.219,0.162,0.480,3.14,0.186,0,0.0867,0.1911,0.131,-0.486,0.199,0.115,0.045,0.023,0.003,0.000,15,8,2,0,0.203,0.125,0.086,0.033,0.008,0.000,25,8,3,0
0.230,0.167,0.638,-1.19,0.219,1,0.0732,0.2447,0.341,0.586,0.199,0.115,0.045,0.023,0.003,0.000,15,8,2,0,0.203,0.125,0.086,0.033,0.008,0.000,25,8,3,0
0.222,0.141,0.574,-0.52,0.062,0,0.0602,0.3076,0.185,0.341,0.199,0.115,0.045,0.023,0.003,0.000,15,8,2,0,0.203,0.125,0.086,0.033,0.008,0.000,25,8,3,0
0.227,0.099,0.418,-1.1,0.105,-1,0.0490,0.3785,0.248,0.192,0.199,0.115,0.045,0.023,0.003,0.000,15,8,2,0,0.203,0.125,0.086,0.033,0.008,0.000,25,8,3,0
0.173,0.119,0.229,1.76,0.409,0,0.0408,0.4544,0.160,-0.884,0.199,0.115,0.045,0.023,0.003,0.000,15,8,2,0,0.203,0.125,0.086,0.033,0.008,0.000,25,8,3,0
0.161,0.048,0.085,1.99,0.186,0,0.0360,0.5310,0.216,-0.326,0.199,0.115,0.045,0.023,0.003,0.000,15,8,2,0,0.203,0.125,0.086,0.033,0.008,0.000,25,8,3,0
0.160,0.059,0.444,0,0.000,0,0.0343,0.6021,0.293,0.166,0.199,0.115,0.045,0.023,0.003,0.000,15,8,2,0,0.203,0.125,0.086,0.033,0.008,0.000,25,8,3,0
0.106,0.051,0.344,2.1,0.128,0,0.0343,0.6599,0.474,0.02,0.199,0.115,0.045,0.023,0.003,0.000,15,8,2,0,0.203,0.125,0.086,0.033,0.008,0.000,25,8,3,0
