0.164,0.188,0.374,1.42,0.221,0,0.0666,0.6493,0.716,-0.397,0.168,0.111,0.000,0.000,0.000,0.000,0,0,0,0,0.195,0.166,0.102,0.051,0.034,0.017,8,7,5,3
0.166,0.217,0.548,0.2,0.291,1,0.0602,0.5685,0.522,0.180,0.168,0.111,0.000,0.000,0.000,0.000,0,0,0,0,0.195,0.166,0.102,0.051,0.034,0.017,8,7,5,3
0.167,0.144,0.422,1.99,0.186,0,0.0519,0.4609,0.365,-0.326,0.168,0.111,0.000,0.000,0.000,0.000,0,0,0,0,0.195,0.166,0.102,0.051,0.034,0.017,8,7,5,3
0.127,0.108,0.353,1.99,0.186,0,0.0425,0.3465,0.236,-0.326,0.168,0.111,0.000,0.000,0.000,0.000,0,0,0,0,0.195,0.166,0.102,0.051,0.034,0.017,8,7,5,3
0.128,0.093,0.395,-1.14,0.131,0,0.0327,0.2393,0.345,0.987,0.168,0.111,0.000,0.000,0.000,0.000,0,0,0,0,0.195,0.166,0.102,0.051,0.034,0.017,8,7,5,3
0.130,0.033,0.364,1.99,0.186,0,0.0236,0.1486,0.209,-0.326,0.168,0.111,0.000,0.000,0.000,0.000,0,0,0,0,0.195,0.166,0.102,0.051,0.034,0.017,8,7,5,3
0.133,0.035,0.264,2.53,0.140,0,0.0164,0.0790,0.147,-0.121,0.168,0.111,0.000,0.000,0.000,0.000,0,0,0,0,0.195,0.166,0.102,0.051,0.034,0.017,8,7,5,3
0.135,0.033,0.211,0.85,0.046,0,0.0122,0.0321,0.184,0.06,0.168,0.111,0.000,0.000,0.000,0.000,0,0,0,0,0.195,0.166,0.102,0.051,0.034,0.017,8,7,5,3
0.141,0.039,0.345,0.85,0.046,0,0.0120,0.0062,0.258,0.06,0.168,0.111,0.000,0.000,0.000,0.000,0,0,0,0,0.195,0.166,0.102,0.051,0.034,0.017,8,7,5,3
0.150,0.029,0.185,0.85,0.046,0,0.0166,-0.0022,0.140,0.06,0.168,0.111,0.000,0.000,0.000,0.000,0,0,0,0,0.195,0.166,0.102,0.051,0.034,0.017,8,7,5,3
0.158,0.041,0.253,-0.08,0.108,0,0.0263,-0.0010,0.139,0.059,0.168,0.111,0.000,0.000,0.000,0.000,0,0,0,0,0.195,0.166,0.102,0.051,0.034,0.017,8,7,5,3
0.145,0.048,0.144,0.85,0.046,0,0.0428,0.0103,0.143,0.06,0.168,0.111,0.000,0.000,0.000,0.000,0,0,0,0,0.195,0.166,0.102,0.051,0.034,0.017,8,7,5,3
0.133,0.042,0.001,0.85,0.046,0,0.0660,0.0224,0.111,0.06,0.168,0.111,0.000,0.000,0.000,0.000,0,0,0,0,0.195,0.166,0.102,0.051,0.034,0.017,8,7,5,3
0.128,0.032,0.024,1.69,0.290,0,0.0966,0.0373,0.078,-0.697,0.168,0.111,0.000,0.000,0.000,0.000,0,0,0,0,0.195,0.166,0.102,0.051,0.034,0.017,8,7,5,3
0.123,0.025,0.026,1.99,0.186,0,0.1219,0.0489,0.059,-0.326,0.168,0.111,0.000,0.000,0.000,0.000,0,0,0,0,0.195,0.166,0.102,0.051,0.034,0.017,8,7,5,3
0.134,0.037,0.063,2.53,0.140,0,0.1540,0.0639,0.080,-0.121,0.168,0.111,0.000,0.000,0.000,0.000,0,0,0,0,0.195,0.166,0.102,0.051,0.034,0.017,8,7,5,3
0.137,0.022,0.166,2.53,0.140,0,0.1765,0.0754,0.066,-0.121,0.168,0.111,0.000,0.000,0.000,0.000,0,0,0,0,0.195,0.166,0.102,0.051,0.034,0.017,8,7,5,3
0.137,0.019,0.219,0.85,0.046,0,0.1884,0.0820,0.045,0.06,0.168,0.111,0.000,0.000,0.000,0.000,0,0,0,0,0.195,0.166,0.102,0.051,0.034,0.017,8,7,5,3
0.130,0.022,0.263,2.1,0.128,0,0.1909,0.0841,0.044,0.02,0.168,0.111,0.000,0.000,0.000,0.000,0,0,0,0,0.195,0.166,0.102,0.051,0.034,0.017,8,7,5,3
0.129,0.024,0.261,-0.52,0.062,0,0.1803,0.0769,0.218,0.341,0.168,0.111,0.000,0.000,0.000,0.000,0,0,0,0,0.195,0.166,0.102,0.051,0.034,0.017,8,7,5,3
0.128,0.037,0.524,-0.52,0.062,0,0.1739,0.0735,0.231,0.341,0.168,0.111,0.000,0.000,0.000,0.000,0,0,0,0,0.195,0.166,0.102,0.051,0.034,0.017,8,7,5,3
0.115,0.036,0.228,-1.14,0.131,0,0.1765,0.0769,0.425,0.987,0.168,0.111,0.000,0.000,0.000,0.000,0,0,0,0,0.195,0.166,0.102,0.051,0.034,0.017,8,7,5,3
0.096,0.044,0.339,-0.08,0.108,0,0.1926,0.0891,0.404,0.059,0.168,0.111,0.000,0.000,0.000,0.000,0,0,0,0,0.195,0.166,0.102,0.051,0.034,0.017,8,7,5,3
0.078,0.044,0.352,-1.14,0.131,0,0.2121,0.1049,0.348,0.987,0.168,0.111,0.000,0.000,0.000,0.000,0,0,0,0,0.195,0.166,0.102,0.051,0.034,0.017,8,7,5,3
0.092,0.055,0.103,-1.14,0.131,0,0.2403,0.1307,0.477,0.987,0.168,0.111,0.000,0.000,0.000,0.000,0,0,0,0,0.195,0.166,0.102,0.051,0.034,0.017,8,7,5,3
0.093,0.108,0.284,0.2,0.291,1,0.2856,0.1672,0.464,0.180,0.168,0.111,0.000,0.000,0.000,0.000,0,0,0,0,0.195,0.166,0.102,0.051,0.034,0.017,8,7,5,3
0.115,0.085,0.224,0,0.000,0,0.3241,0.2000,0.230,0.166,0.168,0.111,0.000,0.000,0.000,0.000,0,0,0,0,0.195,0.166,0.102,0.051,0.034,0.017,8,7,5,3
0.120,0.095,0.041,2.53,0.140,0,0.3566,0.2291,0.127,-0.121,0.168,0.111,0.000,0.000,0.000,0.000,0,0,0,0,0.195,0.166,0.102,0.051,0.034,0.017,8,7,5,3
0.106,0.110,0.240,-0.08,0.108,0,0.3680,0.2438,0.222,0.059,0.168,0.111,0.000,0.000,0.000,0.000,0,0,0,0,0.195,0.166,0.102,0.051,0.034,0.017,8,7,5,3
0.103,0.142,0.216,2.53,0.140,0,0.3566,0.2428,0.124,-0.121,0.168,0.111,0.000,0.000,0.000,0.000,0,0,0,0,0.195,0.166,0.102,0.051,0.034,0.017,8,7,5,3
0.100,0.190,0.357,2.53,0.140,0,0.3269,0.2269,0.099,-0.121,0.168,0.111,0.000,0.000,0.000,0.000,0,0,0,0,0.195,0.166,0.102,0.051,0.034,0.017,8,7,5,3
0.090,0.225,0.407,-0.48,0.134,0,0.2816,0.1991,0.225,0.007,0.168,0.111,0.000,0.000,0.000,0.000,0,0,0,0,0.195,0.166,0.102,0.051,0.034,0.017,8,7,5,3
0.064,0.270,0.597,-0.48,0.134,0,0.2204,0.1605,0.254,0.007,0.168,0.111,0.000,0.000,0.000,0.000,0,0,0,0,0.195,0.166,0.102,0.051,0.034,0.017,8,7,5,3
0.060,0.268,0.371,1.69,0.290,0,0.1642,0.1203,0.261,-0.697,0.168,0.111,0.000,0.000,0.000,0.000,0,0,0,0,0.195,0.166,0.102,0.051,0.034,0.017,8,7,5,3
0.051,0.236,0.542,-1.1,0.105,-1,0.1146,0.0865,0.347,0.192,0.168,0.111,0.000,0.000,0.000,0.000,0,0,0,0,0.195,0.166,0.102,0.051,0.034,0.017,8,7,5,3
0.052,0.259,0.405,0.85,0.046,0,0.0805,0.0664,0.206,0.06,0.168,0.111,0.000,0.000,0.000,0.000,0,0,0,0,0.195,0.166,0.102,0.051,0.034,0.017,8,7,5,3
0.050,0.316,0.474,-1.19,0.219,1,0.0555,0.0526,0.466,0.586,0.168,0.111,0.000,0.000,0.000,0.000,0,0,0,0,0.195,0.166,0.102,0.051,0.034,0.017,8,7,5,3
0.051,0.344,0.574,0.2,0.291,1,0.0340,0.0403,0.422,0.180,0.168,0.111,0.000,0.000,0.000,0.000,0,0,0,0,0.195,0.166,0.102,0.051,0.034,0.017,8,7,5,3
0.041,0.373,0.489,1.37,0.298,0,0.0293,0.0411,0.253,-0.510,0.168,0.111,0.000,0.000,0.000,0.000,0,0,0,0,0.195,0.166,0.102,0.051,0.034,0.017,8,7,5,3
0.042,0.319,0.520,1.99,0.186,0,0.0364,0.0498,0.218,-0.326,0.168,0.111,0.000,0.000,0.000,0.000,0,0,0,0,0.195,0.166,0.102,0.051,0.034,0.017,8,7,5,3
0.045,0.367,0.641,0,0.000,0,0.0482,0.0611,0.250,0.166,0.168,0.111,0.000,0.000,0.000,0.000,0,0,0,0,0.195,0.166,0.102,0.051,0.034,0.017,8,7,5,3
0.047,0.334,0.632,-0.08,0.108,0,0.0523,0.0675,0.221,0.059,0.168,0.111,0.000,0.000,0.000,0.000,0,0,0,0,0.195,0.166,0.102,0.051,0.034,0.017,8,7,5,3
0.046,0.316,0.373,1.76,0.409,0,0.0523,0.0708,0.182,-0.884,0.168,0.111,0.000,0.000,0.000,0.000,0,0,0,0,0.195,0.166,0.102,0.051,0.034,0.017,8,7,5,3
0.044,0.232,0.502,1.37,0.298,0,0.0547,0.0742,0.220,-0.510,0.168,0.111,0.000,0.000,0.000,0.000,0,0,0,0,0.195,0.166,0.102,0.051,0.034,0.017,8,7,5,3
0.056,0.225,0.262,-0.79,0.151,-1,0.0541,0.0750,0.248,0.736,0.168,0.111,0.000,0.000,0.000,0.000,0,0,0,0,0.195,0.166,0.102,0.051,0.034,0.017,8,7,5,3
0.060,0.234,0.250,3.14,0.186,0,0.0590,0.0796,0.115,-0.486,0.168,0.111,0.000,0.000,0.000,0.000,0,0,0,0,0.195,0.166,0.102,0.051,0.034,0.017,8,7,5,3
0.059,0.300,0.285,0.85,0.046,0,0.0571,0.0787,0.128,0.06,0.168,0.111,0.000,0.000,0.000,0.000,0,0,0,0,0.195,0.166,0.102,0.051,0.034,0.017,8,7,5,3
0.038,0.336,0.686,0.2,0.291,1,0.0628,0.0840,0.370,0.180,0.168,0.111,0.000,0.000,0.000,0.000,0,0,0,0,0.195,0.166,0.102,0.051,0.034,0.017,8,7,5,3
0.046,0.329,0.290,1.69,0.290,0,0.0709,0.0910,0.177,-0.697,0.168,0.111,0.000,0.000,0.000,0.000,0,0,0,0,0.195,0.166,0.102,0.051,0.034,0.017,8,7,5,3
0.052,0.290,0.406,-1.1,0.105,-1,0.0789,0.0999,0.256,0.192,0.168,0.111,0.000,0.000,0.000,0.000,0,0,0,0,0.195,0.166,0.102,0.051,0.034,0.017,8,7,5,3
0.049,0.354,0.474,0.22,0.230,0,0.0922,0.1127,0.391,0.303,0.168,0.111,0.000,0.000,0.000,0.000,0,0,0,0,0.195,0.166,0.102,0.051,0.034,0.017,8,7,5,3
0.048,0.330,0.577,0.2,0.291,1,0.0940,0.1149,0.381,0.180,0.168,0.111,0.000,0.000,0.000,0.000,0,0,0,0,0.195,0.166,0.102,0.051,0.034,0.017,8,7,5,3
0.048,0.277,0.412,1.69,0.290,0,0.0961,0.1176,0.182,-0.697,0.168,0.111,0.000,0.000,0.000,0.000,0,0,0,0,0.195,0.166,0.102,0.051,0.034,0.017,8,7,5,3
0.063,0.215,0.248,-0.79,0.151,-1,0.1127,0.1307,0.459,0.736,0.168,0.111,0.000,0.000,0.000,0.000,0,0,0,0,0.195,0.166,0.102,0.051,0.034,0.017,8,7,5,3
0.075,0.249,0.621,0.2,0.291,1,0.1354,0.1471,0.472,0.180,0.168,0.111,0.000,0.000,0.000,0.000,0,0,0,0,0.195,0.166,0.102,0.051,0.034,0.017,8,7,5,3
0.093,0.166,0.241,0,0.000,0,0.1525,0.1585,0.275,0.166,0.168,0.111,0.000,0.000,0.000,0.000,0,0,0,0,0.195,0.166,0.102,0.051,0.034,0.017,8,7,5,3
0.099,0.128,0.076,1.99,0.186,0,0.1798,0.1776,0.186,-0.326,0.168,0.111,0.000,0.000,0.000,0.000,0,0,0,0,0.195,0.166,0.102,0.051,0.034,0.017,8,7,5,3
0.094,0.115,0.213,-0.79,0.151,-1,0.2087,0.1981,0.494,0.736,0.168,0.111,0.000,0.000,0.000,0.000,0,0,0,0,0.195,0.166,0.102,0.051,0.034,0.017,8,7,5,3
0.087,0.183,0.487,-1.19,0.219,1,0.2403,0.2229,0.449,0.586,0.168,0.111,0.000,0.000,0.000,0.000,0,0,0,0,0.195,0.166,0.102,0.051,0.034,0.017,8,7,5,3
0.108,0.176,0.100,2.53,0.140,0,0.2562,0.2375,0.107,-0.121,0.168,0.111,0.000,0.000,0.000,0.000,0,0,0,0,0.195,0.166,0.102,0.051,0.034,0.017,8,7,5,3
0.115,0.189,0.426,-0.08,0.108,0,0.2660,0.2488,0.238,0.059,0.168,0.111,0.000,0.000,0.000,0.000,0,0,0,0,0.195,0.166,0.102,0.051,0.034,0.017,8,7,5,3
0.106,0.156,0.225,0.85,0.046,0,0.2736,0.2613,0.258,0.06,0.168,0.111,0.000,0.000,0.000,0.000,0,0,0,0,0.195,0.166,0.102,0.051,0.034,0.017,8,7,5,3
0.086,0.171,0.488,-0.08,0.108,0,0.2678,0.2646,0.238,0.059,0.168,0.111,0.000,0.000,0.000,0.000,0,0,0,0,0.195,0.166,0.102,0.051,0.034,0.017,8,7,5,3
0.105,0.262,0.389,1.37,0.298,0,0.2565,0.2641,0.138,-0.510,0.168,0.111,0.000,0.000,0.000,0.000,0,0,0,0,0.195,0.166,0.102,0.051,0.034,0.017,8,7,5,3
0.126,0.213,0.497,-0.52,0.062,0,0.2311,0.2526,0.207,0.341,0.168,0.111,0.000,0.000,0.000,0.000,0,0,0,0,0.195,0.166,0.102,0.051,0.034,0.017,8,7,5,3
0.103,0.188,0.373,1.99,0.186,0,0.2183,0.2501,0.173,-0.326,0.168,0.111,0.000,0.000,0.000,0.000,0,0,0,0,0.195,0.166,0.102,0.051,0.034,0.017,8,7,5,3
0.125,0.205,0.454,0.2,0.291,1,0.2040,0.2451,0.379,0.180,0.168,0.111,0.000,0.000,0.000,0.000,0,0,0,0,0.195,0.166,0.102,0.051,0.034,0.017,8,7,5,3
0.128,0.134,0.403,-1.1,0.105,-1,0.2109,0.2572,0.451,0.192,0.168,0.111,0.000,0.000,0.000,0.000,0,0,0,0,0.195,0.166,0.102,0.051,0.034,0.017,8,7,5,3
0.140,0.129,0.251,-1.1,0.105,-1,0.2295,0.2774,0.524,0.192,0.168,0.111,0.000,0.000,0.000,0.000,0,0,0,0,0.195,0.166,0.102,0.051,0.034,0.017,8,7,5,3
0.096,0.130,0.335,0,0.000,0,0.2425,0.2918,0.343,0.166,0.168,0.111,0.000,0.000,0.000,0.000,0,0,0,0,0.195,0.166,0.102,0.051,0.034,0.017,8,7,5,3
0.091,0.116,0.476,0,0.000,0,0.2550,0.3053,0.246,0.166,0.168,0.111,0.000,0.000,0.000,0.000,0,0,0,0,0.195,0.166,0.102,0.051,0.034,0.017,8,7,5,3
0.092,0.131,0.302,1.99,0.186,0,0.2760,0.3247,0.126,-0.326,0.168,0.111,0.000,0.000,0.000,0.000,0,0,0,0,0.195,0.166,0.102,0.051,0.034,0.017,8,7,5,3
0.095,0.167,0.715,-0.48,0.134,0,0.2977,0.3470,0.253,0.007,0.168,0.111,0.000,0.000,0.000,0.000,0,0,0,0,0.195,0.166,0.102,0.051,0.034,0.017,8,7,5,3
0.102,0.230,0.463,2.53,0.140,0,0.3115,0.3643,0.105,-0.121,0.168,0.111,0.000,0.000,0.000,0.000,0,0,0,0,0.195,0.166,0.102,0.051,0.034,0.017,8,7,5,3
0.120,0.239,0.543,3.14,0.186,0,0.3202,0.3784,0.112,-0.486,0.168,0.111,0.000,0.000,0.000,0.000,0,0,0,0,0.195,0.166,0.102,0.051,0.034,0.017,8,7,5,3
0.078,0.249,0.598,-0.48,0.134,0,0.3324,0.3950,0.171,0.007,0.168,0.111,0.000,0.000,0.000,0.000,0,0,0,0,0.195,0.166,0.102,0.051,0.034,0.017,8,7,5,3
0.076,0.230,0.723,-1.19,0.219,1,0.3550,0.4181,0.414,0.586,0.168,0.111,0.000,0.000,0.000,0.000,0,0,0,0,0.195,0.166,0.102,0.051,0.034,0.017,8,7,5,3
0.071,0.204,0.444,0,0.000,0,0.3559,0.4236,0.270,0.166,0.168,0.111,0.000,0.000,0.000,0.000,0,0,0,0,0.195,0.166,0.102,0.051,0.034,0.017,8,7,5,3
0.078,0.242,0.440,1.37,0.298,0,0.3582,0.4279,0.247,-0.510,0.168,0.111,0.000,0.000,0.000,0.000,0,0,0,0,0.195,0.166,0.102,0.051,0.034,0.017,8,7,5,3
0.065,0.149,0.492,-0.48,0.134,0,0.3655,0.4358,0.280,0.007,0.168,0.111,0.000,0.000,0.000,0.000,0,0,0,0,0.195,0.166,0.102,0.051,0.034,0.017,8,7,5,3
0.065,0.150,0.225,-1.14,0.131,0,0.3694,0.4375,0.349,0.987,0.168,0.111,0.000,0.000,0.000,0.000,0,0,0,0,0.195,0.166,0.102,0.051,0.034,0.017,8,7,5,3
0.080,0.141,0.175,-1.1,0.105,-1,0.3622,0.4296,0.528,0.192,0.168,0.111,0.000,0.000,0.000,0.000,0,0,0,0,0.195,0.166,0.102,0.051,0.034,0.017,8,7,5,3
0.081,0.240,0.241,0.2,0.291,1,0.3469,0.4114,0.396,0.180,0.168,0.111,0.000,0.000,0.000,0.000,0,0,0,0,0.195,0.166,0.102,0.051,0.034,0.017,8,7,5,3
0.085,0.182,0.034,0,0.000,0,0.3366,0.3962,0.233,0.166,0.168,0.111,0.000,0.000,0.000,0.000,0,0,0,0,0.195,0.166,0.102,0.051,0.034,0.017,8,7,5,3
0.070,0.154,0.070,1.42,0.221,0,0.3241,0.3787,0.285,-0.397,0.168,0.111,0.000,0.000,0.000,0.000,0,0,0,0,0.195,0.166,0.102,0.051,0.034,0.017,8,7,5,3
0.068,0.223,0.211,1.76,0.409,0,0.3367,0.3833,0.197,-0.884,0.168,0.111,0.000,0.000,0.000,0.000,0,0,0,0,0.195,0.166,0.102,0.051,0.034,0.017,8,7,5,3
0.083,0.192,0.362,-0.42,0.180,0,0.3502,0.3891,0.320,0.318,0.168,0.111,0.000,0.000,0.000,0.000,0,0,0,0,0.195,0.166,0.102,0.051,0.034,0.017,8,7,5,3
0.066,0.244,0.382,-0.42,0.180,0,0.3683,0.3987,0.356,0.318,0.168,0.111,0.000,0.000,0.000,0.000,0,0,0,0,0.195,0.166,0.102,0.051,0.034,0.017,8,7,5,3
0.062,0.186,0.321,-0.52,0.062,0,0.3710,0.3958,0.405,0.341,0.168,0.111,0.000,0.000,0.000,0.000,0,0,0,0,0.195,0.166,0.102,0.051,0.034,0.017,8,7,5,3
0.066,0.165,0.361,-0.79,0.151,-1,0.3699,0.3895,0.515,0.736,0.168,0.111,0.000,0.000,0.000,0.000,0,0,0,0,0.195,0.166,0.102,0.051,0.034,0.017,8,7,5,3
0.082,0.185,0.296,0,0.000,0,0.3715,0.3854,0.277,0.166,0.168,0.111,0.000,0.000,0.000,0.000,0,0,0,0,0.195,0.166,0.102,0.051,0.034,0.017,8,7,5,3
0.086,0.181,0.430,-1.19,0.219,1,0.3684,0.3770,0.410,0.586,0.168,0.111,0.000,0.000,0.000,0.000,0,0,0,0,0.195,0.166,0.102,0.051,0.034,0.017,8,7,5,3
0.091,0.149,0.071,0.85,0.046,0,0.3399,0.3482,0.212,0.06,0.168,0.111,0.000,0.000,0.000,0.000,0,0,0,0,0.195,0.166,0.102,0.051,0.034,0.017,8,7,5,3
0.087,0.205,0.419,1.37,0.298,0,0.3089,0.3162,0.281,-0.510,0.168,0.111,0.000,0.000,0.000,0.000,0,0,0,0,0.195,0.166,0.102,0.051,0.034,0.017,8,7,5,3
0.106,0.198,0.387,1.69,0.290,0,0.2829,0.2867,0.172,-0.697,0.168,0.111,0.000,0.000,0.000,0.000,0,0,0,0,0.195,0.166,0.102,0.051,0.034,0.017,8,7,5,3
0.101,0.275,0.116,-0.08,0.108,0,0.2480,0.2509,0.329,0.059,0.168,0.111,0.000,0.000,0.000,0.000,0,0,0,0,0.195,0.166,0.102,0.051,0.034,0.017,8,7,5,3
0.153,0.285,0.056,0,0.000,0,0.2088,0.2106,0.300,0.166,0.168,0.111,0.000,0.000,0.000,0.000,0,0,0,0,0.195,0.166,0.102,0.051,0.034,0.017,8,7,5,3
0.131,0.259,0.009,0.85,0.046,0,0.1755,0.1775,0.276,0.06,0.168,0.111,0.000,0.000,0.000,0.000,0,0,0,0,0.195,0.166,0.102,0.051,0.034,0.017,8,7,5,3
0.112,0.252,0.038,-1.14,0.131,0,0.1499,0.1512,0.325,0.987,0.168,0.111,0.000,0.000,0.000,0.000,0,0,0,0,0.195,0.166,0.102,0.051,0.034,0.017,8,7,5,3
0.109,0.289,0.141,-0.08,0.108,0,0.1222,0.1271,0.279,0.059,0.168,0.111,0.000,0.000,0.000,0.000,0,0,0,0,0.195,0.166,0.102,0.051,0.034,0.017,8,7,5,3
0.127,0.297,0.328,0.2,0.291,1,0.0965,0.1038,0.373,0.180,0.168,0.111,0.000,0.000,0.000,0.000,0,0,0,0,0.195,0.166,0.102,0.051,0.034,0.017,8,7,5,3
0.103,0.240,0.093,0.85,0.046,0,0.0763,0.0854,0.200,0.06,0.168,0.111,0.000,0.000,0.000,0.000,0,0,0,0,0.195,0.166,0.102,0.051,0.034,0.017,8,7,5,3
0.073,0.222,0.390,0.85,0.046,0,0.0612,0.0708,0.179,0.06,0.168,0.111,0.000,0.000,0.000,0.000,0,0,0,0,0.195,0.166,0.102,0.051,0.034,0.017,8,7,5,3
0.074,0.213,0.022,1.99,0.186,0,0.0583,0.0667,0.139,-0.326,0.168,0.111,0.000,0.000,0.000,0.000,0,0,0,0,0.195,0.166,0.102,0.051,0.034,0.017,8,7,5,3
0.085,0.236,0.538,-1.19,0.219,1,0.0622,0.0664,0.314,0.586,0.168,0.111,0.000,0.000,0.000,0.000,0,0,0,0,0.195,0.166,0.102,0.051,0.034,0.017,8,7,5,3
0.093,0.250,0.320,2.53,0.140,0,0.0728,0.0710,0.094,-0.121,0.168,0.111,0.000,0.000,0.000,0.000,0,0,0,0,0.195,0.166,0.102,0.051,0.034,0.017,8,7,5,3
0.082,0.256,0.467,-0.52,0.062,0,0.0671,0.0618,0.145,0.341,0.168,0.111,0.000,0.000,0.000,0.000,0,0,0,0,0.195,0.166,0.102,0.051,0.034,0.017,8,7,5,3
0.081,0.264,0.555,1.69,0.290,0,0.0596,0.0515,0.166,-0.697,0.168,0.111,0.000,0.000,0.000,0.000,0,0,0,0,0.195,0.166,0.102,0.051,0.034,0.017,8,7,5,3
0.078,0.246,0.533,1.69,0.290,0,0.0543,0.0441,0.231,-0.697,0.168,0.111,0.000,0.000,0.000,0.000,0,0,0,0,0.195,0.166,0.102,0.051,0.034,0.017,8,7,5,3
0.082,0.284,0.501,0,0.000,0,0.0476,0.0367,0.082,0.166,0.168,0.111,0.000,0.000,0.000,0.000,0,0,0,0,0.195,0.166,0.102,0.051,0.034,0.017,8,7,5,3
0.086,0.277,0.382,-1.14,0.131,0,0.0358,0.0256,0.285,0.987,0.168,0.111,0.000,0.000,0.000,0.000,0,0,0,0,0.195,0.166,0.102,0.051,0.034,0.017,8,7,5,3
0.080,0.274,0.490,1.69,0.290,0,0.0245,0.0168,0.268,-0.697,0.168,0.111,0.000,0.000,0.000,0.000,0,0,0,0,0.195,0.166,0.102,0.051,0.034,0.017,8,7,5,3
0.082,0.295,0.501,1.37,0.298,0,0.0207,0.0148,0.315,-0.510,0.168,0.111,0.000,0.000,0.000,0.000,0,0,0,0,0.195,0.166,0.102,0.051,0.034,0.017,8,7,5,3
0.066,0.283,0.369,0,0.000,0,0.0273,0.0195,0.195,0.166,0.168,0.111,0.000,0.000,0.000,0.000,0,0,0,0,0.195,0.166,0.102,0.051,0.034,0.017,8,7,5,3
0.059,0.287,0.350,0,0.000,0,0.0355,0.0239,0.226,0.166,0.168,0.111,0.000,0.000,0.000,0.000,0,0,0,0,0.195,0.166,0.102,0.051,0.034,0.017,8,7,5,3
0.049,0.304,0.406,1.37,0.298,0,0.0381,0.0262,0.236,-0.510,0.168,0.111,0.000,0.000,0.000,0.000,0,0,0,0,0.195,0.166,0.102,0.051,0.034,0.017,8,7,5,3
0.052,0.253,0.386,-0.48,0.134,0,0.0378,0.0254,0.203,0.007,0.168,0.111,0.000,0.000,0.000,0.000,0,0,0,0,0.195,0.166,0.102,0.051,0.034,0.017,8,7,5,3
0.050,0.290,0.055,2.53,0.140,0,0.0387,0.0250,0.094,-0.121,0.168,0.111,0.000,0.000,0.000,0.000,0,0,0,0,0.195,0.166,0.102,0.051,0.034,0.017,8,7,5,3
0.061,0.259,0.082,3.14,0.186,0,0.0394,0.0227,0.179,-0.486,0.168,0.111,0.000,0.000,0.000,0.000,0,0,0,0,0.195,0.166,0.102,0.051,0.034,0.017,8,7,5,3
0.075,0.264,0.148,0.85,0.046,0,0.0480,0.0234,0.107,0.06,0.168,0.111,0.000,0.000,0.000,0.000,0,0,0,0,0.195,0.166,0.102,0.051,0.034,0.017,8,7,5,3
0.076,0.281,0.323,1.99,0.186,0,0.0646,0.0283,0.118,-0.326,0.168,0.111,0.000,0.000,0.000,0.000,0,0,0,0,0.195,0.166,0.102,0.051,0.034,0.017,8,7,5,3
0.081,0.253,0.563,-1.1,0.105,-1,0.0834,0.0347,0.216,0.192,0.168,0.111,0.000,0.000,0.000,0.000,0,0,0,0,0.195,0.166,0.102,0.051,0.034,0.017,8,7,5,3
0.094,0.322,0.585,0.2,0.291,1,0.1045,0.0441,0.466,0.180,0.168,0.111,0.000,0.000,0.000,0.000,0,0,0,0,0.195,0.166,0.102,0.051,0.034,0.017,8,7,5,3
0.102,0.280,0.523,-0.79,0.151,-1,0.1191,0.0504,0.448,0.736,0.168,0.111,0.000,0.000,0.000,0.000,0,0,0,0,0.195,0.166,0.102,0.051,0.034,0.017,8,7,5,3
0.104,0.345,0.273,1.37,0.298,0,0.1277,0.0554,0.185,-0.510,0.168,0.111,0.000,0.000,0.000,0.000,0,0,0,0,0.195,0.166,0.102,0.051,0.034,0.017,8,7,5,3
0.097,0.328,0.499,0.2,0.291,1,0.1302,0.0596,0.347,0.180,0.168,0.111,0.000,0.000,0.000,0.000,0,0,0,0,0.195,0.166,0.102,0.051,0.034,0.017,8,7,5,3
0.097,0.288,0.359,0.22,0.230,0,0.1266,0.0624,0.292,0.303,0.168,0.111,0.000,0.000,0.000,0.000,0,0,0,0,0.195,0.166,0.102,0.051,0.034,0.017,8,7,5,3
0.115,0.195,0.118,0.85,0.046,0,0.1108,0.0581,0.125,0.06,0.168,0.111,0.000,0.000,0.000,0.000,0,0,0,0,0.195,0.166,0.102,0.051,0.034,0.017,8,7,5,3
0.079,0.145,0.143,1.99,0.186,0,0.0940,0.0542,0.118,-0.326,0.168,0.111,0.000,0.000,0.000,0.000,0,0,0,0,0.195,0.166,0.102,0.051,0.034,0.017,8,7,5,3
0.079,0.169,0.131,2.53,0.140,0,0.0767,0.0505,0.240,-0.121,0.168,0.111,0.000,0.000,0.000,0.000,0,0,0,0,0.195,0.166,0.102,0.051,0.034,0.017,8,7,5,3
0.078,0.183,0.483,2.1,0.128,0,0.0668,0.0499,0.139,0.02,0.168,0.111,0.000,0.000,0.000,0.000,0,0,0,0,0.195,0.166,0.102,0.051,0.034,0.017,8,7,5,3
0.082,0.189,0.604,0,0.000,0,0.0619,0.0479,0.127,0.166,0.168,0.111,0.000,0.000,0.000,0.000,0,0,0,0,0.195,0.166,0.102,0.051,0.034,0.017,8,7,5,3
0.089,0.184,0.495,-1.14,0.131,0,0.0665,0.0503,0.404,0.987,0.168,0.111,0.000,0.000,0.000,0.000,0,0,0,0,0.195,0.166,0.102,0.051,0.034,0.017,8,7,5,3
0.082,0.160,0.487,-1.1,0.105,-1,0.0707,0.0521,0.454,0.192,0.168,0.111,0.000,0.000,0.000,0.000,0,0,0,0,0.195,0.166,0.102,0.051,0.034,0.017,8,7,5,3
0.096,0.221,0.561,0.2,0.291,1,0.0788,0.0571,0.389,0.180,0.168,0.111,0.000,0.000,0.000,0.000,0,0,0,0,0.195,0.166,0.102,0.051,0.034,0.017,8,7,5,3
0.103,0.170,0.192,-1.1,0.105,-1,0.0895,0.0657,0.299,0.192,0.168,0.111,0.000,0.000,0.000,0.000,0,0,0,0,0.195,0.166,0.102,0.051,0.034,0.017,8,7,5,3
0.096,0.183,0.254,1.37,0.298,0,0.1019,0.0773,0.123,-0.510,0.168,0.111,0.000,0.000,0.000,0.000,0,0,0,0,0.195,0.166,0.102,0.051,0.034,0.017,8,7,5,3
0.094,0.164,0.003,1.99,0.186,0,0.1251,0.0979,0.093,-0.326,0.168,0.111,0.000,0.000,0.000,0.000,0,0,0,0,0.195,0.166,0.102,0.051,0.034,0.017,8,7,5,3
0.090,0.302,0.417,1.76,0.409,0,0.1555,0.1237,0.168,-0.884,0.168,0.111,0.000,0.000,0.000,0.000,0,0,0,0,0.195,0.166,0.102,0.051,0.034,0.017,8,7,5,3
0.073,0.264,0.015,3.14,0.186,0,0.1841,0.1484,0.083,-0.486,0.168,0.111,0.000,0.000,0.000,0.000,0,0,0,0,0.195,0.166,0.102,0.051,0.034,0.017,8,7,5,3
0.073,0.295,0.219,1.99,0.186,0,0.2103,0.1703,0.083,-0.326,0.168,0.111,0.000,0.000,0.000,0.000,0,0,0,0,0.195,0.166,0.102,0.051,0.034,0.017,8,7,5,3
0.089,0.324,0.370,-0.52,0.062,0,0.2199,0.1788,0.170,0.341,0.168,0.111,0.000,0.000,0.000,0.000,0,0,0,0,0.195,0.166,0.102,0.051,0.034,0.017,8,7,5,3
0.084,0.399,0.711,0.2,0.291,1,0.2166,0.1769,0.375,0.180,0.168,0.111,0.000,0.000,0.000,0.000,0,0,0,0,0.195,0.166,0.102,0.051,0.034,0.017,8,7,5,3
0.071,0.359,0.688,-0.08,0.108,0,0.1981,0.1614,0.203,0.059,0.168,0.111,0.000,0.000,0.000,0.000,0,0,0,0,0.195,0.166,0.102,0.051,0.034,0.017,8,7,5,3
0.077,0.305,0.506,-1.14,0.131,0,0.1732,0.1400,0.336,0.987,0.168,0.111,0.000,0.000,0.000,0.000,0,0,0,0,0.195,0.166,0.102,0.051,0.034,0.017,8,7,5,3
0.074,0.290,0.556,-0.08,0.108,0,0.1559,0.1249,0.407,0.059,0.168,0.111,0.000,0.000,0.000,0.000,0,0,0,0,0.195,0.166,0.102,0.051,0.034,0.017,8,7,5,3
0.078,0.228,0.415,3.14,0.186,0,0.1526,0.1195,0.206,-0.486,0.168,0.111,0.000,0.000,0.000,0.000,0,0,0,0,0.195,0.166,0.102,0.051,0.034,0.017,8,7,5,3
0.088,0.195,0.364,-0.52,0.062,0,0.1749,0.1378,0.288,0.341,0.168,0.111,0.000,0.000,0.000,0.000,0,0,0,0,0.195,0.166,0.102,0.051,0.034,0.017,8,7,5,3
0.088,0.094,0.175,-1.1,0.105,-1,0.2211,0.1766,0.493,0.192,0.168,0.111,0.000,0.000,0.000,0.000,0,0,0,0,0.195,0.166,0.102,0.051,0.034,0.017,8,7,5,3
0.122,0.083,0.182,-0.79,0.151,-1,0.2621,0.2121,0.444,0.736,0.168,0.111,0.000,0.000,0.000,0.000,0,0,0,0,0.195,0.166,0.102,0.051,0.034,0.017,8,7,5,3
0.130,0.078,0.278,2.53,0.140,0,0.3094,0.2524,0.118,-0.121,0.168,0.111,0.000,0.000,0.000,0.000,0,0,0,0,0.195,0.166,0.102,0.051,0.034,0.017,8,7,5,3
0.106,0.108,0.205,-1.19,0.219,1,0.3516,0.2890,0.295,0.586,0.168,0.111,0.000,0.000,0.000,0.000,0,0,0,0,0.195,0.166,0.102,0.051,0.034,0.017,8,7,5,3
0.103,0.096,0.007,-0.42,0.180,0,0.3831,0.3181,0.429,0.318,0.168,0.111,0.000,0.000,0.000,0.000,0,0,0,0,0.195,0.166,0.102,0.051,0.034,0.017,8,7,5,3
0.081,0.083,0.002,-0.79,0.151,-1,0.3911,0.3298,0.325,0.736,0.168,0.111,0.000,0.000,0.000,0.000,0,0,0,0,0.195,0.166,0.102,0.051,0.034,0.017,8,7,5,3
0.082,0.132,0.006,1.42,0.221,0,0.3717,0.3200,0.078,-0.397,0.168,0.111,0.000,0.000,0.000,0.000,0,0,0,0,0.195,0.166,0.102,0.051,0.034,0.017,8,7,5,3
0.086,0.105,0.001,1.99,0.186,0,0.3321,0.2949,0.166,-0.326,0.168,0.111,0.000,0.000,0.000,0.000,0,0,0,0,0.195,0.166,0.102,0.051,0.034,0.017,8,7,5,3
0.096,0.105,0.003,0.85,0.046,0,0.2817,0.2607,0.324,0.06,0.168,0.111,0.000,0.000,0.000,0.000,0,0,0,0,0.195,0.166,0.102,0.051,0.034,0.017,8,7,5,3
0.122,0.122,0.005,2.53,0.140,0,0.2294,0.2248,0.130,-0.121,0.168,0.111,0.000,0.000,0.000,0.000,0,0,0,0,0.195,0.166,0.102,0.051,0.034,0.017,8,7,5,3
0.095,0.116,0.004,0.85,0.046,0,0.1811,0.1924,0.084,0.06,0.168,0.111,0.000,0.000,0.000,0.000,0,0,0,0,0.195,0.166,0.102,0.051,0.034,0.017,8,7,5,3
0.097,0.083,0.181,-0.08,0.108,0,0.1434,0.1671,0.287,0.059,0.168,0.111,0.000,0.000,0.000,0.000,0,0,0,0,0.195,0.166,0.102,0.051,0.034,0.017,8,7,5,3
0.082,0.090,0.339,0.2,0.291,1,0.1175,0.1479,0.488,0.180,0.168,0.111,0.000,0.000,0.000,0.000,0,0,0,0,0.195,0.166,0.102,0.051,0.034,0.017,8,7,5,3
0.082,0.067,0.007,-0.79,0.151,-1,0.0941,0.1294,0.494,0.736,0.168,0.111,0.000,0.000,0.000,0.000,0,0,0,0,0.195,0.166,0.102,0.051,0.034,0.017,8,7,5,3
0.063,0.073,0.040,0,0.000,0,0.0776,0.1178,0.451,0.166,0.168,0.111,0.000,0.000,0.000,0.000,0,0,0,0,0.195,0.166,0.102,0.051,0.034,0.017,8,7,5,3
0.063,0.099,0.034,1.69,0.290,0,0.0805,0.1245,0.186,-0.697,0.168,0.111,0.000,0.000,0.000,0.000,0,0,0,0,0.195,0.166,0.102,0.051,0.034,0.017,8,7,5,3
0.075,0.076,0.268,-1.1,0.105,-1,0.0934,0.1440,0.403,0.192,0.168,0.111,0.000,0.000,0.000,0.000,0,0,0,0,0.195,0.166,0.102,0.051,0.034,0.017,8,7,5,3
0.073,0.080,0.343,2.53,0.140,0,0.1282,0.1935,0.181,-0.121,0.168,0.111,0.000,0.000,0.000,0.000,0,0,0,0,0.195,0.166,0.102,0.051,0.034,0.017,8,7,5,3
0.077,0.173,0.451,-0.52,0.062,0,0.1611,0.2553,0.245,0.341,0.168,0.111,0.000,0.000,0.000,0.000,0,0,0,0,0.195,0.166,0.102,0.051,0.034,0.017,8,7,5,3
0.074,0.181,0.517,-1.19,0.219,1,0.1800,0.3193,0.304,0.586,0.168,0.111,0.000,0.000,0.000,0.000,0,0,0,0,0.195,0.166,0.102,0.051,0.034,0.017,8,7,5,3
0.070,0.170,0.295,1.69,0.290,0,0.1901,0.3882,0.145,-0.697,0.168,0.111,0.000,0.000,0.000,0.000,0,0,0,0,0.195,0.166,0.102,0.051,0.034,0.017,8,7,5,3
0.067,0.135,0.340,3.14,0.186,0,0.1894,0.4549,0.146,-0.486,0.168,0.111,0.000,0.000,0.000,0.000,0,0,0,0,0.195,0.166,0.102,0.051,0.034,0.017,8,7,5,3
0.067,0.165,0.498,1.76,0.409,0,0.1782,0.5160,0.191,-0.884,0.168,0.111,0.000,0.000,0.000,0.000,0,0,0,0,0.195,0.166,0.102,0.051,0.034,0.017,8,7,5,3
0.060,0.111,0.254,2.53,0.140,0,0.1584,0.5698,0.167,-0.121,0.168,0.111,0.000,0.000,0.000,0.000,0,0,0,0,0.195,0.166,0.102,0.051,0.034,0.017,8,7,5,3
0.075,0.119,0.510,-0.42,0.180,0,0.1342,0.6167,0.292,0.318,0.168,0.111,0.000,0.000,0.000,0.000,0,0,0,0,0.195,0.166,0.102,0.051,0.034,0.017,8,7,5,3
0.069,0.077,0.630,-0.42,0.180,0,0.1122,0.6603,0.317,0.318,0.168,0.111,0.000,0.000,0.000,0.000,0,0,0,0,0.195,0.166,0.102,0.051,0.034,0.017,8,7,5,3
0.089,0.050,0.444,-1.14,0.131,0,0.1014,0.7078,0.499,0.987,0.168,0.111,0.000,0.000,0.000,0.000,0,0,0,0,0.195,0.166,0.102,0.051,0.034,0.017,8,7,5,3
0.090,0.054,0.405,0,0.000,0,0.1137,0.7704,0.587,0.166,0.168,0.111,0.000,0.000,0.000,0.000,0,0,0,0,0.195,0.166,0.102,0.051,0.034,0.017,8,7,5,3
0.085,0.063,0.335,-0.52,0.062,0,0.1640,0.8643,0.889,0.341,0.168,0.111,0.000,0.000,0.000,0.000,0,0,0,0,0.195,0.166,0.102,0.051,0.034,0.017,8,7,5,3
