0.088,0.368,0.458,1.42,0.221,0,0.4283,0.9006,0.748,-0.397,0.195,0.128,0.099,0.023,0.006,0.000,12,4,1,0,0.169,0.211,0.111,0.094,0.076,0.064,10,9,7,6
0.088,0.488,0.472,-0.79,0.151,-1,0.4784,0.8722,0.586,0.736,0.195,0.128,0.099,0.023,0.006,0.000,12,4,1,0,0.169,0.211,0.111,0.094,0.076,0.064,10,9,7,6
0.093,0.575,0.609,-1.19,0.219,1,0.4841,0.8273,0.529,0.586,0.195,0.128,0.099,0.023,0.006,0.000,12,4,1,0,0.169,0.211,0.111,0.094,0.076,0.064,10,9,7,6
0.071,0.575,0.532,-0.08,0.108,0,0.4633,0.7696,0.457,0.059,0.195,0.128,0.099,0.023,0.006,0.000,12,4,1,0,0.169,0.211,0.111,0.094,0.076,0.064,10,9,7,6
0.103,0.585,0.350,-0.08,0.108,0,0.4296,0.7026,0.377,0.059,0.195,0.128,0.099,0.023,0.006,0.000,12,4,1,0,0.169,0.211,0.111,0.094,0.076,0.064,10,9,7,6
0.103,0.512,0.364,-0.08,0.108,0,0.3929,0.6302,0.272,0.059,0.195,0.128,0.099,0.023,0.006,0.000,12,4,1,0,0.169,0.211,0.111,0.094,0.076,0.064,10,9,7,6
0.110,0.571,0.189,-0.42,0.180,0,0.3594,0.5563,0.497,0.318,0.195,0.128,0.099,0.023,0.006,0.000,12,4,1,0,0.169,0.211,0.111,0.094,0.076,0.064,10,9,7,6
0.113,0.385,0.002,-0.79,0.151,-1,0.3327,0.4842,0.460,0.736,0.195,0.128,0.099,0.023,0.006,0.000,12,4,1,0,0.169,0.211,0.111,0.094,0.076,0.064,10,9,7,6
0.111,0.252,0.003,1.99,0.186,0,0.3139,0.4171,0.136,-0.326,0.195,0.128,0.099,0.023,0.006,0.000,12,4,1,0,0.169,0.211,0.111,0.094,0.076,0.064,10,9,7,6
0.119,0.240,0.001,1.99,0.186,0,0.3025,0.3578,0.199,-0.326,0.195,0.128,0.099,0.023,0.006,0.000,12,4,1,0,0.169,0.211,0.111,0.094,0.076,0.064,10,9,7,6
0.102,0.223,0.001,0.85,0.046,0,0.2978,0.3124,0.449,0.06,0.195,0.128,0.099,0.023,0.006,0.000,12,4,1,0,0.169,0.211,0.111,0.094,0.076,0.064,10,9,7,6
0.098,0.248,0.003,-0.42,0.180,0,0.2914,0.2743,0.359,0.318,0.195,0.128,0.099,0.023,0.006,0.000,12,4,1,0,0.169,0.211,0.111,0.094,0.076,0.064,10,9,7,6
0.125,0.150,0.002,0.85,0.046,0,0.2859,0.2456,0.044,0.06,0.195,0.128,0.099,0.023,0.006,0.000,12,4,1,0,0.169,0.211,0.111,0.094,0.076,0.064,10,9,7,6
0.100,0.234,0.014,-0.79,0.151,-1,0.2785,0.2280,0.385,0.736,0.195,0.128,0.099,0.023,0.006,0.000,12,4,1,0,0.169,0.211,0.111,0.094,0.076,0.064,10,9,7,6
0.100,0.439,0.131,-1.19,0.219,1,0.2586,0.2099,0.537,0.586,0.195,0.128,0.099,0.023,0.006,0.000,12,4,1,0,0.169,0.211,0.111,0.094,0.076,0.064,10,9,7,6
0.101,0.356,0.021,3.14,0.186,0,0.2375,0.1986,0.163,-0.486,0.195,0.128,0.099,0.023,0.006,0.000,12,4,1,0,0.169,0.211,0.111,0.094,0.076,0.064,10,9,7,6
0.103,0.324,0.012,2.1,0.128,0,0.2292,0.1949,0.115,0.02,0.195,0.128,0.099,0.023,0.006,0.000,12,4,1,0,0.169,0.211,0.111,0.094,0.076,0.064,10,9,7,6
0.110,0.391,0.229,0.85,0.046,0,0.2281,0.1938,0.434,0.06,0.195,0.128,0.099,0.023,0.006,0.000,12,4,1,0,0.169,0.211,0.111,0.094,0.076,0.064,10,9,7,6
0.134,0.466,0.286,-0.42,0.180,0,0.2333,0.1934,0.462,0.318,0.195,0.128,0.099,0.023,0.006,0.000,12,4,1,0,0.169,0.211,0.111,0.094,0.076,0.064,10,9,7,6
0.110,0.705,0.314,0.2,0.291,1,0.2320,0.1868,0.391,0.180,0.195,0.128,0.099,0.023,0.006,0.000,12,4,1,0,0.169,0.211,0.111,0.094,0.076,0.064,10,9,7,6
0.111,0.623,0.278,-0.48,0.134,0,0.2169,0.1706,0.412,0.007,0.195,0.128,0.099,0.023,0.006,0.000,12,4,1,0,0.169,0.211,0.111,0.094,0.076,0.064,10,9,7,6
0.110,0.606,0.390,2.53,0.140,0,0.1966,0.1507,0.271,-0.121,0.195,0.128,0.099,0.023,0.006,0.000,12,4,1,0,0.169,0.211,0.111,0.094,0.076,0.064,10,9,7,6
0.118,0.854,0.636,0.2,0.291,1,0.1720,0.1250,0.517,0.180,0.195,0.128,0.099,0.023,0.006,0.000,12,4,1,0,0.169,0.211,0.111,0.094,0.076,0.064,10,9,7,6
0.116,0.741,0.818,1.99,0.186,0,0.1679,0.1167,0.223,-0.326,0.195,0.128,0.099,0.023,0.006,0.000,12,4,1,0,0.169,0.211,0.111,0.094,0.076,0.064,10,9,7,6
0.148,0.748,0.992,-0.08,0.108,0,0.1698,0.1140,0.300,0.059,0.195,0.128,0.099,0.023,0.006,0.000,12,4,1,0,0.169,0.211,0.111,0.094,0.076,0.064,10,9,7,6
0.126,0.614,0.745,-1.14,0.131,0,0.1752,0.1149,0.421,0.987,0.195,0.128,0.099,0.023,0.006,0.000,12,4,1,0,0.169,0.211,0.111,0.094,0.076,0.064,10,9,7,6
0.129,0.680,0.992,-0.42,0.180,0,0.1839,0.1195,0.441,0.318,0.195,0.128,0.099,0.023,0.006,0.000,12,4,1,0,0.169,0.211,0.111,0.094,0.076,0.064,10,9,7,6
0.121,0.701,0.873,0.2,0.291,1,0.1878,0.1188,0.281,0.180,0.195,0.128,0.099,0.023,0.006,0.000,12,4,1,0,0.169,0.211,0.111,0.094,0.076,0.064,10,9,7,6
0.116,0.484,0.128,1.99,0.186,0,0.2079,0.1322,0.154,-0.326,0.195,0.128,0.099,0.023,0.006,0.000,12,4,1,0,0.169,0.211,0.111,0.094,0.076,0.064,10,9,7,6
0.122,0.473,0.012,-0.79,0.151,-1,0.2260,0.1441,0.324,0.736,0.195,0.128,0.099,0.023,0.006,0.000,12,4,1,0,0.169,0.211,0.111,0.094,0.076,0.064,10,9,7,6
0.118,0.410,0.004,2.53,0.140,0,0.2330,0.1497,0.148,-0.121,0.195,0.128,0.099,0.023,0.006,0.000,12,4,1,0,0.169,0.211,0.111,0.094,0.076,0.064,10,9,7,6
0.136,0.441,0.005,1.99,0.186,0,0.2292,0.1490,0.129,-0.326,0.195,0.128,0.099,0.023,0.006,0.000,12,4,1,0,0.169,0.211,0.111,0.094,0.076,0.064,10,9,7,6
0.143,0.653,0.041,0.2,0.291,1,0.2128,0.1395,0.399,0.180,0.195,0.128,0.099,0.023,0.006,0.000,12,4,1,0,0.169,0.211,0.111,0.094,0.076,0.064,10,9,7,6
0.138,0.435,0.003,1.99,0.186,0,0.1873,0.1256,0.194,-0.326,0.195,0.128,0.099,0.023,0.006,0.000,12,4,1,0,0.169,0.211,0.111,0.094,0.076,0.064,10,9,7,6
0.124,0.449,0.005,1.42,0.221,0,0.1543,0.1058,0.175,-0.397,0.195,0.128,0.099,0.023,0.006,0.000,12,4,1,0,0.169,0.211,0.111,0.094,0.076,0.064,10,9,7,6
0.125,0.482,0.009,-0.52,0.062,0,0.1257,0.0886,0.288,0.341,0.195,0.128,0.099,0.023,0.006,0.000,12,4,1,0,0.169,0.211,0.111,0.094,0.076,0.064,10,9,7,6
0.130,0.329,0.022,1.99,0.186,0,0.1060,0.0748,0.232,-0.326,0.195,0.128,0.099,0.023,0.006,0.000,12,4,1,0,0.169,0.211,0.111,0.094,0.076,0.064,10,9,7,6
0.134,0.526,0.011,-0.42,0.180,0,0.0840,0.0595,0.465,0.318,0.195,0.128,0.099,0.023,0.006,0.000,12,4,1,0,0.169,0.211,0.111,0.094,0.076,0.064,10,9,7,6
0.124,0.464,0.016,-1.1,0.105,-1,0.0660,0.0469,0.514,0.192,0.195,0.128,0.099,0.023,0.006,0.000,12,4,1,0,0.169,0.211,0.111,0.094,0.076,0.064,10,9,7,6
0.124,0.543,0.079,0,0.000,0,0.0492,0.0340,0.304,0.166,0.195,0.128,0.099,0.023,0.006,0.000,12,4,1,0,0.169,0.211,0.111,0.094,0.076,0.064,10,9,7,6
0.151,0.479,0.371,0.85,0.046,0,0.0410,0.0284,0.255,0.06,0.195,0.128,0.099,0.023,0.006,0.000,12,4,1,0,0.169,0.211,0.111,0.094,0.076,0.064,10,9,7,6
0.156,0.432,0.114,3.14,0.186,0,0.0539,0.0399,0.205,-0.486,0.195,0.128,0.099,0.023,0.006,0.000,12,4,1,0,0.169,0.211,0.111,0.094,0.076,0.064,10,9,7,6
0.129,0.516,0.249,-0.52,0.062,0,0.0733,0.0557,0.263,0.341,0.195,0.128,0.099,0.023,0.006,0.000,12,4,1,0,0.169,0.211,0.111,0.094,0.076,0.064,10,9,7,6
0.125,0.372,0.071,0.85,0.046,0,0.1000,0.0780,0.096,0.06,0.195,0.128,0.099,0.023,0.006,0.000,12,4,1,0,0.169,0.211,0.111,0.094,0.076,0.064,10,9,7,6
0.102,0.383,0.621,1.37,0.298,0,0.1248,0.0972,0.326,-0.510,0.195,0.128,0.099,0.023,0.006,0.000,12,4,1,0,0.169,0.211,0.111,0.094,0.076,0.064,10,9,7,6
0.093,0.282,0.031,-1.1,0.105,-1,0.1534,0.1198,0.342,0.192,0.195,0.128,0.099,0.023,0.006,0.000,12,4,1,0,0.169,0.211,0.111,0.094,0.076,0.064,10,9,7,6
0.086,0.284,0.002,1.99,0.186,0,0.1879,0.1478,0.087,-0.326,0.195,0.128,0.099,0.023,0.006,0.000,12,4,1,0,0.169,0.211,0.111,0.094,0.076,0.064,10,9,7,6
0.087,0.219,0.072,1.99,0.186,0,0.2133,0.1688,0.169,-0.326,0.195,0.128,0.099,0.023,0.006,0.000,12,4,1,0,0.169,0.211,0.111,0.094,0.076,0.064,10,9,7,6
0.112,0.193,0.002,-1.1,0.105,-1,0.2426,0.1956,0.392,0.192,0.195,0.128,0.099,0.023,0.006,0.000,12,4,1,0,0.169,0.211,0.111,0.094,0.076,0.064,10,9,7,6
0.111,0.166,0.001,1.99,0.186,0,0.2582,0.2099,0.161,-0.326,0.195,0.128,0.099,0.023,0.006,0.000,12,4,1,0,0.169,0.211,0.111,0.094,0.076,0.064,10,9,7,6
0.104,0.163,0.003,1.99,0.186,0,0.2673,0.2155,0.101,-0.326,0.195,0.128,0.099,0.023,0.006,0.000,12,4,1,0,0.169,0.211,0.111,0.094,0.076,0.064,10,9,7,6
0.098,0.245,0.070,0.2,0.291,1,0.2799,0.2230,0.465,0.180,0.195,0.128,0.099,0.023,0.006,0.000,12,4,1,0,0.169,0.211,0.111,0.094,0.076,0.064,10,9,7,6
0.101,0.177,0.004,-0.79,0.151,-1,0.2923,0.2303,0.532,0.736,0.195,0.128,0.099,0.023,0.006,0.000,12,4,1,0,0.169,0.211,0.111,0.094,0.076,0.064,10,9,7,6
0.085,0.166,0.002,0.85,0.046,0,0.2991,0.2312,0.292,0.06,0.195,0.128,0.099,0.023,0.006,0.000,12,4,1,0,0.169,0.211,0.111,0.094,0.076,0.064,10,9,7,6
0.088,0.212,0.006,-0.79,0.151,-1,0.2977,0.2237,0.400,0.736,0.195,0.128,0.099,0.023,0.006,0.000,12,4,1,0,0.169,0.211,0.111,0.094,0.076,0.064,10,9,7,6
0.099,0.209,0.006,-1.14,0.131,0,0.2891,0.2096,0.581,0.987,0.195,0.128,0.099,0.023,0.006,0.000,12,4,1,0,0.169,0.211,0.111,0.094,0.076,0.064,10,9,7,6
0.103,0.382,0.425,-0.42,0.180,0,0.2849,0.1989,0.606,0.318,0.195,0.128,0.099,0.023,0.006,0.000,12,4,1,0,0.169,0.211,0.111,0.094,0.076,0.064,10,9,7,6
0.099,0.354,0.789,0.85,0.046,0,0.2855,0.1941,0.526,0.06,0.195,0.128,0.099,0.023,0.006,0.000,12,4,1,0,0.169,0.211,0.111,0.094,0.076,0.064,10,9,7,6
0.082,0.574,0.958,-1.19,0.219,1,0.2931,0.1993,0.538,0.586,0.195,0.128,0.099,0.023,0.006,0.000,12,4,1,0,0.169,0.211,0.111,0.094,0.076,0.064,10,9,7,6
0.085,0.834,0.657,-1.14,0.131,0,0.3009,0.2090,0.361,0.987,0.195,0.128,0.099,0.023,0.006,0.000,12,4,1,0,0.169,0.211,0.111,0.094,0.076,0.064,10,9,7,6
0.085,0.837,0.813,-1.14,0.131,0,0.3073,0.2200,0.442,0.987,0.195,0.128,0.099,0.023,0.006,0.000,12,4,1,0,0.169,0.211,0.111,0.094,0.076,0.064,10,9,7,6
0.069,0.893,0.997,-0.08,0.108,0,0.3024,0.2229,0.345,0.059,0.195,0.128,0.099,0.023,0.006,0.000,12,4,1,0,0.169,0.211,0.111,0.094,0.076,0.064,10,9,7,6
0.064,0.463,0.156,2.53,0.140,0,0.2828,0.2128,0.085,-0.121,0.195,0.128,0.099,0.023,0.006,0.000,12,4,1,0,0.169,0.211,0.111,0.094,0.076,0.064,10,9,7,6
0.081,0.601,0.992,1.37,0.298,0,0.2658,0.2037,0.201,-0.510,0.195,0.128,0.099,0.023,0.006,0.000,12,4,1,0,0.169,0.211,0.111,0.094,0.076,0.064,10,9,7,6
0.066,0.618,0.992,0.2,0.291,1,0.2471,0.1898,0.441,0.180,0.195,0.128,0.099,0.023,0.006,0.000,12,4,1,0,0.169,0.211,0.111,0.094,0.076,0.064,10,9,7,6
0.082,0.438,0.277,0.85,0.046,0,0.2136,0.1619,0.073,0.06,0.195,0.128,0.099,0.023,0.006,0.000,12,4,1,0,0.169,0.211,0.111,0.094,0.076,0.064,10,9,7,6
0.092,0.411,0.003,1.99,0.186,0,0.1850,0.1391,0.068,-0.326,0.195,0.128,0.099,0.023,0.006,0.000,12,4,1,0,0.169,0.211,0.111,0.094,0.076,0.064,10,9,7,6
0.118,0.368,0.299,-1.1,0.105,-1,0.1516,0.1096,0.290,0.192,0.195,0.128,0.099,0.023,0.006,0.000,12,4,1,0,0.169,0.211,0.111,0.094,0.076,0.064,10,9,7,6
0.118,0.400,0.014,1.69,0.290,0,0.1217,0.0797,0.211,-0.697,0.195,0.128,0.099,0.023,0.006,0.000,12,4,1,0,0.169,0.211,0.111,0.094,0.076,0.064,10,9,7,6
0.077,0.348,0.007,1.99,0.186,0,0.1104,0.0647,0.133,-0.326,0.195,0.128,0.099,0.023,0.006,0.000,12,4,1,0,0.169,0.211,0.111,0.094,0.076,0.064,10,9,7,6
0.085,0.277,0.003,1.99,0.186,0,0.1162,0.0655,0.206,-0.326,0.195,0.128,0.099,0.023,0.006,0.000,12,4,1,0,0.169,0.211,0.111,0.094,0.076,0.064,10,9,7,6
0.084,0.278,0.004,-0.79,0.151,-1,0.1209,0.0676,0.549,0.736,0.195,0.128,0.099,0.023,0.006,0.000,12,4,1,0,0.169,0.211,0.111,0.094,0.076,0.064,10,9,7,6
0.074,0.379,0.010,-0.42,0.180,0,0.1255,0.0703,0.428,0.318,0.195,0.128,0.099,0.023,0.006,0.000,12,4,1,0,0.169,0.211,0.111,0.094,0.076,0.064,10,9,7,6
0.078,0.380,0.008,0,0.000,0,0.1194,0.0669,0.320,0.166,0.195,0.128,0.099,0.023,0.006,0.000,12,4,1,0,0.169,0.211,0.111,0.094,0.076,0.064,10,9,7,6
0.078,0.464,0.022,1.69,0.290,0,0.1091,0.0597,0.189,-0.697,0.195,0.128,0.099,0.023,0.006,0.000,12,4,1,0,0.169,0.211,0.111,0.094,0.076,0.064,10,9,7,6
0.075,0.486,0.002,2.53,0.140,0,0.0988,0.0526,0.262,-0.121,0.195,0.128,0.099,0.023,0.006,0.000,12,4,1,0,0.169,0.211,0.111,0.094,0.076,0.064,10,9,7,6
0.075,0.855,0.143,0.22,0.230,0,0.0921,0.0475,0.376,0.303,0.195,0.128,0.099,0.023,0.006,0.000,12,4,1,0,0.169,0.211,0.111,0.094,0.076,0.064,10,9,7,6
0.077,0.854,0.653,-1.19,0.219,1,0.0820,0.0417,0.420,0.586,0.195,0.128,0.099,0.023,0.006,0.000,12,4,1,0,0.169,0.211,0.111,0.094,0.076,0.064,10,9,7,6
0.087,0.882,0.157,2.53,0.140,0,0.0694,0.0359,0.186,-0.121,0.195,0.128,0.099,0.023,0.006,0.000,12,4,1,0,0.169,0.211,0.111,0.094,0.076,0.064,10,9,7,6
0.105,0.472,0.151,-0.79,0.151,-1,0.0573,0.0281,0.448,0.736,0.195,0.128,0.099,0.023,0.006,0.000,12,4,1,0,0.169,0.211,0.111,0.094,0.076,0.064,10,9,7,6
0.087,0.854,0.299,-0.52,0.062,0,0.0583,0.0260,0.367,0.341,0.195,0.128,0.099,0.023,0.006,0.000,12,4,1,0,0.169,0.211,0.111,0.094,0.076,0.064,10,9,7,6
0.084,0.881,0.149,-0.08,0.108,0,0.0656,0.0267,0.361,0.059,0.195,0.128,0.099,0.023,0.006,0.000,12,4,1,0,0.169,0.211,0.111,0.094,0.076,0.064,10,9,7,6
0.100,0.886,0.313,-0.48,0.134,0,0.0913,0.0368,0.357,0.007,0.195,0.128,0.099,0.023,0.006,0.000,12,4,1,0,0.169,0.211,0.111,0.094,0.076,0.064,10,9,7,6
0.098,0.893,0.427,-0.52,0.062,0,0.1251,0.0492,0.170,0.341,0.195,0.128,0.099,0.023,0.006,0.000,12,4,1,0,0.169,0.211,0.111,0.094,0.076,0.064,10,9,7,6
0.092,0.883,0.818,1.37,0.298,0,0.1630,0.0626,0.228,-0.510,0.195,0.128,0.099,0.023,0.006,0.000,12,4,1,0,0.169,0.211,0.111,0.094,0.076,0.064,10,9,7,6
0.120,0.401,0.652,2.53,0.140,0,0.1972,0.0749,0.095,-0.121,0.195,0.128,0.099,0.023,0.006,0.000,12,4,1,0,0.169,0.211,0.111,0.094,0.076,0.064,10,9,7,6
0.114,0.841,0.436,1.99,0.186,0,0.2197,0.0827,0.110,-0.326,0.195,0.128,0.099,0.023,0.006,0.000,12,4,1,0,0.169,0.211,0.111,0.094,0.076,0.064,10,9,7,6
0.111,0.423,0.198,2.1,0.128,0,0.2300,0.0860,0.081,0.02,0.195,0.128,0.099,0.023,0.006,0.000,12,4,1,0,0.169,0.211,0.111,0.094,0.076,0.064,10,9,7,6
0.090,0.839,0.396,0.22,0.230,0,0.2247,0.0839,0.192,0.303,0.195,0.128,0.099,0.023,0.006,0.000,12,4,1,0,0.169,0.211,0.111,0.094,0.076,0.064,10,9,7,6
0.094,0.358,0.212,1.99,0.186,0,0.2027,0.0762,0.103,-0.326,0.195,0.128,0.099,0.023,0.006,0.000,12,4,1,0,0.169,0.211,0.111,0.094,0.076,0.064,10,9,7,6
0.095,0.863,0.306,1.69,0.290,0,0.1688,0.0642,0.186,-0.697,0.195,0.128,0.099,0.023,0.006,0.000,12,4,1,0,0.169,0.211,0.111,0.094,0.076,0.064,10,9,7,6
0.088,0.315,0.401,-1.1,0.105,-1,0.1280,0.0487,0.409,0.192,0.195,0.128,0.099,0.023,0.006,0.000,12,4,1,0,0.169,0.211,0.111,0.094,0.076,0.064,10,9,7,6
0.095,0.400,0.178,-0.42,0.180,0,0.0897,0.0341,0.356,0.318,0.195,0.128,0.099,0.023,0.006,0.000,12,4,1,0,0.169,0.211,0.111,0.094,0.076,0.064,10,9,7,6
0.108,0.849,0.111,-1.14,0.131,0,0.0445,0.0128,0.454,0.987,0.195,0.128,0.099,0.023,0.006,0.000,12,4,1,0,0.169,0.211,0.111,0.094,0.076,0.064,10,9,7,6
0.107,0.927,0.338,-0.08,0.108,0,0.0263,0.0041,0.439,0.059,0.195,0.128,0.099,0.023,0.006,0.000,12,4,1,0,0.169,0.211,0.111,0.094,0.076,0.064,10,9,7,6
0.124,0.936,0.446,0.22,0.230,0,0.0298,0.0067,0.293,0.303,0.195,0.128,0.099,0.023,0.006,0.000,12,4,1,0,0.169,0.211,0.111,0.094,0.076,0.064,10,9,7,6
0.126,0.933,0.436,-0.08,0.108,0,0.0476,0.0164,0.300,0.059,0.195,0.128,0.099,0.023,0.006,0.000,12,4,1,0,0.169,0.211,0.111,0.094,0.076,0.064,10,9,7,6
0.127,0.941,0.534,-0.52,0.062,0,0.0749,0.0293,0.176,0.341,0.195,0.128,0.099,0.023,0.006,0.000,12,4,1,0,0.169,0.211,0.111,0.094,0.076,0.064,10,9,7,6
0.124,0.872,0.294,0.85,0.046,0,0.1106,0.0464,0.050,0.06,0.195,0.128,0.099,0.023,0.006,0.000,12,4,1,0,0.169,0.211,0.111,0.094,0.076,0.064,10,9,7,6
0.143,0.471,0.444,1.42,0.221,0,0.1336,0.0568,0.153,-0.397,0.195,0.128,0.099,0.023,0.006,0.000,12,4,1,0,0.169,0.211,0.111,0.094,0.076,0.064,10,9,7,6
0.117,0.851,0.379,1.69,0.290,0,0.1482,0.0644,0.148,-0.697,0.195,0.128,0.099,0.023,0.006,0.000,12,4,1,0,0.169,0.211,0.111,0.094,0.076,0.064,10,9,7,6
0.116,0.468,0.303,3.14,0.186,0,0.1539,0.0677,0.088,-0.486,0.195,0.128,0.099,0.023,0.006,0.000,12,4,1,0,0.169,0.211,0.111,0.094,0.076,0.064,10,9,7,6
0.124,0.900,0.146,2.1,0.128,0,0.1554,0.0688,0.053,0.02,0.195,0.128,0.099,0.023,0.006,0.000,12,4,1,0,0.169,0.211,0.111,0.094,0.076,0.064,10,9,7,6
0.129,0.419,0.296,-1.1,0.105,-1,0.1465,0.0651,0.367,0.192,0.195,0.128,0.099,0.023,0.006,0.000,12,4,1,0,0.169,0.211,0.111,0.094,0.076,0.064,10,9,7,6
0.110,0.535,0.368,0.2,0.291,1,0.1255,0.0569,0.377,0.180,0.195,0.128,0.099,0.023,0.006,0.000,12,4,1,0,0.169,0.211,0.111,0.094,0.076,0.064,10,9,7,6
0.118,0.392,0.298,2.1,0.128,0,0.0964,0.0440,0.136,0.02,0.195,0.128,0.099,0.023,0.006,0.000,12,4,1,0,0.169,0.211,0.111,0.094,0.076,0.064,10,9,7,6
0.110,0.384,0.171,0,0.000,0,0.0709,0.0331,0.350,0.166,0.195,0.128,0.099,0.023,0.006,0.000,12,4,1,0,0.169,0.211,0.111,0.094,0.076,0.064,10,9,7,6
0.094,0.368,0.244,0.85,0.046,0,0.0626,0.0312,0.286,0.06,0.195,0.128,0.099,0.023,0.006,0.000,12,4,1,0,0.169,0.211,0.111,0.094,0.076,0.064,10,9,7,6
0.086,0.339,0.151,2.53,0.140,0,0.0563,0.0292,0.194,-0.121,0.195,0.128,0.099,0.023,0.006,0.000,12,4,1,0,0.169,0.211,0.111,0.094,0.076,0.064,10,9,7,6
0.083,0.386,0.235,-1.19,0.219,1,0.0688,0.0355,0.398,0.586,0.195,0.128,0.099,0.023,0.006,0.000,12,4,1,0,0.169,0.211,0.111,0.094,0.076,0.064,10,9,7,6
0.083,0.325,0.052,-0.79,0.151,-1,0.0895,0.0446,0.558,0.736,0.195,0.128,0.099,0.023,0.006,0.000,12,4,1,0,0.169,0.211,0.111,0.094,0.076,0.064,10,9,7,6
0.109,0.267,0.068,-0.79,0.151,-1,0.1040,0.0473,0.395,0.736,0.195,0.128,0.099,0.023,0.006,0.000,12,4,1,0,0.169,0.211,0.111,0.094,0.076,0.064,10,9,7,6
0.106,0.175,0.086,2.1,0.128,0,0.1281,0.0553,0.108,0.02,0.195,0.128,0.099,0.023,0.006,0.000,12,4,1,0,0.169,0.211,0.111,0.094,0.076,0.064,10,9,7,6
0.102,0.156,0.045,0.85,0.046,0,0.1605,0.0682,0.365,0.06,0.195,0.128,0.099,0.023,0.006,0.000,12,4,1,0,0.169,0.211,0.111,0.094,0.076,0.064,10,9,7,6
0.107,0.177,0.001,-0.79,0.151,-1,0.1976,0.0853,0.563,0.736,0.195,0.128,0.099,0.023,0.006,0.000,12,4,1,0,0.169,0.211,0.111,0.094,0.076,0.064,10,9,7,6
0.104,0.188,0.004,0,0.000,0,0.2191,0.0958,0.293,0.166,0.195,0.128,0.099,0.023,0.006,0.000,12,4,1,0,0.169,0.211,0.111,0.094,0.076,0.064,10,9,7,6
0.125,0.182,0.003,2.53,0.140,0,0.2232,0.0983,0.092,-0.121,0.195,0.128,0.099,0.023,0.006,0.000,12,4,1,0,0.169,0.211,0.111,0.094,0.076,0.064,10,9,7,6
0.128,0.194,0.024,-0.79,0.151,-1,0.2177,0.0974,0.449,0.736,0.195,0.128,0.099,0.023,0.006,0.000,12,4,1,0,0.169,0.211,0.111,0.094,0.076,0.064,10,9,7,6
0.130,0.177,0.003,-1.1,0.105,-1,0.2121,0.0969,0.397,0.192,0.195,0.128,0.099,0.023,0.006,0.000,12,4,1,0,0.169,0.211,0.111,0.094,0.076,0.064,10,9,7,6
0.107,0.183,0.008,3.14,0.186,0,0.2003,0.0923,0.097,-0.486,0.195,0.128,0.099,0.023,0.006,0.000,12,4,1,0,0.169,0.211,0.111,0.094,0.076,0.064,10,9,7,6
0.086,0.202,0.024,1.42,0.221,0,0.1923,0.0887,0.140,-0.397,0.195,0.128,0.099,0.023,0.006,0.000,12,4,1,0,0.169,0.211,0.111,0.094,0.076,0.064,10,9,7,6
0.106,0.254,0.035,0.22,0.230,0,0.1901,0.0873,0.400,0.303,0.195,0.128,0.099,0.023,0.006,0.000,12,4,1,0,0.169,0.211,0.111,0.094,0.076,0.064,10,9,7,6
0.135,0.221,0.010,-0.08,0.108,0,0.1795,0.0820,0.267,0.059,0.195,0.128,0.099,0.023,0.006,0.000,12,4,1,0,0.169,0.211,0.111,0.094,0.076,0.064,10,9,7,6
0.140,0.241,0.003,1.99,0.186,0,0.1624,0.0727,0.090,-0.326,0.195,0.128,0.099,0.023,0.006,0.000,12,4,1,0,0.169,0.211,0.111,0.094,0.076,0.064,10,9,7,6
0.119,0.225,0.002,0.85,0.046,0,0.1584,0.0701,0.155,0.06,0.195,0.128,0.099,0.023,0.006,0.000,12,4,1,0,0.169,0.211,0.111,0.094,0.076,0.064,10,9,7,6
0.145,0.260,0.019,0.85,0.046,0,0.1714,0.0767,0.454,0.06,0.195,0.128,0.099,0.023,0.006,0.000,12,4,1,0,0.169,0.211,0.111,0.094,0.076,0.064,10,9,7,6
0.139,0.353,0.088,-1.19,0.219,1,0.1747,0.0778,0.458,0.586,0.195,0.128,0.099,0.023,0.006,0.000,12,4,1,0,0.169,0.211,0.111,0.094,0.076,0.064,10,9,7,6
0.113,0.319,0.017,1.42,0.221,0,0.1788,0.0805,0.190,-0.397,0.195,0.128,0.099,0.023,0.006,0.000,12,4,1,0,0.169,0.211,0.111,0.094,0.076,0.064,10,9,7,6
0.139,0.346,0.032,0,0.000,0,0.1731,0.0786,0.275,0.166,0.195,0.128,0.099,0.023,0.006,0.000,12,4,1,0,0.169,0.211,0.111,0.094,0.076,0.064,10,9,7,6
0.155,0.378,0.111,1.69,0.290,0,0.1593,0.0720,0.231,-0.697,0.195,0.128,0.099,0.023,0.006,0.000,12,4,1,0,0.169,0.211,0.111,0.094,0.076,0.064,10,9,7,6
0.162,0.315,0.069,0.85,0.046,0,0.1375,0.0615,0.253,0.06,0.195,0.128,0.099,0.023,0.006,0.000,12,4,1,0,0.169,0.211,0.111,0.094,0.076,0.064,10,9,7,6
0.155,0.363,0.166,1.99,0.186,0,0.1200,0.0533,0.188,-0.326,0.195,0.128,0.099,0.023,0.006,0.000,12,4,1,0,0.169,0.211,0.111,0.094,0.076,0.064,10,9,7,6
0.149,0.510,0.414,0.2,0.291,1,0.1071,0.0479,0.371,0.180,0.195,0.128,0.099,0.023,0.006,0.000,12,4,1,0,0.169,0.211,0.111,0.094,0.076,0.064,10,9,7,6
0.157,0.488,0.301,0.22,0.230,0,0.0916,0.0409,0.318,0.303,0.195,0.128,0.099,0.023,0.006,0.000,12,4,1,0,0.169,0.211,0.111,0.094,0.076,0.064,10,9,7,6
0.159,0.418,0.199,-0.48,0.134,0,0.0679,0.0300,0.260,0.007,0.195,0.128,0.099,0.023,0.006,0.000,12,4,1,0,0.169,0.211,0.111,0.094,0.076,0.064,10,9,7,6
0.162,0.347,0.178,2.53,0.140,0,0.0472,0.0216,0.136,-0.121,0.195,0.128,0.099,0.023,0.006,0.000,12,4,1,0,0.169,0.211,0.111,0.094,0.076,0.064,10,9,7,6
0.162,0.331,0.138,3.14,0.186,0,0.0378,0.0179,0.189,-0.486,0.195,0.128,0.099,0.023,0.006,0.000,12,4,1,0,0.169,0.211,0.111,0.094,0.076,0.064,10,9,7,6
0.107,0.339,0.308,-0.79,0.151,-1,0.0302,0.0139,0.391,0.736,0.195,0.128,0.099,0.023,0.006,0.000,12,4,1,0,0.169,0.211,0.111,0.094,0.076,0.064,10,9,7,6
0.103,0.357,0.184,0.85,0.046,0,0.0280,0.0123,0.217,0.06,0.195,0.128,0.099,0.023,0.006,0.000,12,4,1,0,0.169,0.211,0.111,0.094,0.076,0.064,10,9,7,6
0.081,0.434,0.507,0.22,0.230,0,0.0360,0.0159,0.316,0.303,0.195,0.128,0.099,0.023,0.006,0.000,12,4,1,0,0.169,0.211,0.111,0.094,0.076,0.064,10,9,7,6
0.100,0.431,0.415,0,0.000,0,0.0400,0.0174,0.312,0.166,0.195,0.128,0.099,0.023,0.006,0.000,12,4,1,0,0.169,0.211,0.111,0.094,0.076,0.064,10,9,7,6
0.102,0.384,0.287,1.99,0.186,0,0.0408,0.0178,0.154,-0.326,0.195,0.128,0.099,0.023,0.006,0.000,12,4,1,0,0.169,0.211,0.111,0.094,0.076,0.064,10,9,7,6
0.107,0.372,0.367,2.1,0.128,0,0.0464,0.0200,0.114,0.02,0.195,0.128,0.099,0.023,0.006,0.000,12,4,1,0,0.169,0.211,0.111,0.094,0.076,0.064,10,9,7,6
0.110,0.276,0.158,0.85,0.046,0,0.0550,0.0232,0.218,0.06,0.195,0.128,0.099,0.023,0.006,0.000,12,4,1,0,0.169,0.211,0.111,0.094,0.076,0.064,10,9,7,6
0.098,0.199,0.170,0.85,0.046,0,0.0583,0.0242,0.143,0.06,0.195,0.128,0.099,0.023,0.006,0.000,12,4,1,0,0.169,0.211,0.111,0.094,0.076,0.064,10,9,7,6
0.094,0.243,0.106,2.1,0.128,0,0.0584,0.0227,0.100,0.02,0.195,0.128,0.099,0.023,0.006,0.000,12,4,1,0,0.169,0.211,0.111,0.094,0.076,0.064,10,9,7,6
0.091,0.118,0.123,2.53,0.140,0,0.0542,0.0188,0.141,-0.121,0.195,0.128,0.099,0.023,0.006,0.000,12,4,1,0,0.169,0.211,0.111,0.094,0.076,0.064,10,9,7,6
0.096,0.210,0.229,-0.79,0.151,-1,0.0591,0.0213,0.314,0.736,0.195,0.128,0.099,0.023,0.006,0.000,12,4,1,0,0.169,0.211,0.111,0.094,0.076,0.064,10,9,7,6
0.115,0.184,0.317,2.53,0.140,0,0.0620,0.0205,0.127,-0.121,0.195,0.128,0.099,0.023,0.006,0.000,12,4,1,0,0.169,0.211,0.111,0.094,0.076,0.064,10,9,7,6
0.122,0.184,0.204,-0.79,0.151,-1,0.0622,0.0168,0.328,0.736,0.195,0.128,0.099,0.023,0.006,0.000,12,4,1,0,0.169,0.211,0.111,0.094,0.076,0.064,10,9,7,6
0.110,0.187,0.138,0.85,0.046,0,0.0699,0.0197,0.240,0.06,0.195,0.128,0.099,0.023,0.006,0.000,12,4,1,0,0.169,0.211,0.111,0.094,0.076,0.064,10,9,7,6
0.115,0.132,0.300,2.1,0.128,0,0.0826,0.0258,0.196,0.02,0.195,0.128,0.099,0.023,0.006,0.000,12,4,1,0,0.169,0.211,0.111,0.094,0.076,0.064,10,9,7,6
0.122,0.195,0.626,0.2,0.291,1,0.1043,0.0433,0.454,0.180,0.195,0.128,0.099,0.023,0.006,0.000,12,4,1,0,0.169,0.211,0.111,0.094,0.076,0.064,10,9,7,6
0.118,0.189,0.618,0.22,0.230,0,0.1430,0.0755,0.317,0.303,0.195,0.128,0.099,0.023,0.006,0.000,12,4,1,0,0.169,0.211,0.111,0.094,0.076,0.064,10,9,7,6
0.114,0.133,0.502,-1.14,0.131,0,0.1779,0.1009,0.383,0.987,0.195,0.128,0.099,0.023,0.006,0.000,12,4,1,0,0.169,0.211,0.111,0.094,0.076,0.064,10,9,7,6
0.113,0.173,0.610,-0.79,0.151,-1,0.2161,0.1282,0.552,0.736,0.195,0.128,0.099,0.023,0.006,0.000,12,4,1,0,0.169,0.211,0.111,0.094,0.076,0.064,10,9,7,6
0.136,0.187,0.739,-0.42,0.180,0,0.2537,0.1595,0.423,0.318,0.195,0.128,0.099,0.023,0.006,0.000,12,4,1,0,0.169,0.211,0.111,0.094,0.076,0.064,10,9,7,6
0.168,0.120,0.586,2.1,0.128,0,0.2981,0.2031,0.200,0.02,0.195,0.128,0.099,0.023,0.006,0.000,12,4,1,0,0.169,0.211,0.111,0.094,0.076,0.064,10,9,7,6
0.244,0.157,0.551,-0.42,0.180,0,0.3467,0.2567,0.464,0.318,0.195,0.128,0.099,0.023,0.006,0.000,12,4,1,0,0.169,0.211,0.111,0.094,0.076,0.064,10,9,7,6
0.235,0.202,0.575,0.22,0.230,0,0.4059,0.3237,0.455,0.303,0.195,0.128,0.099,0.023,0.006,0.000,12,4,1,0,0.169,0.211,0.111,0.094,0.076,0.064,10,9,7,6
0.288,0.166,0.417,-1.1,0.105,-1,0.4382,0.3843,0.437,0.192,0.195,0.128,0.099,0.023,0.006,0.000,12,4,1,0,0.169,0.211,0.111,0.094,0.076,0.064,10,9,7,6
0.294,0.302,0.539,0.22,0.230,0,0.4584,0.4454,0.360,0.303,0.195,0.128,0.099,0.023,0.006,0.000,12,4,1,0,0.169,0.211,0.111,0.094,0.076,0.064,10,9,7,6
0.294,0.223,0.379,-0.52,0.062,0,0.4759,0.5132,0.346,0.341,0.195,0.128,0.099,0.023,0.006,0.000,12,4,1,0,0.169,0.211,0.111,0.094,0.076,0.064,10,9,7,6
0.292,0.213,0.242,2.53,0.140,0,0.4858,0.5798,0.364,-0.121,0.195,0.128,0.099,0.023,0.006,0.000,12,4,1,0,0.169,0.211,0.111,0.094,0.076,0.064,10,9,7,6
0.281,0.275,0.407,-0.42,0.180,0,0.4902,0.6435,0.444,0.318,0.195,0.128,0.099,0.023,0.006,0.000,12,4,1,0,0.169,0.211,0.111,0.094,0.076,0.064,10,9,7,6
0.303,0.232,0.295,2.53,0.140,0,0.4918,0.7030,0.291,-0.121,0.195,0.128,0.099,0.023,0.006,0.000,12,4,1,0,0.169,0.211,0.111,0.094,0.076,0.064,10,9,7,6
0.387,0.366,0.855,-1.19,0.219,1,0.4945,0.7583,0.481,0.586,0.195,0.128,0.099,0.023,0.006,0.000,12,4,1,0,0.169,0.211,0.111,0.094,0.076,0.064,10,9,7,6
0.420,0.395,0.732,-1.19,0.219,1,0.5033,0.8103,0.542,0.586,0.195,0.128,0.099,0.023,0.006,0.000,12,4,1,0,0.169,0.211,0.111,0.094,0.076,0.064,10,9,7,6
0.432,0.367,0.842,-1.19,0.219,1,0.5242,0.8618,0.483,0.586,0.195,0.128,0.099,0.023,0.006,0.000,12,4,1,0,0.169,0.211,0.111,0.094,0.076,0.064,10,9,7,6
0.475,0.256,0.585,-1.14,0.131,0,0.5642,0.9173,0.564,0.987,0.195,0.128,0.099,0.023,0.006,0.000,12,4,1,0,0.169,0.211,0.111,0.094,0.076,0.064,10,9,7,6
0.471,0.410,0.770,0.2,0.291,1,0.6316,0.9837,0.791,0.180,0.195,0.128,0.099,0.023,0.006,0.000,12,4,1,0,0.169,0.211,0.111,0.094,0.076,0.064,10,9,7,6
