0.118,0.164,0.535,1.42,0.221,0,0.0171,0.5462,0.733,-0.397,0.254,0.153,0.217,0.048,0.000,0.000,19,7,0,0,0.245,0.163,0.130,0.048,0.029,0.019,13,9,6,4
0.121,0.185,0.695,-1.19,0.219,1,0.0140,0.4576,0.552,0.586,0.254,0.153,0.217,0.048,0.000,0.000,19,7,0,0,0.245,0.163,0.130,0.048,0.029,0.019,13,9,6,4
0.134,0.168,0.494,-0.52,0.062,0,0.0134,0.3636,0.348,0.341,0.254,0.153,0.217,0.048,0.000,0.000,19,7,0,0,0.245,0.163,0.130,0.048,0.029,0.019,13,9,6,4
0.138,0.209,0.666,-0.08,0.108,0,0.0142,0.2735,0.238,0.059,0.254,0.153,0.217,0.048,0.000,0.000,19,7,0,0,0.245,0.163,0.130,0.048,0.029,0.019,13,9,6,4
0.135,0.213,0.579,-0.08,0.108,0,0.0154,0.1935,0.218,0.059,0.254,0.153,0.217,0.048,0.000,0.000,19,7,0,0,0.245,0.163,0.130,0.048,0.029,0.019,13,9,6,4
0.133,0.219,0.310,1.69,0.290,0,0.0165,0.1274,0.150,-0.697,0.254,0.153,0.217,0.048,0.000,0.000,19,7,0,0,0.245,0.163,0.130,0.048,0.029,0.019,13,9,6,4
0.143,0.230,0.182,1.99,0.186,0,0.0175,0.0769,0.096,-0.326,0.254,0.153,0.217,0.048,0.000,0.000,19,7,0,0,0.245,0.163,0.130,0.048,0.029,0.019,13,9,6,4
0.156,0.211,0.084,0.85,0.046,0,0.0184,0.0418,0.047,0.06,0.254,0.153,0.217,0.048,0.000,0.000,19,7,0,0,0.245,0.163,0.130,0.048,0.029,0.019,13,9,6,4
0.156,0.211,0.192,1.99,0.186,0,0.0193,0.0206,0.125,-0.326,0.254,0.153,0.217,0.048,0.000,0.000,19,7,0,0,0.245,0.163,0.130,0.048,0.029,0.019,13,9,6,4
0.149,0.237,0.224,1.69,0.290,0,0.0206,0.0109,0.118,-0.697,0.254,0.153,0.217,0.048,0.000,0.000,19,7,0,0,0.245,0.163,0.130,0.048,0.029,0.019,13,9,6,4
0.158,0.247,0.173,1.99,0.186,0,0.0249,0.0072,0.067,-0.326,0.254,0.153,0.217,0.048,0.000,0.000,19,7,0,0,0.245,0.163,0.130,0.048,0.029,0.019,13,9,6,4
0.159,0.250,0.018,1.99,0.186,0,0.0305,0.0143,0.074,-0.326,0.254,0.153,0.217,0.048,0.000,0.000,19,7,0,0,0.245,0.163,0.130,0.048,0.029,0.019,13,9,6,4
0.123,0.257,0.146,-0.52,0.062,0,0.0357,0.0214,0.145,0.341,0.254,0.153,0.217,0.048,0.000,0.000,19,7,0,0,0.245,0.163,0.130,0.048,0.029,0.019,13,9,6,4
0.117,0.190,0.039,0.85,0.046,0,0.0368,0.0220,0.085,0.06,0.254,0.153,0.217,0.048,0.000,0.000,19,7,0,0,0.245,0.163,0.130,0.048,0.029,0.019,13,9,6,4
0.119,0.207,0.106,3.14,0.186,0,0.0336,0.0164,0.088,-0.486,0.254,0.153,0.217,0.048,0.000,0.000,19,7,0,0,0.245,0.163,0.130,0.048,0.029,0.019,13,9,6,4
0.120,0.191,0.004,3.14,0.186,0,0.0318,0.0132,0.109,-0.486,0.254,0.153,0.217,0.048,0.000,0.000,19,7,0,0,0.245,0.163,0.130,0.048,0.029,0.019,13,9,6,4
0.139,0.214,0.258,-0.52,0.062,0,0.0452,0.0206,0.294,0.341,0.254,0.153,0.217,0.048,0.000,0.000,19,7,0,0,0.245,0.163,0.130,0.048,0.029,0.019,13,9,6,4
0.139,0.260,0.241,0.22,0.230,0,0.0747,0.0386,0.268,0.303,0.254,0.153,0.217,0.048,0.000,0.000,19,7,0,0,0.245,0.163,0.130,0.048,0.029,0.019,13,9,6,4
0.139,0.178,0.010,1.99,0.186,0,0.1084,0.0562,0.124,-0.326,0.254,0.153,0.217,0.048,0.000,0.000,19,7,0,0,0.245,0.163,0.130,0.048,0.029,0.019,13,9,6,4
0.134,0.177,0.095,-1.14,0.131,0,0.1466,0.0770,0.369,0.987,0.254,0.153,0.217,0.048,0.000,0.000,19,7,0,0,0.245,0.163,0.130,0.048,0.029,0.019,13,9,6,4
0.162,0.203,0.230,-0.52,0.062,0,0.1947,0.1069,0.519,0.341,0.254,0.153,0.217,0.048,0.000,0.000,19,7,0,0,0.245,0.163,0.130,0.048,0.029,0.019,13,9,6,4
0.134,0.200,0.060,-0.52,0.062,0,0.2367,0.1315,0.384,0.341,0.254,0.153,0.217,0.048,0.000,0.000,19,7,0,0,0.245,0.163,0.130,0.048,0.029,0.019,13,9,6,4
0.137,0.161,0.148,-0.08,0.108,0,0.2750,0.1561,0.380,0.059,0.254,0.153,0.217,0.048,0.000,0.000,19,7,0,0,0.245,0.163,0.130,0.048,0.029,0.019,13,9,6,4
0.111,0.126,0.046,0.85,0.046,0,0.3185,0.1871,0.333,0.06,0.254,0.153,0.217,0.048,0.000,0.000,19,7,0,0,0.245,0.163,0.130,0.048,0.029,0.019,13,9,6,4
0.109,0.129,0.010,-1.1,0.105,-1,0.3673,0.2247,0.411,0.192,0.254,0.153,0.217,0.048,0.000,0.000,19,7,0,0,0.245,0.163,0.130,0.048,0.029,0.019,13,9,6,4
0.112,0.128,0.005,-1.1,0.105,-1,0.4198,0.2659,0.445,0.192,0.254,0.153,0.217,0.048,0.000,0.000,19,7,0,0,0.245,0.163,0.130,0.048,0.029,0.019,13,9,6,4
0.094,0.149,0.033,-1.1,0.105,-1,0.4652,0.3017,0.442,0.192,0.254,0.153,0.217,0.048,0.000,0.000,19,7,0,0,0.245,0.163,0.130,0.048,0.029,0.019,13,9,6,4
0.075,0.140,0.004,1.99,0.186,0,0.4928,0.3237,0.162,-0.326,0.254,0.153,0.217,0.048,0.000,0.000,19,7,0,0,0.245,0.163,0.130,0.048,0.029,0.019,13,9,6,4
0.071,0.171,0.243,2.53,0.140,0,0.5033,0.3327,0.212,-0.121,0.254,0.153,0.217,0.048,0.000,0.000,19,7,0,0,0.245,0.163,0.130,0.048,0.029,0.019,13,9,6,4
0.073,0.165,0.029,-1.1,0.105,-1,0.5037,0.3349,0.346,0.192,0.254,0.153,0.217,0.048,0.000,0.000,19,7,0,0,0.245,0.163,0.130,0.048,0.029,0.019,13,9,6,4
0.072,0.139,0.219,0.85,0.046,0,0.4929,0.3306,0.296,0.06,0.254,0.153,0.217,0.048,0.000,0.000,19,7,0,0,0.245,0.163,0.130,0.048,0.029,0.019,13,9,6,4
0.061,0.161,0.191,-0.79,0.151,-1,0.4604,0.3110,0.442,0.736,0.254,0.153,0.217,0.048,0.000,0.000,19,7,0,0,0.245,0.163,0.130,0.048,0.029,0.019,13,9,6,4
0.051,0.175,0.095,0,0.000,0,0.4068,0.2761,0.280,0.166,0.254,0.153,0.217,0.048,0.000,0.000,19,7,0,0,0.245,0.163,0.130,0.048,0.029,0.019,13,9,6,4
0.054,0.158,0.044,-0.48,0.134,0,0.3358,0.2298,0.280,0.007,0.254,0.153,0.217,0.048,0.000,0.000,19,7,0,0,0.245,0.163,0.130,0.048,0.029,0.019,13,9,6,4
0.053,0.127,0.102,1.99,0.186,0,0.2698,0.1918,0.133,-0.326,0.254,0.153,0.217,0.048,0.000,0.000,19,7,0,0,0.245,0.163,0.130,0.048,0.029,0.019,13,9,6,4
0.053,0.094,0.097,2.53,0.140,0,0.2146,0.1653,0.190,-0.121,0.254,0.153,0.217,0.048,0.000,0.000,19,7,0,0,0.245,0.163,0.130,0.048,0.029,0.019,13,9,6,4
0.059,0.132,0.383,-0.79,0.151,-1,0.1769,0.1512,0.474,0.736,0.254,0.153,0.217,0.048,0.000,0.000,19,7,0,0,0.245,0.163,0.130,0.048,0.029,0.019,13,9,6,4
0.060,0.183,0.361,-0.48,0.134,0,0.1563,0.1486,0.473,0.007,0.254,0.153,0.217,0.048,0.000,0.000,19,7,0,0,0.245,0.163,0.130,0.048,0.029,0.019,13,9,6,4
0.041,0.260,0.522,0,0.000,0,0.1483,0.1516,0.467,0.166,0.254,0.153,0.217,0.048,0.000,0.000,19,7,0,0,0.245,0.163,0.130,0.048,0.029,0.019,13,9,6,4
0.041,0.274,0.537,0,0.000,0,0.1424,0.1534,0.205,0.166,0.254,0.153,0.217,0.048,0.000,0.000,19,7,0,0,0.245,0.163,0.130,0.048,0.029,0.019,13,9,6,4
0.046,0.297,0.516,-0.08,0.108,0,0.1379,0.1557,0.166,0.059,0.254,0.153,0.217,0.048,0.000,0.000,19,7,0,0,0.245,0.163,0.130,0.048,0.029,0.019,13,9,6,4
0.047,0.326,0.426,1.37,0.298,0,0.1358,0.1593,0.169,-0.510,0.254,0.153,0.217,0.048,0.000,0.000,19,7,0,0,0.245,0.163,0.130,0.048,0.029,0.019,13,9,6,4
0.060,0.342,0.527,1.37,0.298,0,0.1361,0.1650,0.211,-0.510,0.254,0.153,0.217,0.048,0.000,0.000,19,7,0,0,0.245,0.163,0.130,0.048,0.029,0.019,13,9,6,4
0.060,0.277,0.066,1.99,0.186,0,0.1448,0.1784,0.077,-0.326,0.254,0.153,0.217,0.048,0.000,0.000,19,7,0,0,0.245,0.163,0.130,0.048,0.029,0.019,13,9,6,4
0.069,0.224,0.264,1.99,0.186,0,0.1552,0.1919,0.064,-0.326,0.254,0.153,0.217,0.048,0.000,0.000,19,7,0,0,0.245,0.163,0.130,0.048,0.029,0.019,13,9,6,4
0.056,0.211,0.278,-1.14,0.131,0,0.1486,0.1919,0.130,0.987,0.254,0.153,0.217,0.048,0.000,0.000,19,7,0,0,0.245,0.163,0.130,0.048,0.029,0.019,13,9,6,4
0.053,0.304,0.414,0.22,0.230,0,0.1399,0.1921,0.141,0.303,0.254,0.153,0.217,0.048,0.000,0.000,19,7,0,0,0.245,0.163,0.130,0.048,0.029,0.019,13,9,6,4
0.067,0.241,0.378,3.14,0.186,0,0.1273,0.1890,0.081,-0.486,0.254,0.153,0.217,0.048,0.000,0.000,19,7,0,0,0.245,0.163,0.130,0.048,0.029,0.019,13,9,6,4
0.099,0.400,0.616,1.76,0.409,0,0.1337,0.2010,0.208,-0.884,0.254,0.153,0.217,0.048,0.000,0.000,19,7,0,0,0.245,0.163,0.130,0.048,0.029,0.019,13,9,6,4
0.092,0.345,0.436,0.85,0.046,0,0.1552,0.2209,0.219,0.06,0.254,0.153,0.217,0.048,0.000,0.000,19,7,0,0,0.245,0.163,0.130,0.048,0.029,0.019,13,9,6,4
0.092,0.541,0.514,0.22,0.230,0,0.1902,0.2499,0.323,0.303,0.254,0.153,0.217,0.048,0.000,0.000,19,7,0,0,0.245,0.163,0.130,0.048,0.029,0.019,13,9,6,4
0.082,0.833,0.553,0,0.000,0,0.2290,0.2789,0.358,0.166,0.254,0.153,0.217,0.048,0.000,0.000,19,7,0,0,0.245,0.163,0.130,0.048,0.029,0.019,13,9,6,4
0.074,0.883,0.291,0,0.000,0,0.2683,0.3065,0.262,0.166,0.254,0.153,0.217,0.048,0.000,0.000,19,7,0,0,0.245,0.163,0.130,0.048,0.029,0.019,13,9,6,4
0.080,0.881,0.275,0,0.000,0,0.3068,0.3323,0.226,0.166,0.254,0.153,0.217,0.048,0.000,0.000,19,7,0,0,0.245,0.163,0.130,0.048,0.029,0.019,13,9,6,4
0.083,0.287,0.129,3.14,0.186,0,0.3519,0.3619,0.184,-0.486,0.254,0.153,0.217,0.048,0.000,0.000,19,7,0,0,0.245,0.163,0.130,0.048,0.029,0.019,13,9,6,4
0.079,0.293,0.442,-0.79,0.151,-1,0.3915,0.3854,0.384,0.736,0.254,0.153,0.217,0.048,0.000,0.000,19,7,0,0,0.245,0.163,0.130,0.048,0.029,0.019,13,9,6,4
0.083,0.328,0.375,-0.08,0.108,0,0.4158,0.3945,0.236,0.059,0.254,0.153,0.217,0.048,0.000,0.000,19,7,0,0,0.245,0.163,0.130,0.048,0.029,0.019,13,9,6,4
0.073,0.305,0.490,0.85,0.046,0,0.4284,0.3985,0.199,0.06,0.254,0.153,0.217,0.048,0.000,0.000,19,7,0,0,0.245,0.163,0.130,0.048,0.029,0.019,13,9,6,4
0.075,0.293,0.638,-1.19,0.219,1,0.4341,0.3984,0.456,0.586,0.254,0.153,0.217,0.048,0.000,0.000,19,7,0,0,0.245,0.163,0.130,0.048,0.029,0.019,13,9,6,4
0.109,0.235,0.390,-0.08,0.108,0,0.4384,0.3988,0.394,0.059,0.254,0.153,0.217,0.048,0.000,0.000,19,7,0,0,0.245,0.163,0.130,0.048,0.029,0.019,13,9,6,4
0.113,0.197,0.353,0,0.000,0,0.4440,0.4003,0.452,0.166,0.254,0.153,0.217,0.048,0.000,0.000,19,7,0,0,0.245,0.163,0.130,0.048,0.029,0.019,13,9,6,4
0.111,0.190,0.527,-0.48,0.134,0,0.4598,0.4118,0.527,0.007,0.254,0.153,0.217,0.048,0.000,0.000,19,7,0,0,0.245,0.163,0.130,0.048,0.029,0.019,13,9,6,4
0.104,0.138,0.361,-0.79,0.151,-1,0.4736,0.4224,0.398,0.736,0.254,0.153,0.217,0.048,0.000,0.000,19,7,0,0,0.245,0.163,0.130,0.048,0.029,0.019,13,9,6,4
0.086,0.132,0.320,-1.14,0.131,0,0.4904,0.4351,0.419,0.987,0.254,0.153,0.217,0.048,0.000,0.000,19,7,0,0,0.245,0.163,0.130,0.048,0.029,0.019,13,9,6,4
0.068,0.161,0.446,2.1,0.128,0,0.5097,0.4484,0.118,0.02,0.254,0.153,0.217,0.048,0.000,0.000,19,7,0,0,0.245,0.163,0.130,0.048,0.029,0.019,13,9,6,4
0.070,0.197,0.186,-1.14,0.131,0,0.5196,0.4523,0.260,0.987,0.254,0.153,0.217,0.048,0.000,0.000,19,7,0,0,0.245,0.163,0.130,0.048,0.029,0.019,13,9,6,4
0.091,0.154,0.240,1.99,0.186,0,0.5394,0.4647,0.138,-0.326,0.254,0.153,0.217,0.048,0.000,0.000,19,7,0,0,0.245,0.163,0.130,0.048,0.029,0.019,13,9,6,4
0.119,0.164,0.167,-0.08,0.108,0,0.5480,0.4675,0.250,0.059,0.254,0.153,0.217,0.048,0.000,0.000,19,7,0,0,0.245,0.163,0.130,0.048,0.029,0.019,13,9,6,4
0.120,0.191,0.199,2.53,0.140,0,0.5455,0.4640,0.139,-0.121,0.254,0.153,0.217,0.048,0.000,0.000,19,7,0,0,0.245,0.163,0.130,0.048,0.029,0.019,13,9,6,4
0.079,0.214,0.201,2.53,0.140,0,0.5308,0.4523,0.140,-0.121,0.254,0.153,0.217,0.048,0.000,0.000,19,7,0,0,0.245,0.163,0.130,0.048,0.029,0.019,13,9,6,4
0.079,0.322,0.399,0.2,0.291,1,0.5157,0.4436,0.314,0.180,0.254,0.153,0.217,0.048,0.000,0.000,19,7,0,0,0.245,0.163,0.130,0.048,0.029,0.019,13,9,6,4
0.075,0.280,0.400,-0.52,0.062,0,0.4925,0.4300,0.188,0.341,0.254,0.153,0.217,0.048,0.000,0.000,19,7,0,0,0.245,0.163,0.130,0.048,0.029,0.019,13,9,6,4
0.093,0.204,0.499,-1.14,0.131,0,0.4592,0.4093,0.389,0.987,0.254,0.153,0.217,0.048,0.000,0.000,19,7,0,0,0.245,0.163,0.130,0.048,0.029,0.019,13,9,6,4
0.112,0.238,0.456,-0.48,0.134,0,0.4290,0.3917,0.503,0.007,0.254,0.153,0.217,0.048,0.000,0.000,19,7,0,0,0.245,0.163,0.130,0.048,0.029,0.019,13,9,6,4
0.123,0.180,0.354,-0.79,0.151,-1,0.4072,0.3813,0.451,0.736,0.254,0.153,0.217,0.048,0.000,0.000,19,7,0,0,0.245,0.163,0.130,0.048,0.029,0.019,13,9,6,4
0.126,0.162,0.226,2.53,0.140,0,0.3847,0.3725,0.276,-0.121,0.254,0.153,0.217,0.048,0.000,0.000,19,7,0,0,0.245,0.163,0.130,0.048,0.029,0.019,13,9,6,4
0.127,0.189,0.472,-0.52,0.062,0,0.3647,0.3648,0.434,0.341,0.254,0.153,0.217,0.048,0.000,0.000,19,7,0,0,0.245,0.163,0.130,0.048,0.029,0.019,13,9,6,4
0.105,0.201,0.361,-1.19,0.219,1,0.3525,0.3607,0.592,0.586,0.254,0.153,0.217,0.048,0.000,0.000,19,7,0,0,0.245,0.163,0.130,0.048,0.029,0.019,13,9,6,4
0.110,0.224,0.436,0,0.000,0,0.3325,0.3457,0.511,0.166,0.254,0.153,0.217,0.048,0.000,0.000,19,7,0,0,0.245,0.163,0.130,0.048,0.029,0.019,13,9,6,4
0.116,0.224,0.168,-0.79,0.151,-1,0.3094,0.3264,0.402,0.736,0.254,0.153,0.217,0.048,0.000,0.000,19,7,0,0,0.245,0.163,0.130,0.048,0.029,0.019,13,9,6,4
0.115,0.266,0.321,-1.14,0.131,0,0.2766,0.2996,0.332,0.987,0.254,0.153,0.217,0.048,0.000,0.000,19,7,0,0,0.245,0.163,0.130,0.048,0.029,0.019,13,9,6,4
0.091,0.288,0.093,3.14,0.186,0,0.2442,0.2724,0.169,-0.486,0.254,0.153,0.217,0.048,0.000,0.000,19,7,0,0,0.245,0.163,0.130,0.048,0.029,0.019,13,9,6,4
0.084,0.397,0.488,0.2,0.291,1,0.2072,0.2418,0.418,0.180,0.254,0.153,0.217,0.048,0.000,0.000,19,7,0,0,0.245,0.163,0.130,0.048,0.029,0.019,13,9,6,4
0.084,0.401,0.139,3.14,0.186,0,0.1792,0.2174,0.108,-0.486,0.254,0.153,0.217,0.048,0.000,0.000,19,7,0,0,0.245,0.163,0.130,0.048,0.029,0.019,13,9,6,4
0.104,0.441,0.348,-0.52,0.062,0,0.1625,0.2004,0.157,0.341,0.254,0.153,0.217,0.048,0.000,0.000,19,7,0,0,0.245,0.163,0.130,0.048,0.029,0.019,13,9,6,4
0.130,0.477,0.342,-0.52,0.062,0,0.1444,0.1827,0.238,0.341,0.254,0.153,0.217,0.048,0.000,0.000,19,7,0,0,0.245,0.163,0.130,0.048,0.029,0.019,13,9,6,4
0.137,0.399,0.354,-0.42,0.180,0,0.1253,0.1645,0.312,0.318,0.254,0.153,0.217,0.048,0.000,0.000,19,7,0,0,0.245,0.163,0.130,0.048,0.029,0.019,13,9,6,4
0.130,0.388,0.204,1.69,0.290,0,0.1054,0.1432,0.115,-0.697,0.254,0.153,0.217,0.048,0.000,0.000,19,7,0,0,0.245,0.163,0.130,0.048,0.029,0.019,13,9,6,4
0.105,0.310,0.109,1.99,0.186,0,0.0944,0.1285,0.108,-0.326,0.254,0.153,0.217,0.048,0.000,0.000,19,7,0,0,0.245,0.163,0.130,0.048,0.029,0.019,13,9,6,4
0.103,0.340,0.127,-0.52,0.062,0,0.0796,0.1093,0.268,0.341,0.254,0.153,0.217,0.048,0.000,0.000,19,7,0,0,0.245,0.163,0.130,0.048,0.029,0.019,13,9,6,4
0.126,0.272,0.007,1.99,0.186,0,0.0594,0.0852,0.187,-0.326,0.254,0.153,0.217,0.048,0.000,0.000,19,7,0,0,0.245,0.163,0.130,0.048,0.029,0.019,13,9,6,4
0.134,0.341,0.147,1.69,0.290,0,0.0404,0.0611,0.152,-0.697,0.254,0.153,0.217,0.048,0.000,0.000,19,7,0,0,0.245,0.163,0.130,0.048,0.029,0.019,13,9,6,4
0.114,0.292,0.029,3.14,0.186,0,0.0335,0.0497,0.101,-0.486,0.254,0.153,0.217,0.048,0.000,0.000,19,7,0,0,0.245,0.163,0.130,0.048,0.029,0.019,13,9,6,4
0.110,0.309,0.271,-1.14,0.131,0,0.0357,0.0481,0.359,0.987,0.254,0.153,0.217,0.048,0.000,0.000,19,7,0,0,0.245,0.163,0.130,0.048,0.029,0.019,13,9,6,4
0.095,0.420,0.234,0.2,0.291,1,0.0352,0.0479,0.494,0.180,0.254,0.153,0.217,0.048,0.000,0.000,19,7,0,0,0.245,0.163,0.130,0.048,0.029,0.019,13,9,6,4
0.086,0.342,0.441,0,0.000,0,0.0370,0.0514,0.306,0.166,0.254,0.153,0.217,0.048,0.000,0.000,19,7,0,0,0.245,0.163,0.130,0.048,0.029,0.019,13,9,6,4
0.078,0.381,0.206,-0.52,0.062,0,0.0471,0.0596,0.168,0.341,0.254,0.153,0.217,0.048,0.000,0.000,19,7,0,0,0.245,0.163,0.130,0.048,0.029,0.019,13,9,6,4
0.085,0.246,0.275,1.99,0.186,0,0.0647,0.0727,0.122,-0.326,0.254,0.153,0.217,0.048,0.000,0.000,19,7,0,0,0.245,0.163,0.130,0.048,0.029,0.019,13,9,6,4
0.107,0.209,0.039,2.53,0.140,0,0.0890,0.0929,0.134,-0.121,0.254,0.153,0.217,0.048,0.000,0.000,19,7,0,0,0.245,0.163,0.130,0.048,0.029,0.019,13,9,6,4
0.108,0.218,0.466,0.85,0.046,0,0.1182,0.1190,0.104,0.06,0.254,0.153,0.217,0.048,0.000,0.000,19,7,0,0,0.245,0.163,0.130,0.048,0.029,0.019,13,9,6,4
0.103,0.241,0.062,1.99,0.186,0,0.1443,0.1440,0.116,-0.326,0.254,0.153,0.217,0.048,0.000,0.000,19,7,0,0,0.245,0.163,0.130,0.048,0.029,0.019,13,9,6,4
0.109,0.210,0.525,0,0.000,0,0.1612,0.1607,0.135,0.166,0.254,0.153,0.217,0.048,0.000,0.000,19,7,0,0,0.245,0.163,0.130,0.048,0.029,0.019,13,9,6,4
0.127,0.248,0.383,1.69,0.290,0,0.1694,0.1696,0.168,-0.697,0.254,0.153,0.217,0.048,0.000,0.000,19,7,0,0,0.245,0.163,0.130,0.048,0.029,0.019,13,9,6,4
0.090,0.190,0.559,0.85,0.046,0,0.1643,0.1660,0.222,0.06,0.254,0.153,0.217,0.048,0.000,0.000,19,7,0,0,0.245,0.163,0.130,0.048,0.029,0.019,13,9,6,4
0.064,0.212,0.563,-0.48,0.134,0,0.1589,0.1616,0.285,0.007,0.254,0.153,0.217,0.048,0.000,0.000,19,7,0,0,0.245,0.163,0.130,0.048,0.029,0.019,13,9,6,4
0.058,0.156,0.335,-1.14,0.131,0,0.1428,0.1478,0.250,0.987,0.254,0.153,0.217,0.048,0.000,0.000,19,7,0,0,0.245,0.163,0.130,0.048,0.029,0.019,13,9,6,4
0.057,0.123,0.239,-1.14,0.131,0,0.1240,0.1305,0.479,0.987,0.254,0.153,0.217,0.048,0.000,0.000,19,7,0,0,0.245,0.163,0.130,0.048,0.029,0.019,13,9,6,4
0.054,0.120,0.295,-0.52,0.062,0,0.1216,0.1270,0.340,0.341,0.254,0.153,0.217,0.048,0.000,0.000,19,7,0,0,0.245,0.163,0.130,0.048,0.029,0.019,13,9,6,4
0.052,0.079,0.365,2.1,0.128,0,0.1362,0.1364,0.172,0.02,0.254,0.153,0.217,0.048,0.000,0.000,19,7,0,0,0.245,0.163,0.130,0.048,0.029,0.019,13,9,6,4
0.055,0.076,0.133,0.85,0.046,0,0.1757,0.1675,0.302,0.06,0.254,0.153,0.217,0.048,0.000,0.000,19,7,0,0,0.245,0.163,0.130,0.048,0.029,0.019,13,9,6,4
0.052,0.089,0.261,0.85,0.046,0,0.2410,0.2212,0.342,0.06,0.254,0.153,0.217,0.048,0.000,0.000,19,7,0,0,0.245,0.163,0.130,0.048,0.029,0.019,13,9,6,4
0.050,0.202,0.451,-0.52,0.062,0,0.3084,0.2783,0.197,0.341,0.254,0.153,0.217,0.048,0.000,0.000,19,7,0,0,0.245,0.163,0.130,0.048,0.029,0.019,13,9,6,4
0.050,0.170,0.351,-1.14,0.131,0,0.3533,0.3184,0.246,0.987,0.254,0.153,0.217,0.048,0.000,0.000,19,7,0,0,0.245,0.163,0.130,0.048,0.029,0.019,13,9,6,4
0.059,0.260,0.424,1.76,0.409,0,0.3693,0.3323,0.182,-0.884,0.254,0.153,0.217,0.048,0.000,0.000,19,7,0,0,0.245,0.163,0.130,0.048,0.029,0.019,13,9,6,4
0.059,0.232,0.388,1.76,0.409,0,0.3791,0.3401,0.138,-0.884,0.254,0.153,0.217,0.048,0.000,0.000,19,7,0,0,0.245,0.163,0.130,0.048,0.029,0.019,13,9,6,4
0.070,0.166,0.294,-0.08,0.108,0,0.3784,0.3363,0.199,0.059,0.254,0.153,0.217,0.048,0.000,0.000,19,7,0,0,0.245,0.163,0.130,0.048,0.029,0.019,13,9,6,4
0.092,0.130,0.090,2.53,0.140,0,0.3646,0.3218,0.132,-0.121,0.254,0.153,0.217,0.048,0.000,0.000,19,7,0,0,0.245,0.163,0.130,0.048,0.029,0.019,13,9,6,4
0.096,0.157,0.131,2.53,0.140,0,0.3408,0.3007,0.180,-0.121,0.254,0.153,0.217,0.048,0.000,0.000,19,7,0,0,0.245,0.163,0.130,0.048,0.029,0.019,13,9,6,4
0.096,0.136,0.253,-1.1,0.105,-1,0.3151,0.2782,0.327,0.192,0.254,0.153,0.217,0.048,0.000,0.000,19,7,0,0,0.245,0.163,0.130,0.048,0.029,0.019,13,9,6,4
0.090,0.213,0.203,-0.52,0.062,0,0.3014,0.2644,0.230,0.341,0.254,0.153,0.217,0.048,0.000,0.000,19,7,0,0,0.245,0.163,0.130,0.048,0.029,0.019,13,9,6,4
0.087,0.144,0.049,-1.14,0.131,0,0.3054,0.2628,0.533,0.987,0.254,0.153,0.217,0.048,0.000,0.000,19,7,0,0,0.245,0.163,0.130,0.048,0.029,0.019,13,9,6,4
0.108,0.194,0.131,-0.42,0.180,0,0.3260,0.2740,0.555,0.318,0.254,0.153,0.217,0.048,0.000,0.000,19,7,0,0,0.245,0.163,0.130,0.048,0.029,0.019,13,9,6,4
0.102,0.143,0.220,0,0.000,0,0.3769,0.3111,0.225,0.166,0.254,0.153,0.217,0.048,0.000,0.000,19,7,0,0,0.245,0.163,0.130,0.048,0.029,0.019,13,9,6,4
0.102,0.128,0.062,-1.14,0.131,0,0.4227,0.3457,0.426,0.987,0.254,0.153,0.217,0.048,0.000,0.000,19,7,0,0,0.245,0.163,0.130,0.048,0.029,0.019,13,9,6,4
0.120,0.124,0.223,0.85,0.046,0,0.4650,0.3779,0.299,0.06,0.254,0.153,0.217,0.048,0.000,0.000,19,7,0,0,0.245,0.163,0.130,0.048,0.029,0.019,13,9,6,4
0.208,0.156,0.122,2.53,0.140,0,0.4922,0.3994,0.184,-0.121,0.254,0.153,0.217,0.048,0.000,0.000,19,7,0,0,0.245,0.163,0.130,0.048,0.029,0.019,13,9,6,4
0.210,0.244,0.501,-1.19,0.219,1,0.4950,0.4010,0.426,0.586,0.254,0.153,0.217,0.048,0.000,0.000,19,7,0,0,0.245,0.163,0.130,0.048,0.029,0.019,13,9,6,4
0.206,0.169,0.175,1.99,0.186,0,0.4890,0.3981,0.198,-0.326,0.254,0.153,0.217,0.048,0.000,0.000,19,7,0,0,0.245,0.163,0.130,0.048,0.029,0.019,13,9,6,4
0.205,0.182,0.553,-0.52,0.062,0,0.4674,0.3824,0.266,0.341,0.254,0.153,0.217,0.048,0.000,0.000,19,7,0,0,0.245,0.163,0.130,0.048,0.029,0.019,13,9,6,4
0.212,0.190,0.544,-0.42,0.180,0,0.4258,0.3528,0.427,0.318,0.254,0.153,0.217,0.048,0.000,0.000,19,7,0,0,0.245,0.163,0.130,0.048,0.029,0.019,13,9,6,4
0.170,0.230,0.474,-0.42,0.180,0,0.3621,0.3036,0.497,0.318,0.254,0.153,0.217,0.048,0.000,0.000,19,7,0,0,0.245,0.163,0.130,0.048,0.029,0.019,13,9,6,4
0.215,0.234,0.402,-1.19,0.219,1,0.2797,0.2362,0.523,0.586,0.254,0.153,0.217,0.048,0.000,0.000,19,7,0,0,0.245,0.163,0.130,0.048,0.029,0.019,13,9,6,4
0.186,0.117,0.090,1.99,0.186,0,0.2164,0.1846,0.197,-0.326,0.254,0.153,0.217,0.048,0.000,0.000,19,7,0,0,0.245,0.163,0.130,0.048,0.029,0.019,13,9,6,4
0.151,0.123,0.053,-1.14,0.131,0,0.1806,0.1551,0.424,0.987,0.254,0.153,0.217,0.048,0.000,0.000,19,7,0,0,0.245,0.163,0.130,0.048,0.029,0.019,13,9,6,4
0.193,0.118,0.061,-0.79,0.151,-1,0.1705,0.1471,0.575,0.736,0.254,0.153,0.217,0.048,0.000,0.000,19,7,0,0,0.245,0.163,0.130,0.048,0.029,0.019,13,9,6,4
0.192,0.159,0.111,-1.19,0.219,1,0.1732,0.1490,0.401,0.586,0.254,0.153,0.217,0.048,0.000,0.000,19,7,0,0,0.245,0.163,0.130,0.048,0.029,0.019,13,9,6,4
0.201,0.157,0.120,-1.1,0.105,-1,0.1849,0.1586,0.297,0.192,0.254,0.153,0.217,0.048,0.000,0.000,19,7,0,0,0.245,0.163,0.130,0.048,0.029,0.019,13,9,6,4
0.176,0.129,0.290,3.14,0.186,0,0.2033,0.1731,0.118,-0.486,0.254,0.153,0.217,0.048,0.000,0.000,19,7,0,0,0.245,0.163,0.130,0.048,0.029,0.019,13,9,6,4
0.185,0.159,0.220,1.99,0.186,0,0.2167,0.1813,0.136,-0.326,0.254,0.153,0.217,0.048,0.000,0.000,19,7,0,0,0.245,0.163,0.130,0.048,0.029,0.019,13,9,6,4
0.151,0.185,0.319,2.53,0.140,0,0.2218,0.1823,0.136,-0.121,0.254,0.153,0.217,0.048,0.000,0.000,19,7,0,0,0.245,0.163,0.130,0.048,0.029,0.019,13,9,6,4
0.152,0.286,0.256,1.69,0.290,0,0.2189,0.1770,0.083,-0.697,0.254,0.153,0.217,0.048,0.000,0.000,19,7,0,0,0.245,0.163,0.130,0.048,0.029,0.019,13,9,6,4
0.167,0.346,0.596,-1.19,0.219,1,0.1984,0.1575,0.273,0.586,0.254,0.153,0.217,0.048,0.000,0.000,19,7,0,0,0.245,0.163,0.130,0.048,0.029,0.019,13,9,6,4
0.136,0.276,0.138,1.69,0.290,0,0.1743,0.1350,0.088,-0.697,0.254,0.153,0.217,0.048,0.000,0.000,19,7,0,0,0.245,0.163,0.130,0.048,0.029,0.019,13,9,6,4
0.122,0.267,0.381,-0.79,0.151,-1,0.1360,0.1033,0.373,0.736,0.254,0.153,0.217,0.048,0.000,0.000,19,7,0,0,0.245,0.163,0.130,0.048,0.029,0.019,13,9,6,4
0.158,0.389,0.609,-1.19,0.219,1,0.0995,0.0740,0.434,0.586,0.254,0.153,0.217,0.048,0.000,0.000,19,7,0,0,0.245,0.163,0.130,0.048,0.029,0.019,13,9,6,4
0.190,0.357,0.348,2.53,0.140,0,0.0653,0.0502,0.181,-0.121,0.254,0.153,0.217,0.048,0.000,0.000,19,7,0,0,0.245,0.163,0.130,0.048,0.029,0.019,13,9,6,4
0.155,0.422,0.431,-0.52,0.062,0,0.0373,0.0317,0.343,0.341,0.254,0.153,0.217,0.048,0.000,0.000,19,7,0,0,0.245,0.163,0.130,0.048,0.029,0.019,13,9,6,4
0.144,0.458,0.393,0.22,0.230,0,0.0353,0.0325,0.422,0.303,0.254,0.153,0.217,0.048,0.000,0.000,19,7,0,0,0.245,0.163,0.130,0.048,0.029,0.019,13,9,6,4
0.152,0.433,0.512,-0.52,0.062,0,0.0385,0.0331,0.370,0.341,0.254,0.153,0.217,0.048,0.000,0.000,19,7,0,0,0.245,0.163,0.130,0.048,0.029,0.019,13,9,6,4
0.148,0.513,0.461,-0.48,0.134,0,0.0526,0.0392,0.292,0.007,0.254,0.153,0.217,0.048,0.000,0.000,19,7,0,0,0.245,0.163,0.130,0.048,0.029,0.019,13,9,6,4
0.158,0.357,0.480,3.14,0.186,0,0.0820,0.0551,0.121,-0.486,0.254,0.153,0.217,0.048,0.000,0.000,19,7,0,0,0.245,0.163,0.130,0.048,0.029,0.019,13,9,6,4
0.182,0.420,0.542,0.22,0.230,0,0.1110,0.0718,0.234,0.303,0.254,0.153,0.217,0.048,0.000,0.000,19,7,0,0,0.245,0.163,0.130,0.048,0.029,0.019,13,9,6,4
0.122,0.253,0.323,2.53,0.140,0,0.1475,0.0937,0.079,-0.121,0.254,0.153,0.217,0.048,0.000,0.000,19,7,0,0,0.245,0.163,0.130,0.048,0.029,0.019,13,9,6,4
0.120,0.428,0.446,1.37,0.298,0,0.1792,0.1106,0.112,-0.510,0.254,0.153,0.217,0.048,0.000,0.000,19,7,0,0,0.245,0.163,0.130,0.048,0.029,0.019,13,9,6,4
0.141,0.385,0.586,-1.19,0.219,1,0.1979,0.1184,0.205,0.586,0.254,0.153,0.217,0.048,0.000,0.000,19,7,0,0,0.245,0.163,0.130,0.048,0.029,0.019,13,9,6,4
0.114,0.279,0.066,1.99,0.186,0,0.2081,0.1204,0.090,-0.326,0.254,0.153,0.217,0.048,0.000,0.000,19,7,0,0,0.245,0.163,0.130,0.048,0.029,0.019,13,9,6,4
0.141,0.224,0.102,1.99,0.186,0,0.2011,0.1136,0.088,-0.326,0.254,0.153,0.217,0.048,0.000,0.000,19,7,0,0,0.245,0.163,0.130,0.048,0.029,0.019,13,9,6,4
0.139,0.287,0.391,1.37,0.298,0,0.1863,0.1035,0.153,-0.510,0.254,0.153,0.217,0.048,0.000,0.000,19,7,0,0,0.245,0.163,0.130,0.048,0.029,0.019,13,9,6,4
0.124,0.237,0.266,2.1,0.128,0,0.1637,0.0898,0.103,0.02,0.254,0.153,0.217,0.048,0.000,0.000,19,7,0,0,0.245,0.163,0.130,0.048,0.029,0.019,13,9,6,4
0.114,0.252,0.187,-0.42,0.180,0,0.1381,0.0746,0.316,0.318,0.254,0.153,0.217,0.048,0.000,0.000,19,7,0,0,0.245,0.163,0.130,0.048,0.029,0.019,13,9,6,4
0.120,0.244,0.219,0.22,0.230,0,0.1160,0.0630,0.295,0.303,0.254,0.153,0.217,0.048,0.000,0.000,19,7,0,0,0.245,0.163,0.130,0.048,0.029,0.019,13,9,6,4
0.120,0.165,0.079,-1.1,0.105,-1,0.0940,0.0480,0.412,0.192,0.254,0.153,0.217,0.048,0.000,0.000,19,7,0,0,0.245,0.163,0.130,0.048,0.029,0.019,13,9,6,4
0.115,0.124,0.075,-0.79,0.151,-1,0.0908,0.0440,0.474,0.736,0.254,0.153,0.217,0.048,0.000,0.000,19,7,0,0,0.245,0.163,0.130,0.048,0.029,0.019,13,9,6,4
0.112,0.144,0.019,-0.79,0.151,-1,0.0997,0.0484,0.512,0.736,0.254,0.153,0.217,0.048,0.000,0.000,19,7,0,0,0.245,0.163,0.130,0.048,0.029,0.019,13,9,6,4
0.134,0.161,0.030,-1.1,0.105,-1,0.1228,0.0623,0.382,0.192,0.254,0.153,0.217,0.048,0.000,0.000,19,7,0,0,0.245,0.163,0.130,0.048,0.029,0.019,13,9,6,4
0.113,0.147,0.037,2.53,0.140,0,0.1734,0.0945,0.197,-0.121,0.254,0.153,0.217,0.048,0.000,0.000,19,7,0,0,0.245,0.163,0.130,0.048,0.029,0.019,13,9,6,4
0.109,0.202,0.236,-1.19,0.219,1,0.2340,0.1316,0.439,0.586,0.254,0.153,0.217,0.048,0.000,0.000,19,7,0,0,0.245,0.163,0.130,0.048,0.029,0.019,13,9,6,4
0.113,0.200,0.299,2.1,0.128,0,0.3136,0.1810,0.119,0.02,0.254,0.153,0.217,0.048,0.000,0.000,19,7,0,0,0.245,0.163,0.130,0.048,0.029,0.019,13,9,6,4
0.108,0.187,0.183,-1.1,0.105,-1,0.3817,0.2241,0.330,0.192,0.254,0.153,0.217,0.048,0.000,0.000,19,7,0,0,0.245,0.163,0.130,0.048,0.029,0.019,13,9,6,4
0.107,0.152,0.359,-0.42,0.180,0,0.4287,0.2586,0.355,0.318,0.254,0.153,0.217,0.048,0.000,0.000,19,7,0,0,0.245,0.163,0.130,0.048,0.029,0.019,13,9,6,4
0.093,0.209,0.385,1.37,0.298,0,0.4472,0.2734,0.157,-0.510,0.254,0.153,0.217,0.048,0.000,0.000,19,7,0,0,0.245,0.163,0.130,0.048,0.029,0.019,13,9,6,4
0.090,0.133,0.014,3.14,0.186,0,0.4399,0.2728,0.093,-0.486,0.254,0.153,0.217,0.048,0.000,0.000,19,7,0,0,0.245,0.163,0.130,0.048,0.029,0.019,13,9,6,4
0.098,0.171,0.363,0,0.000,0,0.4116,0.2587,0.152,0.166,0.254,0.153,0.217,0.048,0.000,0.000,19,7,0,0,0.245,0.163,0.130,0.048,0.029,0.019,13,9,6,4
0.120,0.134,0.279,3.14,0.186,0,0.3802,0.2441,0.122,-0.486,0.254,0.153,0.217,0.048,0.000,0.000,19,7,0,0,0.245,0.163,0.130,0.048,0.029,0.019,13,9,6,4
0.146,0.235,0.635,0.22,0.230,0,0.3333,0.2192,0.139,0.303,0.254,0.153,0.217,0.048,0.000,0.000,19,7,0,0,0.245,0.163,0.130,0.048,0.029,0.019,13,9,6,4
0.152,0.277,0.546,0.2,0.291,1,0.3055,0.2097,0.346,0.180,0.254,0.153,0.217,0.048,0.000,0.000,19,7,0,0,0.245,0.163,0.130,0.048,0.029,0.019,13,9,6,4
0.145,0.296,0.372,-1.1,0.105,-1,0.2919,0.2082,0.347,0.192,0.254,0.153,0.217,0.048,0.000,0.000,19,7,0,0,0.245,0.163,0.130,0.048,0.029,0.019,13,9,6,4
0.095,0.510,0.557,0.2,0.291,1,0.3034,0.2238,0.486,0.180,0.254,0.153,0.217,0.048,0.000,0.000,19,7,0,0,0.245,0.163,0.130,0.048,0.029,0.019,13,9,6,4
0.075,0.466,0.483,-0.48,0.134,0,0.3394,0.2589,0.498,0.007,0.254,0.153,0.217,0.048,0.000,0.000,19,7,0,0,0.245,0.163,0.130,0.048,0.029,0.019,13,9,6,4
0.065,0.397,0.383,0,0.000,0,0.3818,0.2950,0.410,0.166,0.254,0.153,0.217,0.048,0.000,0.000,19,7,0,0,0.245,0.163,0.130,0.048,0.029,0.019,13,9,6,4
0.065,0.493,0.555,-0.48,0.134,0,0.4240,0.3302,0.423,0.007,0.254,0.153,0.217,0.048,0.000,0.000,19,7,0,0,0.245,0.163,0.130,0.048,0.029,0.019,13,9,6,4
0.073,0.466,0.632,0.2,0.291,1,0.4538,0.3563,0.279,0.180,0.254,0.153,0.217,0.048,0.000,0.000,19,7,0,0,0.245,0.163,0.130,0.048,0.029,0.019,13,9,6,4
0.060,0.452,0.703,0.2,0.291,1,0.4594,0.3652,0.293,0.180,0.254,0.153,0.217,0.048,0.000,0.000,19,7,0,0,0.245,0.163,0.130,0.048,0.029,0.019,13,9,6,4
0.058,0.297,0.181,1.99,0.186,0,0.4448,0.3612,0.100,-0.326,0.254,0.153,0.217,0.048,0.000,0.000,19,7,0,0,0.245,0.163,0.130,0.048,0.029,0.019,13,9,6,4
0.060,0.202,0.286,2.53,0.140,0,0.4128,0.3450,0.152,-0.121,0.254,0.153,0.217,0.048,0.000,0.000,19,7,0,0,0.245,0.163,0.130,0.048,0.029,0.019,13,9,6,4
0.055,0.202,0.272,2.53,0.140,0,0.3844,0.3303,0.125,-0.121,0.254,0.153,0.217,0.048,0.000,0.000,19,7,0,0,0.245,0.163,0.130,0.048,0.029,0.019,13,9,6,4
0.053,0.213,0.418,-0.08,0.108,0,0.3470,0.3098,0.191,0.059,0.254,0.153,0.217,0.048,0.000,0.000,19,7,0,0,0.245,0.163,0.130,0.048,0.029,0.019,13,9,6,4
0.069,0.169,0.388,-0.79,0.151,-1,0.3120,0.2940,0.363,0.736,0.254,0.153,0.217,0.048,0.000,0.000,19,7,0,0,0.245,0.163,0.130,0.048,0.029,0.019,13,9,6,4
0.067,0.181,0.072,-0.79,0.151,-1,0.2690,0.2742,0.507,0.736,0.254,0.153,0.217,0.048,0.000,0.000,19,7,0,0,0.245,0.163,0.130,0.048,0.029,0.019,13,9,6,4
0.100,0.183,0.086,-0.48,0.134,0,0.2369,0.2607,0.275,0.007,0.254,0.153,0.217,0.048,0.000,0.000,19,7,0,0,0.245,0.163,0.130,0.048,0.029,0.019,13,9,6,4
0.103,0.176,0.179,-1.14,0.131,0,0.2239,0.2564,0.277,0.987,0.254,0.153,0.217,0.048,0.000,0.000,19,7,0,0,0.245,0.163,0.130,0.048,0.029,0.019,13,9,6,4
0.099,0.135,0.020,1.99,0.186,0,0.2360,0.2681,0.189,-0.326,0.254,0.153,0.217,0.048,0.000,0.000,19,7,0,0,0.245,0.163,0.130,0.048,0.029,0.019,13,9,6,4
0.090,0.148,0.076,-0.79,0.151,-1,0.2536,0.2818,0.234,0.736,0.254,0.153,0.217,0.048,0.000,0.000,19,7,0,0,0.245,0.163,0.130,0.048,0.029,0.019,13,9,6,4
0.087,0.120,0.005,1.99,0.186,0,0.2943,0.3155,0.118,-0.326,0.254,0.153,0.217,0.048,0.000,0.000,19,7,0,0,0.245,0.163,0.130,0.048,0.029,0.019,13,9,6,4
0.092,0.116,0.171,2.53,0.140,0,0.3224,0.3455,0.143,-0.121,0.254,0.153,0.217,0.048,0.000,0.000,19,7,0,0,0.245,0.163,0.130,0.048,0.029,0.019,13,9,6,4
0.097,0.168,0.047,1.99,0.186,0,0.3501,0.3815,0.140,-0.326,0.254,0.153,0.217,0.048,0.000,0.000,19,7,0,0,0.245,0.163,0.130,0.048,0.029,0.019,13,9,6,4
0.104,0.176,0.214,1.99,0.186,0,0.3695,0.4213,0.129,-0.326,0.254,0.153,0.217,0.048,0.000,0.000,19,7,0,0,0.245,0.163,0.130,0.048,0.029,0.019,13,9,6,4
0.107,0.234,0.381,-1.19,0.219,1,0.3761,0.4612,0.291,0.586,0.254,0.153,0.217,0.048,0.000,0.000,19,7,0,0,0.245,0.163,0.130,0.048,0.029,0.019,13,9,6,4
0.131,0.141,0.213,0.85,0.046,0,0.3688,0.5040,0.183,0.06,0.254,0.153,0.217,0.048,0.000,0.000,19,7,0,0,0.245,0.163,0.130,0.048,0.029,0.019,13,9,6,4
0.163,0.144,0.431,-1.19,0.219,1,0.3510,0.5484,0.435,0.586,0.254,0.153,0.217,0.048,0.000,0.000,19,7,0,0,0.245,0.163,0.130,0.048,0.029,0.019,13,9,6,4
0.197,0.105,0.371,-0.52,0.062,0,0.3268,0.5946,0.364,0.341,0.254,0.153,0.217,0.048,0.000,0.000,19,7,0,0,0.245,0.163,0.130,0.048,0.029,0.019,13,9,6,4
0.210,0.078,0.245,-0.79,0.151,-1,0.3024,0.6432,0.479,0.736,0.254,0.153,0.217,0.048,0.000,0.000,19,7,0,0,0.245,0.163,0.130,0.048,0.029,0.019,13,9,6,4
0.214,0.076,0.376,-0.08,0.108,0,0.2862,0.6951,0.435,0.059,0.254,0.153,0.217,0.048,0.000,0.000,19,7,0,0,0.245,0.163,0.130,0.048,0.029,0.019,13,9,6,4
0.283,0.061,0.295,0.85,0.046,0,0.2889,0.7516,0.422,0.06,0.254,0.153,0.217,0.048,0.000,0.000,19,7,0,0,0.245,0.163,0.130,0.048,0.029,0.019,13,9,6,4
0.295,0.063,0.459,-0.52,0.062,0,0.3238,0.8144,0.546,0.341,0.254,0.153,0.217,0.048,0.000,0.000,19,7,0,0,0.245,0.163,0.130,0.048,0.029,0.019,13,9,6,4
0.307,0.040,0.385,-0.52,0.062,0,0.4063,0.8854,0.601,0.341,0.254,0.153,0.217,0.048,0.000,0.000,19,7,0,0,0.245,0.163,0.130,0.048,0.029,0.019,13,9,6,4
0.325,0.041,0.378,0.22,0.230,0,0.5544,0.9672,0.799,0.303,0.254,0.153,0.217,0.048,0.000,0.000,19,7,0,0,0.245,0.163,0.130,0.048,0.029,0.019,13,9,6,4
