0.086,0.034,0.451,1.42,0.221,0,0.0170,0.5545,0.726,-0.397,0.078,0.045,0.000,0.000,0.000,0.000,0,0,0,0,0.103,0.124,0.051,0.034,0.017,0.008,4,3,2,1
0.092,0.029,0.581,-0.48,0.134,0,0.0140,0.4425,0.522,0.007,0.078,0.045,0.000,0.000,0.000,0.000,0,0,0,0,0.103,0.124,0.051,0.034,0.017,0.008,4,3,2,1
0.097,0.022,0.502,1.69,0.290,0,0.0127,0.3371,0.257,-0.697,0.078,0.045,0.000,0.000,0.000,0.000,0,0,0,0,0.103,0.124,0.051,0.034,0.017,0.008,4,3,2,1
0.100,0.019,0.467,-0.08,0.108,0,0.0132,0.2441,0.406,0.059,0.078,0.045,0.000,0.000,0.000,0.000,0,0,0,0,0.103,0.124,0.051,0.034,0.017,0.008,4,3,2,1
0.104,0.011,0.254,0.85,0.046,0,0.0151,0.1669,0.304,0.06,0.078,0.045,0.000,0.000,0.000,0.000,0,0,0,0,0.103,0.124,0.051,0.034,0.017,0.008,4,3,2,1
0.110,0.014,0.039,1.99,0.186,0,0.0180,0.1068,0.150,-0.326,0.078,0.045,0.000,0.000,0.000,0.000,0,0,0,0,0.103,0.124,0.051,0.034,0.017,0.008,4,3,2,1
0.120,0.014,0.017,1.99,0.186,0,0.0214,0.0633,0.124,-0.326,0.078,0.045,0.000,0.000,0.000,0.000,0,0,0,0,0.103,0.124,0.051,0.034,0.017,0.008,4,3,2,1
0.123,0.016,0.002,0.85,0.046,0,0.0246,0.0349,0.265,0.06,0.078,0.045,0.000,0.000,0.000,0.000,0,0,0,0,0.103,0.124,0.051,0.034,0.017,0.008,4,3,2,1
0.104,0.028,0.015,0.85,0.046,0,0.0272,0.0189,0.224,0.06,0.078,0.045,0.000,0.000,0.000,0.000,0,0,0,0,0.103,0.124,0.051,0.034,0.017,0.008,4,3,2,1
0.108,0.025,0.032,2.53,0.140,0,0.0287,0.0121,0.099,-0.121,0.078,0.045,0.000,0.000,0.000,0.000,0,0,0,0,0.103,0.124,0.051,0.034,0.017,0.008,4,3,2,1
0.105,0.012,0.002,0.85,0.046,0,0.0265,0.0110,0.085,0.06,0.078,0.045,0.000,0.000,0.000,0.000,0,0,0,0,0.103,0.124,0.051,0.034,0.017,0.008,4,3,2,1
0.101,0.012,0.001,0.85,0.046,0,0.0249,0.0114,0.324,0.06,0.078,0.045,0.000,0.000,0.000,0.000,0,0,0,0,0.103,0.124,0.051,0.034,0.017,0.008,4,3,2,1
0.123,0.022,0.002,0.85,0.046,0,0.0228,0.0076,0.287,0.06,0.078,0.045,0.000,0.000,0.000,0.000,0,0,0,0,0.103,0.124,0.051,0.034,0.017,0.008,4,3,2,1
0.141,0.024,0.006,1.99,0.186,0,0.0274,0.0071,0.197,-0.326,0.078,0.045,0.000,0.000,0.000,0.000,0,0,0,0,0.103,0.124,0.051,0.034,0.017,0.008,4,3,2,1
0.149,0.027,0.034,2.53,0.140,0,0.0364,0.0114,0.293,-0.121,0.078,0.045,0.000,0.000,0.000,0.000,0,0,0,0,0.103,0.124,0.051,0.034,0.017,0.008,4,3,2,1
0.141,0.048,0.426,0,0.000,0,0.0462,0.0165,0.449,0.166,0.078,0.045,0.000,0.000,0.000,0.000,0,0,0,0,0.103,0.124,0.051,0.034,0.017,0.008,4,3,2,1
0.137,0.049,0.571,-0.52,0.062,0,0.0573,0.0207,0.370,0.341,0.078,0.045,0.000,0.000,0.000,0.000,0,0,0,0,0.103,0.124,0.051,0.034,0.017,0.008,4,3,2,1
0.134,0.033,0.571,0.85,0.046,0,0.0704,0.0257,0.340,0.06,0.078,0.045,0.000,0.000,0.000,0.000,0,0,0,0,0.103,0.124,0.051,0.034,0.017,0.008,4,3,2,1
0.126,0.043,0.676,-0.48,0.134,0,0.0815,0.0289,0.422,0.007,0.078,0.045,0.000,0.000,0.000,0.000,0,0,0,0,0.103,0.124,0.051,0.034,0.017,0.008,4,3,2,1
0.126,0.036,0.552,0.85,0.046,0,0.0954,0.0348,0.316,0.06,0.078,0.045,0.000,0.000,0.000,0.000,0,0,0,0,0.103,0.124,0.051,0.034,0.017,0.008,4,3,2,1
0.127,0.057,0.693,-0.08,0.108,0,0.1085,0.0417,0.438,0.059,0.078,0.045,0.000,0.000,0.000,0.000,0,0,0,0,0.103,0.124,0.051,0.034,0.017,0.008,4,3,2,1
0.113,0.050,0.591,0.85,0.046,0,0.1189,0.0490,0.298,0.06,0.078,0.045,0.000,0.000,0.000,0.000,0,0,0,0,0.103,0.124,0.051,0.034,0.017,0.008,4,3,2,1
0.139,0.052,0.346,2.1,0.128,0,0.1235,0.0536,0.190,0.02,0.078,0.045,0.000,0.000,0.000,0.000,0,0,0,0,0.103,0.124,0.051,0.034,0.017,0.008,4,3,2,1
0.131,0.074,0.588,-0.08,0.108,0,0.1231,0.0573,0.362,0.059,0.078,0.045,0.000,0.000,0.000,0.000,0,0,0,0,0.103,0.124,0.051,0.034,0.017,0.008,4,3,2,1
0.131,0.048,0.603,0.85,0.046,0,0.1189,0.0590,0.299,0.06,0.078,0.045,0.000,0.000,0.000,0.000,0,0,0,0,0.103,0.124,0.051,0.034,0.017,0.008,4,3,2,1
0.131,0.068,0.704,-0.08,0.108,0,0.1125,0.0592,0.390,0.059,0.078,0.045,0.000,0.000,0.000,0.000,0,0,0,0,0.103,0.124,0.051,0.034,0.017,0.008,4,3,2,1
0.135,0.082,0.738,-0.42,0.180,0,0.1066,0.0595,0.374,0.318,0.078,0.045,0.000,0.000,0.000,0.000,0,0,0,0,0.103,0.124,0.051,0.034,0.017,0.008,4,3,2,1
0.126,0.098,0.694,-0.42,0.180,0,0.0938,0.0549,0.333,0.318,0.078,0.045,0.000,0.000,0.000,0.000,0,0,0,0,0.103,0.124,0.051,0.034,0.017,0.008,4,3,2,1
0.124,0.077,0.610,-0.08,0.108,0,0.0846,0.0538,0.305,0.059,0.078,0.045,0.000,0.000,0.000,0.000,0,0,0,0,0.103,0.124,0.051,0.034,0.017,0.008,4,3,2,1
0.154,0.057,0.619,0.85,0.046,0,0.0792,0.0555,0.378,0.06,0.078,0.045,0.000,0.000,0.000,0.000,0,0,0,0,0.103,0.124,0.051,0.034,0.017,0.008,4,3,2,1
0.147,0.052,0.410,0.85,0.046,0,0.0750,0.0582,0.233,0.06,0.078,0.045,0.000,0.000,0.000,0.000,0,0,0,0,0.103,0.124,0.051,0.034,0.017,0.008,4,3,2,1
0.155,0.092,0.545,1.37,0.298,0,0.0773,0.0638,0.213,-0.510,0.078,0.045,0.000,0.000,0.000,0.000,0,0,0,0,0.103,0.124,0.051,0.034,0.017,0.008,4,3,2,1
0.162,0.078,0.479,-1.19,0.219,1,0.0818,0.0689,0.449,0.586,0.078,0.045,0.000,0.000,0.000,0.000,0,0,0,0,0.103,0.124,0.051,0.034,0.017,0.008,4,3,2,1
0.131,0.092,0.575,-0.08,0.108,0,0.0840,0.0719,0.321,0.059,0.078,0.045,0.000,0.000,0.000,0.000,0,0,0,0,0.103,0.124,0.051,0.034,0.017,0.008,4,3,2,1
0.117,0.075,0.002,1.99,0.186,0,0.0848,0.0730,0.125,-0.326,0.078,0.045,0.000,0.000,0.000,0.000,0,0,0,0,0.103,0.124,0.051,0.034,0.017,0.008,4,3,2,1
0.112,0.047,0.058,2.53,0.140,0,0.0824,0.0714,0.182,-0.121,0.078,0.045,0.000,0.000,0.000,0.000,0,0,0,0,0.103,0.124,0.051,0.034,0.017,0.008,4,3,2,1
0.121,0.055,0.244,-0.52,0.062,0,0.0762,0.0679,0.359,0.341,0.078,0.045,0.000,0.000,0.000,0.000,0,0,0,0,0.103,0.124,0.051,0.034,0.017,0.008,4,3,2,1
0.132,0.056,0.004,3.14,0.186,0,0.0723,0.0676,0.209,-0.486,0.078,0.045,0.000,0.000,0.000,0.000,0,0,0,0,0.103,0.124,0.051,0.034,0.017,0.008,4,3,2,1
0.130,0.036,0.007,1.99,0.186,0,0.0669,0.0655,0.150,-0.326,0.078,0.045,0.000,0.000,0.000,0.000,0,0,0,0,0.103,0.124,0.051,0.034,0.017,0.008,4,3,2,1
0.131,0.063,0.246,-0.52,0.062,0,0.0666,0.0689,0.366,0.341,0.078,0.045,0.000,0.000,0.000,0.000,0,0,0,0,0.103,0.124,0.051,0.034,0.017,0.008,4,3,2,1
0.137,0.044,0.222,-1.1,0.105,-1,0.0636,0.0705,0.483,0.192,0.078,0.045,0.000,0.000,0.000,0.000,0,0,0,0,0.103,0.124,0.051,0.034,0.017,0.008,4,3,2,1
0.139,0.044,0.204,0.85,0.046,0,0.0599,0.0721,0.367,0.06,0.078,0.045,0.000,0.000,0.000,0.000,0,0,0,0,0.103,0.124,0.051,0.034,0.017,0.008,4,3,2,1
0.139,0.067,0.432,-0.52,0.062,0,0.0626,0.0794,0.354,0.341,0.078,0.045,0.000,0.000,0.000,0.000,0,0,0,0,0.103,0.124,0.051,0.034,0.017,0.008,4,3,2,1
0.118,0.053,0.495,1.69,0.290,0,0.0698,0.0892,0.272,-0.697,0.078,0.045,0.000,0.000,0.000,0.000,0,0,0,0,0.103,0.124,0.051,0.034,0.017,0.008,4,3,2,1
0.129,0.061,0.650,-0.48,0.134,0,0.0770,0.0972,0.453,0.007,0.078,0.045,0.000,0.000,0.000,0.000,0,0,0,0,0.103,0.124,0.051,0.034,0.017,0.008,4,3,2,1
0.129,0.055,0.479,-0.42,0.180,0,0.0799,0.1004,0.465,0.318,0.078,0.045,0.000,0.000,0.000,0.000,0,0,0,0,0.103,0.124,0.051,0.034,0.017,0.008,4,3,2,1
0.123,0.049,0.237,2.1,0.128,0,0.0815,0.1019,0.203,0.02,0.078,0.045,0.000,0.000,0.000,0.000,0,0,0,0,0.103,0.124,0.051,0.034,0.017,0.008,4,3,2,1
0.117,0.060,0.487,-0.52,0.062,0,0.0800,0.0997,0.336,0.341,0.078,0.045,0.000,0.000,0.000,0.000,0,0,0,0,0.103,0.124,0.051,0.034,0.017,0.008,4,3,2,1
0.149,0.063,0.691,-0.08,0.108,0,0.0928,0.1071,0.467,0.059,0.078,0.045,0.000,0.000,0.000,0.000,0,0,0,0,0.103,0.124,0.051,0.034,0.017,0.008,4,3,2,1
0.150,0.053,0.569,-1.1,0.105,-1,0.1010,0.1093,0.494,0.192,0.078,0.045,0.000,0.000,0.000,0.000,0,0,0,0,0.103,0.124,0.051,0.034,0.017,0.008,4,3,2,1
0.142,0.080,0.335,-0.52,0.062,0,0.1120,0.1139,0.424,0.341,0.078,0.045,0.000,0.000,0.000,0.000,0,0,0,0,0.103,0.124,0.051,0.034,0.017,0.008,4,3,2,1
0.142,0.075,0.566,0,0.000,0,0.1227,0.1164,0.364,0.166,0.078,0.045,0.000,0.000,0.000,0.000,0,0,0,0,0.103,0.124,0.051,0.034,0.017,0.008,4,3,2,1
0.134,0.095,0.451,1.37,0.298,0,0.1381,0.1243,0.242,-0.510,0.078,0.045,0.000,0.000,0.000,0.000,0,0,0,0,0.103,0.124,0.051,0.034,0.017,0.008,4,3,2,1
0.121,0.065,0.349,-0.52,0.062,0,0.1525,0.1329,0.281,0.341,0.078,0.045,0.000,0.000,0.000,0.000,0,0,0,0,0.103,0.124,0.051,0.034,0.017,0.008,4,3,2,1
0.147,0.055,0.255,1.42,0.221,0,0.1649,0.1415,0.374,-0.397,0.078,0.045,0.000,0.000,0.000,0.000,0,0,0,0,0.103,0.124,0.051,0.034,0.017,0.008,4,3,2,1
0.167,0.088,0.309,1.99,0.186,0,0.1683,0.1446,0.262,-0.326,0.078,0.045,0.000,0.000,0.000,0.000,0,0,0,0,0.103,0.124,0.051,0.034,0.017,0.008,4,3,2,1
0.155,0.111,0.317,-0.08,0.108,0,0.1613,0.1397,0.260,0.059,0.078,0.045,0.000,0.000,0.000,0.000,0,0,0,0,0.103,0.124,0.051,0.034,0.017,0.008,4,3,2,1
0.185,0.129,0.198,0.85,0.046,0,0.1544,0.1361,0.274,0.06,0.078,0.045,0.000,0.000,0.000,0.000,0,0,0,0,0.103,0.124,0.051,0.034,0.017,0.008,4,3,2,1
0.175,0.159,0.567,-1.19,0.219,1,0.1379,0.1243,0.517,0.586,0.078,0.045,0.000,0.000,0.000,0.000,0,0,0,0,0.103,0.124,0.051,0.034,0.017,0.008,4,3,2,1
0.191,0.113,0.301,0.85,0.046,0,0.1121,0.1049,0.369,0.06,0.078,0.045,0.000,0.000,0.000,0.000,0,0,0,0,0.103,0.124,0.051,0.034,0.017,0.008,4,3,2,1
0.203,0.153,0.379,1.99,0.186,0,0.0874,0.0858,0.299,-0.326,0.078,0.045,0.000,0.000,0.000,0.000,0,0,0,0,0.103,0.124,0.051,0.034,0.017,0.008,4,3,2,1
0.195,0.182,0.373,-1.14,0.131,0,0.0693,0.0708,0.456,0.987,0.078,0.045,0.000,0.000,0.000,0.000,0,0,0,0,0.103,0.124,0.051,0.034,0.017,0.008,4,3,2,1
0.201,0.242,0.646,-0.08,0.108,0,0.0575,0.0598,0.430,0.059,0.078,0.045,0.000,0.000,0.000,0.000,0,0,0,0,0.103,0.124,0.051,0.034,0.017,0.008,4,3,2,1
0.213,0.156,0.532,-0.08,0.108,0,0.0507,0.0508,0.353,0.059,0.078,0.045,0.000,0.000,0.000,0.000,0,0,0,0,0.103,0.124,0.051,0.034,0.017,0.008,4,3,2,1
0.204,0.096,0.157,0.85,0.046,0,0.0466,0.0457,0.332,0.06,0.078,0.045,0.000,0.000,0.000,0.000,0,0,0,0,0.103,0.124,0.051,0.034,0.017,0.008,4,3,2,1
0.202,0.120,0.545,-0.42,0.180,0,0.0457,0.0452,0.411,0.318,0.078,0.045,0.000,0.000,0.000,0.000,0,0,0,0,0.103,0.124,0.051,0.034,0.017,0.008,4,3,2,1
0.174,0.125,0.686,1.37,0.298,0,0.0582,0.0562,0.171,-0.510,0.078,0.045,0.000,0.000,0.000,0.000,0,0,0,0,0.103,0.124,0.051,0.034,0.017,0.008,4,3,2,1
0.174,0.119,0.359,-1.19,0.219,1,0.0612,0.0601,0.307,0.586,0.078,0.045,0.000,0.000,0.000,0.000,0,0,0,0,0.103,0.124,0.051,0.034,0.017,0.008,4,3,2,1
0.180,0.081,0.134,1.99,0.186,0,0.0621,0.0639,0.280,-0.326,0.078,0.045,0.000,0.000,0.000,0.000,0,0,0,0,0.103,0.124,0.051,0.034,0.017,0.008,4,3,2,1
0.143,0.071,0.042,1.42,0.221,0,0.0552,0.0587,0.290,-0.397,0.078,0.045,0.000,0.000,0.000,0.000,0,0,0,0,0.103,0.124,0.051,0.034,0.017,0.008,4,3,2,1
0.175,0.080,0.457,2.1,0.128,0,0.0499,0.0547,0.131,0.02,0.078,0.045,0.000,0.000,0.000,0.000,0,0,0,0,0.103,0.124,0.051,0.034,0.017,0.008,4,3,2,1
0.214,0.080,0.568,0.85,0.046,0,0.0402,0.0470,0.226,0.06,0.078,0.045,0.000,0.000,0.000,0.000,0,0,0,0,0.103,0.124,0.051,0.034,0.017,0.008,4,3,2,1
0.218,0.141,0.583,-0.52,0.062,0,0.0390,0.0453,0.254,0.341,0.078,0.045,0.000,0.000,0.000,0.000,0,0,0,0,0.103,0.124,0.051,0.034,0.017,0.008,4,3,2,1
0.228,0.131,0.736,-0.08,0.108,0,0.0304,0.0377,0.374,0.059,0.078,0.045,0.000,0.000,0.000,0.000,0,0,0,0,0.103,0.124,0.051,0.034,0.017,0.008,4,3,2,1
0.228,0.098,0.599,0.85,0.046,0,0.0249,0.0320,0.268,0.06,0.078,0.045,0.000,0.000,0.000,0.000,0,0,0,0,0.103,0.124,0.051,0.034,0.017,0.008,4,3,2,1
0.226,0.126,0.084,2.1,0.128,0,0.0257,0.0316,0.152,0.02,0.078,0.045,0.000,0.000,0.000,0.000,0,0,0,0,0.103,0.124,0.051,0.034,0.017,0.008,4,3,2,1
0.200,0.186,0.337,-0.48,0.134,0,0.0344,0.0361,0.370,0.007,0.078,0.045,0.000,0.000,0.000,0.000,0,0,0,0,0.103,0.124,0.051,0.034,0.017,0.008,4,3,2,1
0.213,0.200,0.203,-0.08,0.108,0,0.0492,0.0445,0.382,0.059,0.078,0.045,0.000,0.000,0.000,0.000,0,0,0,0,0.103,0.124,0.051,0.034,0.017,0.008,4,3,2,1
0.168,0.123,0.002,1.42,0.221,0,0.0555,0.0479,0.212,-0.397,0.078,0.045,0.000,0.000,0.000,0.000,0,0,0,0,0.103,0.124,0.051,0.034,0.017,0.008,4,3,2,1
0.144,0.114,0.002,3.14,0.186,0,0.0645,0.0535,0.139,-0.486,0.078,0.045,0.000,0.000,0.000,0.000,0,0,0,0,0.103,0.124,0.051,0.034,0.017,0.008,4,3,2,1
0.142,0.143,0.059,-1.19,0.219,1,0.0751,0.0594,0.429,0.586,0.078,0.045,0.000,0.000,0.000,0.000,0,0,0,0,0.103,0.124,0.051,0.034,0.017,0.008,4,3,2,1
0.133,0.125,0.102,-1.19,0.219,1,0.0873,0.0637,0.378,0.586,0.078,0.045,0.000,0.000,0.000,0.000,0,0,0,0,0.103,0.124,0.051,0.034,0.017,0.008,4,3,2,1
0.132,0.065,0.012,3.14,0.186,0,0.0983,0.0673,0.184,-0.486,0.078,0.045,0.000,0.000,0.000,0.000,0,0,0,0,0.103,0.124,0.051,0.034,0.017,0.008,4,3,2,1
0.119,0.048,0.061,2.53,0.140,0,0.1152,0.0740,0.201,-0.121,0.078,0.045,0.000,0.000,0.000,0.000,0,0,0,0,0.103,0.124,0.051,0.034,0.017,0.008,4,3,2,1
0.125,0.076,0.114,-0.08,0.108,0,0.1333,0.0816,0.529,0.059,0.078,0.045,0.000,0.000,0.000,0.000,0,0,0,0,0.103,0.124,0.051,0.034,0.017,0.008,4,3,2,1
0.119,0.077,0.085,1.99,0.186,0,0.1471,0.0886,0.272,-0.326,0.078,0.045,0.000,0.000,0.000,0.000,0,0,0,0,0.103,0.124,0.051,0.034,0.017,0.008,4,3,2,1
0.110,0.097,0.087,-0.48,0.134,0,0.1613,0.0966,0.409,0.007,0.078,0.045,0.000,0.000,0.000,0.000,0,0,0,0,0.103,0.124,0.051,0.034,0.017,0.008,4,3,2,1
0.136,0.080,0.050,-1.14,0.131,0,0.1721,0.1019,0.366,0.987,0.078,0.045,0.000,0.000,0.000,0.000,0,0,0,0,0.103,0.124,0.051,0.034,0.017,0.008,4,3,2,1
0.146,0.089,0.252,-1.14,0.131,0,0.1793,0.1042,0.540,0.987,0.078,0.045,0.000,0.000,0.000,0.000,0,0,0,0,0.103,0.124,0.051,0.034,0.017,0.008,4,3,2,1
0.140,0.093,0.362,-0.48,0.134,0,0.1794,0.1017,0.566,0.007,0.078,0.045,0.000,0.000,0.000,0.000,0,0,0,0,0.103,0.124,0.051,0.034,0.017,0.008,4,3,2,1
0.143,0.048,0.030,2.1,0.128,0,0.1812,0.1020,0.181,0.02,0.078,0.045,0.000,0.000,0.000,0.000,0,0,0,0,0.103,0.124,0.051,0.034,0.017,0.008,4,3,2,1
0.115,0.033,0.209,-1.1,0.105,-1,0.1711,0.0951,0.499,0.192,0.078,0.045,0.000,0.000,0.000,0.000,0,0,0,0,0.103,0.124,0.051,0.034,0.017,0.008,4,3,2,1
0.078,0.041,0.033,1.99,0.186,0,0.1612,0.0897,0.282,-0.326,0.078,0.045,0.000,0.000,0.000,0.000,0,0,0,0,0.103,0.124,0.051,0.034,0.017,0.008,4,3,2,1
0.080,0.076,0.554,-0.08,0.108,0,0.1447,0.0809,0.484,0.059,0.078,0.045,0.000,0.000,0.000,0.000,0,0,0,0,0.103,0.124,0.051,0.034,0.017,0.008,4,3,2,1
0.071,0.077,0.307,2.53,0.140,0,0.1345,0.0769,0.256,-0.121,0.078,0.045,0.000,0.000,0.000,0.000,0,0,0,0,0.103,0.124,0.051,0.034,0.017,0.008,4,3,2,1
0.079,0.091,0.384,-1.14,0.131,0,0.1230,0.0716,0.383,0.987,0.078,0.045,0.000,0.000,0.000,0.000,0,0,0,0,0.103,0.124,0.051,0.034,0.017,0.008,4,3,2,1
0.070,0.111,0.458,-0.08,0.108,0,0.1094,0.0672,0.390,0.059,0.078,0.045,0.000,0.000,0.000,0.000,0,0,0,0,0.103,0.124,0.051,0.034,0.017,0.008,4,3,2,1
0.084,0.104,0.449,-0.52,0.062,0,0.0956,0.0623,0.388,0.341,0.078,0.045,0.000,0.000,0.000,0.000,0,0,0,0,0.103,0.124,0.051,0.034,0.017,0.008,4,3,2,1
0.074,0.105,0.326,0,0.000,0,0.0822,0.0568,0.365,0.166,0.078,0.045,0.000,0.000,0.000,0.000,0,0,0,0,0.103,0.124,0.051,0.034,0.017,0.008,4,3,2,1
0.079,0.089,0.245,1.99,0.186,0,0.0744,0.0565,0.242,-0.326,0.078,0.045,0.000,0.000,0.000,0.000,0,0,0,0,0.103,0.124,0.051,0.034,0.017,0.008,4,3,2,1
0.077,0.097,0.244,2.53,0.140,0,0.0648,0.0542,0.269,-0.121,0.078,0.045,0.000,0.000,0.000,0.000,0,0,0,0,0.103,0.124,0.051,0.034,0.017,0.008,4,3,2,1
0.079,0.128,0.135,1.99,0.186,0,0.0630,0.0562,0.183,-0.326,0.078,0.045,0.000,0.000,0.000,0.000,0,0,0,0,0.103,0.124,0.051,0.034,0.017,0.008,4,3,2,1
0.069,0.194,0.517,-0.48,0.134,0,0.0637,0.0578,0.248,0.007,0.078,0.045,0.000,0.000,0.000,0.000,0,0,0,0,0.103,0.124,0.051,0.034,0.017,0.008,4,3,2,1
0.087,0.180,0.215,2.53,0.140,0,0.0618,0.0571,0.138,-0.121,0.078,0.045,0.000,0.000,0.000,0.000,0,0,0,0,0.103,0.124,0.051,0.034,0.017,0.008,4,3,2,1
0.095,0.241,0.679,1.37,0.298,0,0.0590,0.0498,0.234,-0.510,0.078,0.045,0.000,0.000,0.000,0.000,0,0,0,0,0.103,0.124,0.051,0.034,0.017,0.008,4,3,2,1
0.099,0.186,0.317,-0.52,0.062,0,0.0553,0.0455,0.251,0.341,0.078,0.045,0.000,0.000,0.000,0.000,0,0,0,0,0.103,0.124,0.051,0.034,0.017,0.008,4,3,2,1
0.110,0.212,0.369,1.37,0.298,0,0.0497,0.0437,0.284,-0.510,0.078,0.045,0.000,0.000,0.000,0.000,0,0,0,0,0.103,0.124,0.051,0.034,0.017,0.008,4,3,2,1
0.115,0.120,0.192,0.85,0.046,0,0.0410,0.0451,0.322,0.06,0.078,0.045,0.000,0.000,0.000,0.000,0,0,0,0,0.103,0.124,0.051,0.034,0.017,0.008,4,3,2,1
0.107,0.144,0.619,-0.48,0.134,0,0.0334,0.0606,0.464,0.007,0.078,0.045,0.000,0.000,0.000,0.000,0,0,0,0,0.103,0.124,0.051,0.034,0.017,0.008,4,3,2,1
0.102,0.085,0.462,0,0.000,0,0.0278,0.0893,0.462,0.166,0.078,0.045,0.000,0.000,0.000,0.000,0,0,0,0,0.103,0.124,0.051,0.034,0.017,0.008,4,3,2,1
0.099,0.116,0.464,1.69,0.290,0,0.0241,0.1351,0.324,-0.697,0.078,0.045,0.000,0.000,0.000,0.000,0,0,0,0,0.103,0.124,0.051,0.034,0.017,0.008,4,3,2,1
0.096,0.089,0.717,-0.52,0.062,0,0.0230,0.1989,0.407,0.341,0.078,0.045,0.000,0.000,0.000,0.000,0,0,0,0,0.103,0.124,0.051,0.034,0.017,0.008,4,3,2,1
0.093,0.090,0.773,-0.48,0.134,0,0.0245,0.2798,0.480,0.007,0.078,0.045,0.000,0.000,0.000,0.000,0,0,0,0,0.103,0.124,0.051,0.034,0.017,0.008,4,3,2,1
0.114,0.055,0.729,-1.19,0.219,1,0.0288,0.3743,0.505,0.586,0.078,0.045,0.000,0.000,0.000,0.000,0,0,0,0,0.103,0.124,0.051,0.034,0.017,0.008,4,3,2,1
0.110,0.032,0.465,2.1,0.128,0,0.0354,0.4762,0.261,0.02,0.078,0.045,0.000,0.000,0.000,0.000,0,0,0,0,0.103,0.124,0.051,0.034,0.017,0.008,4,3,2,1
0.128,0.023,0.370,-0.52,0.062,0,0.0439,0.5759,0.491,0.341,0.078,0.045,0.000,0.000,0.000,0.000,0,0,0,0,0.103,0.124,0.051,0.034,0.017,0.008,4,3,2,1
0.115,0.014,0.276,-0.52,0.062,0,0.0532,0.6600,0.633,0.341,0.078,0.045,0.000,0.000,0.000,0.000,0,0,0,0,0.103,0.124,0.051,0.034,0.017,0.008,4,3,2,1
0.138,0.004,0.143,1.99,0.186,0,0.0619,0.7111,0.767,-0.326,0.078,0.045,0.000,0.000,0.000,0.000,0,0,0,0,0.103,0.124,0.051,0.034,0.017,0.008,4,3,2,1
