0.123,0.091,0.575,1.42,0.221,0,0.4059,0.8433,0.652,-0.397,0.494,0.192,0.626,0.384,0.244,0.158,182,80,68,64,0.382,0.197,0.421,0.255,0.163,0.110,76,66,62,53
0.131,0.107,0.664,-0.52,0.062,0,0.4705,0.8356,0.510,0.341,0.494,0.192,0.626,0.384,0.244,0.158,182,80,68,64,0.382,0.197,0.421,0.255,0.163,0.110,76,66,62,53
0.102,0.103,0.200,1.99,0.186,0,0.4758,0.7905,0.255,-0.326,0.494,0.192,0.626,0.384,0.244,0.158,182,80,68,64,0.382,0.197,0.421,0.255,0.163,0.110,76,66,62,53
0.107,0.136,0.223,-0.08,0.108,0,0.4496,0.7228,0.288,0.059,0.494,0.192,0.626,0.384,0.244,0.158,182,80,68,64,0.382,0.197,0.421,0.255,0.163,0.110,76,66,62,53
0.111,0.155,0.130,0.85,0.046,0,0.4123,0.6442,0.216,0.06,0.494,0.192,0.626,0.384,0.244,0.158,182,80,68,64,0.382,0.197,0.421,0.255,0.163,0.110,76,66,62,53
0.088,0.214,0.109,-1.1,0.105,-1,0.3774,0.5639,0.433,0.192,0.494,0.192,0.626,0.384,0.244,0.158,182,80,68,64,0.382,0.197,0.421,0.255,0.163,0.110,76,66,62,53
0.086,0.195,0.001,-0.79,0.151,-1,0.3526,0.4886,0.331,0.736,0.494,0.192,0.626,0.384,0.244,0.158,182,80,68,64,0.382,0.197,0.421,0.255,0.163,0.110,76,66,62,53
0.090,0.250,0.216,1.37,0.298,0,0.3413,0.4228,0.125,-0.510,0.494,0.192,0.626,0.384,0.244,0.158,182,80,68,64,0.382,0.197,0.421,0.255,0.163,0.110,76,66,62,53
0.119,0.199,0.606,-1.19,0.219,1,0.3429,0.3691,0.374,0.586,0.494,0.192,0.626,0.384,0.244,0.158,182,80,68,64,0.382,0.197,0.421,0.255,0.163,0.110,76,66,62,53
0.116,0.202,0.113,-0.42,0.180,0,0.3542,0.3285,0.476,0.318,0.494,0.192,0.626,0.384,0.244,0.158,182,80,68,64,0.382,0.197,0.421,0.255,0.163,0.110,76,66,62,53
0.105,0.254,0.057,-0.42,0.180,0,0.3676,0.3020,0.343,0.318,0.494,0.192,0.626,0.384,0.244,0.158,182,80,68,64,0.382,0.197,0.421,0.255,0.163,0.110,76,66,62,53
0.097,0.232,0.085,0,0.000,0,0.3785,0.2832,0.219,0.166,0.494,0.192,0.626,0.384,0.244,0.158,182,80,68,64,0.382,0.197,0.421,0.255,0.163,0.110,76,66,62,53
0.114,0.281,0.491,-0.48,0.134,0,0.3790,0.2697,0.266,0.007,0.494,0.192,0.626,0.384,0.244,0.158,182,80,68,64,0.382,0.197,0.421,0.255,0.163,0.110,76,66,62,53
0.115,0.234,0.007,0.85,0.046,0,0.3781,0.2659,0.218,0.06,0.494,0.192,0.626,0.384,0.244,0.158,182,80,68,64,0.382,0.197,0.421,0.255,0.163,0.110,76,66,62,53
0.118,0.228,0.100,0.85,0.046,0,0.3619,0.2590,0.234,0.06,0.494,0.192,0.626,0.384,0.244,0.158,182,80,68,64,0.382,0.197,0.421,0.255,0.163,0.110,76,66,62,53
0.096,0.683,0.391,1.69,0.290,0,0.3509,0.2568,0.110,-0.697,0.494,0.192,0.626,0.384,0.244,0.158,182,80,68,64,0.382,0.197,0.421,0.255,0.163,0.110,76,66,62,53
0.099,0.254,0.279,-0.08,0.108,0,0.3331,0.2488,0.217,0.059,0.494,0.192,0.626,0.384,0.244,0.158,182,80,68,64,0.382,0.197,0.421,0.255,0.163,0.110,76,66,62,53
0.100,0.201,0.122,0.85,0.046,0,0.3122,0.2355,0.175,0.06,0.494,0.192,0.626,0.384,0.244,0.158,182,80,68,64,0.382,0.197,0.421,0.255,0.163,0.110,76,66,62,53
0.107,0.299,0.253,-1.19,0.219,1,0.2803,0.2126,0.462,0.586,0.494,0.192,0.626,0.384,0.244,0.158,182,80,68,64,0.382,0.197,0.421,0.255,0.163,0.110,76,66,62,53
0.107,0.203,0.284,-1.1,0.105,-1,0.2403,0.1797,0.236,0.192,0.494,0.192,0.626,0.384,0.244,0.158,182,80,68,64,0.382,0.197,0.421,0.255,0.163,0.110,76,66,62,53
0.111,0.253,0.465,1.37,0.298,0,0.2087,0.1557,0.063,-0.510,0.494,0.192,0.626,0.384,0.244,0.158,182,80,68,64,0.382,0.197,0.421,0.255,0.163,0.110,76,66,62,53
0.112,0.205,0.140,-1.1,0.105,-1,0.1819,0.1320,0.400,0.192,0.494,0.192,0.626,0.384,0.244,0.158,182,80,68,64,0.382,0.197,0.421,0.255,0.163,0.110,76,66,62,53
0.089,0.268,0.208,-1.19,0.219,1,0.1768,0.1259,0.380,0.586,0.494,0.192,0.626,0.384,0.244,0.158,182,80,68,64,0.382,0.197,0.421,0.255,0.163,0.110,76,66,62,53
0.106,0.198,0.010,0.85,0.046,0,0.1775,0.1223,0.028,0.06,0.494,0.192,0.626,0.384,0.244,0.158,182,80,68,64,0.382,0.197,0.421,0.255,0.163,0.110,76,66,62,53
0.111,0.169,0.068,3.14,0.186,0,0.2030,0.1375,0.069,-0.486,0.494,0.192,0.626,0.384,0.244,0.158,182,80,68,64,0.382,0.197,0.421,0.255,0.163,0.110,76,66,62,53
0.089,0.197,0.004,-0.79,0.151,-1,0.2320,0.1527,0.423,0.736,0.494,0.192,0.626,0.384,0.244,0.158,182,80,68,64,0.382,0.197,0.421,0.255,0.163,0.110,76,66,62,53
0.103,0.190,0.051,1.99,0.186,0,0.2641,0.1710,0.104,-0.326,0.494,0.192,0.626,0.384,0.244,0.158,182,80,68,64,0.382,0.197,0.421,0.255,0.163,0.110,76,66,62,53
0.104,0.244,0.033,1.69,0.290,0,0.2995,0.1914,0.029,-0.697,0.494,0.192,0.626,0.384,0.244,0.158,182,80,68,64,0.382,0.197,0.421,0.255,0.163,0.110,76,66,62,53
0.087,0.239,0.147,-0.08,0.108,0,0.3253,0.2051,0.187,0.059,0.494,0.192,0.626,0.384,0.244,0.158,182,80,68,64,0.382,0.197,0.421,0.255,0.163,0.110,76,66,62,53
0.075,0.238,0.240,-1.19,0.219,1,0.3341,0.2071,0.393,0.586,0.494,0.192,0.626,0.384,0.244,0.158,182,80,68,64,0.382,0.197,0.421,0.255,0.163,0.110,76,66,62,53
0.078,0.172,0.018,0.85,0.046,0,0.3248,0.1966,0.099,0.06,0.494,0.192,0.626,0.384,0.244,0.158,182,80,68,64,0.382,0.197,0.421,0.255,0.163,0.110,76,66,62,53
0.088,0.157,0.032,3.14,0.186,0,0.3192,0.1898,0.075,-0.486,0.494,0.192,0.626,0.384,0.244,0.158,182,80,68,64,0.382,0.197,0.421,0.255,0.163,0.110,76,66,62,53
0.081,0.150,0.001,-0.79,0.151,-1,0.3093,0.1815,0.402,0.736,0.494,0.192,0.626,0.384,0.244,0.158,182,80,68,64,0.382,0.197,0.421,0.255,0.163,0.110,76,66,62,53
0.068,0.159,0.005,2.53,0.140,0,0.3041,0.1772,0.149,-0.121,0.494,0.192,0.626,0.384,0.244,0.158,182,80,68,64,0.382,0.197,0.421,0.255,0.163,0.110,76,66,62,53
0.057,0.197,0.004,-0.52,0.062,0,0.3042,0.1763,0.179,0.341,0.494,0.192,0.626,0.384,0.244,0.158,182,80,68,64,0.382,0.197,0.421,0.255,0.163,0.110,76,66,62,53
0.061,0.230,0.007,-0.79,0.151,-1,0.3180,0.1853,0.410,0.736,0.494,0.192,0.626,0.384,0.244,0.158,182,80,68,64,0.382,0.197,0.421,0.255,0.163,0.110,76,66,62,53
0.080,0.239,0.134,-0.08,0.108,0,0.3267,0.1903,0.233,0.059,0.494,0.192,0.626,0.384,0.244,0.158,182,80,68,64,0.382,0.197,0.421,0.255,0.163,0.110,76,66,62,53
0.081,0.230,0.091,-1.14,0.131,0,0.3428,0.2014,0.239,0.987,0.494,0.192,0.626,0.384,0.244,0.158,182,80,68,64,0.382,0.197,0.421,0.255,0.163,0.110,76,66,62,53
0.101,0.244,0.268,-0.48,0.134,0,0.3583,0.2120,0.296,0.007,0.494,0.192,0.626,0.384,0.244,0.158,182,80,68,64,0.382,0.197,0.421,0.255,0.163,0.110,76,66,62,53
0.095,0.249,0.252,0.22,0.230,0,0.3607,0.2121,0.163,0.303,0.494,0.192,0.626,0.384,0.244,0.158,182,80,68,64,0.382,0.197,0.421,0.255,0.163,0.110,76,66,62,53
0.072,0.232,0.255,2.53,0.140,0,0.3592,0.2123,0.084,-0.121,0.494,0.192,0.626,0.384,0.244,0.158,182,80,68,64,0.382,0.197,0.421,0.255,0.163,0.110,76,66,62,53
0.075,0.268,0.044,1.99,0.186,0,0.3515,0.2081,0.097,-0.326,0.494,0.192,0.626,0.384,0.244,0.158,182,80,68,64,0.382,0.197,0.421,0.255,0.163,0.110,76,66,62,53
0.077,0.439,0.515,1.37,0.298,0,0.3479,0.2074,0.145,-0.510,0.494,0.192,0.626,0.384,0.244,0.158,182,80,68,64,0.382,0.197,0.421,0.255,0.163,0.110,76,66,62,53
0.118,0.442,0.276,-0.52,0.062,0,0.3408,0.2046,0.132,0.341,0.494,0.192,0.626,0.384,0.244,0.158,182,80,68,64,0.382,0.197,0.421,0.255,0.163,0.110,76,66,62,53
0.146,0.693,0.570,-0.48,0.134,0,0.3300,0.2014,0.139,0.007,0.494,0.192,0.626,0.384,0.244,0.158,182,80,68,64,0.382,0.197,0.421,0.255,0.163,0.110,76,66,62,53
0.115,0.758,0.432,0.2,0.291,1,0.3031,0.1867,0.193,0.180,0.494,0.192,0.626,0.384,0.244,0.158,182,80,68,64,0.382,0.197,0.421,0.255,0.163,0.110,76,66,62,53
0.148,0.712,0.119,-0.52,0.062,0,0.2701,0.1672,0.194,0.341,0.494,0.192,0.626,0.384,0.244,0.158,182,80,68,64,0.382,0.197,0.421,0.255,0.163,0.110,76,66,62,53
0.149,0.260,0.199,0.85,0.046,0,0.2404,0.1497,0.135,0.06,0.494,0.192,0.626,0.384,0.244,0.158,182,80,68,64,0.382,0.197,0.421,0.255,0.163,0.110,76,66,62,53
0.157,0.252,0.003,2.1,0.128,0,0.2197,0.1361,0.050,0.02,0.494,0.192,0.626,0.384,0.244,0.158,182,80,68,64,0.382,0.197,0.421,0.255,0.163,0.110,76,66,62,53
0.182,0.709,0.484,1.37,0.298,0,0.2143,0.1317,0.131,-0.510,0.494,0.192,0.626,0.384,0.244,0.158,182,80,68,64,0.382,0.197,0.421,0.255,0.163,0.110,76,66,62,53
0.146,0.279,0.284,-0.08,0.108,0,0.2285,0.1377,0.269,0.059,0.494,0.192,0.626,0.384,0.244,0.158,182,80,68,64,0.382,0.197,0.421,0.255,0.163,0.110,76,66,62,53
0.140,0.314,0.395,-0.52,0.062,0,0.2479,0.1476,0.097,0.341,0.494,0.192,0.626,0.384,0.244,0.158,182,80,68,64,0.382,0.197,0.421,0.255,0.163,0.110,76,66,62,53
0.142,0.233,0.348,1.99,0.186,0,0.2576,0.1501,0.054,-0.326,0.494,0.192,0.626,0.384,0.244,0.158,182,80,68,64,0.382,0.197,0.421,0.255,0.163,0.110,76,66,62,53
0.135,0.727,0.311,-1.19,0.219,1,0.2622,0.1499,0.401,0.586,0.494,0.192,0.626,0.384,0.244,0.158,182,80,68,64,0.382,0.197,0.421,0.255,0.163,0.110,76,66,62,53
0.104,0.323,0.371,-1.19,0.219,1,0.2662,0.1479,0.395,0.586,0.494,0.192,0.626,0.384,0.244,0.158,182,80,68,64,0.382,0.197,0.421,0.255,0.163,0.110,76,66,62,53
0.127,0.268,0.326,1.69,0.290,0,0.2708,0.1469,0.044,-0.697,0.494,0.192,0.626,0.384,0.244,0.158,182,80,68,64,0.382,0.197,0.421,0.255,0.163,0.110,76,66,62,53
0.122,0.236,0.174,-0.52,0.062,0,0.2728,0.1454,0.200,0.341,0.494,0.192,0.626,0.384,0.244,0.158,182,80,68,64,0.382,0.197,0.421,0.255,0.163,0.110,76,66,62,53
0.144,0.190,0.183,-1.1,0.105,-1,0.2677,0.1406,0.451,0.192,0.494,0.192,0.626,0.384,0.244,0.158,182,80,68,64,0.382,0.197,0.421,0.255,0.163,0.110,76,66,62,53
0.139,0.198,0.004,0.85,0.046,0,0.2616,0.1377,0.170,0.06,0.494,0.192,0.626,0.384,0.244,0.158,182,80,68,64,0.382,0.197,0.421,0.255,0.163,0.110,76,66,62,53
0.115,0.165,0.021,1.99,0.186,0,0.2631,0.1417,0.105,-0.326,0.494,0.192,0.626,0.384,0.244,0.158,182,80,68,64,0.382,0.197,0.421,0.255,0.163,0.110,76,66,62,53
0.123,0.229,0.057,-0.48,0.134,0,0.2751,0.1536,0.390,0.007,0.494,0.192,0.626,0.384,0.244,0.158,182,80,68,64,0.382,0.197,0.421,0.255,0.163,0.110,76,66,62,53
0.136,0.189,0.023,-1.1,0.105,-1,0.3029,0.1770,0.375,0.192,0.494,0.192,0.626,0.384,0.244,0.158,182,80,68,64,0.382,0.197,0.421,0.255,0.163,0.110,76,66,62,53
0.089,0.158,0.001,0.85,0.046,0,0.3325,0.2000,0.137,0.06,0.494,0.192,0.626,0.384,0.244,0.158,182,80,68,64,0.382,0.197,0.421,0.255,0.163,0.110,76,66,62,53
0.095,0.238,0.085,-0.48,0.134,0,0.3537,0.2157,0.317,0.007,0.494,0.192,0.626,0.384,0.244,0.158,182,80,68,64,0.382,0.197,0.421,0.255,0.163,0.110,76,66,62,53
0.095,0.185,0.094,-0.79,0.151,-1,0.3648,0.2229,0.321,0.736,0.494,0.192,0.626,0.384,0.244,0.158,182,80,68,64,0.382,0.197,0.421,0.255,0.163,0.110,76,66,62,53
0.077,0.221,0.004,2.1,0.128,0,0.3636,0.2208,0.084,0.02,0.494,0.192,0.626,0.384,0.244,0.158,182,80,68,64,0.382,0.197,0.421,0.255,0.163,0.110,76,66,62,53
0.084,0.192,0.016,2.53,0.140,0,0.3631,0.2192,0.113,-0.121,0.494,0.192,0.626,0.384,0.244,0.158,182,80,68,64,0.382,0.197,0.421,0.255,0.163,0.110,76,66,62,53
0.067,0.254,0.046,-1.19,0.219,1,0.3624,0.2175,0.415,0.586,0.494,0.192,0.626,0.384,0.244,0.158,182,80,68,64,0.382,0.197,0.421,0.255,0.163,0.110,76,66,62,53
0.073,0.217,0.208,3.14,0.186,0,0.3723,0.2209,0.108,-0.486,0.494,0.192,0.626,0.384,0.244,0.158,182,80,68,64,0.382,0.197,0.421,0.255,0.163,0.110,76,66,62,53
0.072,0.262,0.366,-0.48,0.134,0,0.3766,0.2222,0.142,0.007,0.494,0.192,0.626,0.384,0.244,0.158,182,80,68,64,0.382,0.197,0.421,0.255,0.163,0.110,76,66,62,53
0.074,0.259,0.343,-1.14,0.131,0,0.3653,0.2134,0.298,0.987,0.494,0.192,0.626,0.384,0.244,0.158,182,80,68,64,0.382,0.197,0.421,0.255,0.163,0.110,76,66,62,53
0.088,0.259,0.516,-0.52,0.062,0,0.3429,0.1997,0.285,0.341,0.494,0.192,0.626,0.384,0.244,0.158,182,80,68,64,0.382,0.197,0.421,0.255,0.163,0.110,76,66,62,53
0.093,0.272,0.541,1.76,0.409,0,0.3276,0.1927,0.118,-0.884,0.494,0.192,0.626,0.384,0.244,0.158,182,80,68,64,0.382,0.197,0.421,0.255,0.163,0.110,76,66,62,53
0.099,0.240,0.360,-0.52,0.062,0,0.3122,0.1866,0.195,0.341,0.494,0.192,0.626,0.384,0.244,0.158,182,80,68,64,0.382,0.197,0.421,0.255,0.163,0.110,76,66,62,53
0.116,0.244,0.675,-1.19,0.219,1,0.3086,0.1902,0.451,0.586,0.494,0.192,0.626,0.384,0.244,0.158,182,80,68,64,0.382,0.197,0.421,0.255,0.163,0.110,76,66,62,53
0.145,0.200,0.373,0,0.000,0,0.3043,0.1927,0.134,0.166,0.494,0.192,0.626,0.384,0.244,0.158,182,80,68,64,0.382,0.197,0.421,0.255,0.163,0.110,76,66,62,53
0.140,0.287,0.524,1.37,0.298,0,0.3034,0.1955,0.134,-0.510,0.494,0.192,0.626,0.384,0.244,0.158,182,80,68,64,0.382,0.197,0.421,0.255,0.163,0.110,76,66,62,53
0.143,0.245,0.581,-0.48,0.134,0,0.3004,0.1959,0.243,0.007,0.494,0.192,0.626,0.384,0.244,0.158,182,80,68,64,0.382,0.197,0.421,0.255,0.163,0.110,76,66,62,53
0.111,0.310,0.680,0.2,0.291,1,0.3115,0.2065,0.234,0.180,0.494,0.192,0.626,0.384,0.244,0.158,182,80,68,64,0.382,0.197,0.421,0.255,0.163,0.110,76,66,62,53
0.114,0.193,0.315,1.99,0.186,0,0.3296,0.2207,0.098,-0.326,0.494,0.192,0.626,0.384,0.244,0.158,182,80,68,64,0.382,0.197,0.421,0.255,0.163,0.110,76,66,62,53
0.129,0.195,0.072,0,0.000,0,0.3425,0.2288,0.111,0.166,0.494,0.192,0.626,0.384,0.244,0.158,182,80,68,64,0.382,0.197,0.421,0.255,0.163,0.110,76,66,62,53
0.110,0.169,0.219,0.85,0.046,0,0.3579,0.2380,0.091,0.06,0.494,0.192,0.626,0.384,0.244,0.158,182,80,68,64,0.382,0.197,0.421,0.255,0.163,0.110,76,66,62,53
0.105,0.193,0.002,0.85,0.046,0,0.3759,0.2489,0.141,0.06,0.494,0.192,0.626,0.384,0.244,0.158,182,80,68,64,0.382,0.197,0.421,0.255,0.163,0.110,76,66,62,53
0.123,0.244,0.219,0.22,0.230,0,0.3792,0.2498,0.143,0.303,0.494,0.192,0.626,0.384,0.244,0.158,182,80,68,64,0.382,0.197,0.421,0.255,0.163,0.110,76,66,62,53
0.123,0.162,0.043,1.99,0.186,0,0.3875,0.2569,0.088,-0.326,0.494,0.192,0.626,0.384,0.244,0.158,182,80,68,64,0.382,0.197,0.421,0.255,0.163,0.110,76,66,62,53
0.084,0.234,0.124,0,0.000,0,0.3926,0.2635,0.148,0.166,0.494,0.192,0.626,0.384,0.244,0.158,182,80,68,64,0.382,0.197,0.421,0.255,0.163,0.110,76,66,62,53
0.073,0.210,0.095,1.99,0.186,0,0.4033,0.2757,0.134,-0.326,0.494,0.192,0.626,0.384,0.244,0.158,182,80,68,64,0.382,0.197,0.421,0.255,0.163,0.110,76,66,62,53
0.102,0.224,0.069,0,0.000,0,0.4046,0.2807,0.235,0.166,0.494,0.192,0.626,0.384,0.244,0.158,182,80,68,64,0.382,0.197,0.421,0.255,0.163,0.110,76,66,62,53
0.149,0.197,0.110,-1.1,0.105,-1,0.4014,0.2832,0.286,0.192,0.494,0.192,0.626,0.384,0.244,0.158,182,80,68,64,0.382,0.197,0.421,0.255,0.163,0.110,76,66,62,53
0.145,0.156,0.196,1.99,0.186,0,0.3865,0.2792,0.103,-0.326,0.494,0.192,0.626,0.384,0.244,0.158,182,80,68,64,0.382,0.197,0.421,0.255,0.163,0.110,76,66,62,53
0.145,0.117,0.041,-1.1,0.105,-1,0.3694,0.2727,0.477,0.192,0.494,0.192,0.626,0.384,0.244,0.158,182,80,68,64,0.382,0.197,0.421,0.255,0.163,0.110,76,66,62,53
0.116,0.101,0.040,-0.79,0.151,-1,0.3649,0.2772,0.414,0.736,0.494,0.192,0.626,0.384,0.244,0.158,182,80,68,64,0.382,0.197,0.421,0.255,0.163,0.110,76,66,62,53
0.115,0.112,0.002,0.85,0.046,0,0.3728,0.2915,0.165,0.06,0.494,0.192,0.626,0.384,0.244,0.158,182,80,68,64,0.382,0.197,0.421,0.255,0.163,0.110,76,66,62,53
0.110,0.115,0.013,-0.79,0.151,-1,0.3785,0.3039,0.277,0.736,0.494,0.192,0.626,0.384,0.244,0.158,182,80,68,64,0.382,0.197,0.421,0.255,0.163,0.110,76,66,62,53
0.103,0.174,0.007,-0.52,0.062,0,0.3888,0.3180,0.427,0.341,0.494,0.192,0.626,0.384,0.244,0.158,182,80,68,64,0.382,0.197,0.421,0.255,0.163,0.110,76,66,62,53
0.109,0.217,0.084,-0.48,0.134,0,0.4028,0.3355,0.263,0.007,0.494,0.192,0.626,0.384,0.244,0.158,182,80,68,64,0.382,0.197,0.421,0.255,0.163,0.110,76,66,62,53
0.090,0.268,0.005,1.37,0.298,0,0.4314,0.3648,0.103,-0.510,0.494,0.192,0.626,0.384,0.244,0.158,182,80,68,64,0.382,0.197,0.421,0.255,0.163,0.110,76,66,62,53
0.112,0.270,0.267,-1.19,0.219,1,0.4505,0.3858,0.381,0.586,0.494,0.192,0.626,0.384,0.244,0.158,182,80,68,64,0.382,0.197,0.421,0.255,0.163,0.110,76,66,62,53
0.111,0.230,0.235,-1.19,0.219,1,0.4740,0.4112,0.389,0.586,0.494,0.192,0.626,0.384,0.244,0.158,182,80,68,64,0.382,0.197,0.421,0.255,0.163,0.110,76,66,62,53
0.116,0.161,0.001,0.85,0.046,0,0.4876,0.4284,0.097,0.06,0.494,0.192,0.626,0.384,0.244,0.158,182,80,68,64,0.382,0.197,0.421,0.255,0.163,0.110,76,66,62,53
0.144,0.139,0.017,1.99,0.186,0,0.4915,0.4366,0.196,-0.326,0.494,0.192,0.626,0.384,0.244,0.158,182,80,68,64,0.382,0.197,0.421,0.255,0.163,0.110,76,66,62,53
0.123,0.156,0.023,-0.79,0.151,-1,0.4847,0.4368,0.424,0.736,0.494,0.192,0.626,0.384,0.244,0.158,182,80,68,64,0.382,0.197,0.421,0.255,0.163,0.110,76,66,62,53
0.153,0.142,0.010,1.99,0.186,0,0.4793,0.4370,0.175,-0.326,0.494,0.192,0.626,0.384,0.244,0.158,182,80,68,64,0.382,0.197,0.421,0.255,0.163,0.110,76,66,62,53
0.151,0.166,0.046,-1.1,0.105,-1,0.4567,0.4258,0.268,0.192,0.494,0.192,0.626,0.384,0.244,0.158,182,80,68,64,0.382,0.197,0.421,0.255,0.163,0.110,76,66,62,53
0.177,0.160,0.039,0.85,0.046,0,0.4510,0.4257,0.269,0.06,0.494,0.192,0.626,0.384,0.244,0.158,182,80,68,64,0.382,0.197,0.421,0.255,0.163,0.110,76,66,62,53
0.163,0.198,0.097,-0.52,0.062,0,0.4453,0.4236,0.309,0.341,0.494,0.192,0.626,0.384,0.244,0.158,182,80,68,64,0.382,0.197,0.421,0.255,0.163,0.110,76,66,62,53
0.191,0.207,0.241,-0.48,0.134,0,0.4505,0.4278,0.309,0.007,0.494,0.192,0.626,0.384,0.244,0.158,182,80,68,64,0.382,0.197,0.421,0.255,0.163,0.110,76,66,62,53
0.225,0.221,0.369,-1.19,0.219,1,0.4613,0.4346,0.480,0.586,0.494,0.192,0.626,0.384,0.244,0.158,182,80,68,64,0.382,0.197,0.421,0.255,0.163,0.110,76,66,62,53
0.192,0.150,0.035,0.85,0.046,0,0.4844,0.4495,0.235,0.06,0.494,0.192,0.626,0.384,0.244,0.158,182,80,68,64,0.382,0.197,0.421,0.255,0.163,0.110,76,66,62,53
0.150,0.127,0.001,0.85,0.046,0,0.5236,0.4750,0.147,0.06,0.494,0.192,0.626,0.384,0.244,0.158,182,80,68,64,0.382,0.197,0.421,0.255,0.163,0.110,76,66,62,53
0.144,0.165,0.554,-1.19,0.219,1,0.5624,0.4997,0.484,0.586,0.494,0.192,0.626,0.384,0.244,0.158,182,80,68,64,0.382,0.197,0.421,0.255,0.163,0.110,76,66,62,53
0.140,0.137,0.095,-0.79,0.151,-1,0.6049,0.5272,0.490,0.736,0.494,0.192,0.626,0.384,0.244,0.158,182,80,68,64,0.382,0.197,0.421,0.255,0.163,0.110,76,66,62,53
0.172,0.118,0.010,0,0.000,0,0.6398,0.5487,0.280,0.166,0.494,0.192,0.626,0.384,0.244,0.158,182,80,68,64,0.382,0.197,0.421,0.255,0.163,0.110,76,66,62,53
0.179,0.136,0.018,1.99,0.186,0,0.6756,0.5718,0.116,-0.326,0.494,0.192,0.626,0.384,0.244,0.158,182,80,68,64,0.382,0.197,0.421,0.255,0.163,0.110,76,66,62,53
0.180,0.138,0.111,-1.1,0.105,-1,0.7091,0.5932,0.412,0.192,0.494,0.192,0.626,0.384,0.244,0.158,182,80,68,64,0.382,0.197,0.421,0.255,0.163,0.110,76,66,62,53
0.180,0.168,0.056,-0.42,0.180,0,0.7298,0.6061,0.322,0.318,0.494,0.192,0.626,0.384,0.244,0.158,182,80,68,64,0.382,0.197,0.421,0.255,0.163,0.110,76,66,62,53
0.166,0.139,0.001,2.53,0.140,0,0.7421,0.6171,0.164,-0.121,0.494,0.192,0.626,0.384,0.244,0.158,182,80,68,64,0.382,0.197,0.421,0.255,0.163,0.110,76,66,62,53
0.186,0.202,0.162,0.22,0.230,0,0.7472,0.6210,0.289,0.303,0.494,0.192,0.626,0.384,0.244,0.158,182,80,68,64,0.382,0.197,0.421,0.255,0.163,0.110,76,66,62,53
0.146,0.208,0.537,0.2,0.291,1,0.7546,0.6256,0.373,0.180,0.494,0.192,0.626,0.384,0.244,0.158,182,80,68,64,0.382,0.197,0.421,0.255,0.163,0.110,76,66,62,53
0.145,0.160,0.255,-0.08,0.108,0,0.7544,0.6249,0.191,0.059,0.494,0.192,0.626,0.384,0.244,0.158,182,80,68,64,0.382,0.197,0.421,0.255,0.163,0.110,76,66,62,53
0.147,0.179,0.077,-0.42,0.180,0,0.7446,0.6175,0.283,0.318,0.494,0.192,0.626,0.384,0.244,0.158,182,80,68,64,0.382,0.197,0.421,0.255,0.163,0.110,76,66,62,53
0.118,0.195,0.137,-0.42,0.180,0,0.7129,0.5966,0.329,0.318,0.494,0.192,0.626,0.384,0.244,0.158,182,80,68,64,0.382,0.197,0.421,0.255,0.163,0.110,76,66,62,53
0.138,0.171,0.031,0.85,0.046,0,0.6881,0.5801,0.134,0.06,0.494,0.192,0.626,0.384,0.244,0.158,182,80,68,64,0.382,0.197,0.421,0.255,0.163,0.110,76,66,62,53
0.131,0.213,0.238,0.2,0.291,1,0.6684,0.5690,0.334,0.180,0.494,0.192,0.626,0.384,0.244,0.158,182,80,68,64,0.382,0.197,0.421,0.255,0.163,0.110,76,66,62,53
0.131,0.176,0.013,-0.42,0.180,0,0.6561,0.5640,0.444,0.318,0.494,0.192,0.626,0.384,0.244,0.158,182,80,68,64,0.382,0.197,0.421,0.255,0.163,0.110,76,66,62,53
0.112,0.136,0.001,0.85,0.046,0,0.6413,0.5562,0.327,0.06,0.494,0.192,0.626,0.384,0.244,0.158,182,80,68,64,0.382,0.197,0.421,0.255,0.163,0.110,76,66,62,53
0.117,0.184,0.011,-0.42,0.180,0,0.6318,0.5555,0.251,0.318,0.494,0.192,0.626,0.384,0.244,0.158,182,80,68,64,0.382,0.197,0.421,0.255,0.163,0.110,76,66,62,53
0.112,0.142,0.003,-1.14,0.131,0,0.6254,0.5556,0.350,0.987,0.494,0.192,0.626,0.384,0.244,0.158,182,80,68,64,0.382,0.197,0.421,0.255,0.163,0.110,76,66,62,53
0.100,0.157,0.021,-1.1,0.105,-1,0.6136,0.5490,0.380,0.192,0.494,0.192,0.626,0.384,0.244,0.158,182,80,68,64,0.382,0.197,0.421,0.255,0.163,0.110,76,66,62,53
0.081,0.139,0.044,1.99,0.186,0,0.6018,0.5402,0.164,-0.326,0.494,0.192,0.626,0.384,0.244,0.158,182,80,68,64,0.382,0.197,0.421,0.255,0.163,0.110,76,66,62,53
0.085,0.136,0.302,0,0.000,0,0.5795,0.5217,0.224,0.166,0.494,0.192,0.626,0.384,0.244,0.158,182,80,68,64,0.382,0.197,0.421,0.255,0.163,0.110,76,66,62,53
0.086,0.146,0.380,1.99,0.186,0,0.5621,0.5045,0.077,-0.326,0.494,0.192,0.626,0.384,0.244,0.158,182,80,68,64,0.382,0.197,0.421,0.255,0.163,0.110,76,66,62,53
0.071,0.155,0.366,-0.08,0.108,0,0.5420,0.4831,0.231,0.059,0.494,0.192,0.626,0.384,0.244,0.158,182,80,68,64,0.382,0.197,0.421,0.255,0.163,0.110,76,66,62,53
0.060,0.168,0.044,-0.42,0.180,0,0.5213,0.4617,0.258,0.318,0.494,0.192,0.626,0.384,0.244,0.158,182,80,68,64,0.382,0.197,0.421,0.255,0.163,0.110,76,66,62,53
0.057,0.139,0.004,1.99,0.186,0,0.4841,0.4322,0.097,-0.326,0.494,0.192,0.626,0.384,0.244,0.158,182,80,68,64,0.382,0.197,0.421,0.255,0.163,0.110,76,66,62,53
0.074,0.161,0.300,1.69,0.290,0,0.4587,0.4117,0.120,-0.697,0.494,0.192,0.626,0.384,0.244,0.158,182,80,68,64,0.382,0.197,0.421,0.255,0.163,0.110,76,66,62,53
0.092,0.128,0.004,0.85,0.046,0,0.4620,0.4149,0.243,0.06,0.494,0.192,0.626,0.384,0.244,0.158,182,80,68,64,0.382,0.197,0.421,0.255,0.163,0.110,76,66,62,53
0.080,0.138,0.002,-1.1,0.105,-1,0.4787,0.4278,0.153,0.192,0.494,0.192,0.626,0.384,0.244,0.158,182,80,68,64,0.382,0.197,0.421,0.255,0.163,0.110,76,66,62,53
0.080,0.150,0.030,-1.14,0.131,0,0.4925,0.4420,0.309,0.987,0.494,0.192,0.626,0.384,0.244,0.158,182,80,68,64,0.382,0.197,0.421,0.255,0.163,0.110,76,66,62,53
0.104,0.168,0.027,-0.48,0.134,0,0.4969,0.4481,0.396,0.007,0.494,0.192,0.626,0.384,0.244,0.158,182,80,68,64,0.382,0.197,0.421,0.255,0.163,0.110,76,66,62,53
0.099,0.124,0.002,1.99,0.186,0,0.4992,0.4486,0.064,-0.326,0.494,0.192,0.626,0.384,0.244,0.158,182,80,68,64,0.382,0.197,0.421,0.255,0.163,0.110,76,66,62,53
0.103,0.115,0.017,3.14,0.186,0,0.5216,0.4627,0.098,-0.486,0.494,0.192,0.626,0.384,0.244,0.158,182,80,68,64,0.382,0.197,0.421,0.255,0.163,0.110,76,66,62,53
0.084,0.127,0.028,-0.79,0.151,-1,0.5665,0.4918,0.447,0.736,0.494,0.192,0.626,0.384,0.244,0.158,182,80,68,64,0.382,0.197,0.421,0.255,0.163,0.110,76,66,62,53
0.092,0.144,0.037,-0.48,0.134,0,0.6110,0.5177,0.275,0.007,0.494,0.192,0.626,0.384,0.244,0.158,182,80,68,64,0.382,0.197,0.421,0.255,0.163,0.110,76,66,62,53
0.099,0.124,0.002,1.99,0.186,0,0.6472,0.5350,0.086,-0.326,0.494,0.192,0.626,0.384,0.244,0.158,182,80,68,64,0.382,0.197,0.421,0.255,0.163,0.110,76,66,62,53
0.124,0.168,0.084,-1.19,0.219,1,0.6801,0.5473,0.480,0.586,0.494,0.192,0.626,0.384,0.244,0.158,182,80,68,64,0.382,0.197,0.421,0.255,0.163,0.110,76,66,62,53
0.144,0.233,0.336,-1.19,0.219,1,0.7176,0.5620,0.546,0.586,0.494,0.192,0.626,0.384,0.244,0.158,182,80,68,64,0.382,0.197,0.421,0.255,0.163,0.110,76,66,62,53
0.137,0.191,0.323,-0.48,0.134,0,0.7372,0.5627,0.265,0.007,0.494,0.192,0.626,0.384,0.244,0.158,182,80,68,64,0.382,0.197,0.421,0.255,0.163,0.110,76,66,62,53
0.138,0.194,0.173,-1.14,0.131,0,0.7502,0.5614,0.427,0.987,0.494,0.192,0.626,0.384,0.244,0.158,182,80,68,64,0.382,0.197,0.421,0.255,0.163,0.110,76,66,62,53
0.143,0.252,0.501,-1.19,0.219,1,0.7585,0.5589,0.505,0.586,0.494,0.192,0.626,0.384,0.244,0.158,182,80,68,64,0.382,0.197,0.421,0.255,0.163,0.110,76,66,62,53
0.168,0.215,0.194,-0.08,0.108,0,0.7512,0.5460,0.241,0.059,0.494,0.192,0.626,0.384,0.244,0.158,182,80,68,64,0.382,0.197,0.421,0.255,0.163,0.110,76,66,62,53
0.170,0.194,0.377,-0.52,0.062,0,0.7414,0.5326,0.321,0.341,0.494,0.192,0.626,0.384,0.244,0.158,182,80,68,64,0.382,0.197,0.421,0.255,0.163,0.110,76,66,62,53
0.211,0.186,0.152,-0.79,0.151,-1,0.7113,0.5065,0.489,0.736,0.494,0.192,0.626,0.384,0.244,0.158,182,80,68,64,0.382,0.197,0.421,0.255,0.163,0.110,76,66,62,53
0.251,0.173,0.144,1.42,0.221,0,0.6726,0.4738,0.234,-0.397,0.494,0.192,0.626,0.384,0.244,0.158,182,80,68,64,0.382,0.197,0.421,0.255,0.163,0.110,76,66,62,53
0.283,0.171,0.102,1.42,0.221,0,0.6416,0.4489,0.211,-0.397,0.494,0.192,0.626,0.384,0.244,0.158,182,80,68,64,0.382,0.197,0.421,0.255,0.163,0.110,76,66,62,53
0.289,0.240,0.454,-1.19,0.219,1,0.6331,0.4412,0.495,0.586,0.494,0.192,0.626,0.384,0.244,0.158,182,80,68,64,0.382,0.197,0.421,0.255,0.163,0.110,76,66,62,53
0.218,0.168,0.176,-1.1,0.105,-1,0.6308,0.4389,0.219,0.192,0.494,0.192,0.626,0.384,0.244,0.158,182,80,68,64,0.382,0.197,0.421,0.255,0.163,0.110,76,66,62,53
0.218,0.142,0.150,-1.14,0.131,0,0.6238,0.4284,0.193,0.987,0.494,0.192,0.626,0.384,0.244,0.158,182,80,68,64,0.382,0.197,0.421,0.255,0.163,0.110,76,66,62,53
0.245,0.183,0.247,-0.42,0.180,0,0.6024,0.4012,0.409,0.318,0.494,0.192,0.626,0.384,0.244,0.158,182,80,68,64,0.382,0.197,0.421,0.255,0.163,0.110,76,66,62,53
0.221,0.122,0.109,1.99,0.186,0,0.5858,0.3781,0.071,-0.326,0.494,0.192,0.626,0.384,0.244,0.158,182,80,68,64,0.382,0.197,0.421,0.255,0.163,0.110,76,66,62,53
0.174,0.124,0.018,2.53,0.140,0,0.5941,0.3763,0.040,-0.121,0.494,0.192,0.626,0.384,0.244,0.158,182,80,68,64,0.382,0.197,0.421,0.255,0.163,0.110,76,66,62,53
0.177,0.111,0.026,0.85,0.046,0,0.6127,0.3850,0.131,0.06,0.494,0.192,0.626,0.384,0.244,0.158,182,80,68,64,0.382,0.197,0.421,0.255,0.163,0.110,76,66,62,53
0.170,0.148,0.250,-1.19,0.219,1,0.6163,0.3808,0.337,0.586,0.494,0.192,0.626,0.384,0.244,0.158,182,80,68,64,0.382,0.197,0.421,0.255,0.163,0.110,76,66,62,53
0.201,0.115,0.005,1.99,0.186,0,0.6030,0.3621,0.052,-0.326,0.494,0.192,0.626,0.384,0.244,0.158,182,80,68,64,0.382,0.197,0.421,0.255,0.163,0.110,76,66,62,53
0.197,0.133,0.004,3.14,0.186,0,0.5840,0.3360,0.088,-0.486,0.494,0.192,0.626,0.384,0.244,0.158,182,80,68,64,0.382,0.197,0.421,0.255,0.163,0.110,76,66,62,53
0.184,0.191,0.009,0,0.000,0,0.5555,0.3050,0.235,0.166,0.494,0.192,0.626,0.384,0.244,0.158,182,80,68,64,0.382,0.197,0.421,0.255,0.163,0.110,76,66,62,53
0.144,0.302,0.162,1.37,0.298,0,0.5337,0.2838,0.129,-0.510,0.494,0.192,0.626,0.384,0.244,0.158,182,80,68,64,0.382,0.197,0.421,0.255,0.163,0.110,76,66,62,53
0.149,0.259,0.109,-1.19,0.219,1,0.5053,0.2597,0.333,0.586,0.494,0.192,0.626,0.384,0.244,0.158,182,80,68,64,0.382,0.197,0.421,0.255,0.163,0.110,76,66,62,53
0.129,0.361,0.274,-0.42,0.180,0,0.4923,0.2490,0.400,0.318,0.494,0.192,0.626,0.384,0.244,0.158,182,80,68,64,0.382,0.197,0.421,0.255,0.163,0.110,76,66,62,53
0.127,0.369,0.255,-0.48,0.134,0,0.4917,0.2481,0.234,0.007,0.494,0.192,0.626,0.384,0.244,0.158,182,80,68,64,0.382,0.197,0.421,0.255,0.163,0.110,76,66,62,53
0.123,0.266,0.220,-1.14,0.131,0,0.4968,0.2553,0.229,0.987,0.494,0.192,0.626,0.384,0.244,0.158,182,80,68,64,0.382,0.197,0.421,0.255,0.163,0.110,76,66,62,53
0.117,0.285,0.124,-0.42,0.180,0,0.5045,0.2632,0.402,0.318,0.494,0.192,0.626,0.384,0.244,0.158,182,80,68,64,0.382,0.197,0.421,0.255,0.163,0.110,76,66,62,53
0.121,0.215,0.054,0.85,0.046,0,0.5199,0.2764,0.208,0.06,0.494,0.192,0.626,0.384,0.244,0.158,182,80,68,64,0.382,0.197,0.421,0.255,0.163,0.110,76,66,62,53
0.097,0.214,0.099,3.14,0.186,0,0.5558,0.3068,0.116,-0.486,0.494,0.192,0.626,0.384,0.244,0.158,182,80,68,64,0.382,0.197,0.421,0.255,0.163,0.110,76,66,62,53
0.102,0.183,0.070,0,0.000,0,0.5953,0.3378,0.144,0.166,0.494,0.192,0.626,0.384,0.244,0.158,182,80,68,64,0.382,0.197,0.421,0.255,0.163,0.110,76,66,62,53
0.099,0.195,0.014,-0.42,0.180,0,0.6302,0.3615,0.320,0.318,0.494,0.192,0.626,0.384,0.244,0.158,182,80,68,64,0.382,0.197,0.421,0.255,0.163,0.110,76,66,62,53
0.095,0.177,0.002,-1.1,0.105,-1,0.6318,0.3522,0.302,0.192,0.494,0.192,0.626,0.384,0.244,0.158,182,80,68,64,0.382,0.197,0.421,0.255,0.163,0.110,76,66,62,53
0.111,0.160,0.006,1.99,0.186,0,0.6145,0.3279,0.115,-0.326,0.494,0.192,0.626,0.384,0.244,0.158,182,80,68,64,0.382,0.197,0.421,0.255,0.163,0.110,76,66,62,53
0.090,0.198,0.062,1.69,0.290,0,0.5919,0.3025,0.123,-0.697,0.494,0.192,0.626,0.384,0.244,0.158,182,80,68,64,0.382,0.197,0.421,0.255,0.163,0.110,76,66,62,53
0.088,0.212,0.102,-0.08,0.108,0,0.5751,0.2882,0.288,0.059,0.494,0.192,0.626,0.384,0.244,0.158,182,80,68,64,0.382,0.197,0.421,0.255,0.163,0.110,76,66,62,53
0.104,0.201,0.115,-1.1,0.105,-1,0.5569,0.2756,0.139,0.192,0.494,0.192,0.626,0.384,0.244,0.158,182,80,68,64,0.382,0.197,0.421,0.255,0.163,0.110,76,66,62,53
0.113,0.171,0.058,-1.14,0.131,0,0.5180,0.2476,0.285,0.987,0.494,0.192,0.626,0.384,0.244,0.158,182,80,68,64,0.382,0.197,0.421,0.255,0.163,0.110,76,66,62,53
0.119,0.215,0.343,0.2,0.291,1,0.4795,0.2174,0.233,0.180,0.494,0.192,0.626,0.384,0.244,0.158,182,80,68,64,0.382,0.197,0.421,0.255,0.163,0.110,76,66,62,53
0.119,0.148,0.009,1.99,0.186,0,0.4565,0.2043,0.023,-0.326,0.494,0.192,0.626,0.384,0.244,0.158,182,80,68,64,0.382,0.197,0.421,0.255,0.163,0.110,76,66,62,53
0.117,0.164,0.094,1.42,0.221,0,0.4494,0.2067,0.042,-0.397,0.494,0.192,0.626,0.384,0.244,0.158,182,80,68,64,0.382,0.197,0.421,0.255,0.163,0.110,76,66,62,53
0.114,0.161,0.218,-0.08,0.108,0,0.4498,0.2179,0.122,0.059,0.494,0.192,0.626,0.384,0.244,0.158,182,80,68,64,0.382,0.197,0.421,0.255,0.163,0.110,76,66,62,53
0.100,0.128,0.003,3.14,0.186,0,0.4652,0.2404,0.028,-0.486,0.494,0.192,0.626,0.384,0.244,0.158,182,80,68,64,0.382,0.197,0.421,0.255,0.163,0.110,76,66,62,53
0.108,0.126,0.071,1.42,0.221,0,0.4768,0.2576,0.031,-0.397,0.494,0.192,0.626,0.384,0.244,0.158,182,80,68,64,0.382,0.197,0.421,0.255,0.163,0.110,76,66,62,53
0.104,0.121,0.020,0.85,0.046,0,0.4951,0.2800,0.054,0.06,0.494,0.192,0.626,0.384,0.244,0.158,182,80,68,64,0.382,0.197,0.421,0.255,0.163,0.110,76,66,62,53
0.122,0.144,0.011,-0.08,0.108,0,0.4996,0.2906,0.124,0.059,0.494,0.192,0.626,0.384,0.244,0.158,182,80,68,64,0.382,0.197,0.421,0.255,0.163,0.110,76,66,62,53
0.125,0.134,0.006,1.99,0.186,0,0.5026,0.2995,0.038,-0.326,0.494,0.192,0.626,0.384,0.244,0.158,182,80,68,64,0.382,0.197,0.421,0.255,0.163,0.110,76,66,62,53
0.110,0.126,0.010,1.42,0.221,0,0.5089,0.3114,0.092,-0.397,0.494,0.192,0.626,0.384,0.244,0.158,182,80,68,64,0.382,0.197,0.421,0.255,0.163,0.110,76,66,62,53
0.111,0.126,0.002,0,0.000,0,0.5193,0.3279,0.208,0.166,0.494,0.192,0.626,0.384,0.244,0.158,182,80,68,64,0.382,0.197,0.421,0.255,0.163,0.110,76,66,62,53
0.113,0.124,0.004,2.53,0.140,0,0.5355,0.3506,0.078,-0.121,0.494,0.192,0.626,0.384,0.244,0.158,182,80,68,64,0.382,0.197,0.421,0.255,0.163,0.110,76,66,62,53
0.096,0.116,0.003,-1.1,0.105,-1,0.5473,0.3682,0.243,0.192,0.494,0.192,0.626,0.384,0.244,0.158,182,80,68,64,0.382,0.197,0.421,0.255,0.163,0.110,76,66,62,53
0.097,0.127,0.003,1.99,0.186,0,0.5705,0.3971,0.082,-0.326,0.494,0.192,0.626,0.384,0.244,0.158,182,80,68,64,0.382,0.197,0.421,0.255,0.163,0.110,76,66,62,53
0.106,0.170,0.035,-0.48,0.134,0,0.6012,0.4321,0.237,0.007,0.494,0.192,0.626,0.384,0.244,0.158,182,80,68,64,0.382,0.197,0.421,0.255,0.163,0.110,76,66,62,53
0.104,0.151,0.076,1.42,0.221,0,0.6508,0.4849,0.117,-0.397,0.494,0.192,0.626,0.384,0.244,0.158,182,80,68,64,0.382,0.197,0.421,0.255,0.163,0.110,76,66,62,53
0.124,0.143,0.005,-1.1,0.105,-1,0.7050,0.5394,0.351,0.192,0.494,0.192,0.626,0.384,0.244,0.158,182,80,68,64,0.382,0.197,0.421,0.255,0.163,0.110,76,66,62,53
0.100,0.136,0.006,-1.1,0.105,-1,0.7472,0.5835,0.254,0.192,0.494,0.192,0.626,0.384,0.244,0.158,182,80,68,64,0.382,0.197,0.421,0.255,0.163,0.110,76,66,62,53
0.101,0.135,0.015,3.14,0.186,0,0.7858,0.6187,0.115,-0.486,0.494,0.192,0.626,0.384,0.244,0.158,182,80,68,64,0.382,0.197,0.421,0.255,0.163,0.110,76,66,62,53
0.082,0.167,0.012,-0.48,0.134,0,0.8168,0.6464,0.322,0.007,0.494,0.192,0.626,0.384,0.244,0.158,182,80,68,64,0.382,0.197,0.421,0.255,0.163,0.110,76,66,62,53
0.075,0.157,0.019,-0.42,0.180,0,0.8474,0.6750,0.360,0.318,0.494,0.192,0.626,0.384,0.244,0.158,182,80,68,64,0.382,0.197,0.421,0.255,0.163,0.110,76,66,62,53
0.077,0.145,0.027,-0.52,0.062,0,0.8729,0.6998,0.318,0.341,0.494,0.192,0.626,0.384,0.244,0.158,182,80,68,64,0.382,0.197,0.421,0.255,0.163,0.110,76,66,62,53
0.096,0.155,0.057,-0.48,0.134,0,0.8882,0.7158,0.407,0.007,0.494,0.192,0.626,0.384,0.244,0.158,182,80,68,64,0.382,0.197,0.421,0.255,0.163,0.110,76,66,62,53
0.105,0.136,0.005,-0.52,0.062,0,0.8970,0.7282,0.421,0.341,0.494,0.192,0.626,0.384,0.244,0.158,182,80,68,64,0.382,0.197,0.421,0.255,0.163,0.110,76,66,62,53
0.101,0.104,0.026,1.42,0.221,0,0.9102,0.7443,0.276,-0.397,0.494,0.192,0.626,0.384,0.244,0.158,182,80,68,64,0.382,0.197,0.421,0.255,0.163,0.110,76,66,62,53
0.097,0.103,0.007,-1.14,0.131,0,0.9135,0.7531,0.405,0.987,0.494,0.192,0.626,0.384,0.244,0.158,182,80,68,64,0.382,0.197,0.421,0.255,0.163,0.110,76,66,62,53
0.090,0.122,0.230,-1.19,0.219,1,0.9176,0.7640,0.541,0.586,0.494,0.192,0.626,0.384,0.244,0.158,182,80,68,64,0.382,0.197,0.421,0.255,0.163,0.110,76,66,62,53
0.116,0.091,0.065,-0.79,0.151,-1,0.9215,0.7729,0.438,0.736,0.494,0.192,0.626,0.384,0.244,0.158,182,80,68,64,0.382,0.197,0.421,0.255,0.163,0.110,76,66,62,53
0.149,0.086,0.374,-1.14,0.131,0,0.9289,0.7852,0.446,0.987,0.494,0.192,0.626,0.384,0.244,0.158,182,80,68,64,0.382,0.197,0.421,0.255,0.163,0.110,76,66,62,53
0.147,0.100,0.189,-0.79,0.151,-1,0.9326,0.7935,0.531,0.736,0.494,0.192,0.626,0.384,0.244,0.158,182,80,68,64,0.382,0.197,0.421,0.255,0.163,0.110,76,66,62,53
0.173,0.094,0.364,-0.08,0.108,0,0.9350,0.8007,0.401,0.059,0.494,0.192,0.626,0.384,0.244,0.158,182,80,68,64,0.382,0.197,0.421,0.255,0.163,0.110,76,66,62,53
0.147,0.107,0.197,-0.52,0.062,0,0.9396,0.8102,0.421,0.341,0.494,0.192,0.626,0.384,0.244,0.158,182,80,68,64,0.382,0.197,0.421,0.255,0.163,0.110,76,66,62,53
0.134,0.129,0.246,-1.19,0.219,1,0.9447,0.8206,0.524,0.586,0.494,0.192,0.626,0.384,0.244,0.158,182,80,68,64,0.382,0.197,0.421,0.255,0.163,0.110,76,66,62,53
0.153,0.117,0.046,-0.52,0.062,0,0.9516,0.8310,0.369,0.341,0.494,0.192,0.626,0.384,0.244,0.158,182,80,68,64,0.382,0.197,0.421,0.255,0.163,0.110,76,66,62,53
0.153,0.114,0.158,-0.08,0.108,0,0.9547,0.8358,0.402,0.059,0.494,0.192,0.626,0.384,0.244,0.158,182,80,68,64,0.382,0.197,0.421,0.255,0.163,0.110,76,66,62,53
0.141,0.100,0.031,-0.79,0.151,-1,0.9552,0.8359,0.473,0.736,0.494,0.192,0.626,0.384,0.244,0.158,182,80,68,64,0.382,0.197,0.421,0.255,0.163,0.110,76,66,62,53
0.155,0.098,0.117,-0.42,0.180,0,0.9505,0.8260,0.432,0.318,0.494,0.192,0.626,0.384,0.244,0.158,182,80,68,64,0.382,0.197,0.421,0.255,0.163,0.110,76,66,62,53
0.119,0.110,0.019,-1.19,0.219,1,0.9440,0.8149,0.407,0.586,0.494,0.192,0.626,0.384,0.244,0.158,182,80,68,64,0.382,0.197,0.421,0.255,0.163,0.110,76,66,62,53
0.139,0.114,0.012,-1.19,0.219,1,0.9420,0.8091,0.485,0.586,0.494,0.192,0.626,0.384,0.244,0.158,182,80,68,64,0.382,0.197,0.421,0.255,0.163,0.110,76,66,62,53
0.152,0.092,0.017,-1.1,0.105,-1,0.9373,0.7999,0.479,0.192,0.494,0.192,0.626,0.384,0.244,0.158,182,80,68,64,0.382,0.197,0.421,0.255,0.163,0.110,76,66,62,53
0.224,0.086,0.002,0.85,0.046,0,0.9325,0.7879,0.395,0.06,0.494,0.192,0.626,0.384,0.244,0.158,182,80,68,64,0.382,0.197,0.421,0.255,0.163,0.110,76,66,62,53
0.195,0.095,0.005,-0.79,0.151,-1,0.9292,0.7797,0.449,0.736,0.494,0.192,0.626,0.384,0.244,0.158,182,80,68,64,0.382,0.197,0.421,0.255,0.163,0.110,76,66,62,53
0.159,0.093,0.004,-1.14,0.131,0,0.9270,0.7755,0.434,0.987,0.494,0.192,0.626,0.384,0.244,0.158,182,80,68,64,0.382,0.197,0.421,0.255,0.163,0.110,76,66,62,53
0.136,0.111,0.012,-0.42,0.180,0,0.9250,0.7736,0.450,0.318,0.494,0.192,0.626,0.384,0.244,0.158,182,80,68,64,0.382,0.197,0.421,0.255,0.163,0.110,76,66,62,53
0.136,0.101,0.056,-0.52,0.062,0,0.9245,0.7741,0.391,0.341,0.494,0.192,0.626,0.384,0.244,0.158,182,80,68,64,0.382,0.197,0.421,0.255,0.163,0.110,76,66,62,53
0.175,0.100,0.018,-1.1,0.105,-1,0.9259,0.7781,0.449,0.192,0.494,0.192,0.626,0.384,0.244,0.158,182,80,68,64,0.382,0.197,0.421,0.255,0.163,0.110,76,66,62,53
0.212,0.095,0.576,-0.52,0.062,0,0.9298,0.7863,0.375,0.341,0.494,0.192,0.626,0.384,0.244,0.158,182,80,68,64,0.382,0.197,0.421,0.255,0.163,0.110,76,66,62,53
0.210,0.109,0.333,-0.08,0.108,0,0.9328,0.7917,0.416,0.059,0.494,0.192,0.626,0.384,0.244,0.158,182,80,68,64,0.382,0.197,0.421,0.255,0.163,0.110,76,66,62,53
0.167,0.111,0.405,-0.08,0.108,0,0.9348,0.7949,0.373,0.059,0.494,0.192,0.626,0.384,0.244,0.158,182,80,68,64,0.382,0.197,0.421,0.255,0.163,0.110,76,66,62,53
0.167,0.111,0.409,-0.52,0.062,0,0.9339,0.7933,0.337,0.341,0.494,0.192,0.626,0.384,0.244,0.158,182,80,68,64,0.382,0.197,0.421,0.255,0.163,0.110,76,66,62,53
0.143,0.126,0.529,-1.19,0.219,1,0.9350,0.7918,0.507,0.586,0.494,0.192,0.626,0.384,0.244,0.158,182,80,68,64,0.382,0.197,0.421,0.255,0.163,0.110,76,66,62,53
0.116,0.112,0.108,-0.79,0.151,-1,0.9340,0.7853,0.501,0.736,0.494,0.192,0.626,0.384,0.244,0.158,182,80,68,64,0.382,0.197,0.421,0.255,0.163,0.110,76,66,62,53
0.149,0.123,0.286,-0.48,0.134,0,0.9352,0.7808,0.386,0.007,0.494,0.192,0.626,0.384,0.244,0.158,182,80,68,64,0.382,0.197,0.421,0.255,0.163,0.110,76,66,62,53
0.191,0.134,0.113,-0.52,0.062,0,0.9345,0.7731,0.334,0.341,0.494,0.192,0.626,0.384,0.244,0.158,182,80,68,64,0.382,0.197,0.421,0.255,0.163,0.110,76,66,62,53
0.162,0.139,0.127,-0.52,0.062,0,0.9316,0.7639,0.502,0.341,0.494,0.192,0.626,0.384,0.244,0.158,182,80,68,64,0.382,0.197,0.421,0.255,0.163,0.110,76,66,62,53
0.162,0.133,0.063,-1.19,0.219,1,0.9273,0.7571,0.548,0.586,0.494,0.192,0.626,0.384,0.244,0.158,182,80,68,64,0.382,0.197,0.421,0.255,0.163,0.110,76,66,62,53
0.139,0.107,0.003,0.85,0.046,0,0.9242,0.7535,0.352,0.06,0.494,0.192,0.626,0.384,0.244,0.158,182,80,68,64,0.382,0.197,0.421,0.255,0.163,0.110,76,66,62,53
0.126,0.112,0.003,-1.14,0.131,0,0.9222,0.7543,0.411,0.987,0.494,0.192,0.626,0.384,0.244,0.158,182,80,68,64,0.382,0.197,0.421,0.255,0.163,0.110,76,66,62,53
0.138,0.137,0.022,-0.42,0.180,0,0.9187,0.7537,0.484,0.318,0.494,0.192,0.626,0.384,0.244,0.158,182,80,68,64,0.382,0.197,0.421,0.255,0.163,0.110,76,66,62,53
0.119,0.120,0.088,-1.19,0.219,1,0.9181,0.7576,0.484,0.586,0.494,0.192,0.626,0.384,0.244,0.158,182,80,68,64,0.382,0.197,0.421,0.255,0.163,0.110,76,66,62,53
0.113,0.102,0.006,-0.79,0.151,-1,0.9189,0.7649,0.493,0.736,0.494,0.192,0.626,0.384,0.244,0.158,182,80,68,64,0.382,0.197,0.421,0.255,0.163,0.110,76,66,62,53
0.087,0.095,0.013,-0.79,0.151,-1,0.9212,0.7743,0.465,0.736,0.494,0.192,0.626,0.384,0.244,0.158,182,80,68,64,0.382,0.197,0.421,0.255,0.163,0.110,76,66,62,53
0.087,0.098,0.235,-0.52,0.062,0,0.9189,0.7751,0.376,0.341,0.494,0.192,0.626,0.384,0.244,0.158,182,80,68,64,0.382,0.197,0.421,0.255,0.163,0.110,76,66,62,53
0.099,0.113,0.231,-1.19,0.219,1,0.9174,0.7755,0.487,0.586,0.494,0.192,0.626,0.384,0.244,0.158,182,80,68,64,0.382,0.197,0.421,0.255,0.163,0.110,76,66,62,53
0.090,0.096,0.020,-0.79,0.151,-1,0.9134,0.7719,0.522,0.736,0.494,0.192,0.626,0.384,0.244,0.158,182,80,68,64,0.382,0.197,0.421,0.255,0.163,0.110,76,66,62,53
0.090,0.097,0.303,-0.52,0.062,0,0.9080,0.7671,0.416,0.341,0.494,0.192,0.626,0.384,0.244,0.158,182,80,68,64,0.382,0.197,0.421,0.255,0.163,0.110,76,66,62,53
0.090,0.093,0.012,-0.79,0.151,-1,0.9016,0.7613,0.439,0.736,0.494,0.192,0.626,0.384,0.244,0.158,182,80,68,64,0.382,0.197,0.421,0.255,0.163,0.110,76,66,62,53
0.088,0.087,0.007,-1.14,0.131,0,0.8910,0.7527,0.396,0.987,0.494,0.192,0.626,0.384,0.244,0.158,182,80,68,64,0.382,0.197,0.421,0.255,0.163,0.110,76,66,62,53
0.074,0.087,0.014,1.42,0.221,0,0.8785,0.7409,0.334,-0.397,0.494,0.192,0.626,0.384,0.244,0.158,182,80,68,64,0.382,0.197,0.421,0.255,0.163,0.110,76,66,62,53
0.077,0.085,0.004,-0.79,0.151,-1,0.8608,0.7241,0.502,0.736,0.494,0.192,0.626,0.384,0.244,0.158,182,80,68,64,0.382,0.197,0.421,0.255,0.163,0.110,76,66,62,53
0.059,0.082,0.002,2.53,0.140,0,0.8467,0.7122,0.242,-0.121,0.494,0.192,0.626,0.384,0.244,0.158,182,80,68,64,0.382,0.197,0.421,0.255,0.163,0.110,76,66,62,53
0.092,0.089,0.003,-1.1,0.105,-1,0.8348,0.7035,0.422,0.192,0.494,0.192,0.626,0.384,0.244,0.158,182,80,68,64,0.382,0.197,0.421,0.255,0.163,0.110,76,66,62,53
0.092,0.093,0.002,-0.79,0.151,-1,0.8373,0.7043,0.446,0.736,0.494,0.192,0.626,0.384,0.244,0.158,182,80,68,64,0.382,0.197,0.421,0.255,0.163,0.110,76,66,62,53
0.108,0.094,0.002,-1.1,0.105,-1,0.8372,0.7049,0.449,0.192,0.494,0.192,0.626,0.384,0.244,0.158,182,80,68,64,0.382,0.197,0.421,0.255,0.163,0.110,76,66,62,53
0.087,0.107,0.001,-1.1,0.105,-1,0.8327,0.7023,0.371,0.192,0.494,0.192,0.626,0.384,0.244,0.158,182,80,68,64,0.382,0.197,0.421,0.255,0.163,0.110,76,66,62,53
0.087,0.126,0.021,-0.52,0.062,0,0.8228,0.6959,0.480,0.341,0.494,0.192,0.626,0.384,0.244,0.158,182,80,68,64,0.382,0.197,0.421,0.255,0.163,0.110,76,66,62,53
0.085,0.141,0.138,-1.19,0.219,1,0.7965,0.6753,0.441,0.586,0.494,0.192,0.626,0.384,0.244,0.158,182,80,68,64,0.382,0.197,0.421,0.255,0.163,0.110,76,66,62,53
0.088,0.094,0.003,3.14,0.186,0,0.7705,0.6535,0.214,-0.486,0.494,0.192,0.626,0.384,0.244,0.158,182,80,68,64,0.382,0.197,0.421,0.255,0.163,0.110,76,66,62,53
0.115,0.100,0.005,-0.79,0.151,-1,0.7399,0.6289,0.420,0.736,0.494,0.192,0.626,0.384,0.244,0.158,182,80,68,64,0.382,0.197,0.421,0.255,0.163,0.110,76,66,62,53
0.090,0.095,0.003,0.85,0.046,0,0.7071,0.6021,0.321,0.06,0.494,0.192,0.626,0.384,0.244,0.158,182,80,68,64,0.382,0.197,0.421,0.255,0.163,0.110,76,66,62,53
0.099,0.111,0.114,-1.1,0.105,-1,0.6586,0.5632,0.340,0.192,0.494,0.192,0.626,0.384,0.244,0.158,182,80,68,64,0.382,0.197,0.421,0.255,0.163,0.110,76,66,62,53
0.123,0.165,0.064,-1.19,0.219,1,0.6174,0.5303,0.406,0.586,0.494,0.192,0.626,0.384,0.244,0.158,182,80,68,64,0.382,0.197,0.421,0.255,0.163,0.110,76,66,62,53
0.129,0.121,0.080,-0.79,0.151,-1,0.5787,0.4989,0.432,0.736,0.494,0.192,0.626,0.384,0.244,0.158,182,80,68,64,0.382,0.197,0.421,0.255,0.163,0.110,76,66,62,53
0.163,0.153,0.529,-1.19,0.219,1,0.5442,0.4714,0.421,0.586,0.494,0.192,0.626,0.384,0.244,0.158,182,80,68,64,0.382,0.197,0.421,0.255,0.163,0.110,76,66,62,53
0.164,0.147,0.045,0.85,0.046,0,0.5244,0.4522,0.437,0.06,0.494,0.192,0.626,0.384,0.244,0.158,182,80,68,64,0.382,0.197,0.421,0.255,0.163,0.110,76,66,62,53
0.142,0.157,0.045,-0.79,0.151,-1,0.5158,0.4414,0.471,0.736,0.494,0.192,0.626,0.384,0.244,0.158,182,80,68,64,0.382,0.197,0.421,0.255,0.163,0.110,76,66,62,53
0.130,0.184,0.071,0,0.000,0,0.5131,0.4305,0.402,0.166,0.494,0.192,0.626,0.384,0.244,0.158,182,80,68,64,0.382,0.197,0.421,0.255,0.163,0.110,76,66,62,53
0.085,0.257,0.357,-0.48,0.134,0,0.5037,0.4124,0.300,0.007,0.494,0.192,0.626,0.384,0.244,0.158,182,80,68,64,0.382,0.197,0.421,0.255,0.163,0.110,76,66,62,53
0.088,0.707,0.039,-1.19,0.219,1,0.4994,0.3991,0.439,0.586,0.494,0.192,0.626,0.384,0.244,0.158,182,80,68,64,0.382,0.197,0.421,0.255,0.163,0.110,76,66,62,53
0.105,0.244,0.408,1.69,0.290,0,0.4908,0.3838,0.148,-0.697,0.494,0.192,0.626,0.384,0.244,0.158,182,80,68,64,0.382,0.197,0.421,0.255,0.163,0.110,76,66,62,53
0.085,0.275,0.469,1.37,0.298,0,0.4959,0.3759,0.181,-0.510,0.494,0.192,0.626,0.384,0.244,0.158,182,80,68,64,0.382,0.197,0.421,0.255,0.163,0.110,76,66,62,53
0.095,0.269,0.359,-1.19,0.219,1,0.4947,0.3641,0.314,0.586,0.494,0.192,0.626,0.384,0.244,0.158,182,80,68,64,0.382,0.197,0.421,0.255,0.163,0.110,76,66,62,53
0.068,0.176,0.180,0.85,0.046,0,0.4844,0.3473,0.126,0.06,0.494,0.192,0.626,0.384,0.244,0.158,182,80,68,64,0.382,0.197,0.421,0.255,0.163,0.110,76,66,62,53
0.070,0.328,0.371,0.2,0.291,1,0.4561,0.3160,0.334,0.180,0.494,0.192,0.626,0.384,0.244,0.158,182,80,68,64,0.382,0.197,0.421,0.255,0.163,0.110,76,66,62,53
0.070,0.276,0.312,-0.42,0.180,0,0.4176,0.2801,0.273,0.318,0.494,0.192,0.626,0.384,0.244,0.158,182,80,68,64,0.382,0.197,0.421,0.255,0.163,0.110,76,66,62,53
0.070,0.213,0.345,1.69,0.290,0,0.3851,0.2488,0.063,-0.697,0.494,0.192,0.626,0.384,0.244,0.158,182,80,68,64,0.382,0.197,0.421,0.255,0.163,0.110,76,66,62,53
0.059,0.185,0.127,-1.1,0.105,-1,0.3639,0.2255,0.311,0.192,0.494,0.192,0.626,0.384,0.244,0.158,182,80,68,64,0.382,0.197,0.421,0.255,0.163,0.110,76,66,62,53
0.047,0.162,0.122,-0.79,0.151,-1,0.3640,0.2154,0.419,0.736,0.494,0.192,0.626,0.384,0.244,0.158,182,80,68,64,0.382,0.197,0.421,0.255,0.163,0.110,76,66,62,53
0.055,0.169,0.006,0.85,0.046,0,0.3593,0.2035,0.066,0.06,0.494,0.192,0.626,0.384,0.244,0.158,182,80,68,64,0.382,0.197,0.421,0.255,0.163,0.110,76,66,62,53
0.047,0.146,0.023,3.14,0.186,0,0.3644,0.1987,0.065,-0.486,0.494,0.192,0.626,0.384,0.244,0.158,182,80,68,64,0.382,0.197,0.421,0.255,0.163,0.110,76,66,62,53
0.073,0.158,0.002,-0.79,0.151,-1,0.3726,0.1964,0.468,0.736,0.494,0.192,0.626,0.384,0.244,0.158,182,80,68,64,0.382,0.197,0.421,0.255,0.163,0.110,76,66,62,53
0.079,0.208,0.046,0.22,0.230,0,0.3818,0.1947,0.300,0.303,0.494,0.192,0.626,0.384,0.244,0.158,182,80,68,64,0.382,0.197,0.421,0.255,0.163,0.110,76,66,62,53
0.061,0.218,0.032,1.37,0.298,0,0.3910,0.1926,0.050,-0.510,0.494,0.192,0.626,0.384,0.244,0.158,182,80,68,64,0.382,0.197,0.421,0.255,0.163,0.110,76,66,62,53
0.058,0.198,0.112,-0.48,0.134,0,0.4008,0.1912,0.297,0.007,0.494,0.192,0.626,0.384,0.244,0.158,182,80,68,64,0.382,0.197,0.421,0.255,0.163,0.110,76,66,62,53
0.049,0.196,0.256,-1.19,0.219,1,0.4069,0.1844,0.436,0.586,0.494,0.192,0.626,0.384,0.244,0.158,182,80,68,64,0.382,0.197,0.421,0.255,0.163,0.110,76,66,62,53
0.051,0.148,0.012,0.85,0.046,0,0.4021,0.1702,0.087,0.06,0.494,0.192,0.626,0.384,0.244,0.158,182,80,68,64,0.382,0.197,0.421,0.255,0.163,0.110,76,66,62,53
0.052,0.181,0.126,1.76,0.409,0,0.3993,0.1590,0.119,-0.884,0.494,0.192,0.626,0.384,0.244,0.158,182,80,68,64,0.382,0.197,0.421,0.255,0.163,0.110,76,66,62,53
0.045,0.138,0.001,-0.79,0.151,-1,0.3933,0.1460,0.392,0.736,0.494,0.192,0.626,0.384,0.244,0.158,182,80,68,64,0.382,0.197,0.421,0.255,0.163,0.110,76,66,62,53
0.059,0.150,0.004,1.99,0.186,0,0.4001,0.1459,0.143,-0.326,0.494,0.192,0.626,0.384,0.244,0.158,182,80,68,64,0.382,0.197,0.421,0.255,0.163,0.110,76,66,62,53
0.059,0.198,0.101,0.22,0.230,0,0.4031,0.1429,0.156,0.303,0.494,0.192,0.626,0.384,0.244,0.158,182,80,68,64,0.382,0.197,0.421,0.255,0.163,0.110,76,66,62,53
0.061,0.206,0.171,-1.19,0.219,1,0.4160,0.1529,0.391,0.586,0.494,0.192,0.626,0.384,0.244,0.158,182,80,68,64,0.382,0.197,0.421,0.255,0.163,0.110,76,66,62,53
0.076,0.144,0.256,-1.1,0.105,-1,0.4188,0.1549,0.241,0.192,0.494,0.192,0.626,0.384,0.244,0.158,182,80,68,64,0.382,0.197,0.421,0.255,0.163,0.110,76,66,62,53
0.057,0.157,0.192,3.14,0.186,0,0.4238,0.1610,0.051,-0.486,0.494,0.192,0.626,0.384,0.244,0.158,182,80,68,64,0.382,0.197,0.421,0.255,0.163,0.110,76,66,62,53
0.057,0.215,0.336,-0.08,0.108,0,0.4211,0.1613,0.234,0.059,0.494,0.192,0.626,0.384,0.244,0.158,182,80,68,64,0.382,0.197,0.421,0.255,0.163,0.110,76,66,62,53
0.055,0.272,0.173,1.37,0.298,0,0.4304,0.1738,0.214,-0.510,0.494,0.192,0.626,0.384,0.244,0.158,182,80,68,64,0.382,0.197,0.421,0.255,0.163,0.110,76,66,62,53
0.055,0.211,0.312,1.99,0.186,0,0.4501,0.1918,0.092,-0.326,0.494,0.192,0.626,0.384,0.244,0.158,182,80,68,64,0.382,0.197,0.421,0.255,0.163,0.110,76,66,62,53
0.055,0.274,0.231,-0.48,0.134,0,0.4648,0.2058,0.171,0.007,0.494,0.192,0.626,0.384,0.244,0.158,182,80,68,64,0.382,0.197,0.421,0.255,0.163,0.110,76,66,62,53
0.066,0.278,0.517,-0.48,0.134,0,0.4798,0.2194,0.368,0.007,0.494,0.192,0.626,0.384,0.244,0.158,182,80,68,64,0.382,0.197,0.421,0.255,0.163,0.110,76,66,62,53
0.073,0.728,0.420,0.2,0.291,1,0.4882,0.2274,0.322,0.180,0.494,0.192,0.626,0.384,0.244,0.158,182,80,68,64,0.382,0.197,0.421,0.255,0.163,0.110,76,66,62,53
0.059,0.228,0.055,0.85,0.046,0,0.4936,0.2320,0.145,0.06,0.494,0.192,0.626,0.384,0.244,0.158,182,80,68,64,0.382,0.197,0.421,0.255,0.163,0.110,76,66,62,53
0.052,0.187,0.092,0.85,0.046,0,0.4931,0.2321,0.136,0.06,0.494,0.192,0.626,0.384,0.244,0.158,182,80,68,64,0.382,0.197,0.421,0.255,0.163,0.110,76,66,62,53
0.041,0.181,0.002,0.85,0.046,0,0.4994,0.2384,0.307,0.06,0.494,0.192,0.626,0.384,0.244,0.158,182,80,68,64,0.382,0.197,0.421,0.255,0.163,0.110,76,66,62,53
0.042,0.149,0.415,-0.79,0.151,-1,0.5054,0.2455,0.347,0.736,0.494,0.192,0.626,0.384,0.244,0.158,182,80,68,64,0.382,0.197,0.421,0.255,0.163,0.110,76,66,62,53
0.045,0.166,0.261,1.37,0.298,0,0.5085,0.2516,0.189,-0.510,0.494,0.192,0.626,0.384,0.244,0.158,182,80,68,64,0.382,0.197,0.421,0.255,0.163,0.110,76,66,62,53
0.045,0.127,0.237,-0.79,0.151,-1,0.5089,0.2557,0.383,0.736,0.494,0.192,0.626,0.384,0.244,0.158,182,80,68,64,0.382,0.197,0.421,0.255,0.163,0.110,76,66,62,53
0.051,0.182,0.361,-1.19,0.219,1,0.5188,0.2679,0.491,0.586,0.494,0.192,0.626,0.384,0.244,0.158,182,80,68,64,0.382,0.197,0.421,0.255,0.163,0.110,76,66,62,53
0.043,0.182,0.231,0,0.000,0,0.5249,0.2769,0.359,0.166,0.494,0.192,0.626,0.384,0.244,0.158,182,80,68,64,0.382,0.197,0.421,0.255,0.163,0.110,76,66,62,53
0.049,0.183,0.197,-0.79,0.151,-1,0.5241,0.2798,0.358,0.736,0.494,0.192,0.626,0.384,0.244,0.158,182,80,68,64,0.382,0.197,0.421,0.255,0.163,0.110,76,66,62,53
0.059,0.244,0.310,1.37,0.298,0,0.5318,0.2916,0.139,-0.510,0.494,0.192,0.626,0.384,0.244,0.158,182,80,68,64,0.382,0.197,0.421,0.255,0.163,0.110,76,66,62,53
0.057,0.203,0.169,-0.79,0.151,-1,0.5375,0.3014,0.325,0.736,0.494,0.192,0.626,0.384,0.244,0.158,182,80,68,64,0.382,0.197,0.421,0.255,0.163,0.110,76,66,62,53
0.045,0.245,0.166,-0.08,0.108,0,0.5433,0.3099,0.292,0.059,0.494,0.192,0.626,0.384,0.244,0.158,182,80,68,64,0.382,0.197,0.421,0.255,0.163,0.110,76,66,62,53
0.043,0.205,0.001,0.85,0.046,0,0.5458,0.3139,0.066,0.06,0.494,0.192,0.626,0.384,0.244,0.158,182,80,68,64,0.382,0.197,0.421,0.255,0.163,0.110,76,66,62,53
0.044,0.181,0.019,3.14,0.186,0,0.5561,0.3253,0.075,-0.486,0.494,0.192,0.626,0.384,0.244,0.158,182,80,68,64,0.382,0.197,0.421,0.255,0.163,0.110,76,66,62,53
0.057,0.253,0.022,-0.52,0.062,0,0.5668,0.3348,0.302,0.341,0.494,0.192,0.626,0.384,0.244,0.158,182,80,68,64,0.382,0.197,0.421,0.255,0.163,0.110,76,66,62,53
0.052,0.245,0.008,-0.08,0.108,0,0.5858,0.3529,0.194,0.059,0.494,0.192,0.626,0.384,0.244,0.158,182,80,68,64,0.382,0.197,0.421,0.255,0.163,0.110,76,66,62,53
0.068,0.207,0.001,1.99,0.186,0,0.6005,0.3662,0.049,-0.326,0.494,0.192,0.626,0.384,0.244,0.158,182,80,68,64,0.382,0.197,0.421,0.255,0.163,0.110,76,66,62,53
0.056,0.248,0.031,-0.48,0.134,0,0.5996,0.3662,0.306,0.007,0.494,0.192,0.626,0.384,0.244,0.158,182,80,68,64,0.382,0.197,0.421,0.255,0.163,0.110,76,66,62,53
0.055,0.173,0.010,-1.1,0.105,-1,0.5840,0.3527,0.396,0.192,0.494,0.192,0.626,0.384,0.244,0.158,182,80,68,64,0.382,0.197,0.421,0.255,0.163,0.110,76,66,62,53
0.066,0.165,0.001,0.85,0.046,0,0.5605,0.3314,0.092,0.06,0.494,0.192,0.626,0.384,0.244,0.158,182,80,68,64,0.382,0.197,0.421,0.255,0.163,0.110,76,66,62,53
0.066,0.135,0.014,2.53,0.140,0,0.5409,0.3154,0.170,-0.121,0.494,0.192,0.626,0.384,0.244,0.158,182,80,68,64,0.382,0.197,0.421,0.255,0.163,0.110,76,66,62,53
0.102,0.130,0.001,-0.79,0.151,-1,0.5196,0.3001,0.461,0.736,0.494,0.192,0.626,0.384,0.244,0.158,182,80,68,64,0.382,0.197,0.421,0.255,0.163,0.110,76,66,62,53
0.107,0.175,0.033,-0.42,0.180,0,0.5045,0.2917,0.387,0.318,0.494,0.192,0.626,0.384,0.244,0.158,182,80,68,64,0.382,0.197,0.421,0.255,0.163,0.110,76,66,62,53
0.104,0.149,0.121,0,0.000,0,0.4881,0.2821,0.166,0.166,0.494,0.192,0.626,0.384,0.244,0.158,182,80,68,64,0.382,0.197,0.421,0.255,0.163,0.110,76,66,62,53
0.112,0.224,0.451,0.2,0.291,1,0.4764,0.2771,0.388,0.180,0.494,0.192,0.626,0.384,0.244,0.158,182,80,68,64,0.382,0.197,0.421,0.255,0.163,0.110,76,66,62,53
0.132,0.140,0.005,-0.79,0.151,-1,0.4559,0.2651,0.432,0.736,0.494,0.192,0.626,0.384,0.244,0.158,182,80,68,64,0.382,0.197,0.421,0.255,0.163,0.110,76,66,62,53
0.145,0.126,0.087,1.42,0.221,0,0.4461,0.2623,0.104,-0.397,0.494,0.192,0.626,0.384,0.244,0.158,182,80,68,64,0.382,0.197,0.421,0.255,0.163,0.110,76,66,62,53
0.121,0.191,0.278,0.2,0.291,1,0.4345,0.2587,0.287,0.180,0.494,0.192,0.626,0.384,0.244,0.158,182,80,68,64,0.382,0.197,0.421,0.255,0.163,0.110,76,66,62,53
0.143,0.136,0.046,0.85,0.046,0,0.4229,0.2551,0.358,0.06,0.494,0.192,0.626,0.384,0.244,0.158,182,80,68,64,0.382,0.197,0.421,0.255,0.163,0.110,76,66,62,53
0.154,0.166,0.007,-1.1,0.105,-1,0.4119,0.2514,0.238,0.192,0.494,0.192,0.626,0.384,0.244,0.158,182,80,68,64,0.382,0.197,0.421,0.255,0.163,0.110,76,66,62,53
0.150,0.177,0.600,1.37,0.298,0,0.3973,0.2429,0.057,-0.510,0.494,0.192,0.626,0.384,0.244,0.158,182,80,68,64,0.382,0.197,0.421,0.255,0.163,0.110,76,66,62,53
0.153,0.218,0.447,-1.19,0.219,1,0.3707,0.2236,0.399,0.586,0.494,0.192,0.626,0.384,0.244,0.158,182,80,68,64,0.382,0.197,0.421,0.255,0.163,0.110,76,66,62,53
0.159,0.146,0.040,2.53,0.140,0,0.3512,0.2085,0.134,-0.121,0.494,0.192,0.626,0.384,0.244,0.158,182,80,68,64,0.382,0.197,0.421,0.255,0.163,0.110,76,66,62,53
0.164,0.152,0.058,3.14,0.186,0,0.3357,0.1985,0.042,-0.486,0.494,0.192,0.626,0.384,0.244,0.158,182,80,68,64,0.382,0.197,0.421,0.255,0.163,0.110,76,66,62,53
0.145,0.206,0.013,-0.52,0.062,0,0.3181,0.1848,0.111,0.341,0.494,0.192,0.626,0.384,0.244,0.158,182,80,68,64,0.382,0.197,0.421,0.255,0.163,0.110,76,66,62,53
0.149,0.265,0.513,-1.19,0.219,1,0.2960,0.1676,0.390,0.586,0.494,0.192,0.626,0.384,0.244,0.158,182,80,68,64,0.382,0.197,0.421,0.255,0.163,0.110,76,66,62,53
0.220,0.338,0.085,-0.52,0.062,0,0.2731,0.1485,0.089,0.341,0.494,0.192,0.626,0.384,0.244,0.158,182,80,68,64,0.382,0.197,0.421,0.255,0.163,0.110,76,66,62,53
0.211,0.308,0.385,1.69,0.290,0,0.2494,0.1291,0.046,-0.697,0.494,0.192,0.626,0.384,0.244,0.158,182,80,68,64,0.382,0.197,0.421,0.255,0.163,0.110,76,66,62,53
0.208,0.294,0.388,0.85,0.046,0,0.2344,0.1187,0.236,0.06,0.494,0.192,0.626,0.384,0.244,0.158,182,80,68,64,0.382,0.197,0.421,0.255,0.163,0.110,76,66,62,53
0.199,0.695,0.637,0.2,0.291,1,0.2377,0.1221,0.312,0.180,0.494,0.192,0.626,0.384,0.244,0.158,182,80,68,64,0.382,0.197,0.421,0.255,0.163,0.110,76,66,62,53
0.206,0.268,0.381,3.14,0.186,0,0.2491,0.1346,0.060,-0.486,0.494,0.192,0.626,0.384,0.244,0.158,182,80,68,64,0.382,0.197,0.421,0.255,0.163,0.110,76,66,62,53
0.273,0.295,0.318,0,0.000,0,0.2575,0.1427,0.143,0.166,0.494,0.192,0.626,0.384,0.244,0.158,182,80,68,64,0.382,0.197,0.421,0.255,0.163,0.110,76,66,62,53
0.273,0.286,0.483,-0.48,0.134,0,0.2609,0.1460,0.268,0.007,0.494,0.192,0.626,0.384,0.244,0.158,182,80,68,64,0.382,0.197,0.421,0.255,0.163,0.110,76,66,62,53
0.262,0.255,0.071,0.85,0.046,0,0.2601,0.1460,0.097,0.06,0.494,0.192,0.626,0.384,0.244,0.158,182,80,68,64,0.382,0.197,0.421,0.255,0.163,0.110,76,66,62,53
0.262,0.328,0.474,1.37,0.298,0,0.2620,0.1482,0.113,-0.510,0.494,0.192,0.626,0.384,0.244,0.158,182,80,68,64,0.382,0.197,0.421,0.255,0.163,0.110,76,66,62,53
0.210,0.283,0.318,0.22,0.230,0,0.2614,0.1496,0.290,0.303,0.494,0.192,0.626,0.384,0.244,0.158,182,80,68,64,0.382,0.197,0.421,0.255,0.163,0.110,76,66,62,53
0.155,0.334,0.149,-1.19,0.219,1,0.2592,0.1502,0.380,0.586,0.494,0.192,0.626,0.384,0.244,0.158,182,80,68,64,0.382,0.197,0.421,0.255,0.163,0.110,76,66,62,53
0.132,0.240,0.046,1.99,0.186,0,0.2528,0.1447,0.129,-0.326,0.494,0.192,0.626,0.384,0.244,0.158,182,80,68,64,0.382,0.197,0.421,0.255,0.163,0.110,76,66,62,53
0.154,0.291,0.097,0,0.000,0,0.2462,0.1383,0.320,0.166,0.494,0.192,0.626,0.384,0.244,0.158,182,80,68,64,0.382,0.197,0.421,0.255,0.163,0.110,76,66,62,53
0.188,0.274,0.160,-1.1,0.105,-1,0.2429,0.1377,0.312,0.192,0.494,0.192,0.626,0.384,0.244,0.158,182,80,68,64,0.382,0.197,0.421,0.255,0.163,0.110,76,66,62,53
0.190,0.249,0.079,1.99,0.186,0,0.2461,0.1407,0.089,-0.326,0.494,0.192,0.626,0.384,0.244,0.158,182,80,68,64,0.382,0.197,0.421,0.255,0.163,0.110,76,66,62,53
0.193,0.733,0.202,-1.19,0.219,1,0.2556,0.1510,0.417,0.586,0.494,0.192,0.626,0.384,0.244,0.158,182,80,68,64,0.382,0.197,0.421,0.255,0.163,0.110,76,66,62,53
0.181,0.336,0.316,-1.19,0.219,1,0.2852,0.1768,0.411,0.586,0.494,0.192,0.626,0.384,0.244,0.158,182,80,68,64,0.382,0.197,0.421,0.255,0.163,0.110,76,66,62,53
0.175,0.261,0.006,-0.08,0.108,0,0.3110,0.1971,0.104,0.059,0.494,0.192,0.626,0.384,0.244,0.158,182,80,68,64,0.382,0.197,0.421,0.255,0.163,0.110,76,66,62,53
0.186,0.194,0.033,3.14,0.186,0,0.3293,0.2111,0.064,-0.486,0.494,0.192,0.626,0.384,0.244,0.158,182,80,68,64,0.382,0.197,0.421,0.255,0.163,0.110,76,66,62,53
0.213,0.242,0.013,-0.79,0.151,-1,0.3397,0.2220,0.395,0.736,0.494,0.192,0.626,0.384,0.244,0.158,182,80,68,64,0.382,0.197,0.421,0.255,0.163,0.110,76,66,62,53
0.191,0.284,0.060,1.37,0.298,0,0.3505,0.2353,0.204,-0.510,0.494,0.192,0.626,0.384,0.244,0.158,182,80,68,64,0.382,0.197,0.421,0.255,0.163,0.110,76,66,62,53
0.157,0.280,0.026,1.37,0.298,0,0.3578,0.2447,0.050,-0.510,0.494,0.192,0.626,0.384,0.244,0.158,182,80,68,64,0.382,0.197,0.421,0.255,0.163,0.110,76,66,62,53
0.152,0.267,0.222,-0.42,0.180,0,0.3597,0.2502,0.249,0.318,0.494,0.192,0.626,0.384,0.244,0.158,182,80,68,64,0.382,0.197,0.421,0.255,0.163,0.110,76,66,62,53
0.145,0.243,0.265,-1.19,0.219,1,0.3521,0.2470,0.479,0.586,0.494,0.192,0.626,0.384,0.244,0.158,182,80,68,64,0.382,0.197,0.421,0.255,0.163,0.110,76,66,62,53
0.150,0.200,0.004,-0.52,0.062,0,0.3321,0.2345,0.204,0.341,0.494,0.192,0.626,0.384,0.244,0.158,182,80,68,64,0.382,0.197,0.421,0.255,0.163,0.110,76,66,62,53
0.144,0.179,0.005,1.99,0.186,0,0.3080,0.2189,0.108,-0.326,0.494,0.192,0.626,0.384,0.244,0.158,182,80,68,64,0.382,0.197,0.421,0.255,0.163,0.110,76,66,62,53
0.144,0.201,0.028,-0.08,0.108,0,0.2955,0.2138,0.357,0.059,0.494,0.192,0.626,0.384,0.244,0.158,182,80,68,64,0.382,0.197,0.421,0.255,0.163,0.110,76,66,62,53
0.116,0.183,0.009,-0.79,0.151,-1,0.3031,0.2269,0.400,0.736,0.494,0.192,0.626,0.384,0.244,0.158,182,80,68,64,0.382,0.197,0.421,0.255,0.163,0.110,76,66,62,53
0.127,0.259,0.038,0.22,0.230,0,0.3189,0.2476,0.317,0.303,0.494,0.192,0.626,0.384,0.244,0.158,182,80,68,64,0.382,0.197,0.421,0.255,0.163,0.110,76,66,62,53
0.110,0.290,0.366,0.2,0.291,1,0.3394,0.2691,0.269,0.180,0.494,0.192,0.626,0.384,0.244,0.158,182,80,68,64,0.382,0.197,0.421,0.255,0.163,0.110,76,66,62,53
0.135,0.186,0.120,-0.08,0.108,0,0.3647,0.2926,0.114,0.059,0.494,0.192,0.626,0.384,0.244,0.158,182,80,68,64,0.382,0.197,0.421,0.255,0.163,0.110,76,66,62,53
0.124,0.138,0.013,0.85,0.046,0,0.3994,0.3238,0.209,0.06,0.494,0.192,0.626,0.384,0.244,0.158,182,80,68,64,0.382,0.197,0.421,0.255,0.163,0.110,76,66,62,53
0.170,0.114,0.142,-1.1,0.105,-1,0.4200,0.3431,0.316,0.192,0.494,0.192,0.626,0.384,0.244,0.158,182,80,68,64,0.382,0.197,0.421,0.255,0.163,0.110,76,66,62,53
0.145,0.115,0.012,3.14,0.186,0,0.4349,0.3585,0.053,-0.486,0.494,0.192,0.626,0.384,0.244,0.158,182,80,68,64,0.382,0.197,0.421,0.255,0.163,0.110,76,66,62,53
0.116,0.128,0.181,1.99,0.186,0,0.4525,0.3740,0.067,-0.326,0.494,0.192,0.626,0.384,0.244,0.158,182,80,68,64,0.382,0.197,0.421,0.255,0.163,0.110,76,66,62,53
0.137,0.153,0.433,-0.08,0.108,0,0.4657,0.3832,0.362,0.059,0.494,0.192,0.626,0.384,0.244,0.158,182,80,68,64,0.382,0.197,0.421,0.255,0.163,0.110,76,66,62,53
0.169,0.215,0.360,-1.19,0.219,1,0.4626,0.3796,0.361,0.586,0.494,0.192,0.626,0.384,0.244,0.158,182,80,68,64,0.382,0.197,0.421,0.255,0.163,0.110,76,66,62,53
0.178,0.143,0.060,1.99,0.186,0,0.4441,0.3656,0.049,-0.326,0.494,0.192,0.626,0.384,0.244,0.158,182,80,68,64,0.382,0.197,0.421,0.255,0.163,0.110,76,66,62,53
0.178,0.232,0.520,0.2,0.291,1,0.4205,0.3500,0.370,0.180,0.494,0.192,0.626,0.384,0.244,0.158,182,80,68,64,0.382,0.197,0.421,0.255,0.163,0.110,76,66,62,53
0.168,0.164,0.396,-0.48,0.134,0,0.3931,0.3326,0.446,0.007,0.494,0.192,0.626,0.384,0.244,0.158,182,80,68,64,0.382,0.197,0.421,0.255,0.163,0.110,76,66,62,53
0.133,0.136,0.030,0.85,0.046,0,0.3778,0.3251,0.135,0.06,0.494,0.192,0.626,0.384,0.244,0.158,182,80,68,64,0.382,0.197,0.421,0.255,0.163,0.110,76,66,62,53
0.140,0.128,0.059,-0.79,0.151,-1,0.3681,0.3229,0.302,0.736,0.494,0.192,0.626,0.384,0.244,0.158,182,80,68,64,0.382,0.197,0.421,0.255,0.163,0.110,76,66,62,53
0.125,0.148,0.441,-1.19,0.219,1,0.3622,0.3232,0.507,0.586,0.494,0.192,0.626,0.384,0.244,0.158,182,80,68,64,0.382,0.197,0.421,0.255,0.163,0.110,76,66,62,53
0.130,0.122,0.018,-0.79,0.151,-1,0.3619,0.3270,0.393,0.736,0.494,0.192,0.626,0.384,0.244,0.158,182,80,68,64,0.382,0.197,0.421,0.255,0.163,0.110,76,66,62,53
0.113,0.110,0.007,1.99,0.186,0,0.3759,0.3412,0.097,-0.326,0.494,0.192,0.626,0.384,0.244,0.158,182,80,68,64,0.382,0.197,0.421,0.255,0.163,0.110,76,66,62,53
0.108,0.156,0.126,-1.19,0.219,1,0.4102,0.3700,0.398,0.586,0.494,0.192,0.626,0.384,0.244,0.158,182,80,68,64,0.382,0.197,0.421,0.255,0.163,0.110,76,66,62,53
0.093,0.146,0.270,-1.19,0.219,1,0.4500,0.4012,0.492,0.586,0.494,0.192,0.626,0.384,0.244,0.158,182,80,68,64,0.382,0.197,0.421,0.255,0.163,0.110,76,66,62,53
0.093,0.110,0.019,0.85,0.046,0,0.4846,0.4265,0.293,0.06,0.494,0.192,0.626,0.384,0.244,0.158,182,80,68,64,0.382,0.197,0.421,0.255,0.163,0.110,76,66,62,53
0.094,0.122,0.011,-0.79,0.151,-1,0.5098,0.4437,0.304,0.736,0.494,0.192,0.626,0.384,0.244,0.158,182,80,68,64,0.382,0.197,0.421,0.255,0.163,0.110,76,66,62,53
0.073,0.112,0.014,0.85,0.046,0,0.5227,0.4505,0.243,0.06,0.494,0.192,0.626,0.384,0.244,0.158,182,80,68,64,0.382,0.197,0.421,0.255,0.163,0.110,76,66,62,53
0.070,0.119,0.012,-0.79,0.151,-1,0.5198,0.4477,0.426,0.736,0.494,0.192,0.626,0.384,0.244,0.158,182,80,68,64,0.382,0.197,0.421,0.255,0.163,0.110,76,66,62,53
0.070,0.106,0.009,0.85,0.046,0,0.5168,0.4433,0.316,0.06,0.494,0.192,0.626,0.384,0.244,0.158,182,80,68,64,0.382,0.197,0.421,0.255,0.163,0.110,76,66,62,53
0.090,0.160,0.122,1.37,0.298,0,0.5089,0.4350,0.273,-0.510,0.494,0.192,0.626,0.384,0.244,0.158,182,80,68,64,0.382,0.197,0.421,0.255,0.163,0.110,76,66,62,53
0.072,0.137,0.061,2.53,0.140,0,0.5112,0.4367,0.274,-0.121,0.494,0.192,0.626,0.384,0.244,0.158,182,80,68,64,0.382,0.197,0.421,0.255,0.163,0.110,76,66,62,53
0.072,0.210,0.285,-0.48,0.134,0,0.5153,0.4418,0.388,0.007,0.494,0.192,0.626,0.384,0.244,0.158,182,80,68,64,0.382,0.197,0.421,0.255,0.163,0.110,76,66,62,53
0.073,0.146,0.292,-1.14,0.131,0,0.5012,0.4341,0.368,0.987,0.494,0.192,0.626,0.384,0.244,0.158,182,80,68,64,0.382,0.197,0.421,0.255,0.163,0.110,76,66,62,53
0.073,0.152,0.134,-0.79,0.151,-1,0.4862,0.4267,0.543,0.736,0.494,0.192,0.626,0.384,0.244,0.158,182,80,68,64,0.382,0.197,0.421,0.255,0.163,0.110,76,66,62,53
0.047,0.169,0.293,-1.19,0.219,1,0.4741,0.4194,0.394,0.586,0.494,0.192,0.626,0.384,0.244,0.158,182,80,68,64,0.382,0.197,0.421,0.255,0.163,0.110,76,66,62,53
0.041,0.101,0.046,0.85,0.046,0,0.4616,0.4122,0.138,0.06,0.494,0.192,0.626,0.384,0.244,0.158,182,80,68,64,0.382,0.197,0.421,0.255,0.163,0.110,76,66,62,53
0.042,0.098,0.104,-0.79,0.151,-1,0.4524,0.4070,0.426,0.736,0.494,0.192,0.626,0.384,0.244,0.158,182,80,68,64,0.382,0.197,0.421,0.255,0.163,0.110,76,66,62,53
0.039,0.108,0.001,-0.79,0.151,-1,0.4522,0.4081,0.400,0.736,0.494,0.192,0.626,0.384,0.244,0.158,182,80,68,64,0.382,0.197,0.421,0.255,0.163,0.110,76,66,62,53
0.062,0.099,0.046,0.85,0.046,0,0.4492,0.4069,0.121,0.06,0.494,0.192,0.626,0.384,0.244,0.158,182,80,68,64,0.382,0.197,0.421,0.255,0.163,0.110,76,66,62,53
0.065,0.165,0.574,0.2,0.291,1,0.4430,0.4026,0.346,0.180,0.494,0.192,0.626,0.384,0.244,0.158,182,80,68,64,0.382,0.197,0.421,0.255,0.163,0.110,76,66,62,53
0.070,0.119,0.008,1.99,0.186,0,0.4530,0.4093,0.366,-0.326,0.494,0.192,0.626,0.384,0.244,0.158,182,80,68,64,0.382,0.197,0.421,0.255,0.163,0.110,76,66,62,53
0.047,0.142,0.016,-0.79,0.151,-1,0.4688,0.4201,0.446,0.736,0.494,0.192,0.626,0.384,0.244,0.158,182,80,68,64,0.382,0.197,0.421,0.255,0.163,0.110,76,66,62,53
0.054,0.175,0.022,0,0.000,0,0.4766,0.4241,0.284,0.166,0.494,0.192,0.626,0.384,0.244,0.158,182,80,68,64,0.382,0.197,0.421,0.255,0.163,0.110,76,66,62,53
0.047,0.315,0.270,-1.19,0.219,1,0.4680,0.4166,0.346,0.586,0.494,0.192,0.626,0.384,0.244,0.158,182,80,68,64,0.382,0.197,0.421,0.255,0.163,0.110,76,66,62,53
0.059,0.270,0.001,-0.79,0.151,-1,0.4466,0.4000,0.431,0.736,0.494,0.192,0.626,0.384,0.244,0.158,182,80,68,64,0.382,0.197,0.421,0.255,0.163,0.110,76,66,62,53
0.047,0.371,0.234,1.37,0.298,0,0.4154,0.3784,0.198,-0.510,0.494,0.192,0.626,0.384,0.244,0.158,182,80,68,64,0.382,0.197,0.421,0.255,0.163,0.110,76,66,62,53
0.059,0.302,0.332,1.69,0.290,0,0.3857,0.3557,0.077,-0.697,0.494,0.192,0.626,0.384,0.244,0.158,182,80,68,64,0.382,0.197,0.421,0.255,0.163,0.110,76,66,62,53
0.074,0.339,0.229,-0.08,0.108,0,0.3617,0.3378,0.292,0.059,0.494,0.192,0.626,0.384,0.244,0.158,182,80,68,64,0.382,0.197,0.421,0.255,0.163,0.110,76,66,62,53
0.081,0.370,0.170,-1.19,0.219,1,0.3426,0.3215,0.401,0.586,0.494,0.192,0.626,0.384,0.244,0.158,182,80,68,64,0.382,0.197,0.421,0.255,0.163,0.110,76,66,62,53
0.076,0.471,0.115,-0.52,0.062,0,0.3218,0.3049,0.377,0.341,0.494,0.192,0.626,0.384,0.244,0.158,182,80,68,64,0.382,0.197,0.421,0.255,0.163,0.110,76,66,62,53
0.059,0.426,0.196,-1.1,0.105,-1,0.2956,0.2838,0.391,0.192,0.494,0.192,0.626,0.384,0.244,0.158,182,80,68,64,0.382,0.197,0.421,0.255,0.163,0.110,76,66,62,53
0.062,0.501,0.382,1.76,0.409,0,0.2831,0.2734,0.101,-0.884,0.494,0.192,0.626,0.384,0.244,0.158,182,80,68,64,0.382,0.197,0.421,0.255,0.163,0.110,76,66,62,53
0.075,0.400,0.065,-1.14,0.131,0,0.2794,0.2670,0.302,0.987,0.494,0.192,0.626,0.384,0.244,0.158,182,80,68,64,0.382,0.197,0.421,0.255,0.163,0.110,76,66,62,53
0.092,0.382,0.092,-0.48,0.134,0,0.2858,0.2689,0.444,0.007,0.494,0.192,0.626,0.384,0.244,0.158,182,80,68,64,0.382,0.197,0.421,0.255,0.163,0.110,76,66,62,53
0.076,0.246,0.004,0.85,0.046,0,0.2992,0.2773,0.037,0.06,0.494,0.192,0.626,0.384,0.244,0.158,182,80,68,64,0.382,0.197,0.421,0.255,0.163,0.110,76,66,62,53
0.095,0.187,0.031,2.53,0.140,0,0.3255,0.2956,0.070,-0.121,0.494,0.192,0.626,0.384,0.244,0.158,182,80,68,64,0.382,0.197,0.421,0.255,0.163,0.110,76,66,62,53
0.102,0.284,0.013,-1.19,0.219,1,0.3530,0.3141,0.447,0.586,0.494,0.192,0.626,0.384,0.244,0.158,182,80,68,64,0.382,0.197,0.421,0.255,0.163,0.110,76,66,62,53
0.101,0.191,0.026,0.85,0.046,0,0.3773,0.3291,0.150,0.06,0.494,0.192,0.626,0.384,0.244,0.158,182,80,68,64,0.382,0.197,0.421,0.255,0.163,0.110,76,66,62,53
0.102,0.245,0.026,1.37,0.298,0,0.4037,0.3445,0.027,-0.510,0.494,0.192,0.626,0.384,0.244,0.158,182,80,68,64,0.382,0.197,0.421,0.255,0.163,0.110,76,66,62,53
0.082,0.203,0.082,-0.08,0.108,0,0.4265,0.3563,0.152,0.059,0.494,0.192,0.626,0.384,0.244,0.158,182,80,68,64,0.382,0.197,0.421,0.255,0.163,0.110,76,66,62,53
0.081,0.155,0.096,-0.79,0.151,-1,0.4434,0.3631,0.396,0.736,0.494,0.192,0.626,0.384,0.244,0.158,182,80,68,64,0.382,0.197,0.421,0.255,0.163,0.110,76,66,62,53
0.086,0.139,0.005,1.42,0.221,0,0.4425,0.3554,0.082,-0.397,0.494,0.192,0.626,0.384,0.244,0.158,182,80,68,64,0.382,0.197,0.421,0.255,0.163,0.110,76,66,62,53
0.112,0.120,0.052,3.14,0.186,0,0.4392,0.3475,0.047,-0.486,0.494,0.192,0.626,0.384,0.244,0.158,182,80,68,64,0.382,0.197,0.421,0.255,0.163,0.110,76,66,62,53
0.123,0.170,0.081,-1.19,0.219,1,0.4335,0.3364,0.478,0.586,0.494,0.192,0.626,0.384,0.244,0.158,182,80,68,64,0.382,0.197,0.421,0.255,0.163,0.110,76,66,62,53
0.123,0.272,0.174,0.2,0.291,1,0.4317,0.3282,0.402,0.180,0.494,0.192,0.626,0.384,0.244,0.158,182,80,68,64,0.382,0.197,0.421,0.255,0.163,0.110,76,66,62,53
0.127,0.149,0.027,0.85,0.046,0,0.4411,0.3300,0.116,0.06,0.494,0.192,0.626,0.384,0.244,0.158,182,80,68,64,0.382,0.197,0.421,0.255,0.163,0.110,76,66,62,53
0.128,0.180,0.055,-1.14,0.131,0,0.4473,0.3276,0.278,0.987,0.494,0.192,0.626,0.384,0.244,0.158,182,80,68,64,0.382,0.197,0.421,0.255,0.163,0.110,76,66,62,53
0.103,0.192,0.166,-0.79,0.151,-1,0.4557,0.3295,0.555,0.736,0.494,0.192,0.626,0.384,0.244,0.158,182,80,68,64,0.382,0.197,0.421,0.255,0.163,0.110,76,66,62,53
0.103,0.178,0.214,-1.1,0.105,-1,0.4570,0.3234,0.331,0.192,0.494,0.192,0.626,0.384,0.244,0.158,182,80,68,64,0.382,0.197,0.421,0.255,0.163,0.110,76,66,62,53
0.115,0.185,0.137,0.85,0.046,0,0.4541,0.3148,0.168,0.06,0.494,0.192,0.626,0.384,0.244,0.158,182,80,68,64,0.382,0.197,0.421,0.255,0.163,0.110,76,66,62,53
0.122,0.316,0.395,0.2,0.291,1,0.4457,0.3018,0.420,0.180,0.494,0.192,0.626,0.384,0.244,0.158,182,80,68,64,0.382,0.197,0.421,0.255,0.163,0.110,76,66,62,53
0.183,0.288,0.082,0,0.000,0,0.4414,0.2925,0.313,0.166,0.494,0.192,0.626,0.384,0.244,0.158,182,80,68,64,0.382,0.197,0.421,0.255,0.163,0.110,76,66,62,53
0.175,0.703,0.500,1.37,0.298,0,0.4327,0.2825,0.122,-0.510,0.494,0.192,0.626,0.384,0.244,0.158,182,80,68,64,0.382,0.197,0.421,0.255,0.163,0.110,76,66,62,53
0.186,0.719,0.313,-0.52,0.062,0,0.4197,0.2697,0.217,0.341,0.494,0.192,0.626,0.384,0.244,0.158,182,80,68,64,0.382,0.197,0.421,0.255,0.163,0.110,76,66,62,53
0.160,0.762,0.486,-0.48,0.134,0,0.4149,0.2628,0.314,0.007,0.494,0.192,0.626,0.384,0.244,0.158,182,80,68,64,0.382,0.197,0.421,0.255,0.163,0.110,76,66,62,53
0.128,0.747,0.376,0.2,0.291,1,0.4012,0.2501,0.131,0.180,0.494,0.192,0.626,0.384,0.244,0.158,182,80,68,64,0.382,0.197,0.421,0.255,0.163,0.110,76,66,62,53
0.121,0.274,0.045,0.85,0.046,0,0.3783,0.2292,0.059,0.06,0.494,0.192,0.626,0.384,0.244,0.158,182,80,68,64,0.382,0.197,0.421,0.255,0.163,0.110,76,66,62,53
0.103,0.207,0.108,0.85,0.046,0,0.3544,0.2076,0.180,0.06,0.494,0.192,0.626,0.384,0.244,0.158,182,80,68,64,0.382,0.197,0.421,0.255,0.163,0.110,76,66,62,53
0.128,0.213,0.001,0.85,0.046,0,0.3395,0.1930,0.056,0.06,0.494,0.192,0.626,0.384,0.244,0.158,182,80,68,64,0.382,0.197,0.421,0.255,0.163,0.110,76,66,62,53
0.129,0.186,0.324,1.99,0.186,0,0.3229,0.1772,0.043,-0.326,0.494,0.192,0.626,0.384,0.244,0.158,182,80,68,64,0.382,0.197,0.421,0.255,0.163,0.110,76,66,62,53
0.129,0.182,0.126,0.85,0.046,0,0.3067,0.1632,0.160,0.06,0.494,0.192,0.626,0.384,0.244,0.158,182,80,68,64,0.382,0.197,0.421,0.255,0.163,0.110,76,66,62,53
0.120,0.280,0.267,-1.19,0.219,1,0.2940,0.1508,0.347,0.586,0.494,0.192,0.626,0.384,0.244,0.158,182,80,68,64,0.382,0.197,0.421,0.255,0.163,0.110,76,66,62,53
0.121,0.162,0.145,1.99,0.186,0,0.2822,0.1396,0.095,-0.326,0.494,0.192,0.626,0.384,0.244,0.158,182,80,68,64,0.382,0.197,0.421,0.255,0.163,0.110,76,66,62,53
0.115,0.229,0.078,1.42,0.221,0,0.2627,0.1221,0.156,-0.397,0.494,0.192,0.626,0.384,0.244,0.158,182,80,68,64,0.382,0.197,0.421,0.255,0.163,0.110,76,66,62,53
0.135,0.252,0.225,-0.52,0.062,0,0.2503,0.1128,0.388,0.341,0.494,0.192,0.626,0.384,0.244,0.158,182,80,68,64,0.382,0.197,0.421,0.255,0.163,0.110,76,66,62,53
0.159,0.198,0.250,1.69,0.290,0,0.2586,0.1236,0.082,-0.697,0.494,0.192,0.626,0.384,0.244,0.158,182,80,68,64,0.382,0.197,0.421,0.255,0.163,0.110,76,66,62,53
0.150,0.178,0.080,-1.14,0.131,0,0.2675,0.1313,0.247,0.987,0.494,0.192,0.626,0.384,0.244,0.158,182,80,68,64,0.382,0.197,0.421,0.255,0.163,0.110,76,66,62,53
0.122,0.178,0.049,-0.79,0.151,-1,0.2805,0.1427,0.460,0.736,0.494,0.192,0.626,0.384,0.244,0.158,182,80,68,64,0.382,0.197,0.421,0.255,0.163,0.110,76,66,62,53
0.150,0.164,0.001,0.85,0.046,0,0.2893,0.1510,0.087,0.06,0.494,0.192,0.626,0.384,0.244,0.158,182,80,68,64,0.382,0.197,0.421,0.255,0.163,0.110,76,66,62,53
0.144,0.164,0.030,3.14,0.186,0,0.3126,0.1705,0.051,-0.486,0.494,0.192,0.626,0.384,0.244,0.158,182,80,68,64,0.382,0.197,0.421,0.255,0.163,0.110,76,66,62,53
0.138,0.163,0.006,0.85,0.046,0,0.3408,0.1922,0.316,0.06,0.494,0.192,0.626,0.384,0.244,0.158,182,80,68,64,0.382,0.197,0.421,0.255,0.163,0.110,76,66,62,53
0.116,0.170,0.004,-1.1,0.105,-1,0.3650,0.2089,0.306,0.192,0.494,0.192,0.626,0.384,0.244,0.158,182,80,68,64,0.382,0.197,0.421,0.255,0.163,0.110,76,66,62,53
0.077,0.173,0.002,2.1,0.128,0,0.3882,0.2232,0.045,0.02,0.494,0.192,0.626,0.384,0.244,0.158,182,80,68,64,0.382,0.197,0.421,0.255,0.163,0.110,76,66,62,53
0.077,0.244,0.054,-0.48,0.134,0,0.3898,0.2200,0.273,0.007,0.494,0.192,0.626,0.384,0.244,0.158,182,80,68,64,0.382,0.197,0.421,0.255,0.163,0.110,76,66,62,53
0.077,0.236,0.213,-1.19,0.219,1,0.3814,0.2083,0.474,0.586,0.494,0.192,0.626,0.384,0.244,0.158,182,80,68,64,0.382,0.197,0.421,0.255,0.163,0.110,76,66,62,53
0.073,0.175,0.004,0.85,0.046,0,0.3531,0.1819,0.197,0.06,0.494,0.192,0.626,0.384,0.244,0.158,182,80,68,64,0.382,0.197,0.421,0.255,0.163,0.110,76,66,62,53
0.080,0.143,0.082,3.14,0.186,0,0.3335,0.1614,0.120,-0.486,0.494,0.192,0.626,0.384,0.244,0.158,182,80,68,64,0.382,0.197,0.421,0.255,0.163,0.110,76,66,62,53
0.081,0.176,0.003,-0.79,0.151,-1,0.3191,0.1474,0.483,0.736,0.494,0.192,0.626,0.384,0.244,0.158,182,80,68,64,0.382,0.197,0.421,0.255,0.163,0.110,76,66,62,53
0.104,0.278,0.224,-1.19,0.219,1,0.3200,0.1455,0.515,0.586,0.494,0.192,0.626,0.384,0.244,0.158,182,80,68,64,0.382,0.197,0.421,0.255,0.163,0.110,76,66,62,53
0.129,0.188,0.190,-1.1,0.105,-1,0.3270,0.1489,0.194,0.192,0.494,0.192,0.626,0.384,0.244,0.158,182,80,68,64,0.382,0.197,0.421,0.255,0.163,0.110,76,66,62,53
0.133,0.204,0.240,-1.14,0.131,0,0.3279,0.1474,0.277,0.987,0.494,0.192,0.626,0.384,0.244,0.158,182,80,68,64,0.382,0.197,0.421,0.255,0.163,0.110,76,66,62,53
0.125,0.231,0.346,-0.48,0.134,0,0.3265,0.1429,0.474,0.007,0.494,0.192,0.626,0.384,0.244,0.158,182,80,68,64,0.382,0.197,0.421,0.255,0.163,0.110,76,66,62,53
0.131,0.189,0.408,1.69,0.290,0,0.3353,0.1479,0.080,-0.697,0.494,0.192,0.626,0.384,0.244,0.158,182,80,68,64,0.382,0.197,0.421,0.255,0.163,0.110,76,66,62,53
0.124,0.164,0.220,2.53,0.140,0,0.3467,0.1569,0.034,-0.121,0.494,0.192,0.626,0.384,0.244,0.158,182,80,68,64,0.382,0.197,0.421,0.255,0.163,0.110,76,66,62,53
0.142,0.244,0.623,0.2,0.291,1,0.3546,0.1610,0.213,0.180,0.494,0.192,0.626,0.384,0.244,0.158,182,80,68,64,0.382,0.197,0.421,0.255,0.163,0.110,76,66,62,53
0.115,0.188,0.328,0.85,0.046,0,0.3564,0.1620,0.207,0.06,0.494,0.192,0.626,0.384,0.244,0.158,182,80,68,64,0.382,0.197,0.421,0.255,0.163,0.110,76,66,62,53
0.115,0.226,0.456,1.37,0.298,0,0.3348,0.1478,0.062,-0.510,0.494,0.192,0.626,0.384,0.244,0.158,182,80,68,64,0.382,0.197,0.421,0.255,0.163,0.110,76,66,62,53
0.145,0.179,0.320,3.14,0.186,0,0.3064,0.1323,0.026,-0.486,0.494,0.192,0.626,0.384,0.244,0.158,182,80,68,64,0.382,0.197,0.421,0.255,0.163,0.110,76,66,62,53
0.145,0.690,0.675,0.2,0.291,1,0.2860,0.1223,0.298,0.180,0.494,0.192,0.626,0.384,0.244,0.158,182,80,68,64,0.382,0.197,0.421,0.255,0.163,0.110,76,66,62,53
0.105,0.245,0.388,-1.19,0.219,1,0.2659,0.1132,0.359,0.586,0.494,0.192,0.626,0.384,0.244,0.158,182,80,68,64,0.382,0.197,0.421,0.255,0.163,0.110,76,66,62,53
0.110,0.176,0.053,0.85,0.046,0,0.2420,0.1013,0.115,0.06,0.494,0.192,0.626,0.384,0.244,0.158,182,80,68,64,0.382,0.197,0.421,0.255,0.163,0.110,76,66,62,53
0.121,0.211,0.247,-0.08,0.108,0,0.2228,0.0923,0.144,0.059,0.494,0.192,0.626,0.384,0.244,0.158,182,80,68,64,0.382,0.197,0.421,0.255,0.163,0.110,76,66,62,53
0.143,0.213,0.001,0.85,0.046,0,0.2189,0.0932,0.165,0.06,0.494,0.192,0.626,0.384,0.244,0.158,182,80,68,64,0.382,0.197,0.421,0.255,0.163,0.110,76,66,62,53
0.171,0.251,0.287,-0.42,0.180,0,0.2118,0.0895,0.292,0.318,0.494,0.192,0.626,0.384,0.244,0.158,182,80,68,64,0.382,0.197,0.421,0.255,0.163,0.110,76,66,62,53
0.141,0.165,0.073,3.14,0.186,0,0.2202,0.0955,0.108,-0.486,0.494,0.192,0.626,0.384,0.244,0.158,182,80,68,64,0.382,0.197,0.421,0.255,0.163,0.110,76,66,62,53
0.129,0.145,0.123,0.85,0.046,0,0.2348,0.1046,0.082,0.06,0.494,0.192,0.626,0.384,0.244,0.158,182,80,68,64,0.382,0.197,0.421,0.255,0.163,0.110,76,66,62,53
0.128,0.143,0.138,2.53,0.140,0,0.2694,0.1287,0.084,-0.121,0.494,0.192,0.626,0.384,0.244,0.158,182,80,68,64,0.382,0.197,0.421,0.255,0.163,0.110,76,66,62,53
0.137,0.227,0.221,-1.19,0.219,1,0.2952,0.1438,0.443,0.586,0.494,0.192,0.626,0.384,0.244,0.158,182,80,68,64,0.382,0.197,0.421,0.255,0.163,0.110,76,66,62,53
0.142,0.155,0.092,-0.79,0.151,-1,0.3188,0.1580,0.275,0.736,0.494,0.192,0.626,0.384,0.244,0.158,182,80,68,64,0.382,0.197,0.421,0.255,0.163,0.110,76,66,62,53
0.137,0.165,0.206,1.37,0.298,0,0.3357,0.1686,0.059,-0.510,0.494,0.192,0.626,0.384,0.244,0.158,182,80,68,64,0.382,0.197,0.421,0.255,0.163,0.110,76,66,62,53
0.115,0.164,0.039,0.85,0.046,0,0.3447,0.1767,0.161,0.06,0.494,0.192,0.626,0.384,0.244,0.158,182,80,68,64,0.382,0.197,0.421,0.255,0.163,0.110,76,66,62,53
0.109,0.169,0.141,-0.52,0.062,0,0.3565,0.1894,0.347,0.341,0.494,0.192,0.626,0.384,0.244,0.158,182,80,68,64,0.382,0.197,0.421,0.255,0.163,0.110,76,66,62,53
0.142,0.146,0.002,0.85,0.046,0,0.3676,0.2032,0.104,0.06,0.494,0.192,0.626,0.384,0.244,0.158,182,80,68,64,0.382,0.197,0.421,0.255,0.163,0.110,76,66,62,53
0.135,0.117,0.008,1.99,0.186,0,0.3779,0.2170,0.105,-0.326,0.494,0.192,0.626,0.384,0.244,0.158,182,80,68,64,0.382,0.197,0.421,0.255,0.163,0.110,76,66,62,53
0.140,0.141,0.006,-0.79,0.151,-1,0.3902,0.2322,0.469,0.736,0.494,0.192,0.626,0.384,0.244,0.158,182,80,68,64,0.382,0.197,0.421,0.255,0.163,0.110,76,66,62,53
0.118,0.187,0.021,-0.08,0.108,0,0.4088,0.2535,0.361,0.059,0.494,0.192,0.626,0.384,0.244,0.158,182,80,68,64,0.382,0.197,0.421,0.255,0.163,0.110,76,66,62,53
0.117,0.164,0.003,1.99,0.186,0,0.4273,0.2738,0.082,-0.326,0.494,0.192,0.626,0.384,0.244,0.158,182,80,68,64,0.382,0.197,0.421,0.255,0.163,0.110,76,66,62,53
0.099,0.182,0.041,-1.1,0.105,-1,0.4553,0.2990,0.344,0.192,0.494,0.192,0.626,0.384,0.244,0.158,182,80,68,64,0.382,0.197,0.421,0.255,0.163,0.110,76,66,62,53
0.067,0.143,0.027,0.85,0.046,0,0.4900,0.3259,0.345,0.06,0.494,0.192,0.626,0.384,0.244,0.158,182,80,68,64,0.382,0.197,0.421,0.255,0.163,0.110,76,66,62,53
0.084,0.173,0.001,0.85,0.046,0,0.5146,0.3469,0.178,0.06,0.494,0.192,0.626,0.384,0.244,0.158,182,80,68,64,0.382,0.197,0.421,0.255,0.163,0.110,76,66,62,53
0.100,0.280,0.144,0.2,0.291,1,0.5429,0.3687,0.336,0.180,0.494,0.192,0.626,0.384,0.244,0.158,182,80,68,64,0.382,0.197,0.421,0.255,0.163,0.110,76,66,62,53
0.104,0.223,0.023,-0.08,0.108,0,0.5725,0.3901,0.343,0.059,0.494,0.192,0.626,0.384,0.244,0.158,182,80,68,64,0.382,0.197,0.421,0.255,0.163,0.110,76,66,62,53
0.100,0.273,0.160,-1.19,0.219,1,0.6063,0.4141,0.422,0.586,0.494,0.192,0.626,0.384,0.244,0.158,182,80,68,64,0.382,0.197,0.421,0.255,0.163,0.110,76,66,62,53
0.103,0.204,0.062,-1.1,0.105,-1,0.6293,0.4337,0.376,0.192,0.494,0.192,0.626,0.384,0.244,0.158,182,80,68,64,0.382,0.197,0.421,0.255,0.163,0.110,76,66,62,53
0.084,0.164,0.093,0.85,0.046,0,0.6500,0.4580,0.295,0.06,0.494,0.192,0.626,0.384,0.244,0.158,182,80,68,64,0.382,0.197,0.421,0.255,0.163,0.110,76,66,62,53
0.101,0.171,0.128,-0.79,0.151,-1,0.6499,0.4716,0.402,0.736,0.494,0.192,0.626,0.384,0.244,0.158,182,80,68,64,0.382,0.197,0.421,0.255,0.163,0.110,76,66,62,53
0.102,0.145,0.104,2.53,0.140,0,0.6430,0.4859,0.223,-0.121,0.494,0.192,0.626,0.384,0.244,0.158,182,80,68,64,0.382,0.197,0.421,0.255,0.163,0.110,76,66,62,53
0.099,0.202,0.336,-0.48,0.134,0,0.6165,0.4870,0.395,0.007,0.494,0.192,0.626,0.384,0.244,0.158,182,80,68,64,0.382,0.197,0.421,0.255,0.163,0.110,76,66,62,53
0.103,0.219,0.291,-0.48,0.134,0,0.5774,0.4826,0.409,0.007,0.494,0.192,0.626,0.384,0.244,0.158,182,80,68,64,0.382,0.197,0.421,0.255,0.163,0.110,76,66,62,53
0.091,0.169,0.303,0,0.000,0,0.5428,0.4796,0.337,0.166,0.494,0.192,0.626,0.384,0.244,0.158,182,80,68,64,0.382,0.197,0.421,0.255,0.163,0.110,76,66,62,53
0.080,0.198,0.321,-0.52,0.062,0,0.5066,0.4735,0.316,0.341,0.494,0.192,0.626,0.384,0.244,0.158,182,80,68,64,0.382,0.197,0.421,0.255,0.163,0.110,76,66,62,53
0.097,0.220,0.150,-0.52,0.062,0,0.4704,0.4637,0.219,0.341,0.494,0.192,0.626,0.384,0.244,0.158,182,80,68,64,0.382,0.197,0.421,0.255,0.163,0.110,76,66,62,53
0.102,0.170,0.162,0.85,0.046,0,0.4476,0.4595,0.132,0.06,0.494,0.192,0.626,0.384,0.244,0.158,182,80,68,64,0.382,0.197,0.421,0.255,0.163,0.110,76,66,62,53
0.086,0.205,0.514,0.2,0.291,1,0.4371,0.4626,0.399,0.180,0.494,0.192,0.626,0.384,0.244,0.158,182,80,68,64,0.382,0.197,0.421,0.255,0.163,0.110,76,66,62,53
0.087,0.127,0.002,-0.79,0.151,-1,0.4240,0.4627,0.262,0.736,0.494,0.192,0.626,0.384,0.244,0.158,182,80,68,64,0.382,0.197,0.421,0.255,0.163,0.110,76,66,62,53
0.084,0.110,0.001,3.14,0.186,0,0.4265,0.4733,0.033,-0.486,0.494,0.192,0.626,0.384,0.244,0.158,182,80,68,64,0.382,0.197,0.421,0.255,0.163,0.110,76,66,62,53
0.107,0.110,0.037,-1.1,0.105,-1,0.4380,0.4884,0.166,0.192,0.494,0.192,0.626,0.384,0.244,0.158,182,80,68,64,0.382,0.197,0.421,0.255,0.163,0.110,76,66,62,53
0.088,0.137,0.013,-0.42,0.180,0,0.4436,0.5030,0.308,0.318,0.494,0.192,0.626,0.384,0.244,0.158,182,80,68,64,0.382,0.197,0.421,0.255,0.163,0.110,76,66,62,53
0.101,0.129,0.001,1.99,0.186,0,0.4400,0.5117,0.154,-0.326,0.494,0.192,0.626,0.384,0.244,0.158,182,80,68,64,0.382,0.197,0.421,0.255,0.163,0.110,76,66,62,53
0.114,0.159,0.115,1.37,0.298,0,0.4343,0.5175,0.094,-0.510,0.494,0.192,0.626,0.384,0.244,0.158,182,80,68,64,0.382,0.197,0.421,0.255,0.163,0.110,76,66,62,53
0.114,0.189,0.325,1.37,0.298,0,0.4391,0.5249,0.204,-0.510,0.494,0.192,0.626,0.384,0.244,0.158,182,80,68,64,0.382,0.197,0.421,0.255,0.163,0.110,76,66,62,53
0.103,0.218,0.325,-1.19,0.219,1,0.4408,0.5304,0.360,0.586,0.494,0.192,0.626,0.384,0.244,0.158,182,80,68,64,0.382,0.197,0.421,0.255,0.163,0.110,76,66,62,53
0.103,0.147,0.044,0.85,0.046,0,0.4563,0.5429,0.123,0.06,0.494,0.192,0.626,0.384,0.244,0.158,182,80,68,64,0.382,0.197,0.421,0.255,0.163,0.110,76,66,62,53
0.086,0.170,0.128,-0.52,0.062,0,0.4730,0.5565,0.143,0.341,0.494,0.192,0.626,0.384,0.244,0.158,182,80,68,64,0.382,0.197,0.421,0.255,0.163,0.110,76,66,62,53
0.067,0.182,0.167,-0.42,0.180,0,0.4987,0.5734,0.338,0.318,0.494,0.192,0.626,0.384,0.244,0.158,182,80,68,64,0.382,0.197,0.421,0.255,0.163,0.110,76,66,62,53
0.079,0.210,0.097,-0.42,0.180,0,0.5285,0.5885,0.371,0.318,0.494,0.192,0.626,0.384,0.244,0.158,182,80,68,64,0.382,0.197,0.421,0.255,0.163,0.110,76,66,62,53
0.077,0.255,0.275,0.2,0.291,1,0.5667,0.6081,0.316,0.180,0.494,0.192,0.626,0.384,0.244,0.158,182,80,68,64,0.382,0.197,0.421,0.255,0.163,0.110,76,66,62,53
0.065,0.203,0.010,1.69,0.290,0,0.6149,0.6314,0.130,-0.697,0.494,0.192,0.626,0.384,0.244,0.158,182,80,68,64,0.382,0.197,0.421,0.255,0.163,0.110,76,66,62,53
0.054,0.251,0.095,-0.42,0.180,0,0.6683,0.6560,0.352,0.318,0.494,0.192,0.626,0.384,0.244,0.158,182,80,68,64,0.382,0.197,0.421,0.255,0.163,0.110,76,66,62,53
0.051,0.194,0.053,-1.14,0.131,0,0.7197,0.6763,0.403,0.987,0.494,0.192,0.626,0.384,0.244,0.158,182,80,68,64,0.382,0.197,0.421,0.255,0.163,0.110,76,66,62,53
0.051,0.212,0.025,0,0.000,0,0.7538,0.6828,0.309,0.166,0.494,0.192,0.626,0.384,0.244,0.158,182,80,68,64,0.382,0.197,0.421,0.255,0.163,0.110,76,66,62,53
0.056,0.201,0.200,-0.08,0.108,0,0.7783,0.6862,0.343,0.059,0.494,0.192,0.626,0.384,0.244,0.158,182,80,68,64,0.382,0.197,0.421,0.255,0.163,0.110,76,66,62,53
0.046,0.181,0.264,-0.52,0.062,0,0.8008,0.6922,0.393,0.341,0.494,0.192,0.626,0.384,0.244,0.158,182,80,68,64,0.382,0.197,0.421,0.255,0.163,0.110,76,66,62,53
0.046,0.161,0.066,-0.48,0.134,0,0.8135,0.6967,0.462,0.007,0.494,0.192,0.626,0.384,0.244,0.158,182,80,68,64,0.382,0.197,0.421,0.255,0.163,0.110,76,66,62,53
0.046,0.135,0.001,-0.79,0.151,-1,0.8259,0.7015,0.522,0.736,0.494,0.192,0.626,0.384,0.244,0.158,182,80,68,64,0.382,0.197,0.421,0.255,0.163,0.110,76,66,62,53
0.060,0.155,0.001,-0.08,0.108,0,0.8450,0.7141,0.385,0.059,0.494,0.192,0.626,0.384,0.244,0.158,182,80,68,64,0.382,0.197,0.421,0.255,0.163,0.110,76,66,62,53
0.060,0.127,0.001,-1.14,0.131,0,0.8492,0.7184,0.240,0.987,0.494,0.192,0.626,0.384,0.244,0.158,182,80,68,64,0.382,0.197,0.421,0.255,0.163,0.110,76,66,62,53
0.054,0.124,0.001,-0.79,0.151,-1,0.8459,0.7174,0.431,0.736,0.494,0.192,0.626,0.384,0.244,0.158,182,80,68,64,0.382,0.197,0.421,0.255,0.163,0.110,76,66,62,53
0.054,0.105,0.000,-0.79,0.151,-1,0.8297,0.7056,0.425,0.736,0.494,0.192,0.626,0.384,0.244,0.158,182,80,68,64,0.382,0.197,0.421,0.255,0.163,0.110,76,66,62,53
0.056,0.103,0.197,-0.08,0.108,0,0.8071,0.6906,0.138,0.059,0.494,0.192,0.626,0.384,0.244,0.158,182,80,68,64,0.382,0.197,0.421,0.255,0.163,0.110,76,66,62,53
0.059,0.138,0.361,1.37,0.298,0,0.7915,0.6818,0.106,-0.510,0.494,0.192,0.626,0.384,0.244,0.158,182,80,68,64,0.382,0.197,0.421,0.255,0.163,0.110,76,66,62,53
0.058,0.133,0.158,-0.42,0.180,0,0.7650,0.6690,0.386,0.318,0.494,0.192,0.626,0.384,0.244,0.158,182,80,68,64,0.382,0.197,0.421,0.255,0.163,0.110,76,66,62,53
0.060,0.165,0.275,0.2,0.291,1,0.7305,0.6504,0.377,0.180,0.494,0.192,0.626,0.384,0.244,0.158,182,80,68,64,0.382,0.197,0.421,0.255,0.163,0.110,76,66,62,53
0.059,0.102,0.002,0.85,0.046,0,0.6823,0.6232,0.154,0.06,0.494,0.192,0.626,0.384,0.244,0.158,182,80,68,64,0.382,0.197,0.421,0.255,0.163,0.110,76,66,62,53
0.068,0.126,0.008,1.42,0.221,0,0.6391,0.6002,0.199,-0.397,0.494,0.192,0.626,0.384,0.244,0.158,182,80,68,64,0.382,0.197,0.421,0.255,0.163,0.110,76,66,62,53
0.081,0.147,0.087,-1.19,0.219,1,0.6041,0.5853,0.515,0.586,0.494,0.192,0.626,0.384,0.244,0.158,182,80,68,64,0.382,0.197,0.421,0.255,0.163,0.110,76,66,62,53
0.081,0.113,0.022,-1.1,0.105,-1,0.5758,0.5742,0.271,0.192,0.494,0.192,0.626,0.384,0.244,0.158,182,80,68,64,0.382,0.197,0.421,0.255,0.163,0.110,76,66,62,53
0.085,0.111,0.002,-1.14,0.131,0,0.5552,0.5660,0.388,0.987,0.494,0.192,0.626,0.384,0.244,0.158,182,80,68,64,0.382,0.197,0.421,0.255,0.163,0.110,76,66,62,53
0.109,0.111,0.002,-0.79,0.151,-1,0.5268,0.5487,0.410,0.736,0.494,0.192,0.626,0.384,0.244,0.158,182,80,68,64,0.382,0.197,0.421,0.255,0.163,0.110,76,66,62,53
0.130,0.094,0.001,2.53,0.140,0,0.4991,0.5315,0.066,-0.121,0.494,0.192,0.626,0.384,0.244,0.158,182,80,68,64,0.382,0.197,0.421,0.255,0.163,0.110,76,66,62,53
0.143,0.099,0.003,0.85,0.046,0,0.4777,0.5201,0.130,0.06,0.494,0.192,0.626,0.384,0.244,0.158,182,80,68,64,0.382,0.197,0.421,0.255,0.163,0.110,76,66,62,53
0.156,0.095,0.003,0.85,0.046,0,0.4573,0.5082,0.245,0.06,0.494,0.192,0.626,0.384,0.244,0.158,182,80,68,64,0.382,0.197,0.421,0.255,0.163,0.110,76,66,62,53
0.160,0.095,0.003,3.14,0.186,0,0.4431,0.4970,0.102,-0.486,0.494,0.192,0.626,0.384,0.244,0.158,182,80,68,64,0.382,0.197,0.421,0.255,0.163,0.110,76,66,62,53
0.150,0.096,0.020,1.42,0.221,0,0.4363,0.4893,0.091,-0.397,0.494,0.192,0.626,0.384,0.244,0.158,182,80,68,64,0.382,0.197,0.421,0.255,0.163,0.110,76,66,62,53
0.144,0.119,0.445,-0.42,0.180,0,0.4468,0.4932,0.269,0.318,0.494,0.192,0.626,0.384,0.244,0.158,182,80,68,64,0.382,0.197,0.421,0.255,0.163,0.110,76,66,62,53
0.139,0.107,0.324,-1.1,0.105,-1,0.4598,0.4971,0.193,0.192,0.494,0.192,0.626,0.384,0.244,0.158,182,80,68,64,0.382,0.197,0.421,0.255,0.163,0.110,76,66,62,53
0.109,0.120,0.413,-1.14,0.131,0,0.4575,0.4895,0.307,0.987,0.494,0.192,0.626,0.384,0.244,0.158,182,80,68,64,0.382,0.197,0.421,0.255,0.163,0.110,76,66,62,53
0.110,0.103,0.341,2.53,0.140,0,0.4548,0.4785,0.121,-0.121,0.494,0.192,0.626,0.384,0.244,0.158,182,80,68,64,0.382,0.197,0.421,0.255,0.163,0.110,76,66,62,53
0.097,0.095,0.080,1.42,0.221,0,0.4609,0.4738,0.070,-0.397,0.494,0.192,0.626,0.384,0.244,0.158,182,80,68,64,0.382,0.197,0.421,0.255,0.163,0.110,76,66,62,53
0.114,0.117,0.408,-0.42,0.180,0,0.4816,0.4777,0.308,0.318,0.494,0.192,0.626,0.384,0.244,0.158,182,80,68,64,0.382,0.197,0.421,0.255,0.163,0.110,76,66,62,53
0.115,0.100,0.406,-0.52,0.062,0,0.5027,0.4809,0.240,0.341,0.494,0.192,0.626,0.384,0.244,0.158,182,80,68,64,0.382,0.197,0.421,0.255,0.163,0.110,76,66,62,53
0.115,0.091,0.026,3.14,0.186,0,0.5094,0.4737,0.069,-0.486,0.494,0.192,0.626,0.384,0.244,0.158,182,80,68,64,0.382,0.197,0.421,0.255,0.163,0.110,76,66,62,53
0.114,0.096,0.002,1.99,0.186,0,0.5152,0.4656,0.108,-0.326,0.494,0.192,0.626,0.384,0.244,0.158,182,80,68,64,0.382,0.197,0.421,0.255,0.163,0.110,76,66,62,53
0.113,0.131,0.188,-0.42,0.180,0,0.5314,0.4675,0.406,0.318,0.494,0.192,0.626,0.384,0.244,0.158,182,80,68,64,0.382,0.197,0.421,0.255,0.163,0.110,76,66,62,53
0.088,0.141,0.062,-0.42,0.180,0,0.5569,0.4765,0.252,0.318,0.494,0.192,0.626,0.384,0.244,0.158,182,80,68,64,0.382,0.197,0.421,0.255,0.163,0.110,76,66,62,53
0.098,0.116,0.004,0.85,0.046,0,0.5770,0.4836,0.072,0.06,0.494,0.192,0.626,0.384,0.244,0.158,182,80,68,64,0.382,0.197,0.421,0.255,0.163,0.110,76,66,62,53
0.106,0.135,0.107,-0.42,0.180,0,0.5891,0.4837,0.439,0.318,0.494,0.192,0.626,0.384,0.244,0.158,182,80,68,64,0.382,0.197,0.421,0.255,0.163,0.110,76,66,62,53
0.137,0.157,0.387,-0.42,0.180,0,0.6102,0.4914,0.530,0.318,0.494,0.192,0.626,0.384,0.244,0.158,182,80,68,64,0.382,0.197,0.421,0.255,0.163,0.110,76,66,62,53
0.116,0.181,0.387,-0.48,0.134,0,0.6307,0.5019,0.202,0.007,0.494,0.192,0.626,0.384,0.244,0.158,182,80,68,64,0.382,0.197,0.421,0.255,0.163,0.110,76,66,62,53
0.107,0.153,0.320,-1.14,0.131,0,0.6440,0.5068,0.268,0.987,0.494,0.192,0.626,0.384,0.244,0.158,182,80,68,64,0.382,0.197,0.421,0.255,0.163,0.110,76,66,62,53
0.090,0.147,0.129,0.85,0.046,0,0.6515,0.5072,0.512,0.06,0.494,0.192,0.626,0.384,0.244,0.158,182,80,68,64,0.382,0.197,0.421,0.255,0.163,0.110,76,66,62,53
0.085,0.114,0.028,0.85,0.046,0,0.6579,0.5068,0.174,0.06,0.494,0.192,0.626,0.384,0.244,0.158,182,80,68,64,0.382,0.197,0.421,0.255,0.163,0.110,76,66,62,53
0.071,0.106,0.001,1.99,0.186,0,0.6738,0.5161,0.061,-0.326,0.494,0.192,0.626,0.384,0.244,0.158,182,80,68,64,0.382,0.197,0.421,0.255,0.163,0.110,76,66,62,53
0.090,0.138,0.104,-0.42,0.180,0,0.6801,0.5200,0.346,0.318,0.494,0.192,0.626,0.384,0.244,0.158,182,80,68,64,0.382,0.197,0.421,0.255,0.163,0.110,76,66,62,53
0.115,0.112,0.116,-0.79,0.151,-1,0.6650,0.5089,0.480,0.736,0.494,0.192,0.626,0.384,0.244,0.158,182,80,68,64,0.382,0.197,0.421,0.255,0.163,0.110,76,66,62,53
0.116,0.131,0.095,0.22,0.230,0,0.6244,0.4767,0.190,0.303,0.494,0.192,0.626,0.384,0.244,0.158,182,80,68,64,0.382,0.197,0.421,0.255,0.163,0.110,76,66,62,53
0.112,0.117,0.020,1.42,0.221,0,0.5811,0.4452,0.200,-0.397,0.494,0.192,0.626,0.384,0.244,0.158,182,80,68,64,0.382,0.197,0.421,0.255,0.163,0.110,76,66,62,53
0.110,0.183,0.389,-1.19,0.219,1,0.5469,0.4179,0.520,0.586,0.494,0.192,0.626,0.384,0.244,0.158,182,80,68,64,0.382,0.197,0.421,0.255,0.163,0.110,76,66,62,53
0.113,0.191,0.288,-0.48,0.134,0,0.5155,0.3934,0.281,0.007,0.494,0.192,0.626,0.384,0.244,0.158,182,80,68,64,0.382,0.197,0.421,0.255,0.163,0.110,76,66,62,53
0.130,0.166,0.319,-1.14,0.131,0,0.4763,0.3610,0.349,0.987,0.494,0.192,0.626,0.384,0.244,0.158,182,80,68,64,0.382,0.197,0.421,0.255,0.163,0.110,76,66,62,53
0.137,0.184,0.096,-0.79,0.151,-1,0.4300,0.3246,0.545,0.736,0.494,0.192,0.626,0.384,0.244,0.158,182,80,68,64,0.382,0.197,0.421,0.255,0.163,0.110,76,66,62,53
0.137,0.160,0.041,2.53,0.140,0,0.3942,0.2927,0.072,-0.121,0.494,0.192,0.626,0.384,0.244,0.158,182,80,68,64,0.382,0.197,0.421,0.255,0.163,0.110,76,66,62,53
0.139,0.209,0.243,1.69,0.290,0,0.3768,0.2724,0.058,-0.697,0.494,0.192,0.626,0.384,0.244,0.158,182,80,68,64,0.382,0.197,0.421,0.255,0.163,0.110,76,66,62,53
0.136,0.284,0.265,-1.19,0.219,1,0.3672,0.2582,0.457,0.586,0.494,0.192,0.626,0.384,0.244,0.158,182,80,68,64,0.382,0.197,0.421,0.255,0.163,0.110,76,66,62,53
0.137,0.257,0.348,-1.19,0.219,1,0.3604,0.2437,0.267,0.586,0.494,0.192,0.626,0.384,0.244,0.158,182,80,68,64,0.382,0.197,0.421,0.255,0.163,0.110,76,66,62,53
0.173,0.193,0.001,3.14,0.186,0,0.3576,0.2357,0.021,-0.486,0.494,0.192,0.626,0.384,0.244,0.158,182,80,68,64,0.382,0.197,0.421,0.255,0.163,0.110,76,66,62,53
0.154,0.298,0.248,-0.42,0.180,0,0.3475,0.2309,0.155,0.318,0.494,0.192,0.626,0.384,0.244,0.158,182,80,68,64,0.382,0.197,0.421,0.255,0.163,0.110,76,66,62,53
0.151,0.312,0.418,-0.08,0.108,0,0.3336,0.2328,0.228,0.059,0.494,0.192,0.626,0.384,0.244,0.158,182,80,68,64,0.382,0.197,0.421,0.255,0.163,0.110,76,66,62,53
0.127,0.301,0.060,1.99,0.186,0,0.3093,0.2388,0.059,-0.326,0.494,0.192,0.626,0.384,0.244,0.158,182,80,68,64,0.382,0.197,0.421,0.255,0.163,0.110,76,66,62,53
0.149,0.251,0.072,3.14,0.186,0,0.2881,0.2595,0.056,-0.486,0.494,0.192,0.626,0.384,0.244,0.158,182,80,68,64,0.382,0.197,0.421,0.255,0.163,0.110,76,66,62,53
0.155,0.270,0.230,0.85,0.046,0,0.2748,0.3006,0.180,0.06,0.494,0.192,0.626,0.384,0.244,0.158,182,80,68,64,0.382,0.197,0.421,0.255,0.163,0.110,76,66,62,53
0.193,0.321,0.308,0.85,0.046,0,0.2689,0.3549,0.179,0.06,0.494,0.192,0.626,0.384,0.244,0.158,182,80,68,64,0.382,0.197,0.421,0.255,0.163,0.110,76,66,62,53
0.194,0.441,0.279,0,0.000,0,0.2715,0.4196,0.096,0.166,0.494,0.192,0.626,0.384,0.244,0.158,182,80,68,64,0.382,0.197,0.421,0.255,0.163,0.110,76,66,62,53
0.245,0.405,0.197,3.14,0.186,0,0.2818,0.4913,0.070,-0.486,0.494,0.192,0.626,0.384,0.244,0.158,182,80,68,64,0.382,0.197,0.421,0.255,0.163,0.110,76,66,62,53
0.193,0.525,0.292,3.14,0.186,0,0.2972,0.5658,0.116,-0.486,0.494,0.192,0.626,0.384,0.244,0.158,182,80,68,64,0.382,0.197,0.421,0.255,0.163,0.110,76,66,62,53
0.144,0.569,0.623,0.2,0.291,1,0.3123,0.6382,0.346,0.180,0.494,0.192,0.626,0.384,0.244,0.158,182,80,68,64,0.382,0.197,0.421,0.255,0.163,0.110,76,66,62,53
0.147,0.476,0.532,-0.08,0.108,0,0.3189,0.7033,0.243,0.059,0.494,0.192,0.626,0.384,0.244,0.158,182,80,68,64,0.382,0.197,0.421,0.255,0.163,0.110,76,66,62,53
0.154,0.482,0.520,0,0.000,0,0.3051,0.7556,0.344,0.166,0.494,0.192,0.626,0.384,0.244,0.158,182,80,68,64,0.382,0.197,0.421,0.255,0.163,0.110,76,66,62,53
0.168,0.709,0.662,0.2,0.291,1,0.2554,0.7894,0.679,0.180,0.494,0.192,0.626,0.384,0.244,0.158,182,80,68,64,0.382,0.197,0.421,0.255,0.163,0.110,76,66,62,53
