0.119,0.151,0.558,1.42,0.221,0,0.1972,0.7843,0.669,-0.397,0.350,0.107,0.485,0.006,0.000,0.000,40,1,0,0,0.335,0.155,0.242,0.073,0.055,0.042,11,8,6,5
0.092,0.146,0.568,0.85,0.046,0,0.1987,0.7200,0.249,0.06,0.350,0.107,0.485,0.006,0.000,0.000,40,1,0,0,0.335,0.155,0.242,0.073,0.055,0.042,11,8,6,5
0.097,0.174,0.545,1.99,0.186,0,0.1944,0.6491,0.215,-0.326,0.350,0.107,0.485,0.006,0.000,0.000,40,1,0,0,0.335,0.155,0.242,0.073,0.055,0.042,11,8,6,5
0.100,0.269,0.813,0.2,0.291,1,0.1878,0.5739,0.372,0.180,0.350,0.107,0.485,0.006,0.000,0.000,40,1,0,0,0.335,0.155,0.242,0.073,0.055,0.042,11,8,6,5
0.140,0.170,0.627,1.42,0.221,0,0.1816,0.4970,0.228,-0.397,0.350,0.107,0.485,0.006,0.000,0.000,40,1,0,0,0.335,0.155,0.242,0.073,0.055,0.042,11,8,6,5
0.141,0.219,0.577,1.76,0.409,0,0.1778,0.4213,0.185,-0.884,0.350,0.107,0.485,0.006,0.000,0.000,40,1,0,0,0.335,0.155,0.242,0.073,0.055,0.042,11,8,6,5
0.151,0.155,0.492,0.85,0.046,0,0.1775,0.3497,0.147,0.06,0.350,0.107,0.485,0.006,0.000,0.000,40,1,0,0,0.335,0.155,0.242,0.073,0.055,0.042,11,8,6,5
0.161,0.206,0.739,-0.52,0.062,0,0.1813,0.2850,0.307,0.341,0.350,0.107,0.485,0.006,0.000,0.000,40,1,0,0,0.335,0.155,0.242,0.073,0.055,0.042,11,8,6,5
0.170,0.205,0.675,-0.52,0.062,0,0.1893,0.2298,0.280,0.341,0.350,0.107,0.485,0.006,0.000,0.000,40,1,0,0,0.335,0.155,0.242,0.073,0.055,0.042,11,8,6,5
0.179,0.216,0.463,-0.08,0.108,0,0.2011,0.1861,0.290,0.059,0.350,0.107,0.485,0.006,0.000,0.000,40,1,0,0,0.335,0.155,0.242,0.073,0.055,0.042,11,8,6,5
0.185,0.232,0.311,0.85,0.046,0,0.2174,0.1573,0.248,0.06,0.350,0.107,0.485,0.006,0.000,0.000,40,1,0,0,0.335,0.155,0.242,0.073,0.055,0.042,11,8,6,5
0.177,0.270,0.567,-0.48,0.134,0,0.2374,0.1442,0.337,0.007,0.350,0.107,0.485,0.006,0.000,0.000,40,1,0,0,0.335,0.155,0.242,0.073,0.055,0.042,11,8,6,5
0.188,0.204,0.286,0.85,0.046,0,0.2575,0.1426,0.144,0.06,0.350,0.107,0.485,0.006,0.000,0.000,40,1,0,0,0.335,0.155,0.242,0.073,0.055,0.042,11,8,6,5
0.188,0.192,0.028,1.99,0.186,0,0.2744,0.1479,0.194,-0.326,0.350,0.107,0.485,0.006,0.000,0.000,40,1,0,0,0.335,0.155,0.242,0.073,0.055,0.042,11,8,6,5
0.190,0.261,0.582,-1.19,0.219,1,0.2839,0.1521,0.489,0.586,0.350,0.107,0.485,0.006,0.000,0.000,40,1,0,0,0.335,0.155,0.242,0.073,0.055,0.042,11,8,6,5
0.175,0.215,0.463,1.99,0.186,0,0.3024,0.1668,0.189,-0.326,0.350,0.107,0.485,0.006,0.000,0.000,40,1,0,0,0.335,0.155,0.242,0.073,0.055,0.042,11,8,6,5
0.233,0.308,0.631,-0.52,0.062,0,0.3123,0.1757,0.239,0.341,0.350,0.107,0.485,0.006,0.000,0.000,40,1,0,0,0.335,0.155,0.242,0.073,0.055,0.042,11,8,6,5
0.195,0.295,0.692,-0.52,0.062,0,0.3121,0.1787,0.375,0.341,0.350,0.107,0.485,0.006,0.000,0.000,40,1,0,0,0.335,0.155,0.242,0.073,0.055,0.042,11,8,6,5
0.195,0.306,0.691,-0.52,0.062,0,0.2979,0.1710,0.362,0.341,0.350,0.107,0.485,0.006,0.000,0.000,40,1,0,0,0.335,0.155,0.242,0.073,0.055,0.042,11,8,6,5
0.182,0.323,0.689,-0.52,0.062,0,0.2802,0.1607,0.256,0.341,0.350,0.107,0.485,0.006,0.000,0.000,40,1,0,0,0.335,0.155,0.242,0.073,0.055,0.042,11,8,6,5
0.200,0.386,0.795,0.2,0.291,1,0.2537,0.1465,0.408,0.180,0.350,0.107,0.485,0.006,0.000,0.000,40,1,0,0,0.335,0.155,0.242,0.073,0.055,0.042,11,8,6,5
0.206,0.214,0.437,1.99,0.186,0,0.2258,0.1317,0.200,-0.326,0.350,0.107,0.485,0.006,0.000,0.000,40,1,0,0,0.335,0.155,0.242,0.073,0.055,0.042,11,8,6,5
0.244,0.245,0.612,0.22,0.230,0,0.2017,0.1195,0.371,0.303,0.350,0.107,0.485,0.006,0.000,0.000,40,1,0,0,0.335,0.155,0.242,0.073,0.055,0.042,11,8,6,5
0.205,0.174,0.566,1.99,0.186,0,0.1849,0.1118,0.185,-0.326,0.350,0.107,0.485,0.006,0.000,0.000,40,1,0,0,0.335,0.155,0.242,0.073,0.055,0.042,11,8,6,5
0.216,0.232,0.511,-0.52,0.062,0,0.1805,0.1121,0.199,0.341,0.350,0.107,0.485,0.006,0.000,0.000,40,1,0,0,0.335,0.155,0.242,0.073,0.055,0.042,11,8,6,5
0.152,0.217,0.392,-1.14,0.131,0,0.1875,0.1200,0.293,0.987,0.350,0.107,0.485,0.006,0.000,0.000,40,1,0,0,0.335,0.155,0.242,0.073,0.055,0.042,11,8,6,5
0.152,0.315,0.522,-0.08,0.108,0,0.1798,0.1134,0.335,0.059,0.350,0.107,0.485,0.006,0.000,0.000,40,1,0,0,0.335,0.155,0.242,0.073,0.055,0.042,11,8,6,5
0.144,0.258,0.615,1.69,0.290,0,0.1704,0.1049,0.159,-0.697,0.350,0.107,0.485,0.006,0.000,0.000,40,1,0,0,0.335,0.155,0.242,0.073,0.055,0.042,11,8,6,5
0.132,0.291,0.624,-0.52,0.062,0,0.1569,0.0939,0.210,0.341,0.350,0.107,0.485,0.006,0.000,0.000,40,1,0,0,0.335,0.155,0.242,0.073,0.055,0.042,11,8,6,5
0.128,0.263,0.462,3.14,0.186,0,0.1477,0.0866,0.118,-0.486,0.350,0.107,0.485,0.006,0.000,0.000,40,1,0,0,0.335,0.155,0.242,0.073,0.055,0.042,11,8,6,5
0.121,0.304,0.734,-0.52,0.062,0,0.1377,0.0801,0.175,0.341,0.350,0.107,0.485,0.006,0.000,0.000,40,1,0,0,0.335,0.155,0.242,0.073,0.055,0.042,11,8,6,5
0.145,0.292,0.765,0.2,0.291,1,0.1272,0.0750,0.336,0.180,0.350,0.107,0.485,0.006,0.000,0.000,40,1,0,0,0.335,0.155,0.242,0.073,0.055,0.042,11,8,6,5
0.130,0.223,0.507,2.1,0.128,0,0.1178,0.0727,0.087,0.02,0.350,0.107,0.485,0.006,0.000,0.000,40,1,0,0,0.335,0.155,0.242,0.073,0.055,0.042,11,8,6,5
0.122,0.231,0.450,1.69,0.290,0,0.1204,0.0791,0.152,-0.697,0.350,0.107,0.485,0.006,0.000,0.000,40,1,0,0,0.335,0.155,0.242,0.073,0.055,0.042,11,8,6,5
0.117,0.240,0.586,-0.52,0.062,0,0.1271,0.0875,0.234,0.341,0.350,0.107,0.485,0.006,0.000,0.000,40,1,0,0,0.335,0.155,0.242,0.073,0.055,0.042,11,8,6,5
0.117,0.250,0.256,-0.48,0.134,0,0.1358,0.0986,0.247,0.007,0.350,0.107,0.485,0.006,0.000,0.000,40,1,0,0,0.335,0.155,0.242,0.073,0.055,0.042,11,8,6,5
0.131,0.147,0.024,2.53,0.140,0,0.1310,0.0962,0.162,-0.121,0.350,0.107,0.485,0.006,0.000,0.000,40,1,0,0,0.335,0.155,0.242,0.073,0.055,0.042,11,8,6,5
0.113,0.149,0.045,1.99,0.186,0,0.1341,0.0981,0.213,-0.326,0.350,0.107,0.485,0.006,0.000,0.000,40,1,0,0,0.335,0.155,0.242,0.073,0.055,0.042,11,8,6,5
0.094,0.177,0.103,-1.1,0.105,-1,0.1479,0.1069,0.411,0.192,0.350,0.107,0.485,0.006,0.000,0.000,40,1,0,0,0.335,0.155,0.242,0.073,0.055,0.042,11,8,6,5
0.090,0.190,0.151,0,0.000,0,0.1590,0.1126,0.271,0.166,0.350,0.107,0.485,0.006,0.000,0.000,40,1,0,0,0.335,0.155,0.242,0.073,0.055,0.042,11,8,6,5
0.114,0.176,0.084,1.99,0.186,0,0.1755,0.1222,0.185,-0.326,0.350,0.107,0.485,0.006,0.000,0.000,40,1,0,0,0.335,0.155,0.242,0.073,0.055,0.042,11,8,6,5
0.117,0.268,0.521,-1.19,0.219,1,0.1931,0.1316,0.516,0.586,0.350,0.107,0.485,0.006,0.000,0.000,40,1,0,0,0.335,0.155,0.242,0.073,0.055,0.042,11,8,6,5
0.091,0.235,0.306,1.37,0.298,0,0.2254,0.1543,0.287,-0.510,0.350,0.107,0.485,0.006,0.000,0.000,40,1,0,0,0.335,0.155,0.242,0.073,0.055,0.042,11,8,6,5
0.090,0.154,0.353,0.85,0.046,0,0.2609,0.1801,0.167,0.06,0.350,0.107,0.485,0.006,0.000,0.000,40,1,0,0,0.335,0.155,0.242,0.073,0.055,0.042,11,8,6,5
0.116,0.172,0.343,-1.14,0.131,0,0.2908,0.2033,0.387,0.987,0.350,0.107,0.485,0.006,0.000,0.000,40,1,0,0,0.335,0.155,0.242,0.073,0.055,0.042,11,8,6,5
0.110,0.183,0.375,-0.52,0.062,0,0.3045,0.2144,0.357,0.341,0.350,0.107,0.485,0.006,0.000,0.000,40,1,0,0,0.335,0.155,0.242,0.073,0.055,0.042,11,8,6,5
0.131,0.218,0.530,0.22,0.230,0,0.3103,0.2207,0.329,0.303,0.350,0.107,0.485,0.006,0.000,0.000,40,1,0,0,0.335,0.155,0.242,0.073,0.055,0.042,11,8,6,5
0.124,0.115,0.105,-0.79,0.151,-1,0.3121,0.2255,0.430,0.736,0.350,0.107,0.485,0.006,0.000,0.000,40,1,0,0,0.335,0.155,0.242,0.073,0.055,0.042,11,8,6,5
0.122,0.168,0.351,1.76,0.409,0,0.3092,0.2277,0.193,-0.884,0.350,0.107,0.485,0.006,0.000,0.000,40,1,0,0,0.335,0.155,0.242,0.073,0.055,0.042,11,8,6,5
0.129,0.128,0.057,2.53,0.140,0,0.3094,0.2302,0.133,-0.121,0.350,0.107,0.485,0.006,0.000,0.000,40,1,0,0,0.335,0.155,0.242,0.073,0.055,0.042,11,8,6,5
0.124,0.249,0.415,-1.19,0.219,1,0.3224,0.2443,0.430,0.586,0.350,0.107,0.485,0.006,0.000,0.000,40,1,0,0,0.335,0.155,0.242,0.073,0.055,0.042,11,8,6,5
0.118,0.283,0.158,0.22,0.230,0,0.3411,0.2621,0.393,0.303,0.350,0.107,0.485,0.006,0.000,0.000,40,1,0,0,0.335,0.155,0.242,0.073,0.055,0.042,11,8,6,5
0.091,0.213,0.281,-0.79,0.151,-1,0.3578,0.2771,0.532,0.736,0.350,0.107,0.485,0.006,0.000,0.000,40,1,0,0,0.335,0.155,0.242,0.073,0.055,0.042,11,8,6,5
0.110,0.216,0.238,0,0.000,0,0.3765,0.2942,0.329,0.166,0.350,0.107,0.485,0.006,0.000,0.000,40,1,0,0,0.335,0.155,0.242,0.073,0.055,0.042,11,8,6,5
0.110,0.233,0.178,-0.52,0.062,0,0.3855,0.3026,0.251,0.341,0.350,0.107,0.485,0.006,0.000,0.000,40,1,0,0,0.335,0.155,0.242,0.073,0.055,0.042,11,8,6,5
0.111,0.152,0.168,2.53,0.140,0,0.4038,0.3197,0.211,-0.121,0.350,0.107,0.485,0.006,0.000,0.000,40,1,0,0,0.335,0.155,0.242,0.073,0.055,0.042,11,8,6,5
0.102,0.150,0.020,0.85,0.046,0,0.4337,0.3476,0.154,0.06,0.350,0.107,0.485,0.006,0.000,0.000,40,1,0,0,0.335,0.155,0.242,0.073,0.055,0.042,11,8,6,5
0.102,0.169,0.457,-0.08,0.108,0,0.4503,0.3668,0.182,0.059,0.350,0.107,0.485,0.006,0.000,0.000,40,1,0,0,0.335,0.155,0.242,0.073,0.055,0.042,11,8,6,5
0.124,0.128,0.066,3.14,0.186,0,0.4550,0.3782,0.097,-0.486,0.350,0.107,0.485,0.006,0.000,0.000,40,1,0,0,0.335,0.155,0.242,0.073,0.055,0.042,11,8,6,5
0.180,0.155,0.494,0,0.000,0,0.4393,0.3718,0.143,0.166,0.350,0.107,0.485,0.006,0.000,0.000,40,1,0,0,0.335,0.155,0.242,0.073,0.055,0.042,11,8,6,5
0.148,0.145,0.315,3.14,0.186,0,0.4250,0.3669,0.065,-0.486,0.350,0.107,0.485,0.006,0.000,0.000,40,1,0,0,0.335,0.155,0.242,0.073,0.055,0.042,11,8,6,5
0.120,0.164,0.655,-0.08,0.108,0,0.3928,0.3445,0.192,0.059,0.350,0.107,0.485,0.006,0.000,0.000,40,1,0,0,0.335,0.155,0.242,0.073,0.055,0.042,11,8,6,5
0.112,0.110,0.552,-1.1,0.105,-1,0.3611,0.3219,0.308,0.192,0.350,0.107,0.485,0.006,0.000,0.000,40,1,0,0,0.335,0.155,0.242,0.073,0.055,0.042,11,8,6,5
0.113,0.133,0.512,0.22,0.230,0,0.3226,0.2934,0.315,0.303,0.350,0.107,0.485,0.006,0.000,0.000,40,1,0,0,0.335,0.155,0.242,0.073,0.055,0.042,11,8,6,5
0.111,0.086,0.197,0.85,0.046,0,0.2877,0.2668,0.145,0.06,0.350,0.107,0.485,0.006,0.000,0.000,40,1,0,0,0.335,0.155,0.242,0.073,0.055,0.042,11,8,6,5
0.086,0.092,0.449,-0.42,0.180,0,0.2719,0.2566,0.350,0.318,0.350,0.107,0.485,0.006,0.000,0.000,40,1,0,0,0.335,0.155,0.242,0.073,0.055,0.042,11,8,6,5
0.085,0.078,0.107,-1.1,0.105,-1,0.2709,0.2609,0.412,0.192,0.350,0.107,0.485,0.006,0.000,0.000,40,1,0,0,0.335,0.155,0.242,0.073,0.055,0.042,11,8,6,5
0.081,0.091,0.071,0.22,0.230,0,0.2801,0.2736,0.339,0.303,0.350,0.107,0.485,0.006,0.000,0.000,40,1,0,0,0.335,0.155,0.242,0.073,0.055,0.042,11,8,6,5
0.069,0.063,0.002,1.99,0.186,0,0.3145,0.3078,0.237,-0.326,0.350,0.107,0.485,0.006,0.000,0.000,40,1,0,0,0.335,0.155,0.242,0.073,0.055,0.042,11,8,6,5
0.067,0.076,0.065,0,0.000,0,0.3569,0.3483,0.160,0.166,0.350,0.107,0.485,0.006,0.000,0.000,40,1,0,0,0.335,0.155,0.242,0.073,0.055,0.042,11,8,6,5
0.067,0.075,0.063,-0.79,0.151,-1,0.3870,0.3782,0.299,0.736,0.350,0.107,0.485,0.006,0.000,0.000,40,1,0,0,0.335,0.155,0.242,0.073,0.055,0.042,11,8,6,5
0.069,0.073,0.040,2.53,0.140,0,0.4067,0.3970,0.102,-0.121,0.350,0.107,0.485,0.006,0.000,0.000,40,1,0,0,0.335,0.155,0.242,0.073,0.055,0.042,11,8,6,5
0.077,0.076,0.298,2.53,0.140,0,0.4067,0.3962,0.071,-0.121,0.350,0.107,0.485,0.006,0.000,0.000,40,1,0,0,0.335,0.155,0.242,0.073,0.055,0.042,11,8,6,5
0.080,0.081,0.411,1.69,0.290,0,0.4006,0.3878,0.136,-0.697,0.350,0.107,0.485,0.006,0.000,0.000,40,1,0,0,0.335,0.155,0.242,0.073,0.055,0.042,11,8,6,5
0.071,0.079,0.053,2.53,0.140,0,0.3937,0.3778,0.103,-0.121,0.350,0.107,0.485,0.006,0.000,0.000,40,1,0,0,0.335,0.155,0.242,0.073,0.055,0.042,11,8,6,5
0.088,0.088,0.182,-0.79,0.151,-1,0.3774,0.3588,0.256,0.736,0.350,0.107,0.485,0.006,0.000,0.000,40,1,0,0,0.335,0.155,0.242,0.073,0.055,0.042,11,8,6,5
0.093,0.066,0.192,1.99,0.186,0,0.3531,0.3338,0.097,-0.326,0.350,0.107,0.485,0.006,0.000,0.000,40,1,0,0,0.335,0.155,0.242,0.073,0.055,0.042,11,8,6,5
0.120,0.067,0.065,-1.14,0.131,0,0.3267,0.3081,0.372,0.987,0.350,0.107,0.485,0.006,0.000,0.000,40,1,0,0,0.335,0.155,0.242,0.073,0.055,0.042,11,8,6,5
0.114,0.073,0.130,-0.79,0.151,-1,0.3176,0.2995,0.450,0.736,0.350,0.107,0.485,0.006,0.000,0.000,40,1,0,0,0.335,0.155,0.242,0.073,0.055,0.042,11,8,6,5
0.095,0.083,0.150,-1.14,0.131,0,0.3084,0.2901,0.425,0.987,0.350,0.107,0.485,0.006,0.000,0.000,40,1,0,0,0.335,0.155,0.242,0.073,0.055,0.042,11,8,6,5
0.095,0.115,0.182,0,0.000,0,0.3090,0.2902,0.483,0.166,0.350,0.107,0.485,0.006,0.000,0.000,40,1,0,0,0.335,0.155,0.242,0.073,0.055,0.042,11,8,6,5
0.117,0.130,0.142,2.53,0.140,0,0.3170,0.2975,0.184,-0.121,0.350,0.107,0.485,0.006,0.000,0.000,40,1,0,0,0.335,0.155,0.242,0.073,0.055,0.042,11,8,6,5
0.117,0.242,0.410,-0.52,0.062,0,0.3280,0.3051,0.296,0.341,0.350,0.107,0.485,0.006,0.000,0.000,40,1,0,0,0.335,0.155,0.242,0.073,0.055,0.042,11,8,6,5
0.095,0.256,0.122,2.53,0.140,0,0.3578,0.3275,0.172,-0.121,0.350,0.107,0.485,0.006,0.000,0.000,40,1,0,0,0.335,0.155,0.242,0.073,0.055,0.042,11,8,6,5
0.122,0.314,0.398,-0.08,0.108,0,0.3876,0.3491,0.285,0.059,0.350,0.107,0.485,0.006,0.000,0.000,40,1,0,0,0.335,0.155,0.242,0.073,0.055,0.042,11,8,6,5
0.122,0.421,0.456,-1.19,0.219,1,0.4157,0.3689,0.496,0.586,0.350,0.107,0.485,0.006,0.000,0.000,40,1,0,0,0.335,0.155,0.242,0.073,0.055,0.042,11,8,6,5
0.182,0.303,0.195,0,0.000,0,0.4257,0.3728,0.370,0.166,0.350,0.107,0.485,0.006,0.000,0.000,40,1,0,0,0.335,0.155,0.242,0.073,0.055,0.042,11,8,6,5
0.184,0.357,0.257,-1.19,0.219,1,0.4326,0.3738,0.522,0.586,0.350,0.107,0.485,0.006,0.000,0.000,40,1,0,0,0.335,0.155,0.242,0.073,0.055,0.042,11,8,6,5
0.183,0.253,0.253,0,0.000,0,0.4311,0.3682,0.322,0.166,0.350,0.107,0.485,0.006,0.000,0.000,40,1,0,0,0.335,0.155,0.242,0.073,0.055,0.042,11,8,6,5
0.230,0.282,0.027,1.69,0.290,0,0.4261,0.3598,0.223,-0.697,0.350,0.107,0.485,0.006,0.000,0.000,40,1,0,0,0.335,0.155,0.242,0.073,0.055,0.042,11,8,6,5
0.231,0.204,0.021,0,0.000,0,0.4102,0.3428,0.245,0.166,0.350,0.107,0.485,0.006,0.000,0.000,40,1,0,0,0.335,0.155,0.242,0.073,0.055,0.042,11,8,6,5
0.227,0.194,0.347,0.85,0.046,0,0.4031,0.3364,0.182,0.06,0.350,0.107,0.485,0.006,0.000,0.000,40,1,0,0,0.335,0.155,0.242,0.073,0.055,0.042,11,8,6,5
0.196,0.138,0.034,2.53,0.140,0,0.4067,0.3413,0.169,-0.121,0.350,0.107,0.485,0.006,0.000,0.000,40,1,0,0,0.335,0.155,0.242,0.073,0.055,0.042,11,8,6,5
0.196,0.149,0.476,-0.79,0.151,-1,0.4130,0.3495,0.381,0.736,0.350,0.107,0.485,0.006,0.000,0.000,40,1,0,0,0.335,0.155,0.242,0.073,0.055,0.042,11,8,6,5
0.188,0.193,0.586,-0.52,0.062,0,0.4199,0.3590,0.209,0.341,0.350,0.107,0.485,0.006,0.000,0.000,40,1,0,0,0.335,0.155,0.242,0.073,0.055,0.042,11,8,6,5
0.192,0.147,0.540,2.53,0.140,0,0.4208,0.3627,0.113,-0.121,0.350,0.107,0.485,0.006,0.000,0.000,40,1,0,0,0.335,0.155,0.242,0.073,0.055,0.042,11,8,6,5
0.165,0.223,0.633,-1.19,0.219,1,0.4253,0.3701,0.444,0.586,0.350,0.107,0.485,0.006,0.000,0.000,40,1,0,0,0.335,0.155,0.242,0.073,0.055,0.042,11,8,6,5
0.165,0.154,0.501,0.85,0.046,0,0.4227,0.3708,0.269,0.06,0.350,0.107,0.485,0.006,0.000,0.000,40,1,0,0,0.335,0.155,0.242,0.073,0.055,0.042,11,8,6,5
0.109,0.205,0.427,-0.08,0.108,0,0.4192,0.3688,0.354,0.059,0.350,0.107,0.485,0.006,0.000,0.000,40,1,0,0,0.335,0.155,0.242,0.073,0.055,0.042,11,8,6,5
0.107,0.192,0.397,-0.52,0.062,0,0.4155,0.3657,0.354,0.341,0.350,0.107,0.485,0.006,0.000,0.000,40,1,0,0,0.335,0.155,0.242,0.073,0.055,0.042,11,8,6,5
0.127,0.127,0.186,-1.1,0.105,-1,0.4085,0.3571,0.425,0.192,0.350,0.107,0.485,0.006,0.000,0.000,40,1,0,0,0.335,0.155,0.242,0.073,0.055,0.042,11,8,6,5
0.101,0.117,0.008,2.53,0.140,0,0.4153,0.3584,0.252,-0.121,0.350,0.107,0.485,0.006,0.000,0.000,40,1,0,0,0.335,0.155,0.242,0.073,0.055,0.042,11,8,6,5
0.101,0.150,0.502,-0.48,0.134,0,0.4213,0.3588,0.546,0.007,0.350,0.107,0.485,0.006,0.000,0.000,40,1,0,0,0.335,0.155,0.242,0.073,0.055,0.042,11,8,6,5
0.085,0.145,0.058,-0.52,0.062,0,0.4334,0.3667,0.232,0.341,0.350,0.107,0.485,0.006,0.000,0.000,40,1,0,0,0.335,0.155,0.242,0.073,0.055,0.042,11,8,6,5
0.099,0.101,0.244,-1.14,0.131,0,0.4341,0.3671,0.408,0.987,0.350,0.107,0.485,0.006,0.000,0.000,40,1,0,0,0.335,0.155,0.242,0.073,0.055,0.042,11,8,6,5
0.096,0.082,0.141,3.14,0.186,0,0.4480,0.3778,0.238,-0.486,0.350,0.107,0.485,0.006,0.000,0.000,40,1,0,0,0.335,0.155,0.242,0.073,0.055,0.042,11,8,6,5
0.096,0.081,0.375,-0.52,0.062,0,0.4613,0.3900,0.371,0.341,0.350,0.107,0.485,0.006,0.000,0.000,40,1,0,0,0.335,0.155,0.242,0.073,0.055,0.042,11,8,6,5
0.073,0.071,0.185,0,0.000,0,0.4785,0.4071,0.267,0.166,0.350,0.107,0.485,0.006,0.000,0.000,40,1,0,0,0.335,0.155,0.242,0.073,0.055,0.042,11,8,6,5
0.074,0.077,0.206,-0.79,0.151,-1,0.4814,0.4128,0.343,0.736,0.350,0.107,0.485,0.006,0.000,0.000,40,1,0,0,0.335,0.155,0.242,0.073,0.055,0.042,11,8,6,5
0.097,0.072,0.050,2.53,0.140,0,0.4741,0.4112,0.178,-0.121,0.350,0.107,0.485,0.006,0.000,0.000,40,1,0,0,0.335,0.155,0.242,0.073,0.055,0.042,11,8,6,5
0.088,0.086,0.301,3.14,0.186,0,0.4672,0.4099,0.103,-0.486,0.350,0.107,0.485,0.006,0.000,0.000,40,1,0,0,0.335,0.155,0.242,0.073,0.055,0.042,11,8,6,5
0.094,0.097,0.163,-0.79,0.151,-1,0.4612,0.4094,0.249,0.736,0.350,0.107,0.485,0.006,0.000,0.000,40,1,0,0,0.335,0.155,0.242,0.073,0.055,0.042,11,8,6,5
0.093,0.141,0.220,2.53,0.140,0,0.4584,0.4097,0.108,-0.121,0.350,0.107,0.485,0.006,0.000,0.000,40,1,0,0,0.335,0.155,0.242,0.073,0.055,0.042,11,8,6,5
0.108,0.192,0.202,-0.48,0.134,0,0.4362,0.3941,0.254,0.007,0.350,0.107,0.485,0.006,0.000,0.000,40,1,0,0,0.335,0.155,0.242,0.073,0.055,0.042,11,8,6,5
0.086,0.200,0.123,-0.08,0.108,0,0.4232,0.3856,0.257,0.059,0.350,0.107,0.485,0.006,0.000,0.000,40,1,0,0,0.335,0.155,0.242,0.073,0.055,0.042,11,8,6,5
0.095,0.224,0.004,0,0.000,0,0.4097,0.3768,0.326,0.166,0.350,0.107,0.485,0.006,0.000,0.000,40,1,0,0,0.335,0.155,0.242,0.073,0.055,0.042,11,8,6,5
0.103,0.222,0.001,1.99,0.186,0,0.4113,0.3779,0.244,-0.326,0.350,0.107,0.485,0.006,0.000,0.000,40,1,0,0,0.335,0.155,0.242,0.073,0.055,0.042,11,8,6,5
0.093,0.229,0.010,-0.08,0.108,0,0.4205,0.3857,0.407,0.059,0.350,0.107,0.485,0.006,0.000,0.000,40,1,0,0,0.335,0.155,0.242,0.073,0.055,0.042,11,8,6,5
0.081,0.229,0.106,0,0.000,0,0.4413,0.4012,0.338,0.166,0.350,0.107,0.485,0.006,0.000,0.000,40,1,0,0,0.335,0.155,0.242,0.073,0.055,0.042,11,8,6,5
0.081,0.218,0.106,-1.19,0.219,1,0.4630,0.4178,0.439,0.586,0.350,0.107,0.485,0.006,0.000,0.000,40,1,0,0,0.335,0.155,0.242,0.073,0.055,0.042,11,8,6,5
0.078,0.197,0.071,-1.14,0.131,0,0.4725,0.4241,0.360,0.987,0.350,0.107,0.485,0.006,0.000,0.000,40,1,0,0,0.335,0.155,0.242,0.073,0.055,0.042,11,8,6,5
0.082,0.225,0.139,0,0.000,0,0.4694,0.4229,0.194,0.166,0.350,0.107,0.485,0.006,0.000,0.000,40,1,0,0,0.335,0.155,0.242,0.073,0.055,0.042,11,8,6,5
0.069,0.206,0.031,1.99,0.186,0,0.4509,0.4100,0.226,-0.326,0.350,0.107,0.485,0.006,0.000,0.000,40,1,0,0,0.335,0.155,0.242,0.073,0.055,0.042,11,8,6,5
0.072,0.219,0.072,3.14,0.186,0,0.4315,0.3954,0.196,-0.486,0.350,0.107,0.485,0.006,0.000,0.000,40,1,0,0,0.335,0.155,0.242,0.073,0.055,0.042,11,8,6,5
0.083,0.267,0.480,-0.48,0.134,0,0.4122,0.3822,0.317,0.007,0.350,0.107,0.485,0.006,0.000,0.000,40,1,0,0,0.335,0.155,0.242,0.073,0.055,0.042,11,8,6,5
0.109,0.253,0.464,-0.52,0.062,0,0.3934,0.3708,0.250,0.341,0.350,0.107,0.485,0.006,0.000,0.000,40,1,0,0,0.335,0.155,0.242,0.073,0.055,0.042,11,8,6,5
0.105,0.250,0.214,-0.52,0.062,0,0.3716,0.3571,0.270,0.341,0.350,0.107,0.485,0.006,0.000,0.000,40,1,0,0,0.335,0.155,0.242,0.073,0.055,0.042,11,8,6,5
0.130,0.183,0.071,-1.14,0.131,0,0.3480,0.3400,0.401,0.987,0.350,0.107,0.485,0.006,0.000,0.000,40,1,0,0,0.335,0.155,0.242,0.073,0.055,0.042,11,8,6,5
0.131,0.171,0.453,1.37,0.298,0,0.3397,0.3346,0.289,-0.510,0.350,0.107,0.485,0.006,0.000,0.000,40,1,0,0,0.335,0.155,0.242,0.073,0.055,0.042,11,8,6,5
0.122,0.178,0.398,-0.79,0.151,-1,0.3534,0.3459,0.468,0.736,0.350,0.107,0.485,0.006,0.000,0.000,40,1,0,0,0.335,0.155,0.242,0.073,0.055,0.042,11,8,6,5
0.103,0.183,0.246,-1.1,0.105,-1,0.3930,0.3759,0.463,0.192,0.350,0.107,0.485,0.006,0.000,0.000,40,1,0,0,0.335,0.155,0.242,0.073,0.055,0.042,11,8,6,5
0.103,0.209,0.148,0,0.000,0,0.4205,0.3961,0.275,0.166,0.350,0.107,0.485,0.006,0.000,0.000,40,1,0,0,0.335,0.155,0.242,0.073,0.055,0.042,11,8,6,5
0.097,0.266,0.479,1.76,0.409,0,0.4521,0.4189,0.133,-0.884,0.350,0.107,0.485,0.006,0.000,0.000,40,1,0,0,0.335,0.155,0.242,0.073,0.055,0.042,11,8,6,5
0.079,0.199,0.070,1.42,0.221,0,0.4717,0.4332,0.191,-0.397,0.350,0.107,0.485,0.006,0.000,0.000,40,1,0,0,0.335,0.155,0.242,0.073,0.055,0.042,11,8,6,5
0.081,0.169,0.061,3.14,0.186,0,0.4823,0.4399,0.109,-0.486,0.350,0.107,0.485,0.006,0.000,0.000,40,1,0,0,0.335,0.155,0.242,0.073,0.055,0.042,11,8,6,5
0.078,0.241,0.558,-1.19,0.219,1,0.4805,0.4379,0.322,0.586,0.350,0.107,0.485,0.006,0.000,0.000,40,1,0,0,0.335,0.155,0.242,0.073,0.055,0.042,11,8,6,5
0.078,0.228,0.054,3.14,0.186,0,0.4777,0.4352,0.065,-0.486,0.350,0.107,0.485,0.006,0.000,0.000,40,1,0,0,0.335,0.155,0.242,0.073,0.055,0.042,11,8,6,5
0.073,0.215,0.545,-1.19,0.219,1,0.4563,0.4202,0.392,0.586,0.350,0.107,0.485,0.006,0.000,0.000,40,1,0,0,0.335,0.155,0.242,0.073,0.055,0.042,11,8,6,5
0.076,0.155,0.156,-1.14,0.131,0,0.4341,0.4016,0.414,0.987,0.350,0.107,0.485,0.006,0.000,0.000,40,1,0,0,0.335,0.155,0.242,0.073,0.055,0.042,11,8,6,5
0.088,0.137,0.306,-0.08,0.108,0,0.4147,0.3860,0.390,0.059,0.350,0.107,0.485,0.006,0.000,0.000,40,1,0,0,0.335,0.155,0.242,0.073,0.055,0.042,11,8,6,5
0.109,0.117,0.442,-0.52,0.062,0,0.3964,0.3695,0.363,0.341,0.350,0.107,0.485,0.006,0.000,0.000,40,1,0,0,0.335,0.155,0.242,0.073,0.055,0.042,11,8,6,5
0.140,0.076,0.064,-1.14,0.131,0,0.3884,0.3614,0.432,0.987,0.350,0.107,0.485,0.006,0.000,0.000,40,1,0,0,0.335,0.155,0.242,0.073,0.055,0.042,11,8,6,5
0.112,0.085,0.002,-1.1,0.105,-1,0.3945,0.3644,0.580,0.192,0.350,0.107,0.485,0.006,0.000,0.000,40,1,0,0,0.335,0.155,0.242,0.073,0.055,0.042,11,8,6,5
0.144,0.075,0.001,-0.79,0.151,-1,0.4002,0.3685,0.319,0.736,0.350,0.107,0.485,0.006,0.000,0.000,40,1,0,0,0.335,0.155,0.242,0.073,0.055,0.042,11,8,6,5
0.132,0.070,0.003,1.99,0.186,0,0.4129,0.3795,0.118,-0.326,0.350,0.107,0.485,0.006,0.000,0.000,40,1,0,0,0.335,0.155,0.242,0.073,0.055,0.042,11,8,6,5
0.166,0.074,0.002,-0.79,0.151,-1,0.4290,0.3917,0.374,0.736,0.350,0.107,0.485,0.006,0.000,0.000,40,1,0,0,0.335,0.155,0.242,0.073,0.055,0.042,11,8,6,5
0.112,0.071,0.003,-0.52,0.062,0,0.4425,0.4064,0.342,0.341,0.350,0.107,0.485,0.006,0.000,0.000,40,1,0,0,0.335,0.155,0.242,0.073,0.055,0.042,11,8,6,5
0.118,0.076,0.028,1.99,0.186,0,0.4459,0.4115,0.190,-0.326,0.350,0.107,0.485,0.006,0.000,0.000,40,1,0,0,0.335,0.155,0.242,0.073,0.055,0.042,11,8,6,5
0.077,0.065,0.160,1.99,0.186,0,0.4561,0.4187,0.240,-0.326,0.350,0.107,0.485,0.006,0.000,0.000,40,1,0,0,0.335,0.155,0.242,0.073,0.055,0.042,11,8,6,5
0.065,0.100,0.528,0,0.000,0,0.4576,0.4152,0.380,0.166,0.350,0.107,0.485,0.006,0.000,0.000,40,1,0,0,0.335,0.155,0.242,0.073,0.055,0.042,11,8,6,5
0.055,0.111,0.298,0.85,0.046,0,0.4536,0.4050,0.185,0.06,0.350,0.107,0.485,0.006,0.000,0.000,40,1,0,0,0.335,0.155,0.242,0.073,0.055,0.042,11,8,6,5
0.050,0.206,0.167,-1.19,0.219,1,0.4400,0.3926,0.501,0.586,0.350,0.107,0.485,0.006,0.000,0.000,40,1,0,0,0.335,0.155,0.242,0.073,0.055,0.042,11,8,6,5
0.053,0.124,0.126,-0.79,0.151,-1,0.4251,0.3837,0.388,0.736,0.350,0.107,0.485,0.006,0.000,0.000,40,1,0,0,0.335,0.155,0.242,0.073,0.055,0.042,11,8,6,5
0.055,0.135,0.187,1.37,0.298,0,0.4145,0.3872,0.163,-0.510,0.350,0.107,0.485,0.006,0.000,0.000,40,1,0,0,0.335,0.155,0.242,0.073,0.055,0.042,11,8,6,5
0.074,0.098,0.102,-0.08,0.108,0,0.4049,0.4009,0.229,0.059,0.350,0.107,0.485,0.006,0.000,0.000,40,1,0,0,0.335,0.155,0.242,0.073,0.055,0.042,11,8,6,5
0.071,0.108,0.108,-1.19,0.219,1,0.4036,0.4269,0.448,0.586,0.350,0.107,0.485,0.006,0.000,0.000,40,1,0,0,0.335,0.155,0.242,0.073,0.055,0.042,11,8,6,5
0.086,0.073,0.014,1.69,0.290,0,0.4085,0.4704,0.189,-0.697,0.350,0.107,0.485,0.006,0.000,0.000,40,1,0,0,0.335,0.155,0.242,0.073,0.055,0.042,11,8,6,5
0.078,0.066,0.005,2.1,0.128,0,0.4179,0.5247,0.124,0.02,0.350,0.107,0.485,0.006,0.000,0.000,40,1,0,0,0.335,0.155,0.242,0.073,0.055,0.042,11,8,6,5
0.075,0.067,0.002,-0.79,0.151,-1,0.4303,0.5866,0.494,0.736,0.350,0.107,0.485,0.006,0.000,0.000,40,1,0,0,0.335,0.155,0.242,0.073,0.055,0.042,11,8,6,5
0.071,0.062,0.000,-0.79,0.151,-1,0.4442,0.6521,0.472,0.736,0.350,0.107,0.485,0.006,0.000,0.000,40,1,0,0,0.335,0.155,0.242,0.073,0.055,0.042,11,8,6,5
0.065,0.063,0.001,-0.79,0.151,-1,0.4582,0.7174,0.415,0.736,0.350,0.107,0.485,0.006,0.000,0.000,40,1,0,0,0.335,0.155,0.242,0.073,0.055,0.042,11,8,6,5
0.060,0.061,0.015,-1.1,0.105,-1,0.4713,0.7784,0.411,0.192,0.350,0.107,0.485,0.006,0.000,0.000,40,1,0,0,0.335,0.155,0.242,0.073,0.055,0.042,11,8,6,5
0.038,0.053,0.032,0.85,0.046,0,0.4835,0.8319,0.486,0.06,0.350,0.107,0.485,0.006,0.000,0.000,40,1,0,0,0.335,0.155,0.242,0.073,0.055,0.042,11,8,6,5
0.049,0.049,0.055,0.85,0.046,0,0.4954,0.8753,0.562,0.06,0.350,0.107,0.485,0.006,0.000,0.000,40,1,0,0,0.335,0.155,0.242,0.073,0.055,0.042,11,8,6,5
0.055,0.052,0.192,0.22,0.230,0,0.5090,0.9071,0.767,0.303,0.350,0.107,0.485,0.006,0.000,0.000,40,1,0,0,0.335,0.155,0.242,0.073,0.055,0.042,11,8,6,5
