0.278,0.096,0.549,1.42,0.221,0,0.4524,0.9283,0.681,-0.397,0.240,0.083,0.034,0.000,0.000,0.000,3,0,0,0,0.233,0.176,0.103,0.090,0.069,0.041,9,8,6,5
0.270,0.117,0.582,-1.19,0.219,1,0.4072,0.8593,0.534,0.586,0.240,0.083,0.034,0.000,0.000,0.000,3,0,0,0,0.233,0.176,0.103,0.090,0.069,0.041,9,8,6,5
0.279,0.068,0.450,0.85,0.046,0,0.3939,0.8073,0.417,0.06,0.240,0.083,0.034,0.000,0.000,0.000,3,0,0,0,0.233,0.176,0.103,0.090,0.069,0.041,9,8,6,5
0.272,0.075,0.580,-0.08,0.108,0,0.3958,0.7593,0.382,0.059,0.240,0.083,0.034,0.000,0.000,0.000,3,0,0,0,0.233,0.176,0.103,0.090,0.069,0.041,9,8,6,5
0.264,0.067,0.387,1.99,0.186,0,0.4016,0.7074,0.260,-0.326,0.240,0.083,0.034,0.000,0.000,0.000,3,0,0,0,0.233,0.176,0.103,0.090,0.069,0.041,9,8,6,5
0.268,0.157,0.707,0.2,0.291,1,0.4043,0.6482,0.504,0.180,0.240,0.083,0.034,0.000,0.000,0.000,3,0,0,0,0.233,0.176,0.103,0.090,0.069,0.041,9,8,6,5
0.249,0.099,0.535,0.85,0.046,0,0.4007,0.5815,0.253,0.06,0.240,0.083,0.034,0.000,0.000,0.000,3,0,0,0,0.233,0.176,0.103,0.090,0.069,0.041,9,8,6,5
0.244,0.091,0.426,-1.14,0.131,0,0.3902,0.5101,0.390,0.987,0.240,0.083,0.034,0.000,0.000,0.000,3,0,0,0,0.233,0.176,0.103,0.090,0.069,0.041,9,8,6,5
0.241,0.113,0.444,0.85,0.046,0,0.3745,0.4380,0.424,0.06,0.240,0.083,0.034,0.000,0.000,0.000,3,0,0,0,0.233,0.176,0.103,0.090,0.069,0.041,9,8,6,5
0.248,0.142,0.558,-0.52,0.062,0,0.3568,0.3705,0.466,0.341,0.240,0.083,0.034,0.000,0.000,0.000,3,0,0,0,0.233,0.176,0.103,0.090,0.069,0.041,9,8,6,5
0.242,0.250,0.610,0.2,0.291,1,0.3494,0.3225,0.439,0.180,0.240,0.083,0.034,0.000,0.000,0.000,3,0,0,0,0.233,0.176,0.103,0.090,0.069,0.041,9,8,6,5
0.280,0.157,0.588,0.85,0.046,0,0.3435,0.2836,0.291,0.06,0.240,0.083,0.034,0.000,0.000,0.000,3,0,0,0,0.233,0.176,0.103,0.090,0.069,0.041,9,8,6,5
0.235,0.208,0.589,-0.52,0.062,0,0.3371,0.2547,0.351,0.341,0.240,0.083,0.034,0.000,0.000,0.000,3,0,0,0,0.233,0.176,0.103,0.090,0.069,0.041,9,8,6,5
0.235,0.118,0.600,0.85,0.046,0,0.3357,0.2407,0.268,0.06,0.240,0.083,0.034,0.000,0.000,0.000,3,0,0,0,0.233,0.176,0.103,0.090,0.069,0.041,9,8,6,5
0.246,0.126,0.556,2.53,0.140,0,0.3383,0.2374,0.257,-0.121,0.240,0.083,0.034,0.000,0.000,0.000,3,0,0,0,0.233,0.176,0.103,0.090,0.069,0.041,9,8,6,5
0.241,0.227,0.781,0.2,0.291,1,0.3460,0.2405,0.384,0.180,0.240,0.083,0.034,0.000,0.000,0.000,3,0,0,0,0.233,0.176,0.103,0.090,0.069,0.041,9,8,6,5
0.241,0.151,0.648,-1.14,0.131,0,0.3405,0.2342,0.269,0.987,0.240,0.083,0.034,0.000,0.000,0.000,3,0,0,0,0.233,0.176,0.103,0.090,0.069,0.041,9,8,6,5
0.240,0.111,0.573,2.53,0.140,0,0.3290,0.2217,0.204,-0.121,0.240,0.083,0.034,0.000,0.000,0.000,3,0,0,0,0.233,0.176,0.103,0.090,0.069,0.041,9,8,6,5
0.250,0.095,0.542,0.85,0.046,0,0.3135,0.2055,0.364,0.06,0.240,0.083,0.034,0.000,0.000,0.000,3,0,0,0,0.233,0.176,0.103,0.090,0.069,0.041,9,8,6,5
0.260,0.134,0.591,-0.52,0.062,0,0.2914,0.1826,0.280,0.341,0.240,0.083,0.034,0.000,0.000,0.000,3,0,0,0,0.233,0.176,0.103,0.090,0.069,0.041,9,8,6,5
0.249,0.122,0.306,1.99,0.186,0,0.2724,0.1673,0.131,-0.326,0.240,0.083,0.034,0.000,0.000,0.000,3,0,0,0,0.233,0.176,0.103,0.090,0.069,0.041,9,8,6,5
0.242,0.208,0.640,-1.19,0.219,1,0.2457,0.1445,0.447,0.586,0.240,0.083,0.034,0.000,0.000,0.000,3,0,0,0,0.233,0.176,0.103,0.090,0.069,0.041,9,8,6,5
0.245,0.136,0.412,0.85,0.046,0,0.2272,0.1275,0.351,0.06,0.240,0.083,0.034,0.000,0.000,0.000,3,0,0,0,0.233,0.176,0.103,0.090,0.069,0.041,9,8,6,5
0.235,0.133,0.155,0.85,0.046,0,0.2048,0.1097,0.104,0.06,0.240,0.083,0.034,0.000,0.000,0.000,3,0,0,0,0.233,0.176,0.103,0.090,0.069,0.041,9,8,6,5
0.244,0.142,0.158,0.85,0.046,0,0.1971,0.1033,0.132,0.06,0.240,0.083,0.034,0.000,0.000,0.000,3,0,0,0,0.233,0.176,0.103,0.090,0.069,0.041,9,8,6,5
0.244,0.163,0.418,-0.42,0.180,0,0.1863,0.0957,0.483,0.318,0.240,0.083,0.034,0.000,0.000,0.000,3,0,0,0,0.233,0.176,0.103,0.090,0.069,0.041,9,8,6,5
0.237,0.279,0.382,0.2,0.291,1,0.1748,0.0872,0.390,0.180,0.240,0.083,0.034,0.000,0.000,0.000,3,0,0,0,0.233,0.176,0.103,0.090,0.069,0.041,9,8,6,5
0.258,0.152,0.152,2.53,0.140,0,0.1569,0.0763,0.102,-0.121,0.240,0.083,0.034,0.000,0.000,0.000,3,0,0,0,0.233,0.176,0.103,0.090,0.069,0.041,9,8,6,5
0.256,0.127,0.037,0.85,0.046,0,0.1458,0.0703,0.202,0.06,0.240,0.083,0.034,0.000,0.000,0.000,3,0,0,0,0.233,0.176,0.103,0.090,0.069,0.041,9,8,6,5
0.256,0.165,0.196,-0.52,0.062,0,0.1308,0.0598,0.384,0.341,0.240,0.083,0.034,0.000,0.000,0.000,3,0,0,0,0.233,0.176,0.103,0.090,0.069,0.041,9,8,6,5
0.245,0.099,0.043,2.53,0.140,0,0.1183,0.0509,0.201,-0.121,0.240,0.083,0.034,0.000,0.000,0.000,3,0,0,0,0.233,0.176,0.103,0.090,0.069,0.041,9,8,6,5
0.235,0.126,0.060,0.85,0.046,0,0.1072,0.0452,0.253,0.06,0.240,0.083,0.034,0.000,0.000,0.000,3,0,0,0,0.233,0.176,0.103,0.090,0.069,0.041,9,8,6,5
0.193,0.147,0.062,0,0.000,0,0.0994,0.0400,0.348,0.166,0.240,0.083,0.034,0.000,0.000,0.000,3,0,0,0,0.233,0.176,0.103,0.090,0.069,0.041,9,8,6,5
0.193,0.133,0.135,2.53,0.140,0,0.0972,0.0395,0.149,-0.121,0.240,0.083,0.034,0.000,0.000,0.000,3,0,0,0,0.233,0.176,0.103,0.090,0.069,0.041,9,8,6,5
0.193,0.170,0.297,-0.52,0.062,0,0.0978,0.0396,0.217,0.341,0.240,0.083,0.034,0.000,0.000,0.000,3,0,0,0,0.233,0.176,0.103,0.090,0.069,0.041,9,8,6,5
0.205,0.112,0.213,2.53,0.140,0,0.0993,0.0386,0.107,-0.121,0.240,0.083,0.034,0.000,0.000,0.000,3,0,0,0,0.233,0.176,0.103,0.090,0.069,0.041,9,8,6,5
0.212,0.130,0.190,0.85,0.046,0,0.1017,0.0388,0.151,0.06,0.240,0.083,0.034,0.000,0.000,0.000,3,0,0,0,0.233,0.176,0.103,0.090,0.069,0.041,9,8,6,5
0.198,0.173,0.346,-0.52,0.062,0,0.1067,0.0407,0.171,0.341,0.240,0.083,0.034,0.000,0.000,0.000,3,0,0,0,0.233,0.176,0.103,0.090,0.069,0.041,9,8,6,5
0.199,0.101,0.054,1.99,0.186,0,0.1086,0.0419,0.099,-0.326,0.240,0.083,0.034,0.000,0.000,0.000,3,0,0,0,0.233,0.176,0.103,0.090,0.069,0.041,9,8,6,5
0.189,0.095,0.101,0.85,0.046,0,0.1046,0.0393,0.086,0.06,0.240,0.083,0.034,0.000,0.000,0.000,3,0,0,0,0.233,0.176,0.103,0.090,0.069,0.041,9,8,6,5
0.180,0.067,0.125,1.99,0.186,0,0.1084,0.0405,0.169,-0.326,0.240,0.083,0.034,0.000,0.000,0.000,3,0,0,0,0.233,0.176,0.103,0.090,0.069,0.041,9,8,6,5
0.219,0.091,0.301,-0.08,0.108,0,0.1113,0.0410,0.203,0.059,0.240,0.083,0.034,0.000,0.000,0.000,3,0,0,0,0.233,0.176,0.103,0.090,0.069,0.041,9,8,6,5
0.217,0.049,0.075,1.99,0.186,0,0.1147,0.0415,0.100,-0.326,0.240,0.083,0.034,0.000,0.000,0.000,3,0,0,0,0.233,0.176,0.103,0.090,0.069,0.041,9,8,6,5
0.217,0.031,0.207,0.85,0.046,0,0.1197,0.0423,0.205,0.06,0.240,0.083,0.034,0.000,0.000,0.000,3,0,0,0,0.233,0.176,0.103,0.090,0.069,0.041,9,8,6,5
0.218,0.032,0.145,0.85,0.046,0,0.1385,0.0518,0.296,0.06,0.240,0.083,0.034,0.000,0.000,0.000,3,0,0,0,0.233,0.176,0.103,0.090,0.069,0.041,9,8,6,5
0.201,0.039,0.209,0.22,0.230,0,0.1507,0.0581,0.284,0.303,0.240,0.083,0.034,0.000,0.000,0.000,3,0,0,0,0.233,0.176,0.103,0.090,0.069,0.041,9,8,6,5
0.210,0.022,0.007,0.85,0.046,0,0.1627,0.0640,0.200,0.06,0.240,0.083,0.034,0.000,0.000,0.000,3,0,0,0,0.233,0.176,0.103,0.090,0.069,0.041,9,8,6,5
0.213,0.021,0.027,-1.1,0.105,-1,0.1673,0.0652,0.450,0.192,0.240,0.083,0.034,0.000,0.000,0.000,3,0,0,0,0.233,0.176,0.103,0.090,0.069,0.041,9,8,6,5
0.205,0.020,0.046,0.85,0.046,0,0.1803,0.0743,0.195,0.06,0.240,0.083,0.034,0.000,0.000,0.000,3,0,0,0,0.233,0.176,0.103,0.090,0.069,0.041,9,8,6,5
0.205,0.063,0.262,-0.08,0.108,0,0.1841,0.0809,0.207,0.059,0.240,0.083,0.034,0.000,0.000,0.000,3,0,0,0,0.233,0.176,0.103,0.090,0.069,0.041,9,8,6,5
0.169,0.056,0.022,2.53,0.140,0,0.2005,0.0960,0.169,-0.121,0.240,0.083,0.034,0.000,0.000,0.000,3,0,0,0,0.233,0.176,0.103,0.090,0.069,0.041,9,8,6,5
0.141,0.092,0.600,-1.19,0.219,1,0.2115,0.1098,0.461,0.586,0.240,0.083,0.034,0.000,0.000,0.000,3,0,0,0,0.233,0.176,0.103,0.090,0.069,0.041,9,8,6,5
0.148,0.058,0.221,1.99,0.186,0,0.2245,0.1248,0.186,-0.326,0.240,0.083,0.034,0.000,0.000,0.000,3,0,0,0,0.233,0.176,0.103,0.090,0.069,0.041,9,8,6,5
0.142,0.047,0.589,0,0.000,0,0.2324,0.1344,0.260,0.166,0.240,0.083,0.034,0.000,0.000,0.000,3,0,0,0,0.233,0.176,0.103,0.090,0.069,0.041,9,8,6,5
0.174,0.030,0.589,0.85,0.046,0,0.2380,0.1416,0.316,0.06,0.240,0.083,0.034,0.000,0.000,0.000,3,0,0,0,0.233,0.176,0.103,0.090,0.069,0.041,9,8,6,5
0.165,0.033,0.502,-1.1,0.105,-1,0.2331,0.1373,0.503,0.192,0.240,0.083,0.034,0.000,0.000,0.000,3,0,0,0,0.233,0.176,0.103,0.090,0.069,0.041,9,8,6,5
0.153,0.046,0.346,-0.52,0.062,0,0.2294,0.1353,0.372,0.341,0.240,0.083,0.034,0.000,0.000,0.000,3,0,0,0,0.233,0.176,0.103,0.090,0.069,0.041,9,8,6,5
0.145,0.036,0.329,0,0.000,0,0.2150,0.1268,0.335,0.166,0.240,0.083,0.034,0.000,0.000,0.000,3,0,0,0,0.233,0.176,0.103,0.090,0.069,0.041,9,8,6,5
0.148,0.022,0.170,0.85,0.046,0,0.2118,0.1258,0.182,0.06,0.240,0.083,0.034,0.000,0.000,0.000,3,0,0,0,0.233,0.176,0.103,0.090,0.069,0.041,9,8,6,5
0.180,0.020,0.321,1.99,0.186,0,0.2234,0.1352,0.175,-0.326,0.240,0.083,0.034,0.000,0.000,0.000,3,0,0,0,0.233,0.176,0.103,0.090,0.069,0.041,9,8,6,5
0.198,0.024,0.178,-0.79,0.151,-1,0.2350,0.1473,0.456,0.736,0.240,0.083,0.034,0.000,0.000,0.000,3,0,0,0,0.233,0.176,0.103,0.090,0.069,0.041,9,8,6,5
0.201,0.056,0.252,1.69,0.290,0,0.2456,0.1603,0.207,-0.697,0.240,0.083,0.034,0.000,0.000,0.000,3,0,0,0,0.233,0.176,0.103,0.090,0.069,0.041,9,8,6,5
0.135,0.053,0.146,2.53,0.140,0,0.2603,0.1759,0.146,-0.121,0.240,0.083,0.034,0.000,0.000,0.000,3,0,0,0,0.233,0.176,0.103,0.090,0.069,0.041,9,8,6,5
0.129,0.100,0.293,-1.14,0.131,0,0.2701,0.1876,0.281,0.987,0.240,0.083,0.034,0.000,0.000,0.000,3,0,0,0,0.233,0.176,0.103,0.090,0.069,0.041,9,8,6,5
0.127,0.214,0.293,-1.19,0.219,1,0.2790,0.1982,0.495,0.586,0.240,0.083,0.034,0.000,0.000,0.000,3,0,0,0,0.233,0.176,0.103,0.090,0.069,0.041,9,8,6,5
0.107,0.165,0.331,-0.08,0.108,0,0.2653,0.1876,0.323,0.059,0.240,0.083,0.034,0.000,0.000,0.000,3,0,0,0,0.233,0.176,0.103,0.090,0.069,0.041,9,8,6,5
0.091,0.145,0.242,1.99,0.186,0,0.2519,0.1776,0.157,-0.326,0.240,0.083,0.034,0.000,0.000,0.000,3,0,0,0,0.233,0.176,0.103,0.090,0.069,0.041,9,8,6,5
0.087,0.161,0.578,-0.08,0.108,0,0.2224,0.1576,0.389,0.059,0.240,0.083,0.034,0.000,0.000,0.000,3,0,0,0,0.233,0.176,0.103,0.090,0.069,0.041,9,8,6,5
0.072,0.189,0.187,3.14,0.186,0,0.2123,0.1512,0.171,-0.486,0.240,0.083,0.034,0.000,0.000,0.000,3,0,0,0,0.233,0.176,0.103,0.090,0.069,0.041,9,8,6,5
0.060,0.213,0.577,-1.19,0.219,1,0.2059,0.1486,0.514,0.586,0.240,0.083,0.034,0.000,0.000,0.000,3,0,0,0,0.233,0.176,0.103,0.090,0.069,0.041,9,8,6,5
0.060,0.152,0.508,-0.52,0.062,0,0.2259,0.1641,0.390,0.341,0.240,0.083,0.034,0.000,0.000,0.000,3,0,0,0,0.233,0.176,0.103,0.090,0.069,0.041,9,8,6,5
0.076,0.097,0.310,0,0.000,0,0.2489,0.1813,0.429,0.166,0.240,0.083,0.034,0.000,0.000,0.000,3,0,0,0,0.233,0.176,0.103,0.090,0.069,0.041,9,8,6,5
0.076,0.095,0.210,-0.79,0.151,-1,0.2728,0.2001,0.443,0.736,0.240,0.083,0.034,0.000,0.000,0.000,3,0,0,0,0.233,0.176,0.103,0.090,0.069,0.041,9,8,6,5
0.073,0.154,0.582,-0.08,0.108,0,0.2804,0.2054,0.265,0.059,0.240,0.083,0.034,0.000,0.000,0.000,3,0,0,0,0.233,0.176,0.103,0.090,0.069,0.041,9,8,6,5
0.082,0.175,0.059,2.53,0.140,0,0.2814,0.2099,0.116,-0.121,0.240,0.083,0.034,0.000,0.000,0.000,3,0,0,0,0.233,0.176,0.103,0.090,0.069,0.041,9,8,6,5
0.055,0.217,0.395,-0.48,0.134,0,0.2730,0.2114,0.306,0.007,0.240,0.083,0.034,0.000,0.000,0.000,3,0,0,0,0.233,0.176,0.103,0.090,0.069,0.041,9,8,6,5
0.057,0.234,0.238,1.69,0.290,0,0.2658,0.2144,0.120,-0.697,0.240,0.083,0.034,0.000,0.000,0.000,3,0,0,0,0.233,0.176,0.103,0.090,0.069,0.041,9,8,6,5
0.057,0.153,0.531,2.53,0.140,0,0.2550,0.2135,0.117,-0.121,0.240,0.083,0.034,0.000,0.000,0.000,3,0,0,0,0.233,0.176,0.103,0.090,0.069,0.041,9,8,6,5
0.049,0.199,0.463,-0.48,0.134,0,0.2465,0.2130,0.299,0.007,0.240,0.083,0.034,0.000,0.000,0.000,3,0,0,0,0.233,0.176,0.103,0.090,0.069,0.041,9,8,6,5
0.048,0.150,0.562,-0.48,0.134,0,0.2379,0.2145,0.470,0.007,0.240,0.083,0.034,0.000,0.000,0.000,3,0,0,0,0.233,0.176,0.103,0.090,0.069,0.041,9,8,6,5
0.030,0.112,0.418,0.85,0.046,0,0.2177,0.2077,0.387,0.06,0.240,0.083,0.034,0.000,0.000,0.000,3,0,0,0,0.233,0.176,0.103,0.090,0.069,0.041,9,8,6,5
0.028,0.144,0.524,0,0.000,0,0.2067,0.2083,0.434,0.166,0.240,0.083,0.034,0.000,0.000,0.000,3,0,0,0,0.233,0.176,0.103,0.090,0.069,0.041,9,8,6,5
0.027,0.148,0.438,1.69,0.290,0,0.2099,0.2171,0.202,-0.697,0.240,0.083,0.034,0.000,0.000,0.000,3,0,0,0,0.233,0.176,0.103,0.090,0.069,0.041,9,8,6,5
0.033,0.081,0.457,-1.14,0.131,0,0.2095,0.2179,0.352,0.987,0.240,0.083,0.034,0.000,0.000,0.000,3,0,0,0,0.233,0.176,0.103,0.090,0.069,0.041,9,8,6,5
0.033,0.148,0.549,0.22,0.230,0,0.2247,0.2314,0.313,0.303,0.240,0.083,0.034,0.000,0.000,0.000,3,0,0,0,0.233,0.176,0.103,0.090,0.069,0.041,9,8,6,5
0.035,0.070,0.419,-0.48,0.134,0,0.2274,0.2354,0.349,0.007,0.240,0.083,0.034,0.000,0.000,0.000,3,0,0,0,0.233,0.176,0.103,0.090,0.069,0.041,9,8,6,5
0.043,0.046,0.033,3.14,0.186,0,0.2354,0.2466,0.105,-0.486,0.240,0.083,0.034,0.000,0.000,0.000,3,0,0,0,0.233,0.176,0.103,0.090,0.069,0.041,9,8,6,5
0.053,0.039,0.106,2.53,0.140,0,0.2392,0.2555,0.167,-0.121,0.240,0.083,0.034,0.000,0.000,0.000,3,0,0,0,0.233,0.176,0.103,0.090,0.069,0.041,9,8,6,5
0.044,0.056,0.081,1.69,0.290,0,0.2573,0.2721,0.132,-0.697,0.240,0.083,0.034,0.000,0.000,0.000,3,0,0,0,0.233,0.176,0.103,0.090,0.069,0.041,9,8,6,5
0.053,0.029,0.033,-1.1,0.105,-1,0.2717,0.2843,0.291,0.192,0.240,0.083,0.034,0.000,0.000,0.000,3,0,0,0,0.233,0.176,0.103,0.090,0.069,0.041,9,8,6,5
0.061,0.024,0.004,-0.79,0.151,-1,0.2886,0.2957,0.479,0.736,0.240,0.083,0.034,0.000,0.000,0.000,3,0,0,0,0.233,0.176,0.103,0.090,0.069,0.041,9,8,6,5
0.061,0.020,0.001,-1.1,0.105,-1,0.2836,0.2911,0.529,0.192,0.240,0.083,0.034,0.000,0.000,0.000,3,0,0,0,0.233,0.176,0.103,0.090,0.069,0.041,9,8,6,5
0.058,0.019,0.000,0.85,0.046,0,0.2709,0.2829,0.271,0.06,0.240,0.083,0.034,0.000,0.000,0.000,3,0,0,0,0.233,0.176,0.103,0.090,0.069,0.041,9,8,6,5
0.075,0.028,0.004,3.14,0.186,0,0.2651,0.2814,0.204,-0.486,0.240,0.083,0.034,0.000,0.000,0.000,3,0,0,0,0.233,0.176,0.103,0.090,0.069,0.041,9,8,6,5
0.082,0.036,0.008,-1.14,0.131,0,0.2696,0.2891,0.360,0.987,0.240,0.083,0.034,0.000,0.000,0.000,3,0,0,0,0.233,0.176,0.103,0.090,0.069,0.041,9,8,6,5
0.073,0.054,0.072,-0.52,0.062,0,0.2764,0.2967,0.502,0.341,0.240,0.083,0.034,0.000,0.000,0.000,3,0,0,0,0.233,0.176,0.103,0.090,0.069,0.041,9,8,6,5
0.083,0.056,0.075,0,0.000,0,0.2783,0.2981,0.411,0.166,0.240,0.083,0.034,0.000,0.000,0.000,3,0,0,0,0.233,0.176,0.103,0.090,0.069,0.041,9,8,6,5
0.076,0.040,0.050,2.53,0.140,0,0.2937,0.3104,0.212,-0.121,0.240,0.083,0.034,0.000,0.000,0.000,3,0,0,0,0.233,0.176,0.103,0.090,0.069,0.041,9,8,6,5
0.075,0.046,0.131,-0.48,0.134,0,0.3053,0.3185,0.394,0.007,0.240,0.083,0.034,0.000,0.000,0.000,3,0,0,0,0.233,0.176,0.103,0.090,0.069,0.041,9,8,6,5
0.077,0.042,0.136,0.85,0.046,0,0.3291,0.3364,0.291,0.06,0.240,0.083,0.034,0.000,0.000,0.000,3,0,0,0,0.233,0.176,0.103,0.090,0.069,0.041,9,8,6,5
0.081,0.042,0.110,-1.1,0.105,-1,0.3437,0.3441,0.442,0.192,0.240,0.083,0.034,0.000,0.000,0.000,3,0,0,0,0.233,0.176,0.103,0.090,0.069,0.041,9,8,6,5
0.096,0.037,0.180,0.85,0.046,0,0.3592,0.3502,0.222,0.06,0.240,0.083,0.034,0.000,0.000,0.000,3,0,0,0,0.233,0.176,0.103,0.090,0.069,0.041,9,8,6,5
0.102,0.059,0.211,3.14,0.186,0,0.3779,0.3570,0.163,-0.486,0.240,0.083,0.034,0.000,0.000,0.000,3,0,0,0,0.233,0.176,0.103,0.090,0.069,0.041,9,8,6,5
0.082,0.070,0.310,-0.52,0.062,0,0.3852,0.3567,0.292,0.341,0.240,0.083,0.034,0.000,0.000,0.000,3,0,0,0,0.233,0.176,0.103,0.090,0.069,0.041,9,8,6,5
0.080,0.099,0.405,0.2,0.291,1,0.3900,0.3599,0.364,0.180,0.240,0.083,0.034,0.000,0.000,0.000,3,0,0,0,0.233,0.176,0.103,0.090,0.069,0.041,9,8,6,5
0.074,0.052,0.053,-1.1,0.105,-1,0.3796,0.3532,0.455,0.192,0.240,0.083,0.034,0.000,0.000,0.000,3,0,0,0,0.233,0.176,0.103,0.090,0.069,0.041,9,8,6,5
0.074,0.038,0.003,-1.1,0.105,-1,0.3528,0.3340,0.379,0.192,0.240,0.083,0.034,0.000,0.000,0.000,3,0,0,0,0.233,0.176,0.103,0.090,0.069,0.041,9,8,6,5
0.073,0.056,0.077,1.37,0.298,0,0.3289,0.3152,0.242,-0.510,0.240,0.083,0.034,0.000,0.000,0.000,3,0,0,0,0.233,0.176,0.103,0.090,0.069,0.041,9,8,6,5
0.091,0.028,0.073,1.99,0.186,0,0.3131,0.3005,0.261,-0.326,0.240,0.083,0.034,0.000,0.000,0.000,3,0,0,0,0.233,0.176,0.103,0.090,0.069,0.041,9,8,6,5
0.107,0.043,0.148,-0.48,0.134,0,0.2985,0.2873,0.457,0.007,0.240,0.083,0.034,0.000,0.000,0.000,3,0,0,0,0.233,0.176,0.103,0.090,0.069,0.041,9,8,6,5
0.101,0.029,0.109,0.85,0.046,0,0.2925,0.2804,0.309,0.06,0.240,0.083,0.034,0.000,0.000,0.000,3,0,0,0,0.233,0.176,0.103,0.090,0.069,0.041,9,8,6,5
0.106,0.037,0.108,-1.14,0.131,0,0.2892,0.2760,0.482,0.987,0.240,0.083,0.034,0.000,0.000,0.000,3,0,0,0,0.233,0.176,0.103,0.090,0.069,0.041,9,8,6,5
0.106,0.054,0.411,0,0.000,0,0.2949,0.2777,0.428,0.166,0.240,0.083,0.034,0.000,0.000,0.000,3,0,0,0,0.233,0.176,0.103,0.090,0.069,0.041,9,8,6,5
0.111,0.091,0.376,-0.79,0.151,-1,0.2928,0.2713,0.425,0.736,0.240,0.083,0.034,0.000,0.000,0.000,3,0,0,0,0.233,0.176,0.103,0.090,0.069,0.041,9,8,6,5
0.086,0.135,0.511,-0.08,0.108,0,0.2726,0.2506,0.374,0.059,0.240,0.083,0.034,0.000,0.000,0.000,3,0,0,0,0.233,0.176,0.103,0.090,0.069,0.041,9,8,6,5
0.073,0.212,0.490,1.37,0.298,0,0.2518,0.2298,0.175,-0.510,0.240,0.083,0.034,0.000,0.000,0.000,3,0,0,0,0.233,0.176,0.103,0.090,0.069,0.041,9,8,6,5
0.078,0.207,0.479,-0.52,0.062,0,0.2263,0.2055,0.251,0.341,0.240,0.083,0.034,0.000,0.000,0.000,3,0,0,0,0.233,0.176,0.103,0.090,0.069,0.041,9,8,6,5
0.072,0.168,0.245,2.53,0.140,0,0.2145,0.1920,0.154,-0.121,0.240,0.083,0.034,0.000,0.000,0.000,3,0,0,0,0.233,0.176,0.103,0.090,0.069,0.041,9,8,6,5
0.072,0.226,0.699,-1.19,0.219,1,0.1898,0.1699,0.319,0.586,0.240,0.083,0.034,0.000,0.000,0.000,3,0,0,0,0.233,0.176,0.103,0.090,0.069,0.041,9,8,6,5
0.075,0.198,0.144,1.99,0.186,0,0.1774,0.1574,0.092,-0.326,0.240,0.083,0.034,0.000,0.000,0.000,3,0,0,0,0.233,0.176,0.103,0.090,0.069,0.041,9,8,6,5
0.072,0.230,0.240,-0.08,0.108,0,0.1677,0.1456,0.279,0.059,0.240,0.083,0.034,0.000,0.000,0.000,3,0,0,0,0.233,0.176,0.103,0.090,0.069,0.041,9,8,6,5
0.068,0.164,0.376,0.85,0.046,0,0.1744,0.1466,0.294,0.06,0.240,0.083,0.034,0.000,0.000,0.000,3,0,0,0,0.233,0.176,0.103,0.090,0.069,0.041,9,8,6,5
0.077,0.145,0.443,0.85,0.046,0,0.1850,0.1522,0.316,0.06,0.240,0.083,0.034,0.000,0.000,0.000,3,0,0,0,0.233,0.176,0.103,0.090,0.069,0.041,9,8,6,5
0.073,0.212,0.489,0,0.000,0,0.1970,0.1579,0.301,0.166,0.240,0.083,0.034,0.000,0.000,0.000,3,0,0,0,0.233,0.176,0.103,0.090,0.069,0.041,9,8,6,5
0.092,0.156,0.431,-0.79,0.151,-1,0.2041,0.1578,0.438,0.736,0.240,0.083,0.034,0.000,0.000,0.000,3,0,0,0,0.233,0.176,0.103,0.090,0.069,0.041,9,8,6,5
0.097,0.193,0.347,1.37,0.298,0,0.2135,0.1572,0.241,-0.510,0.240,0.083,0.034,0.000,0.000,0.000,3,0,0,0,0.233,0.176,0.103,0.090,0.069,0.041,9,8,6,5
0.111,0.170,0.427,0,0.000,0,0.2108,0.1499,0.167,0.166,0.240,0.083,0.034,0.000,0.000,0.000,3,0,0,0,0.233,0.176,0.103,0.090,0.069,0.041,9,8,6,5
0.110,0.248,0.193,1.37,0.298,0,0.2141,0.1470,0.198,-0.510,0.240,0.083,0.034,0.000,0.000,0.000,3,0,0,0,0.233,0.176,0.103,0.090,0.069,0.041,9,8,6,5
0.110,0.201,0.407,1.37,0.298,0,0.2105,0.1376,0.241,-0.510,0.240,0.083,0.034,0.000,0.000,0.000,3,0,0,0,0.233,0.176,0.103,0.090,0.069,0.041,9,8,6,5
0.090,0.117,0.189,2.1,0.128,0,0.2085,0.1308,0.072,0.02,0.240,0.083,0.034,0.000,0.000,0.000,3,0,0,0,0.233,0.176,0.103,0.090,0.069,0.041,9,8,6,5
0.113,0.127,0.443,-0.79,0.151,-1,0.2054,0.1233,0.289,0.736,0.240,0.083,0.034,0.000,0.000,0.000,3,0,0,0,0.233,0.176,0.103,0.090,0.069,0.041,9,8,6,5
0.116,0.081,0.509,-1.14,0.131,0,0.1901,0.1102,0.336,0.987,0.240,0.083,0.034,0.000,0.000,0.000,3,0,0,0,0.233,0.176,0.103,0.090,0.069,0.041,9,8,6,5
0.113,0.139,0.612,0.22,0.230,0,0.1644,0.0972,0.407,0.303,0.240,0.083,0.034,0.000,0.000,0.000,3,0,0,0,0.233,0.176,0.103,0.090,0.069,0.041,9,8,6,5
0.112,0.108,0.619,-0.42,0.180,0,0.1383,0.0934,0.465,0.318,0.240,0.083,0.034,0.000,0.000,0.000,3,0,0,0,0.233,0.176,0.103,0.090,0.069,0.041,9,8,6,5
0.106,0.109,0.609,0,0.000,0,0.1276,0.1107,0.343,0.166,0.240,0.083,0.034,0.000,0.000,0.000,3,0,0,0,0.233,0.176,0.103,0.090,0.069,0.041,9,8,6,5
0.129,0.092,0.588,0.85,0.046,0,0.1383,0.1535,0.322,0.06,0.240,0.083,0.034,0.000,0.000,0.000,3,0,0,0,0.233,0.176,0.103,0.090,0.069,0.041,9,8,6,5
0.143,0.130,0.634,0,0.000,0,0.1519,0.2095,0.350,0.166,0.240,0.083,0.034,0.000,0.000,0.000,3,0,0,0,0.233,0.176,0.103,0.090,0.069,0.041,9,8,6,5
0.139,0.123,0.489,1.42,0.221,0,0.1744,0.2811,0.259,-0.397,0.240,0.083,0.034,0.000,0.000,0.000,3,0,0,0,0.233,0.176,0.103,0.090,0.069,0.041,9,8,6,5
0.157,0.135,0.520,2.53,0.140,0,0.2028,0.3646,0.247,-0.121,0.240,0.083,0.034,0.000,0.000,0.000,3,0,0,0,0.233,0.176,0.103,0.090,0.069,0.041,9,8,6,5
0.180,0.160,0.421,0,0.000,0,0.2320,0.4546,0.166,0.166,0.240,0.083,0.034,0.000,0.000,0.000,3,0,0,0,0.233,0.176,0.103,0.090,0.069,0.041,9,8,6,5
0.175,0.150,0.601,-1.19,0.219,1,0.2547,0.5438,0.394,0.586,0.240,0.083,0.034,0.000,0.000,0.000,3,0,0,0,0.233,0.176,0.103,0.090,0.069,0.041,9,8,6,5
0.231,0.099,0.025,3.14,0.186,0,0.2616,0.6232,0.193,-0.486,0.240,0.083,0.034,0.000,0.000,0.000,3,0,0,0,0.233,0.176,0.103,0.090,0.069,0.041,9,8,6,5
0.252,0.066,0.541,3.14,0.186,0,0.2404,0.6820,0.234,-0.486,0.240,0.083,0.034,0.000,0.000,0.000,3,0,0,0,0.233,0.176,0.103,0.090,0.069,0.041,9,8,6,5
0.234,0.072,0.099,2.53,0.140,0,0.1763,0.7074,0.289,-0.121,0.240,0.083,0.034,0.000,0.000,0.000,3,0,0,0,0.233,0.176,0.103,0.090,0.069,0.041,9,8,6,5
0.254,0.024,0.401,-0.42,0.180,0,0.0516,0.6849,0.714,0.318,0.240,0.083,0.034,0.000,0.000,0.000,3,0,0,0,0.233,0.176,0.103,0.090,0.069,0.041,9,8,6,5
