0.054,0.065,0.296,1.42,0.221,0,0.8389,0.9505,0.631,-0.397,0.462,0.281,0.567,0.502,0.389,0.251,220,183,83,71,0.399,0.274,0.559,0.490,0.321,0.143,217,103,59,48
0.062,0.071,0.287,-0.08,0.108,0,0.8329,0.9430,0.363,0.059,0.462,0.281,0.567,0.502,0.389,0.251,220,183,83,71,0.399,0.274,0.559,0.490,0.321,0.143,217,103,59,48
0.067,0.081,0.206,-0.08,0.108,0,0.7924,0.9052,0.355,0.059,0.462,0.281,0.567,0.502,0.389,0.251,220,183,83,71,0.399,0.274,0.559,0.490,0.321,0.143,217,103,59,48
0.069,0.078,0.089,1.99,0.186,0,0.7368,0.8484,0.176,-0.326,0.462,0.281,0.567,0.502,0.389,0.251,220,183,83,71,0.399,0.274,0.559,0.490,0.321,0.143,217,103,59,48
0.068,0.076,0.157,-1.1,0.105,-1,0.6804,0.7821,0.308,0.192,0.462,0.281,0.567,0.502,0.389,0.251,220,183,83,71,0.399,0.274,0.559,0.490,0.321,0.143,217,103,59,48
0.062,0.081,0.489,-0.52,0.062,0,0.6324,0.7138,0.346,0.341,0.462,0.281,0.567,0.502,0.389,0.251,220,183,83,71,0.399,0.274,0.559,0.490,0.321,0.143,217,103,59,48
0.064,0.094,0.616,-0.48,0.134,0,0.5983,0.6495,0.431,0.007,0.462,0.281,0.567,0.502,0.389,0.251,220,183,83,71,0.399,0.274,0.559,0.490,0.321,0.143,217,103,59,48
0.069,0.104,0.685,-0.48,0.134,0,0.5802,0.5934,0.345,0.007,0.462,0.281,0.567,0.502,0.389,0.251,220,183,83,71,0.399,0.274,0.559,0.490,0.321,0.143,217,103,59,48
0.077,0.123,0.595,-0.48,0.134,0,0.5776,0.5486,0.312,0.007,0.462,0.281,0.567,0.502,0.389,0.251,220,183,83,71,0.399,0.274,0.559,0.490,0.321,0.143,217,103,59,48
0.085,0.145,0.539,-0.08,0.108,0,0.5880,0.5165,0.342,0.059,0.462,0.281,0.567,0.502,0.389,0.251,220,183,83,71,0.399,0.274,0.559,0.490,0.321,0.143,217,103,59,48
0.090,0.137,0.456,0,0.000,0,0.6080,0.4994,0.201,0.166,0.462,0.281,0.567,0.502,0.389,0.251,220,183,83,71,0.399,0.274,0.559,0.490,0.321,0.143,217,103,59,48
0.090,0.108,0.503,0,0.000,0,0.6272,0.4926,0.095,0.166,0.462,0.281,0.567,0.502,0.389,0.251,220,183,83,71,0.399,0.274,0.559,0.490,0.321,0.143,217,103,59,48
0.100,0.070,0.185,2.53,0.140,0,0.6441,0.4941,0.096,-0.121,0.462,0.281,0.567,0.502,0.389,0.251,220,183,83,71,0.399,0.274,0.559,0.490,0.321,0.143,217,103,59,48
0.101,0.075,0.158,3.14,0.186,0,0.6656,0.5041,0.035,-0.486,0.462,0.281,0.567,0.502,0.389,0.251,220,183,83,71,0.399,0.274,0.559,0.490,0.321,0.143,217,103,59,48
0.107,0.076,0.207,-0.08,0.108,0,0.6872,0.5214,0.061,0.059,0.462,0.281,0.567,0.502,0.389,0.251,220,183,83,71,0.399,0.274,0.559,0.490,0.321,0.143,217,103,59,48
0.115,0.091,0.273,1.37,0.298,0,0.7095,0.5422,0.035,-0.510,0.462,0.281,0.567,0.502,0.389,0.251,220,183,83,71,0.399,0.274,0.559,0.490,0.321,0.143,217,103,59,48
0.104,0.074,0.422,3.14,0.186,0,0.7214,0.5570,0.066,-0.486,0.462,0.281,0.567,0.502,0.389,0.251,220,183,83,71,0.399,0.274,0.559,0.490,0.321,0.143,217,103,59,48
0.129,0.086,0.422,0,0.000,0,0.7228,0.5649,0.077,0.166,0.462,0.281,0.567,0.502,0.389,0.251,220,183,83,71,0.399,0.274,0.559,0.490,0.321,0.143,217,103,59,48
0.146,0.100,0.530,-0.52,0.062,0,0.7122,0.5630,0.185,0.341,0.462,0.281,0.567,0.502,0.389,0.251,220,183,83,71,0.399,0.274,0.559,0.490,0.321,0.143,217,103,59,48
0.140,0.095,0.595,-0.52,0.062,0,0.6905,0.5535,0.287,0.341,0.462,0.281,0.567,0.502,0.389,0.251,220,183,83,71,0.399,0.274,0.559,0.490,0.321,0.143,217,103,59,48
0.155,0.090,0.434,0,0.000,0,0.6664,0.5452,0.293,0.166,0.462,0.281,0.567,0.502,0.389,0.251,220,183,83,71,0.399,0.274,0.559,0.490,0.321,0.143,217,103,59,48
0.151,0.123,0.581,-0.52,0.062,0,0.6436,0.5380,0.323,0.341,0.462,0.281,0.567,0.502,0.389,0.251,220,183,83,71,0.399,0.274,0.559,0.490,0.321,0.143,217,103,59,48
0.132,0.119,0.411,-0.52,0.062,0,0.6426,0.5435,0.318,0.341,0.462,0.281,0.567,0.502,0.389,0.251,220,183,83,71,0.399,0.274,0.559,0.490,0.321,0.143,217,103,59,48
0.139,0.092,0.374,-1.14,0.131,0,0.6561,0.5551,0.391,0.987,0.462,0.281,0.567,0.502,0.389,0.251,220,183,83,71,0.399,0.274,0.559,0.490,0.321,0.143,217,103,59,48
0.137,0.102,0.446,-0.52,0.062,0,0.6731,0.5685,0.402,0.341,0.462,0.281,0.567,0.502,0.389,0.251,220,183,83,71,0.399,0.274,0.559,0.490,0.321,0.143,217,103,59,48
0.122,0.080,0.596,0.2,0.291,1,0.7006,0.5855,0.384,0.180,0.462,0.281,0.567,0.502,0.389,0.251,220,183,83,71,0.399,0.274,0.559,0.490,0.321,0.143,217,103,59,48
0.144,0.116,0.523,-0.08,0.108,0,0.7359,0.6090,0.406,0.059,0.462,0.281,0.567,0.502,0.389,0.251,220,183,83,71,0.399,0.274,0.559,0.490,0.321,0.143,217,103,59,48
0.125,0.098,0.463,-0.52,0.062,0,0.7687,0.6325,0.291,0.341,0.462,0.281,0.567,0.502,0.389,0.251,220,183,83,71,0.399,0.274,0.559,0.490,0.321,0.143,217,103,59,48
0.125,0.079,0.353,-1.14,0.131,0,0.7852,0.6485,0.322,0.987,0.462,0.281,0.567,0.502,0.389,0.251,220,183,83,71,0.399,0.274,0.559,0.490,0.321,0.143,217,103,59,48
0.125,0.074,0.435,-0.79,0.151,-1,0.7951,0.6590,0.434,0.736,0.462,0.281,0.567,0.502,0.389,0.251,220,183,83,71,0.399,0.274,0.559,0.490,0.321,0.143,217,103,59,48
0.098,0.089,0.465,-0.52,0.062,0,0.7800,0.6555,0.243,0.341,0.462,0.281,0.567,0.502,0.389,0.251,220,183,83,71,0.399,0.274,0.559,0.490,0.321,0.143,217,103,59,48
0.093,0.082,0.213,1.99,0.186,0,0.7444,0.6405,0.167,-0.326,0.462,0.281,0.567,0.502,0.389,0.251,220,183,83,71,0.399,0.274,0.559,0.490,0.321,0.143,217,103,59,48
0.093,0.101,0.512,1.37,0.298,0,0.7139,0.6295,0.202,-0.510,0.462,0.281,0.567,0.502,0.389,0.251,220,183,83,71,0.399,0.274,0.559,0.490,0.321,0.143,217,103,59,48
0.088,0.098,0.472,-0.52,0.062,0,0.6954,0.6274,0.308,0.341,0.462,0.281,0.567,0.502,0.389,0.251,220,183,83,71,0.399,0.274,0.559,0.490,0.321,0.143,217,103,59,48
0.087,0.102,0.416,-1.1,0.105,-1,0.6712,0.6223,0.344,0.192,0.462,0.281,0.567,0.502,0.389,0.251,220,183,83,71,0.399,0.274,0.559,0.490,0.321,0.143,217,103,59,48
0.080,0.122,0.407,-0.48,0.134,0,0.6394,0.6108,0.334,0.007,0.462,0.281,0.567,0.502,0.389,0.251,220,183,83,71,0.399,0.274,0.559,0.490,0.321,0.143,217,103,59,48
0.078,0.117,0.478,-0.52,0.062,0,0.6029,0.5952,0.377,0.341,0.462,0.281,0.567,0.502,0.389,0.251,220,183,83,71,0.399,0.274,0.559,0.490,0.321,0.143,217,103,59,48
0.085,0.146,0.437,-0.48,0.134,0,0.5610,0.5764,0.416,0.007,0.462,0.281,0.567,0.502,0.389,0.251,220,183,83,71,0.399,0.274,0.559,0.490,0.321,0.143,217,103,59,48
0.077,0.116,0.481,0,0.000,0,0.5227,0.5597,0.245,0.166,0.462,0.281,0.567,0.502,0.389,0.251,220,183,83,71,0.399,0.274,0.559,0.490,0.321,0.143,217,103,59,48
0.077,0.113,0.494,-0.52,0.062,0,0.4854,0.5442,0.254,0.341,0.462,0.281,0.567,0.502,0.389,0.251,220,183,83,71,0.399,0.274,0.559,0.490,0.321,0.143,217,103,59,48
0.084,0.113,0.466,1.69,0.290,0,0.4627,0.5374,0.105,-0.697,0.462,0.281,0.567,0.502,0.389,0.251,220,183,83,71,0.399,0.274,0.559,0.490,0.321,0.143,217,103,59,48
0.065,0.144,0.487,-0.42,0.180,0,0.4565,0.5394,0.297,0.318,0.462,0.281,0.567,0.502,0.389,0.251,220,183,83,71,0.399,0.274,0.559,0.490,0.321,0.143,217,103,59,48
0.063,0.111,0.560,-0.52,0.062,0,0.4639,0.5507,0.219,0.341,0.462,0.281,0.567,0.502,0.389,0.251,220,183,83,71,0.399,0.274,0.559,0.490,0.321,0.143,217,103,59,48
0.067,0.089,0.429,1.99,0.186,0,0.4732,0.5611,0.110,-0.326,0.462,0.281,0.567,0.502,0.389,0.251,220,183,83,71,0.399,0.274,0.559,0.490,0.321,0.143,217,103,59,48
0.067,0.102,0.419,-0.08,0.108,0,0.4916,0.5778,0.262,0.059,0.462,0.281,0.567,0.502,0.389,0.251,220,183,83,71,0.399,0.274,0.559,0.490,0.321,0.143,217,103,59,48
0.067,0.095,0.487,-0.42,0.180,0,0.5049,0.5915,0.406,0.318,0.462,0.281,0.567,0.502,0.389,0.251,220,183,83,71,0.399,0.274,0.559,0.490,0.321,0.143,217,103,59,48
0.076,0.087,0.558,0,0.000,0,0.5076,0.6017,0.303,0.166,0.462,0.281,0.567,0.502,0.389,0.251,220,183,83,71,0.399,0.274,0.559,0.490,0.321,0.143,217,103,59,48
0.073,0.081,0.579,2.1,0.128,0,0.5148,0.6117,0.129,0.02,0.462,0.281,0.567,0.502,0.389,0.251,220,183,83,71,0.399,0.274,0.559,0.490,0.321,0.143,217,103,59,48
0.092,0.074,0.487,-1.14,0.131,0,0.5114,0.6142,0.211,0.987,0.462,0.281,0.567,0.502,0.389,0.251,220,183,83,71,0.399,0.274,0.559,0.490,0.321,0.143,217,103,59,48
0.089,0.088,0.599,-0.08,0.108,0,0.5180,0.6179,0.281,0.059,0.462,0.281,0.567,0.502,0.389,0.251,220,183,83,71,0.399,0.274,0.559,0.490,0.321,0.143,217,103,59,48
0.081,0.096,0.600,1.37,0.298,0,0.5217,0.6197,0.242,-0.510,0.462,0.281,0.567,0.502,0.389,0.251,220,183,83,71,0.399,0.274,0.559,0.490,0.321,0.143,217,103,59,48
0.095,0.087,0.406,1.69,0.290,0,0.5395,0.6322,0.154,-0.697,0.462,0.281,0.567,0.502,0.389,0.251,220,183,83,71,0.399,0.274,0.559,0.490,0.321,0.143,217,103,59,48
0.094,0.084,0.469,-1.14,0.131,0,0.5757,0.6533,0.220,0.987,0.462,0.281,0.567,0.502,0.389,0.251,220,183,83,71,0.399,0.274,0.559,0.490,0.321,0.143,217,103,59,48
0.086,0.093,0.481,-1.14,0.131,0,0.6049,0.6676,0.361,0.987,0.462,0.281,0.567,0.502,0.389,0.251,220,183,83,71,0.399,0.274,0.559,0.490,0.321,0.143,217,103,59,48
0.086,0.096,0.447,-0.52,0.062,0,0.6131,0.6703,0.324,0.341,0.462,0.281,0.567,0.502,0.389,0.251,220,183,83,71,0.399,0.274,0.559,0.490,0.321,0.143,217,103,59,48
0.095,0.094,0.472,-1.14,0.131,0,0.6078,0.6673,0.384,0.987,0.462,0.281,0.567,0.502,0.389,0.251,220,183,83,71,0.399,0.274,0.559,0.490,0.321,0.143,217,103,59,48
0.103,0.108,0.539,-0.08,0.108,0,0.6085,0.6670,0.455,0.059,0.462,0.281,0.567,0.502,0.389,0.251,220,183,83,71,0.399,0.274,0.559,0.490,0.321,0.143,217,103,59,48
0.083,0.088,0.473,0,0.000,0,0.6076,0.6652,0.269,0.166,0.462,0.281,0.567,0.502,0.389,0.251,220,183,83,71,0.399,0.274,0.559,0.490,0.321,0.143,217,103,59,48
0.082,0.096,0.398,-0.52,0.062,0,0.6067,0.6629,0.401,0.341,0.462,0.281,0.567,0.502,0.389,0.251,220,183,83,71,0.399,0.274,0.559,0.490,0.321,0.143,217,103,59,48
0.091,0.082,0.260,1.99,0.186,0,0.6126,0.6642,0.208,-0.326,0.462,0.281,0.567,0.502,0.389,0.251,220,183,83,71,0.399,0.274,0.559,0.490,0.321,0.143,217,103,59,48
0.093,0.104,0.259,-0.08,0.108,0,0.6287,0.6711,0.337,0.059,0.462,0.281,0.567,0.502,0.389,0.251,220,183,83,71,0.399,0.274,0.559,0.490,0.321,0.143,217,103,59,48
0.100,0.106,0.320,-0.42,0.180,0,0.6462,0.6783,0.385,0.318,0.462,0.281,0.567,0.502,0.389,0.251,220,183,83,71,0.399,0.274,0.559,0.490,0.321,0.143,217,103,59,48
0.116,0.087,0.212,-1.1,0.105,-1,0.6585,0.6843,0.310,0.192,0.462,0.281,0.567,0.502,0.389,0.251,220,183,83,71,0.399,0.274,0.559,0.490,0.321,0.143,217,103,59,48
0.127,0.088,0.282,-1.14,0.131,0,0.6653,0.6867,0.342,0.987,0.462,0.281,0.567,0.502,0.389,0.251,220,183,83,71,0.399,0.274,0.559,0.490,0.321,0.143,217,103,59,48
0.133,0.084,0.424,0.85,0.046,0,0.6666,0.6897,0.269,0.06,0.462,0.281,0.567,0.502,0.389,0.251,220,183,83,71,0.399,0.274,0.559,0.490,0.321,0.143,217,103,59,48
0.133,0.084,0.586,0.2,0.291,1,0.6601,0.6898,0.352,0.180,0.462,0.281,0.567,0.502,0.389,0.251,220,183,83,71,0.399,0.274,0.559,0.490,0.321,0.143,217,103,59,48
0.133,0.085,0.453,-0.52,0.062,0,0.6541,0.6917,0.305,0.341,0.462,0.281,0.567,0.502,0.389,0.251,220,183,83,71,0.399,0.274,0.559,0.490,0.321,0.143,217,103,59,48
0.135,0.075,0.553,1.69,0.290,0,0.6596,0.6973,0.207,-0.697,0.462,0.281,0.567,0.502,0.389,0.251,220,183,83,71,0.399,0.274,0.559,0.490,0.321,0.143,217,103,59,48
0.135,0.079,0.410,0,0.000,0,0.6565,0.6977,0.251,0.166,0.462,0.281,0.567,0.502,0.389,0.251,220,183,83,71,0.399,0.274,0.559,0.490,0.321,0.143,217,103,59,48
0.135,0.088,0.503,-0.52,0.062,0,0.6616,0.7010,0.323,0.341,0.462,0.281,0.567,0.502,0.389,0.251,220,183,83,71,0.399,0.274,0.559,0.490,0.321,0.143,217,103,59,48
0.129,0.078,0.341,3.14,0.186,0,0.6765,0.7069,0.196,-0.486,0.462,0.281,0.567,0.502,0.389,0.251,220,183,83,71,0.399,0.274,0.559,0.490,0.321,0.143,217,103,59,48
0.143,0.080,0.574,-1.14,0.131,0,0.6913,0.7106,0.280,0.987,0.462,0.281,0.567,0.502,0.389,0.251,220,183,83,71,0.399,0.274,0.559,0.490,0.321,0.143,217,103,59,48
0.155,0.077,0.412,-1.14,0.131,0,0.6922,0.7039,0.298,0.987,0.462,0.281,0.567,0.502,0.389,0.251,220,183,83,71,0.399,0.274,0.559,0.490,0.321,0.143,217,103,59,48
0.169,0.081,0.379,-0.52,0.062,0,0.6768,0.6900,0.324,0.341,0.462,0.281,0.567,0.502,0.389,0.251,220,183,83,71,0.399,0.274,0.559,0.490,0.321,0.143,217,103,59,48
0.184,0.073,0.469,1.99,0.186,0,0.6611,0.6752,0.217,-0.326,0.462,0.281,0.567,0.502,0.389,0.251,220,183,83,71,0.399,0.274,0.559,0.490,0.321,0.143,217,103,59,48
0.192,0.074,0.390,-0.52,0.062,0,0.6568,0.6663,0.356,0.341,0.462,0.281,0.567,0.502,0.389,0.251,220,183,83,71,0.399,0.274,0.559,0.490,0.321,0.143,217,103,59,48
0.194,0.068,0.476,-1.1,0.105,-1,0.6730,0.6681,0.500,0.192,0.462,0.281,0.567,0.502,0.389,0.251,220,183,83,71,0.399,0.274,0.559,0.490,0.321,0.143,217,103,59,48
0.194,0.073,0.246,-1.1,0.105,-1,0.6887,0.6703,0.494,0.192,0.462,0.281,0.567,0.502,0.389,0.251,220,183,83,71,0.399,0.274,0.559,0.490,0.321,0.143,217,103,59,48
0.241,0.077,0.365,0,0.000,0,0.7023,0.6694,0.450,0.166,0.462,0.281,0.567,0.502,0.389,0.251,220,183,83,71,0.399,0.274,0.559,0.490,0.321,0.143,217,103,59,48
0.247,0.085,0.404,-0.52,0.062,0,0.7206,0.6727,0.343,0.341,0.462,0.281,0.567,0.502,0.389,0.251,220,183,83,71,0.399,0.274,0.559,0.490,0.321,0.143,217,103,59,48
0.247,0.085,0.327,-1.14,0.131,0,0.7244,0.6704,0.403,0.987,0.462,0.281,0.567,0.502,0.389,0.251,220,183,83,71,0.399,0.274,0.559,0.490,0.321,0.143,217,103,59,48
0.263,0.093,0.467,-0.52,0.062,0,0.7125,0.6607,0.412,0.341,0.462,0.281,0.567,0.502,0.389,0.251,220,183,83,71,0.399,0.274,0.559,0.490,0.321,0.143,217,103,59,48
0.285,0.099,0.533,-0.52,0.062,0,0.6849,0.6432,0.382,0.341,0.462,0.281,0.567,0.502,0.389,0.251,220,183,83,71,0.399,0.274,0.559,0.490,0.321,0.143,217,103,59,48
0.252,0.105,0.581,-0.52,0.062,0,0.6495,0.6244,0.377,0.341,0.462,0.281,0.567,0.502,0.389,0.251,220,183,83,71,0.399,0.274,0.559,0.490,0.321,0.143,217,103,59,48
0.218,0.107,0.520,-0.52,0.062,0,0.6233,0.6113,0.352,0.341,0.462,0.281,0.567,0.502,0.389,0.251,220,183,83,71,0.399,0.274,0.559,0.490,0.321,0.143,217,103,59,48
0.189,0.109,0.505,-0.52,0.062,0,0.5954,0.5949,0.357,0.341,0.462,0.281,0.567,0.502,0.389,0.251,220,183,83,71,0.399,0.274,0.559,0.490,0.321,0.143,217,103,59,48
0.184,0.113,0.518,-0.52,0.062,0,0.5795,0.5842,0.353,0.341,0.462,0.281,0.567,0.502,0.389,0.251,220,183,83,71,0.399,0.274,0.559,0.490,0.321,0.143,217,103,59,48
0.200,0.115,0.551,-0.52,0.062,0,0.5797,0.5819,0.335,0.341,0.462,0.281,0.567,0.502,0.389,0.251,220,183,83,71,0.399,0.274,0.559,0.490,0.321,0.143,217,103,59,48
0.199,0.123,0.497,-0.52,0.062,0,0.5821,0.5823,0.323,0.341,0.462,0.281,0.567,0.502,0.389,0.251,220,183,83,71,0.399,0.274,0.559,0.490,0.321,0.143,217,103,59,48
0.187,0.124,0.452,-0.52,0.062,0,0.5879,0.5854,0.318,0.341,0.462,0.281,0.567,0.502,0.389,0.251,220,183,83,71,0.399,0.274,0.559,0.490,0.321,0.143,217,103,59,48
0.182,0.122,0.443,-0.52,0.062,0,0.5920,0.5871,0.262,0.341,0.462,0.281,0.567,0.502,0.389,0.251,220,183,83,71,0.399,0.274,0.559,0.490,0.321,0.143,217,103,59,48
0.199,0.109,0.520,-0.52,0.062,0,0.5794,0.5825,0.211,0.341,0.462,0.281,0.567,0.502,0.389,0.251,220,183,83,71,0.399,0.274,0.559,0.490,0.321,0.143,217,103,59,48
0.189,0.110,0.326,-0.52,0.062,0,0.5514,0.5722,0.208,0.341,0.462,0.281,0.567,0.502,0.389,0.251,220,183,83,71,0.399,0.274,0.559,0.490,0.321,0.143,217,103,59,48
0.175,0.093,0.415,1.69,0.290,0,0.5212,0.5602,0.146,-0.697,0.462,0.281,0.567,0.502,0.389,0.251,220,183,83,71,0.399,0.274,0.559,0.490,0.321,0.143,217,103,59,48
0.167,0.096,0.487,1.37,0.298,0,0.5052,0.5570,0.199,-0.510,0.462,0.281,0.567,0.502,0.389,0.251,220,183,83,71,0.399,0.274,0.559,0.490,0.321,0.143,217,103,59,48
0.160,0.093,0.284,-0.48,0.134,0,0.4973,0.5589,0.378,0.007,0.462,0.281,0.567,0.502,0.389,0.251,220,183,83,71,0.399,0.274,0.559,0.490,0.321,0.143,217,103,59,48
0.159,0.081,0.321,0,0.000,0,0.4869,0.5556,0.256,0.166,0.462,0.281,0.567,0.502,0.389,0.251,220,183,83,71,0.399,0.274,0.559,0.490,0.321,0.143,217,103,59,48
0.124,0.086,0.527,-0.52,0.062,0,0.4755,0.5520,0.265,0.341,0.462,0.281,0.567,0.502,0.389,0.251,220,183,83,71,0.399,0.274,0.559,0.490,0.321,0.143,217,103,59,48
0.113,0.081,0.458,-1.14,0.131,0,0.4715,0.5515,0.283,0.987,0.462,0.281,0.567,0.502,0.389,0.251,220,183,83,71,0.399,0.274,0.559,0.490,0.321,0.143,217,103,59,48
0.113,0.089,0.430,-1.14,0.131,0,0.4757,0.5557,0.340,0.987,0.462,0.281,0.567,0.502,0.389,0.251,220,183,83,71,0.399,0.274,0.559,0.490,0.321,0.143,217,103,59,48
0.113,0.097,0.538,0,0.000,0,0.4828,0.5601,0.251,0.166,0.462,0.281,0.567,0.502,0.389,0.251,220,183,83,71,0.399,0.274,0.559,0.490,0.321,0.143,217,103,59,48
0.112,0.093,0.381,-0.52,0.062,0,0.4999,0.5702,0.200,0.341,0.462,0.281,0.567,0.502,0.389,0.251,220,183,83,71,0.399,0.274,0.559,0.490,0.321,0.143,217,103,59,48
0.106,0.081,0.217,1.99,0.186,0,0.5288,0.5852,0.090,-0.326,0.462,0.281,0.567,0.502,0.389,0.251,220,183,83,71,0.399,0.274,0.559,0.490,0.321,0.143,217,103,59,48
0.106,0.085,0.252,-0.42,0.180,0,0.5649,0.6023,0.290,0.318,0.462,0.281,0.567,0.502,0.389,0.251,220,183,83,71,0.399,0.274,0.559,0.490,0.321,0.143,217,103,59,48
0.123,0.075,0.041,2.53,0.140,0,0.6068,0.6207,0.161,-0.121,0.462,0.281,0.567,0.502,0.389,0.251,220,183,83,71,0.399,0.274,0.559,0.490,0.321,0.143,217,103,59,48
0.145,0.078,0.004,0.85,0.046,0,0.6335,0.6298,0.122,0.06,0.462,0.281,0.567,0.502,0.389,0.251,220,183,83,71,0.399,0.274,0.559,0.490,0.321,0.143,217,103,59,48
0.207,0.084,0.071,1.42,0.221,0,0.6616,0.6415,0.131,-0.397,0.462,0.281,0.567,0.502,0.389,0.251,220,183,83,71,0.399,0.274,0.559,0.490,0.321,0.143,217,103,59,48
0.213,0.112,0.091,-0.79,0.151,-1,0.6766,0.6452,0.331,0.736,0.462,0.281,0.567,0.502,0.389,0.251,220,183,83,71,0.399,0.274,0.559,0.490,0.321,0.143,217,103,59,48
0.194,0.119,0.104,-1.1,0.105,-1,0.6729,0.6364,0.316,0.192,0.462,0.281,0.567,0.502,0.389,0.251,220,183,83,71,0.399,0.274,0.559,0.490,0.321,0.143,217,103,59,48
0.211,0.137,0.278,-0.52,0.062,0,0.6524,0.6170,0.253,0.341,0.462,0.281,0.567,0.502,0.389,0.251,220,183,83,71,0.399,0.274,0.559,0.490,0.321,0.143,217,103,59,48
0.190,0.136,0.300,-0.52,0.062,0,0.6266,0.5919,0.364,0.341,0.462,0.281,0.567,0.502,0.389,0.251,220,183,83,71,0.399,0.274,0.559,0.490,0.321,0.143,217,103,59,48
0.182,0.161,0.502,0.2,0.291,1,0.6006,0.5639,0.443,0.180,0.462,0.281,0.567,0.502,0.389,0.251,220,183,83,71,0.399,0.274,0.559,0.490,0.321,0.143,217,103,59,48
0.165,0.099,0.235,2.53,0.140,0,0.5843,0.5401,0.246,-0.121,0.462,0.281,0.567,0.502,0.389,0.251,220,183,83,71,0.399,0.274,0.559,0.490,0.321,0.143,217,103,59,48
0.203,0.121,0.523,-0.52,0.062,0,0.5944,0.5335,0.345,0.341,0.462,0.281,0.567,0.502,0.389,0.251,220,183,83,71,0.399,0.274,0.559,0.490,0.321,0.143,217,103,59,48
0.208,0.131,0.390,-1.14,0.131,0,0.6084,0.5280,0.415,0.987,0.462,0.281,0.567,0.502,0.389,0.251,220,183,83,71,0.399,0.274,0.559,0.490,0.321,0.143,217,103,59,48
0.179,0.176,0.518,-0.52,0.062,0,0.6062,0.5114,0.448,0.341,0.462,0.281,0.567,0.502,0.389,0.251,220,183,83,71,0.399,0.274,0.559,0.490,0.321,0.143,217,103,59,48
0.181,0.197,0.599,-1.19,0.219,1,0.6018,0.4920,0.490,0.586,0.462,0.281,0.567,0.502,0.389,0.251,220,183,83,71,0.399,0.274,0.559,0.490,0.321,0.143,217,103,59,48
0.181,0.175,0.550,-0.52,0.062,0,0.5880,0.4655,0.333,0.341,0.462,0.281,0.567,0.502,0.389,0.251,220,183,83,71,0.399,0.274,0.559,0.490,0.321,0.143,217,103,59,48
0.218,0.180,0.603,-0.08,0.108,0,0.5509,0.4251,0.354,0.059,0.462,0.281,0.567,0.502,0.389,0.251,220,183,83,71,0.399,0.274,0.559,0.490,0.321,0.143,217,103,59,48
0.225,0.170,0.477,-0.52,0.062,0,0.4973,0.3729,0.363,0.341,0.462,0.281,0.567,0.502,0.389,0.251,220,183,83,71,0.399,0.274,0.559,0.490,0.321,0.143,217,103,59,48
0.214,0.183,0.596,-0.48,0.134,0,0.4301,0.3116,0.336,0.007,0.462,0.281,0.567,0.502,0.389,0.251,220,183,83,71,0.399,0.274,0.559,0.490,0.321,0.143,217,103,59,48
0.210,0.143,0.306,3.14,0.186,0,0.3639,0.2515,0.105,-0.486,0.462,0.281,0.567,0.502,0.389,0.251,220,183,83,71,0.399,0.274,0.559,0.490,0.321,0.143,217,103,59,48
0.245,0.178,0.229,-0.08,0.108,0,0.2993,0.1933,0.271,0.059,0.462,0.281,0.567,0.502,0.389,0.251,220,183,83,71,0.399,0.274,0.559,0.490,0.321,0.143,217,103,59,48
0.245,0.214,0.354,-1.19,0.219,1,0.2376,0.1381,0.325,0.586,0.462,0.281,0.567,0.502,0.389,0.251,220,183,83,71,0.399,0.274,0.559,0.490,0.321,0.143,217,103,59,48
0.241,0.159,0.059,1.99,0.186,0,0.1954,0.1011,0.125,-0.326,0.462,0.281,0.567,0.502,0.389,0.251,220,183,83,71,0.399,0.274,0.559,0.490,0.321,0.143,217,103,59,48
0.255,0.171,0.006,-0.48,0.134,0,0.1676,0.0771,0.274,0.007,0.462,0.281,0.567,0.502,0.389,0.251,220,183,83,71,0.399,0.274,0.559,0.490,0.321,0.143,217,103,59,48
0.236,0.185,0.002,0,0.000,0,0.1488,0.0622,0.140,0.166,0.462,0.281,0.567,0.502,0.389,0.251,220,183,83,71,0.399,0.274,0.559,0.490,0.321,0.143,217,103,59,48
0.195,0.136,0.001,1.42,0.221,0,0.1311,0.0521,0.045,-0.397,0.462,0.281,0.567,0.502,0.389,0.251,220,183,83,71,0.399,0.274,0.559,0.490,0.321,0.143,217,103,59,48
0.187,0.114,0.000,2.53,0.140,0,0.1163,0.0448,0.075,-0.121,0.462,0.281,0.567,0.502,0.389,0.251,220,183,83,71,0.399,0.274,0.559,0.490,0.321,0.143,217,103,59,48
0.205,0.131,0.004,1.99,0.186,0,0.1032,0.0386,0.063,-0.326,0.462,0.281,0.567,0.502,0.389,0.251,220,183,83,71,0.399,0.274,0.559,0.490,0.321,0.143,217,103,59,48
0.600,0.238,0.012,1.99,0.186,0,0.0916,0.0301,0.048,-0.326,0.462,0.281,0.567,0.502,0.389,0.251,220,183,83,71,0.399,0.274,0.559,0.490,0.321,0.143,217,103,59,48
0.597,0.195,0.135,2.1,0.128,0,0.0889,0.0293,0.016,0.02,0.462,0.281,0.567,0.502,0.389,0.251,220,183,83,71,0.399,0.274,0.559,0.490,0.321,0.143,217,103,59,48
0.212,0.269,0.376,-1.19,0.219,1,0.0830,0.0277,0.167,0.586,0.462,0.281,0.567,0.502,0.389,0.251,220,183,83,71,0.399,0.274,0.559,0.490,0.321,0.143,217,103,59,48
0.600,0.210,0.257,2.53,0.140,0,0.0715,0.0204,0.054,-0.121,0.462,0.281,0.567,0.502,0.389,0.251,220,183,83,71,0.399,0.274,0.559,0.490,0.321,0.143,217,103,59,48
0.584,0.189,0.338,2.1,0.128,0,0.0629,0.0169,0.084,0.02,0.462,0.281,0.567,0.502,0.389,0.251,220,183,83,71,0.399,0.274,0.559,0.490,0.321,0.143,217,103,59,48
0.168,0.141,0.482,0,0.000,0,0.0555,0.0141,0.163,0.166,0.462,0.281,0.567,0.502,0.389,0.251,220,183,83,71,0.399,0.274,0.559,0.490,0.321,0.143,217,103,59,48
0.604,0.135,0.392,-1.1,0.105,-1,0.0493,0.0107,0.205,0.192,0.462,0.281,0.567,0.502,0.389,0.251,220,183,83,71,0.399,0.274,0.559,0.490,0.321,0.143,217,103,59,48
0.206,0.141,0.403,2.53,0.140,0,0.0459,0.0083,0.149,-0.121,0.462,0.281,0.567,0.502,0.389,0.251,220,183,83,71,0.399,0.274,0.559,0.490,0.321,0.143,217,103,59,48
0.602,0.162,0.377,0.85,0.046,0,0.0450,0.0073,0.232,0.06,0.462,0.281,0.567,0.502,0.389,0.251,220,183,83,71,0.399,0.274,0.559,0.490,0.321,0.143,217,103,59,48
0.584,0.191,0.574,-0.52,0.062,0,0.0482,0.0066,0.200,0.341,0.462,0.281,0.567,0.502,0.389,0.251,220,183,83,71,0.399,0.274,0.559,0.490,0.321,0.143,217,103,59,48
0.586,0.186,0.488,0,0.000,0,0.0479,0.0050,0.120,0.166,0.462,0.281,0.567,0.502,0.389,0.251,220,183,83,71,0.399,0.274,0.559,0.490,0.321,0.143,217,103,59,48
0.178,0.168,0.925,1.69,0.290,0,0.0563,0.0055,0.105,-0.697,0.462,0.281,0.567,0.502,0.389,0.251,220,183,83,71,0.399,0.274,0.559,0.490,0.321,0.143,217,103,59,48
0.606,0.213,0.994,0.22,0.230,0,0.0632,0.0051,0.153,0.303,0.462,0.281,0.567,0.502,0.389,0.251,220,183,83,71,0.399,0.274,0.559,0.490,0.321,0.143,217,103,59,48
0.588,0.223,0.992,1.37,0.298,0,0.0767,0.0061,0.100,-0.510,0.462,0.281,0.567,0.502,0.389,0.251,220,183,83,71,0.399,0.274,0.559,0.490,0.321,0.143,217,103,59,48
0.574,0.172,0.410,0,0.000,0,0.0827,0.0064,0.084,0.166,0.462,0.281,0.567,0.502,0.389,0.251,220,183,83,71,0.399,0.274,0.559,0.490,0.321,0.143,217,103,59,48
0.559,0.137,0.328,2.53,0.140,0,0.0943,0.0074,0.088,-0.121,0.462,0.281,0.567,0.502,0.389,0.251,220,183,83,71,0.399,0.274,0.559,0.490,0.321,0.143,217,103,59,48
0.120,0.196,0.394,0.22,0.230,0,0.0965,0.0070,0.144,0.303,0.462,0.281,0.567,0.502,0.389,0.251,220,183,83,71,0.399,0.274,0.559,0.490,0.321,0.143,217,103,59,48
0.130,0.175,0.303,0.85,0.046,0,0.1045,0.0078,0.108,0.06,0.462,0.281,0.567,0.502,0.389,0.251,220,183,83,71,0.399,0.274,0.559,0.490,0.321,0.143,217,103,59,48
0.568,0.195,0.435,2.1,0.128,0,0.1150,0.0087,0.059,0.02,0.462,0.281,0.567,0.502,0.389,0.251,220,183,83,71,0.399,0.274,0.559,0.490,0.321,0.143,217,103,59,48
0.133,0.180,0.986,-0.79,0.151,-1,0.1224,0.0085,0.382,0.736,0.462,0.281,0.567,0.502,0.389,0.251,220,183,83,71,0.399,0.274,0.559,0.490,0.321,0.143,217,103,59,48
0.122,0.214,0.800,0,0.000,0,0.1385,0.0104,0.207,0.166,0.462,0.281,0.567,0.502,0.389,0.251,220,183,83,71,0.399,0.274,0.559,0.490,0.321,0.143,217,103,59,48
0.558,0.279,0.232,2.1,0.128,0,0.1566,0.0132,0.070,0.02,0.462,0.281,0.567,0.502,0.389,0.251,220,183,83,71,0.399,0.274,0.559,0.490,0.321,0.143,217,103,59,48
0.560,0.414,0.990,-1.19,0.219,1,0.1699,0.0156,0.360,0.586,0.462,0.281,0.567,0.502,0.389,0.251,220,183,83,71,0.399,0.274,0.559,0.490,0.321,0.143,217,103,59,48
0.108,0.376,0.488,0,0.000,0,0.1849,0.0196,0.208,0.166,0.462,0.281,0.567,0.502,0.389,0.251,220,183,83,71,0.399,0.274,0.559,0.490,0.321,0.143,217,103,59,48
0.559,0.439,0.698,1.69,0.290,0,0.1882,0.0196,0.129,-0.697,0.462,0.281,0.567,0.502,0.389,0.251,220,183,83,71,0.399,0.274,0.559,0.490,0.321,0.143,217,103,59,48
0.551,0.481,0.466,1.69,0.290,0,0.1775,0.0164,0.080,-0.697,0.462,0.281,0.567,0.502,0.389,0.251,220,183,83,71,0.399,0.274,0.559,0.490,0.321,0.143,217,103,59,48
0.564,0.723,0.991,0.2,0.291,1,0.1788,0.0178,0.254,0.180,0.462,0.281,0.567,0.502,0.389,0.251,220,183,83,71,0.399,0.274,0.559,0.490,0.321,0.143,217,103,59,48
0.562,0.749,0.991,0.2,0.291,1,0.1815,0.0203,0.349,0.180,0.462,0.281,0.567,0.502,0.389,0.251,220,183,83,71,0.399,0.274,0.559,0.490,0.321,0.143,217,103,59,48
0.563,0.349,0.674,-0.52,0.062,0,0.1778,0.0216,0.171,0.341,0.462,0.281,0.567,0.502,0.389,0.251,220,183,83,71,0.399,0.274,0.559,0.490,0.321,0.143,217,103,59,48
0.561,0.263,0.360,3.14,0.186,0,0.1839,0.0248,0.138,-0.486,0.462,0.281,0.567,0.502,0.389,0.251,220,183,83,71,0.399,0.274,0.559,0.490,0.321,0.143,217,103,59,48
0.591,0.277,0.618,-0.42,0.180,0,0.1947,0.0286,0.351,0.318,0.462,0.281,0.567,0.502,0.389,0.251,220,183,83,71,0.399,0.274,0.559,0.490,0.321,0.143,217,103,59,48
0.153,0.277,0.555,-0.42,0.180,0,0.2202,0.0349,0.316,0.318,0.462,0.281,0.567,0.502,0.389,0.251,220,183,83,71,0.399,0.274,0.559,0.490,0.321,0.143,217,103,59,48
0.122,0.244,0.401,-0.48,0.134,0,0.2357,0.0396,0.219,0.007,0.462,0.281,0.567,0.502,0.389,0.251,220,183,83,71,0.399,0.274,0.559,0.490,0.321,0.143,217,103,59,48
0.083,0.174,0.332,3.14,0.186,0,0.2534,0.0437,0.166,-0.486,0.462,0.281,0.567,0.502,0.389,0.251,220,183,83,71,0.399,0.274,0.559,0.490,0.321,0.143,217,103,59,48
0.084,0.173,0.382,-0.42,0.180,0,0.2582,0.0454,0.344,0.318,0.462,0.281,0.567,0.502,0.389,0.251,220,183,83,71,0.399,0.274,0.559,0.490,0.321,0.143,217,103,59,48
0.554,0.225,0.525,1.37,0.298,0,0.2605,0.0455,0.131,-0.510,0.462,0.281,0.567,0.502,0.389,0.251,220,183,83,71,0.399,0.274,0.559,0.490,0.321,0.143,217,103,59,48
0.127,0.205,0.646,-1.19,0.219,1,0.2577,0.0441,0.267,0.586,0.462,0.281,0.567,0.502,0.389,0.251,220,183,83,71,0.399,0.274,0.559,0.490,0.321,0.143,217,103,59,48
0.122,0.178,0.534,0.2,0.291,1,0.2508,0.0408,0.332,0.180,0.462,0.281,0.567,0.502,0.389,0.251,220,183,83,71,0.399,0.274,0.559,0.490,0.321,0.143,217,103,59,48
0.561,0.124,0.418,2.1,0.128,0,0.2365,0.0363,0.147,0.02,0.462,0.281,0.567,0.502,0.389,0.251,220,183,83,71,0.399,0.274,0.559,0.490,0.321,0.143,217,103,59,48
0.113,0.122,0.381,1.99,0.186,0,0.2259,0.0332,0.150,-0.326,0.462,0.281,0.567,0.502,0.389,0.251,220,183,83,71,0.399,0.274,0.559,0.490,0.321,0.143,217,103,59,48
0.098,0.236,0.598,-1.19,0.219,1,0.2251,0.0333,0.474,0.586,0.462,0.281,0.567,0.502,0.389,0.251,220,183,83,71,0.399,0.274,0.559,0.490,0.321,0.143,217,103,59,48
0.553,0.243,0.501,-0.48,0.134,0,0.2346,0.0361,0.405,0.007,0.462,0.281,0.567,0.502,0.389,0.251,220,183,83,71,0.399,0.274,0.559,0.490,0.321,0.143,217,103,59,48
0.546,0.202,0.382,-0.79,0.151,-1,0.2286,0.0332,0.437,0.736,0.462,0.281,0.567,0.502,0.389,0.251,220,183,83,71,0.399,0.274,0.559,0.490,0.321,0.143,217,103,59,48
0.557,0.315,0.449,-0.48,0.134,0,0.2071,0.0254,0.443,0.007,0.462,0.281,0.567,0.502,0.389,0.251,220,183,83,71,0.399,0.274,0.559,0.490,0.321,0.143,217,103,59,48
0.560,0.239,0.239,2.1,0.128,0,0.2054,0.0244,0.093,0.02,0.462,0.281,0.567,0.502,0.389,0.251,220,183,83,71,0.399,0.274,0.559,0.490,0.321,0.143,217,103,59,48
0.120,0.301,0.331,-0.52,0.062,0,0.2075,0.0255,0.218,0.341,0.462,0.281,0.567,0.502,0.389,0.251,220,183,83,71,0.399,0.274,0.559,0.490,0.321,0.143,217,103,59,48
0.565,0.268,0.233,3.14,0.186,0,0.2075,0.0274,0.111,-0.486,0.462,0.281,0.567,0.502,0.389,0.251,220,183,83,71,0.399,0.274,0.559,0.490,0.321,0.143,217,103,59,48
0.108,0.270,0.481,2.53,0.140,0,0.2040,0.0284,0.086,-0.121,0.462,0.281,0.567,0.502,0.389,0.251,220,183,83,71,0.399,0.274,0.559,0.490,0.321,0.143,217,103,59,48
0.554,0.752,0.645,0.2,0.291,1,0.1956,0.0288,0.250,0.180,0.462,0.281,0.567,0.502,0.389,0.251,220,183,83,71,0.399,0.274,0.559,0.490,0.321,0.143,217,103,59,48
0.543,0.339,0.584,3.14,0.186,0,0.1908,0.0313,0.077,-0.486,0.462,0.281,0.567,0.502,0.389,0.251,220,183,83,71,0.399,0.274,0.559,0.490,0.321,0.143,217,103,59,48
0.108,0.759,0.698,-0.48,0.134,0,0.1766,0.0310,0.121,0.007,0.462,0.281,0.567,0.502,0.389,0.251,220,183,83,71,0.399,0.274,0.559,0.490,0.321,0.143,217,103,59,48
0.554,0.807,0.998,0.2,0.291,1,0.1638,0.0322,0.282,0.180,0.462,0.281,0.567,0.502,0.389,0.251,220,183,83,71,0.399,0.274,0.559,0.490,0.321,0.143,217,103,59,48
0.565,0.805,0.967,-0.48,0.134,0,0.1448,0.0299,0.349,0.007,0.462,0.281,0.567,0.502,0.389,0.251,220,183,83,71,0.399,0.274,0.559,0.490,0.321,0.143,217,103,59,48
0.579,0.859,0.744,0.2,0.291,1,0.1238,0.0267,0.300,0.180,0.462,0.281,0.567,0.502,0.389,0.251,220,183,83,71,0.399,0.274,0.559,0.490,0.321,0.143,217,103,59,48
0.597,0.734,0.638,2.1,0.128,0,0.1206,0.0307,0.111,0.02,0.462,0.281,0.567,0.502,0.389,0.251,220,183,83,71,0.399,0.274,0.559,0.490,0.321,0.143,217,103,59,48
0.595,0.796,0.939,-0.42,0.180,0,0.1279,0.0372,0.319,0.318,0.462,0.281,0.567,0.502,0.389,0.251,220,183,83,71,0.399,0.274,0.559,0.490,0.321,0.143,217,103,59,48
0.184,0.823,0.570,-0.42,0.180,0,0.1412,0.0492,0.317,0.318,0.462,0.281,0.567,0.502,0.389,0.251,220,183,83,71,0.399,0.274,0.559,0.490,0.321,0.143,217,103,59,48
0.598,0.807,0.574,2.1,0.128,0,0.1611,0.0600,0.124,0.02,0.462,0.281,0.567,0.502,0.389,0.251,220,183,83,71,0.399,0.274,0.559,0.490,0.321,0.143,217,103,59,48
0.602,0.881,0.991,0.2,0.291,1,0.1823,0.0687,0.283,0.180,0.462,0.281,0.567,0.502,0.389,0.251,220,183,83,71,0.399,0.274,0.559,0.490,0.321,0.143,217,103,59,48
0.602,0.780,0.455,1.69,0.290,0,0.2143,0.0851,0.089,-0.697,0.462,0.281,0.567,0.502,0.389,0.251,220,183,83,71,0.399,0.274,0.559,0.490,0.321,0.143,217,103,59,48
0.601,0.779,0.492,-1.19,0.219,1,0.2242,0.0884,0.339,0.586,0.462,0.281,0.567,0.502,0.389,0.251,220,183,83,71,0.399,0.274,0.559,0.490,0.321,0.143,217,103,59,48
0.617,0.799,0.675,-1.19,0.219,1,0.2184,0.0875,0.319,0.586,0.462,0.281,0.567,0.502,0.389,0.251,220,183,83,71,0.399,0.274,0.559,0.490,0.321,0.143,217,103,59,48
0.613,0.301,0.427,2.1,0.128,0,0.2013,0.0795,0.090,0.02,0.462,0.281,0.567,0.502,0.389,0.251,220,183,83,71,0.399,0.274,0.559,0.490,0.321,0.143,217,103,59,48
0.635,0.234,0.015,1.99,0.186,0,0.1834,0.0741,0.127,-0.326,0.462,0.281,0.567,0.502,0.389,0.251,220,183,83,71,0.399,0.274,0.559,0.490,0.321,0.143,217,103,59,48
0.222,0.307,0.225,-0.52,0.062,0,0.1800,0.0842,0.250,0.341,0.462,0.281,0.567,0.502,0.389,0.251,220,183,83,71,0.399,0.274,0.559,0.490,0.321,0.143,217,103,59,48
0.220,0.247,0.128,2.53,0.140,0,0.1777,0.0936,0.163,-0.121,0.462,0.281,0.567,0.502,0.389,0.251,220,183,83,71,0.399,0.274,0.559,0.490,0.321,0.143,217,103,59,48
0.617,0.297,0.201,0,0.000,0,0.1797,0.1035,0.225,0.166,0.462,0.281,0.567,0.502,0.389,0.251,220,183,83,71,0.399,0.274,0.559,0.490,0.321,0.143,217,103,59,48
0.618,0.717,0.469,1.42,0.221,0,0.1967,0.1256,0.158,-0.397,0.462,0.281,0.567,0.502,0.389,0.251,220,183,83,71,0.399,0.274,0.559,0.490,0.321,0.143,217,103,59,48
0.610,0.734,0.576,-0.52,0.062,0,0.2303,0.1584,0.228,0.341,0.462,0.281,0.567,0.502,0.389,0.251,220,183,83,71,0.399,0.274,0.559,0.490,0.321,0.143,217,103,59,48
0.629,0.762,0.683,0.2,0.291,1,0.2872,0.2072,0.352,0.180,0.462,0.281,0.567,0.502,0.389,0.251,220,183,83,71,0.399,0.274,0.559,0.490,0.321,0.143,217,103,59,48
0.655,0.186,0.375,-1.1,0.105,-1,0.3429,0.2568,0.272,0.192,0.462,0.281,0.567,0.502,0.389,0.251,220,183,83,71,0.399,0.274,0.559,0.490,0.321,0.143,217,103,59,48
0.609,0.196,0.207,0.85,0.046,0,0.3989,0.3085,0.138,0.06,0.462,0.281,0.567,0.502,0.389,0.251,220,183,83,71,0.399,0.274,0.559,0.490,0.321,0.143,217,103,59,48
0.609,0.177,0.372,2.53,0.140,0,0.4531,0.3600,0.155,-0.121,0.462,0.281,0.567,0.502,0.389,0.251,220,183,83,71,0.399,0.274,0.559,0.490,0.321,0.143,217,103,59,48
0.604,0.223,0.506,0.2,0.291,1,0.4978,0.4037,0.318,0.180,0.462,0.281,0.567,0.502,0.389,0.251,220,183,83,71,0.399,0.274,0.559,0.490,0.321,0.143,217,103,59,48
0.215,0.164,0.295,1.69,0.290,0,0.5439,0.4445,0.130,-0.697,0.462,0.281,0.567,0.502,0.389,0.251,220,183,83,71,0.399,0.274,0.559,0.490,0.321,0.143,217,103,59,48
0.213,0.160,0.611,0,0.000,0,0.5655,0.4659,0.247,0.166,0.462,0.281,0.567,0.502,0.389,0.251,220,183,83,71,0.399,0.274,0.559,0.490,0.321,0.143,217,103,59,48
0.606,0.225,0.798,0.2,0.291,1,0.5720,0.4760,0.445,0.180,0.462,0.281,0.567,0.502,0.389,0.251,220,183,83,71,0.399,0.274,0.559,0.490,0.321,0.143,217,103,59,48
0.210,0.172,0.506,3.14,0.186,0,0.5745,0.4848,0.183,-0.486,0.462,0.281,0.567,0.502,0.389,0.251,220,183,83,71,0.399,0.274,0.559,0.490,0.321,0.143,217,103,59,48
0.167,0.170,0.468,-1.14,0.131,0,0.5636,0.4820,0.294,0.987,0.462,0.281,0.567,0.502,0.389,0.251,220,183,83,71,0.399,0.274,0.559,0.490,0.321,0.143,217,103,59,48
0.583,0.186,0.744,-1.19,0.219,1,0.5601,0.4846,0.458,0.586,0.462,0.281,0.567,0.502,0.389,0.251,220,183,83,71,0.399,0.274,0.559,0.490,0.321,0.143,217,103,59,48
0.155,0.188,0.815,0.2,0.291,1,0.5434,0.4761,0.431,0.180,0.462,0.281,0.567,0.502,0.389,0.251,220,183,83,71,0.399,0.274,0.559,0.490,0.321,0.143,217,103,59,48
0.169,0.101,0.460,-0.79,0.151,-1,0.5279,0.4727,0.350,0.736,0.462,0.281,0.567,0.502,0.389,0.251,220,183,83,71,0.399,0.274,0.559,0.490,0.321,0.143,217,103,59,48
0.169,0.116,0.517,-1.19,0.219,1,0.5379,0.4906,0.259,0.586,0.462,0.281,0.567,0.502,0.389,0.251,220,183,83,71,0.399,0.274,0.559,0.490,0.321,0.143,217,103,59,48
0.176,0.105,0.335,-0.42,0.180,0,0.5563,0.5130,0.314,0.318,0.462,0.281,0.567,0.502,0.389,0.251,220,183,83,71,0.399,0.274,0.559,0.490,0.321,0.143,217,103,59,48
0.145,0.119,0.662,0.2,0.291,1,0.5744,0.5325,0.332,0.180,0.462,0.281,0.567,0.502,0.389,0.251,220,183,83,71,0.399,0.274,0.559,0.490,0.321,0.143,217,103,59,48
0.173,0.079,0.059,1.42,0.221,0,0.5851,0.5477,0.097,-0.397,0.462,0.281,0.567,0.502,0.389,0.251,220,183,83,71,0.399,0.274,0.559,0.490,0.321,0.143,217,103,59,48
0.171,0.082,0.018,1.99,0.186,0,0.6037,0.5640,0.137,-0.326,0.462,0.281,0.567,0.502,0.389,0.251,220,183,83,71,0.399,0.274,0.559,0.490,0.321,0.143,217,103,59,48
0.140,0.084,0.001,0.85,0.046,0,0.6200,0.5789,0.349,0.06,0.462,0.281,0.567,0.502,0.389,0.251,220,183,83,71,0.399,0.274,0.559,0.490,0.321,0.143,217,103,59,48
0.122,0.081,0.001,-0.79,0.151,-1,0.6297,0.5902,0.282,0.736,0.462,0.281,0.567,0.502,0.389,0.251,220,183,83,71,0.399,0.274,0.559,0.490,0.321,0.143,217,103,59,48
0.124,0.077,0.003,1.42,0.221,0,0.6243,0.5933,0.045,-0.397,0.462,0.281,0.567,0.502,0.389,0.251,220,183,83,71,0.399,0.274,0.559,0.490,0.321,0.143,217,103,59,48
0.099,0.093,0.012,-0.42,0.180,0,0.6002,0.5878,0.231,0.318,0.462,0.281,0.567,0.502,0.389,0.251,220,183,83,71,0.399,0.274,0.559,0.490,0.321,0.143,217,103,59,48
0.100,0.091,0.002,-0.52,0.062,0,0.5705,0.5804,0.366,0.341,0.462,0.281,0.567,0.502,0.389,0.251,220,183,83,71,0.399,0.274,0.559,0.490,0.321,0.143,217,103,59,48
0.130,0.089,0.002,0.85,0.046,0,0.5350,0.5726,0.122,0.06,0.462,0.281,0.567,0.502,0.389,0.251,220,183,83,71,0.399,0.274,0.559,0.490,0.321,0.143,217,103,59,48
0.101,0.088,0.013,1.42,0.221,0,0.4984,0.5652,0.121,-0.397,0.462,0.281,0.567,0.502,0.389,0.251,220,183,83,71,0.399,0.274,0.559,0.490,0.321,0.143,217,103,59,48
0.108,0.113,0.011,-0.48,0.134,0,0.4699,0.5642,0.392,0.007,0.462,0.281,0.567,0.502,0.389,0.251,220,183,83,71,0.399,0.274,0.559,0.490,0.321,0.143,217,103,59,48
0.099,0.089,0.005,1.99,0.186,0,0.4467,0.5662,0.205,-0.326,0.462,0.281,0.567,0.502,0.389,0.251,220,183,83,71,0.399,0.274,0.559,0.490,0.321,0.143,217,103,59,48
0.094,0.091,0.013,0.85,0.046,0,0.4354,0.5743,0.184,0.06,0.462,0.281,0.567,0.502,0.389,0.251,220,183,83,71,0.399,0.274,0.559,0.490,0.321,0.143,217,103,59,48
0.077,0.111,0.112,-0.48,0.134,0,0.4493,0.5957,0.340,0.007,0.462,0.281,0.567,0.502,0.389,0.251,220,183,83,71,0.399,0.274,0.559,0.490,0.321,0.143,217,103,59,48
0.072,0.112,0.139,-0.48,0.134,0,0.4610,0.6139,0.361,0.007,0.462,0.281,0.567,0.502,0.389,0.251,220,183,83,71,0.399,0.274,0.559,0.490,0.321,0.143,217,103,59,48
0.094,0.112,0.038,-0.42,0.180,0,0.4743,0.6310,0.379,0.318,0.462,0.281,0.567,0.502,0.389,0.251,220,183,83,71,0.399,0.274,0.559,0.490,0.321,0.143,217,103,59,48
0.086,0.102,0.018,1.99,0.186,0,0.4979,0.6488,0.169,-0.326,0.462,0.281,0.567,0.502,0.389,0.251,220,183,83,71,0.399,0.274,0.559,0.490,0.321,0.143,217,103,59,48
0.085,0.126,0.129,-0.52,0.062,0,0.5313,0.6701,0.330,0.341,0.462,0.281,0.567,0.502,0.389,0.251,220,183,83,71,0.399,0.274,0.559,0.490,0.321,0.143,217,103,59,48
0.078,0.133,0.026,-0.52,0.062,0,0.5748,0.6943,0.437,0.341,0.462,0.281,0.567,0.502,0.389,0.251,220,183,83,71,0.399,0.274,0.559,0.490,0.321,0.143,217,103,59,48
0.083,0.156,0.010,-0.42,0.180,0,0.6034,0.7084,0.440,0.318,0.462,0.281,0.567,0.502,0.389,0.251,220,183,83,71,0.399,0.274,0.559,0.490,0.321,0.143,217,103,59,48
0.076,0.110,0.002,2.1,0.128,0,0.6391,0.7245,0.126,0.02,0.462,0.281,0.567,0.502,0.389,0.251,220,183,83,71,0.399,0.274,0.559,0.490,0.321,0.143,217,103,59,48
0.086,0.098,0.002,-1.14,0.131,0,0.6717,0.7388,0.388,0.987,0.462,0.281,0.567,0.502,0.389,0.251,220,183,83,71,0.399,0.274,0.559,0.490,0.321,0.143,217,103,59,48
0.082,0.091,0.006,1.99,0.186,0,0.7137,0.7615,0.267,-0.326,0.462,0.281,0.567,0.502,0.389,0.251,220,183,83,71,0.399,0.274,0.559,0.490,0.321,0.143,217,103,59,48
0.083,0.086,0.002,-0.79,0.151,-1,0.7448,0.7754,0.467,0.736,0.462,0.281,0.567,0.502,0.389,0.251,220,183,83,71,0.399,0.274,0.559,0.490,0.321,0.143,217,103,59,48
0.094,0.093,0.040,-0.08,0.108,0,0.7712,0.7872,0.411,0.059,0.462,0.281,0.567,0.502,0.389,0.251,220,183,83,71,0.399,0.274,0.559,0.490,0.321,0.143,217,103,59,48
0.116,0.102,0.016,-0.52,0.062,0,0.7954,0.7939,0.315,0.341,0.462,0.281,0.567,0.502,0.389,0.251,220,183,83,71,0.399,0.274,0.559,0.490,0.321,0.143,217,103,59,48
0.123,0.100,0.028,-1.14,0.131,0,0.8153,0.8000,0.424,0.987,0.462,0.281,0.567,0.502,0.389,0.251,220,183,83,71,0.399,0.274,0.559,0.490,0.321,0.143,217,103,59,48
0.118,0.110,0.061,-0.08,0.108,0,0.8359,0.8078,0.430,0.059,0.462,0.281,0.567,0.502,0.389,0.251,220,183,83,71,0.399,0.274,0.559,0.490,0.321,0.143,217,103,59,48
0.118,0.108,0.016,-0.42,0.180,0,0.8585,0.8162,0.524,0.318,0.462,0.281,0.567,0.502,0.389,0.251,220,183,83,71,0.399,0.274,0.559,0.490,0.321,0.143,217,103,59,48
0.107,0.094,0.077,0.22,0.230,0,0.8818,0.8244,0.327,0.303,0.462,0.281,0.567,0.502,0.389,0.251,220,183,83,71,0.399,0.274,0.559,0.490,0.321,0.143,217,103,59,48
0.106,0.085,0.015,-1.14,0.131,0,0.9035,0.8300,0.350,0.987,0.462,0.281,0.567,0.502,0.389,0.251,220,183,83,71,0.399,0.274,0.559,0.490,0.321,0.143,217,103,59,48
0.098,0.094,0.070,-0.08,0.108,0,0.9347,0.8449,0.349,0.059,0.462,0.281,0.567,0.502,0.389,0.251,220,183,83,71,0.399,0.274,0.559,0.490,0.321,0.143,217,103,59,48
0.103,0.085,0.006,-1.14,0.131,0,0.9547,0.8543,0.521,0.987,0.462,0.281,0.567,0.502,0.389,0.251,220,183,83,71,0.399,0.274,0.559,0.490,0.321,0.143,217,103,59,48
0.099,0.077,0.023,0,0.000,0,0.9712,0.8611,0.288,0.166,0.462,0.281,0.567,0.502,0.389,0.251,220,183,83,71,0.399,0.274,0.559,0.490,0.321,0.143,217,103,59,48
0.122,0.086,0.054,-1.14,0.131,0,0.9779,0.8594,0.419,0.987,0.462,0.281,0.567,0.502,0.389,0.251,220,183,83,71,0.399,0.274,0.559,0.490,0.321,0.143,217,103,59,48
0.123,0.087,0.101,1.42,0.221,0,0.9746,0.8484,0.431,-0.397,0.462,0.281,0.567,0.502,0.389,0.251,220,183,83,71,0.399,0.274,0.559,0.490,0.321,0.143,217,103,59,48
0.123,0.070,0.030,0,0.000,0,0.9759,0.8381,0.308,0.166,0.462,0.281,0.567,0.502,0.389,0.251,220,183,83,71,0.399,0.274,0.559,0.490,0.321,0.143,217,103,59,48
0.123,0.073,0.008,-1.14,0.131,0,0.9674,0.8239,0.510,0.987,0.462,0.281,0.567,0.502,0.389,0.251,220,183,83,71,0.399,0.274,0.559,0.490,0.321,0.143,217,103,59,48
0.128,0.083,0.030,-0.52,0.062,0,0.9497,0.8044,0.396,0.341,0.462,0.281,0.567,0.502,0.389,0.251,220,183,83,71,0.399,0.274,0.559,0.490,0.321,0.143,217,103,59,48
0.132,0.080,0.154,-1.14,0.131,0,0.9192,0.7783,0.445,0.987,0.462,0.281,0.567,0.502,0.389,0.251,220,183,83,71,0.399,0.274,0.559,0.490,0.321,0.143,217,103,59,48
0.126,0.079,0.071,-1.14,0.131,0,0.8952,0.7603,0.411,0.987,0.462,0.281,0.567,0.502,0.389,0.251,220,183,83,71,0.399,0.274,0.559,0.490,0.321,0.143,217,103,59,48
0.109,0.082,0.025,-1.14,0.131,0,0.8654,0.7423,0.492,0.987,0.462,0.281,0.567,0.502,0.389,0.251,220,183,83,71,0.399,0.274,0.559,0.490,0.321,0.143,217,103,59,48
0.120,0.070,0.038,0.85,0.046,0,0.8375,0.7306,0.336,0.06,0.462,0.281,0.567,0.502,0.389,0.251,220,183,83,71,0.399,0.274,0.559,0.490,0.321,0.143,217,103,59,48
0.122,0.073,0.018,-1.14,0.131,0,0.8087,0.7184,0.484,0.987,0.462,0.281,0.567,0.502,0.389,0.251,220,183,83,71,0.399,0.274,0.559,0.490,0.321,0.143,217,103,59,48
0.098,0.075,0.006,2.53,0.140,0,0.7867,0.7148,0.260,-0.121,0.462,0.281,0.567,0.502,0.389,0.251,220,183,83,71,0.399,0.274,0.559,0.490,0.321,0.143,217,103,59,48
0.098,0.079,0.003,-1.14,0.131,0,0.7681,0.7150,0.356,0.987,0.462,0.281,0.567,0.502,0.389,0.251,220,183,83,71,0.399,0.274,0.559,0.490,0.321,0.143,217,103,59,48
0.091,0.083,0.027,-0.52,0.062,0,0.7563,0.7185,0.241,0.341,0.462,0.281,0.567,0.502,0.389,0.251,220,183,83,71,0.399,0.274,0.559,0.490,0.321,0.143,217,103,59,48
0.086,0.076,0.003,-1.14,0.131,0,0.7428,0.7180,0.322,0.987,0.462,0.281,0.567,0.502,0.389,0.251,220,183,83,71,0.399,0.274,0.559,0.490,0.321,0.143,217,103,59,48
0.090,0.078,0.005,1.99,0.186,0,0.7317,0.7136,0.192,-0.326,0.462,0.281,0.567,0.502,0.389,0.251,220,183,83,71,0.399,0.274,0.559,0.490,0.321,0.143,217,103,59,48
0.081,0.095,0.002,2.53,0.140,0,0.7237,0.7131,0.210,-0.121,0.462,0.281,0.567,0.502,0.389,0.251,220,183,83,71,0.399,0.274,0.559,0.490,0.321,0.143,217,103,59,48
0.081,0.081,0.008,0,0.000,0,0.7178,0.7100,0.206,0.166,0.462,0.281,0.567,0.502,0.389,0.251,220,183,83,71,0.399,0.274,0.559,0.490,0.321,0.143,217,103,59,48
0.081,0.089,0.004,1.69,0.290,0,0.7154,0.7096,0.150,-0.697,0.462,0.281,0.567,0.502,0.389,0.251,220,183,83,71,0.399,0.274,0.559,0.490,0.321,0.143,217,103,59,48
0.088,0.090,0.004,-0.52,0.062,0,0.7154,0.7123,0.273,0.341,0.462,0.281,0.567,0.502,0.389,0.251,220,183,83,71,0.399,0.274,0.559,0.490,0.321,0.143,217,103,59,48
0.092,0.107,0.006,-0.42,0.180,0,0.7180,0.7176,0.364,0.318,0.462,0.281,0.567,0.502,0.389,0.251,220,183,83,71,0.399,0.274,0.559,0.490,0.321,0.143,217,103,59,48
0.092,0.090,0.014,1.69,0.290,0,0.7268,0.7237,0.155,-0.697,0.462,0.281,0.567,0.502,0.389,0.251,220,183,83,71,0.399,0.274,0.559,0.490,0.321,0.143,217,103,59,48
0.097,0.082,0.008,-1.14,0.131,0,0.7429,0.7362,0.313,0.987,0.462,0.281,0.567,0.502,0.389,0.251,220,183,83,71,0.399,0.274,0.559,0.490,0.321,0.143,217,103,59,48
0.097,0.099,0.123,-0.42,0.180,0,0.7696,0.7573,0.453,0.318,0.462,0.281,0.567,0.502,0.389,0.251,220,183,83,71,0.399,0.274,0.559,0.490,0.321,0.143,217,103,59,48
0.075,0.099,0.058,-0.42,0.180,0,0.7894,0.7725,0.418,0.318,0.462,0.281,0.567,0.502,0.389,0.251,220,183,83,71,0.399,0.274,0.559,0.490,0.321,0.143,217,103,59,48
0.075,0.083,0.031,1.99,0.186,0,0.8122,0.7814,0.224,-0.326,0.462,0.281,0.567,0.502,0.389,0.251,220,183,83,71,0.399,0.274,0.559,0.490,0.321,0.143,217,103,59,48
0.071,0.095,0.233,-0.08,0.108,0,0.8345,0.7872,0.436,0.059,0.462,0.281,0.567,0.502,0.389,0.251,220,183,83,71,0.399,0.274,0.559,0.490,0.321,0.143,217,103,59,48
0.071,0.088,0.055,-1.14,0.131,0,0.8585,0.7925,0.395,0.987,0.462,0.281,0.567,0.502,0.389,0.251,220,183,83,71,0.399,0.274,0.559,0.490,0.321,0.143,217,103,59,48
0.056,0.102,0.223,-1.14,0.131,0,0.8730,0.7876,0.496,0.987,0.462,0.281,0.567,0.502,0.389,0.251,220,183,83,71,0.399,0.274,0.559,0.490,0.321,0.143,217,103,59,48
0.066,0.112,0.533,0.2,0.291,1,0.8832,0.7780,0.571,0.180,0.462,0.281,0.567,0.502,0.389,0.251,220,183,83,71,0.399,0.274,0.559,0.490,0.321,0.143,217,103,59,48
0.063,0.099,0.478,-0.52,0.062,0,0.8878,0.7632,0.411,0.341,0.462,0.281,0.567,0.502,0.389,0.251,220,183,83,71,0.399,0.274,0.559,0.490,0.321,0.143,217,103,59,48
0.063,0.086,0.200,-1.14,0.131,0,0.8925,0.7475,0.524,0.987,0.462,0.281,0.567,0.502,0.389,0.251,220,183,83,71,0.399,0.274,0.559,0.490,0.321,0.143,217,103,59,48
0.082,0.100,0.358,-0.52,0.062,0,0.8864,0.7248,0.460,0.341,0.462,0.281,0.567,0.502,0.389,0.251,220,183,83,71,0.399,0.274,0.559,0.490,0.321,0.143,217,103,59,48
0.083,0.080,0.157,-1.14,0.131,0,0.8766,0.7006,0.526,0.987,0.462,0.281,0.567,0.502,0.389,0.251,220,183,83,71,0.399,0.274,0.559,0.490,0.321,0.143,217,103,59,48
0.086,0.076,0.071,-0.79,0.151,-1,0.8759,0.6846,0.496,0.736,0.462,0.281,0.567,0.502,0.389,0.251,220,183,83,71,0.399,0.274,0.559,0.490,0.321,0.143,217,103,59,48
0.089,0.076,0.260,-1.14,0.131,0,0.8733,0.6680,0.432,0.987,0.462,0.281,0.567,0.502,0.389,0.251,220,183,83,71,0.399,0.274,0.559,0.490,0.321,0.143,217,103,59,48
0.093,0.085,0.041,-0.08,0.108,0,0.8747,0.6564,0.369,0.059,0.462,0.281,0.567,0.502,0.389,0.251,220,183,83,71,0.399,0.274,0.559,0.490,0.321,0.143,217,103,59,48
0.098,0.067,0.012,2.53,0.140,0,0.8763,0.6499,0.136,-0.121,0.462,0.281,0.567,0.502,0.389,0.251,220,183,83,71,0.399,0.274,0.559,0.490,0.321,0.143,217,103,59,48
0.111,0.071,0.057,-0.79,0.151,-1,0.8744,0.6456,0.478,0.736,0.462,0.281,0.567,0.502,0.389,0.251,220,183,83,71,0.399,0.274,0.559,0.490,0.321,0.143,217,103,59,48
0.120,0.070,0.051,-1.1,0.105,-1,0.8541,0.6300,0.355,0.192,0.462,0.281,0.567,0.502,0.389,0.251,220,183,83,71,0.399,0.274,0.559,0.490,0.321,0.143,217,103,59,48
0.094,0.069,0.005,2.53,0.140,0,0.8099,0.5987,0.094,-0.121,0.462,0.281,0.567,0.502,0.389,0.251,220,183,83,71,0.399,0.274,0.559,0.490,0.321,0.143,217,103,59,48
0.087,0.077,0.008,3.14,0.186,0,0.7660,0.5724,0.113,-0.486,0.462,0.281,0.567,0.502,0.389,0.251,220,183,83,71,0.399,0.274,0.559,0.490,0.321,0.143,217,103,59,48
0.075,0.087,0.503,-0.52,0.062,0,0.7158,0.5453,0.325,0.341,0.462,0.281,0.567,0.502,0.389,0.251,220,183,83,71,0.399,0.274,0.559,0.490,0.321,0.143,217,103,59,48
0.067,0.101,0.281,-0.42,0.180,0,0.6614,0.5102,0.262,0.318,0.462,0.281,0.567,0.502,0.389,0.251,220,183,83,71,0.399,0.274,0.559,0.490,0.321,0.143,217,103,59,48
0.062,0.097,0.138,2.53,0.140,0,0.6069,0.4742,0.065,-0.121,0.462,0.281,0.567,0.502,0.389,0.251,220,183,83,71,0.399,0.274,0.559,0.490,0.321,0.143,217,103,59,48
0.078,0.103,0.274,0.85,0.046,0,0.5620,0.4441,0.135,0.06,0.462,0.281,0.567,0.502,0.389,0.251,220,183,83,71,0.399,0.274,0.559,0.490,0.321,0.143,217,103,59,48
0.088,0.155,0.542,0.2,0.291,1,0.5314,0.4238,0.434,0.180,0.462,0.281,0.567,0.502,0.389,0.251,220,183,83,71,0.399,0.274,0.559,0.490,0.321,0.143,217,103,59,48
0.089,0.112,0.005,0.85,0.046,0,0.5110,0.4115,0.200,0.06,0.462,0.281,0.567,0.502,0.389,0.251,220,183,83,71,0.399,0.274,0.559,0.490,0.321,0.143,217,103,59,48
0.110,0.138,0.077,0.22,0.230,0,0.5152,0.4147,0.091,0.303,0.462,0.281,0.567,0.502,0.389,0.251,220,183,83,71,0.399,0.274,0.559,0.490,0.321,0.143,217,103,59,48
0.135,0.128,0.484,0.2,0.291,1,0.5381,0.4308,0.306,0.180,0.462,0.281,0.567,0.502,0.389,0.251,220,183,83,71,0.399,0.274,0.559,0.490,0.321,0.143,217,103,59,48
0.143,0.086,0.006,-0.79,0.151,-1,0.5662,0.4499,0.304,0.736,0.462,0.281,0.567,0.502,0.389,0.251,220,183,83,71,0.399,0.274,0.559,0.490,0.321,0.143,217,103,59,48
0.150,0.082,0.005,3.14,0.186,0,0.5938,0.4700,0.066,-0.486,0.462,0.281,0.567,0.502,0.389,0.251,220,183,83,71,0.399,0.274,0.559,0.490,0.321,0.143,217,103,59,48
0.161,0.096,0.306,1.69,0.290,0,0.6228,0.4917,0.052,-0.697,0.462,0.281,0.567,0.502,0.389,0.251,220,183,83,71,0.399,0.274,0.559,0.490,0.321,0.143,217,103,59,48
0.147,0.094,0.429,-0.08,0.108,0,0.6434,0.5080,0.252,0.059,0.462,0.281,0.567,0.502,0.389,0.251,220,183,83,71,0.399,0.274,0.559,0.490,0.321,0.143,217,103,59,48
0.155,0.106,0.465,1.37,0.298,0,0.6631,0.5222,0.123,-0.510,0.462,0.281,0.567,0.502,0.389,0.251,220,183,83,71,0.399,0.274,0.559,0.490,0.321,0.143,217,103,59,48
0.132,0.073,0.264,0.85,0.046,0,0.6668,0.5267,0.094,0.06,0.462,0.281,0.567,0.502,0.389,0.251,220,183,83,71,0.399,0.274,0.559,0.490,0.321,0.143,217,103,59,48
0.108,0.096,0.514,0.22,0.230,0,0.6700,0.5307,0.169,0.303,0.462,0.281,0.567,0.502,0.389,0.251,220,183,83,71,0.399,0.274,0.559,0.490,0.321,0.143,217,103,59,48
0.088,0.099,0.391,-1.1,0.105,-1,0.6636,0.5274,0.380,0.192,0.462,0.281,0.567,0.502,0.389,0.251,220,183,83,71,0.399,0.274,0.559,0.490,0.321,0.143,217,103,59,48
0.088,0.123,0.582,-1.19,0.219,1,0.6442,0.5080,0.382,0.586,0.462,0.281,0.567,0.502,0.389,0.251,220,183,83,71,0.399,0.274,0.559,0.490,0.321,0.143,217,103,59,48
0.068,0.096,0.414,1.99,0.186,0,0.6361,0.4957,0.179,-0.326,0.462,0.281,0.567,0.502,0.389,0.251,220,183,83,71,0.399,0.274,0.559,0.490,0.321,0.143,217,103,59,48
0.071,0.103,0.343,0,0.000,0,0.6472,0.4978,0.306,0.166,0.462,0.281,0.567,0.502,0.389,0.251,220,183,83,71,0.399,0.274,0.559,0.490,0.321,0.143,217,103,59,48
0.088,0.120,0.413,-0.52,0.062,0,0.6775,0.5142,0.370,0.341,0.462,0.281,0.567,0.502,0.389,0.251,220,183,83,71,0.399,0.274,0.559,0.490,0.321,0.143,217,103,59,48
0.095,0.128,0.421,-0.52,0.062,0,0.7144,0.5329,0.269,0.341,0.462,0.281,0.567,0.502,0.389,0.251,220,183,83,71,0.399,0.274,0.559,0.490,0.321,0.143,217,103,59,48
0.118,0.123,0.399,-1.14,0.131,0,0.7558,0.5544,0.382,0.987,0.462,0.281,0.567,0.502,0.389,0.251,220,183,83,71,0.399,0.274,0.559,0.490,0.321,0.143,217,103,59,48
0.131,0.119,0.517,0,0.000,0,0.7994,0.5798,0.276,0.166,0.462,0.281,0.567,0.502,0.389,0.251,220,183,83,71,0.399,0.274,0.559,0.490,0.321,0.143,217,103,59,48
0.140,0.138,0.498,-0.48,0.134,0,0.8361,0.6046,0.311,0.007,0.462,0.281,0.567,0.502,0.389,0.251,220,183,83,71,0.399,0.274,0.559,0.490,0.321,0.143,217,103,59,48
0.133,0.114,0.405,1.69,0.290,0,0.8730,0.6326,0.135,-0.697,0.462,0.281,0.567,0.502,0.389,0.251,220,183,83,71,0.399,0.274,0.559,0.490,0.321,0.143,217,103,59,48
0.125,0.113,0.237,-0.48,0.134,0,0.9009,0.6582,0.292,0.007,0.462,0.281,0.567,0.502,0.389,0.251,220,183,83,71,0.399,0.274,0.559,0.490,0.321,0.143,217,103,59,48
0.123,0.087,0.201,0.85,0.046,0,0.9183,0.6771,0.213,0.06,0.462,0.281,0.567,0.502,0.389,0.251,220,183,83,71,0.399,0.274,0.559,0.490,0.321,0.143,217,103,59,48
0.094,0.116,0.350,-0.48,0.134,0,0.9137,0.6786,0.344,0.007,0.462,0.281,0.567,0.502,0.389,0.251,220,183,83,71,0.399,0.274,0.559,0.490,0.321,0.143,217,103,59,48
0.091,0.109,0.436,0.22,0.230,0,0.9051,0.6785,0.300,0.303,0.462,0.281,0.567,0.502,0.389,0.251,220,183,83,71,0.399,0.274,0.559,0.490,0.321,0.143,217,103,59,48
0.095,0.085,0.309,0.85,0.046,0,0.9010,0.6799,0.330,0.06,0.462,0.281,0.567,0.502,0.389,0.251,220,183,83,71,0.399,0.274,0.559,0.490,0.321,0.143,217,103,59,48
0.094,0.090,0.373,-0.52,0.062,0,0.8963,0.6790,0.411,0.341,0.462,0.281,0.567,0.502,0.389,0.251,220,183,83,71,0.399,0.274,0.559,0.490,0.321,0.143,217,103,59,48
0.061,0.087,0.418,0,0.000,0,0.8894,0.6778,0.394,0.166,0.462,0.281,0.567,0.502,0.389,0.251,220,183,83,71,0.399,0.274,0.559,0.490,0.321,0.143,217,103,59,48
0.051,0.092,0.171,-0.52,0.062,0,0.8892,0.6816,0.342,0.341,0.462,0.281,0.567,0.502,0.389,0.251,220,183,83,71,0.399,0.274,0.559,0.490,0.321,0.143,217,103,59,48
0.042,0.082,0.183,-1.14,0.131,0,0.8843,0.6834,0.364,0.987,0.462,0.281,0.567,0.502,0.389,0.251,220,183,83,71,0.399,0.274,0.559,0.490,0.321,0.143,217,103,59,48
0.049,0.081,0.086,-1.14,0.131,0,0.8768,0.6808,0.422,0.987,0.462,0.281,0.567,0.502,0.389,0.251,220,183,83,71,0.399,0.274,0.559,0.490,0.321,0.143,217,103,59,48
0.061,0.085,0.023,0.85,0.046,0,0.8702,0.6794,0.364,0.06,0.462,0.281,0.567,0.502,0.389,0.251,220,183,83,71,0.399,0.274,0.559,0.490,0.321,0.143,217,103,59,48
0.075,0.094,0.129,-0.08,0.108,0,0.8687,0.6836,0.402,0.059,0.462,0.281,0.567,0.502,0.389,0.251,220,183,83,71,0.399,0.274,0.559,0.490,0.321,0.143,217,103,59,48
0.071,0.093,0.355,-0.08,0.108,0,0.8733,0.6973,0.288,0.059,0.462,0.281,0.567,0.502,0.389,0.251,220,183,83,71,0.399,0.274,0.559,0.490,0.321,0.143,217,103,59,48
0.081,0.084,0.475,-1.14,0.131,0,0.8798,0.7111,0.306,0.987,0.462,0.281,0.567,0.502,0.389,0.251,220,183,83,71,0.399,0.274,0.559,0.490,0.321,0.143,217,103,59,48
0.075,0.112,0.505,0.22,0.230,0,0.8871,0.7235,0.316,0.303,0.462,0.281,0.567,0.502,0.389,0.251,220,183,83,71,0.399,0.274,0.559,0.490,0.321,0.143,217,103,59,48
0.071,0.114,0.538,0.2,0.291,1,0.8915,0.7300,0.321,0.180,0.462,0.281,0.567,0.502,0.389,0.251,220,183,83,71,0.399,0.274,0.559,0.490,0.321,0.143,217,103,59,48
0.057,0.109,0.566,1.76,0.409,0,0.8975,0.7348,0.143,-0.884,0.462,0.281,0.567,0.502,0.389,0.251,220,183,83,71,0.399,0.274,0.559,0.490,0.321,0.143,217,103,59,48
0.053,0.088,0.303,-0.79,0.151,-1,0.9015,0.7369,0.420,0.736,0.462,0.281,0.567,0.502,0.389,0.251,220,183,83,71,0.399,0.274,0.559,0.490,0.321,0.143,217,103,59,48
0.042,0.102,0.485,-0.48,0.134,0,0.9073,0.7420,0.424,0.007,0.462,0.281,0.567,0.502,0.389,0.251,220,183,83,71,0.399,0.274,0.559,0.490,0.321,0.143,217,103,59,48
0.037,0.113,0.470,-0.42,0.180,0,0.9035,0.7403,0.416,0.318,0.462,0.281,0.567,0.502,0.389,0.251,220,183,83,71,0.399,0.274,0.559,0.490,0.321,0.143,217,103,59,48
0.037,0.090,0.434,0,0.000,0,0.8843,0.7263,0.465,0.166,0.462,0.281,0.567,0.502,0.389,0.251,220,183,83,71,0.399,0.274,0.559,0.490,0.321,0.143,217,103,59,48
0.036,0.093,0.219,2.1,0.128,0,0.8678,0.7162,0.171,0.02,0.462,0.281,0.567,0.502,0.389,0.251,220,183,83,71,0.399,0.274,0.559,0.490,0.321,0.143,217,103,59,48
0.039,0.082,0.130,-1.14,0.131,0,0.8574,0.7118,0.380,0.987,0.462,0.281,0.567,0.502,0.389,0.251,220,183,83,71,0.399,0.274,0.559,0.490,0.321,0.143,217,103,59,48
0.041,0.091,0.166,-1.14,0.131,0,0.8549,0.7139,0.412,0.987,0.462,0.281,0.567,0.502,0.389,0.251,220,183,83,71,0.399,0.274,0.559,0.490,0.321,0.143,217,103,59,48
0.042,0.094,0.224,0.85,0.046,0,0.8503,0.7132,0.315,0.06,0.462,0.281,0.567,0.502,0.389,0.251,220,183,83,71,0.399,0.274,0.559,0.490,0.321,0.143,217,103,59,48
0.040,0.103,0.311,-1.14,0.131,0,0.8503,0.7143,0.430,0.987,0.462,0.281,0.567,0.502,0.389,0.251,220,183,83,71,0.399,0.274,0.559,0.490,0.321,0.143,217,103,59,48
0.042,0.141,0.427,-0.48,0.134,0,0.8575,0.7213,0.434,0.007,0.462,0.281,0.567,0.502,0.389,0.251,220,183,83,71,0.399,0.274,0.559,0.490,0.321,0.143,217,103,59,48
0.052,0.105,0.372,-1.1,0.105,-1,0.8643,0.7241,0.386,0.192,0.462,0.281,0.567,0.502,0.389,0.251,220,183,83,71,0.399,0.274,0.559,0.490,0.321,0.143,217,103,59,48
0.052,0.142,0.487,-0.48,0.134,0,0.8729,0.7264,0.461,0.007,0.462,0.281,0.567,0.502,0.389,0.251,220,183,83,71,0.399,0.274,0.559,0.490,0.321,0.143,217,103,59,48
0.062,0.140,0.497,-0.48,0.134,0,0.8781,0.7261,0.347,0.007,0.462,0.281,0.567,0.502,0.389,0.251,220,183,83,71,0.399,0.274,0.559,0.490,0.321,0.143,217,103,59,48
0.064,0.111,0.390,-0.08,0.108,0,0.8798,0.7257,0.323,0.059,0.462,0.281,0.567,0.502,0.389,0.251,220,183,83,71,0.399,0.274,0.559,0.490,0.321,0.143,217,103,59,48
0.052,0.099,0.491,1.99,0.186,0,0.8743,0.7224,0.241,-0.326,0.462,0.281,0.567,0.502,0.389,0.251,220,183,83,71,0.399,0.274,0.559,0.490,0.321,0.143,217,103,59,48
0.052,0.088,0.177,0.85,0.046,0,0.8750,0.7233,0.176,0.06,0.462,0.281,0.567,0.502,0.389,0.251,220,183,83,71,0.399,0.274,0.559,0.490,0.321,0.143,217,103,59,48
0.054,0.085,0.139,0.85,0.046,0,0.8786,0.7270,0.155,0.06,0.462,0.281,0.567,0.502,0.389,0.251,220,183,83,71,0.399,0.274,0.559,0.490,0.321,0.143,217,103,59,48
0.059,0.129,0.384,-0.42,0.180,0,0.8723,0.7263,0.316,0.318,0.462,0.281,0.567,0.502,0.389,0.251,220,183,83,71,0.399,0.274,0.559,0.490,0.321,0.143,217,103,59,48
0.057,0.130,0.623,0.2,0.291,1,0.8556,0.7200,0.262,0.180,0.462,0.281,0.567,0.502,0.389,0.251,220,183,83,71,0.399,0.274,0.559,0.490,0.321,0.143,217,103,59,48
0.060,0.114,0.256,0.22,0.230,0,0.8476,0.7231,0.150,0.303,0.462,0.281,0.567,0.502,0.389,0.251,220,183,83,71,0.399,0.274,0.559,0.490,0.321,0.143,217,103,59,48
0.068,0.104,0.183,-0.48,0.134,0,0.8356,0.7238,0.286,0.007,0.462,0.281,0.567,0.502,0.389,0.251,220,183,83,71,0.399,0.274,0.559,0.490,0.321,0.143,217,103,59,48
0.075,0.079,0.020,-0.79,0.151,-1,0.8174,0.7200,0.390,0.736,0.462,0.281,0.567,0.502,0.389,0.251,220,183,83,71,0.399,0.274,0.559,0.490,0.321,0.143,217,103,59,48
0.094,0.078,0.006,0.85,0.046,0,0.7958,0.7109,0.191,0.06,0.462,0.281,0.567,0.502,0.389,0.251,220,183,83,71,0.399,0.274,0.559,0.490,0.321,0.143,217,103,59,48
0.099,0.078,0.029,1.99,0.186,0,0.7784,0.7021,0.139,-0.326,0.462,0.281,0.567,0.502,0.389,0.251,220,183,83,71,0.399,0.274,0.559,0.490,0.321,0.143,217,103,59,48
0.100,0.101,0.154,-0.48,0.134,0,0.7727,0.6982,0.406,0.007,0.462,0.281,0.567,0.502,0.389,0.251,220,183,83,71,0.399,0.274,0.559,0.490,0.321,0.143,217,103,59,48
0.096,0.086,0.033,0,0.000,0,0.7644,0.6874,0.324,0.166,0.462,0.281,0.567,0.502,0.389,0.251,220,183,83,71,0.399,0.274,0.559,0.490,0.321,0.143,217,103,59,48
0.090,0.079,0.059,1.99,0.186,0,0.7555,0.6760,0.130,-0.326,0.462,0.281,0.567,0.502,0.389,0.251,220,183,83,71,0.399,0.274,0.559,0.490,0.321,0.143,217,103,59,48
0.061,0.122,0.403,0.2,0.291,1,0.7457,0.6628,0.397,0.180,0.462,0.281,0.567,0.502,0.389,0.251,220,183,83,71,0.399,0.274,0.559,0.490,0.321,0.143,217,103,59,48
0.060,0.113,0.242,-0.42,0.180,0,0.7506,0.6573,0.496,0.318,0.462,0.281,0.567,0.502,0.389,0.251,220,183,83,71,0.399,0.274,0.559,0.490,0.321,0.143,217,103,59,48
0.055,0.092,0.299,0.85,0.046,0,0.7585,0.6563,0.215,0.06,0.462,0.281,0.567,0.502,0.389,0.251,220,183,83,71,0.399,0.274,0.559,0.490,0.321,0.143,217,103,59,48
0.052,0.091,0.401,-1.14,0.131,0,0.7600,0.6514,0.429,0.987,0.462,0.281,0.567,0.502,0.389,0.251,220,183,83,71,0.399,0.274,0.559,0.490,0.321,0.143,217,103,59,48
0.060,0.101,0.217,-0.52,0.062,0,0.7606,0.6487,0.463,0.341,0.462,0.281,0.567,0.502,0.389,0.251,220,183,83,71,0.399,0.274,0.559,0.490,0.321,0.143,217,103,59,48
0.074,0.103,0.089,-0.52,0.062,0,0.7512,0.6419,0.476,0.341,0.462,0.281,0.567,0.502,0.389,0.251,220,183,83,71,0.399,0.274,0.559,0.490,0.321,0.143,217,103,59,48
0.079,0.109,0.246,1.37,0.298,0,0.7541,0.6411,0.297,-0.510,0.462,0.281,0.567,0.502,0.389,0.251,220,183,83,71,0.399,0.274,0.559,0.490,0.321,0.143,217,103,59,48
0.086,0.079,0.075,-1.14,0.131,0,0.7622,0.6419,0.305,0.987,0.462,0.281,0.567,0.502,0.389,0.251,220,183,83,71,0.399,0.274,0.559,0.490,0.321,0.143,217,103,59,48
0.107,0.091,0.055,-1.14,0.131,0,0.7684,0.6405,0.353,0.987,0.462,0.281,0.567,0.502,0.389,0.251,220,183,83,71,0.399,0.274,0.559,0.490,0.321,0.143,217,103,59,48
0.108,0.108,0.085,-0.08,0.108,0,0.7572,0.6260,0.514,0.059,0.462,0.281,0.567,0.502,0.389,0.251,220,183,83,71,0.399,0.274,0.559,0.490,0.321,0.143,217,103,59,48
0.117,0.109,0.240,1.76,0.409,0,0.7454,0.6114,0.242,-0.884,0.462,0.281,0.567,0.502,0.389,0.251,220,183,83,71,0.399,0.274,0.559,0.490,0.321,0.143,217,103,59,48
0.109,0.088,0.013,-1.14,0.131,0,0.7390,0.5975,0.296,0.987,0.462,0.281,0.567,0.502,0.389,0.251,220,183,83,71,0.399,0.274,0.559,0.490,0.321,0.143,217,103,59,48
0.118,0.104,0.060,-1.14,0.131,0,0.7559,0.6000,0.460,0.987,0.462,0.281,0.567,0.502,0.389,0.251,220,183,83,71,0.399,0.274,0.559,0.490,0.321,0.143,217,103,59,48
0.099,0.098,0.147,0,0.000,0,0.7665,0.6000,0.274,0.166,0.462,0.281,0.567,0.502,0.389,0.251,220,183,83,71,0.399,0.274,0.559,0.490,0.321,0.143,217,103,59,48
0.109,0.098,0.294,-1.14,0.131,0,0.7718,0.5986,0.413,0.987,0.462,0.281,0.567,0.502,0.389,0.251,220,183,83,71,0.399,0.274,0.559,0.490,0.321,0.143,217,103,59,48
0.088,0.099,0.077,0.85,0.046,0,0.7785,0.6001,0.323,0.06,0.462,0.281,0.567,0.502,0.389,0.251,220,183,83,71,0.399,0.274,0.559,0.490,0.321,0.143,217,103,59,48
0.085,0.135,0.180,0.22,0.230,0,0.7834,0.6029,0.251,0.303,0.462,0.281,0.567,0.502,0.389,0.251,220,183,83,71,0.399,0.274,0.559,0.490,0.321,0.143,217,103,59,48
0.103,0.127,0.398,0.22,0.230,0,0.7882,0.6067,0.211,0.303,0.462,0.281,0.567,0.502,0.389,0.251,220,183,83,71,0.399,0.274,0.559,0.490,0.321,0.143,217,103,59,48
0.112,0.114,0.138,-0.52,0.062,0,0.7820,0.6030,0.191,0.341,0.462,0.281,0.567,0.502,0.389,0.251,220,183,83,71,0.399,0.274,0.559,0.490,0.321,0.143,217,103,59,48
0.116,0.109,0.024,2.1,0.128,0,0.7821,0.6057,0.110,0.02,0.462,0.281,0.567,0.502,0.389,0.251,220,183,83,71,0.399,0.274,0.559,0.490,0.321,0.143,217,103,59,48
0.126,0.137,0.330,0.22,0.230,0,0.7674,0.6007,0.237,0.303,0.462,0.281,0.567,0.502,0.389,0.251,220,183,83,71,0.399,0.274,0.559,0.490,0.321,0.143,217,103,59,48
0.172,0.139,0.550,-0.42,0.180,0,0.7424,0.5896,0.267,0.318,0.462,0.281,0.567,0.502,0.389,0.251,220,183,83,71,0.399,0.274,0.559,0.490,0.321,0.143,217,103,59,48
0.171,0.134,0.340,-0.52,0.062,0,0.6989,0.5680,0.225,0.341,0.462,0.281,0.567,0.502,0.389,0.251,220,183,83,71,0.399,0.274,0.559,0.490,0.321,0.143,217,103,59,48
0.190,0.172,0.434,-0.48,0.134,0,0.6427,0.5365,0.352,0.007,0.462,0.281,0.567,0.502,0.389,0.251,220,183,83,71,0.399,0.274,0.559,0.490,0.321,0.143,217,103,59,48
0.187,0.142,0.589,-0.52,0.062,0,0.5977,0.5108,0.368,0.341,0.462,0.281,0.567,0.502,0.389,0.251,220,183,83,71,0.399,0.274,0.559,0.490,0.321,0.143,217,103,59,48
0.175,0.173,0.629,-0.48,0.134,0,0.5609,0.4909,0.452,0.007,0.462,0.281,0.567,0.502,0.389,0.251,220,183,83,71,0.399,0.274,0.559,0.490,0.321,0.143,217,103,59,48
0.175,0.139,0.562,0,0.000,0,0.5459,0.4849,0.228,0.166,0.462,0.281,0.567,0.502,0.389,0.251,220,183,83,71,0.399,0.274,0.559,0.490,0.321,0.143,217,103,59,48
0.165,0.172,0.566,0.22,0.230,0,0.5329,0.4820,0.227,0.303,0.462,0.281,0.567,0.502,0.389,0.251,220,183,83,71,0.399,0.274,0.559,0.490,0.321,0.143,217,103,59,48
0.148,0.182,0.627,0.2,0.291,1,0.5255,0.4818,0.294,0.180,0.462,0.281,0.567,0.502,0.389,0.251,220,183,83,71,0.399,0.274,0.559,0.490,0.321,0.143,217,103,59,48
0.115,0.112,0.212,1.99,0.186,0,0.5277,0.4841,0.118,-0.326,0.462,0.281,0.567,0.502,0.389,0.251,220,183,83,71,0.399,0.274,0.559,0.490,0.321,0.143,217,103,59,48
0.114,0.107,0.122,2.1,0.128,0,0.5584,0.5027,0.076,0.02,0.462,0.281,0.567,0.502,0.389,0.251,220,183,83,71,0.399,0.274,0.559,0.490,0.321,0.143,217,103,59,48
0.132,0.104,0.080,-1.14,0.131,0,0.5874,0.5165,0.155,0.987,0.462,0.281,0.567,0.502,0.389,0.251,220,183,83,71,0.399,0.274,0.559,0.490,0.321,0.143,217,103,59,48
0.137,0.102,0.155,-0.08,0.108,0,0.6107,0.5306,0.178,0.059,0.462,0.281,0.567,0.502,0.389,0.251,220,183,83,71,0.399,0.274,0.559,0.490,0.321,0.143,217,103,59,48
0.124,0.123,0.143,0.22,0.230,0,0.6078,0.5291,0.135,0.303,0.462,0.281,0.567,0.502,0.389,0.251,220,183,83,71,0.399,0.274,0.559,0.490,0.321,0.143,217,103,59,48
0.147,0.084,0.057,2.53,0.140,0,0.5922,0.5191,0.129,-0.121,0.462,0.281,0.567,0.502,0.389,0.251,220,183,83,71,0.399,0.274,0.559,0.490,0.321,0.143,217,103,59,48
0.119,0.141,0.277,1.37,0.298,0,0.5852,0.5111,0.168,-0.510,0.462,0.281,0.567,0.502,0.389,0.251,220,183,83,71,0.399,0.274,0.559,0.490,0.321,0.143,217,103,59,48
0.147,0.098,0.016,0.85,0.046,0,0.5842,0.5058,0.211,0.06,0.462,0.281,0.567,0.502,0.389,0.251,220,183,83,71,0.399,0.274,0.559,0.490,0.321,0.143,217,103,59,48
0.138,0.094,0.004,0.85,0.046,0,0.5985,0.5117,0.152,0.06,0.462,0.281,0.567,0.502,0.389,0.251,220,183,83,71,0.399,0.274,0.559,0.490,0.321,0.143,217,103,59,48
0.134,0.097,0.022,-1.14,0.131,0,0.6237,0.5252,0.387,0.987,0.462,0.281,0.567,0.502,0.389,0.251,220,183,83,71,0.399,0.274,0.559,0.490,0.321,0.143,217,103,59,48
0.125,0.082,0.001,-0.79,0.151,-1,0.6685,0.5523,0.572,0.736,0.462,0.281,0.567,0.502,0.389,0.251,220,183,83,71,0.399,0.274,0.559,0.490,0.321,0.143,217,103,59,48
0.128,0.100,0.004,0,0.000,0,0.7037,0.5747,0.370,0.166,0.462,0.281,0.567,0.502,0.389,0.251,220,183,83,71,0.399,0.274,0.559,0.490,0.321,0.143,217,103,59,48
0.105,0.124,0.025,-1.19,0.219,1,0.7486,0.5999,0.527,0.586,0.462,0.281,0.567,0.502,0.389,0.251,220,183,83,71,0.399,0.274,0.559,0.490,0.321,0.143,217,103,59,48
0.116,0.086,0.001,0.85,0.046,0,0.7912,0.6239,0.324,0.06,0.462,0.281,0.567,0.502,0.389,0.251,220,183,83,71,0.399,0.274,0.559,0.490,0.321,0.143,217,103,59,48
0.150,0.092,0.011,-1.14,0.131,0,0.8210,0.6388,0.442,0.987,0.462,0.281,0.567,0.502,0.389,0.251,220,183,83,71,0.399,0.274,0.559,0.490,0.321,0.143,217,103,59,48
0.119,0.095,0.001,0.85,0.046,0,0.8353,0.6468,0.502,0.06,0.462,0.281,0.567,0.502,0.389,0.251,220,183,83,71,0.399,0.274,0.559,0.490,0.321,0.143,217,103,59,48
0.119,0.129,0.030,-0.48,0.134,0,0.8226,0.6410,0.454,0.007,0.462,0.281,0.567,0.502,0.389,0.251,220,183,83,71,0.399,0.274,0.559,0.490,0.321,0.143,217,103,59,48
0.133,0.122,0.010,-0.52,0.062,0,0.8069,0.6349,0.304,0.341,0.462,0.281,0.567,0.502,0.389,0.251,220,183,83,71,0.399,0.274,0.559,0.490,0.321,0.143,217,103,59,48
0.132,0.120,0.005,-1.14,0.131,0,0.7747,0.6187,0.409,0.987,0.462,0.281,0.567,0.502,0.389,0.251,220,183,83,71,0.399,0.274,0.559,0.490,0.321,0.143,217,103,59,48
0.132,0.183,0.192,0.2,0.291,1,0.7358,0.5965,0.454,0.180,0.462,0.281,0.567,0.502,0.389,0.251,220,183,83,71,0.399,0.274,0.559,0.490,0.321,0.143,217,103,59,48
0.141,0.158,0.015,-0.42,0.180,0,0.6973,0.5731,0.423,0.318,0.462,0.281,0.567,0.502,0.389,0.251,220,183,83,71,0.399,0.274,0.559,0.490,0.321,0.143,217,103,59,48
0.165,0.173,0.009,0,0.000,0,0.6601,0.5550,0.399,0.166,0.462,0.281,0.567,0.502,0.389,0.251,220,183,83,71,0.399,0.274,0.559,0.490,0.321,0.143,217,103,59,48
0.168,0.232,0.040,-0.48,0.134,0,0.6141,0.5330,0.361,0.007,0.462,0.281,0.567,0.502,0.389,0.251,220,183,83,71,0.399,0.274,0.559,0.490,0.321,0.143,217,103,59,48
0.116,0.211,0.021,-0.52,0.062,0,0.5744,0.5151,0.215,0.341,0.462,0.281,0.567,0.502,0.389,0.251,220,183,83,71,0.399,0.274,0.559,0.490,0.321,0.143,217,103,59,48
0.120,0.246,0.052,-1.19,0.219,1,0.5421,0.4996,0.367,0.586,0.462,0.281,0.567,0.502,0.389,0.251,220,183,83,71,0.399,0.274,0.559,0.490,0.321,0.143,217,103,59,48
0.112,0.237,0.024,-0.48,0.134,0,0.5165,0.4838,0.198,0.007,0.462,0.281,0.567,0.502,0.389,0.251,220,183,83,71,0.399,0.274,0.559,0.490,0.321,0.143,217,103,59,48
0.107,0.136,0.001,2.53,0.140,0,0.5052,0.4777,0.055,-0.121,0.462,0.281,0.567,0.502,0.389,0.251,220,183,83,71,0.399,0.274,0.559,0.490,0.321,0.143,217,103,59,48
0.135,0.116,0.002,1.99,0.186,0,0.4952,0.4717,0.088,-0.326,0.462,0.281,0.567,0.502,0.389,0.251,220,183,83,71,0.399,0.274,0.559,0.490,0.321,0.143,217,103,59,48
0.131,0.101,0.002,1.99,0.186,0,0.4853,0.4631,0.076,-0.326,0.462,0.281,0.567,0.502,0.389,0.251,220,183,83,71,0.399,0.274,0.559,0.490,0.321,0.143,217,103,59,48
0.142,0.100,0.002,0.85,0.046,0,0.4668,0.4478,0.087,0.06,0.462,0.281,0.567,0.502,0.389,0.251,220,183,83,71,0.399,0.274,0.559,0.490,0.321,0.143,217,103,59,48
0.144,0.119,0.002,2.1,0.128,0,0.4658,0.4428,0.038,0.02,0.462,0.281,0.567,0.502,0.389,0.251,220,183,83,71,0.399,0.274,0.559,0.490,0.321,0.143,217,103,59,48
0.151,0.115,0.004,-1.14,0.131,0,0.4582,0.4327,0.120,0.987,0.462,0.281,0.567,0.502,0.389,0.251,220,183,83,71,0.399,0.274,0.559,0.490,0.321,0.143,217,103,59,48
0.154,0.107,0.018,1.42,0.221,0,0.4467,0.4152,0.116,-0.397,0.462,0.281,0.567,0.502,0.389,0.251,220,183,83,71,0.399,0.274,0.559,0.490,0.321,0.143,217,103,59,48
0.172,0.150,0.059,-0.48,0.134,0,0.4275,0.3959,0.180,0.007,0.462,0.281,0.567,0.502,0.389,0.251,220,183,83,71,0.399,0.274,0.559,0.490,0.321,0.143,217,103,59,48
0.164,0.155,0.030,1.42,0.221,0,0.4044,0.3745,0.112,-0.397,0.462,0.281,0.567,0.502,0.389,0.251,220,183,83,71,0.399,0.274,0.559,0.490,0.321,0.143,217,103,59,48
0.129,0.212,0.394,1.37,0.298,0,0.3963,0.3654,0.160,-0.510,0.462,0.281,0.567,0.502,0.389,0.251,220,183,83,71,0.399,0.274,0.559,0.490,0.321,0.143,217,103,59,48
0.124,0.178,0.123,-1.14,0.131,0,0.3887,0.3549,0.298,0.987,0.462,0.281,0.567,0.502,0.389,0.251,220,183,83,71,0.399,0.274,0.559,0.490,0.321,0.143,217,103,59,48
0.121,0.297,0.308,0.22,0.230,0,0.3973,0.3549,0.291,0.303,0.462,0.281,0.567,0.502,0.389,0.251,220,183,83,71,0.399,0.274,0.559,0.490,0.321,0.143,217,103,59,48
0.084,0.219,0.377,0,0.000,0,0.4014,0.3508,0.276,0.166,0.462,0.281,0.567,0.502,0.389,0.251,220,183,83,71,0.399,0.274,0.559,0.490,0.321,0.143,217,103,59,48
0.068,0.284,0.620,0.2,0.291,1,0.4025,0.3440,0.388,0.180,0.462,0.281,0.567,0.502,0.389,0.251,220,183,83,71,0.399,0.274,0.559,0.490,0.321,0.143,217,103,59,48
0.065,0.230,0.554,-0.52,0.062,0,0.4013,0.3353,0.349,0.341,0.462,0.281,0.567,0.502,0.389,0.251,220,183,83,71,0.399,0.274,0.559,0.490,0.321,0.143,217,103,59,48
0.051,0.227,0.380,0,0.000,0,0.4058,0.3334,0.300,0.166,0.462,0.281,0.567,0.502,0.389,0.251,220,183,83,71,0.399,0.274,0.559,0.490,0.321,0.143,217,103,59,48
0.057,0.258,0.510,0.2,0.291,1,0.4097,0.3331,0.391,0.180,0.462,0.281,0.567,0.502,0.389,0.251,220,183,83,71,0.399,0.274,0.559,0.490,0.321,0.143,217,103,59,48
0.057,0.179,0.247,-0.08,0.108,0,0.4028,0.3240,0.251,0.059,0.462,0.281,0.567,0.502,0.389,0.251,220,183,83,71,0.399,0.274,0.559,0.490,0.321,0.143,217,103,59,48
0.071,0.109,0.112,2.53,0.140,0,0.3967,0.3199,0.069,-0.121,0.462,0.281,0.567,0.502,0.389,0.251,220,183,83,71,0.399,0.274,0.559,0.490,0.321,0.143,217,103,59,48
0.056,0.128,0.319,-0.42,0.180,0,0.3926,0.3185,0.281,0.318,0.462,0.281,0.567,0.502,0.389,0.251,220,183,83,71,0.399,0.274,0.559,0.490,0.321,0.143,217,103,59,48
0.059,0.106,0.007,-0.79,0.151,-1,0.3799,0.3109,0.274,0.736,0.462,0.281,0.567,0.502,0.389,0.251,220,183,83,71,0.399,0.274,0.559,0.490,0.321,0.143,217,103,59,48
0.059,0.096,0.001,3.14,0.186,0,0.3661,0.2994,0.065,-0.486,0.462,0.281,0.567,0.502,0.389,0.251,220,183,83,71,0.399,0.274,0.559,0.490,0.321,0.143,217,103,59,48
0.055,0.128,0.004,1.76,0.409,0,0.3606,0.2927,0.083,-0.884,0.462,0.281,0.567,0.502,0.389,0.251,220,183,83,71,0.399,0.274,0.559,0.490,0.321,0.143,217,103,59,48
0.054,0.102,0.003,-0.79,0.151,-1,0.3535,0.2833,0.424,0.736,0.462,0.281,0.567,0.502,0.389,0.251,220,183,83,71,0.399,0.274,0.559,0.490,0.321,0.143,217,103,59,48
0.054,0.098,0.002,-1.1,0.105,-1,0.3330,0.2613,0.333,0.192,0.462,0.281,0.567,0.502,0.389,0.251,220,183,83,71,0.399,0.274,0.559,0.490,0.321,0.143,217,103,59,48
0.041,0.108,0.001,1.69,0.290,0,0.3015,0.2339,0.076,-0.697,0.462,0.281,0.567,0.502,0.389,0.251,220,183,83,71,0.399,0.274,0.559,0.490,0.321,0.143,217,103,59,48
0.040,0.118,0.068,-0.52,0.062,0,0.2647,0.2026,0.293,0.341,0.462,0.281,0.567,0.502,0.389,0.251,220,183,83,71,0.399,0.274,0.559,0.490,0.321,0.143,217,103,59,48
0.039,0.132,0.127,1.42,0.221,0,0.2271,0.1715,0.305,-0.397,0.462,0.281,0.567,0.502,0.389,0.251,220,183,83,71,0.399,0.274,0.559,0.490,0.321,0.143,217,103,59,48
0.033,0.137,0.092,-0.52,0.062,0,0.1939,0.1440,0.338,0.341,0.462,0.281,0.567,0.502,0.389,0.251,220,183,83,71,0.399,0.274,0.559,0.490,0.321,0.143,217,103,59,48
0.026,0.157,0.034,1.69,0.290,0,0.1830,0.1352,0.113,-0.697,0.462,0.281,0.567,0.502,0.389,0.251,220,183,83,71,0.399,0.274,0.559,0.490,0.321,0.143,217,103,59,48
0.028,0.142,0.254,-0.08,0.108,0,0.1690,0.1248,0.203,0.059,0.462,0.281,0.567,0.502,0.389,0.251,220,183,83,71,0.399,0.274,0.559,0.490,0.321,0.143,217,103,59,48
0.044,0.143,0.221,-1.14,0.131,0,0.1688,0.1256,0.332,0.987,0.462,0.281,0.567,0.502,0.389,0.251,220,183,83,71,0.399,0.274,0.559,0.490,0.321,0.143,217,103,59,48
0.048,0.117,0.023,0.85,0.046,0,0.1685,0.1264,0.158,0.06,0.462,0.281,0.567,0.502,0.389,0.251,220,183,83,71,0.399,0.274,0.559,0.490,0.321,0.143,217,103,59,48
0.070,0.101,0.003,2.53,0.140,0,0.1754,0.1325,0.069,-0.121,0.462,0.281,0.567,0.502,0.389,0.251,220,183,83,71,0.399,0.274,0.559,0.490,0.321,0.143,217,103,59,48
0.082,0.157,0.285,0.2,0.291,1,0.1912,0.1430,0.341,0.180,0.462,0.281,0.567,0.502,0.389,0.251,220,183,83,71,0.399,0.274,0.559,0.490,0.321,0.143,217,103,59,48
0.088,0.116,0.161,-0.79,0.151,-1,0.2048,0.1494,0.282,0.736,0.462,0.281,0.567,0.502,0.389,0.251,220,183,83,71,0.399,0.274,0.559,0.490,0.321,0.143,217,103,59,48
0.088,0.105,0.004,2.53,0.140,0,0.2091,0.1464,0.053,-0.121,0.462,0.281,0.567,0.502,0.389,0.251,220,183,83,71,0.399,0.274,0.559,0.490,0.321,0.143,217,103,59,48
0.087,0.118,0.116,2.53,0.140,0,0.2199,0.1474,0.123,-0.121,0.462,0.281,0.567,0.502,0.389,0.251,220,183,83,71,0.399,0.274,0.559,0.490,0.321,0.143,217,103,59,48
0.080,0.123,0.092,-0.79,0.151,-1,0.2285,0.1471,0.371,0.736,0.462,0.281,0.567,0.502,0.389,0.251,220,183,83,71,0.399,0.274,0.559,0.490,0.321,0.143,217,103,59,48
0.075,0.141,0.063,1.69,0.290,0,0.2401,0.1478,0.086,-0.697,0.462,0.281,0.567,0.502,0.389,0.251,220,183,83,71,0.399,0.274,0.559,0.490,0.321,0.143,217,103,59,48
0.097,0.127,0.002,0.85,0.046,0,0.2559,0.1524,0.086,0.06,0.462,0.281,0.567,0.502,0.389,0.251,220,183,83,71,0.399,0.274,0.559,0.490,0.321,0.143,217,103,59,48
0.098,0.206,0.292,-1.19,0.219,1,0.2829,0.1631,0.471,0.586,0.462,0.281,0.567,0.502,0.389,0.251,220,183,83,71,0.399,0.274,0.559,0.490,0.321,0.143,217,103,59,48
0.111,0.217,0.211,0.22,0.230,0,0.3007,0.1698,0.435,0.303,0.462,0.281,0.567,0.502,0.389,0.251,220,183,83,71,0.399,0.274,0.559,0.490,0.321,0.143,217,103,59,48
0.106,0.138,0.062,3.14,0.186,0,0.3083,0.1722,0.090,-0.486,0.462,0.281,0.567,0.502,0.389,0.251,220,183,83,71,0.399,0.274,0.559,0.490,0.321,0.143,217,103,59,48
0.102,0.213,0.176,-1.14,0.131,0,0.3013,0.1652,0.345,0.987,0.462,0.281,0.567,0.502,0.389,0.251,220,183,83,71,0.399,0.274,0.559,0.490,0.321,0.143,217,103,59,48
0.098,0.195,0.240,0,0.000,0,0.3045,0.1627,0.324,0.166,0.462,0.281,0.567,0.502,0.389,0.251,220,183,83,71,0.399,0.274,0.559,0.490,0.321,0.143,217,103,59,48
0.115,0.209,0.106,1.69,0.290,0,0.2977,0.1523,0.134,-0.697,0.462,0.281,0.567,0.502,0.389,0.251,220,183,83,71,0.399,0.274,0.559,0.490,0.321,0.143,217,103,59,48
0.114,0.243,0.266,0.2,0.291,1,0.2938,0.1445,0.413,0.180,0.462,0.281,0.567,0.502,0.389,0.251,220,183,83,71,0.399,0.274,0.559,0.490,0.321,0.143,217,103,59,48
0.114,0.162,0.157,-1.1,0.105,-1,0.2953,0.1369,0.411,0.192,0.462,0.281,0.567,0.502,0.389,0.251,220,183,83,71,0.399,0.274,0.559,0.490,0.321,0.143,217,103,59,48
0.171,0.177,0.083,1.99,0.186,0,0.3012,0.1354,0.159,-0.326,0.462,0.281,0.567,0.502,0.389,0.251,220,183,83,71,0.399,0.274,0.559,0.490,0.321,0.143,217,103,59,48
0.205,0.233,0.242,-0.52,0.062,0,0.3032,0.1325,0.296,0.341,0.462,0.281,0.567,0.502,0.389,0.251,220,183,83,71,0.399,0.274,0.559,0.490,0.321,0.143,217,103,59,48
0.208,0.282,0.206,-0.42,0.180,0,0.3020,0.1290,0.411,0.318,0.462,0.281,0.567,0.502,0.389,0.251,220,183,83,71,0.399,0.274,0.559,0.490,0.321,0.143,217,103,59,48
0.163,0.267,0.260,0.22,0.230,0,0.3041,0.1287,0.339,0.303,0.462,0.281,0.567,0.502,0.389,0.251,220,183,83,71,0.399,0.274,0.559,0.490,0.321,0.143,217,103,59,48
0.126,0.177,0.188,-1.1,0.105,-1,0.3036,0.1285,0.273,0.192,0.462,0.281,0.567,0.502,0.389,0.251,220,183,83,71,0.399,0.274,0.559,0.490,0.321,0.143,217,103,59,48
0.105,0.243,0.430,-0.42,0.180,0,0.2854,0.1160,0.222,0.318,0.462,0.281,0.567,0.502,0.389,0.251,220,183,83,71,0.399,0.274,0.559,0.490,0.321,0.143,217,103,59,48
0.110,0.194,0.055,2.53,0.140,0,0.2628,0.1020,0.116,-0.121,0.462,0.281,0.567,0.502,0.389,0.251,220,183,83,71,0.399,0.274,0.559,0.490,0.321,0.143,217,103,59,48
0.107,0.269,0.269,-0.08,0.108,0,0.2367,0.0853,0.237,0.059,0.462,0.281,0.567,0.502,0.389,0.251,220,183,83,71,0.399,0.274,0.559,0.490,0.321,0.143,217,103,59,48
0.136,0.244,0.053,1.99,0.186,0,0.2075,0.0676,0.104,-0.326,0.462,0.281,0.567,0.502,0.389,0.251,220,183,83,71,0.399,0.274,0.559,0.490,0.321,0.143,217,103,59,48
0.131,0.286,0.308,1.99,0.186,0,0.1784,0.0525,0.100,-0.326,0.462,0.281,0.567,0.502,0.389,0.251,220,183,83,71,0.399,0.274,0.559,0.490,0.321,0.143,217,103,59,48
0.141,0.383,0.469,-1.19,0.219,1,0.1585,0.0434,0.331,0.586,0.462,0.281,0.567,0.502,0.389,0.251,220,183,83,71,0.399,0.274,0.559,0.490,0.321,0.143,217,103,59,48
0.117,0.289,0.150,0.85,0.046,0,0.1378,0.0375,0.269,0.06,0.462,0.281,0.567,0.502,0.389,0.251,220,183,83,71,0.399,0.274,0.559,0.490,0.321,0.143,217,103,59,48
0.112,0.304,0.021,0,0.000,0,0.1126,0.0307,0.216,0.166,0.462,0.281,0.567,0.502,0.389,0.251,220,183,83,71,0.399,0.274,0.559,0.490,0.321,0.143,217,103,59,48
0.122,0.284,0.005,-0.08,0.108,0,0.0817,0.0212,0.236,0.059,0.462,0.281,0.567,0.502,0.389,0.251,220,183,83,71,0.399,0.274,0.559,0.490,0.321,0.143,217,103,59,48
0.113,0.193,0.022,1.69,0.290,0,0.0667,0.0208,0.052,-0.697,0.462,0.281,0.567,0.502,0.389,0.251,220,183,83,71,0.399,0.274,0.559,0.490,0.321,0.143,217,103,59,48
0.097,0.139,0.040,-0.79,0.151,-1,0.0455,0.0136,0.206,0.736,0.462,0.281,0.567,0.502,0.389,0.251,220,183,83,71,0.399,0.274,0.559,0.490,0.321,0.143,217,103,59,48
0.084,0.130,0.008,2.53,0.140,0,0.0350,0.0104,0.078,-0.121,0.462,0.281,0.567,0.502,0.389,0.251,220,183,83,71,0.399,0.274,0.559,0.490,0.321,0.143,217,103,59,48
0.084,0.136,0.022,1.99,0.186,0,0.0392,0.0130,0.026,-0.326,0.462,0.281,0.567,0.502,0.389,0.251,220,183,83,71,0.399,0.274,0.559,0.490,0.321,0.143,217,103,59,48
0.111,0.134,0.019,1.42,0.221,0,0.0413,0.0142,0.047,-0.397,0.462,0.281,0.567,0.502,0.389,0.251,220,183,83,71,0.399,0.274,0.559,0.490,0.321,0.143,217,103,59,48
0.107,0.117,0.009,2.53,0.140,0,0.0485,0.0172,0.056,-0.121,0.462,0.281,0.567,0.502,0.389,0.251,220,183,83,71,0.399,0.274,0.559,0.490,0.321,0.143,217,103,59,48
0.104,0.183,0.397,0.2,0.291,1,0.0533,0.0195,0.116,0.180,0.462,0.281,0.567,0.502,0.389,0.251,220,183,83,71,0.399,0.274,0.559,0.490,0.321,0.143,217,103,59,48
0.079,0.141,0.124,1.69,0.290,0,0.0544,0.0197,0.029,-0.697,0.462,0.281,0.567,0.502,0.389,0.251,220,183,83,71,0.399,0.274,0.559,0.490,0.321,0.143,217,103,59,48
0.079,0.121,0.068,0.85,0.046,0,0.0539,0.0192,0.102,0.06,0.462,0.281,0.567,0.502,0.389,0.251,220,183,83,71,0.399,0.274,0.559,0.490,0.321,0.143,217,103,59,48
0.080,0.138,0.481,-0.52,0.062,0,0.0498,0.0171,0.210,0.341,0.462,0.281,0.567,0.502,0.389,0.251,220,183,83,71,0.399,0.274,0.559,0.490,0.321,0.143,217,103,59,48
0.069,0.121,0.332,1.99,0.186,0,0.0451,0.0152,0.115,-0.326,0.462,0.281,0.567,0.502,0.389,0.251,220,183,83,71,0.399,0.274,0.559,0.490,0.321,0.143,217,103,59,48
0.084,0.143,0.466,1.69,0.290,0,0.0418,0.0136,0.102,-0.697,0.462,0.281,0.567,0.502,0.389,0.251,220,183,83,71,0.399,0.274,0.559,0.490,0.321,0.143,217,103,59,48
0.109,0.170,0.439,-0.48,0.134,0,0.0387,0.0123,0.351,0.007,0.462,0.281,0.567,0.502,0.389,0.251,220,183,83,71,0.399,0.274,0.559,0.490,0.321,0.143,217,103,59,48
0.114,0.138,0.152,2.53,0.140,0,0.0441,0.0146,0.146,-0.121,0.462,0.281,0.567,0.502,0.389,0.251,220,183,83,71,0.399,0.274,0.559,0.490,0.321,0.143,217,103,59,48
0.109,0.199,0.213,-1.19,0.219,1,0.0472,0.0155,0.476,0.586,0.462,0.281,0.567,0.502,0.389,0.251,220,183,83,71,0.399,0.274,0.559,0.490,0.321,0.143,217,103,59,48
0.099,0.121,0.013,-1.1,0.105,-1,0.0577,0.0202,0.388,0.192,0.462,0.281,0.567,0.502,0.389,0.251,220,183,83,71,0.399,0.274,0.559,0.490,0.321,0.143,217,103,59,48
0.088,0.203,0.029,-0.42,0.180,0,0.0688,0.0243,0.268,0.318,0.462,0.281,0.567,0.502,0.389,0.251,220,183,83,71,0.399,0.274,0.559,0.490,0.321,0.143,217,103,59,48
0.089,0.272,0.047,-0.08,0.108,0,0.0787,0.0273,0.152,0.059,0.462,0.281,0.567,0.502,0.389,0.251,220,183,83,71,0.399,0.274,0.559,0.490,0.321,0.143,217,103,59,48
0.108,0.212,0.002,2.53,0.140,0,0.0930,0.0325,0.087,-0.121,0.462,0.281,0.567,0.502,0.389,0.251,220,183,83,71,0.399,0.274,0.559,0.490,0.321,0.143,217,103,59,48
0.104,0.223,0.019,1.42,0.221,0,0.1093,0.0389,0.132,-0.397,0.462,0.281,0.567,0.502,0.389,0.251,220,183,83,71,0.399,0.274,0.559,0.490,0.321,0.143,217,103,59,48
0.080,0.223,0.124,1.69,0.290,0,0.1271,0.0459,0.080,-0.697,0.462,0.281,0.567,0.502,0.389,0.251,220,183,83,71,0.399,0.274,0.559,0.490,0.321,0.143,217,103,59,48
0.080,0.214,0.086,1.99,0.186,0,0.1428,0.0518,0.060,-0.326,0.462,0.281,0.567,0.502,0.389,0.251,220,183,83,71,0.399,0.274,0.559,0.490,0.321,0.143,217,103,59,48
0.099,0.298,0.363,-0.52,0.062,0,0.1640,0.0611,0.124,0.341,0.462,0.281,0.567,0.502,0.389,0.251,220,183,83,71,0.399,0.274,0.559,0.490,0.321,0.143,217,103,59,48
0.118,0.381,0.450,0.2,0.291,1,0.1782,0.0673,0.248,0.180,0.462,0.281,0.567,0.502,0.389,0.251,220,183,83,71,0.399,0.274,0.559,0.490,0.321,0.143,217,103,59,48
0.123,0.378,0.366,-0.08,0.108,0,0.1781,0.0667,0.135,0.059,0.462,0.281,0.567,0.502,0.389,0.251,220,183,83,71,0.399,0.274,0.559,0.490,0.321,0.143,217,103,59,48
0.101,0.331,0.359,-0.08,0.108,0,0.1667,0.0623,0.214,0.059,0.462,0.281,0.567,0.502,0.389,0.251,220,183,83,71,0.399,0.274,0.559,0.490,0.321,0.143,217,103,59,48
0.110,0.303,0.303,1.37,0.298,0,0.1610,0.0634,0.160,-0.510,0.462,0.281,0.567,0.502,0.389,0.251,220,183,83,71,0.399,0.274,0.559,0.490,0.321,0.143,217,103,59,48
0.116,0.211,0.292,-0.52,0.062,0,0.1561,0.0659,0.137,0.341,0.462,0.281,0.567,0.502,0.389,0.251,220,183,83,71,0.399,0.274,0.559,0.490,0.321,0.143,217,103,59,48
0.117,0.124,0.183,1.99,0.186,0,0.1588,0.0734,0.068,-0.326,0.462,0.281,0.567,0.502,0.389,0.251,220,183,83,71,0.399,0.274,0.559,0.490,0.321,0.143,217,103,59,48
0.117,0.136,0.218,-0.42,0.180,0,0.1602,0.0797,0.317,0.318,0.462,0.281,0.567,0.502,0.389,0.251,220,183,83,71,0.399,0.274,0.559,0.490,0.321,0.143,217,103,59,48
0.111,0.096,0.032,-0.79,0.151,-1,0.1619,0.0858,0.291,0.736,0.462,0.281,0.567,0.502,0.389,0.251,220,183,83,71,0.399,0.274,0.559,0.490,0.321,0.143,217,103,59,48
0.142,0.092,0.006,1.99,0.186,0,0.1598,0.0857,0.097,-0.326,0.462,0.281,0.567,0.502,0.389,0.251,220,183,83,71,0.399,0.274,0.559,0.490,0.321,0.143,217,103,59,48
0.143,0.103,0.235,0,0.000,0,0.1517,0.0831,0.222,0.166,0.462,0.281,0.567,0.502,0.389,0.251,220,183,83,71,0.399,0.274,0.559,0.490,0.321,0.143,217,103,59,48
0.142,0.088,0.241,0.85,0.046,0,0.1487,0.0850,0.297,0.06,0.462,0.281,0.567,0.502,0.389,0.251,220,183,83,71,0.399,0.274,0.559,0.490,0.321,0.143,217,103,59,48
0.113,0.096,0.207,1.42,0.221,0,0.1349,0.0792,0.188,-0.397,0.462,0.281,0.567,0.502,0.389,0.251,220,183,83,71,0.399,0.274,0.559,0.490,0.321,0.143,217,103,59,48
0.114,0.089,0.369,0,0.000,0,0.1195,0.0730,0.183,0.166,0.462,0.281,0.567,0.502,0.389,0.251,220,183,83,71,0.399,0.274,0.559,0.490,0.321,0.143,217,103,59,48
0.099,0.097,0.173,1.42,0.221,0,0.1059,0.0679,0.134,-0.397,0.462,0.281,0.567,0.502,0.389,0.251,220,183,83,71,0.399,0.274,0.559,0.490,0.321,0.143,217,103,59,48
0.117,0.102,0.351,0,0.000,0,0.0961,0.0650,0.158,0.166,0.462,0.281,0.567,0.502,0.389,0.251,220,183,83,71,0.399,0.274,0.559,0.490,0.321,0.143,217,103,59,48
0.090,0.091,0.226,-1.1,0.105,-1,0.0898,0.0647,0.238,0.192,0.462,0.281,0.567,0.502,0.389,0.251,220,183,83,71,0.399,0.274,0.559,0.490,0.321,0.143,217,103,59,48
0.113,0.090,0.003,1.99,0.186,0,0.0867,0.0652,0.055,-0.326,0.462,0.281,0.567,0.502,0.389,0.251,220,183,83,71,0.399,0.274,0.559,0.490,0.321,0.143,217,103,59,48
0.116,0.089,0.003,1.99,0.186,0,0.0944,0.0710,0.063,-0.326,0.462,0.281,0.567,0.502,0.389,0.251,220,183,83,71,0.399,0.274,0.559,0.490,0.321,0.143,217,103,59,48
0.120,0.106,0.042,-0.52,0.062,0,0.1006,0.0743,0.163,0.341,0.462,0.281,0.567,0.502,0.389,0.251,220,183,83,71,0.399,0.274,0.559,0.490,0.321,0.143,217,103,59,48
0.127,0.100,0.008,0.85,0.046,0,0.1012,0.0737,0.104,0.06,0.462,0.281,0.567,0.502,0.389,0.251,220,183,83,71,0.399,0.274,0.559,0.490,0.321,0.143,217,103,59,48
0.124,0.102,0.007,1.42,0.221,0,0.0877,0.0629,0.075,-0.397,0.462,0.281,0.567,0.502,0.389,0.251,220,183,83,71,0.399,0.274,0.559,0.490,0.321,0.143,217,103,59,48
0.124,0.112,0.016,1.69,0.290,0,0.0783,0.0562,0.105,-0.697,0.462,0.281,0.567,0.502,0.389,0.251,220,183,83,71,0.399,0.274,0.559,0.490,0.321,0.143,217,103,59,48
0.118,0.104,0.011,-1.1,0.105,-1,0.0734,0.0538,0.317,0.192,0.462,0.281,0.567,0.502,0.389,0.251,220,183,83,71,0.399,0.274,0.559,0.490,0.321,0.143,217,103,59,48
0.110,0.127,0.002,1.69,0.290,0,0.0805,0.0600,0.077,-0.697,0.462,0.281,0.567,0.502,0.389,0.251,220,183,83,71,0.399,0.274,0.559,0.490,0.321,0.143,217,103,59,48
0.086,0.133,0.004,-0.52,0.062,0,0.0837,0.0631,0.194,0.341,0.462,0.281,0.567,0.502,0.389,0.251,220,183,83,71,0.399,0.274,0.559,0.490,0.321,0.143,217,103,59,48
0.068,0.129,0.067,-0.79,0.151,-1,0.0931,0.0726,0.463,0.736,0.462,0.281,0.567,0.502,0.389,0.251,220,183,83,71,0.399,0.274,0.559,0.490,0.321,0.143,217,103,59,48
0.057,0.135,0.170,-1.19,0.219,1,0.0926,0.0739,0.375,0.586,0.462,0.281,0.567,0.502,0.389,0.251,220,183,83,71,0.399,0.274,0.559,0.490,0.321,0.143,217,103,59,48
0.057,0.135,0.011,1.99,0.186,0,0.0972,0.0801,0.113,-0.326,0.462,0.281,0.567,0.502,0.389,0.251,220,183,83,71,0.399,0.274,0.559,0.490,0.321,0.143,217,103,59,48
0.058,0.174,0.255,-0.48,0.134,0,0.1059,0.0919,0.332,0.007,0.462,0.281,0.567,0.502,0.389,0.251,220,183,83,71,0.399,0.274,0.559,0.490,0.321,0.143,217,103,59,48
0.055,0.144,0.108,-0.52,0.062,0,0.1067,0.0973,0.295,0.341,0.462,0.281,0.567,0.502,0.389,0.251,220,183,83,71,0.399,0.274,0.559,0.490,0.321,0.143,217,103,59,48
0.045,0.119,0.035,1.99,0.186,0,0.1044,0.0999,0.163,-0.326,0.462,0.281,0.567,0.502,0.389,0.251,220,183,83,71,0.399,0.274,0.559,0.490,0.321,0.143,217,103,59,48
0.040,0.122,0.049,0.85,0.046,0,0.0966,0.0961,0.297,0.06,0.462,0.281,0.567,0.502,0.389,0.251,220,183,83,71,0.399,0.274,0.559,0.490,0.321,0.143,217,103,59,48
0.050,0.141,0.038,1.99,0.186,0,0.0894,0.0920,0.189,-0.326,0.462,0.281,0.567,0.502,0.389,0.251,220,183,83,71,0.399,0.274,0.559,0.490,0.321,0.143,217,103,59,48
0.052,0.173,0.378,-0.08,0.108,0,0.0809,0.0850,0.249,0.059,0.462,0.281,0.567,0.502,0.389,0.251,220,183,83,71,0.399,0.274,0.559,0.490,0.321,0.143,217,103,59,48
0.064,0.100,0.148,-0.79,0.151,-1,0.0711,0.0759,0.342,0.736,0.462,0.281,0.567,0.502,0.389,0.251,220,183,83,71,0.399,0.274,0.559,0.490,0.321,0.143,217,103,59,48
0.061,0.088,0.134,-0.79,0.151,-1,0.0600,0.0643,0.434,0.736,0.462,0.281,0.567,0.502,0.389,0.251,220,183,83,71,0.399,0.274,0.559,0.490,0.321,0.143,217,103,59,48
0.075,0.088,0.050,-0.79,0.151,-1,0.0513,0.0539,0.262,0.736,0.462,0.281,0.567,0.502,0.389,0.251,220,183,83,71,0.399,0.274,0.559,0.490,0.321,0.143,217,103,59,48
0.063,0.105,0.021,1.99,0.186,0,0.0487,0.0509,0.094,-0.326,0.462,0.281,0.567,0.502,0.389,0.251,220,183,83,71,0.399,0.274,0.559,0.490,0.321,0.143,217,103,59,48
0.064,0.116,0.003,0,0.000,0,0.0433,0.0479,0.251,0.166,0.462,0.281,0.567,0.502,0.389,0.251,220,183,83,71,0.399,0.274,0.559,0.490,0.321,0.143,217,103,59,48
0.073,0.116,0.003,1.99,0.186,0,0.0499,0.0595,0.132,-0.326,0.462,0.281,0.567,0.502,0.389,0.251,220,183,83,71,0.399,0.274,0.559,0.490,0.321,0.143,217,103,59,48
0.072,0.150,0.002,1.69,0.290,0,0.0612,0.0748,0.067,-0.697,0.462,0.281,0.567,0.502,0.389,0.251,220,183,83,71,0.399,0.274,0.559,0.490,0.321,0.143,217,103,59,48
0.076,0.161,0.045,-0.08,0.108,0,0.0846,0.1003,0.105,0.059,0.462,0.281,0.567,0.502,0.389,0.251,220,183,83,71,0.399,0.274,0.559,0.490,0.321,0.143,217,103,59,48
0.077,0.139,0.002,0.85,0.046,0,0.1050,0.1211,0.056,0.06,0.462,0.281,0.567,0.502,0.389,0.251,220,183,83,71,0.399,0.274,0.559,0.490,0.321,0.143,217,103,59,48
0.081,0.129,0.005,2.53,0.140,0,0.1107,0.1300,0.052,-0.121,0.462,0.281,0.567,0.502,0.389,0.251,220,183,83,71,0.399,0.274,0.559,0.490,0.321,0.143,217,103,59,48
0.069,0.114,0.003,2.53,0.140,0,0.1148,0.1353,0.036,-0.121,0.462,0.281,0.567,0.502,0.389,0.251,220,183,83,71,0.399,0.274,0.559,0.490,0.321,0.143,217,103,59,48
0.072,0.137,0.004,1.99,0.186,0,0.1220,0.1409,0.042,-0.326,0.462,0.281,0.567,0.502,0.389,0.251,220,183,83,71,0.399,0.274,0.559,0.490,0.321,0.143,217,103,59,48
0.094,0.162,0.004,2.53,0.140,0,0.1282,0.1446,0.042,-0.121,0.462,0.281,0.567,0.502,0.389,0.251,220,183,83,71,0.399,0.274,0.559,0.490,0.321,0.143,217,103,59,48
0.116,0.197,0.133,-0.52,0.062,0,0.1289,0.1417,0.070,0.341,0.462,0.281,0.567,0.502,0.389,0.251,220,183,83,71,0.399,0.274,0.559,0.490,0.321,0.143,217,103,59,48
0.123,0.157,0.268,0.85,0.046,0,0.1312,0.1384,0.114,0.06,0.462,0.281,0.567,0.502,0.389,0.251,220,183,83,71,0.399,0.274,0.559,0.490,0.321,0.143,217,103,59,48
0.120,0.184,0.271,-1.1,0.105,-1,0.1436,0.1432,0.271,0.192,0.462,0.281,0.567,0.502,0.389,0.251,220,183,83,71,0.399,0.274,0.559,0.490,0.321,0.143,217,103,59,48
0.098,0.234,0.420,0.2,0.291,1,0.1696,0.1617,0.331,0.180,0.462,0.281,0.567,0.502,0.389,0.251,220,183,83,71,0.399,0.274,0.559,0.490,0.321,0.143,217,103,59,48
0.116,0.218,0.170,-0.52,0.062,0,0.2013,0.1846,0.362,0.341,0.462,0.281,0.567,0.502,0.389,0.251,220,183,83,71,0.399,0.274,0.559,0.490,0.321,0.143,217,103,59,48
0.121,0.180,0.269,0,0.000,0,0.2486,0.2231,0.359,0.166,0.462,0.281,0.567,0.502,0.389,0.251,220,183,83,71,0.399,0.274,0.559,0.490,0.321,0.143,217,103,59,48
0.117,0.163,0.353,1.42,0.221,0,0.2967,0.2621,0.254,-0.397,0.462,0.281,0.567,0.502,0.389,0.251,220,183,83,71,0.399,0.274,0.559,0.490,0.321,0.143,217,103,59,48
0.095,0.158,0.416,-0.79,0.151,-1,0.3373,0.2938,0.466,0.736,0.462,0.281,0.567,0.502,0.389,0.251,220,183,83,71,0.399,0.274,0.559,0.490,0.321,0.143,217,103,59,48
0.090,0.194,0.345,-0.48,0.134,0,0.3713,0.3203,0.318,0.007,0.462,0.281,0.567,0.502,0.389,0.251,220,183,83,71,0.399,0.274,0.559,0.490,0.321,0.143,217,103,59,48
0.090,0.182,0.298,-0.52,0.062,0,0.3910,0.3356,0.353,0.341,0.462,0.281,0.567,0.502,0.389,0.251,220,183,83,71,0.399,0.274,0.559,0.490,0.321,0.143,217,103,59,48
0.089,0.160,0.048,0.85,0.046,0,0.4037,0.3469,0.395,0.06,0.462,0.281,0.567,0.502,0.389,0.251,220,183,83,71,0.399,0.274,0.559,0.490,0.321,0.143,217,103,59,48
0.088,0.146,0.061,-0.52,0.062,0,0.3962,0.3391,0.229,0.341,0.462,0.281,0.567,0.502,0.389,0.251,220,183,83,71,0.399,0.274,0.559,0.490,0.321,0.143,217,103,59,48
0.088,0.098,0.022,2.53,0.140,0,0.3806,0.3250,0.095,-0.121,0.462,0.281,0.567,0.502,0.389,0.251,220,183,83,71,0.399,0.274,0.559,0.490,0.321,0.143,217,103,59,48
0.092,0.124,0.136,-0.79,0.151,-1,0.3504,0.2972,0.469,0.736,0.462,0.281,0.567,0.502,0.389,0.251,220,183,83,71,0.399,0.274,0.559,0.490,0.321,0.143,217,103,59,48
0.092,0.138,0.006,-0.42,0.180,0,0.2908,0.2469,0.379,0.318,0.462,0.281,0.567,0.502,0.389,0.251,220,183,83,71,0.399,0.274,0.559,0.490,0.321,0.143,217,103,59,48
0.087,0.095,0.008,1.99,0.186,0,0.2355,0.2008,0.026,-0.326,0.462,0.281,0.567,0.502,0.389,0.251,220,183,83,71,0.399,0.274,0.559,0.490,0.321,0.143,217,103,59,48
0.085,0.130,0.348,-0.42,0.180,0,0.1894,0.1635,0.131,0.318,0.462,0.281,0.567,0.502,0.389,0.251,220,183,83,71,0.399,0.274,0.559,0.490,0.321,0.143,217,103,59,48
0.082,0.101,0.046,-0.79,0.151,-1,0.1550,0.1375,0.441,0.736,0.462,0.281,0.567,0.502,0.389,0.251,220,183,83,71,0.399,0.274,0.559,0.490,0.321,0.143,217,103,59,48
0.100,0.131,0.130,-0.08,0.108,0,0.1214,0.1112,0.143,0.059,0.462,0.281,0.567,0.502,0.389,0.251,220,183,83,71,0.399,0.274,0.559,0.490,0.321,0.143,217,103,59,48
0.146,0.111,0.003,1.99,0.186,0,0.0941,0.0891,0.016,-0.326,0.462,0.281,0.567,0.502,0.389,0.251,220,183,83,71,0.399,0.274,0.559,0.490,0.321,0.143,217,103,59,48
0.118,0.117,0.082,1.99,0.186,0,0.0888,0.0848,0.092,-0.326,0.462,0.281,0.567,0.502,0.389,0.251,220,183,83,71,0.399,0.274,0.559,0.490,0.321,0.143,217,103,59,48
0.122,0.237,0.113,0.2,0.291,1,0.0994,0.0939,0.415,0.180,0.462,0.281,0.567,0.502,0.389,0.251,220,183,83,71,0.399,0.274,0.559,0.490,0.321,0.143,217,103,59,48
0.111,0.107,0.007,0.85,0.046,0,0.1088,0.0989,0.059,0.06,0.462,0.281,0.567,0.502,0.389,0.251,220,183,83,71,0.399,0.274,0.559,0.490,0.321,0.143,217,103,59,48
0.111,0.111,0.002,1.99,0.186,0,0.1226,0.1092,0.020,-0.326,0.462,0.281,0.567,0.502,0.389,0.251,220,183,83,71,0.399,0.274,0.559,0.490,0.321,0.143,217,103,59,48
0.111,0.206,0.170,0.2,0.291,1,0.1356,0.1199,0.257,0.180,0.462,0.281,0.567,0.502,0.389,0.251,220,183,83,71,0.399,0.274,0.559,0.490,0.321,0.143,217,103,59,48
0.109,0.125,0.091,0.85,0.046,0,0.1454,0.1311,0.236,0.06,0.462,0.281,0.567,0.502,0.389,0.251,220,183,83,71,0.399,0.274,0.559,0.490,0.321,0.143,217,103,59,48
0.115,0.133,0.045,1.99,0.186,0,0.1461,0.1341,0.063,-0.326,0.462,0.281,0.567,0.502,0.389,0.251,220,183,83,71,0.399,0.274,0.559,0.490,0.321,0.143,217,103,59,48
0.123,0.107,0.006,2.53,0.140,0,0.1417,0.1349,0.111,-0.121,0.462,0.281,0.567,0.502,0.389,0.251,220,183,83,71,0.399,0.274,0.559,0.490,0.321,0.143,217,103,59,48
0.125,0.136,0.189,1.99,0.186,0,0.1370,0.1354,0.195,-0.326,0.462,0.281,0.567,0.502,0.389,0.251,220,183,83,71,0.399,0.274,0.559,0.490,0.321,0.143,217,103,59,48
0.125,0.219,0.272,-1.19,0.219,1,0.1242,0.1283,0.462,0.586,0.462,0.281,0.567,0.502,0.389,0.251,220,183,83,71,0.399,0.274,0.559,0.490,0.321,0.143,217,103,59,48
0.154,0.206,0.400,-0.48,0.134,0,0.1142,0.1230,0.378,0.007,0.462,0.281,0.567,0.502,0.389,0.251,220,183,83,71,0.399,0.274,0.559,0.490,0.321,0.143,217,103,59,48
0.154,0.687,0.565,0.2,0.291,1,0.1013,0.1127,0.283,0.180,0.462,0.281,0.567,0.502,0.389,0.251,220,183,83,71,0.399,0.274,0.559,0.490,0.321,0.143,217,103,59,48
0.148,0.236,0.482,-1.14,0.131,0,0.0838,0.0975,0.439,0.987,0.462,0.281,0.567,0.502,0.389,0.251,220,183,83,71,0.399,0.274,0.559,0.490,0.321,0.143,217,103,59,48
0.147,0.252,0.422,1.99,0.186,0,0.0828,0.0921,0.270,-0.326,0.462,0.281,0.567,0.502,0.389,0.251,220,183,83,71,0.399,0.274,0.559,0.490,0.321,0.143,217,103,59,48
0.181,0.267,0.429,-0.79,0.151,-1,0.0930,0.0947,0.406,0.736,0.462,0.281,0.567,0.502,0.389,0.251,220,183,83,71,0.399,0.274,0.559,0.490,0.321,0.143,217,103,59,48
0.174,0.767,0.428,-0.08,0.108,0,0.1187,0.1091,0.251,0.059,0.462,0.281,0.567,0.502,0.389,0.251,220,183,83,71,0.399,0.274,0.559,0.490,0.321,0.143,217,103,59,48
0.165,0.787,0.509,-0.52,0.062,0,0.1381,0.1174,0.319,0.341,0.462,0.281,0.567,0.502,0.389,0.251,220,183,83,71,0.399,0.274,0.559,0.490,0.321,0.143,217,103,59,48
0.160,0.818,0.503,0.2,0.291,1,0.1505,0.1202,0.371,0.180,0.462,0.281,0.567,0.502,0.389,0.251,220,183,83,71,0.399,0.274,0.559,0.490,0.321,0.143,217,103,59,48
0.159,0.271,0.544,1.69,0.290,0,0.1702,0.1284,0.048,-0.697,0.462,0.281,0.567,0.502,0.389,0.251,220,183,83,71,0.399,0.274,0.559,0.490,0.321,0.143,217,103,59,48
0.166,0.310,0.430,-0.08,0.108,0,0.1897,0.1395,0.152,0.059,0.462,0.281,0.567,0.502,0.389,0.251,220,183,83,71,0.399,0.274,0.559,0.490,0.321,0.143,217,103,59,48
0.128,0.349,0.415,-1.19,0.219,1,0.2018,0.1438,0.371,0.586,0.462,0.281,0.567,0.502,0.389,0.251,220,183,83,71,0.399,0.274,0.559,0.490,0.321,0.143,217,103,59,48
0.150,0.218,0.147,1.99,0.186,0,0.1967,0.1362,0.081,-0.326,0.462,0.281,0.567,0.502,0.389,0.251,220,183,83,71,0.399,0.274,0.559,0.490,0.321,0.143,217,103,59,48
0.123,0.138,0.325,1.99,0.186,0,0.1938,0.1317,0.087,-0.326,0.462,0.281,0.567,0.502,0.389,0.251,220,183,83,71,0.399,0.274,0.559,0.490,0.321,0.143,217,103,59,48
0.109,0.149,0.070,1.99,0.186,0,0.1921,0.1314,0.154,-0.326,0.462,0.281,0.567,0.502,0.389,0.251,220,183,83,71,0.399,0.274,0.559,0.490,0.321,0.143,217,103,59,48
0.114,0.226,0.207,-1.19,0.219,1,0.1906,0.1296,0.442,0.586,0.462,0.281,0.567,0.502,0.389,0.251,220,183,83,71,0.399,0.274,0.559,0.490,0.321,0.143,217,103,59,48
0.150,0.164,0.195,1.99,0.186,0,0.1919,0.1305,0.064,-0.326,0.462,0.281,0.567,0.502,0.389,0.251,220,183,83,71,0.399,0.274,0.559,0.490,0.321,0.143,217,103,59,48
0.165,0.176,0.501,-1.14,0.131,0,0.1945,0.1305,0.324,0.987,0.462,0.281,0.567,0.502,0.389,0.251,220,183,83,71,0.399,0.274,0.559,0.490,0.321,0.143,217,103,59,48
0.129,0.203,0.300,-1.1,0.105,-1,0.1961,0.1318,0.420,0.192,0.462,0.281,0.567,0.502,0.389,0.251,220,183,83,71,0.399,0.274,0.559,0.490,0.321,0.143,217,103,59,48
0.153,0.209,0.028,1.99,0.186,0,0.1975,0.1335,0.135,-0.326,0.462,0.281,0.567,0.502,0.389,0.251,220,183,83,71,0.399,0.274,0.559,0.490,0.321,0.143,217,103,59,48
0.183,0.379,0.649,0.2,0.291,1,0.1930,0.1325,0.373,0.180,0.462,0.281,0.567,0.502,0.389,0.251,220,183,83,71,0.399,0.274,0.559,0.490,0.321,0.143,217,103,59,48
0.190,0.226,0.478,-0.08,0.108,0,0.1880,0.1300,0.320,0.059,0.462,0.281,0.567,0.502,0.389,0.251,220,183,83,71,0.399,0.274,0.559,0.490,0.321,0.143,217,103,59,48
0.163,0.182,0.099,1.99,0.186,0,0.1853,0.1237,0.139,-0.326,0.462,0.281,0.567,0.502,0.389,0.251,220,183,83,71,0.399,0.274,0.559,0.490,0.321,0.143,217,103,59,48
0.136,0.114,0.362,-0.48,0.134,0,0.1830,0.1167,0.280,0.007,0.462,0.281,0.567,0.502,0.389,0.251,220,183,83,71,0.399,0.274,0.559,0.490,0.321,0.143,217,103,59,48
0.142,0.127,0.500,-0.48,0.134,0,0.1954,0.1224,0.345,0.007,0.462,0.281,0.567,0.502,0.389,0.251,220,183,83,71,0.399,0.274,0.559,0.490,0.321,0.143,217,103,59,48
0.143,0.111,0.244,1.42,0.221,0,0.2007,0.1280,0.231,-0.397,0.462,0.281,0.567,0.502,0.389,0.251,220,183,83,71,0.399,0.274,0.559,0.490,0.321,0.143,217,103,59,48
0.111,0.136,0.193,0.22,0.230,0,0.2083,0.1428,0.269,0.303,0.462,0.281,0.567,0.502,0.389,0.251,220,183,83,71,0.399,0.274,0.559,0.490,0.321,0.143,217,103,59,48
0.112,0.097,0.165,-0.52,0.062,0,0.2250,0.1721,0.253,0.341,0.462,0.281,0.567,0.502,0.389,0.251,220,183,83,71,0.399,0.274,0.559,0.490,0.321,0.143,217,103,59,48
0.113,0.107,0.289,-0.79,0.151,-1,0.2394,0.2140,0.431,0.736,0.462,0.281,0.567,0.502,0.389,0.251,220,183,83,71,0.399,0.274,0.559,0.490,0.321,0.143,217,103,59,48
0.116,0.113,0.111,-1.19,0.219,1,0.2525,0.2665,0.382,0.586,0.462,0.281,0.567,0.502,0.389,0.251,220,183,83,71,0.399,0.274,0.559,0.490,0.321,0.143,217,103,59,48
0.114,0.091,0.004,1.99,0.186,0,0.2517,0.3232,0.139,-0.326,0.462,0.281,0.567,0.502,0.389,0.251,220,183,83,71,0.399,0.274,0.559,0.490,0.321,0.143,217,103,59,48
0.107,0.092,0.182,1.99,0.186,0,0.2467,0.3855,0.187,-0.326,0.462,0.281,0.567,0.502,0.389,0.251,220,183,83,71,0.399,0.274,0.559,0.490,0.321,0.143,217,103,59,48
0.111,0.108,0.293,-0.52,0.062,0,0.2388,0.4514,0.308,0.341,0.462,0.281,0.567,0.502,0.389,0.251,220,183,83,71,0.399,0.274,0.559,0.490,0.321,0.143,217,103,59,48
0.109,0.113,0.202,1.69,0.290,0,0.2286,0.5182,0.123,-0.697,0.462,0.281,0.567,0.502,0.389,0.251,220,183,83,71,0.399,0.274,0.559,0.490,0.321,0.143,217,103,59,48
0.133,0.150,0.507,0.2,0.291,1,0.2161,0.5830,0.318,0.180,0.462,0.281,0.567,0.502,0.389,0.251,220,183,83,71,0.399,0.274,0.559,0.490,0.321,0.143,217,103,59,48
0.166,0.091,0.191,2.53,0.140,0,0.2001,0.6420,0.242,-0.121,0.462,0.281,0.567,0.502,0.389,0.251,220,183,83,71,0.399,0.274,0.559,0.490,0.321,0.143,217,103,59,48
0.156,0.096,0.271,-1.1,0.105,-1,0.1776,0.6915,0.405,0.192,0.462,0.281,0.567,0.502,0.389,0.251,220,183,83,71,0.399,0.274,0.559,0.490,0.321,0.143,217,103,59,48
0.137,0.085,0.162,0.85,0.046,0,0.1433,0.7270,0.429,0.06,0.462,0.281,0.567,0.502,0.389,0.251,220,183,83,71,0.399,0.274,0.559,0.490,0.321,0.143,217,103,59,48
0.123,0.118,0.247,-0.42,0.180,0,0.0898,0.7436,0.759,0.318,0.462,0.281,0.567,0.502,0.389,0.251,220,183,83,71,0.399,0.274,0.559,0.490,0.321,0.143,217,103,59,48
