0.087,0.109,0.559,1.42,0.221,0,0.0595,0.6981,0.593,-0.397,0.355,0.160,0.323,0.155,0.101,0.052,73,61,49,22,0.315,0.180,0.257,0.141,0.099,0.029,63,60,49,12
0.092,0.126,0.476,2.53,0.140,0,0.0614,0.6383,0.154,-0.121,0.355,0.160,0.323,0.155,0.101,0.052,73,61,49,22,0.315,0.180,0.257,0.141,0.099,0.029,63,60,49,12
0.090,0.232,0.566,0.2,0.291,1,0.0742,0.5792,0.270,0.180,0.355,0.160,0.323,0.155,0.101,0.052,73,61,49,22,0.315,0.180,0.257,0.141,0.099,0.029,63,60,49,12
0.095,0.235,0.498,1.76,0.409,0,0.0888,0.5163,0.094,-0.884,0.355,0.160,0.323,0.155,0.101,0.052,73,61,49,22,0.315,0.180,0.257,0.141,0.099,0.029,63,60,49,12
0.073,0.180,0.388,1.69,0.290,0,0.1001,0.4483,0.074,-0.697,0.355,0.160,0.323,0.155,0.101,0.052,73,61,49,22,0.315,0.180,0.257,0.141,0.099,0.029,63,60,49,12
0.072,0.234,0.470,0.22,0.230,0,0.1062,0.3768,0.143,0.303,0.355,0.160,0.323,0.155,0.101,0.052,73,61,49,22,0.315,0.180,0.257,0.141,0.099,0.029,63,60,49,12
0.076,0.289,0.502,0.2,0.291,1,0.1078,0.3052,0.322,0.180,0.355,0.160,0.323,0.155,0.101,0.052,73,61,49,22,0.315,0.180,0.257,0.141,0.099,0.029,63,60,49,12
0.079,0.212,0.383,-1.1,0.105,-1,0.1073,0.2384,0.248,0.192,0.355,0.160,0.323,0.155,0.101,0.052,73,61,49,22,0.315,0.180,0.257,0.141,0.099,0.029,63,60,49,12
0.105,0.176,0.306,1.99,0.186,0,0.1081,0.1815,0.117,-0.326,0.355,0.160,0.323,0.155,0.101,0.052,73,61,49,22,0.315,0.180,0.257,0.141,0.099,0.029,63,60,49,12
0.110,0.192,0.418,-0.52,0.062,0,0.1138,0.1394,0.335,0.341,0.355,0.160,0.323,0.155,0.101,0.052,73,61,49,22,0.315,0.180,0.257,0.141,0.099,0.029,63,60,49,12
0.116,0.171,0.686,0,0.000,0,0.1403,0.1276,0.335,0.166,0.355,0.160,0.323,0.155,0.101,0.052,73,61,49,22,0.315,0.180,0.257,0.141,0.099,0.029,63,60,49,12
0.114,0.119,0.184,1.99,0.186,0,0.1724,0.1336,0.155,-0.326,0.355,0.160,0.323,0.155,0.101,0.052,73,61,49,22,0.315,0.180,0.257,0.141,0.099,0.029,63,60,49,12
0.114,0.115,0.053,-1.1,0.105,-1,0.2007,0.1479,0.316,0.192,0.355,0.160,0.323,0.155,0.101,0.052,73,61,49,22,0.315,0.180,0.257,0.141,0.099,0.029,63,60,49,12
0.118,0.125,0.001,0.85,0.046,0,0.2319,0.1744,0.161,0.06,0.355,0.160,0.323,0.155,0.101,0.052,73,61,49,22,0.315,0.180,0.257,0.141,0.099,0.029,63,60,49,12
0.171,0.184,0.088,-0.79,0.151,-1,0.2500,0.1966,0.383,0.736,0.355,0.160,0.323,0.155,0.101,0.052,73,61,49,22,0.315,0.180,0.257,0.141,0.099,0.029,63,60,49,12
0.214,0.208,0.003,-0.08,0.108,0,0.2576,0.2102,0.177,0.059,0.355,0.160,0.323,0.155,0.101,0.052,73,61,49,22,0.315,0.180,0.257,0.141,0.099,0.029,63,60,49,12
0.168,0.243,0.019,1.99,0.186,0,0.2574,0.2190,0.080,-0.326,0.355,0.160,0.323,0.155,0.101,0.052,73,61,49,22,0.315,0.180,0.257,0.141,0.099,0.029,63,60,49,12
0.161,0.215,0.004,1.99,0.186,0,0.2578,0.2286,0.111,-0.326,0.355,0.160,0.323,0.155,0.101,0.052,73,61,49,22,0.315,0.180,0.257,0.141,0.099,0.029,63,60,49,12
0.169,0.252,0.181,-1.19,0.219,1,0.2642,0.2408,0.417,0.586,0.355,0.160,0.323,0.155,0.101,0.052,73,61,49,22,0.315,0.180,0.257,0.141,0.099,0.029,63,60,49,12
0.176,0.196,0.105,0,0.000,0,0.2655,0.2480,0.327,0.166,0.355,0.160,0.323,0.155,0.101,0.052,73,61,49,22,0.315,0.180,0.257,0.141,0.099,0.029,63,60,49,12
0.160,0.318,0.233,0.2,0.291,1,0.2730,0.2615,0.279,0.180,0.355,0.160,0.323,0.155,0.101,0.052,73,61,49,22,0.315,0.180,0.257,0.141,0.099,0.029,63,60,49,12
0.165,0.222,0.124,0,0.000,0,0.2830,0.2767,0.205,0.166,0.355,0.160,0.323,0.155,0.101,0.052,73,61,49,22,0.315,0.180,0.257,0.141,0.099,0.029,63,60,49,12
0.172,0.188,0.225,2.53,0.140,0,0.3100,0.3078,0.103,-0.121,0.355,0.160,0.323,0.155,0.101,0.052,73,61,49,22,0.315,0.180,0.257,0.141,0.099,0.029,63,60,49,12
0.217,0.285,0.296,0.22,0.230,0,0.3520,0.3501,0.217,0.303,0.355,0.160,0.323,0.155,0.101,0.052,73,61,49,22,0.315,0.180,0.257,0.141,0.099,0.029,63,60,49,12
0.186,0.241,0.106,0,0.000,0,0.3991,0.3985,0.105,0.166,0.355,0.160,0.323,0.155,0.101,0.052,73,61,49,22,0.315,0.180,0.257,0.141,0.099,0.029,63,60,49,12
0.217,0.236,0.173,-0.52,0.062,0,0.4173,0.4194,0.120,0.341,0.355,0.160,0.323,0.155,0.101,0.052,73,61,49,22,0.315,0.180,0.257,0.141,0.099,0.029,63,60,49,12
0.231,0.240,0.085,1.69,0.290,0,0.4260,0.4299,0.084,-0.697,0.355,0.160,0.323,0.155,0.101,0.052,73,61,49,22,0.315,0.180,0.257,0.141,0.099,0.029,63,60,49,12
0.224,0.194,0.218,1.99,0.186,0,0.4277,0.4331,0.100,-0.326,0.355,0.160,0.323,0.155,0.101,0.052,73,61,49,22,0.315,0.180,0.257,0.141,0.099,0.029,63,60,49,12
0.189,0.242,0.124,0.85,0.046,0,0.4308,0.4374,0.143,0.06,0.355,0.160,0.323,0.155,0.101,0.052,73,61,49,22,0.315,0.180,0.257,0.141,0.099,0.029,63,60,49,12
0.162,0.458,0.481,0.2,0.291,1,0.4149,0.4233,0.238,0.180,0.355,0.160,0.323,0.155,0.101,0.052,73,61,49,22,0.315,0.180,0.257,0.141,0.099,0.029,63,60,49,12
0.158,0.302,0.364,-1.14,0.131,0,0.3888,0.3987,0.229,0.987,0.355,0.160,0.323,0.155,0.101,0.052,73,61,49,22,0.315,0.180,0.257,0.141,0.099,0.029,63,60,49,12
0.160,0.399,0.558,-0.52,0.062,0,0.3631,0.3745,0.313,0.341,0.355,0.160,0.323,0.155,0.101,0.052,73,61,49,22,0.315,0.180,0.257,0.141,0.099,0.029,63,60,49,12
0.157,0.444,0.765,0.2,0.291,1,0.3308,0.3446,0.341,0.180,0.355,0.160,0.323,0.155,0.101,0.052,73,61,49,22,0.315,0.180,0.257,0.141,0.099,0.029,63,60,49,12
0.163,0.404,0.691,-1.19,0.219,1,0.3200,0.3337,0.455,0.586,0.355,0.160,0.323,0.155,0.101,0.052,73,61,49,22,0.315,0.180,0.257,0.141,0.099,0.029,63,60,49,12
0.152,0.397,0.542,-0.48,0.134,0,0.3187,0.3335,0.392,0.007,0.355,0.160,0.323,0.155,0.101,0.052,73,61,49,22,0.315,0.180,0.257,0.141,0.099,0.029,63,60,49,12
0.152,0.321,0.607,-0.42,0.180,0,0.3380,0.3505,0.402,0.318,0.355,0.160,0.323,0.155,0.101,0.052,73,61,49,22,0.315,0.180,0.257,0.141,0.099,0.029,63,60,49,12
0.140,0.319,0.622,0,0.000,0,0.3705,0.3788,0.273,0.166,0.355,0.160,0.323,0.155,0.101,0.052,73,61,49,22,0.315,0.180,0.257,0.141,0.099,0.029,63,60,49,12
0.163,0.238,0.413,-1.1,0.105,-1,0.3948,0.3991,0.301,0.192,0.355,0.160,0.323,0.155,0.101,0.052,73,61,49,22,0.315,0.180,0.257,0.141,0.099,0.029,63,60,49,12
0.164,0.283,0.261,1.69,0.290,0,0.4131,0.4110,0.082,-0.697,0.355,0.160,0.323,0.155,0.101,0.052,73,61,49,22,0.315,0.180,0.257,0.141,0.099,0.029,63,60,49,12
0.155,0.342,0.275,-0.52,0.062,0,0.4147,0.4076,0.209,0.341,0.355,0.160,0.323,0.155,0.101,0.052,73,61,49,22,0.315,0.180,0.257,0.141,0.099,0.029,63,60,49,12
0.160,0.305,0.029,1.99,0.186,0,0.4069,0.3947,0.069,-0.326,0.355,0.160,0.323,0.155,0.101,0.052,73,61,49,22,0.315,0.180,0.257,0.141,0.099,0.029,63,60,49,12
0.163,0.410,0.136,-0.52,0.062,0,0.3810,0.3642,0.113,0.341,0.355,0.160,0.323,0.155,0.101,0.052,73,61,49,22,0.315,0.180,0.257,0.141,0.099,0.029,63,60,49,12
0.161,0.320,0.085,2.53,0.140,0,0.3621,0.3414,0.075,-0.121,0.355,0.160,0.323,0.155,0.101,0.052,73,61,49,22,0.315,0.180,0.257,0.141,0.099,0.029,63,60,49,12
0.152,0.519,0.387,0.2,0.291,1,0.3228,0.2990,0.214,0.180,0.355,0.160,0.323,0.155,0.101,0.052,73,61,49,22,0.315,0.180,0.257,0.141,0.099,0.029,63,60,49,12
0.119,0.325,0.334,2.53,0.140,0,0.2903,0.2650,0.121,-0.121,0.355,0.160,0.323,0.155,0.101,0.052,73,61,49,22,0.315,0.180,0.257,0.141,0.099,0.029,63,60,49,12
0.119,0.239,0.383,0,0.000,0,0.2696,0.2428,0.189,0.166,0.355,0.160,0.323,0.155,0.101,0.052,73,61,49,22,0.315,0.180,0.257,0.141,0.099,0.029,63,60,49,12
0.129,0.228,0.205,-1.1,0.105,-1,0.2676,0.2406,0.292,0.192,0.355,0.160,0.323,0.155,0.101,0.052,73,61,49,22,0.315,0.180,0.257,0.141,0.099,0.029,63,60,49,12
0.129,0.288,0.345,-0.42,0.180,0,0.2635,0.2378,0.262,0.318,0.355,0.160,0.323,0.155,0.101,0.052,73,61,49,22,0.315,0.180,0.257,0.141,0.099,0.029,63,60,49,12
0.129,0.230,0.270,2.53,0.140,0,0.2606,0.2369,0.089,-0.121,0.355,0.160,0.323,0.155,0.101,0.052,73,61,49,22,0.315,0.180,0.257,0.141,0.099,0.029,63,60,49,12
0.129,0.324,0.468,-0.08,0.108,0,0.2506,0.2304,0.124,0.059,0.355,0.160,0.323,0.155,0.101,0.052,73,61,49,22,0.315,0.180,0.257,0.141,0.099,0.029,63,60,49,12
0.110,0.366,0.565,0.22,0.230,0,0.2432,0.2244,0.140,0.303,0.355,0.160,0.323,0.155,0.101,0.052,73,61,49,22,0.315,0.180,0.257,0.141,0.099,0.029,63,60,49,12
0.106,0.213,0.213,3.14,0.186,0,0.2418,0.2243,0.051,-0.486,0.355,0.160,0.323,0.155,0.101,0.052,73,61,49,22,0.315,0.180,0.257,0.141,0.099,0.029,63,60,49,12
0.100,0.725,0.473,0.2,0.291,1,0.2330,0.2169,0.159,0.180,0.355,0.160,0.323,0.155,0.101,0.052,73,61,49,22,0.315,0.180,0.257,0.141,0.099,0.029,63,60,49,12
0.089,0.257,0.097,3.14,0.186,0,0.2373,0.2211,0.050,-0.486,0.355,0.160,0.323,0.155,0.101,0.052,73,61,49,22,0.315,0.180,0.257,0.141,0.099,0.029,63,60,49,12
0.087,0.375,0.287,-0.42,0.180,0,0.2372,0.2218,0.181,0.318,0.355,0.160,0.323,0.155,0.101,0.052,73,61,49,22,0.315,0.180,0.257,0.141,0.099,0.029,63,60,49,12
0.089,0.388,0.371,-0.48,0.134,0,0.2324,0.2172,0.237,0.007,0.355,0.160,0.323,0.155,0.101,0.052,73,61,49,22,0.315,0.180,0.257,0.141,0.099,0.029,63,60,49,12
0.071,0.354,0.419,-0.52,0.062,0,0.2224,0.2080,0.236,0.341,0.355,0.160,0.323,0.155,0.101,0.052,73,61,49,22,0.315,0.180,0.257,0.141,0.099,0.029,63,60,49,12
0.092,0.298,0.299,0,0.000,0,0.2162,0.2031,0.210,0.166,0.355,0.160,0.323,0.155,0.101,0.052,73,61,49,22,0.315,0.180,0.257,0.141,0.099,0.029,63,60,49,12
0.078,0.211,0.245,-1.1,0.105,-1,0.2075,0.1941,0.189,0.192,0.355,0.160,0.323,0.155,0.101,0.052,73,61,49,22,0.315,0.180,0.257,0.141,0.099,0.029,63,60,49,12
0.078,0.199,0.401,1.69,0.290,0,0.1979,0.1822,0.077,-0.697,0.355,0.160,0.323,0.155,0.101,0.052,73,61,49,22,0.315,0.180,0.257,0.141,0.099,0.029,63,60,49,12
0.078,0.282,0.342,1.37,0.298,0,0.2013,0.1797,0.130,-0.510,0.355,0.160,0.323,0.155,0.101,0.052,73,61,49,22,0.315,0.180,0.257,0.141,0.099,0.029,63,60,49,12
0.073,0.224,0.359,-1.1,0.105,-1,0.1973,0.1677,0.189,0.192,0.355,0.160,0.323,0.155,0.101,0.052,73,61,49,22,0.315,0.180,0.257,0.141,0.099,0.029,63,60,49,12
0.071,0.212,0.097,1.99,0.186,0,0.1929,0.1577,0.101,-0.326,0.355,0.160,0.323,0.155,0.101,0.052,73,61,49,22,0.315,0.180,0.257,0.141,0.099,0.029,63,60,49,12
0.055,0.261,0.187,1.37,0.298,0,0.1821,0.1440,0.181,-0.510,0.355,0.160,0.323,0.155,0.101,0.052,73,61,49,22,0.315,0.180,0.257,0.141,0.099,0.029,63,60,49,12
0.056,0.239,0.175,0,0.000,0,0.1758,0.1367,0.250,0.166,0.355,0.160,0.323,0.155,0.101,0.052,73,61,49,22,0.315,0.180,0.257,0.141,0.099,0.029,63,60,49,12
0.058,0.250,0.146,0,0.000,0,0.1603,0.1230,0.205,0.166,0.355,0.160,0.323,0.155,0.101,0.052,73,61,49,22,0.315,0.180,0.257,0.141,0.099,0.029,63,60,49,12
0.055,0.286,0.070,-0.79,0.151,-1,0.1350,0.1023,0.370,0.736,0.355,0.160,0.323,0.155,0.101,0.052,73,61,49,22,0.315,0.180,0.257,0.141,0.099,0.029,63,60,49,12
0.046,0.249,0.392,-1.19,0.219,1,0.1139,0.0853,0.257,0.586,0.355,0.160,0.323,0.155,0.101,0.052,73,61,49,22,0.315,0.180,0.257,0.141,0.099,0.029,63,60,49,12
0.040,0.222,0.527,1.69,0.290,0,0.1104,0.0819,0.090,-0.697,0.355,0.160,0.323,0.155,0.101,0.052,73,61,49,22,0.315,0.180,0.257,0.141,0.099,0.029,63,60,49,12
0.040,0.171,0.093,0.85,0.046,0,0.1153,0.0843,0.183,0.06,0.355,0.160,0.323,0.155,0.101,0.052,73,61,49,22,0.315,0.180,0.257,0.141,0.099,0.029,63,60,49,12
0.047,0.237,0.332,-0.08,0.108,0,0.1326,0.0938,0.179,0.059,0.355,0.160,0.323,0.155,0.101,0.052,73,61,49,22,0.315,0.180,0.257,0.141,0.099,0.029,63,60,49,12
0.052,0.152,0.158,1.99,0.186,0,0.1587,0.1113,0.034,-0.326,0.355,0.160,0.323,0.155,0.101,0.052,73,61,49,22,0.315,0.180,0.257,0.141,0.099,0.029,63,60,49,12
0.052,0.148,0.305,-0.08,0.108,0,0.1818,0.1256,0.185,0.059,0.355,0.160,0.323,0.155,0.101,0.052,73,61,49,22,0.315,0.180,0.257,0.141,0.099,0.029,63,60,49,12
0.053,0.144,0.004,-0.79,0.151,-1,0.2031,0.1380,0.283,0.736,0.355,0.160,0.323,0.155,0.101,0.052,73,61,49,22,0.315,0.180,0.257,0.141,0.099,0.029,63,60,49,12
0.060,0.137,0.004,1.99,0.186,0,0.2149,0.1416,0.049,-0.326,0.355,0.160,0.323,0.155,0.101,0.052,73,61,49,22,0.315,0.180,0.257,0.141,0.099,0.029,63,60,49,12
0.059,0.106,0.002,2.53,0.140,0,0.2327,0.1507,0.046,-0.121,0.355,0.160,0.323,0.155,0.101,0.052,73,61,49,22,0.315,0.180,0.257,0.141,0.099,0.029,63,60,49,12
0.056,0.121,0.005,-0.79,0.151,-1,0.2459,0.1590,0.308,0.736,0.355,0.160,0.323,0.155,0.101,0.052,73,61,49,22,0.315,0.180,0.257,0.141,0.099,0.029,63,60,49,12
0.066,0.233,0.036,1.37,0.298,0,0.2593,0.1695,0.144,-0.510,0.355,0.160,0.323,0.155,0.101,0.052,73,61,49,22,0.315,0.180,0.257,0.141,0.099,0.029,63,60,49,12
0.055,0.296,0.237,1.37,0.298,0,0.2647,0.1732,0.070,-0.510,0.355,0.160,0.323,0.155,0.101,0.052,73,61,49,22,0.315,0.180,0.257,0.141,0.099,0.029,63,60,49,12
0.064,0.223,0.283,-0.08,0.108,0,0.2846,0.1911,0.202,0.059,0.355,0.160,0.323,0.155,0.101,0.052,73,61,49,22,0.315,0.180,0.257,0.141,0.099,0.029,63,60,49,12
0.065,0.243,0.349,-0.42,0.180,0,0.2973,0.2049,0.412,0.318,0.355,0.160,0.323,0.155,0.101,0.052,73,61,49,22,0.315,0.180,0.257,0.141,0.099,0.029,63,60,49,12
0.065,0.375,0.281,-0.42,0.180,0,0.3009,0.2154,0.320,0.318,0.355,0.160,0.323,0.155,0.101,0.052,73,61,49,22,0.315,0.180,0.257,0.141,0.099,0.029,63,60,49,12
0.064,0.289,0.158,-0.42,0.180,0,0.2998,0.2232,0.294,0.318,0.355,0.160,0.323,0.155,0.101,0.052,73,61,49,22,0.315,0.180,0.257,0.141,0.099,0.029,63,60,49,12
0.066,0.258,0.023,0,0.000,0,0.2953,0.2304,0.242,0.166,0.355,0.160,0.323,0.155,0.101,0.052,73,61,49,22,0.315,0.180,0.257,0.141,0.099,0.029,63,60,49,12
0.088,0.195,0.004,2.53,0.140,0,0.2838,0.2330,0.177,-0.121,0.355,0.160,0.323,0.155,0.101,0.052,73,61,49,22,0.315,0.180,0.257,0.141,0.099,0.029,63,60,49,12
0.088,0.223,0.001,1.99,0.186,0,0.2774,0.2384,0.124,-0.326,0.355,0.160,0.323,0.155,0.101,0.052,73,61,49,22,0.315,0.180,0.257,0.141,0.099,0.029,63,60,49,12
0.109,0.212,0.077,-0.42,0.180,0,0.2714,0.2416,0.301,0.318,0.355,0.160,0.323,0.155,0.101,0.052,73,61,49,22,0.315,0.180,0.257,0.141,0.099,0.029,63,60,49,12
0.120,0.234,0.063,-1.1,0.105,-1,0.2686,0.2439,0.297,0.192,0.355,0.160,0.323,0.155,0.101,0.052,73,61,49,22,0.315,0.180,0.257,0.141,0.099,0.029,63,60,49,12
0.128,0.355,0.224,0.2,0.291,1,0.2708,0.2439,0.383,0.180,0.355,0.160,0.323,0.155,0.101,0.052,73,61,49,22,0.315,0.180,0.257,0.141,0.099,0.029,63,60,49,12
0.143,0.260,0.007,-1.1,0.105,-1,0.2695,0.2401,0.466,0.192,0.355,0.160,0.323,0.155,0.101,0.052,73,61,49,22,0.315,0.180,0.257,0.141,0.099,0.029,63,60,49,12
0.127,0.232,0.055,0,0.000,0,0.2658,0.2342,0.150,0.166,0.355,0.160,0.323,0.155,0.101,0.052,73,61,49,22,0.315,0.180,0.257,0.141,0.099,0.029,63,60,49,12
0.135,0.320,0.007,-0.08,0.108,0,0.2683,0.2354,0.124,0.059,0.355,0.160,0.323,0.155,0.101,0.052,73,61,49,22,0.315,0.180,0.257,0.141,0.099,0.029,63,60,49,12
0.147,0.163,0.003,3.14,0.186,0,0.2788,0.2440,0.086,-0.486,0.355,0.160,0.323,0.155,0.101,0.052,73,61,49,22,0.315,0.180,0.257,0.141,0.099,0.029,63,60,49,12
0.146,0.166,0.001,3.14,0.186,0,0.2985,0.2630,0.060,-0.486,0.355,0.160,0.323,0.155,0.101,0.052,73,61,49,22,0.315,0.180,0.257,0.141,0.099,0.029,63,60,49,12
0.137,0.221,0.150,0.22,0.230,0,0.3230,0.2887,0.098,0.303,0.355,0.160,0.323,0.155,0.101,0.052,73,61,49,22,0.315,0.180,0.257,0.141,0.099,0.029,63,60,49,12
0.130,0.254,0.004,1.99,0.186,0,0.3406,0.3108,0.037,-0.326,0.355,0.160,0.323,0.155,0.101,0.052,73,61,49,22,0.315,0.180,0.257,0.141,0.099,0.029,63,60,49,12
0.137,0.314,0.232,-1.19,0.219,1,0.3390,0.3163,0.223,0.586,0.355,0.160,0.323,0.155,0.101,0.052,73,61,49,22,0.315,0.180,0.257,0.141,0.099,0.029,63,60,49,12
0.116,0.336,0.450,1.37,0.298,0,0.3463,0.3281,0.075,-0.510,0.355,0.160,0.323,0.155,0.101,0.052,73,61,49,22,0.315,0.180,0.257,0.141,0.099,0.029,63,60,49,12
0.125,0.305,0.114,-1.14,0.131,0,0.3358,0.3222,0.166,0.987,0.355,0.160,0.323,0.155,0.101,0.052,73,61,49,22,0.315,0.180,0.257,0.141,0.099,0.029,63,60,49,12
0.083,0.268,0.012,1.99,0.186,0,0.3204,0.3100,0.112,-0.326,0.355,0.160,0.323,0.155,0.101,0.052,73,61,49,22,0.315,0.180,0.257,0.141,0.099,0.029,63,60,49,12
0.077,0.276,0.168,-0.48,0.134,0,0.2860,0.2777,0.283,0.007,0.355,0.160,0.323,0.155,0.101,0.052,73,61,49,22,0.315,0.180,0.257,0.141,0.099,0.029,63,60,49,12
0.081,0.228,0.084,2.1,0.128,0,0.2677,0.2582,0.121,0.02,0.355,0.160,0.323,0.155,0.101,0.052,73,61,49,22,0.315,0.180,0.257,0.141,0.099,0.029,63,60,49,12
0.087,0.269,0.036,-0.52,0.062,0,0.2566,0.2448,0.337,0.341,0.355,0.160,0.323,0.155,0.101,0.052,73,61,49,22,0.315,0.180,0.257,0.141,0.099,0.029,63,60,49,12
0.096,0.219,0.087,-1.1,0.105,-1,0.2647,0.2495,0.244,0.192,0.355,0.160,0.323,0.155,0.101,0.052,73,61,49,22,0.315,0.180,0.257,0.141,0.099,0.029,63,60,49,12
0.103,0.214,0.294,-1.14,0.131,0,0.2918,0.2709,0.308,0.987,0.355,0.160,0.323,0.155,0.101,0.052,73,61,49,22,0.315,0.180,0.257,0.141,0.099,0.029,63,60,49,12
0.101,0.264,0.279,-0.08,0.108,0,0.3430,0.3143,0.373,0.059,0.355,0.160,0.323,0.155,0.101,0.052,73,61,49,22,0.315,0.180,0.257,0.141,0.099,0.029,63,60,49,12
0.103,0.255,0.288,-0.52,0.062,0,0.3981,0.3614,0.194,0.341,0.355,0.160,0.323,0.155,0.101,0.052,73,61,49,22,0.315,0.180,0.257,0.141,0.099,0.029,63,60,49,12
0.085,0.202,0.312,-0.79,0.151,-1,0.4524,0.4103,0.354,0.736,0.355,0.160,0.323,0.155,0.101,0.052,73,61,49,22,0.315,0.180,0.257,0.141,0.099,0.029,63,60,49,12
0.092,0.297,0.594,0.2,0.291,1,0.4902,0.4474,0.272,0.180,0.355,0.160,0.323,0.155,0.101,0.052,73,61,49,22,0.315,0.180,0.257,0.141,0.099,0.029,63,60,49,12
0.097,0.283,0.439,1.76,0.409,0,0.5122,0.4711,0.100,-0.884,0.355,0.160,0.323,0.155,0.101,0.052,73,61,49,22,0.315,0.180,0.257,0.141,0.099,0.029,63,60,49,12
0.079,0.295,0.479,1.37,0.298,0,0.5239,0.4860,0.104,-0.510,0.355,0.160,0.323,0.155,0.101,0.052,73,61,49,22,0.315,0.180,0.257,0.141,0.099,0.029,63,60,49,12
0.089,0.310,0.437,0.22,0.230,0,0.5188,0.4881,0.189,0.303,0.355,0.160,0.323,0.155,0.101,0.052,73,61,49,22,0.315,0.180,0.257,0.141,0.099,0.029,63,60,49,12
0.086,0.271,0.286,0,0.000,0,0.5099,0.4852,0.112,0.166,0.355,0.160,0.323,0.155,0.101,0.052,73,61,49,22,0.315,0.180,0.257,0.141,0.099,0.029,63,60,49,12
0.081,0.304,0.191,0.22,0.230,0,0.4783,0.4643,0.187,0.303,0.355,0.160,0.323,0.155,0.101,0.052,73,61,49,22,0.315,0.180,0.257,0.141,0.099,0.029,63,60,49,12
0.082,0.256,0.369,1.42,0.221,0,0.4438,0.4385,0.112,-0.397,0.355,0.160,0.323,0.155,0.101,0.052,73,61,49,22,0.315,0.180,0.257,0.141,0.099,0.029,63,60,49,12
0.086,0.350,0.313,-0.52,0.062,0,0.4221,0.4224,0.225,0.341,0.355,0.160,0.323,0.155,0.101,0.052,73,61,49,22,0.315,0.180,0.257,0.141,0.099,0.029,63,60,49,12
0.113,0.345,0.520,0,0.000,0,0.4123,0.4160,0.221,0.166,0.355,0.160,0.323,0.155,0.101,0.052,73,61,49,22,0.315,0.180,0.257,0.141,0.099,0.029,63,60,49,12
0.109,0.306,0.255,0,0.000,0,0.4125,0.4177,0.237,0.166,0.355,0.160,0.323,0.155,0.101,0.052,73,61,49,22,0.315,0.180,0.257,0.141,0.099,0.029,63,60,49,12
0.109,0.299,0.081,-0.42,0.180,0,0.4060,0.4135,0.277,0.318,0.355,0.160,0.323,0.155,0.101,0.052,73,61,49,22,0.315,0.180,0.257,0.141,0.099,0.029,63,60,49,12
0.101,0.271,0.004,0.85,0.046,0,0.4067,0.4166,0.077,0.06,0.355,0.160,0.323,0.155,0.101,0.052,73,61,49,22,0.315,0.180,0.257,0.141,0.099,0.029,63,60,49,12
0.101,0.270,0.048,-0.79,0.151,-1,0.4052,0.4206,0.242,0.736,0.355,0.160,0.323,0.155,0.101,0.052,73,61,49,22,0.315,0.180,0.257,0.141,0.099,0.029,63,60,49,12
0.107,0.233,0.002,-0.08,0.108,0,0.4025,0.4271,0.196,0.059,0.355,0.160,0.323,0.155,0.101,0.052,73,61,49,22,0.315,0.180,0.257,0.141,0.099,0.029,63,60,49,12
0.082,0.215,0.008,1.99,0.186,0,0.3865,0.4232,0.069,-0.326,0.355,0.160,0.323,0.155,0.101,0.052,73,61,49,22,0.315,0.180,0.257,0.141,0.099,0.029,63,60,49,12
0.080,0.167,0.013,1.99,0.186,0,0.3644,0.4140,0.119,-0.326,0.355,0.160,0.323,0.155,0.101,0.052,73,61,49,22,0.315,0.180,0.257,0.141,0.099,0.029,63,60,49,12
0.074,0.173,0.224,-0.42,0.180,0,0.3374,0.3980,0.327,0.318,0.355,0.160,0.323,0.155,0.101,0.052,73,61,49,22,0.315,0.180,0.257,0.141,0.099,0.029,63,60,49,12
0.074,0.126,0.071,0.85,0.046,0,0.3036,0.3751,0.288,0.06,0.355,0.160,0.323,0.155,0.101,0.052,73,61,49,22,0.315,0.180,0.257,0.141,0.099,0.029,63,60,49,12
0.056,0.161,0.233,-1.19,0.219,1,0.2715,0.3510,0.446,0.586,0.355,0.160,0.323,0.155,0.101,0.052,73,61,49,22,0.315,0.180,0.257,0.141,0.099,0.029,63,60,49,12
0.058,0.145,0.065,0,0.000,0,0.2523,0.3369,0.438,0.166,0.355,0.160,0.323,0.155,0.101,0.052,73,61,49,22,0.315,0.180,0.257,0.141,0.099,0.029,63,60,49,12
0.057,0.186,0.122,-0.79,0.151,-1,0.2529,0.3392,0.280,0.736,0.355,0.160,0.323,0.155,0.101,0.052,73,61,49,22,0.315,0.180,0.257,0.141,0.099,0.029,63,60,49,12
0.062,0.148,0.177,-1.14,0.131,0,0.2619,0.3468,0.305,0.987,0.355,0.160,0.323,0.155,0.101,0.052,73,61,49,22,0.315,0.180,0.257,0.141,0.099,0.029,63,60,49,12
0.060,0.322,0.198,1.76,0.409,0,0.2804,0.3631,0.052,-0.884,0.355,0.160,0.323,0.155,0.101,0.052,73,61,49,22,0.315,0.180,0.257,0.141,0.099,0.029,63,60,49,12
0.070,0.291,0.138,-0.08,0.108,0,0.2895,0.3741,0.149,0.059,0.355,0.160,0.323,0.155,0.101,0.052,73,61,49,22,0.315,0.180,0.257,0.141,0.099,0.029,63,60,49,12
0.076,0.400,0.204,1.69,0.290,0,0.2998,0.3855,0.078,-0.697,0.355,0.160,0.323,0.155,0.101,0.052,73,61,49,22,0.315,0.180,0.257,0.141,0.099,0.029,63,60,49,12
0.073,0.303,0.249,1.99,0.186,0,0.2978,0.3851,0.060,-0.326,0.355,0.160,0.323,0.155,0.101,0.052,73,61,49,22,0.315,0.180,0.257,0.141,0.099,0.029,63,60,49,12
0.060,0.394,0.158,2.53,0.140,0,0.2964,0.3813,0.046,-0.121,0.355,0.160,0.323,0.155,0.101,0.052,73,61,49,22,0.315,0.180,0.257,0.141,0.099,0.029,63,60,49,12
0.062,0.540,0.564,0.2,0.291,1,0.2771,0.3609,0.188,0.180,0.355,0.160,0.323,0.155,0.101,0.052,73,61,49,22,0.315,0.180,0.257,0.141,0.099,0.029,63,60,49,12
0.061,0.348,0.391,-0.79,0.151,-1,0.2407,0.3236,0.256,0.736,0.355,0.160,0.323,0.155,0.101,0.052,73,61,49,22,0.315,0.180,0.257,0.141,0.099,0.029,63,60,49,12
0.052,0.426,0.597,-0.52,0.062,0,0.1932,0.2756,0.158,0.341,0.355,0.160,0.323,0.155,0.101,0.052,73,61,49,22,0.315,0.180,0.257,0.141,0.099,0.029,63,60,49,12
0.050,0.208,0.417,1.99,0.186,0,0.1567,0.2367,0.134,-0.326,0.355,0.160,0.323,0.155,0.101,0.052,73,61,49,22,0.315,0.180,0.257,0.141,0.099,0.029,63,60,49,12
0.062,0.250,0.545,-0.52,0.062,0,0.1384,0.2148,0.333,0.341,0.355,0.160,0.323,0.155,0.101,0.052,73,61,49,22,0.315,0.180,0.257,0.141,0.099,0.029,63,60,49,12
0.069,0.271,0.501,-0.42,0.180,0,0.1431,0.2148,0.324,0.318,0.355,0.160,0.323,0.155,0.101,0.052,73,61,49,22,0.315,0.180,0.257,0.141,0.099,0.029,63,60,49,12
0.097,0.195,0.385,-1.14,0.131,0,0.1659,0.2315,0.322,0.987,0.355,0.160,0.323,0.155,0.101,0.052,73,61,49,22,0.315,0.180,0.257,0.141,0.099,0.029,63,60,49,12
0.099,0.224,0.391,0,0.000,0,0.2044,0.2610,0.195,0.166,0.355,0.160,0.323,0.155,0.101,0.052,73,61,49,22,0.315,0.180,0.257,0.141,0.099,0.029,63,60,49,12
0.115,0.196,0.334,-1.1,0.105,-1,0.2513,0.2990,0.240,0.192,0.355,0.160,0.323,0.155,0.101,0.052,73,61,49,22,0.315,0.180,0.257,0.141,0.099,0.029,63,60,49,12
0.143,0.143,0.282,1.69,0.290,0,0.3039,0.3394,0.065,-0.697,0.355,0.160,0.323,0.155,0.101,0.052,73,61,49,22,0.315,0.180,0.257,0.141,0.099,0.029,63,60,49,12
0.143,0.121,0.057,2.53,0.140,0,0.3626,0.3861,0.065,-0.121,0.355,0.160,0.323,0.155,0.101,0.052,73,61,49,22,0.315,0.180,0.257,0.141,0.099,0.029,63,60,49,12
0.141,0.127,0.040,1.99,0.186,0,0.4217,0.4337,0.046,-0.326,0.355,0.160,0.323,0.155,0.101,0.052,73,61,49,22,0.315,0.180,0.257,0.141,0.099,0.029,63,60,49,12
0.164,0.200,0.075,-0.52,0.062,0,0.4508,0.4546,0.088,0.341,0.355,0.160,0.323,0.155,0.101,0.052,73,61,49,22,0.315,0.180,0.257,0.141,0.099,0.029,63,60,49,12
0.159,0.154,0.048,2.53,0.140,0,0.4605,0.4589,0.044,-0.121,0.355,0.160,0.323,0.155,0.101,0.052,73,61,49,22,0.315,0.180,0.257,0.141,0.099,0.029,63,60,49,12
0.168,0.284,0.140,1.99,0.186,0,0.4493,0.4446,0.059,-0.326,0.355,0.160,0.323,0.155,0.101,0.052,73,61,49,22,0.315,0.180,0.257,0.141,0.099,0.029,63,60,49,12
0.153,0.312,0.505,-0.52,0.062,0,0.4393,0.4331,0.169,0.341,0.355,0.160,0.323,0.155,0.101,0.052,73,61,49,22,0.315,0.180,0.257,0.141,0.099,0.029,63,60,49,12
0.157,0.253,0.412,-1.1,0.105,-1,0.4221,0.4146,0.349,0.192,0.355,0.160,0.323,0.155,0.101,0.052,73,61,49,22,0.315,0.180,0.257,0.141,0.099,0.029,63,60,49,12
0.170,0.292,0.084,-0.42,0.180,0,0.4156,0.4035,0.247,0.318,0.355,0.160,0.323,0.155,0.101,0.052,73,61,49,22,0.315,0.180,0.257,0.141,0.099,0.029,63,60,49,12
0.167,0.174,0.134,-1.14,0.131,0,0.4080,0.3915,0.365,0.987,0.355,0.160,0.323,0.155,0.101,0.052,73,61,49,22,0.315,0.180,0.257,0.141,0.099,0.029,63,60,49,12
0.166,0.233,0.175,-1.19,0.219,1,0.4035,0.3806,0.562,0.586,0.355,0.160,0.323,0.155,0.101,0.052,73,61,49,22,0.315,0.180,0.257,0.141,0.099,0.029,63,60,49,12
0.211,0.152,0.037,0.85,0.046,0,0.4017,0.3723,0.405,0.06,0.355,0.160,0.323,0.155,0.101,0.052,73,61,49,22,0.315,0.180,0.257,0.141,0.099,0.029,63,60,49,12
0.206,0.180,0.130,0,0.000,0,0.4079,0.3693,0.257,0.166,0.355,0.160,0.323,0.155,0.101,0.052,73,61,49,22,0.315,0.180,0.257,0.141,0.099,0.029,63,60,49,12
0.250,0.200,0.280,-1.14,0.131,0,0.4287,0.3807,0.455,0.987,0.355,0.160,0.323,0.155,0.101,0.052,73,61,49,22,0.315,0.180,0.257,0.141,0.099,0.029,63,60,49,12
0.240,0.196,0.176,0,0.000,0,0.4545,0.3972,0.350,0.166,0.355,0.160,0.323,0.155,0.101,0.052,73,61,49,22,0.315,0.180,0.257,0.141,0.099,0.029,63,60,49,12
0.248,0.240,0.039,-0.52,0.062,0,0.4756,0.4109,0.193,0.341,0.355,0.160,0.323,0.155,0.101,0.052,73,61,49,22,0.315,0.180,0.257,0.141,0.099,0.029,63,60,49,12
0.255,0.185,0.122,-1.14,0.131,0,0.4826,0.4130,0.287,0.987,0.355,0.160,0.323,0.155,0.101,0.052,73,61,49,22,0.315,0.180,0.257,0.141,0.099,0.029,63,60,49,12
0.204,0.198,0.004,1.99,0.186,0,0.4759,0.4053,0.108,-0.326,0.355,0.160,0.323,0.155,0.101,0.052,73,61,49,22,0.315,0.180,0.257,0.141,0.099,0.029,63,60,49,12
0.216,0.703,0.323,0.2,0.291,1,0.4608,0.3902,0.200,0.180,0.355,0.160,0.323,0.155,0.101,0.052,73,61,49,22,0.315,0.180,0.257,0.141,0.099,0.029,63,60,49,12
0.226,0.204,0.019,2.53,0.140,0,0.4485,0.3773,0.062,-0.121,0.355,0.160,0.323,0.155,0.101,0.052,73,61,49,22,0.315,0.180,0.257,0.141,0.099,0.029,63,60,49,12
0.243,0.296,0.060,-0.08,0.108,0,0.4274,0.3573,0.144,0.059,0.355,0.160,0.323,0.155,0.101,0.052,73,61,49,22,0.315,0.180,0.257,0.141,0.099,0.029,63,60,49,12
0.181,0.354,0.190,0.22,0.230,0,0.4034,0.3359,0.101,0.303,0.355,0.160,0.323,0.155,0.101,0.052,73,61,49,22,0.315,0.180,0.257,0.141,0.099,0.029,63,60,49,12
0.172,0.266,0.005,3.14,0.186,0,0.3760,0.3128,0.023,-0.486,0.355,0.160,0.323,0.155,0.101,0.052,73,61,49,22,0.315,0.180,0.257,0.141,0.099,0.029,63,60,49,12
0.169,0.726,0.247,-1.19,0.219,1,0.3361,0.2769,0.171,0.586,0.355,0.160,0.323,0.155,0.101,0.052,73,61,49,22,0.315,0.180,0.257,0.141,0.099,0.029,63,60,49,12
0.179,0.295,0.021,2.53,0.140,0,0.3136,0.2542,0.037,-0.121,0.355,0.160,0.323,0.155,0.101,0.052,73,61,49,22,0.315,0.180,0.257,0.141,0.099,0.029,63,60,49,12
0.179,0.286,0.171,1.42,0.221,0,0.2911,0.2308,0.051,-0.397,0.355,0.160,0.323,0.155,0.101,0.052,73,61,49,22,0.315,0.180,0.257,0.141,0.099,0.029,63,60,49,12
0.170,0.313,0.274,2.1,0.128,0,0.2727,0.2107,0.051,0.02,0.355,0.160,0.323,0.155,0.101,0.052,73,61,49,22,0.315,0.180,0.257,0.141,0.099,0.029,63,60,49,12
0.146,0.337,0.293,-0.79,0.151,-1,0.2582,0.1936,0.342,0.736,0.355,0.160,0.323,0.155,0.101,0.052,73,61,49,22,0.315,0.180,0.257,0.141,0.099,0.029,63,60,49,12
0.140,0.692,0.250,0,0.000,0,0.2567,0.1870,0.261,0.166,0.355,0.160,0.323,0.155,0.101,0.052,73,61,49,22,0.315,0.180,0.257,0.141,0.099,0.029,63,60,49,12
0.111,0.694,0.310,0,0.000,0,0.2516,0.1785,0.165,0.166,0.355,0.160,0.323,0.155,0.101,0.052,73,61,49,22,0.315,0.180,0.257,0.141,0.099,0.029,63,60,49,12
0.107,0.426,0.425,0.2,0.291,1,0.2449,0.1679,0.263,0.180,0.355,0.160,0.323,0.155,0.101,0.052,73,61,49,22,0.315,0.180,0.257,0.141,0.099,0.029,63,60,49,12
0.118,0.377,0.311,1.37,0.298,0,0.2553,0.1727,0.088,-0.510,0.355,0.160,0.323,0.155,0.101,0.052,73,61,49,22,0.315,0.180,0.257,0.141,0.099,0.029,63,60,49,12
0.110,0.281,0.474,-0.08,0.108,0,0.2673,0.1788,0.119,0.059,0.355,0.160,0.323,0.155,0.101,0.052,73,61,49,22,0.315,0.180,0.257,0.141,0.099,0.029,63,60,49,12
0.107,0.153,0.291,2.53,0.140,0,0.2854,0.1908,0.080,-0.121,0.355,0.160,0.323,0.155,0.101,0.052,73,61,49,22,0.315,0.180,0.257,0.141,0.099,0.029,63,60,49,12
0.082,0.187,0.186,0,0.000,0,0.2956,0.1974,0.120,0.166,0.355,0.160,0.323,0.155,0.101,0.052,73,61,49,22,0.315,0.180,0.257,0.141,0.099,0.029,63,60,49,12
0.082,0.170,0.258,0,0.000,0,0.2942,0.1941,0.142,0.166,0.355,0.160,0.323,0.155,0.101,0.052,73,61,49,22,0.315,0.180,0.257,0.141,0.099,0.029,63,60,49,12
0.078,0.143,0.150,1.99,0.186,0,0.2941,0.1932,0.109,-0.326,0.355,0.160,0.323,0.155,0.101,0.052,73,61,49,22,0.315,0.180,0.257,0.141,0.099,0.029,63,60,49,12
0.061,0.131,0.122,-0.79,0.151,-1,0.2963,0.1927,0.247,0.736,0.355,0.160,0.323,0.155,0.101,0.052,73,61,49,22,0.315,0.180,0.257,0.141,0.099,0.029,63,60,49,12
0.082,0.143,0.344,-0.08,0.108,0,0.2897,0.1822,0.137,0.059,0.355,0.160,0.323,0.155,0.101,0.052,73,61,49,22,0.315,0.180,0.257,0.141,0.099,0.029,63,60,49,12
0.065,0.171,0.280,1.69,0.290,0,0.2872,0.1747,0.085,-0.697,0.355,0.160,0.323,0.155,0.101,0.052,73,61,49,22,0.315,0.180,0.257,0.141,0.099,0.029,63,60,49,12
0.080,0.159,0.152,-1.1,0.105,-1,0.2796,0.1640,0.340,0.192,0.355,0.160,0.323,0.155,0.101,0.052,73,61,49,22,0.315,0.180,0.257,0.141,0.099,0.029,63,60,49,12
0.096,0.182,0.345,-0.52,0.062,0,0.2757,0.1549,0.172,0.341,0.355,0.160,0.323,0.155,0.101,0.052,73,61,49,22,0.315,0.180,0.257,0.141,0.099,0.029,63,60,49,12
0.103,0.103,0.123,1.99,0.186,0,0.2757,0.1484,0.051,-0.326,0.355,0.160,0.323,0.155,0.101,0.052,73,61,49,22,0.315,0.180,0.257,0.141,0.099,0.029,63,60,49,12
0.110,0.119,0.235,-0.08,0.108,0,0.2815,0.1468,0.254,0.059,0.355,0.160,0.323,0.155,0.101,0.052,73,61,49,22,0.315,0.180,0.257,0.141,0.099,0.029,63,60,49,12
0.108,0.100,0.018,-1.1,0.105,-1,0.2969,0.1544,0.302,0.192,0.355,0.160,0.323,0.155,0.101,0.052,73,61,49,22,0.315,0.180,0.257,0.141,0.099,0.029,63,60,49,12
0.086,0.084,0.057,1.99,0.186,0,0.3155,0.1650,0.038,-0.326,0.355,0.160,0.323,0.155,0.101,0.052,73,61,49,22,0.315,0.180,0.257,0.141,0.099,0.029,63,60,49,12
0.068,0.081,0.003,2.53,0.140,0,0.3457,0.1850,0.067,-0.121,0.355,0.160,0.323,0.155,0.101,0.052,73,61,49,22,0.315,0.180,0.257,0.141,0.099,0.029,63,60,49,12
0.068,0.086,0.018,-0.79,0.151,-1,0.3672,0.1983,0.417,0.736,0.355,0.160,0.323,0.155,0.101,0.052,73,61,49,22,0.315,0.180,0.257,0.141,0.099,0.029,63,60,49,12
0.089,0.141,0.060,0.22,0.230,0,0.3692,0.1994,0.235,0.303,0.355,0.160,0.323,0.155,0.101,0.052,73,61,49,22,0.315,0.180,0.257,0.141,0.099,0.029,63,60,49,12
0.096,0.121,0.280,1.69,0.290,0,0.3509,0.1862,0.043,-0.697,0.355,0.160,0.323,0.155,0.101,0.052,73,61,49,22,0.315,0.180,0.257,0.141,0.099,0.029,63,60,49,12
0.117,0.146,0.323,-1.19,0.219,1,0.3268,0.1696,0.421,0.586,0.355,0.160,0.323,0.155,0.101,0.052,73,61,49,22,0.315,0.180,0.257,0.141,0.099,0.029,63,60,49,12
0.101,0.186,0.365,-1.19,0.219,1,0.3142,0.1601,0.514,0.586,0.355,0.160,0.323,0.155,0.101,0.052,73,61,49,22,0.315,0.180,0.257,0.141,0.099,0.029,63,60,49,12
0.096,0.189,0.215,-0.08,0.108,0,0.2926,0.1453,0.311,0.059,0.355,0.160,0.323,0.155,0.101,0.052,73,61,49,22,0.315,0.180,0.257,0.141,0.099,0.029,63,60,49,12
0.085,0.169,0.084,0,0.000,0,0.2675,0.1286,0.313,0.166,0.355,0.160,0.323,0.155,0.101,0.052,73,61,49,22,0.315,0.180,0.257,0.141,0.099,0.029,63,60,49,12
0.089,0.131,0.007,3.14,0.186,0,0.2429,0.1144,0.113,-0.486,0.355,0.160,0.323,0.155,0.101,0.052,73,61,49,22,0.315,0.180,0.257,0.141,0.099,0.029,63,60,49,12
0.097,0.169,0.042,-0.79,0.151,-1,0.2301,0.1088,0.431,0.736,0.355,0.160,0.323,0.155,0.101,0.052,73,61,49,22,0.315,0.180,0.257,0.141,0.099,0.029,63,60,49,12
0.094,0.196,0.063,-0.79,0.151,-1,0.2308,0.1129,0.322,0.736,0.355,0.160,0.323,0.155,0.101,0.052,73,61,49,22,0.315,0.180,0.257,0.141,0.099,0.029,63,60,49,12
0.090,0.208,0.001,0.85,0.046,0,0.2295,0.1156,0.138,0.06,0.355,0.160,0.323,0.155,0.101,0.052,73,61,49,22,0.315,0.180,0.257,0.141,0.099,0.029,63,60,49,12
0.099,0.250,0.002,-0.52,0.062,0,0.2360,0.1249,0.238,0.341,0.355,0.160,0.323,0.155,0.101,0.052,73,61,49,22,0.315,0.180,0.257,0.141,0.099,0.029,63,60,49,12
0.082,0.268,0.010,0,0.000,0,0.2456,0.1369,0.186,0.166,0.355,0.160,0.323,0.155,0.101,0.052,73,61,49,22,0.315,0.180,0.257,0.141,0.099,0.029,63,60,49,12
0.100,0.181,0.004,0.85,0.046,0,0.2457,0.1401,0.055,0.06,0.355,0.160,0.323,0.155,0.101,0.052,73,61,49,22,0.315,0.180,0.257,0.141,0.099,0.029,63,60,49,12
0.076,0.192,0.001,1.69,0.290,0,0.2443,0.1412,0.060,-0.697,0.355,0.160,0.323,0.155,0.101,0.052,73,61,49,22,0.315,0.180,0.257,0.141,0.099,0.029,63,60,49,12
0.063,0.140,0.002,2.53,0.140,0,0.2396,0.1414,0.086,-0.121,0.355,0.160,0.323,0.155,0.101,0.052,73,61,49,22,0.315,0.180,0.257,0.141,0.099,0.029,63,60,49,12
0.067,0.252,0.111,1.37,0.298,0,0.2275,0.1351,0.121,-0.510,0.355,0.160,0.323,0.155,0.101,0.052,73,61,49,22,0.315,0.180,0.257,0.141,0.099,0.029,63,60,49,12
0.055,0.194,0.006,1.99,0.186,0,0.2160,0.1289,0.044,-0.326,0.355,0.160,0.323,0.155,0.101,0.052,73,61,49,22,0.315,0.180,0.257,0.141,0.099,0.029,63,60,49,12
0.056,0.317,0.498,0.2,0.291,1,0.2176,0.1305,0.182,0.180,0.355,0.160,0.323,0.155,0.101,0.052,73,61,49,22,0.315,0.180,0.257,0.141,0.099,0.029,63,60,49,12
0.071,0.300,0.315,-0.42,0.180,0,0.2138,0.1291,0.140,0.318,0.355,0.160,0.323,0.155,0.101,0.052,73,61,49,22,0.315,0.180,0.257,0.141,0.099,0.029,63,60,49,12
0.084,0.288,0.227,-1.14,0.131,0,0.1973,0.1179,0.169,0.987,0.355,0.160,0.323,0.155,0.101,0.052,73,61,49,22,0.315,0.180,0.257,0.141,0.099,0.029,63,60,49,12
0.081,0.319,0.520,1.37,0.298,0,0.1838,0.1087,0.158,-0.510,0.355,0.160,0.323,0.155,0.101,0.052,73,61,49,22,0.315,0.180,0.257,0.141,0.099,0.029,63,60,49,12
0.062,0.305,0.393,1.37,0.298,0,0.1859,0.1087,0.155,-0.510,0.355,0.160,0.323,0.155,0.101,0.052,73,61,49,22,0.315,0.180,0.257,0.141,0.099,0.029,63,60,49,12
0.051,0.241,0.436,0.85,0.046,0,0.2006,0.1188,0.133,0.06,0.355,0.160,0.323,0.155,0.101,0.052,73,61,49,22,0.315,0.180,0.257,0.141,0.099,0.029,63,60,49,12
0.053,0.307,0.537,-0.08,0.108,0,0.2186,0.1319,0.210,0.059,0.355,0.160,0.323,0.155,0.101,0.052,73,61,49,22,0.315,0.180,0.257,0.141,0.099,0.029,63,60,49,12
0.065,0.324,0.663,0.2,0.291,1,0.2291,0.1407,0.273,0.180,0.355,0.160,0.323,0.155,0.101,0.052,73,61,49,22,0.315,0.180,0.257,0.141,0.099,0.029,63,60,49,12
0.064,0.183,0.499,2.53,0.140,0,0.2448,0.1508,0.131,-0.121,0.355,0.160,0.323,0.155,0.101,0.052,73,61,49,22,0.315,0.180,0.257,0.141,0.099,0.029,63,60,49,12
0.059,0.222,0.400,-0.48,0.134,0,0.2661,0.1649,0.232,0.007,0.355,0.160,0.323,0.155,0.101,0.052,73,61,49,22,0.315,0.180,0.257,0.141,0.099,0.029,63,60,49,12
0.059,0.105,0.287,0.85,0.046,0,0.2878,0.1782,0.154,0.06,0.355,0.160,0.323,0.155,0.101,0.052,73,61,49,22,0.315,0.180,0.257,0.141,0.099,0.029,63,60,49,12
0.047,0.112,0.041,0.85,0.046,0,0.3042,0.1893,0.316,0.06,0.355,0.160,0.323,0.155,0.101,0.052,73,61,49,22,0.315,0.180,0.257,0.141,0.099,0.029,63,60,49,12
0.061,0.093,0.081,-1.1,0.105,-1,0.3226,0.2024,0.277,0.192,0.355,0.160,0.323,0.155,0.101,0.052,73,61,49,22,0.315,0.180,0.257,0.141,0.099,0.029,63,60,49,12
0.081,0.076,0.015,3.14,0.186,0,0.3467,0.2200,0.075,-0.486,0.355,0.160,0.323,0.155,0.101,0.052,73,61,49,22,0.315,0.180,0.257,0.141,0.099,0.029,63,60,49,12
0.088,0.080,0.085,-0.79,0.151,-1,0.3742,0.2393,0.345,0.736,0.355,0.160,0.323,0.155,0.101,0.052,73,61,49,22,0.315,0.180,0.257,0.141,0.099,0.029,63,60,49,12
0.080,0.101,0.121,-0.48,0.134,0,0.4058,0.2633,0.389,0.007,0.355,0.160,0.323,0.155,0.101,0.052,73,61,49,22,0.315,0.180,0.257,0.141,0.099,0.029,63,60,49,12
0.084,0.124,0.364,0.2,0.291,1,0.4358,0.2843,0.222,0.180,0.355,0.160,0.323,0.155,0.101,0.052,73,61,49,22,0.315,0.180,0.257,0.141,0.099,0.029,63,60,49,12
0.071,0.074,0.020,2.53,0.140,0,0.4718,0.3127,0.110,-0.121,0.355,0.160,0.323,0.155,0.101,0.052,73,61,49,22,0.315,0.180,0.257,0.141,0.099,0.029,63,60,49,12
0.066,0.080,0.060,1.99,0.186,0,0.5130,0.3467,0.228,-0.326,0.355,0.160,0.323,0.155,0.101,0.052,73,61,49,22,0.315,0.180,0.257,0.141,0.099,0.029,63,60,49,12
0.062,0.079,0.088,-0.79,0.151,-1,0.5362,0.3727,0.381,0.736,0.355,0.160,0.323,0.155,0.101,0.052,73,61,49,22,0.315,0.180,0.257,0.141,0.099,0.029,63,60,49,12
0.074,0.087,0.010,1.99,0.186,0,0.5505,0.3922,0.110,-0.326,0.355,0.160,0.323,0.155,0.101,0.052,73,61,49,22,0.315,0.180,0.257,0.141,0.099,0.029,63,60,49,12
0.093,0.148,0.107,-0.48,0.134,0,0.5397,0.3938,0.282,0.007,0.355,0.160,0.323,0.155,0.101,0.052,73,61,49,22,0.315,0.180,0.257,0.141,0.099,0.029,63,60,49,12
0.093,0.166,0.078,-1.19,0.219,1,0.5152,0.3872,0.474,0.586,0.355,0.160,0.323,0.155,0.101,0.052,73,61,49,22,0.315,0.180,0.257,0.141,0.099,0.029,63,60,49,12
0.099,0.171,0.091,-1.19,0.219,1,0.4920,0.3821,0.491,0.586,0.355,0.160,0.323,0.155,0.101,0.052,73,61,49,22,0.315,0.180,0.257,0.141,0.099,0.029,63,60,49,12
0.083,0.134,0.221,-0.42,0.180,0,0.4685,0.3776,0.367,0.318,0.355,0.160,0.323,0.155,0.101,0.052,73,61,49,22,0.315,0.180,0.257,0.141,0.099,0.029,63,60,49,12
0.070,0.119,0.076,-0.79,0.151,-1,0.4433,0.3740,0.431,0.736,0.355,0.160,0.323,0.155,0.101,0.052,73,61,49,22,0.315,0.180,0.257,0.141,0.099,0.029,63,60,49,12
0.067,0.095,0.150,-0.52,0.062,0,0.4211,0.3701,0.344,0.341,0.355,0.160,0.323,0.155,0.101,0.052,73,61,49,22,0.315,0.180,0.257,0.141,0.099,0.029,63,60,49,12
0.052,0.077,0.084,-0.79,0.151,-1,0.4039,0.3714,0.458,0.736,0.355,0.160,0.323,0.155,0.101,0.052,73,61,49,22,0.315,0.180,0.257,0.141,0.099,0.029,63,60,49,12
0.042,0.089,0.383,-1.1,0.105,-1,0.4045,0.3858,0.407,0.192,0.355,0.160,0.323,0.155,0.101,0.052,73,61,49,22,0.315,0.180,0.257,0.141,0.099,0.029,63,60,49,12
0.034,0.112,0.104,-0.08,0.108,0,0.4087,0.4033,0.325,0.059,0.355,0.160,0.323,0.155,0.101,0.052,73,61,49,22,0.315,0.180,0.257,0.141,0.099,0.029,63,60,49,12
0.045,0.072,0.066,0.85,0.046,0,0.4188,0.4239,0.278,0.06,0.355,0.160,0.323,0.155,0.101,0.052,73,61,49,22,0.315,0.180,0.257,0.141,0.099,0.029,63,60,49,12
0.045,0.124,0.443,-1.19,0.219,1,0.4355,0.4484,0.358,0.586,0.355,0.160,0.323,0.155,0.101,0.052,73,61,49,22,0.315,0.180,0.257,0.141,0.099,0.029,63,60,49,12
0.052,0.090,0.099,0.85,0.046,0,0.4508,0.4705,0.337,0.06,0.355,0.160,0.323,0.155,0.101,0.052,73,61,49,22,0.315,0.180,0.257,0.141,0.099,0.029,63,60,49,12
0.052,0.144,0.334,0,0.000,0,0.4537,0.4813,0.212,0.166,0.355,0.160,0.323,0.155,0.101,0.052,73,61,49,22,0.315,0.180,0.257,0.141,0.099,0.029,63,60,49,12
0.039,0.127,0.316,1.69,0.290,0,0.4368,0.4720,0.086,-0.697,0.355,0.160,0.323,0.155,0.101,0.052,73,61,49,22,0.315,0.180,0.257,0.141,0.099,0.029,63,60,49,12
0.033,0.155,0.410,1.76,0.409,0,0.4206,0.4619,0.161,-0.884,0.355,0.160,0.323,0.155,0.101,0.052,73,61,49,22,0.315,0.180,0.257,0.141,0.099,0.029,63,60,49,12
0.041,0.120,0.141,-0.79,0.151,-1,0.4046,0.4523,0.450,0.736,0.355,0.160,0.323,0.155,0.101,0.052,73,61,49,22,0.315,0.180,0.257,0.141,0.099,0.029,63,60,49,12
0.049,0.130,0.178,-0.79,0.151,-1,0.3814,0.4408,0.291,0.736,0.355,0.160,0.323,0.155,0.101,0.052,73,61,49,22,0.315,0.180,0.257,0.141,0.099,0.029,63,60,49,12
0.051,0.118,0.011,1.69,0.290,0,0.3542,0.4240,0.060,-0.697,0.355,0.160,0.323,0.155,0.101,0.052,73,61,49,22,0.315,0.180,0.257,0.141,0.099,0.029,63,60,49,12
0.053,0.121,0.006,-0.79,0.151,-1,0.3246,0.4051,0.376,0.736,0.355,0.160,0.323,0.155,0.101,0.052,73,61,49,22,0.315,0.180,0.257,0.141,0.099,0.029,63,60,49,12
0.060,0.125,0.040,-0.52,0.062,0,0.3094,0.3930,0.413,0.341,0.355,0.160,0.323,0.155,0.101,0.052,73,61,49,22,0.315,0.180,0.257,0.141,0.099,0.029,63,60,49,12
0.058,0.104,0.013,1.99,0.186,0,0.2965,0.3843,0.129,-0.326,0.355,0.160,0.323,0.155,0.101,0.052,73,61,49,22,0.315,0.180,0.257,0.141,0.099,0.029,63,60,49,12
0.048,0.151,0.043,-0.42,0.180,0,0.2967,0.3846,0.266,0.318,0.355,0.160,0.323,0.155,0.101,0.052,73,61,49,22,0.315,0.180,0.257,0.141,0.099,0.029,63,60,49,12
0.047,0.169,0.169,-1.19,0.219,1,0.3191,0.3983,0.450,0.586,0.355,0.160,0.323,0.155,0.101,0.052,73,61,49,22,0.315,0.180,0.257,0.141,0.099,0.029,63,60,49,12
0.037,0.115,0.029,-0.42,0.180,0,0.3469,0.4139,0.479,0.318,0.355,0.160,0.323,0.155,0.101,0.052,73,61,49,22,0.315,0.180,0.257,0.141,0.099,0.029,63,60,49,12
0.047,0.083,0.002,-0.79,0.151,-1,0.3821,0.4336,0.293,0.736,0.355,0.160,0.323,0.155,0.101,0.052,73,61,49,22,0.315,0.180,0.257,0.141,0.099,0.029,63,60,49,12
0.067,0.073,0.042,2.53,0.140,0,0.4281,0.4609,0.098,-0.121,0.355,0.160,0.323,0.155,0.101,0.052,73,61,49,22,0.315,0.180,0.257,0.141,0.099,0.029,63,60,49,12
0.086,0.133,0.193,-1.19,0.219,1,0.4739,0.4900,0.432,0.586,0.355,0.160,0.323,0.155,0.101,0.052,73,61,49,22,0.315,0.180,0.257,0.141,0.099,0.029,63,60,49,12
0.101,0.106,0.092,-0.48,0.134,0,0.5290,0.5237,0.330,0.007,0.355,0.160,0.323,0.155,0.101,0.052,73,61,49,22,0.315,0.180,0.257,0.141,0.099,0.029,63,60,49,12
0.100,0.071,0.012,1.99,0.186,0,0.5847,0.5579,0.085,-0.326,0.355,0.160,0.323,0.155,0.101,0.052,73,61,49,22,0.315,0.180,0.257,0.141,0.099,0.029,63,60,49,12
0.104,0.097,0.255,0.22,0.230,0,0.6243,0.5852,0.202,0.303,0.355,0.160,0.323,0.155,0.101,0.052,73,61,49,22,0.315,0.180,0.257,0.141,0.099,0.029,63,60,49,12
0.123,0.106,0.253,-0.42,0.180,0,0.6562,0.6065,0.421,0.318,0.355,0.160,0.323,0.155,0.101,0.052,73,61,49,22,0.315,0.180,0.257,0.141,0.099,0.029,63,60,49,12
0.126,0.141,0.436,0.2,0.291,1,0.6748,0.6198,0.332,0.180,0.355,0.160,0.323,0.155,0.101,0.052,73,61,49,22,0.315,0.180,0.257,0.141,0.099,0.029,63,60,49,12
0.160,0.072,0.056,1.99,0.186,0,0.6774,0.6228,0.108,-0.326,0.355,0.160,0.323,0.155,0.101,0.052,73,61,49,22,0.315,0.180,0.257,0.141,0.099,0.029,63,60,49,12
0.110,0.079,0.107,-0.79,0.151,-1,0.6845,0.6321,0.405,0.736,0.355,0.160,0.323,0.155,0.101,0.052,73,61,49,22,0.315,0.180,0.257,0.141,0.099,0.029,63,60,49,12
0.118,0.090,0.170,0,0.000,0,0.6868,0.6419,0.472,0.166,0.355,0.160,0.323,0.155,0.101,0.052,73,61,49,22,0.315,0.180,0.257,0.141,0.099,0.029,63,60,49,12
0.129,0.159,0.170,-0.42,0.180,0,0.6638,0.6354,0.365,0.318,0.355,0.160,0.323,0.155,0.101,0.052,73,61,49,22,0.315,0.180,0.257,0.141,0.099,0.029,63,60,49,12
0.159,0.182,0.401,0.2,0.291,1,0.6354,0.6236,0.349,0.180,0.355,0.160,0.323,0.155,0.101,0.052,73,61,49,22,0.315,0.180,0.257,0.141,0.099,0.029,63,60,49,12
0.110,0.144,0.207,-1.14,0.131,0,0.6074,0.6062,0.381,0.987,0.355,0.160,0.323,0.155,0.101,0.052,73,61,49,22,0.315,0.180,0.257,0.141,0.099,0.029,63,60,49,12
0.126,0.184,0.216,-0.79,0.151,-1,0.5757,0.5889,0.505,0.736,0.355,0.160,0.323,0.155,0.101,0.052,73,61,49,22,0.315,0.180,0.257,0.141,0.099,0.029,63,60,49,12
0.126,0.305,0.472,-0.48,0.134,0,0.5521,0.5764,0.418,0.007,0.355,0.160,0.323,0.155,0.101,0.052,73,61,49,22,0.315,0.180,0.257,0.141,0.099,0.029,63,60,49,12
0.113,0.345,0.536,-1.19,0.219,1,0.5503,0.5809,0.490,0.586,0.355,0.160,0.323,0.155,0.101,0.052,73,61,49,22,0.315,0.180,0.257,0.141,0.099,0.029,63,60,49,12
0.096,0.257,0.370,0,0.000,0,0.5479,0.5838,0.341,0.166,0.355,0.160,0.323,0.155,0.101,0.052,73,61,49,22,0.315,0.180,0.257,0.141,0.099,0.029,63,60,49,12
0.088,0.429,0.444,-1.19,0.219,1,0.5466,0.5839,0.436,0.586,0.355,0.160,0.323,0.155,0.101,0.052,73,61,49,22,0.315,0.180,0.257,0.141,0.099,0.029,63,60,49,12
0.095,0.459,0.553,-0.48,0.134,0,0.5359,0.5770,0.372,0.007,0.355,0.160,0.323,0.155,0.101,0.052,73,61,49,22,0.315,0.180,0.257,0.141,0.099,0.029,63,60,49,12
0.123,0.555,0.673,0.2,0.291,1,0.5122,0.5620,0.288,0.180,0.355,0.160,0.323,0.155,0.101,0.052,73,61,49,22,0.315,0.180,0.257,0.141,0.099,0.029,63,60,49,12
0.125,0.472,0.515,1.37,0.298,0,0.4933,0.5476,0.128,-0.510,0.355,0.160,0.323,0.155,0.101,0.052,73,61,49,22,0.315,0.180,0.257,0.141,0.099,0.029,63,60,49,12
0.130,0.460,0.423,-1.19,0.219,1,0.4614,0.5206,0.338,0.586,0.355,0.160,0.323,0.155,0.101,0.052,73,61,49,22,0.315,0.180,0.257,0.141,0.099,0.029,63,60,49,12
0.122,0.344,0.270,-0.48,0.134,0,0.4263,0.4956,0.289,0.007,0.355,0.160,0.323,0.155,0.101,0.052,73,61,49,22,0.315,0.180,0.257,0.141,0.099,0.029,63,60,49,12
0.127,0.229,0.007,3.14,0.186,0,0.3902,0.4667,0.088,-0.486,0.355,0.160,0.323,0.155,0.101,0.052,73,61,49,22,0.315,0.180,0.257,0.141,0.099,0.029,63,60,49,12
0.150,0.212,0.012,1.99,0.186,0,0.3528,0.4379,0.086,-0.326,0.355,0.160,0.323,0.155,0.101,0.052,73,61,49,22,0.315,0.180,0.257,0.141,0.099,0.029,63,60,49,12
0.179,0.222,0.018,-1.14,0.131,0,0.3181,0.4097,0.209,0.987,0.355,0.160,0.323,0.155,0.101,0.052,73,61,49,22,0.315,0.180,0.257,0.141,0.099,0.029,63,60,49,12
0.151,0.267,0.209,1.69,0.290,0,0.2980,0.3901,0.124,-0.697,0.355,0.160,0.323,0.155,0.101,0.052,73,61,49,22,0.315,0.180,0.257,0.141,0.099,0.029,63,60,49,12
0.143,0.249,0.289,-1.1,0.105,-1,0.2912,0.3796,0.303,0.192,0.355,0.160,0.323,0.155,0.101,0.052,73,61,49,22,0.315,0.180,0.257,0.141,0.099,0.029,63,60,49,12
0.121,0.273,0.381,0.22,0.230,0,0.3051,0.3863,0.195,0.303,0.355,0.160,0.323,0.155,0.101,0.052,73,61,49,22,0.315,0.180,0.257,0.141,0.099,0.029,63,60,49,12
0.121,0.353,0.287,-0.52,0.062,0,0.3210,0.3927,0.179,0.341,0.355,0.160,0.323,0.155,0.101,0.052,73,61,49,22,0.315,0.180,0.257,0.141,0.099,0.029,63,60,49,12
0.114,0.441,0.422,0.2,0.291,1,0.3366,0.3968,0.214,0.180,0.355,0.160,0.323,0.155,0.101,0.052,73,61,49,22,0.315,0.180,0.257,0.141,0.099,0.029,63,60,49,12
0.122,0.255,0.086,2.53,0.140,0,0.3480,0.3965,0.057,-0.121,0.355,0.160,0.323,0.155,0.101,0.052,73,61,49,22,0.315,0.180,0.257,0.141,0.099,0.029,63,60,49,12
0.100,0.247,0.294,3.14,0.186,0,0.3590,0.3950,0.079,-0.486,0.355,0.160,0.323,0.155,0.101,0.052,73,61,49,22,0.315,0.180,0.257,0.141,0.099,0.029,63,60,49,12
0.125,0.320,0.059,1.99,0.186,0,0.3834,0.4092,0.073,-0.326,0.355,0.160,0.323,0.155,0.101,0.052,73,61,49,22,0.315,0.180,0.257,0.141,0.099,0.029,63,60,49,12
0.123,0.423,0.365,-0.42,0.180,0,0.4064,0.4203,0.170,0.318,0.355,0.160,0.323,0.155,0.101,0.052,73,61,49,22,0.315,0.180,0.257,0.141,0.099,0.029,63,60,49,12
0.110,0.309,0.386,0,0.000,0,0.4199,0.4216,0.138,0.166,0.355,0.160,0.323,0.155,0.101,0.052,73,61,49,22,0.315,0.180,0.257,0.141,0.099,0.029,63,60,49,12
0.112,0.410,0.438,0.2,0.291,1,0.4135,0.4018,0.309,0.180,0.355,0.160,0.323,0.155,0.101,0.052,73,61,49,22,0.315,0.180,0.257,0.141,0.099,0.029,63,60,49,12
0.115,0.291,0.106,-1.1,0.105,-1,0.3994,0.3759,0.302,0.192,0.355,0.160,0.323,0.155,0.101,0.052,73,61,49,22,0.315,0.180,0.257,0.141,0.099,0.029,63,60,49,12
0.121,0.302,0.240,-0.52,0.062,0,0.3877,0.3530,0.236,0.341,0.355,0.160,0.323,0.155,0.101,0.052,73,61,49,22,0.315,0.180,0.257,0.141,0.099,0.029,63,60,49,12
0.095,0.309,0.303,-0.48,0.134,0,0.3766,0.3300,0.398,0.007,0.355,0.160,0.323,0.155,0.101,0.052,73,61,49,22,0.315,0.180,0.257,0.141,0.099,0.029,63,60,49,12
0.080,0.249,0.285,3.14,0.186,0,0.3771,0.3188,0.095,-0.486,0.355,0.160,0.323,0.155,0.101,0.052,73,61,49,22,0.315,0.180,0.257,0.141,0.099,0.029,63,60,49,12
0.075,0.310,0.166,-1.14,0.131,0,0.3733,0.3042,0.270,0.987,0.355,0.160,0.323,0.155,0.101,0.052,73,61,49,22,0.315,0.180,0.257,0.141,0.099,0.029,63,60,49,12
0.094,0.341,0.279,0,0.000,0,0.3753,0.2964,0.196,0.166,0.355,0.160,0.323,0.155,0.101,0.052,73,61,49,22,0.315,0.180,0.257,0.141,0.099,0.029,63,60,49,12
0.081,0.446,0.213,-0.52,0.062,0,0.3766,0.2867,0.201,0.341,0.355,0.160,0.323,0.155,0.101,0.052,73,61,49,22,0.315,0.180,0.257,0.141,0.099,0.029,63,60,49,12
0.079,0.340,0.291,-1.1,0.105,-1,0.3742,0.2754,0.251,0.192,0.355,0.160,0.323,0.155,0.101,0.052,73,61,49,22,0.315,0.180,0.257,0.141,0.099,0.029,63,60,49,12
0.081,0.454,0.341,1.37,0.298,0,0.3706,0.2640,0.149,-0.510,0.355,0.160,0.323,0.155,0.101,0.052,73,61,49,22,0.315,0.180,0.257,0.141,0.099,0.029,63,60,49,12
0.079,0.340,0.161,3.14,0.186,0,0.3773,0.2621,0.103,-0.486,0.355,0.160,0.323,0.155,0.101,0.052,73,61,49,22,0.315,0.180,0.257,0.141,0.099,0.029,63,60,49,12
0.078,0.455,0.430,-0.48,0.134,0,0.3833,0.2617,0.157,0.007,0.355,0.160,0.323,0.155,0.101,0.052,73,61,49,22,0.315,0.180,0.257,0.141,0.099,0.029,63,60,49,12
0.077,0.328,0.272,0.85,0.046,0,0.3925,0.2646,0.123,0.06,0.355,0.160,0.323,0.155,0.101,0.052,73,61,49,22,0.315,0.180,0.257,0.141,0.099,0.029,63,60,49,12
0.070,0.393,0.379,-0.48,0.134,0,0.3875,0.2575,0.236,0.007,0.355,0.160,0.323,0.155,0.101,0.052,73,61,49,22,0.315,0.180,0.257,0.141,0.099,0.029,63,60,49,12
0.067,0.421,0.627,1.37,0.298,0,0.3816,0.2494,0.136,-0.510,0.355,0.160,0.323,0.155,0.101,0.052,73,61,49,22,0.315,0.180,0.257,0.141,0.099,0.029,63,60,49,12
0.058,0.298,0.170,3.14,0.186,0,0.3825,0.2479,0.070,-0.486,0.355,0.160,0.323,0.155,0.101,0.052,73,61,49,22,0.315,0.180,0.257,0.141,0.099,0.029,63,60,49,12
0.061,0.352,0.408,-1.19,0.219,1,0.3880,0.2504,0.296,0.586,0.355,0.160,0.323,0.155,0.101,0.052,73,61,49,22,0.315,0.180,0.257,0.141,0.099,0.029,63,60,49,12
0.075,0.341,0.150,-0.48,0.134,0,0.3923,0.2498,0.262,0.007,0.355,0.160,0.323,0.155,0.101,0.052,73,61,49,22,0.315,0.180,0.257,0.141,0.099,0.029,63,60,49,12
0.068,0.257,0.276,-0.42,0.180,0,0.3833,0.2339,0.256,0.318,0.355,0.160,0.323,0.155,0.101,0.052,73,61,49,22,0.315,0.180,0.257,0.141,0.099,0.029,63,60,49,12
0.063,0.143,0.055,1.99,0.186,0,0.3685,0.2139,0.142,-0.326,0.355,0.160,0.323,0.155,0.101,0.052,73,61,49,22,0.315,0.180,0.257,0.141,0.099,0.029,63,60,49,12
0.069,0.135,0.002,1.99,0.186,0,0.3605,0.2013,0.199,-0.326,0.355,0.160,0.323,0.155,0.101,0.052,73,61,49,22,0.315,0.180,0.257,0.141,0.099,0.029,63,60,49,12
0.071,0.126,0.007,0,0.000,0,0.3582,0.1982,0.214,0.166,0.355,0.160,0.323,0.155,0.101,0.052,73,61,49,22,0.315,0.180,0.257,0.141,0.099,0.029,63,60,49,12
0.089,0.103,0.005,-1.14,0.131,0,0.3625,0.2045,0.324,0.987,0.355,0.160,0.323,0.155,0.101,0.052,73,61,49,22,0.315,0.180,0.257,0.141,0.099,0.029,63,60,49,12
0.086,0.088,0.002,-1.1,0.105,-1,0.3653,0.2121,0.427,0.192,0.355,0.160,0.323,0.155,0.101,0.052,73,61,49,22,0.315,0.180,0.257,0.141,0.099,0.029,63,60,49,12
0.104,0.100,0.030,-0.79,0.151,-1,0.3662,0.2184,0.472,0.736,0.355,0.160,0.323,0.155,0.101,0.052,73,61,49,22,0.315,0.180,0.257,0.141,0.099,0.029,63,60,49,12
0.120,0.150,0.308,-0.48,0.134,0,0.3652,0.2228,0.385,0.007,0.355,0.160,0.323,0.155,0.101,0.052,73,61,49,22,0.315,0.180,0.257,0.141,0.099,0.029,63,60,49,12
0.122,0.154,0.127,0.85,0.046,0,0.3789,0.2370,0.118,0.06,0.355,0.160,0.323,0.155,0.101,0.052,73,61,49,22,0.315,0.180,0.257,0.141,0.099,0.029,63,60,49,12
0.080,0.235,0.494,-1.19,0.219,1,0.3922,0.2498,0.339,0.586,0.355,0.160,0.323,0.155,0.101,0.052,73,61,49,22,0.315,0.180,0.257,0.141,0.099,0.029,63,60,49,12
0.095,0.306,0.428,-0.08,0.108,0,0.3986,0.2540,0.165,0.059,0.355,0.160,0.323,0.155,0.101,0.052,73,61,49,22,0.315,0.180,0.257,0.141,0.099,0.029,63,60,49,12
0.093,0.344,0.303,1.37,0.298,0,0.4013,0.2555,0.103,-0.510,0.355,0.160,0.323,0.155,0.101,0.052,73,61,49,22,0.315,0.180,0.257,0.141,0.099,0.029,63,60,49,12
0.094,0.256,0.288,3.14,0.186,0,0.4044,0.2554,0.084,-0.486,0.355,0.160,0.323,0.155,0.101,0.052,73,61,49,22,0.315,0.180,0.257,0.141,0.099,0.029,63,60,49,12
0.079,0.197,0.073,0.85,0.046,0,0.3984,0.2506,0.165,0.06,0.355,0.160,0.323,0.155,0.101,0.052,73,61,49,22,0.315,0.180,0.257,0.141,0.099,0.029,63,60,49,12
0.074,0.218,0.179,-0.52,0.062,0,0.3814,0.2395,0.198,0.341,0.355,0.160,0.323,0.155,0.101,0.052,73,61,49,22,0.315,0.180,0.257,0.141,0.099,0.029,63,60,49,12
0.064,0.234,0.557,-0.42,0.180,0,0.3437,0.2158,0.251,0.318,0.355,0.160,0.323,0.155,0.101,0.052,73,61,49,22,0.315,0.180,0.257,0.141,0.099,0.029,63,60,49,12
0.045,0.205,0.209,0,0.000,0,0.2949,0.1850,0.163,0.166,0.355,0.160,0.323,0.155,0.101,0.052,73,61,49,22,0.315,0.180,0.257,0.141,0.099,0.029,63,60,49,12
0.054,0.181,0.157,2.1,0.128,0,0.2432,0.1532,0.079,0.02,0.355,0.160,0.323,0.155,0.101,0.052,73,61,49,22,0.315,0.180,0.257,0.141,0.099,0.029,63,60,49,12
0.067,0.155,0.359,1.99,0.186,0,0.2002,0.1294,0.114,-0.326,0.355,0.160,0.323,0.155,0.101,0.052,73,61,49,22,0.315,0.180,0.257,0.141,0.099,0.029,63,60,49,12
0.067,0.126,0.315,-0.79,0.151,-1,0.1749,0.1178,0.278,0.736,0.355,0.160,0.323,0.155,0.101,0.052,73,61,49,22,0.315,0.180,0.257,0.141,0.099,0.029,63,60,49,12
0.036,0.120,0.392,0.85,0.046,0,0.1694,0.1214,0.149,0.06,0.355,0.160,0.323,0.155,0.101,0.052,73,61,49,22,0.315,0.180,0.257,0.141,0.099,0.029,63,60,49,12
0.037,0.153,0.363,-0.08,0.108,0,0.1793,0.1362,0.150,0.059,0.355,0.160,0.323,0.155,0.101,0.052,73,61,49,22,0.315,0.180,0.257,0.141,0.099,0.029,63,60,49,12
0.033,0.126,0.090,2.53,0.140,0,0.2049,0.1626,0.076,-0.121,0.355,0.160,0.323,0.155,0.101,0.052,73,61,49,22,0.315,0.180,0.257,0.141,0.099,0.029,63,60,49,12
0.028,0.170,0.341,-0.48,0.134,0,0.2259,0.1820,0.234,0.007,0.355,0.160,0.323,0.155,0.101,0.052,73,61,49,22,0.315,0.180,0.257,0.141,0.099,0.029,63,60,49,12
0.030,0.198,0.434,-1.1,0.105,-1,0.2364,0.1914,0.213,0.192,0.355,0.160,0.323,0.155,0.101,0.052,73,61,49,22,0.315,0.180,0.257,0.141,0.099,0.029,63,60,49,12
0.030,0.222,0.203,1.69,0.290,0,0.2328,0.1891,0.082,-0.697,0.355,0.160,0.323,0.155,0.101,0.052,73,61,49,22,0.315,0.180,0.257,0.141,0.099,0.029,63,60,49,12
0.031,0.248,0.112,1.76,0.409,0,0.2331,0.1868,0.089,-0.884,0.355,0.160,0.323,0.155,0.101,0.052,73,61,49,22,0.315,0.180,0.257,0.141,0.099,0.029,63,60,49,12
0.029,0.173,0.360,-0.42,0.180,0,0.2324,0.1859,0.275,0.318,0.355,0.160,0.323,0.155,0.101,0.052,73,61,49,22,0.315,0.180,0.257,0.141,0.099,0.029,63,60,49,12
0.028,0.174,0.063,1.42,0.221,0,0.2275,0.1811,0.144,-0.397,0.355,0.160,0.323,0.155,0.101,0.052,73,61,49,22,0.315,0.180,0.257,0.141,0.099,0.029,63,60,49,12
0.030,0.133,0.017,0.85,0.046,0,0.2071,0.1678,0.060,0.06,0.355,0.160,0.323,0.155,0.101,0.052,73,61,49,22,0.315,0.180,0.257,0.141,0.099,0.029,63,60,49,12
0.035,0.229,0.237,1.76,0.409,0,0.1975,0.1617,0.123,-0.884,0.355,0.160,0.323,0.155,0.101,0.052,73,61,49,22,0.315,0.180,0.257,0.141,0.099,0.029,63,60,49,12
0.033,0.247,0.427,-0.42,0.180,0,0.2021,0.1680,0.336,0.318,0.355,0.160,0.323,0.155,0.101,0.052,73,61,49,22,0.315,0.180,0.257,0.141,0.099,0.029,63,60,49,12
0.036,0.243,0.300,-0.79,0.151,-1,0.2194,0.1817,0.363,0.736,0.355,0.160,0.323,0.155,0.101,0.052,73,61,49,22,0.315,0.180,0.257,0.141,0.099,0.029,63,60,49,12
0.029,0.265,0.216,-0.48,0.134,0,0.2391,0.1992,0.313,0.007,0.355,0.160,0.323,0.155,0.101,0.052,73,61,49,22,0.315,0.180,0.257,0.141,0.099,0.029,63,60,49,12
0.035,0.328,0.014,-0.52,0.062,0,0.2690,0.2211,0.122,0.341,0.355,0.160,0.323,0.155,0.101,0.052,73,61,49,22,0.315,0.180,0.257,0.141,0.099,0.029,63,60,49,12
0.029,0.765,0.149,0.2,0.291,1,0.2947,0.2382,0.243,0.180,0.355,0.160,0.323,0.155,0.101,0.052,73,61,49,22,0.315,0.180,0.257,0.141,0.099,0.029,63,60,49,12
0.046,0.329,0.010,2.53,0.140,0,0.3249,0.2563,0.050,-0.121,0.355,0.160,0.323,0.155,0.101,0.052,73,61,49,22,0.315,0.180,0.257,0.141,0.099,0.029,63,60,49,12
0.069,0.295,0.039,3.14,0.186,0,0.3708,0.2837,0.039,-0.486,0.355,0.160,0.323,0.155,0.101,0.052,73,61,49,22,0.315,0.180,0.257,0.141,0.099,0.029,63,60,49,12
0.074,0.307,0.018,2.53,0.140,0,0.4157,0.3102,0.082,-0.121,0.355,0.160,0.323,0.155,0.101,0.052,73,61,49,22,0.315,0.180,0.257,0.141,0.099,0.029,63,60,49,12
0.060,0.325,0.070,1.42,0.221,0,0.4420,0.3221,0.051,-0.397,0.355,0.160,0.323,0.155,0.101,0.052,73,61,49,22,0.315,0.180,0.257,0.141,0.099,0.029,63,60,49,12
0.074,0.493,0.134,-0.08,0.108,0,0.4538,0.3251,0.073,0.059,0.355,0.160,0.323,0.155,0.101,0.052,73,61,49,22,0.315,0.180,0.257,0.141,0.099,0.029,63,60,49,12
0.112,0.399,0.196,-0.08,0.108,0,0.4431,0.3128,0.095,0.059,0.355,0.160,0.323,0.155,0.101,0.052,73,61,49,22,0.315,0.180,0.257,0.141,0.099,0.029,63,60,49,12
0.116,0.460,0.647,0.2,0.291,1,0.4209,0.2945,0.295,0.180,0.355,0.160,0.323,0.155,0.101,0.052,73,61,49,22,0.315,0.180,0.257,0.141,0.099,0.029,63,60,49,12
0.135,0.308,0.389,-0.79,0.151,-1,0.3820,0.2651,0.238,0.736,0.355,0.160,0.323,0.155,0.101,0.052,73,61,49,22,0.315,0.180,0.257,0.141,0.099,0.029,63,60,49,12
0.142,0.160,0.423,2.53,0.140,0,0.3481,0.2421,0.113,-0.121,0.355,0.160,0.323,0.155,0.101,0.052,73,61,49,22,0.315,0.180,0.257,0.141,0.099,0.029,63,60,49,12
0.094,0.187,0.495,-0.79,0.151,-1,0.3269,0.2304,0.382,0.736,0.355,0.160,0.323,0.155,0.101,0.052,73,61,49,22,0.315,0.180,0.257,0.141,0.099,0.029,63,60,49,12
0.086,0.295,0.604,-1.19,0.219,1,0.3288,0.2369,0.478,0.586,0.355,0.160,0.323,0.155,0.101,0.052,73,61,49,22,0.315,0.180,0.257,0.141,0.099,0.029,63,60,49,12
0.070,0.250,0.482,0,0.000,0,0.3350,0.2473,0.315,0.166,0.355,0.160,0.323,0.155,0.101,0.052,73,61,49,22,0.315,0.180,0.257,0.141,0.099,0.029,63,60,49,12
0.071,0.404,0.822,0.2,0.291,1,0.3468,0.2607,0.396,0.180,0.355,0.160,0.323,0.155,0.101,0.052,73,61,49,22,0.315,0.180,0.257,0.141,0.099,0.029,63,60,49,12
0.073,0.394,0.606,-0.48,0.134,0,0.3666,0.2812,0.404,0.007,0.355,0.160,0.323,0.155,0.101,0.052,73,61,49,22,0.315,0.180,0.257,0.141,0.099,0.029,63,60,49,12
0.073,0.437,0.881,-1.19,0.219,1,0.3837,0.2976,0.332,0.586,0.355,0.160,0.323,0.155,0.101,0.052,73,61,49,22,0.315,0.180,0.257,0.141,0.099,0.029,63,60,49,12
0.074,0.316,0.316,2.1,0.128,0,0.3938,0.3098,0.137,0.02,0.355,0.160,0.323,0.155,0.101,0.052,73,61,49,22,0.315,0.180,0.257,0.141,0.099,0.029,63,60,49,12
0.081,0.253,0.266,2.53,0.140,0,0.3976,0.3177,0.094,-0.121,0.355,0.160,0.323,0.155,0.101,0.052,73,61,49,22,0.315,0.180,0.257,0.141,0.099,0.029,63,60,49,12
0.079,0.222,0.373,-1.14,0.131,0,0.3794,0.3094,0.185,0.987,0.355,0.160,0.323,0.155,0.101,0.052,73,61,49,22,0.315,0.180,0.257,0.141,0.099,0.029,63,60,49,12
0.086,0.404,0.414,1.37,0.298,0,0.3516,0.2952,0.139,-0.510,0.355,0.160,0.323,0.155,0.101,0.052,73,61,49,22,0.315,0.180,0.257,0.141,0.099,0.029,63,60,49,12
0.088,0.366,0.183,1.76,0.409,0,0.3207,0.2795,0.101,-0.884,0.355,0.160,0.323,0.155,0.101,0.052,73,61,49,22,0.315,0.180,0.257,0.141,0.099,0.029,63,60,49,12
0.104,0.246,0.121,-1.14,0.131,0,0.2949,0.2671,0.187,0.987,0.355,0.160,0.323,0.155,0.101,0.052,73,61,49,22,0.315,0.180,0.257,0.141,0.099,0.029,63,60,49,12
0.074,0.232,0.280,-0.79,0.151,-1,0.2691,0.2549,0.325,0.736,0.355,0.160,0.323,0.155,0.101,0.052,73,61,49,22,0.315,0.180,0.257,0.141,0.099,0.029,63,60,49,12
0.076,0.190,0.147,2.53,0.140,0,0.2409,0.2402,0.184,-0.121,0.355,0.160,0.323,0.155,0.101,0.052,73,61,49,22,0.315,0.180,0.257,0.141,0.099,0.029,63,60,49,12
0.073,0.319,0.089,0,0.000,0,0.2166,0.2274,0.201,0.166,0.355,0.160,0.323,0.155,0.101,0.052,73,61,49,22,0.315,0.180,0.257,0.141,0.099,0.029,63,60,49,12
0.083,0.332,0.109,1.42,0.221,0,0.2102,0.2248,0.152,-0.397,0.355,0.160,0.323,0.155,0.101,0.052,73,61,49,22,0.315,0.180,0.257,0.141,0.099,0.029,63,60,49,12
0.055,0.383,0.224,-0.42,0.180,0,0.2075,0.2223,0.225,0.318,0.355,0.160,0.323,0.155,0.101,0.052,73,61,49,22,0.315,0.180,0.257,0.141,0.099,0.029,63,60,49,12
0.055,0.375,0.465,0.2,0.291,1,0.2229,0.2333,0.276,0.180,0.355,0.160,0.323,0.155,0.101,0.052,73,61,49,22,0.315,0.180,0.257,0.141,0.099,0.029,63,60,49,12
0.057,0.278,0.402,0.85,0.046,0,0.2432,0.2469,0.188,0.06,0.355,0.160,0.323,0.155,0.101,0.052,73,61,49,22,0.315,0.180,0.257,0.141,0.099,0.029,63,60,49,12
0.048,0.317,0.547,1.37,0.298,0,0.2892,0.2812,0.183,-0.510,0.355,0.160,0.323,0.155,0.101,0.052,73,61,49,22,0.315,0.180,0.257,0.141,0.099,0.029,63,60,49,12
0.058,0.258,0.298,0,0.000,0,0.3397,0.3182,0.120,0.166,0.355,0.160,0.323,0.155,0.101,0.052,73,61,49,22,0.315,0.180,0.257,0.141,0.099,0.029,63,60,49,12
0.082,0.261,0.314,-1.14,0.131,0,0.3783,0.3446,0.178,0.987,0.355,0.160,0.323,0.155,0.101,0.052,73,61,49,22,0.315,0.180,0.257,0.141,0.099,0.029,63,60,49,12
0.081,0.348,0.030,1.37,0.298,0,0.4088,0.3663,0.123,-0.510,0.355,0.160,0.323,0.155,0.101,0.052,73,61,49,22,0.315,0.180,0.257,0.141,0.099,0.029,63,60,49,12
0.096,0.290,0.397,-0.52,0.062,0,0.4175,0.3706,0.132,0.341,0.355,0.160,0.323,0.155,0.101,0.052,73,61,49,22,0.315,0.180,0.257,0.141,0.099,0.029,63,60,49,12
0.077,0.252,0.061,2.53,0.140,0,0.4262,0.3735,0.073,-0.121,0.355,0.160,0.323,0.155,0.101,0.052,73,61,49,22,0.315,0.180,0.257,0.141,0.099,0.029,63,60,49,12
0.067,0.269,0.437,-0.08,0.108,0,0.4210,0.3650,0.195,0.059,0.355,0.160,0.323,0.155,0.101,0.052,73,61,49,22,0.315,0.180,0.257,0.141,0.099,0.029,63,60,49,12
0.081,0.249,0.149,-0.48,0.134,0,0.4017,0.3445,0.200,0.007,0.355,0.160,0.323,0.155,0.101,0.052,73,61,49,22,0.315,0.180,0.257,0.141,0.099,0.029,63,60,49,12
0.083,0.198,0.242,2.1,0.128,0,0.3819,0.3248,0.090,0.02,0.355,0.160,0.323,0.155,0.101,0.052,73,61,49,22,0.315,0.180,0.257,0.141,0.099,0.029,63,60,49,12
0.083,0.200,0.295,0,0.000,0,0.3603,0.3025,0.207,0.166,0.355,0.160,0.323,0.155,0.101,0.052,73,61,49,22,0.315,0.180,0.257,0.141,0.099,0.029,63,60,49,12
0.078,0.172,0.122,-0.79,0.151,-1,0.3553,0.2937,0.371,0.736,0.355,0.160,0.323,0.155,0.101,0.052,73,61,49,22,0.315,0.180,0.257,0.141,0.099,0.029,63,60,49,12
0.088,0.229,0.148,0.22,0.230,0,0.3537,0.2871,0.277,0.303,0.355,0.160,0.323,0.155,0.101,0.052,73,61,49,22,0.315,0.180,0.257,0.141,0.099,0.029,63,60,49,12
0.083,0.215,0.125,-1.1,0.105,-1,0.3438,0.2749,0.324,0.192,0.355,0.160,0.323,0.155,0.101,0.052,73,61,49,22,0.315,0.180,0.257,0.141,0.099,0.029,63,60,49,12
0.087,0.206,0.250,-0.08,0.108,0,0.3468,0.2749,0.230,0.059,0.355,0.160,0.323,0.155,0.101,0.052,73,61,49,22,0.315,0.180,0.257,0.141,0.099,0.029,63,60,49,12
0.103,0.233,0.064,-0.08,0.108,0,0.3688,0.2888,0.292,0.059,0.355,0.160,0.323,0.155,0.101,0.052,73,61,49,22,0.315,0.180,0.257,0.141,0.099,0.029,63,60,49,12
0.093,0.194,0.232,-0.79,0.151,-1,0.3891,0.3034,0.356,0.736,0.355,0.160,0.323,0.155,0.101,0.052,73,61,49,22,0.315,0.180,0.257,0.141,0.099,0.029,63,60,49,12
0.093,0.280,0.243,1.37,0.298,0,0.4092,0.3196,0.151,-0.510,0.355,0.160,0.323,0.155,0.101,0.052,73,61,49,22,0.315,0.180,0.257,0.141,0.099,0.029,63,60,49,12
0.094,0.406,0.190,-1.19,0.219,1,0.4177,0.3283,0.266,0.586,0.355,0.160,0.323,0.155,0.101,0.052,73,61,49,22,0.315,0.180,0.257,0.141,0.099,0.029,63,60,49,12
0.094,0.275,0.180,1.99,0.186,0,0.4364,0.3484,0.103,-0.326,0.355,0.160,0.323,0.155,0.101,0.052,73,61,49,22,0.315,0.180,0.257,0.141,0.099,0.029,63,60,49,12
0.093,0.512,0.309,0.2,0.291,1,0.4409,0.3587,0.259,0.180,0.355,0.160,0.323,0.155,0.101,0.052,73,61,49,22,0.315,0.180,0.257,0.141,0.099,0.029,63,60,49,12
0.087,0.395,0.339,-0.08,0.108,0,0.4375,0.3626,0.201,0.059,0.355,0.160,0.323,0.155,0.101,0.052,73,61,49,22,0.315,0.180,0.257,0.141,0.099,0.029,63,60,49,12
0.107,0.295,0.008,1.99,0.186,0,0.4102,0.3470,0.073,-0.326,0.355,0.160,0.323,0.155,0.101,0.052,73,61,49,22,0.315,0.180,0.257,0.141,0.099,0.029,63,60,49,12
0.097,0.410,0.459,-0.42,0.180,0,0.3675,0.3158,0.331,0.318,0.355,0.160,0.323,0.155,0.101,0.052,73,61,49,22,0.315,0.180,0.257,0.141,0.099,0.029,63,60,49,12
0.105,0.280,0.059,2.53,0.140,0,0.3364,0.2920,0.121,-0.121,0.355,0.160,0.323,0.155,0.101,0.052,73,61,49,22,0.315,0.180,0.257,0.141,0.099,0.029,63,60,49,12
0.090,0.390,0.312,-0.52,0.062,0,0.2937,0.2554,0.196,0.341,0.355,0.160,0.323,0.155,0.101,0.052,73,61,49,22,0.315,0.180,0.257,0.141,0.099,0.029,63,60,49,12
0.092,0.241,0.271,-1.14,0.131,0,0.2540,0.2220,0.323,0.987,0.355,0.160,0.323,0.155,0.101,0.052,73,61,49,22,0.315,0.180,0.257,0.141,0.099,0.029,63,60,49,12
0.078,0.248,0.084,1.99,0.186,0,0.2180,0.1922,0.173,-0.326,0.355,0.160,0.323,0.155,0.101,0.052,73,61,49,22,0.315,0.180,0.257,0.141,0.099,0.029,63,60,49,12
0.095,0.242,0.029,-1.1,0.105,-1,0.1875,0.1657,0.368,0.192,0.355,0.160,0.323,0.155,0.101,0.052,73,61,49,22,0.315,0.180,0.257,0.141,0.099,0.029,63,60,49,12
0.067,0.286,0.020,-0.48,0.134,0,0.1753,0.1565,0.402,0.007,0.355,0.160,0.323,0.155,0.101,0.052,73,61,49,22,0.315,0.180,0.257,0.141,0.099,0.029,63,60,49,12
0.065,0.251,0.007,0,0.000,0,0.1571,0.1417,0.276,0.166,0.355,0.160,0.323,0.155,0.101,0.052,73,61,49,22,0.315,0.180,0.257,0.141,0.099,0.029,63,60,49,12
0.055,0.214,0.005,-1.1,0.105,-1,0.1397,0.1294,0.318,0.192,0.355,0.160,0.323,0.155,0.101,0.052,73,61,49,22,0.315,0.180,0.257,0.141,0.099,0.029,63,60,49,12
0.058,0.174,0.033,1.99,0.186,0,0.1285,0.1231,0.077,-0.326,0.355,0.160,0.323,0.155,0.101,0.052,73,61,49,22,0.315,0.180,0.257,0.141,0.099,0.029,63,60,49,12
0.062,0.164,0.165,3.14,0.186,0,0.1266,0.1223,0.056,-0.486,0.355,0.160,0.323,0.155,0.101,0.052,73,61,49,22,0.315,0.180,0.257,0.141,0.099,0.029,63,60,49,12
0.043,0.276,0.505,0.2,0.291,1,0.1325,0.1289,0.212,0.180,0.355,0.160,0.323,0.155,0.101,0.052,73,61,49,22,0.315,0.180,0.257,0.141,0.099,0.029,63,60,49,12
0.041,0.176,0.379,-0.79,0.151,-1,0.1297,0.1263,0.156,0.736,0.355,0.160,0.323,0.155,0.101,0.052,73,61,49,22,0.315,0.180,0.257,0.141,0.099,0.029,63,60,49,12
0.037,0.153,0.176,3.14,0.186,0,0.1198,0.1177,0.043,-0.486,0.355,0.160,0.323,0.155,0.101,0.052,73,61,49,22,0.315,0.180,0.257,0.141,0.099,0.029,63,60,49,12
0.042,0.234,0.359,1.76,0.409,0,0.1176,0.1141,0.074,-0.884,0.355,0.160,0.323,0.155,0.101,0.052,73,61,49,22,0.315,0.180,0.257,0.141,0.099,0.029,63,60,49,12
0.043,0.240,0.359,0.22,0.230,0,0.1203,0.1169,0.140,0.303,0.355,0.160,0.323,0.155,0.101,0.052,73,61,49,22,0.315,0.180,0.257,0.141,0.099,0.029,63,60,49,12
0.045,0.285,0.177,1.37,0.298,0,0.1432,0.1408,0.112,-0.510,0.355,0.160,0.323,0.155,0.101,0.052,73,61,49,22,0.315,0.180,0.257,0.141,0.099,0.029,63,60,49,12
0.052,0.197,0.373,-0.42,0.180,0,0.1494,0.1504,0.112,0.318,0.355,0.160,0.323,0.155,0.101,0.052,73,61,49,22,0.315,0.180,0.257,0.141,0.099,0.029,63,60,49,12
0.053,0.261,0.253,1.37,0.298,0,0.1643,0.1659,0.158,-0.510,0.355,0.160,0.323,0.155,0.101,0.052,73,61,49,22,0.315,0.180,0.257,0.141,0.099,0.029,63,60,49,12
0.045,0.181,0.312,1.99,0.186,0,0.1881,0.1893,0.097,-0.326,0.355,0.160,0.323,0.155,0.101,0.052,73,61,49,22,0.315,0.180,0.257,0.141,0.099,0.029,63,60,49,12
0.043,0.292,0.447,-0.52,0.062,0,0.2101,0.2117,0.156,0.341,0.355,0.160,0.323,0.155,0.101,0.052,73,61,49,22,0.315,0.180,0.257,0.141,0.099,0.029,63,60,49,12
0.045,0.351,0.324,1.76,0.409,0,0.2300,0.2337,0.078,-0.884,0.355,0.160,0.323,0.155,0.101,0.052,73,61,49,22,0.315,0.180,0.257,0.141,0.099,0.029,63,60,49,12
0.044,0.216,0.302,-1.14,0.131,0,0.2418,0.2473,0.230,0.987,0.355,0.160,0.323,0.155,0.101,0.052,73,61,49,22,0.315,0.180,0.257,0.141,0.099,0.029,63,60,49,12
0.055,0.201,0.529,-1.1,0.105,-1,0.2513,0.2615,0.364,0.192,0.355,0.160,0.323,0.155,0.101,0.052,73,61,49,22,0.315,0.180,0.257,0.141,0.099,0.029,63,60,49,12
0.056,0.212,0.470,0.22,0.230,0,0.2519,0.2660,0.277,0.303,0.355,0.160,0.323,0.155,0.101,0.052,73,61,49,22,0.315,0.180,0.257,0.141,0.099,0.029,63,60,49,12
0.087,0.204,0.212,0,0.000,0,0.2425,0.2629,0.273,0.166,0.355,0.160,0.323,0.155,0.101,0.052,73,61,49,22,0.315,0.180,0.257,0.141,0.099,0.029,63,60,49,12
0.066,0.167,0.213,2.53,0.140,0,0.2410,0.2680,0.180,-0.121,0.355,0.160,0.323,0.155,0.101,0.052,73,61,49,22,0.315,0.180,0.257,0.141,0.099,0.029,63,60,49,12
0.074,0.166,0.149,-1.14,0.131,0,0.2438,0.2755,0.255,0.987,0.355,0.160,0.323,0.155,0.101,0.052,73,61,49,22,0.315,0.180,0.257,0.141,0.099,0.029,63,60,49,12
0.073,0.177,0.394,-0.52,0.062,0,0.2562,0.2917,0.278,0.341,0.355,0.160,0.323,0.155,0.101,0.052,73,61,49,22,0.315,0.180,0.257,0.141,0.099,0.029,63,60,49,12
0.080,0.139,0.410,-0.79,0.151,-1,0.2858,0.3236,0.276,0.736,0.355,0.160,0.323,0.155,0.101,0.052,73,61,49,22,0.315,0.180,0.257,0.141,0.099,0.029,63,60,49,12
0.078,0.163,0.067,-1.14,0.131,0,0.3219,0.3597,0.296,0.987,0.355,0.160,0.323,0.155,0.101,0.052,73,61,49,22,0.315,0.180,0.257,0.141,0.099,0.029,63,60,49,12
0.062,0.180,0.226,0,0.000,0,0.3504,0.3888,0.222,0.166,0.355,0.160,0.323,0.155,0.101,0.052,73,61,49,22,0.315,0.180,0.257,0.141,0.099,0.029,63,60,49,12
0.088,0.197,0.172,0,0.000,0,0.3725,0.4100,0.102,0.166,0.355,0.160,0.323,0.155,0.101,0.052,73,61,49,22,0.315,0.180,0.257,0.141,0.099,0.029,63,60,49,12
0.096,0.126,0.005,2.53,0.140,0,0.3987,0.4351,0.102,-0.121,0.355,0.160,0.323,0.155,0.101,0.052,73,61,49,22,0.315,0.180,0.257,0.141,0.099,0.029,63,60,49,12
0.097,0.097,0.004,1.99,0.186,0,0.4157,0.4521,0.077,-0.326,0.355,0.160,0.323,0.155,0.101,0.052,73,61,49,22,0.315,0.180,0.257,0.141,0.099,0.029,63,60,49,12
0.073,0.119,0.135,-0.52,0.062,0,0.4151,0.4534,0.157,0.341,0.355,0.160,0.323,0.155,0.101,0.052,73,61,49,22,0.315,0.180,0.257,0.141,0.099,0.029,63,60,49,12
0.075,0.107,0.008,1.69,0.290,0,0.4143,0.4510,0.053,-0.697,0.355,0.160,0.323,0.155,0.101,0.052,73,61,49,22,0.315,0.180,0.257,0.141,0.099,0.029,63,60,49,12
0.075,0.084,0.004,1.99,0.186,0,0.4058,0.4407,0.072,-0.326,0.355,0.160,0.323,0.155,0.101,0.052,73,61,49,22,0.315,0.180,0.257,0.141,0.099,0.029,63,60,49,12
0.075,0.088,0.059,-1.1,0.105,-1,0.3960,0.4290,0.270,0.192,0.355,0.160,0.323,0.155,0.101,0.052,73,61,49,22,0.315,0.180,0.257,0.141,0.099,0.029,63,60,49,12
0.077,0.121,0.114,-0.42,0.180,0,0.3797,0.4098,0.214,0.318,0.355,0.160,0.323,0.155,0.101,0.052,73,61,49,22,0.315,0.180,0.257,0.141,0.099,0.029,63,60,49,12
0.095,0.095,0.006,3.14,0.186,0,0.3548,0.3785,0.081,-0.486,0.355,0.160,0.323,0.155,0.101,0.052,73,61,49,22,0.315,0.180,0.257,0.141,0.099,0.029,63,60,49,12
0.102,0.120,0.273,-0.48,0.134,0,0.3365,0.3557,0.266,0.007,0.355,0.160,0.323,0.155,0.101,0.052,73,61,49,22,0.315,0.180,0.257,0.141,0.099,0.029,63,60,49,12
0.095,0.128,0.105,-0.42,0.180,0,0.3153,0.3292,0.397,0.318,0.355,0.160,0.323,0.155,0.101,0.052,73,61,49,22,0.315,0.180,0.257,0.141,0.099,0.029,63,60,49,12
0.091,0.146,0.262,0.2,0.291,1,0.3011,0.3137,0.321,0.180,0.355,0.160,0.323,0.155,0.101,0.052,73,61,49,22,0.315,0.180,0.257,0.141,0.099,0.029,63,60,49,12
0.089,0.106,0.280,-0.42,0.180,0,0.2972,0.3071,0.283,0.318,0.355,0.160,0.323,0.155,0.101,0.052,73,61,49,22,0.315,0.180,0.257,0.141,0.099,0.029,63,60,49,12
0.089,0.103,0.061,-0.79,0.151,-1,0.3000,0.3064,0.472,0.736,0.355,0.160,0.323,0.155,0.101,0.052,73,61,49,22,0.315,0.180,0.257,0.141,0.099,0.029,63,60,49,12
0.091,0.124,0.123,-0.52,0.062,0,0.3076,0.3112,0.355,0.341,0.355,0.160,0.323,0.155,0.101,0.052,73,61,49,22,0.315,0.180,0.257,0.141,0.099,0.029,63,60,49,12
0.114,0.122,0.022,1.99,0.186,0,0.3193,0.3206,0.126,-0.326,0.355,0.160,0.323,0.155,0.101,0.052,73,61,49,22,0.315,0.180,0.257,0.141,0.099,0.029,63,60,49,12
0.120,0.123,0.058,-1.14,0.131,0,0.3301,0.3275,0.345,0.987,0.355,0.160,0.323,0.155,0.101,0.052,73,61,49,22,0.315,0.180,0.257,0.141,0.099,0.029,63,60,49,12
0.126,0.172,0.138,0.22,0.230,0,0.3425,0.3352,0.355,0.303,0.355,0.160,0.323,0.155,0.101,0.052,73,61,49,22,0.315,0.180,0.257,0.141,0.099,0.029,63,60,49,12
0.133,0.109,0.047,0.85,0.046,0,0.3506,0.3374,0.282,0.06,0.355,0.160,0.323,0.155,0.101,0.052,73,61,49,22,0.315,0.180,0.257,0.141,0.099,0.029,63,60,49,12
0.133,0.073,0.043,0,0.000,0,0.3580,0.3368,0.099,0.166,0.355,0.160,0.323,0.155,0.101,0.052,73,61,49,22,0.315,0.180,0.257,0.141,0.099,0.029,63,60,49,12
0.159,0.050,0.093,-1.14,0.131,0,0.3582,0.3255,0.114,0.987,0.355,0.160,0.323,0.155,0.101,0.052,73,61,49,22,0.315,0.180,0.257,0.141,0.099,0.029,63,60,49,12
0.170,0.049,0.101,3.14,0.186,0,0.3506,0.3085,0.037,-0.486,0.355,0.160,0.323,0.155,0.101,0.052,73,61,49,22,0.315,0.180,0.257,0.141,0.099,0.029,63,60,49,12
0.156,0.043,0.035,3.14,0.186,0,0.3350,0.2840,0.049,-0.486,0.355,0.160,0.323,0.155,0.101,0.052,73,61,49,22,0.315,0.180,0.257,0.141,0.099,0.029,63,60,49,12
0.164,0.051,0.089,2.53,0.140,0,0.3162,0.2581,0.024,-0.121,0.355,0.160,0.323,0.155,0.101,0.052,73,61,49,22,0.315,0.180,0.257,0.141,0.099,0.029,63,60,49,12
0.190,0.073,0.370,0.22,0.230,0,0.2955,0.2328,0.032,0.303,0.355,0.160,0.323,0.155,0.101,0.052,73,61,49,22,0.315,0.180,0.257,0.141,0.099,0.029,63,60,49,12
0.177,0.060,0.380,2.1,0.128,0,0.2709,0.2069,0.018,0.02,0.355,0.160,0.323,0.155,0.101,0.052,73,61,49,22,0.315,0.180,0.257,0.141,0.099,0.029,63,60,49,12
0.174,0.114,0.649,-0.52,0.062,0,0.2249,0.1649,0.054,0.341,0.355,0.160,0.323,0.155,0.101,0.052,73,61,49,22,0.315,0.180,0.257,0.141,0.099,0.029,63,60,49,12
0.181,0.077,0.611,0.85,0.046,0,0.1871,0.1299,0.093,0.06,0.355,0.160,0.323,0.155,0.101,0.052,73,61,49,22,0.315,0.180,0.257,0.141,0.099,0.029,63,60,49,12
0.166,0.109,0.432,0,0.000,0,0.1507,0.0987,0.123,0.166,0.355,0.160,0.323,0.155,0.101,0.052,73,61,49,22,0.315,0.180,0.257,0.141,0.099,0.029,63,60,49,12
0.159,0.100,0.329,3.14,0.186,0,0.1223,0.0778,0.117,-0.486,0.355,0.160,0.323,0.155,0.101,0.052,73,61,49,22,0.315,0.180,0.257,0.141,0.099,0.029,63,60,49,12
0.162,0.359,0.485,0,0.000,0,0.1054,0.0641,0.110,0.166,0.355,0.160,0.323,0.155,0.101,0.052,73,61,49,22,0.315,0.180,0.257,0.141,0.099,0.029,63,60,49,12
0.168,0.765,0.461,0.2,0.291,1,0.1022,0.0608,0.244,0.180,0.355,0.160,0.323,0.155,0.101,0.052,73,61,49,22,0.315,0.180,0.257,0.141,0.099,0.029,63,60,49,12
0.179,0.767,0.261,-0.08,0.108,0,0.1114,0.0652,0.228,0.059,0.355,0.160,0.323,0.155,0.101,0.052,73,61,49,22,0.315,0.180,0.257,0.141,0.099,0.029,63,60,49,12
0.151,0.480,0.190,0,0.000,0,0.1247,0.0722,0.060,0.166,0.355,0.160,0.323,0.155,0.101,0.052,73,61,49,22,0.315,0.180,0.257,0.141,0.099,0.029,63,60,49,12
0.128,0.301,0.105,-0.08,0.108,0,0.1472,0.0821,0.036,0.059,0.355,0.160,0.323,0.155,0.101,0.052,73,61,49,22,0.315,0.180,0.257,0.141,0.099,0.029,63,60,49,12
0.117,0.240,0.017,3.14,0.186,0,0.1736,0.0949,0.033,-0.486,0.355,0.160,0.323,0.155,0.101,0.052,73,61,49,22,0.315,0.180,0.257,0.141,0.099,0.029,63,60,49,12
0.119,0.162,0.002,3.14,0.186,0,0.1965,0.1049,0.035,-0.486,0.355,0.160,0.323,0.155,0.101,0.052,73,61,49,22,0.315,0.180,0.257,0.141,0.099,0.029,63,60,49,12
0.108,0.170,0.002,2.53,0.140,0,0.2161,0.1139,0.014,-0.121,0.355,0.160,0.323,0.155,0.101,0.052,73,61,49,22,0.315,0.180,0.257,0.141,0.099,0.029,63,60,49,12
0.133,0.142,0.003,3.14,0.186,0,0.2344,0.1244,0.014,-0.486,0.355,0.160,0.323,0.155,0.101,0.052,73,61,49,22,0.315,0.180,0.257,0.141,0.099,0.029,63,60,49,12
0.133,0.210,0.063,-1.1,0.105,-1,0.2342,0.1254,0.064,0.192,0.355,0.160,0.323,0.155,0.101,0.052,73,61,49,22,0.315,0.180,0.257,0.141,0.099,0.029,63,60,49,12
0.136,0.213,0.012,1.42,0.221,0,0.2197,0.1187,0.034,-0.397,0.355,0.160,0.323,0.155,0.101,0.052,73,61,49,22,0.315,0.180,0.257,0.141,0.099,0.029,63,60,49,12
0.128,0.200,0.002,1.99,0.186,0,0.1935,0.1041,0.033,-0.326,0.355,0.160,0.323,0.155,0.101,0.052,73,61,49,22,0.315,0.180,0.257,0.141,0.099,0.029,63,60,49,12
0.127,0.237,0.003,1.42,0.221,0,0.1774,0.0966,0.066,-0.397,0.355,0.160,0.323,0.155,0.101,0.052,73,61,49,22,0.315,0.180,0.257,0.141,0.099,0.029,63,60,49,12
0.128,0.230,0.017,-0.79,0.151,-1,0.1661,0.0928,0.320,0.736,0.355,0.160,0.323,0.155,0.101,0.052,73,61,49,22,0.315,0.180,0.257,0.141,0.099,0.029,63,60,49,12
0.122,0.231,0.029,-0.48,0.134,0,0.1507,0.0830,0.222,0.007,0.355,0.160,0.323,0.155,0.101,0.052,73,61,49,22,0.315,0.180,0.257,0.141,0.099,0.029,63,60,49,12
0.124,0.170,0.004,3.14,0.186,0,0.1533,0.0840,0.070,-0.486,0.355,0.160,0.323,0.155,0.101,0.052,73,61,49,22,0.315,0.180,0.257,0.141,0.099,0.029,63,60,49,12
0.124,0.196,0.042,-0.52,0.062,0,0.1635,0.0884,0.315,0.341,0.355,0.160,0.323,0.155,0.101,0.052,73,61,49,22,0.315,0.180,0.257,0.141,0.099,0.029,63,60,49,12
0.123,0.226,0.056,-0.08,0.108,0,0.1918,0.1026,0.380,0.059,0.355,0.160,0.323,0.155,0.101,0.052,73,61,49,22,0.315,0.180,0.257,0.141,0.099,0.029,63,60,49,12
0.151,0.222,0.065,-1.19,0.219,1,0.2209,0.1147,0.450,0.586,0.355,0.160,0.323,0.155,0.101,0.052,73,61,49,22,0.315,0.180,0.257,0.141,0.099,0.029,63,60,49,12
0.147,0.209,0.016,0,0.000,0,0.2494,0.1261,0.312,0.166,0.355,0.160,0.323,0.155,0.101,0.052,73,61,49,22,0.315,0.180,0.257,0.141,0.099,0.029,63,60,49,12
0.150,0.136,0.003,1.99,0.186,0,0.2744,0.1341,0.112,-0.326,0.355,0.160,0.323,0.155,0.101,0.052,73,61,49,22,0.315,0.180,0.257,0.141,0.099,0.029,63,60,49,12
0.139,0.105,0.002,-1.1,0.105,-1,0.2874,0.1350,0.341,0.192,0.355,0.160,0.323,0.155,0.101,0.052,73,61,49,22,0.315,0.180,0.257,0.141,0.099,0.029,63,60,49,12
0.146,0.114,0.047,2.1,0.128,0,0.3005,0.1355,0.079,0.02,0.355,0.160,0.323,0.155,0.101,0.052,73,61,49,22,0.315,0.180,0.257,0.141,0.099,0.029,63,60,49,12
0.140,0.122,0.085,-1.1,0.105,-1,0.3031,0.1292,0.302,0.192,0.355,0.160,0.323,0.155,0.101,0.052,73,61,49,22,0.315,0.180,0.257,0.141,0.099,0.029,63,60,49,12
0.176,0.113,0.147,3.14,0.186,0,0.3089,0.1263,0.131,-0.486,0.355,0.160,0.323,0.155,0.101,0.052,73,61,49,22,0.315,0.180,0.257,0.141,0.099,0.029,63,60,49,12
0.207,0.134,0.327,-1.1,0.105,-1,0.3084,0.1216,0.216,0.192,0.355,0.160,0.323,0.155,0.101,0.052,73,61,49,22,0.315,0.180,0.257,0.141,0.099,0.029,63,60,49,12
0.205,0.141,0.235,3.14,0.186,0,0.3146,0.1232,0.062,-0.486,0.355,0.160,0.323,0.155,0.101,0.052,73,61,49,22,0.315,0.180,0.257,0.141,0.099,0.029,63,60,49,12
0.203,0.212,0.326,-0.42,0.180,0,0.3195,0.1247,0.320,0.318,0.355,0.160,0.323,0.155,0.101,0.052,73,61,49,22,0.315,0.180,0.257,0.141,0.099,0.029,63,60,49,12
0.222,0.237,0.266,-1.19,0.219,1,0.3260,0.1285,0.327,0.586,0.355,0.160,0.323,0.155,0.101,0.052,73,61,49,22,0.315,0.180,0.257,0.141,0.099,0.029,63,60,49,12
0.186,0.197,0.023,-0.08,0.108,0,0.3273,0.1259,0.083,0.059,0.355,0.160,0.323,0.155,0.101,0.052,73,61,49,22,0.315,0.180,0.257,0.141,0.099,0.029,63,60,49,12
0.190,0.164,0.004,3.14,0.186,0,0.3378,0.1283,0.078,-0.486,0.355,0.160,0.323,0.155,0.101,0.052,73,61,49,22,0.315,0.180,0.257,0.141,0.099,0.029,63,60,49,12
0.191,0.225,0.204,-0.42,0.180,0,0.3564,0.1352,0.276,0.318,0.355,0.160,0.323,0.155,0.101,0.052,73,61,49,22,0.315,0.180,0.257,0.141,0.099,0.029,63,60,49,12
0.192,0.251,0.021,1.42,0.221,0,0.3803,0.1425,0.095,-0.397,0.355,0.160,0.323,0.155,0.101,0.052,73,61,49,22,0.315,0.180,0.257,0.141,0.099,0.029,63,60,49,12
0.179,0.229,0.006,2.53,0.140,0,0.4021,0.1489,0.048,-0.121,0.355,0.160,0.323,0.155,0.101,0.052,73,61,49,22,0.315,0.180,0.257,0.141,0.099,0.029,63,60,49,12
0.153,0.476,0.587,0.2,0.291,1,0.4240,0.1556,0.226,0.180,0.355,0.160,0.323,0.155,0.101,0.052,73,61,49,22,0.315,0.180,0.257,0.141,0.099,0.029,63,60,49,12
0.157,0.229,0.290,0.85,0.046,0,0.4450,0.1636,0.226,0.06,0.355,0.160,0.323,0.155,0.101,0.052,73,61,49,22,0.315,0.180,0.257,0.141,0.099,0.029,63,60,49,12
0.158,0.343,0.382,-0.42,0.180,0,0.4484,0.1631,0.228,0.318,0.355,0.160,0.323,0.155,0.101,0.052,73,61,49,22,0.315,0.180,0.257,0.141,0.099,0.029,63,60,49,12
0.145,0.509,0.473,0.2,0.291,1,0.4389,0.1584,0.294,0.180,0.355,0.160,0.323,0.155,0.101,0.052,73,61,49,22,0.315,0.180,0.257,0.141,0.099,0.029,63,60,49,12
0.184,0.407,0.333,-0.52,0.062,0,0.4085,0.1448,0.287,0.341,0.355,0.160,0.323,0.155,0.101,0.052,73,61,49,22,0.315,0.180,0.257,0.141,0.099,0.029,63,60,49,12
0.124,0.367,0.388,0,0.000,0,0.3680,0.1256,0.245,0.166,0.355,0.160,0.323,0.155,0.101,0.052,73,61,49,22,0.315,0.180,0.257,0.141,0.099,0.029,63,60,49,12
0.128,0.263,0.256,1.42,0.221,0,0.3292,0.1074,0.190,-0.397,0.355,0.160,0.323,0.155,0.101,0.052,73,61,49,22,0.315,0.180,0.257,0.141,0.099,0.029,63,60,49,12
0.117,0.278,0.170,2.53,0.140,0,0.2900,0.0889,0.202,-0.121,0.355,0.160,0.323,0.155,0.101,0.052,73,61,49,22,0.315,0.180,0.257,0.141,0.099,0.029,63,60,49,12
0.121,0.368,0.619,-0.42,0.180,0,0.2589,0.0754,0.286,0.318,0.355,0.160,0.323,0.155,0.101,0.052,73,61,49,22,0.315,0.180,0.257,0.141,0.099,0.029,63,60,49,12
0.116,0.300,0.563,-0.08,0.108,0,0.2288,0.0641,0.191,0.059,0.355,0.160,0.323,0.155,0.101,0.052,73,61,49,22,0.315,0.180,0.257,0.141,0.099,0.029,63,60,49,12
0.113,0.293,0.181,-0.79,0.151,-1,0.2032,0.0571,0.337,0.736,0.355,0.160,0.323,0.155,0.101,0.052,73,61,49,22,0.315,0.180,0.257,0.141,0.099,0.029,63,60,49,12
0.110,0.272,0.109,0.85,0.046,0,0.1799,0.0504,0.198,0.06,0.355,0.160,0.323,0.155,0.101,0.052,73,61,49,22,0.315,0.180,0.257,0.141,0.099,0.029,63,60,49,12
0.106,0.277,0.530,-0.42,0.180,0,0.1598,0.0464,0.211,0.318,0.355,0.160,0.323,0.155,0.101,0.052,73,61,49,22,0.315,0.180,0.257,0.141,0.099,0.029,63,60,49,12
0.090,0.351,0.089,1.37,0.298,0,0.1482,0.0446,0.066,-0.510,0.355,0.160,0.323,0.155,0.101,0.052,73,61,49,22,0.315,0.180,0.257,0.141,0.099,0.029,63,60,49,12
0.084,0.266,0.148,-1.19,0.219,1,0.1325,0.0388,0.232,0.586,0.355,0.160,0.323,0.155,0.101,0.052,73,61,49,22,0.315,0.180,0.257,0.141,0.099,0.029,63,60,49,12
0.064,0.252,0.037,1.69,0.290,0,0.1233,0.0351,0.058,-0.697,0.355,0.160,0.323,0.155,0.101,0.052,73,61,49,22,0.315,0.180,0.257,0.141,0.099,0.029,63,60,49,12
0.060,0.148,0.003,3.14,0.186,0,0.1213,0.0349,0.017,-0.486,0.355,0.160,0.323,0.155,0.101,0.052,73,61,49,22,0.315,0.180,0.257,0.141,0.099,0.029,63,60,49,12
0.054,0.229,0.118,1.37,0.298,0,0.1207,0.0339,0.046,-0.510,0.355,0.160,0.323,0.155,0.101,0.052,73,61,49,22,0.315,0.180,0.257,0.141,0.099,0.029,63,60,49,12
0.068,0.110,0.066,2.53,0.140,0,0.1244,0.0357,0.046,-0.121,0.355,0.160,0.323,0.155,0.101,0.052,73,61,49,22,0.315,0.180,0.257,0.141,0.099,0.029,63,60,49,12
0.088,0.109,0.009,0.85,0.046,0,0.1249,0.0369,0.022,0.06,0.355,0.160,0.323,0.155,0.101,0.052,73,61,49,22,0.315,0.180,0.257,0.141,0.099,0.029,63,60,49,12
0.115,0.102,0.003,3.14,0.186,0,0.1195,0.0361,0.017,-0.486,0.355,0.160,0.323,0.155,0.101,0.052,73,61,49,22,0.315,0.180,0.257,0.141,0.099,0.029,63,60,49,12
0.140,0.104,0.013,0.85,0.046,0,0.1116,0.0336,0.069,0.06,0.355,0.160,0.323,0.155,0.101,0.052,73,61,49,22,0.315,0.180,0.257,0.141,0.099,0.029,63,60,49,12
0.114,0.152,0.035,-0.42,0.180,0,0.0994,0.0304,0.190,0.318,0.355,0.160,0.323,0.155,0.101,0.052,73,61,49,22,0.315,0.180,0.257,0.141,0.099,0.029,63,60,49,12
0.118,0.145,0.030,1.69,0.290,0,0.0912,0.0260,0.049,-0.697,0.355,0.160,0.323,0.155,0.101,0.052,73,61,49,22,0.315,0.180,0.257,0.141,0.099,0.029,63,60,49,12
0.131,0.108,0.006,3.14,0.186,0,0.0951,0.0258,0.082,-0.486,0.355,0.160,0.323,0.155,0.101,0.052,73,61,49,22,0.315,0.180,0.257,0.141,0.099,0.029,63,60,49,12
0.103,0.121,0.109,-0.79,0.151,-1,0.1159,0.0345,0.376,0.736,0.355,0.160,0.323,0.155,0.101,0.052,73,61,49,22,0.315,0.180,0.257,0.141,0.099,0.029,63,60,49,12
0.131,0.137,0.192,-0.08,0.108,0,0.1582,0.0581,0.272,0.059,0.355,0.160,0.323,0.155,0.101,0.052,73,61,49,22,0.315,0.180,0.257,0.141,0.099,0.029,63,60,49,12
0.130,0.125,0.202,-0.08,0.108,0,0.2102,0.0871,0.148,0.059,0.355,0.160,0.323,0.155,0.101,0.052,73,61,49,22,0.315,0.180,0.257,0.141,0.099,0.029,63,60,49,12
0.178,0.154,0.229,-1.19,0.219,1,0.2624,0.1198,0.463,0.586,0.355,0.160,0.323,0.155,0.101,0.052,73,61,49,22,0.315,0.180,0.257,0.141,0.099,0.029,63,60,49,12
0.181,0.125,0.282,-1.19,0.219,1,0.3226,0.1624,0.464,0.586,0.355,0.160,0.323,0.155,0.101,0.052,73,61,49,22,0.315,0.180,0.257,0.141,0.099,0.029,63,60,49,12
0.175,0.106,0.193,-1.19,0.219,1,0.3767,0.2071,0.251,0.586,0.355,0.160,0.323,0.155,0.101,0.052,73,61,49,22,0.315,0.180,0.257,0.141,0.099,0.029,63,60,49,12
0.148,0.070,0.005,1.99,0.186,0,0.4348,0.2594,0.087,-0.326,0.355,0.160,0.323,0.155,0.101,0.052,73,61,49,22,0.315,0.180,0.257,0.141,0.099,0.029,63,60,49,12
0.154,0.080,0.015,-0.79,0.151,-1,0.4774,0.3058,0.401,0.736,0.355,0.160,0.323,0.155,0.101,0.052,73,61,49,22,0.315,0.180,0.257,0.141,0.099,0.029,63,60,49,12
0.130,0.066,0.004,2.53,0.140,0,0.5052,0.3424,0.221,-0.121,0.355,0.160,0.323,0.155,0.101,0.052,73,61,49,22,0.315,0.180,0.257,0.141,0.099,0.029,63,60,49,12
0.141,0.083,0.023,1.99,0.186,0,0.5116,0.3609,0.086,-0.326,0.355,0.160,0.323,0.155,0.101,0.052,73,61,49,22,0.315,0.180,0.257,0.141,0.099,0.029,63,60,49,12
0.147,0.135,0.120,-0.42,0.180,0,0.5135,0.3742,0.286,0.318,0.355,0.160,0.323,0.155,0.101,0.052,73,61,49,22,0.315,0.180,0.257,0.141,0.099,0.029,63,60,49,12
0.153,0.129,0.204,-0.52,0.062,0,0.5097,0.3804,0.332,0.341,0.355,0.160,0.323,0.155,0.101,0.052,73,61,49,22,0.315,0.180,0.257,0.141,0.099,0.029,63,60,49,12
0.156,0.198,0.478,-0.42,0.180,0,0.4915,0.3760,0.347,0.318,0.355,0.160,0.323,0.155,0.101,0.052,73,61,49,22,0.315,0.180,0.257,0.141,0.099,0.029,63,60,49,12
0.156,0.232,0.354,-1.19,0.219,1,0.4740,0.3738,0.500,0.586,0.355,0.160,0.323,0.155,0.101,0.052,73,61,49,22,0.315,0.180,0.257,0.141,0.099,0.029,63,60,49,12
0.113,0.159,0.180,0,0.000,0,0.4594,0.3746,0.319,0.166,0.355,0.160,0.323,0.155,0.101,0.052,73,61,49,22,0.315,0.180,0.257,0.141,0.099,0.029,63,60,49,12
0.087,0.216,0.348,-0.42,0.180,0,0.4609,0.3878,0.376,0.318,0.355,0.160,0.323,0.155,0.101,0.052,73,61,49,22,0.315,0.180,0.257,0.141,0.099,0.029,63,60,49,12
0.066,0.173,0.196,-0.79,0.151,-1,0.4703,0.4067,0.429,0.736,0.355,0.160,0.323,0.155,0.101,0.052,73,61,49,22,0.315,0.180,0.257,0.141,0.099,0.029,63,60,49,12
0.067,0.191,0.323,-0.52,0.062,0,0.4904,0.4326,0.293,0.341,0.355,0.160,0.323,0.155,0.101,0.052,73,61,49,22,0.315,0.180,0.257,0.141,0.099,0.029,63,60,49,12
0.087,0.183,0.098,-0.79,0.151,-1,0.5224,0.4666,0.414,0.736,0.355,0.160,0.323,0.155,0.101,0.052,73,61,49,22,0.315,0.180,0.257,0.141,0.099,0.029,63,60,49,12
0.108,0.247,0.360,1.37,0.298,0,0.5609,0.5064,0.213,-0.510,0.355,0.160,0.323,0.155,0.101,0.052,73,61,49,22,0.315,0.180,0.257,0.141,0.099,0.029,63,60,49,12
0.091,0.167,0.121,0,0.000,0,0.5899,0.5374,0.177,0.166,0.355,0.160,0.323,0.155,0.101,0.052,73,61,49,22,0.315,0.180,0.257,0.141,0.099,0.029,63,60,49,12
0.095,0.201,0.226,-0.48,0.134,0,0.6093,0.5597,0.357,0.007,0.355,0.160,0.323,0.155,0.101,0.052,73,61,49,22,0.315,0.180,0.257,0.141,0.099,0.029,63,60,49,12
0.097,0.148,0.095,3.14,0.186,0,0.6109,0.5681,0.099,-0.486,0.355,0.160,0.323,0.155,0.101,0.052,73,61,49,22,0.315,0.180,0.257,0.141,0.099,0.029,63,60,49,12
0.101,0.173,0.305,-0.08,0.108,0,0.5961,0.5647,0.271,0.059,0.355,0.160,0.323,0.155,0.101,0.052,73,61,49,22,0.315,0.180,0.257,0.141,0.099,0.029,63,60,49,12
0.101,0.219,0.516,1.37,0.298,0,0.5859,0.5637,0.099,-0.510,0.355,0.160,0.323,0.155,0.101,0.052,73,61,49,22,0.315,0.180,0.257,0.141,0.099,0.029,63,60,49,12
0.099,0.141,0.285,-1.14,0.131,0,0.5696,0.5585,0.204,0.987,0.355,0.160,0.323,0.155,0.101,0.052,73,61,49,22,0.315,0.180,0.257,0.141,0.099,0.029,63,60,49,12
0.108,0.114,0.498,-1.14,0.131,0,0.5590,0.5569,0.337,0.987,0.355,0.160,0.323,0.155,0.101,0.052,73,61,49,22,0.315,0.180,0.257,0.141,0.099,0.029,63,60,49,12
0.138,0.091,0.119,0.85,0.046,0,0.5418,0.5505,0.220,0.06,0.355,0.160,0.323,0.155,0.101,0.052,73,61,49,22,0.315,0.180,0.257,0.141,0.099,0.029,63,60,49,12
0.125,0.153,0.339,1.42,0.221,0,0.5445,0.5582,0.134,-0.397,0.355,0.160,0.323,0.155,0.101,0.052,73,61,49,22,0.315,0.180,0.257,0.141,0.099,0.029,63,60,49,12
0.160,0.234,0.255,-1.19,0.219,1,0.5792,0.5811,0.415,0.586,0.355,0.160,0.323,0.155,0.101,0.052,73,61,49,22,0.315,0.180,0.257,0.141,0.099,0.029,63,60,49,12
0.186,0.252,0.217,-0.48,0.134,0,0.6192,0.6066,0.315,0.007,0.355,0.160,0.323,0.155,0.101,0.052,73,61,49,22,0.315,0.180,0.257,0.141,0.099,0.029,63,60,49,12
0.222,0.187,0.069,0.85,0.046,0,0.6558,0.6319,0.197,0.06,0.355,0.160,0.323,0.155,0.101,0.052,73,61,49,22,0.315,0.180,0.257,0.141,0.099,0.029,63,60,49,12
0.272,0.233,0.158,0.22,0.230,0,0.6898,0.6532,0.262,0.303,0.355,0.160,0.323,0.155,0.101,0.052,73,61,49,22,0.315,0.180,0.257,0.141,0.099,0.029,63,60,49,12
0.329,0.152,0.021,0.85,0.046,0,0.7188,0.6684,0.266,0.06,0.355,0.160,0.323,0.155,0.101,0.052,73,61,49,22,0.315,0.180,0.257,0.141,0.099,0.029,63,60,49,12
0.291,0.342,0.303,-1.19,0.219,1,0.7300,0.6731,0.418,0.586,0.355,0.160,0.323,0.155,0.101,0.052,73,61,49,22,0.315,0.180,0.257,0.141,0.099,0.029,63,60,49,12
0.309,0.175,0.059,0.85,0.046,0,0.7323,0.6715,0.191,0.06,0.355,0.160,0.323,0.155,0.101,0.052,73,61,49,22,0.315,0.180,0.257,0.141,0.099,0.029,63,60,49,12
0.320,0.226,0.409,-0.52,0.062,0,0.7190,0.6619,0.274,0.341,0.355,0.160,0.323,0.155,0.101,0.052,73,61,49,22,0.315,0.180,0.257,0.141,0.099,0.029,63,60,49,12
0.303,0.342,0.726,0.2,0.291,1,0.6972,0.6481,0.440,0.180,0.355,0.160,0.323,0.155,0.101,0.052,73,61,49,22,0.315,0.180,0.257,0.141,0.099,0.029,63,60,49,12
0.255,0.302,0.665,-0.08,0.108,0,0.6698,0.6329,0.336,0.059,0.355,0.160,0.323,0.155,0.101,0.052,73,61,49,22,0.315,0.180,0.257,0.141,0.099,0.029,63,60,49,12
0.213,0.223,0.607,-0.52,0.062,0,0.6497,0.6237,0.314,0.341,0.355,0.160,0.323,0.155,0.101,0.052,73,61,49,22,0.315,0.180,0.257,0.141,0.099,0.029,63,60,49,12
0.175,0.234,0.696,-0.52,0.062,0,0.6307,0.6198,0.377,0.341,0.355,0.160,0.323,0.155,0.101,0.052,73,61,49,22,0.315,0.180,0.257,0.141,0.099,0.029,63,60,49,12
0.217,0.349,0.763,-1.19,0.219,1,0.6217,0.6224,0.498,0.586,0.355,0.160,0.323,0.155,0.101,0.052,73,61,49,22,0.315,0.180,0.257,0.141,0.099,0.029,63,60,49,12
0.206,0.224,0.539,0.22,0.230,0,0.6359,0.6355,0.265,0.303,0.355,0.160,0.323,0.155,0.101,0.052,73,61,49,22,0.315,0.180,0.257,0.141,0.099,0.029,63,60,49,12
0.234,0.180,0.585,-1.19,0.219,1,0.6596,0.6502,0.342,0.586,0.355,0.160,0.323,0.155,0.101,0.052,73,61,49,22,0.315,0.180,0.257,0.141,0.099,0.029,63,60,49,12
0.201,0.118,0.348,-0.79,0.151,-1,0.6887,0.6655,0.435,0.736,0.355,0.160,0.323,0.155,0.101,0.052,73,61,49,22,0.315,0.180,0.257,0.141,0.099,0.029,63,60,49,12
0.201,0.100,0.051,-1.1,0.105,-1,0.7030,0.6703,0.293,0.192,0.355,0.160,0.323,0.155,0.101,0.052,73,61,49,22,0.315,0.180,0.257,0.141,0.099,0.029,63,60,49,12
0.207,0.066,0.019,2.53,0.140,0,0.7064,0.6683,0.122,-0.121,0.355,0.160,0.323,0.155,0.101,0.052,73,61,49,22,0.315,0.180,0.257,0.141,0.099,0.029,63,60,49,12
0.164,0.095,0.210,1.37,0.298,0,0.7125,0.6661,0.167,-0.510,0.355,0.160,0.323,0.155,0.101,0.052,73,61,49,22,0.315,0.180,0.257,0.141,0.099,0.029,63,60,49,12
0.129,0.089,0.124,-0.79,0.151,-1,0.7186,0.6622,0.405,0.736,0.355,0.160,0.323,0.155,0.101,0.052,73,61,49,22,0.315,0.180,0.257,0.141,0.099,0.029,63,60,49,12
0.167,0.118,0.293,-0.48,0.134,0,0.7080,0.6554,0.261,0.007,0.355,0.160,0.323,0.155,0.101,0.052,73,61,49,22,0.315,0.180,0.257,0.141,0.099,0.029,63,60,49,12
0.160,0.110,0.018,1.99,0.186,0,0.6882,0.6465,0.119,-0.326,0.355,0.160,0.323,0.155,0.101,0.052,73,61,49,22,0.315,0.180,0.257,0.141,0.099,0.029,63,60,49,12
0.186,0.207,0.555,0.22,0.230,0,0.6649,0.6377,0.327,0.303,0.355,0.160,0.323,0.155,0.101,0.052,73,61,49,22,0.315,0.180,0.257,0.141,0.099,0.029,63,60,49,12
0.186,0.168,0.717,-0.08,0.108,0,0.6469,0.6336,0.372,0.059,0.355,0.160,0.323,0.155,0.101,0.052,73,61,49,22,0.315,0.180,0.257,0.141,0.099,0.029,63,60,49,12
0.169,0.277,0.798,-1.19,0.219,1,0.6374,0.6346,0.402,0.586,0.355,0.160,0.323,0.155,0.101,0.052,73,61,49,22,0.315,0.180,0.257,0.141,0.099,0.029,63,60,49,12
0.143,0.227,0.568,-0.48,0.134,0,0.6382,0.6425,0.407,0.007,0.355,0.160,0.323,0.155,0.101,0.052,73,61,49,22,0.315,0.180,0.257,0.141,0.099,0.029,63,60,49,12
0.182,0.316,0.669,-1.19,0.219,1,0.6546,0.6551,0.428,0.586,0.355,0.160,0.323,0.155,0.101,0.052,73,61,49,22,0.315,0.180,0.257,0.141,0.099,0.029,63,60,49,12
0.190,0.345,0.710,0.2,0.291,1,0.6757,0.6670,0.375,0.180,0.355,0.160,0.323,0.155,0.101,0.052,73,61,49,22,0.315,0.180,0.257,0.141,0.099,0.029,63,60,49,12
0.183,0.187,0.469,-0.79,0.151,-1,0.7091,0.6814,0.398,0.736,0.355,0.160,0.323,0.155,0.101,0.052,73,61,49,22,0.315,0.180,0.257,0.141,0.099,0.029,63,60,49,12
0.245,0.191,0.289,-0.79,0.151,-1,0.7456,0.6979,0.425,0.736,0.355,0.160,0.323,0.155,0.101,0.052,73,61,49,22,0.315,0.180,0.257,0.141,0.099,0.029,63,60,49,12
0.245,0.336,0.551,-1.19,0.219,1,0.7745,0.7104,0.370,0.586,0.355,0.160,0.323,0.155,0.101,0.052,73,61,49,22,0.315,0.180,0.257,0.141,0.099,0.029,63,60,49,12
0.333,0.199,0.270,2.53,0.140,0,0.8001,0.7210,0.179,-0.121,0.355,0.160,0.323,0.155,0.101,0.052,73,61,49,22,0.315,0.180,0.257,0.141,0.099,0.029,63,60,49,12
0.347,0.405,0.356,-1.19,0.219,1,0.8163,0.7233,0.440,0.586,0.355,0.160,0.323,0.155,0.101,0.052,73,61,49,22,0.315,0.180,0.257,0.141,0.099,0.029,63,60,49,12
0.385,0.360,0.406,-1.19,0.219,1,0.8235,0.7195,0.496,0.586,0.355,0.160,0.323,0.155,0.101,0.052,73,61,49,22,0.315,0.180,0.257,0.141,0.099,0.029,63,60,49,12
0.404,0.340,0.553,-0.42,0.180,0,0.8161,0.7102,0.342,0.318,0.355,0.160,0.323,0.155,0.101,0.052,73,61,49,22,0.315,0.180,0.257,0.141,0.099,0.029,63,60,49,12
0.360,0.401,0.546,0.2,0.291,1,0.7959,0.6999,0.377,0.180,0.355,0.160,0.323,0.155,0.101,0.052,73,61,49,22,0.315,0.180,0.257,0.141,0.099,0.029,63,60,49,12
0.403,0.312,0.361,-0.52,0.062,0,0.7707,0.6932,0.417,0.341,0.355,0.160,0.323,0.155,0.101,0.052,73,61,49,22,0.315,0.180,0.257,0.141,0.099,0.029,63,60,49,12
0.403,0.238,0.338,0.85,0.046,0,0.7560,0.6959,0.430,0.06,0.355,0.160,0.323,0.155,0.101,0.052,73,61,49,22,0.315,0.180,0.257,0.141,0.099,0.029,63,60,49,12
0.403,0.257,0.479,-1.1,0.105,-1,0.7499,0.7114,0.420,0.192,0.355,0.160,0.323,0.155,0.101,0.052,73,61,49,22,0.315,0.180,0.257,0.141,0.099,0.029,63,60,49,12
0.521,0.319,0.627,-1.19,0.219,1,0.7470,0.7330,0.459,0.586,0.355,0.160,0.323,0.155,0.101,0.052,73,61,49,22,0.315,0.180,0.257,0.141,0.099,0.029,63,60,49,12
0.601,0.290,0.313,-0.79,0.151,-1,0.7473,0.7626,0.543,0.736,0.355,0.160,0.323,0.155,0.101,0.052,73,61,49,22,0.315,0.180,0.257,0.141,0.099,0.029,63,60,49,12
0.562,0.259,0.752,-1.19,0.219,1,0.7598,0.8017,0.489,0.586,0.355,0.160,0.323,0.155,0.101,0.052,73,61,49,22,0.315,0.180,0.257,0.141,0.099,0.029,63,60,49,12
0.587,0.192,0.728,-0.52,0.062,0,0.7730,0.8415,0.416,0.341,0.355,0.160,0.323,0.155,0.101,0.052,73,61,49,22,0.315,0.180,0.257,0.141,0.099,0.029,63,60,49,12
0.541,0.303,0.718,-1.19,0.219,1,0.7831,0.8778,0.499,0.586,0.355,0.160,0.323,0.155,0.101,0.052,73,61,49,22,0.315,0.180,0.257,0.141,0.099,0.029,63,60,49,12
0.489,0.253,0.836,0,0.000,0,0.7872,0.9075,0.386,0.166,0.355,0.160,0.323,0.155,0.101,0.052,73,61,49,22,0.315,0.180,0.257,0.141,0.099,0.029,63,60,49,12
0.527,0.266,0.805,-0.52,0.062,0,0.7842,0.9290,0.398,0.341,0.355,0.160,0.323,0.155,0.101,0.052,73,61,49,22,0.315,0.180,0.257,0.141,0.099,0.029,63,60,49,12
0.542,0.215,0.477,1.99,0.186,0,0.7749,0.9427,0.308,-0.326,0.355,0.160,0.323,0.155,0.101,0.052,73,61,49,22,0.315,0.180,0.257,0.141,0.099,0.029,63,60,49,12
0.553,0.350,0.754,-1.19,0.219,1,0.7634,0.9519,0.507,0.586,0.355,0.160,0.323,0.155,0.101,0.052,73,61,49,22,0.315,0.180,0.257,0.141,0.099,0.029,63,60,49,12
0.587,0.354,0.697,0.2,0.291,1,0.7576,0.9634,0.508,0.180,0.355,0.160,0.323,0.155,0.101,0.052,73,61,49,22,0.315,0.180,0.257,0.141,0.099,0.029,63,60,49,12
0.649,0.310,0.694,-1.19,0.219,1,0.7695,0.9881,0.742,0.586,0.355,0.160,0.323,0.155,0.101,0.052,73,61,49,22,0.315,0.180,0.257,0.141,0.099,0.029,63,60,49,12
