0.072,0.095,0.668,1.42,0.221,0,0.1303,0.7902,0.700,-0.397,0.249,0.182,0.191,0.121,0.087,0.023,65,59,27,10,0.220,0.202,0.160,0.111,0.090,0.052,64,56,46,25
0.063,0.092,0.345,-1.14,0.131,0,0.1227,0.7330,0.500,0.987,0.249,0.182,0.191,0.121,0.087,0.023,65,59,27,10,0.220,0.202,0.160,0.111,0.090,0.052,64,56,46,25
0.070,0.088,0.198,-1.1,0.105,-1,0.1100,0.6608,0.361,0.192,0.249,0.182,0.191,0.121,0.087,0.023,65,59,27,10,0.220,0.202,0.160,0.111,0.090,0.052,64,56,46,25
0.081,0.095,0.082,-1.14,0.131,0,0.1011,0.5839,0.336,0.987,0.249,0.182,0.191,0.121,0.087,0.023,65,59,27,10,0.220,0.202,0.160,0.111,0.090,0.052,64,56,46,25
0.082,0.100,0.017,0.85,0.046,0,0.1011,0.5095,0.370,0.06,0.249,0.182,0.191,0.121,0.087,0.023,65,59,27,10,0.220,0.202,0.160,0.111,0.090,0.052,64,56,46,25
0.092,0.107,0.049,0.85,0.046,0,0.1114,0.4421,0.265,0.06,0.249,0.182,0.191,0.121,0.087,0.023,65,59,27,10,0.220,0.202,0.160,0.111,0.090,0.052,64,56,46,25
0.100,0.212,0.040,0.22,0.230,0,0.1308,0.3838,0.257,0.303,0.249,0.182,0.191,0.121,0.087,0.023,65,59,27,10,0.220,0.202,0.160,0.111,0.090,0.052,64,56,46,25
0.104,0.158,0.159,1.99,0.186,0,0.1562,0.3351,0.078,-0.326,0.249,0.182,0.191,0.121,0.087,0.023,65,59,27,10,0.220,0.202,0.160,0.111,0.090,0.052,64,56,46,25
0.085,0.172,0.133,-1.14,0.131,0,0.1832,0.2948,0.187,0.987,0.249,0.182,0.191,0.121,0.087,0.023,65,59,27,10,0.220,0.202,0.160,0.111,0.090,0.052,64,56,46,25
0.088,0.249,0.336,1.69,0.290,0,0.2068,0.2612,0.120,-0.697,0.249,0.182,0.191,0.121,0.087,0.023,65,59,27,10,0.220,0.202,0.160,0.111,0.090,0.052,64,56,46,25
0.074,0.223,0.400,1.69,0.290,0,0.2102,0.2234,0.089,-0.697,0.249,0.182,0.191,0.121,0.087,0.023,65,59,27,10,0.220,0.202,0.160,0.111,0.090,0.052,64,56,46,25
0.057,0.299,0.421,1.37,0.298,0,0.2171,0.1992,0.135,-0.510,0.249,0.182,0.191,0.121,0.087,0.023,65,59,27,10,0.220,0.202,0.160,0.111,0.090,0.052,64,56,46,25
0.064,0.276,0.473,0,0.000,0,0.2124,0.1770,0.120,0.166,0.249,0.182,0.191,0.121,0.087,0.023,65,59,27,10,0.220,0.202,0.160,0.111,0.090,0.052,64,56,46,25
0.067,0.360,0.525,-0.52,0.062,0,0.1852,0.1446,0.182,0.341,0.249,0.182,0.191,0.121,0.087,0.023,65,59,27,10,0.220,0.202,0.160,0.111,0.090,0.052,64,56,46,25
0.088,0.351,0.476,3.14,0.186,0,0.1509,0.1156,0.129,-0.486,0.249,0.182,0.191,0.121,0.087,0.023,65,59,27,10,0.220,0.202,0.160,0.111,0.090,0.052,64,56,46,25
0.087,0.409,0.678,-0.52,0.062,0,0.1260,0.0954,0.230,0.341,0.249,0.182,0.191,0.121,0.087,0.023,65,59,27,10,0.220,0.202,0.160,0.111,0.090,0.052,64,56,46,25
0.087,0.484,0.951,0.2,0.291,1,0.1182,0.0843,0.311,0.180,0.249,0.182,0.191,0.121,0.087,0.023,65,59,27,10,0.220,0.202,0.160,0.111,0.090,0.052,64,56,46,25
0.082,0.320,0.357,0.85,0.046,0,0.1269,0.0838,0.366,0.06,0.249,0.182,0.191,0.121,0.087,0.023,65,59,27,10,0.220,0.202,0.160,0.111,0.090,0.052,64,56,46,25
0.086,0.317,0.105,-0.79,0.151,-1,0.1455,0.0856,0.299,0.736,0.249,0.182,0.191,0.121,0.087,0.023,65,59,27,10,0.220,0.202,0.160,0.111,0.090,0.052,64,56,46,25
0.091,0.248,0.011,0.85,0.046,0,0.1707,0.0949,0.089,0.06,0.249,0.182,0.191,0.121,0.087,0.023,65,59,27,10,0.220,0.202,0.160,0.111,0.090,0.052,64,56,46,25
0.106,0.322,0.129,-0.79,0.151,-1,0.1997,0.1089,0.331,0.736,0.249,0.182,0.191,0.121,0.087,0.023,65,59,27,10,0.220,0.202,0.160,0.111,0.090,0.052,64,56,46,25
0.132,0.220,0.003,-0.79,0.151,-1,0.2223,0.1140,0.349,0.736,0.249,0.182,0.191,0.121,0.087,0.023,65,59,27,10,0.220,0.202,0.160,0.111,0.090,0.052,64,56,46,25
0.146,0.336,0.114,0.22,0.230,0,0.2301,0.1092,0.136,0.303,0.249,0.182,0.191,0.121,0.087,0.023,65,59,27,10,0.220,0.202,0.160,0.111,0.090,0.052,64,56,46,25
0.119,0.261,0.010,1.99,0.186,0,0.2266,0.1004,0.104,-0.326,0.249,0.182,0.191,0.121,0.087,0.023,65,59,27,10,0.220,0.202,0.160,0.111,0.090,0.052,64,56,46,25
0.112,0.305,0.388,-1.19,0.219,1,0.2115,0.0849,0.448,0.586,0.249,0.182,0.191,0.121,0.087,0.023,65,59,27,10,0.220,0.202,0.160,0.111,0.090,0.052,64,56,46,25
0.115,0.238,0.079,1.99,0.186,0,0.1891,0.0681,0.174,-0.326,0.249,0.182,0.191,0.121,0.087,0.023,65,59,27,10,0.220,0.202,0.160,0.111,0.090,0.052,64,56,46,25
0.113,0.240,0.099,0.85,0.046,0,0.1565,0.0494,0.153,0.06,0.249,0.182,0.191,0.121,0.087,0.023,65,59,27,10,0.220,0.202,0.160,0.111,0.090,0.052,64,56,46,25
0.105,0.257,0.154,0,0.000,0,0.1240,0.0328,0.289,0.166,0.249,0.182,0.191,0.121,0.087,0.023,65,59,27,10,0.220,0.202,0.160,0.111,0.090,0.052,64,56,46,25
0.108,0.234,0.238,1.42,0.221,0,0.0917,0.0185,0.124,-0.397,0.249,0.182,0.191,0.121,0.087,0.023,65,59,27,10,0.220,0.202,0.160,0.111,0.090,0.052,64,56,46,25
0.132,0.238,0.168,0.85,0.046,0,0.0775,0.0164,0.183,0.06,0.249,0.182,0.191,0.121,0.087,0.023,65,59,27,10,0.220,0.202,0.160,0.111,0.090,0.052,64,56,46,25
0.136,0.289,0.204,-1.1,0.105,-1,0.0723,0.0201,0.266,0.192,0.249,0.182,0.191,0.121,0.087,0.023,65,59,27,10,0.220,0.202,0.160,0.111,0.090,0.052,64,56,46,25
0.174,0.388,0.092,0,0.000,0,0.0640,0.0202,0.065,0.166,0.249,0.182,0.191,0.121,0.087,0.023,65,59,27,10,0.220,0.202,0.160,0.111,0.090,0.052,64,56,46,25
0.208,0.376,0.047,1.99,0.186,0,0.0488,0.0145,0.063,-0.326,0.249,0.182,0.191,0.121,0.087,0.023,65,59,27,10,0.220,0.202,0.160,0.111,0.090,0.052,64,56,46,25
0.199,0.376,0.080,1.69,0.290,0,0.0378,0.0104,0.097,-0.697,0.249,0.182,0.191,0.121,0.087,0.023,65,59,27,10,0.220,0.202,0.160,0.111,0.090,0.052,64,56,46,25
0.204,0.376,0.117,1.99,0.186,0,0.0345,0.0091,0.054,-0.326,0.249,0.182,0.191,0.121,0.087,0.023,65,59,27,10,0.220,0.202,0.160,0.111,0.090,0.052,64,56,46,25
0.150,0.368,0.080,1.99,0.186,0,0.0346,0.0088,0.015,-0.326,0.249,0.182,0.191,0.121,0.087,0.023,65,59,27,10,0.220,0.202,0.160,0.111,0.090,0.052,64,56,46,25
0.151,0.730,0.376,0.2,0.291,1,0.0341,0.0089,0.124,0.180,0.249,0.182,0.191,0.121,0.087,0.023,65,59,27,10,0.220,0.202,0.160,0.111,0.090,0.052,64,56,46,25
0.149,0.460,0.339,-0.42,0.180,0,0.0290,0.0079,0.161,0.318,0.249,0.182,0.191,0.121,0.087,0.023,65,59,27,10,0.220,0.202,0.160,0.111,0.090,0.052,64,56,46,25
0.153,0.404,0.411,2.1,0.128,0,0.0231,0.0056,0.028,0.02,0.249,0.182,0.191,0.121,0.087,0.023,65,59,27,10,0.220,0.202,0.160,0.111,0.090,0.052,64,56,46,25
0.147,0.369,0.438,1.99,0.186,0,0.0199,0.0043,0.035,-0.326,0.249,0.182,0.191,0.121,0.087,0.023,65,59,27,10,0.220,0.202,0.160,0.111,0.090,0.052,64,56,46,25
0.146,0.720,0.569,0.2,0.291,1,0.0197,0.0040,0.333,0.180,0.249,0.182,0.191,0.121,0.087,0.023,65,59,27,10,0.220,0.202,0.160,0.111,0.090,0.052,64,56,46,25
0.162,0.438,0.549,-0.52,0.062,0,0.0180,0.0036,0.238,0.341,0.249,0.182,0.191,0.121,0.087,0.023,65,59,27,10,0.220,0.202,0.160,0.111,0.090,0.052,64,56,46,25
0.153,0.380,0.398,1.99,0.186,0,0.0200,0.0045,0.128,-0.326,0.249,0.182,0.191,0.121,0.087,0.023,65,59,27,10,0.220,0.202,0.160,0.111,0.090,0.052,64,56,46,25
0.154,0.494,0.460,0,0.000,0,0.0242,0.0062,0.168,0.166,0.249,0.182,0.191,0.121,0.087,0.023,65,59,27,10,0.220,0.202,0.160,0.111,0.090,0.052,64,56,46,25
0.191,0.496,0.365,0,0.000,0,0.0285,0.0082,0.152,0.166,0.249,0.182,0.191,0.121,0.087,0.023,65,59,27,10,0.220,0.202,0.160,0.111,0.090,0.052,64,56,46,25
0.161,0.628,0.262,1.37,0.298,0,0.0296,0.0085,0.114,-0.510,0.249,0.182,0.191,0.121,0.087,0.023,65,59,27,10,0.220,0.202,0.160,0.111,0.090,0.052,64,56,46,25
0.172,0.402,0.202,2.53,0.140,0,0.0329,0.0097,0.088,-0.121,0.249,0.182,0.191,0.121,0.087,0.023,65,59,27,10,0.220,0.202,0.160,0.111,0.090,0.052,64,56,46,25
0.178,0.382,0.035,1.99,0.186,0,0.0405,0.0123,0.052,-0.326,0.249,0.182,0.191,0.121,0.087,0.023,65,59,27,10,0.220,0.202,0.160,0.111,0.090,0.052,64,56,46,25
0.153,0.373,0.173,-0.52,0.062,0,0.0469,0.0146,0.090,0.341,0.249,0.182,0.191,0.121,0.087,0.023,65,59,27,10,0.220,0.202,0.160,0.111,0.090,0.052,64,56,46,25
0.142,0.368,0.084,1.99,0.186,0,0.0472,0.0155,0.051,-0.326,0.249,0.182,0.191,0.121,0.087,0.023,65,59,27,10,0.220,0.202,0.160,0.111,0.090,0.052,64,56,46,25
0.139,0.300,0.228,2.53,0.140,0,0.0475,0.0145,0.081,-0.121,0.249,0.182,0.191,0.121,0.087,0.023,65,59,27,10,0.220,0.202,0.160,0.111,0.090,0.052,64,56,46,25
0.109,0.457,0.325,0.22,0.230,0,0.0523,0.0156,0.165,0.303,0.249,0.182,0.191,0.121,0.087,0.023,65,59,27,10,0.220,0.202,0.160,0.111,0.090,0.052,64,56,46,25
0.108,0.357,0.238,-1.1,0.105,-1,0.0633,0.0187,0.169,0.192,0.249,0.182,0.191,0.121,0.087,0.023,65,59,27,10,0.220,0.202,0.160,0.111,0.090,0.052,64,56,46,25
0.105,0.339,0.171,2.53,0.140,0,0.0763,0.0220,0.088,-0.121,0.249,0.182,0.191,0.121,0.087,0.023,65,59,27,10,0.220,0.202,0.160,0.111,0.090,0.052,64,56,46,25
0.103,0.458,0.396,0.2,0.291,1,0.0893,0.0257,0.235,0.180,0.249,0.182,0.191,0.121,0.087,0.023,65,59,27,10,0.220,0.202,0.160,0.111,0.090,0.052,64,56,46,25
0.085,0.379,0.373,1.69,0.290,0,0.1078,0.0339,0.127,-0.697,0.249,0.182,0.191,0.121,0.087,0.023,65,59,27,10,0.220,0.202,0.160,0.111,0.090,0.052,64,56,46,25
0.097,0.421,0.439,0.22,0.230,0,0.1196,0.0383,0.203,0.303,0.249,0.182,0.191,0.121,0.087,0.023,65,59,27,10,0.220,0.202,0.160,0.111,0.090,0.052,64,56,46,25
0.092,0.888,0.604,0.22,0.230,0,0.1346,0.0469,0.222,0.303,0.249,0.182,0.191,0.121,0.087,0.023,65,59,27,10,0.220,0.202,0.160,0.111,0.090,0.052,64,56,46,25
0.082,0.845,0.386,1.69,0.290,0,0.1391,0.0485,0.087,-0.697,0.249,0.182,0.191,0.121,0.087,0.023,65,59,27,10,0.220,0.202,0.160,0.111,0.090,0.052,64,56,46,25
0.079,0.358,0.377,-1.14,0.131,0,0.1466,0.0575,0.217,0.987,0.249,0.182,0.191,0.121,0.087,0.023,65,59,27,10,0.220,0.202,0.160,0.111,0.090,0.052,64,56,46,25
0.077,0.384,0.131,3.14,0.186,0,0.1636,0.0746,0.111,-0.486,0.249,0.182,0.191,0.121,0.087,0.023,65,59,27,10,0.220,0.202,0.160,0.111,0.090,0.052,64,56,46,25
0.077,0.389,0.277,-0.79,0.151,-1,0.1686,0.0835,0.302,0.736,0.249,0.182,0.191,0.121,0.087,0.023,65,59,27,10,0.220,0.202,0.160,0.111,0.090,0.052,64,56,46,25
0.074,0.580,0.426,0.2,0.291,1,0.1810,0.0974,0.309,0.180,0.249,0.182,0.191,0.121,0.087,0.023,65,59,27,10,0.220,0.202,0.160,0.111,0.090,0.052,64,56,46,25
0.078,0.534,0.418,-0.42,0.180,0,0.1782,0.0994,0.235,0.318,0.249,0.182,0.191,0.121,0.087,0.023,65,59,27,10,0.220,0.202,0.160,0.111,0.090,0.052,64,56,46,25
0.098,0.455,0.244,1.99,0.186,0,0.1826,0.1010,0.164,-0.326,0.249,0.182,0.191,0.121,0.087,0.023,65,59,27,10,0.220,0.202,0.160,0.111,0.090,0.052,64,56,46,25
0.095,0.833,0.314,-0.48,0.134,0,0.2065,0.1130,0.331,0.007,0.249,0.182,0.191,0.121,0.087,0.023,65,59,27,10,0.220,0.202,0.160,0.111,0.090,0.052,64,56,46,25
0.123,0.488,0.322,0,0.000,0,0.2359,0.1290,0.170,0.166,0.249,0.182,0.191,0.121,0.087,0.023,65,59,27,10,0.220,0.202,0.160,0.111,0.090,0.052,64,56,46,25
0.118,0.516,0.353,-0.08,0.108,0,0.2571,0.1401,0.206,0.059,0.249,0.182,0.191,0.121,0.087,0.023,65,59,27,10,0.220,0.202,0.160,0.111,0.090,0.052,64,56,46,25
0.113,0.555,0.351,1.37,0.298,0,0.2773,0.1474,0.108,-0.510,0.249,0.182,0.191,0.121,0.087,0.023,65,59,27,10,0.220,0.202,0.160,0.111,0.090,0.052,64,56,46,25
0.130,0.395,0.572,0.85,0.046,0,0.2910,0.1511,0.117,0.06,0.249,0.182,0.191,0.121,0.087,0.023,65,59,27,10,0.220,0.202,0.160,0.111,0.090,0.052,64,56,46,25
0.137,0.480,0.355,3.14,0.186,0,0.2989,0.1517,0.103,-0.486,0.249,0.182,0.191,0.121,0.087,0.023,65,59,27,10,0.220,0.202,0.160,0.111,0.090,0.052,64,56,46,25
0.115,0.442,0.472,0.85,0.046,0,0.2883,0.1428,0.176,0.06,0.249,0.182,0.191,0.121,0.087,0.023,65,59,27,10,0.220,0.202,0.160,0.111,0.090,0.052,64,56,46,25
0.140,0.841,0.433,0,0.000,0,0.2646,0.1289,0.200,0.166,0.249,0.182,0.191,0.121,0.087,0.023,65,59,27,10,0.220,0.202,0.160,0.111,0.090,0.052,64,56,46,25
0.138,0.843,0.320,0,0.000,0,0.2293,0.1112,0.157,0.166,0.249,0.182,0.191,0.121,0.087,0.023,65,59,27,10,0.220,0.202,0.160,0.111,0.090,0.052,64,56,46,25
0.117,0.569,0.358,-1.19,0.219,1,0.1813,0.0861,0.343,0.586,0.249,0.182,0.191,0.121,0.087,0.023,65,59,27,10,0.220,0.202,0.160,0.111,0.090,0.052,64,56,46,25
0.097,0.395,0.356,0.85,0.046,0,0.1511,0.0745,0.166,0.06,0.249,0.182,0.191,0.121,0.087,0.023,65,59,27,10,0.220,0.202,0.160,0.111,0.090,0.052,64,56,46,25
0.102,0.461,0.537,0.22,0.230,0,0.1163,0.0565,0.197,0.303,0.249,0.182,0.191,0.121,0.087,0.023,65,59,27,10,0.220,0.202,0.160,0.111,0.090,0.052,64,56,46,25
0.105,0.338,0.190,2.1,0.128,0,0.1158,0.0674,0.115,0.02,0.249,0.182,0.191,0.121,0.087,0.023,65,59,27,10,0.220,0.202,0.160,0.111,0.090,0.052,64,56,46,25
0.115,0.349,0.222,0,0.000,0,0.1385,0.0971,0.168,0.166,0.249,0.182,0.191,0.121,0.087,0.023,65,59,27,10,0.220,0.202,0.160,0.111,0.090,0.052,64,56,46,25
0.124,0.212,0.057,-1.14,0.131,0,0.1746,0.1332,0.221,0.987,0.249,0.182,0.191,0.121,0.087,0.023,65,59,27,10,0.220,0.202,0.160,0.111,0.090,0.052,64,56,46,25
0.118,0.184,0.130,0.85,0.046,0,0.2174,0.1679,0.234,0.06,0.249,0.182,0.191,0.121,0.087,0.023,65,59,27,10,0.220,0.202,0.160,0.111,0.090,0.052,64,56,46,25
0.116,0.166,0.012,-0.79,0.151,-1,0.2420,0.1829,0.253,0.736,0.249,0.182,0.191,0.121,0.087,0.023,65,59,27,10,0.220,0.202,0.160,0.111,0.090,0.052,64,56,46,25
0.117,0.146,0.008,1.99,0.186,0,0.2530,0.1811,0.055,-0.326,0.249,0.182,0.191,0.121,0.087,0.023,65,59,27,10,0.220,0.202,0.160,0.111,0.090,0.052,64,56,46,25
0.115,0.155,0.006,2.1,0.128,0,0.2649,0.1828,0.062,0.02,0.249,0.182,0.191,0.121,0.087,0.023,65,59,27,10,0.220,0.202,0.160,0.111,0.090,0.052,64,56,46,25
0.107,0.176,0.038,-0.79,0.151,-1,0.2690,0.1822,0.293,0.736,0.249,0.182,0.191,0.121,0.087,0.023,65,59,27,10,0.220,0.202,0.160,0.111,0.090,0.052,64,56,46,25
0.089,0.221,0.067,1.69,0.290,0,0.2595,0.1775,0.059,-0.697,0.249,0.182,0.191,0.121,0.087,0.023,65,59,27,10,0.220,0.202,0.160,0.111,0.090,0.052,64,56,46,25
0.074,0.351,0.333,1.37,0.298,0,0.2335,0.1580,0.116,-0.510,0.249,0.182,0.191,0.121,0.087,0.023,65,59,27,10,0.220,0.202,0.160,0.111,0.090,0.052,64,56,46,25
0.069,0.345,0.397,-0.52,0.062,0,0.2108,0.1377,0.240,0.341,0.249,0.182,0.191,0.121,0.087,0.023,65,59,27,10,0.220,0.202,0.160,0.111,0.090,0.052,64,56,46,25
0.069,0.440,0.410,0.2,0.291,1,0.1933,0.1214,0.379,0.180,0.249,0.182,0.191,0.121,0.087,0.023,65,59,27,10,0.220,0.202,0.160,0.111,0.090,0.052,64,56,46,25
0.085,0.306,0.351,-1.1,0.105,-1,0.1870,0.1151,0.255,0.192,0.249,0.182,0.191,0.121,0.087,0.023,65,59,27,10,0.220,0.202,0.160,0.111,0.090,0.052,64,56,46,25
0.085,0.282,0.273,-1.14,0.131,0,0.1993,0.1250,0.398,0.987,0.249,0.182,0.191,0.121,0.087,0.023,65,59,27,10,0.220,0.202,0.160,0.111,0.090,0.052,64,56,46,25
0.087,0.327,0.205,-1.1,0.105,-1,0.2186,0.1412,0.527,0.192,0.249,0.182,0.191,0.121,0.087,0.023,65,59,27,10,0.220,0.202,0.160,0.111,0.090,0.052,64,56,46,25
0.090,0.349,0.276,0,0.000,0,0.2435,0.1604,0.275,0.166,0.249,0.182,0.191,0.121,0.087,0.023,65,59,27,10,0.220,0.202,0.160,0.111,0.090,0.052,64,56,46,25
0.095,0.350,0.189,1.99,0.186,0,0.2818,0.1851,0.157,-0.326,0.249,0.182,0.191,0.121,0.087,0.023,65,59,27,10,0.220,0.202,0.160,0.111,0.090,0.052,64,56,46,25
0.088,0.307,0.204,-1.14,0.131,0,0.3176,0.2027,0.286,0.987,0.249,0.182,0.191,0.121,0.087,0.023,65,59,27,10,0.220,0.202,0.160,0.111,0.090,0.052,64,56,46,25
0.114,0.333,0.423,2.1,0.128,0,0.3684,0.2323,0.183,0.02,0.249,0.182,0.191,0.121,0.087,0.023,65,59,27,10,0.220,0.202,0.160,0.111,0.090,0.052,64,56,46,25
0.140,0.367,0.430,-0.48,0.134,0,0.4175,0.2634,0.274,0.007,0.249,0.182,0.191,0.121,0.087,0.023,65,59,27,10,0.220,0.202,0.160,0.111,0.090,0.052,64,56,46,25
0.156,0.343,0.090,1.99,0.186,0,0.4727,0.3021,0.103,-0.326,0.249,0.182,0.191,0.121,0.087,0.023,65,59,27,10,0.220,0.202,0.160,0.111,0.090,0.052,64,56,46,25
0.122,0.453,0.422,0.2,0.291,1,0.5055,0.3197,0.306,0.180,0.249,0.182,0.191,0.121,0.087,0.023,65,59,27,10,0.220,0.202,0.160,0.111,0.090,0.052,64,56,46,25
0.112,0.385,0.647,-1.19,0.219,1,0.5283,0.3281,0.345,0.586,0.249,0.182,0.191,0.121,0.087,0.023,65,59,27,10,0.220,0.202,0.160,0.111,0.090,0.052,64,56,46,25
0.113,0.308,0.448,-1.14,0.131,0,0.5228,0.3175,0.298,0.987,0.249,0.182,0.191,0.121,0.087,0.023,65,59,27,10,0.220,0.202,0.160,0.111,0.090,0.052,64,56,46,25
0.113,0.324,0.329,2.1,0.128,0,0.5016,0.3008,0.181,0.02,0.249,0.182,0.191,0.121,0.087,0.023,65,59,27,10,0.220,0.202,0.160,0.111,0.090,0.052,64,56,46,25
0.120,0.408,0.472,-0.48,0.134,0,0.4742,0.2857,0.406,0.007,0.249,0.182,0.191,0.121,0.087,0.023,65,59,27,10,0.220,0.202,0.160,0.111,0.090,0.052,64,56,46,25
0.117,0.454,0.547,0.2,0.291,1,0.4527,0.2886,0.338,0.180,0.249,0.182,0.191,0.121,0.087,0.023,65,59,27,10,0.220,0.202,0.160,0.111,0.090,0.052,64,56,46,25
0.097,0.274,0.425,-1.14,0.131,0,0.4211,0.2811,0.360,0.987,0.249,0.182,0.191,0.121,0.087,0.023,65,59,27,10,0.220,0.202,0.160,0.111,0.090,0.052,64,56,46,25
0.098,0.296,0.395,-0.52,0.062,0,0.3995,0.2785,0.467,0.341,0.249,0.182,0.191,0.121,0.087,0.023,65,59,27,10,0.220,0.202,0.160,0.111,0.090,0.052,64,56,46,25
0.098,0.250,0.351,0,0.000,0,0.3705,0.2679,0.397,0.166,0.249,0.182,0.191,0.121,0.087,0.023,65,59,27,10,0.220,0.202,0.160,0.111,0.090,0.052,64,56,46,25
0.115,0.212,0.316,1.99,0.186,0,0.3541,0.2657,0.250,-0.326,0.249,0.182,0.191,0.121,0.087,0.023,65,59,27,10,0.220,0.202,0.160,0.111,0.090,0.052,64,56,46,25
0.120,0.246,0.141,-0.79,0.151,-1,0.3515,0.2775,0.419,0.736,0.249,0.182,0.191,0.121,0.087,0.023,65,59,27,10,0.220,0.202,0.160,0.111,0.090,0.052,64,56,46,25
0.111,0.245,0.131,-1.14,0.131,0,0.3559,0.2974,0.326,0.987,0.249,0.182,0.191,0.121,0.087,0.023,65,59,27,10,0.220,0.202,0.160,0.111,0.090,0.052,64,56,46,25
0.090,0.378,0.330,-0.42,0.180,0,0.3525,0.3108,0.272,0.318,0.249,0.182,0.191,0.121,0.087,0.023,65,59,27,10,0.220,0.202,0.160,0.111,0.090,0.052,64,56,46,25
0.098,0.322,0.145,-1.14,0.131,0,0.3352,0.3109,0.344,0.987,0.249,0.182,0.191,0.121,0.087,0.023,65,59,27,10,0.220,0.202,0.160,0.111,0.090,0.052,64,56,46,25
0.095,0.383,0.102,0,0.000,0,0.3169,0.3097,0.190,0.166,0.249,0.182,0.191,0.121,0.087,0.023,65,59,27,10,0.220,0.202,0.160,0.111,0.090,0.052,64,56,46,25
0.117,0.290,0.005,2.53,0.140,0,0.2971,0.3055,0.096,-0.121,0.249,0.182,0.191,0.121,0.087,0.023,65,59,27,10,0.220,0.202,0.160,0.111,0.090,0.052,64,56,46,25
0.108,0.329,0.451,1.69,0.290,0,0.2792,0.3031,0.087,-0.697,0.249,0.182,0.191,0.121,0.087,0.023,65,59,27,10,0.220,0.202,0.160,0.111,0.090,0.052,64,56,46,25
0.101,0.275,0.069,-1.1,0.105,-1,0.2602,0.3000,0.246,0.192,0.249,0.182,0.191,0.121,0.087,0.023,65,59,27,10,0.220,0.202,0.160,0.111,0.090,0.052,64,56,46,25
0.096,0.290,0.024,2.1,0.128,0,0.2359,0.2837,0.087,0.02,0.249,0.182,0.191,0.121,0.087,0.023,65,59,27,10,0.220,0.202,0.160,0.111,0.090,0.052,64,56,46,25
0.097,0.308,0.037,1.99,0.186,0,0.2115,0.2602,0.081,-0.326,0.249,0.182,0.191,0.121,0.087,0.023,65,59,27,10,0.220,0.202,0.160,0.111,0.090,0.052,64,56,46,25
0.095,0.356,0.392,0.2,0.291,1,0.1843,0.2321,0.237,0.180,0.249,0.182,0.191,0.121,0.087,0.023,65,59,27,10,0.220,0.202,0.160,0.111,0.090,0.052,64,56,46,25
0.111,0.288,0.198,-1.1,0.105,-1,0.1592,0.2021,0.251,0.192,0.249,0.182,0.191,0.121,0.087,0.023,65,59,27,10,0.220,0.202,0.160,0.111,0.090,0.052,64,56,46,25
0.080,0.242,0.012,0.85,0.046,0,0.1314,0.1704,0.150,0.06,0.249,0.182,0.191,0.121,0.087,0.023,65,59,27,10,0.220,0.202,0.160,0.111,0.090,0.052,64,56,46,25
0.103,0.291,0.082,1.42,0.221,0,0.1135,0.1511,0.133,-0.397,0.249,0.182,0.191,0.121,0.087,0.023,65,59,27,10,0.220,0.202,0.160,0.111,0.090,0.052,64,56,46,25
0.107,0.293,0.013,2.53,0.140,0,0.1034,0.1376,0.102,-0.121,0.249,0.182,0.191,0.121,0.087,0.023,65,59,27,10,0.220,0.202,0.160,0.111,0.090,0.052,64,56,46,25
0.085,0.441,0.253,0.2,0.291,1,0.1055,0.1355,0.308,0.180,0.249,0.182,0.191,0.121,0.087,0.023,65,59,27,10,0.220,0.202,0.160,0.111,0.090,0.052,64,56,46,25
0.087,0.337,0.011,-1.1,0.105,-1,0.1146,0.1391,0.276,0.192,0.249,0.182,0.191,0.121,0.087,0.023,65,59,27,10,0.220,0.202,0.160,0.111,0.090,0.052,64,56,46,25
0.086,0.424,0.379,1.37,0.298,0,0.1323,0.1481,0.134,-0.510,0.249,0.182,0.191,0.121,0.087,0.023,65,59,27,10,0.220,0.202,0.160,0.111,0.090,0.052,64,56,46,25
0.090,0.330,0.266,2.53,0.140,0,0.1572,0.1644,0.081,-0.121,0.249,0.182,0.191,0.121,0.087,0.023,65,59,27,10,0.220,0.202,0.160,0.111,0.090,0.052,64,56,46,25
0.087,0.495,0.418,0.2,0.291,1,0.1952,0.1943,0.306,0.180,0.249,0.182,0.191,0.121,0.087,0.023,65,59,27,10,0.220,0.202,0.160,0.111,0.090,0.052,64,56,46,25
0.070,0.441,0.326,-0.42,0.180,0,0.2166,0.2123,0.308,0.318,0.249,0.182,0.191,0.121,0.087,0.023,65,59,27,10,0.220,0.202,0.160,0.111,0.090,0.052,64,56,46,25
0.065,0.854,0.364,-0.08,0.108,0,0.2104,0.2070,0.156,0.059,0.249,0.182,0.191,0.121,0.087,0.023,65,59,27,10,0.220,0.202,0.160,0.111,0.090,0.052,64,56,46,25
0.069,0.859,0.380,1.76,0.409,0,0.2043,0.2002,0.126,-0.884,0.249,0.182,0.191,0.121,0.087,0.023,65,59,27,10,0.220,0.202,0.160,0.111,0.090,0.052,64,56,46,25
0.066,0.419,0.472,-1.19,0.219,1,0.1924,0.1875,0.474,0.586,0.249,0.182,0.191,0.121,0.087,0.023,65,59,27,10,0.220,0.202,0.160,0.111,0.090,0.052,64,56,46,25
0.062,0.253,0.232,1.99,0.186,0,0.1888,0.1823,0.233,-0.326,0.249,0.182,0.191,0.121,0.087,0.023,65,59,27,10,0.220,0.202,0.160,0.111,0.090,0.052,64,56,46,25
0.065,0.159,0.405,-0.79,0.151,-1,0.1876,0.1808,0.365,0.736,0.249,0.182,0.191,0.121,0.087,0.023,65,59,27,10,0.220,0.202,0.160,0.111,0.090,0.052,64,56,46,25
0.061,0.132,0.453,0,0.000,0,0.2030,0.1927,0.320,0.166,0.249,0.182,0.191,0.121,0.087,0.023,65,59,27,10,0.220,0.202,0.160,0.111,0.090,0.052,64,56,46,25
0.064,0.143,0.260,-0.79,0.151,-1,0.2154,0.2010,0.396,0.736,0.249,0.182,0.191,0.121,0.087,0.023,65,59,27,10,0.220,0.202,0.160,0.111,0.090,0.052,64,56,46,25
0.068,0.144,0.282,0.85,0.046,0,0.2363,0.2169,0.283,0.06,0.249,0.182,0.191,0.121,0.087,0.023,65,59,27,10,0.220,0.202,0.160,0.111,0.090,0.052,64,56,46,25
0.066,0.148,0.108,1.99,0.186,0,0.2608,0.2374,0.088,-0.326,0.249,0.182,0.191,0.121,0.087,0.023,65,59,27,10,0.220,0.202,0.160,0.111,0.090,0.052,64,56,46,25
0.064,0.161,0.145,-0.79,0.151,-1,0.2820,0.2564,0.268,0.736,0.249,0.182,0.191,0.121,0.087,0.023,65,59,27,10,0.220,0.202,0.160,0.111,0.090,0.052,64,56,46,25
0.053,0.205,0.165,-0.42,0.180,0,0.2955,0.2690,0.363,0.318,0.249,0.182,0.191,0.121,0.087,0.023,65,59,27,10,0.220,0.202,0.160,0.111,0.090,0.052,64,56,46,25
0.070,0.164,0.058,0.85,0.046,0,0.2906,0.2655,0.144,0.06,0.249,0.182,0.191,0.121,0.087,0.023,65,59,27,10,0.220,0.202,0.160,0.111,0.090,0.052,64,56,46,25
0.102,0.170,0.141,3.14,0.186,0,0.2765,0.2549,0.111,-0.486,0.249,0.182,0.191,0.121,0.087,0.023,65,59,27,10,0.220,0.202,0.160,0.111,0.090,0.052,64,56,46,25
0.080,0.159,0.107,3.14,0.186,0,0.2711,0.2537,0.199,-0.486,0.249,0.182,0.191,0.121,0.087,0.023,65,59,27,10,0.220,0.202,0.160,0.111,0.090,0.052,64,56,46,25
0.081,0.193,0.366,-0.52,0.062,0,0.2607,0.2479,0.396,0.341,0.249,0.182,0.191,0.121,0.087,0.023,65,59,27,10,0.220,0.202,0.160,0.111,0.090,0.052,64,56,46,25
0.095,0.211,0.507,-0.42,0.180,0,0.2544,0.2469,0.318,0.318,0.249,0.182,0.191,0.121,0.087,0.023,65,59,27,10,0.220,0.202,0.160,0.111,0.090,0.052,64,56,46,25
0.088,0.183,0.373,0.85,0.046,0,0.2648,0.2613,0.142,0.06,0.249,0.182,0.191,0.121,0.087,0.023,65,59,27,10,0.220,0.202,0.160,0.111,0.090,0.052,64,56,46,25
0.109,0.268,0.614,-1.14,0.131,0,0.2772,0.2799,0.378,0.987,0.249,0.182,0.191,0.121,0.087,0.023,65,59,27,10,0.220,0.202,0.160,0.111,0.090,0.052,64,56,46,25
0.116,0.381,0.333,-0.42,0.180,0,0.2869,0.2969,0.385,0.318,0.249,0.182,0.191,0.121,0.087,0.023,65,59,27,10,0.220,0.202,0.160,0.111,0.090,0.052,64,56,46,25
0.095,0.299,0.164,2.53,0.140,0,0.2956,0.3124,0.091,-0.121,0.249,0.182,0.191,0.121,0.087,0.023,65,59,27,10,0.220,0.202,0.160,0.111,0.090,0.052,64,56,46,25
0.121,0.320,0.222,-0.79,0.151,-1,0.3104,0.3337,0.313,0.736,0.249,0.182,0.191,0.121,0.087,0.023,65,59,27,10,0.220,0.202,0.160,0.111,0.090,0.052,64,56,46,25
0.131,0.350,0.369,-1.19,0.219,1,0.3302,0.3582,0.399,0.586,0.249,0.182,0.191,0.121,0.087,0.023,65,59,27,10,0.220,0.202,0.160,0.111,0.090,0.052,64,56,46,25
0.124,0.295,0.001,1.99,0.186,0,0.3362,0.3712,0.109,-0.326,0.249,0.182,0.191,0.121,0.087,0.023,65,59,27,10,0.220,0.202,0.160,0.111,0.090,0.052,64,56,46,25
0.088,0.271,0.004,3.14,0.186,0,0.3420,0.3840,0.104,-0.486,0.249,0.182,0.191,0.121,0.087,0.023,65,59,27,10,0.220,0.202,0.160,0.111,0.090,0.052,64,56,46,25
0.080,0.255,0.018,0.85,0.046,0,0.3385,0.3873,0.206,0.06,0.249,0.182,0.191,0.121,0.087,0.023,65,59,27,10,0.220,0.202,0.160,0.111,0.090,0.052,64,56,46,25
0.082,0.316,0.012,-0.08,0.108,0,0.3294,0.3838,0.228,0.059,0.249,0.182,0.191,0.121,0.087,0.023,65,59,27,10,0.220,0.202,0.160,0.111,0.090,0.052,64,56,46,25
0.089,0.421,0.084,-0.08,0.108,0,0.3087,0.3703,0.144,0.059,0.249,0.182,0.191,0.121,0.087,0.023,65,59,27,10,0.220,0.202,0.160,0.111,0.090,0.052,64,56,46,25
0.093,0.298,0.020,0.85,0.046,0,0.2906,0.3604,0.199,0.06,0.249,0.182,0.191,0.121,0.087,0.023,65,59,27,10,0.220,0.202,0.160,0.111,0.090,0.052,64,56,46,25
0.097,0.368,0.079,0.22,0.230,0,0.2806,0.3554,0.303,0.303,0.249,0.182,0.191,0.121,0.087,0.023,65,59,27,10,0.220,0.202,0.160,0.111,0.090,0.052,64,56,46,25
0.095,0.239,0.056,-0.79,0.151,-1,0.2778,0.3538,0.375,0.736,0.249,0.182,0.191,0.121,0.087,0.023,65,59,27,10,0.220,0.202,0.160,0.111,0.090,0.052,64,56,46,25
0.099,0.344,0.301,0.2,0.291,1,0.2922,0.3651,0.311,0.180,0.249,0.182,0.191,0.121,0.087,0.023,65,59,27,10,0.220,0.202,0.160,0.111,0.090,0.052,64,56,46,25
0.099,0.245,0.298,1.42,0.221,0,0.3237,0.3897,0.090,-0.397,0.249,0.182,0.191,0.121,0.087,0.023,65,59,27,10,0.220,0.202,0.160,0.111,0.090,0.052,64,56,46,25
0.064,0.287,0.286,-1.14,0.131,0,0.3571,0.4135,0.258,0.987,0.249,0.182,0.191,0.121,0.087,0.023,65,59,27,10,0.220,0.202,0.160,0.111,0.090,0.052,64,56,46,25
0.065,0.451,0.556,1.76,0.409,0,0.3948,0.4407,0.200,-0.884,0.249,0.182,0.191,0.121,0.087,0.023,65,59,27,10,0.220,0.202,0.160,0.111,0.090,0.052,64,56,46,25
0.053,0.458,0.470,1.37,0.298,0,0.4227,0.4576,0.152,-0.510,0.249,0.182,0.191,0.121,0.087,0.023,65,59,27,10,0.220,0.202,0.160,0.111,0.090,0.052,64,56,46,25
0.055,0.487,0.493,0.22,0.230,0,0.4440,0.4705,0.205,0.303,0.249,0.182,0.191,0.121,0.087,0.023,65,59,27,10,0.220,0.202,0.160,0.111,0.090,0.052,64,56,46,25
0.073,0.438,0.560,-0.52,0.062,0,0.4475,0.4688,0.228,0.341,0.249,0.182,0.191,0.121,0.087,0.023,65,59,27,10,0.220,0.202,0.160,0.111,0.090,0.052,64,56,46,25
0.077,0.374,0.520,-0.52,0.062,0,0.4198,0.4405,0.288,0.341,0.249,0.182,0.191,0.121,0.087,0.023,65,59,27,10,0.220,0.202,0.160,0.111,0.090,0.052,64,56,46,25
0.068,0.352,0.410,1.99,0.186,0,0.3833,0.4071,0.192,-0.326,0.249,0.182,0.191,0.121,0.087,0.023,65,59,27,10,0.220,0.202,0.160,0.111,0.090,0.052,64,56,46,25
0.066,0.372,0.435,-0.08,0.108,0,0.3568,0.3819,0.295,0.059,0.249,0.182,0.191,0.121,0.087,0.023,65,59,27,10,0.220,0.202,0.160,0.111,0.090,0.052,64,56,46,25
0.084,0.468,0.693,0.2,0.291,1,0.3444,0.3681,0.330,0.180,0.249,0.182,0.191,0.121,0.087,0.023,65,59,27,10,0.220,0.202,0.160,0.111,0.090,0.052,64,56,46,25
0.081,0.330,0.232,-0.79,0.151,-1,0.3474,0.3685,0.435,0.736,0.249,0.182,0.191,0.121,0.087,0.023,65,59,27,10,0.220,0.202,0.160,0.111,0.090,0.052,64,56,46,25
0.075,0.285,0.146,-0.79,0.151,-1,0.3682,0.3839,0.335,0.736,0.249,0.182,0.191,0.121,0.087,0.023,65,59,27,10,0.220,0.202,0.160,0.111,0.090,0.052,64,56,46,25
0.075,0.259,0.071,0.85,0.046,0,0.3981,0.4036,0.136,0.06,0.249,0.182,0.191,0.121,0.087,0.023,65,59,27,10,0.220,0.202,0.160,0.111,0.090,0.052,64,56,46,25
0.105,0.359,0.086,-0.79,0.151,-1,0.4252,0.4191,0.300,0.736,0.249,0.182,0.191,0.121,0.087,0.023,65,59,27,10,0.220,0.202,0.160,0.111,0.090,0.052,64,56,46,25
0.120,0.516,0.234,0.2,0.291,1,0.4467,0.4280,0.357,0.180,0.249,0.182,0.191,0.121,0.087,0.023,65,59,27,10,0.220,0.202,0.160,0.111,0.090,0.052,64,56,46,25
0.138,0.457,0.384,-1.19,0.219,1,0.4501,0.4217,0.353,0.586,0.249,0.182,0.191,0.121,0.087,0.023,65,59,27,10,0.220,0.202,0.160,0.111,0.090,0.052,64,56,46,25
0.109,0.374,0.003,1.99,0.186,0,0.4423,0.4069,0.170,-0.326,0.249,0.182,0.191,0.121,0.087,0.023,65,59,27,10,0.220,0.202,0.160,0.111,0.090,0.052,64,56,46,25
0.103,0.416,0.169,1.37,0.298,0,0.4287,0.3881,0.214,-0.510,0.249,0.182,0.191,0.121,0.087,0.023,65,59,27,10,0.220,0.202,0.160,0.111,0.090,0.052,64,56,46,25
0.103,0.366,0.134,-0.52,0.062,0,0.4071,0.3668,0.397,0.341,0.249,0.182,0.191,0.121,0.087,0.023,65,59,27,10,0.220,0.202,0.160,0.111,0.090,0.052,64,56,46,25
0.112,0.411,0.017,0,0.000,0,0.3875,0.3501,0.270,0.166,0.249,0.182,0.191,0.121,0.087,0.023,65,59,27,10,0.220,0.202,0.160,0.111,0.090,0.052,64,56,46,25
0.103,0.407,0.066,0.85,0.046,0,0.3678,0.3360,0.218,0.06,0.249,0.182,0.191,0.121,0.087,0.023,65,59,27,10,0.220,0.202,0.160,0.111,0.090,0.052,64,56,46,25
0.132,0.495,0.486,-0.42,0.180,0,0.3585,0.3321,0.325,0.318,0.249,0.182,0.191,0.121,0.087,0.023,65,59,27,10,0.220,0.202,0.160,0.111,0.090,0.052,64,56,46,25
0.196,0.505,0.271,-0.08,0.108,0,0.3696,0.3458,0.360,0.059,0.249,0.182,0.191,0.121,0.087,0.023,65,59,27,10,0.220,0.202,0.160,0.111,0.090,0.052,64,56,46,25
0.161,0.858,0.191,-1.1,0.105,-1,0.3879,0.3642,0.355,0.192,0.249,0.182,0.191,0.121,0.087,0.023,65,59,27,10,0.220,0.202,0.160,0.111,0.090,0.052,64,56,46,25
0.189,0.497,0.221,0,0.000,0,0.4038,0.3791,0.222,0.166,0.249,0.182,0.191,0.121,0.087,0.023,65,59,27,10,0.220,0.202,0.160,0.111,0.090,0.052,64,56,46,25
0.186,0.592,0.320,-1.19,0.219,1,0.4158,0.3865,0.350,0.586,0.249,0.182,0.191,0.121,0.087,0.023,65,59,27,10,0.220,0.202,0.160,0.111,0.090,0.052,64,56,46,25
0.145,0.595,0.115,1.69,0.290,0,0.4241,0.3845,0.107,-0.697,0.249,0.182,0.191,0.121,0.087,0.023,65,59,27,10,0.220,0.202,0.160,0.111,0.090,0.052,64,56,46,25
0.130,0.570,0.432,1.99,0.186,0,0.4273,0.3744,0.117,-0.326,0.249,0.182,0.191,0.121,0.087,0.023,65,59,27,10,0.220,0.202,0.160,0.111,0.090,0.052,64,56,46,25
0.146,0.520,0.192,1.99,0.186,0,0.4193,0.3547,0.126,-0.326,0.249,0.182,0.191,0.121,0.087,0.023,65,59,27,10,0.220,0.202,0.160,0.111,0.090,0.052,64,56,46,25
0.139,0.772,0.449,0.2,0.291,1,0.3964,0.3254,0.240,0.180,0.249,0.182,0.191,0.121,0.087,0.023,65,59,27,10,0.220,0.202,0.160,0.111,0.090,0.052,64,56,46,25
0.143,0.869,0.332,-1.14,0.131,0,0.3630,0.2883,0.215,0.987,0.249,0.182,0.191,0.121,0.087,0.023,65,59,27,10,0.220,0.202,0.160,0.111,0.090,0.052,64,56,46,25
0.141,0.894,0.570,0.2,0.291,1,0.3140,0.2409,0.284,0.180,0.249,0.182,0.191,0.121,0.087,0.023,65,59,27,10,0.220,0.202,0.160,0.111,0.090,0.052,64,56,46,25
0.143,0.626,0.507,-1.19,0.219,1,0.2694,0.1977,0.411,0.586,0.249,0.182,0.191,0.121,0.087,0.023,65,59,27,10,0.220,0.202,0.160,0.111,0.090,0.052,64,56,46,25
0.134,0.508,0.375,-0.79,0.151,-1,0.2326,0.1631,0.483,0.736,0.249,0.182,0.191,0.121,0.087,0.023,65,59,27,10,0.220,0.202,0.160,0.111,0.090,0.052,64,56,46,25
0.142,0.659,0.341,-0.42,0.180,0,0.2104,0.1391,0.397,0.318,0.249,0.182,0.191,0.121,0.087,0.023,65,59,27,10,0.220,0.202,0.160,0.111,0.090,0.052,64,56,46,25
0.171,0.878,0.426,0,0.000,0,0.1993,0.1242,0.185,0.166,0.249,0.182,0.191,0.121,0.087,0.023,65,59,27,10,0.220,0.202,0.160,0.111,0.090,0.052,64,56,46,25
0.133,0.852,0.400,-0.08,0.108,0,0.1963,0.1171,0.220,0.059,0.249,0.182,0.191,0.121,0.087,0.023,65,59,27,10,0.220,0.202,0.160,0.111,0.090,0.052,64,56,46,25
0.160,0.774,0.380,1.37,0.298,0,0.2009,0.1171,0.127,-0.510,0.249,0.182,0.191,0.121,0.087,0.023,65,59,27,10,0.220,0.202,0.160,0.111,0.090,0.052,64,56,46,25
0.144,0.538,0.150,0.85,0.046,0,0.1974,0.1113,0.085,0.06,0.249,0.182,0.191,0.121,0.087,0.023,65,59,27,10,0.220,0.202,0.160,0.111,0.090,0.052,64,56,46,25
0.155,0.548,0.006,1.99,0.186,0,0.1958,0.1081,0.045,-0.326,0.249,0.182,0.191,0.121,0.087,0.023,65,59,27,10,0.220,0.202,0.160,0.111,0.090,0.052,64,56,46,25
0.133,0.612,0.071,-0.52,0.062,0,0.1817,0.0965,0.069,0.341,0.249,0.182,0.191,0.121,0.087,0.023,65,59,27,10,0.220,0.202,0.160,0.111,0.090,0.052,64,56,46,25
0.139,0.507,0.032,1.99,0.186,0,0.1538,0.0766,0.072,-0.326,0.249,0.182,0.191,0.121,0.087,0.023,65,59,27,10,0.220,0.202,0.160,0.111,0.090,0.052,64,56,46,25
0.131,0.545,0.152,3.14,0.186,0,0.1197,0.0549,0.058,-0.486,0.249,0.182,0.191,0.121,0.087,0.023,65,59,27,10,0.220,0.202,0.160,0.111,0.090,0.052,64,56,46,25
0.111,0.708,0.266,1.37,0.298,0,0.0945,0.0382,0.137,-0.510,0.249,0.182,0.191,0.121,0.087,0.023,65,59,27,10,0.220,0.202,0.160,0.111,0.090,0.052,64,56,46,25
0.131,0.503,0.173,0,0.000,0,0.0799,0.0274,0.149,0.166,0.249,0.182,0.191,0.121,0.087,0.023,65,59,27,10,0.220,0.202,0.160,0.111,0.090,0.052,64,56,46,25
0.130,0.526,0.194,-1.19,0.219,1,0.0745,0.0215,0.300,0.586,0.249,0.182,0.191,0.121,0.087,0.023,65,59,27,10,0.220,0.202,0.160,0.111,0.090,0.052,64,56,46,25
0.158,0.485,0.348,-0.08,0.108,0,0.0721,0.0200,0.136,0.059,0.249,0.182,0.191,0.121,0.087,0.023,65,59,27,10,0.220,0.202,0.160,0.111,0.090,0.052,64,56,46,25
0.166,0.409,0.477,2.53,0.140,0,0.0737,0.0225,0.064,-0.121,0.249,0.182,0.191,0.121,0.087,0.023,65,59,27,10,0.220,0.202,0.160,0.111,0.090,0.052,64,56,46,25
0.188,0.584,0.564,1.37,0.298,0,0.0842,0.0301,0.079,-0.510,0.249,0.182,0.191,0.121,0.087,0.023,65,59,27,10,0.220,0.202,0.160,0.111,0.090,0.052,64,56,46,25
0.227,0.587,0.555,0.22,0.230,0,0.0868,0.0303,0.099,0.303,0.249,0.182,0.191,0.121,0.087,0.023,65,59,27,10,0.220,0.202,0.160,0.111,0.090,0.052,64,56,46,25
0.206,0.596,0.396,1.37,0.298,0,0.0986,0.0318,0.062,-0.510,0.249,0.182,0.191,0.121,0.087,0.023,65,59,27,10,0.220,0.202,0.160,0.111,0.090,0.052,64,56,46,25
0.202,0.400,0.394,1.99,0.186,0,0.1086,0.0331,0.043,-0.326,0.249,0.182,0.191,0.121,0.087,0.023,65,59,27,10,0.220,0.202,0.160,0.111,0.090,0.052,64,56,46,25
0.199,0.458,0.121,3.14,0.186,0,0.1226,0.0355,0.064,-0.486,0.249,0.182,0.191,0.121,0.087,0.023,65,59,27,10,0.220,0.202,0.160,0.111,0.090,0.052,64,56,46,25
0.195,0.503,0.472,-0.52,0.062,0,0.1353,0.0380,0.178,0.341,0.249,0.182,0.191,0.121,0.087,0.023,65,59,27,10,0.220,0.202,0.160,0.111,0.090,0.052,64,56,46,25
0.180,0.522,0.533,-0.42,0.180,0,0.1570,0.0436,0.219,0.318,0.249,0.182,0.191,0.121,0.087,0.023,65,59,27,10,0.220,0.202,0.160,0.111,0.090,0.052,64,56,46,25
0.180,0.885,0.695,-1.1,0.105,-1,0.1713,0.0441,0.317,0.192,0.249,0.182,0.191,0.121,0.087,0.023,65,59,27,10,0.220,0.202,0.160,0.111,0.090,0.052,64,56,46,25
0.139,0.851,0.541,-1.19,0.219,1,0.1866,0.0461,0.455,0.586,0.249,0.182,0.191,0.121,0.087,0.023,65,59,27,10,0.220,0.202,0.160,0.111,0.090,0.052,64,56,46,25
0.180,0.870,0.312,0.85,0.046,0,0.2118,0.0529,0.338,0.06,0.249,0.182,0.191,0.121,0.087,0.023,65,59,27,10,0.220,0.202,0.160,0.111,0.090,0.052,64,56,46,25
0.150,0.832,0.395,0,0.000,0,0.2316,0.0593,0.216,0.166,0.249,0.182,0.191,0.121,0.087,0.023,65,59,27,10,0.220,0.202,0.160,0.111,0.090,0.052,64,56,46,25
0.160,0.490,0.461,-1.19,0.219,1,0.2473,0.0650,0.397,0.586,0.249,0.182,0.191,0.121,0.087,0.023,65,59,27,10,0.220,0.202,0.160,0.111,0.090,0.052,64,56,46,25
0.143,0.493,0.408,1.37,0.298,0,0.2572,0.0684,0.158,-0.510,0.249,0.182,0.191,0.121,0.087,0.023,65,59,27,10,0.220,0.202,0.160,0.111,0.090,0.052,64,56,46,25
0.159,0.398,0.528,2.1,0.128,0,0.2626,0.0699,0.108,0.02,0.249,0.182,0.191,0.121,0.087,0.023,65,59,27,10,0.220,0.202,0.160,0.111,0.090,0.052,64,56,46,25
0.111,0.392,0.282,3.14,0.186,0,0.2704,0.0722,0.093,-0.486,0.249,0.182,0.191,0.121,0.087,0.023,65,59,27,10,0.220,0.202,0.160,0.111,0.090,0.052,64,56,46,25
0.110,0.378,0.276,-1.14,0.131,0,0.2705,0.0714,0.243,0.987,0.249,0.182,0.191,0.121,0.087,0.023,65,59,27,10,0.220,0.202,0.160,0.111,0.090,0.052,64,56,46,25
0.104,0.375,0.334,-0.79,0.151,-1,0.2549,0.0668,0.441,0.736,0.249,0.182,0.191,0.121,0.087,0.023,65,59,27,10,0.220,0.202,0.160,0.111,0.090,0.052,64,56,46,25
0.108,0.452,0.280,0,0.000,0,0.2217,0.0558,0.395,0.166,0.249,0.182,0.191,0.121,0.087,0.023,65,59,27,10,0.220,0.202,0.160,0.111,0.090,0.052,64,56,46,25
0.091,0.596,0.464,-0.08,0.108,0,0.1796,0.0426,0.259,0.059,0.249,0.182,0.191,0.121,0.087,0.023,65,59,27,10,0.220,0.202,0.160,0.111,0.090,0.052,64,56,46,25
0.065,0.620,0.479,-1.19,0.219,1,0.1434,0.0315,0.342,0.586,0.249,0.182,0.191,0.121,0.087,0.023,65,59,27,10,0.220,0.202,0.160,0.111,0.090,0.052,64,56,46,25
0.064,0.546,0.562,1.69,0.290,0,0.1282,0.0265,0.104,-0.697,0.249,0.182,0.191,0.121,0.087,0.023,65,59,27,10,0.220,0.202,0.160,0.111,0.090,0.052,64,56,46,25
0.079,0.483,0.316,-1.1,0.105,-1,0.1220,0.0240,0.333,0.192,0.249,0.182,0.191,0.121,0.087,0.023,65,59,27,10,0.220,0.202,0.160,0.111,0.090,0.052,64,56,46,25
0.062,0.537,0.482,-0.08,0.108,0,0.1283,0.0255,0.133,0.059,0.249,0.182,0.191,0.121,0.087,0.023,65,59,27,10,0.220,0.202,0.160,0.111,0.090,0.052,64,56,46,25
0.088,0.422,0.162,1.99,0.186,0,0.1382,0.0299,0.038,-0.326,0.249,0.182,0.191,0.121,0.087,0.023,65,59,27,10,0.220,0.202,0.160,0.111,0.090,0.052,64,56,46,25
0.086,0.463,0.450,1.76,0.409,0,0.1560,0.0373,0.126,-0.884,0.249,0.182,0.191,0.121,0.087,0.023,65,59,27,10,0.220,0.202,0.160,0.111,0.090,0.052,64,56,46,25
0.085,0.404,0.021,-0.42,0.180,0,0.1599,0.0378,0.231,0.318,0.249,0.182,0.191,0.121,0.087,0.023,65,59,27,10,0.220,0.202,0.160,0.111,0.090,0.052,64,56,46,25
0.090,0.390,0.005,1.99,0.186,0,0.1545,0.0362,0.043,-0.326,0.249,0.182,0.191,0.121,0.087,0.023,65,59,27,10,0.220,0.202,0.160,0.111,0.090,0.052,64,56,46,25
0.111,0.319,0.064,2.53,0.140,0,0.1423,0.0334,0.059,-0.121,0.249,0.182,0.191,0.121,0.087,0.023,65,59,27,10,0.220,0.202,0.160,0.111,0.090,0.052,64,56,46,25
0.106,0.329,0.042,-0.79,0.151,-1,0.1186,0.0279,0.303,0.736,0.249,0.182,0.191,0.121,0.087,0.023,65,59,27,10,0.220,0.202,0.160,0.111,0.090,0.052,64,56,46,25
0.099,0.440,0.133,1.37,0.298,0,0.0899,0.0215,0.123,-0.510,0.249,0.182,0.191,0.121,0.087,0.023,65,59,27,10,0.220,0.202,0.160,0.111,0.090,0.052,64,56,46,25
0.082,0.373,0.214,1.99,0.186,0,0.0581,0.0133,0.057,-0.326,0.249,0.182,0.191,0.121,0.087,0.023,65,59,27,10,0.220,0.202,0.160,0.111,0.090,0.052,64,56,46,25
0.100,0.412,0.338,-1.19,0.219,1,0.0326,0.0068,0.364,0.586,0.249,0.182,0.191,0.121,0.087,0.023,65,59,27,10,0.220,0.202,0.160,0.111,0.090,0.052,64,56,46,25
0.129,0.311,0.044,1.99,0.186,0,0.0240,0.0057,0.192,-0.326,0.249,0.182,0.191,0.121,0.087,0.023,65,59,27,10,0.220,0.202,0.160,0.111,0.090,0.052,64,56,46,25
0.110,0.381,0.286,-1.19,0.219,1,0.0259,0.0059,0.300,0.586,0.249,0.182,0.191,0.121,0.087,0.023,65,59,27,10,0.220,0.202,0.160,0.111,0.090,0.052,64,56,46,25
0.111,0.278,0.010,0.85,0.046,0,0.0409,0.0118,0.261,0.06,0.249,0.182,0.191,0.121,0.087,0.023,65,59,27,10,0.220,0.202,0.160,0.111,0.090,0.052,64,56,46,25
0.164,0.344,0.018,-1.1,0.105,-1,0.0539,0.0156,0.374,0.192,0.249,0.182,0.191,0.121,0.087,0.023,65,59,27,10,0.220,0.202,0.160,0.111,0.090,0.052,64,56,46,25
0.162,0.380,0.004,0,0.000,0,0.0684,0.0219,0.149,0.166,0.249,0.182,0.191,0.121,0.087,0.023,65,59,27,10,0.220,0.202,0.160,0.111,0.090,0.052,64,56,46,25
0.139,0.406,0.002,1.99,0.186,0,0.0840,0.0281,0.045,-0.326,0.249,0.182,0.191,0.121,0.087,0.023,65,59,27,10,0.220,0.202,0.160,0.111,0.090,0.052,64,56,46,25
0.146,0.381,0.002,3.14,0.186,0,0.1055,0.0387,0.062,-0.486,0.249,0.182,0.191,0.121,0.087,0.023,65,59,27,10,0.220,0.202,0.160,0.111,0.090,0.052,64,56,46,25
0.186,0.558,0.165,1.37,0.298,0,0.1363,0.0559,0.137,-0.510,0.249,0.182,0.191,0.121,0.087,0.023,65,59,27,10,0.220,0.202,0.160,0.111,0.090,0.052,64,56,46,25
0.207,0.413,0.101,2.1,0.128,0,0.1726,0.0771,0.031,0.02,0.249,0.182,0.191,0.121,0.087,0.023,65,59,27,10,0.220,0.202,0.160,0.111,0.090,0.052,64,56,46,25
0.217,0.926,0.014,1.99,0.186,0,0.2016,0.0947,0.027,-0.326,0.249,0.182,0.191,0.121,0.087,0.023,65,59,27,10,0.220,0.202,0.160,0.111,0.090,0.052,64,56,46,25
0.153,0.884,0.320,-1.19,0.219,1,0.2189,0.1057,0.236,0.586,0.249,0.182,0.191,0.121,0.087,0.023,65,59,27,10,0.220,0.202,0.160,0.111,0.090,0.052,64,56,46,25
0.154,0.393,0.217,-0.79,0.151,-1,0.2345,0.1163,0.296,0.736,0.249,0.182,0.191,0.121,0.087,0.023,65,59,27,10,0.220,0.202,0.160,0.111,0.090,0.052,64,56,46,25
0.132,0.363,0.109,0.85,0.046,0,0.2385,0.1197,0.120,0.06,0.249,0.182,0.191,0.121,0.087,0.023,65,59,27,10,0.220,0.202,0.160,0.111,0.090,0.052,64,56,46,25
0.133,0.389,0.338,2.1,0.128,0,0.2444,0.1282,0.083,0.02,0.249,0.182,0.191,0.121,0.087,0.023,65,59,27,10,0.220,0.202,0.160,0.111,0.090,0.052,64,56,46,25
0.140,0.361,0.320,-1.14,0.131,0,0.2643,0.1511,0.329,0.987,0.249,0.182,0.191,0.121,0.087,0.023,65,59,27,10,0.220,0.202,0.160,0.111,0.090,0.052,64,56,46,25
0.138,0.446,0.233,-0.48,0.134,0,0.2929,0.1838,0.400,0.007,0.249,0.182,0.191,0.121,0.087,0.023,65,59,27,10,0.220,0.202,0.160,0.111,0.090,0.052,64,56,46,25
0.139,0.837,0.349,-0.52,0.062,0,0.3155,0.2150,0.265,0.341,0.249,0.182,0.191,0.121,0.087,0.023,65,59,27,10,0.220,0.202,0.160,0.111,0.090,0.052,64,56,46,25
0.136,0.353,0.413,-0.52,0.062,0,0.3447,0.2531,0.368,0.341,0.249,0.182,0.191,0.121,0.087,0.023,65,59,27,10,0.220,0.202,0.160,0.111,0.090,0.052,64,56,46,25
0.145,0.291,0.367,0.85,0.046,0,0.3944,0.3022,0.242,0.06,0.249,0.182,0.191,0.121,0.087,0.023,65,59,27,10,0.220,0.202,0.160,0.111,0.090,0.052,64,56,46,25
0.140,0.320,0.452,-0.52,0.062,0,0.4520,0.3550,0.318,0.341,0.249,0.182,0.191,0.121,0.087,0.023,65,59,27,10,0.220,0.202,0.160,0.111,0.090,0.052,64,56,46,25
0.135,0.318,0.466,-0.48,0.134,0,0.5149,0.4109,0.339,0.007,0.249,0.182,0.191,0.121,0.087,0.023,65,59,27,10,0.220,0.202,0.160,0.111,0.090,0.052,64,56,46,25
0.110,0.254,0.271,0.85,0.046,0,0.5630,0.4567,0.247,0.06,0.249,0.182,0.191,0.121,0.087,0.023,65,59,27,10,0.220,0.202,0.160,0.111,0.090,0.052,64,56,46,25
0.144,0.284,0.368,-0.52,0.062,0,0.5938,0.4899,0.314,0.341,0.249,0.182,0.191,0.121,0.087,0.023,65,59,27,10,0.220,0.202,0.160,0.111,0.090,0.052,64,56,46,25
0.137,0.230,0.261,0,0.000,0,0.6067,0.5082,0.272,0.166,0.249,0.182,0.191,0.121,0.087,0.023,65,59,27,10,0.220,0.202,0.160,0.111,0.090,0.052,64,56,46,25
0.140,0.160,0.055,0.85,0.046,0,0.6015,0.5140,0.258,0.06,0.249,0.182,0.191,0.121,0.087,0.023,65,59,27,10,0.220,0.202,0.160,0.111,0.090,0.052,64,56,46,25
0.139,0.147,0.103,0.85,0.046,0,0.6037,0.5224,0.304,0.06,0.249,0.182,0.191,0.121,0.087,0.023,65,59,27,10,0.220,0.202,0.160,0.111,0.090,0.052,64,56,46,25
0.162,0.150,0.185,0.85,0.046,0,0.6129,0.5365,0.175,0.06,0.249,0.182,0.191,0.121,0.087,0.023,65,59,27,10,0.220,0.202,0.160,0.111,0.090,0.052,64,56,46,25
0.147,0.167,0.291,-1.14,0.131,0,0.6160,0.5504,0.323,0.987,0.249,0.182,0.191,0.121,0.087,0.023,65,59,27,10,0.220,0.202,0.160,0.111,0.090,0.052,64,56,46,25
0.150,0.200,0.246,-0.08,0.108,0,0.6222,0.5669,0.380,0.059,0.249,0.182,0.191,0.121,0.087,0.023,65,59,27,10,0.220,0.202,0.160,0.111,0.090,0.052,64,56,46,25
0.143,0.139,0.298,1.99,0.186,0,0.6277,0.5846,0.137,-0.326,0.249,0.182,0.191,0.121,0.087,0.023,65,59,27,10,0.220,0.202,0.160,0.111,0.090,0.052,64,56,46,25
0.132,0.147,0.345,-1.14,0.131,0,0.6262,0.5970,0.320,0.987,0.249,0.182,0.191,0.121,0.087,0.023,65,59,27,10,0.220,0.202,0.160,0.111,0.090,0.052,64,56,46,25
0.161,0.129,0.284,0.85,0.046,0,0.6301,0.6133,0.353,0.06,0.249,0.182,0.191,0.121,0.087,0.023,65,59,27,10,0.220,0.202,0.160,0.111,0.090,0.052,64,56,46,25
0.166,0.159,0.367,0.22,0.230,0,0.6282,0.6297,0.271,0.303,0.249,0.182,0.191,0.121,0.087,0.023,65,59,27,10,0.220,0.202,0.160,0.111,0.090,0.052,64,56,46,25
0.154,0.137,0.401,-1.14,0.131,0,0.6397,0.6524,0.326,0.987,0.249,0.182,0.191,0.121,0.087,0.023,65,59,27,10,0.220,0.202,0.160,0.111,0.090,0.052,64,56,46,25
0.146,0.161,0.445,-0.52,0.062,0,0.6388,0.6652,0.325,0.341,0.249,0.182,0.191,0.121,0.087,0.023,65,59,27,10,0.220,0.202,0.160,0.111,0.090,0.052,64,56,46,25
0.138,0.157,0.364,-0.08,0.108,0,0.6245,0.6709,0.334,0.059,0.249,0.182,0.191,0.121,0.087,0.023,65,59,27,10,0.220,0.202,0.160,0.111,0.090,0.052,64,56,46,25
0.136,0.152,0.186,1.99,0.186,0,0.6176,0.6766,0.187,-0.326,0.249,0.182,0.191,0.121,0.087,0.023,65,59,27,10,0.220,0.202,0.160,0.111,0.090,0.052,64,56,46,25
0.115,0.197,0.383,-0.08,0.108,0,0.6098,0.6804,0.386,0.059,0.249,0.182,0.191,0.121,0.087,0.023,65,59,27,10,0.220,0.202,0.160,0.111,0.090,0.052,64,56,46,25
0.127,0.250,0.570,0.22,0.230,0,0.6176,0.6904,0.236,0.303,0.249,0.182,0.191,0.121,0.087,0.023,65,59,27,10,0.220,0.202,0.160,0.111,0.090,0.052,64,56,46,25
0.128,0.188,0.556,-1.14,0.131,0,0.6139,0.6956,0.268,0.987,0.249,0.182,0.191,0.121,0.087,0.023,65,59,27,10,0.220,0.202,0.160,0.111,0.090,0.052,64,56,46,25
0.131,0.254,0.554,-0.42,0.180,0,0.6172,0.7014,0.349,0.318,0.249,0.182,0.191,0.121,0.087,0.023,65,59,27,10,0.220,0.202,0.160,0.111,0.090,0.052,64,56,46,25
0.122,0.284,0.812,0.2,0.291,1,0.6235,0.7082,0.308,0.180,0.249,0.182,0.191,0.121,0.087,0.023,65,59,27,10,0.220,0.202,0.160,0.111,0.090,0.052,64,56,46,25
0.116,0.293,0.804,0.2,0.291,1,0.6267,0.7117,0.224,0.180,0.249,0.182,0.191,0.121,0.087,0.023,65,59,27,10,0.220,0.202,0.160,0.111,0.090,0.052,64,56,46,25
0.103,0.197,0.592,3.14,0.186,0,0.6364,0.7183,0.100,-0.486,0.249,0.182,0.191,0.121,0.087,0.023,65,59,27,10,0.220,0.202,0.160,0.111,0.090,0.052,64,56,46,25
0.088,0.161,0.605,-1.1,0.105,-1,0.6432,0.7243,0.298,0.192,0.249,0.182,0.191,0.121,0.087,0.023,65,59,27,10,0.220,0.202,0.160,0.111,0.090,0.052,64,56,46,25
0.079,0.165,0.638,-0.08,0.108,0,0.6481,0.7308,0.241,0.059,0.249,0.182,0.191,0.121,0.087,0.023,65,59,27,10,0.220,0.202,0.160,0.111,0.090,0.052,64,56,46,25
0.084,0.128,0.318,1.99,0.186,0,0.6441,0.7322,0.120,-0.326,0.249,0.182,0.191,0.121,0.087,0.023,65,59,27,10,0.220,0.202,0.160,0.111,0.090,0.052,64,56,46,25
0.088,0.141,0.442,-0.48,0.134,0,0.6316,0.7295,0.298,0.007,0.249,0.182,0.191,0.121,0.087,0.023,65,59,27,10,0.220,0.202,0.160,0.111,0.090,0.052,64,56,46,25
0.090,0.136,0.501,-0.52,0.062,0,0.6228,0.7272,0.398,0.341,0.249,0.182,0.191,0.121,0.087,0.023,65,59,27,10,0.220,0.202,0.160,0.111,0.090,0.052,64,56,46,25
0.080,0.118,0.207,-1.1,0.105,-1,0.6166,0.7257,0.475,0.192,0.249,0.182,0.191,0.121,0.087,0.023,65,59,27,10,0.220,0.202,0.160,0.111,0.090,0.052,64,56,46,25
0.088,0.121,0.189,0,0.000,0,0.5981,0.7147,0.358,0.166,0.249,0.182,0.191,0.121,0.087,0.023,65,59,27,10,0.220,0.202,0.160,0.111,0.090,0.052,64,56,46,25
0.087,0.153,0.350,1.37,0.298,0,0.6021,0.7124,0.208,-0.510,0.249,0.182,0.191,0.121,0.087,0.023,65,59,27,10,0.220,0.202,0.160,0.111,0.090,0.052,64,56,46,25
0.080,0.138,0.153,-0.08,0.108,0,0.6187,0.7128,0.312,0.059,0.249,0.182,0.191,0.121,0.087,0.023,65,59,27,10,0.220,0.202,0.160,0.111,0.090,0.052,64,56,46,25
0.096,0.130,0.077,-1.14,0.131,0,0.6476,0.7187,0.330,0.987,0.249,0.182,0.191,0.121,0.087,0.023,65,59,27,10,0.220,0.202,0.160,0.111,0.090,0.052,64,56,46,25
0.094,0.131,0.333,-0.79,0.151,-1,0.6778,0.7234,0.417,0.736,0.249,0.182,0.191,0.121,0.087,0.023,65,59,27,10,0.220,0.202,0.160,0.111,0.090,0.052,64,56,46,25
0.102,0.134,0.302,-1.14,0.131,0,0.7050,0.7289,0.310,0.987,0.249,0.182,0.191,0.121,0.087,0.023,65,59,27,10,0.220,0.202,0.160,0.111,0.090,0.052,64,56,46,25
0.103,0.135,0.206,0.85,0.046,0,0.7506,0.7446,0.309,0.06,0.249,0.182,0.191,0.121,0.087,0.023,65,59,27,10,0.220,0.202,0.160,0.111,0.090,0.052,64,56,46,25
0.107,0.177,0.513,0.2,0.291,1,0.7802,0.7574,0.402,0.180,0.249,0.182,0.191,0.121,0.087,0.023,65,59,27,10,0.220,0.202,0.160,0.111,0.090,0.052,64,56,46,25
0.121,0.117,0.443,3.14,0.186,0,0.8109,0.7705,0.154,-0.486,0.249,0.182,0.191,0.121,0.087,0.023,65,59,27,10,0.220,0.202,0.160,0.111,0.090,0.052,64,56,46,25
0.120,0.140,0.562,-0.08,0.108,0,0.8138,0.7714,0.351,0.059,0.249,0.182,0.191,0.121,0.087,0.023,65,59,27,10,0.220,0.202,0.160,0.111,0.090,0.052,64,56,46,25
0.120,0.141,0.583,-0.52,0.062,0,0.8177,0.7707,0.308,0.341,0.249,0.182,0.191,0.121,0.087,0.023,65,59,27,10,0.220,0.202,0.160,0.111,0.090,0.052,64,56,46,25
0.112,0.127,0.535,-1.14,0.131,0,0.8032,0.7629,0.434,0.987,0.249,0.182,0.191,0.121,0.087,0.023,65,59,27,10,0.220,0.202,0.160,0.111,0.090,0.052,64,56,46,25
0.132,0.123,0.325,-1.1,0.105,-1,0.7783,0.7494,0.527,0.192,0.249,0.182,0.191,0.121,0.087,0.023,65,59,27,10,0.220,0.202,0.160,0.111,0.090,0.052,64,56,46,25
0.139,0.152,0.615,-1.19,0.219,1,0.7529,0.7341,0.417,0.586,0.249,0.182,0.191,0.121,0.087,0.023,65,59,27,10,0.220,0.202,0.160,0.111,0.090,0.052,64,56,46,25
0.130,0.118,0.444,-1.14,0.131,0,0.7196,0.7141,0.427,0.987,0.249,0.182,0.191,0.121,0.087,0.023,65,59,27,10,0.220,0.202,0.160,0.111,0.090,0.052,64,56,46,25
0.130,0.170,0.658,0.2,0.291,1,0.6888,0.6958,0.379,0.180,0.249,0.182,0.191,0.121,0.087,0.023,65,59,27,10,0.220,0.202,0.160,0.111,0.090,0.052,64,56,46,25
0.142,0.118,0.187,-1.14,0.131,0,0.6716,0.6826,0.422,0.987,0.249,0.182,0.191,0.121,0.087,0.023,65,59,27,10,0.220,0.202,0.160,0.111,0.090,0.052,64,56,46,25
0.135,0.113,0.325,1.42,0.221,0,0.6683,0.6781,0.252,-0.397,0.249,0.182,0.191,0.121,0.087,0.023,65,59,27,10,0.220,0.202,0.160,0.111,0.090,0.052,64,56,46,25
0.116,0.105,0.041,-1.14,0.131,0,0.6691,0.6731,0.358,0.987,0.249,0.182,0.191,0.121,0.087,0.023,65,59,27,10,0.220,0.202,0.160,0.111,0.090,0.052,64,56,46,25
0.125,0.109,0.048,1.42,0.221,0,0.6840,0.6747,0.262,-0.397,0.249,0.182,0.191,0.121,0.087,0.023,65,59,27,10,0.220,0.202,0.160,0.111,0.090,0.052,64,56,46,25
0.127,0.108,0.004,-1.1,0.105,-1,0.6958,0.6734,0.367,0.192,0.249,0.182,0.191,0.121,0.087,0.023,65,59,27,10,0.220,0.202,0.160,0.111,0.090,0.052,64,56,46,25
0.115,0.126,0.026,-0.08,0.108,0,0.7145,0.6770,0.266,0.059,0.249,0.182,0.191,0.121,0.087,0.023,65,59,27,10,0.220,0.202,0.160,0.111,0.090,0.052,64,56,46,25
0.098,0.133,0.047,-0.52,0.062,0,0.7183,0.6717,0.251,0.341,0.249,0.182,0.191,0.121,0.087,0.023,65,59,27,10,0.220,0.202,0.160,0.111,0.090,0.052,64,56,46,25
0.083,0.102,0.002,2.53,0.140,0,0.7122,0.6652,0.183,-0.121,0.249,0.182,0.191,0.121,0.087,0.023,65,59,27,10,0.220,0.202,0.160,0.111,0.090,0.052,64,56,46,25
0.066,0.127,0.252,1.37,0.298,0,0.7024,0.6570,0.194,-0.510,0.249,0.182,0.191,0.121,0.087,0.023,65,59,27,10,0.220,0.202,0.160,0.111,0.090,0.052,64,56,46,25
0.086,0.108,0.021,-0.79,0.151,-1,0.6801,0.6436,0.397,0.736,0.249,0.182,0.191,0.121,0.087,0.023,65,59,27,10,0.220,0.202,0.160,0.111,0.090,0.052,64,56,46,25
0.080,0.148,0.015,-0.52,0.062,0,0.6481,0.6211,0.208,0.341,0.249,0.182,0.191,0.121,0.087,0.023,65,59,27,10,0.220,0.202,0.160,0.111,0.090,0.052,64,56,46,25
0.104,0.132,0.037,-1.14,0.131,0,0.5813,0.5754,0.378,0.987,0.249,0.182,0.191,0.121,0.087,0.023,65,59,27,10,0.220,0.202,0.160,0.111,0.090,0.052,64,56,46,25
0.124,0.176,0.297,1.37,0.298,0,0.5275,0.5325,0.312,-0.510,0.249,0.182,0.191,0.121,0.087,0.023,65,59,27,10,0.220,0.202,0.160,0.111,0.090,0.052,64,56,46,25
0.129,0.144,0.057,-0.52,0.062,0,0.4777,0.4925,0.462,0.341,0.249,0.182,0.191,0.121,0.087,0.023,65,59,27,10,0.220,0.202,0.160,0.111,0.090,0.052,64,56,46,25
0.102,0.124,0.013,-1.1,0.105,-1,0.4528,0.4693,0.393,0.192,0.249,0.182,0.191,0.121,0.087,0.023,65,59,27,10,0.220,0.202,0.160,0.111,0.090,0.052,64,56,46,25
0.106,0.123,0.026,-1.14,0.131,0,0.4338,0.4486,0.406,0.987,0.249,0.182,0.191,0.121,0.087,0.023,65,59,27,10,0.220,0.202,0.160,0.111,0.090,0.052,64,56,46,25
0.138,0.123,0.001,-0.79,0.151,-1,0.4149,0.4257,0.597,0.736,0.249,0.182,0.191,0.121,0.087,0.023,65,59,27,10,0.220,0.202,0.160,0.111,0.090,0.052,64,56,46,25
0.136,0.138,0.000,-0.79,0.151,-1,0.4006,0.4065,0.355,0.736,0.249,0.182,0.191,0.121,0.087,0.023,65,59,27,10,0.220,0.202,0.160,0.111,0.090,0.052,64,56,46,25
0.131,0.164,0.002,1.99,0.186,0,0.3922,0.3901,0.162,-0.326,0.249,0.182,0.191,0.121,0.087,0.023,65,59,27,10,0.220,0.202,0.160,0.111,0.090,0.052,64,56,46,25
0.124,0.308,0.016,-1.19,0.219,1,0.3963,0.3814,0.471,0.586,0.249,0.182,0.191,0.121,0.087,0.023,65,59,27,10,0.220,0.202,0.160,0.111,0.090,0.052,64,56,46,25
0.151,0.266,0.001,-1.1,0.105,-1,0.3985,0.3689,0.407,0.192,0.249,0.182,0.191,0.121,0.087,0.023,65,59,27,10,0.220,0.202,0.160,0.111,0.090,0.052,64,56,46,25
0.143,0.298,0.015,-1.19,0.219,1,0.3973,0.3512,0.314,0.586,0.249,0.182,0.191,0.121,0.087,0.023,65,59,27,10,0.220,0.202,0.160,0.111,0.090,0.052,64,56,46,25
0.146,0.342,0.043,-1.19,0.219,1,0.3716,0.3159,0.383,0.586,0.249,0.182,0.191,0.121,0.087,0.023,65,59,27,10,0.220,0.202,0.160,0.111,0.090,0.052,64,56,46,25
0.164,0.275,0.004,1.99,0.186,0,0.3310,0.2703,0.176,-0.326,0.249,0.182,0.191,0.121,0.087,0.023,65,59,27,10,0.220,0.202,0.160,0.111,0.090,0.052,64,56,46,25
0.150,0.317,0.013,1.69,0.290,0,0.2849,0.2215,0.127,-0.697,0.249,0.182,0.191,0.121,0.087,0.023,65,59,27,10,0.220,0.202,0.160,0.111,0.090,0.052,64,56,46,25
0.152,0.313,0.005,1.99,0.186,0,0.2451,0.1802,0.125,-0.326,0.249,0.182,0.191,0.121,0.087,0.023,65,59,27,10,0.220,0.202,0.160,0.111,0.090,0.052,64,56,46,25
0.130,0.407,0.030,-1.19,0.219,1,0.2098,0.1454,0.387,0.586,0.249,0.182,0.191,0.121,0.087,0.023,65,59,27,10,0.220,0.202,0.160,0.111,0.090,0.052,64,56,46,25
0.158,0.485,0.215,0.2,0.291,1,0.1875,0.1255,0.270,0.180,0.249,0.182,0.191,0.121,0.087,0.023,65,59,27,10,0.220,0.202,0.160,0.111,0.090,0.052,64,56,46,25
0.195,0.363,0.004,-1.1,0.105,-1,0.1673,0.1097,0.317,0.192,0.249,0.182,0.191,0.121,0.087,0.023,65,59,27,10,0.220,0.202,0.160,0.111,0.090,0.052,64,56,46,25
0.201,0.494,0.014,-0.48,0.134,0,0.1360,0.0888,0.263,0.007,0.249,0.182,0.191,0.121,0.087,0.023,65,59,27,10,0.220,0.202,0.160,0.111,0.090,0.052,64,56,46,25
0.168,0.322,0.004,1.99,0.186,0,0.1082,0.0698,0.082,-0.326,0.249,0.182,0.191,0.121,0.087,0.023,65,59,27,10,0.220,0.202,0.160,0.111,0.090,0.052,64,56,46,25
0.149,0.311,0.003,1.99,0.186,0,0.0925,0.0585,0.090,-0.326,0.249,0.182,0.191,0.121,0.087,0.023,65,59,27,10,0.220,0.202,0.160,0.111,0.090,0.052,64,56,46,25
0.099,0.297,0.001,3.14,0.186,0,0.1105,0.0682,0.071,-0.486,0.249,0.182,0.191,0.121,0.087,0.023,65,59,27,10,0.220,0.202,0.160,0.111,0.090,0.052,64,56,46,25
0.081,0.349,0.001,0.85,0.046,0,0.1343,0.0802,0.133,0.06,0.249,0.182,0.191,0.121,0.087,0.023,65,59,27,10,0.220,0.202,0.160,0.111,0.090,0.052,64,56,46,25
0.086,0.391,0.001,-1.1,0.105,-1,0.1547,0.0872,0.124,0.192,0.249,0.182,0.191,0.121,0.087,0.023,65,59,27,10,0.220,0.202,0.160,0.111,0.090,0.052,64,56,46,25
0.105,0.418,0.001,3.14,0.186,0,0.1708,0.0922,0.045,-0.486,0.249,0.182,0.191,0.121,0.087,0.023,65,59,27,10,0.220,0.202,0.160,0.111,0.090,0.052,64,56,46,25
0.110,0.490,0.060,-0.79,0.151,-1,0.1742,0.0898,0.183,0.736,0.249,0.182,0.191,0.121,0.087,0.023,65,59,27,10,0.220,0.202,0.160,0.111,0.090,0.052,64,56,46,25
0.085,0.533,0.334,1.99,0.186,0,0.1837,0.0935,0.080,-0.326,0.249,0.182,0.191,0.121,0.087,0.023,65,59,27,10,0.220,0.202,0.160,0.111,0.090,0.052,64,56,46,25
0.084,0.734,0.622,0,0.000,0,0.1804,0.0907,0.119,0.166,0.249,0.182,0.191,0.121,0.087,0.023,65,59,27,10,0.220,0.202,0.160,0.111,0.090,0.052,64,56,46,25
0.087,0.853,0.681,2.1,0.128,0,0.1869,0.0963,0.102,0.02,0.249,0.182,0.191,0.121,0.087,0.023,65,59,27,10,0.220,0.202,0.160,0.111,0.090,0.052,64,56,46,25
0.092,0.861,0.816,0,0.000,0,0.1857,0.0949,0.157,0.166,0.249,0.182,0.191,0.121,0.087,0.023,65,59,27,10,0.220,0.202,0.160,0.111,0.090,0.052,64,56,46,25
0.096,0.859,0.655,-0.48,0.134,0,0.1892,0.0983,0.206,0.007,0.249,0.182,0.191,0.121,0.087,0.023,65,59,27,10,0.220,0.202,0.160,0.111,0.090,0.052,64,56,46,25
0.101,0.881,0.704,1.69,0.290,0,0.1948,0.1047,0.126,-0.697,0.249,0.182,0.191,0.121,0.087,0.023,65,59,27,10,0.220,0.202,0.160,0.111,0.090,0.052,64,56,46,25
0.107,0.890,0.627,0,0.000,0,0.2148,0.1220,0.217,0.166,0.249,0.182,0.191,0.121,0.087,0.023,65,59,27,10,0.220,0.202,0.160,0.111,0.090,0.052,64,56,46,25
0.132,0.896,0.587,-0.52,0.062,0,0.2457,0.1460,0.161,0.341,0.249,0.182,0.191,0.121,0.087,0.023,65,59,27,10,0.220,0.202,0.160,0.111,0.090,0.052,64,56,46,25
0.169,0.832,0.552,2.53,0.140,0,0.2759,0.1690,0.106,-0.121,0.249,0.182,0.191,0.121,0.087,0.023,65,59,27,10,0.220,0.202,0.160,0.111,0.090,0.052,64,56,46,25
0.168,0.864,0.487,0.2,0.291,1,0.3033,0.1888,0.257,0.180,0.249,0.182,0.191,0.121,0.087,0.023,65,59,27,10,0.220,0.202,0.160,0.111,0.090,0.052,64,56,46,25
0.198,0.586,0.413,-0.42,0.180,0,0.3231,0.2046,0.286,0.318,0.249,0.182,0.191,0.121,0.087,0.023,65,59,27,10,0.220,0.202,0.160,0.111,0.090,0.052,64,56,46,25
0.192,0.493,0.143,0,0.000,0,0.3192,0.2033,0.103,0.166,0.249,0.182,0.191,0.121,0.087,0.023,65,59,27,10,0.220,0.202,0.160,0.111,0.090,0.052,64,56,46,25
0.188,0.364,0.362,2.53,0.140,0,0.3012,0.1939,0.104,-0.121,0.249,0.182,0.191,0.121,0.087,0.023,65,59,27,10,0.220,0.202,0.160,0.111,0.090,0.052,64,56,46,25
0.184,0.489,0.517,1.37,0.298,0,0.2857,0.1843,0.168,-0.510,0.249,0.182,0.191,0.121,0.087,0.023,65,59,27,10,0.220,0.202,0.160,0.111,0.090,0.052,64,56,46,25
0.177,0.547,0.722,0.2,0.291,1,0.2709,0.1774,0.324,0.180,0.249,0.182,0.191,0.121,0.087,0.023,65,59,27,10,0.220,0.202,0.160,0.111,0.090,0.052,64,56,46,25
0.249,0.373,0.407,1.42,0.221,0,0.2596,0.1699,0.098,-0.397,0.249,0.182,0.191,0.121,0.087,0.023,65,59,27,10,0.220,0.202,0.160,0.111,0.090,0.052,64,56,46,25
0.292,0.414,0.703,0.2,0.291,1,0.2434,0.1600,0.233,0.180,0.249,0.182,0.191,0.121,0.087,0.023,65,59,27,10,0.220,0.202,0.160,0.111,0.090,0.052,64,56,46,25
0.286,0.382,0.473,-1.19,0.219,1,0.2320,0.1541,0.430,0.586,0.249,0.182,0.191,0.121,0.087,0.023,65,59,27,10,0.220,0.202,0.160,0.111,0.090,0.052,64,56,46,25
0.325,0.454,0.309,-1.19,0.219,1,0.2317,0.1581,0.448,0.586,0.249,0.182,0.191,0.121,0.087,0.023,65,59,27,10,0.220,0.202,0.160,0.111,0.090,0.052,64,56,46,25
0.317,0.396,0.138,-0.42,0.180,0,0.2304,0.1643,0.268,0.318,0.249,0.182,0.191,0.121,0.087,0.023,65,59,27,10,0.220,0.202,0.160,0.111,0.090,0.052,64,56,46,25
0.313,0.350,0.158,3.14,0.186,0,0.2469,0.1848,0.061,-0.486,0.249,0.182,0.191,0.121,0.087,0.023,65,59,27,10,0.220,0.202,0.160,0.111,0.090,0.052,64,56,46,25
0.309,0.329,0.255,-1.1,0.105,-1,0.2665,0.2045,0.326,0.192,0.249,0.182,0.191,0.121,0.087,0.023,65,59,27,10,0.220,0.202,0.160,0.111,0.090,0.052,64,56,46,25
0.257,0.285,0.076,2.53,0.140,0,0.3078,0.2380,0.106,-0.121,0.249,0.182,0.191,0.121,0.087,0.023,65,59,27,10,0.220,0.202,0.160,0.111,0.090,0.052,64,56,46,25
0.306,0.319,0.462,0.85,0.046,0,0.3387,0.2622,0.049,0.06,0.249,0.182,0.191,0.121,0.087,0.023,65,59,27,10,0.220,0.202,0.160,0.111,0.090,0.052,64,56,46,25
0.336,0.329,0.120,3.14,0.186,0,0.3711,0.2869,0.061,-0.486,0.249,0.182,0.191,0.121,0.087,0.023,65,59,27,10,0.220,0.202,0.160,0.111,0.090,0.052,64,56,46,25
0.316,0.476,0.614,-1.19,0.219,1,0.4000,0.3084,0.360,0.586,0.249,0.182,0.191,0.121,0.087,0.023,65,59,27,10,0.220,0.202,0.160,0.111,0.090,0.052,64,56,46,25
0.294,0.313,0.361,2.53,0.140,0,0.4120,0.3178,0.067,-0.121,0.249,0.182,0.191,0.121,0.087,0.023,65,59,27,10,0.220,0.202,0.160,0.111,0.090,0.052,64,56,46,25
0.240,0.294,0.312,1.99,0.186,0,0.4210,0.3270,0.054,-0.326,0.249,0.182,0.191,0.121,0.087,0.023,65,59,27,10,0.220,0.202,0.160,0.111,0.090,0.052,64,56,46,25
0.164,0.357,0.456,-1.19,0.219,1,0.4384,0.3437,0.415,0.586,0.249,0.182,0.191,0.121,0.087,0.023,65,59,27,10,0.220,0.202,0.160,0.111,0.090,0.052,64,56,46,25
0.139,0.282,0.323,-0.42,0.180,0,0.4487,0.3537,0.418,0.318,0.249,0.182,0.191,0.121,0.087,0.023,65,59,27,10,0.220,0.202,0.160,0.111,0.090,0.052,64,56,46,25
0.150,0.225,0.122,0,0.000,0,0.4411,0.3520,0.309,0.166,0.249,0.182,0.191,0.121,0.087,0.023,65,59,27,10,0.220,0.202,0.160,0.111,0.090,0.052,64,56,46,25
0.159,0.190,0.186,-0.08,0.108,0,0.4424,0.3574,0.363,0.059,0.249,0.182,0.191,0.121,0.087,0.023,65,59,27,10,0.220,0.202,0.160,0.111,0.090,0.052,64,56,46,25
0.136,0.155,0.235,-0.79,0.151,-1,0.4570,0.3713,0.483,0.736,0.249,0.182,0.191,0.121,0.087,0.023,65,59,27,10,0.220,0.202,0.160,0.111,0.090,0.052,64,56,46,25
0.136,0.175,0.219,-1.19,0.219,1,0.4803,0.3874,0.459,0.586,0.249,0.182,0.191,0.121,0.087,0.023,65,59,27,10,0.220,0.202,0.160,0.111,0.090,0.052,64,56,46,25
0.131,0.151,0.007,0.85,0.046,0,0.4973,0.3952,0.402,0.06,0.249,0.182,0.191,0.121,0.087,0.023,65,59,27,10,0.220,0.202,0.160,0.111,0.090,0.052,64,56,46,25
0.131,0.149,0.032,-1.1,0.105,-1,0.5239,0.4047,0.371,0.192,0.249,0.182,0.191,0.121,0.087,0.023,65,59,27,10,0.220,0.202,0.160,0.111,0.090,0.052,64,56,46,25
0.110,0.116,0.066,-0.08,0.108,0,0.5563,0.4169,0.193,0.059,0.249,0.182,0.191,0.121,0.087,0.023,65,59,27,10,0.220,0.202,0.160,0.111,0.090,0.052,64,56,46,25
0.118,0.116,0.004,-0.79,0.151,-1,0.5870,0.4274,0.447,0.736,0.249,0.182,0.191,0.121,0.087,0.023,65,59,27,10,0.220,0.202,0.160,0.111,0.090,0.052,64,56,46,25
0.115,0.111,0.002,-0.79,0.151,-1,0.5995,0.4274,0.368,0.736,0.249,0.182,0.191,0.121,0.087,0.023,65,59,27,10,0.220,0.202,0.160,0.111,0.090,0.052,64,56,46,25
0.092,0.122,0.012,1.42,0.221,0,0.5994,0.4215,0.105,-0.397,0.249,0.182,0.191,0.121,0.087,0.023,65,59,27,10,0.220,0.202,0.160,0.111,0.090,0.052,64,56,46,25
0.091,0.142,0.082,1.42,0.221,0,0.6009,0.4198,0.168,-0.397,0.249,0.182,0.191,0.121,0.087,0.023,65,59,27,10,0.220,0.202,0.160,0.111,0.090,0.052,64,56,46,25
0.075,0.232,0.246,0.2,0.291,1,0.5844,0.4055,0.391,0.180,0.249,0.182,0.191,0.121,0.087,0.023,65,59,27,10,0.220,0.202,0.160,0.111,0.090,0.052,64,56,46,25
0.076,0.191,0.131,-0.79,0.151,-1,0.5536,0.3825,0.239,0.736,0.249,0.182,0.191,0.121,0.087,0.023,65,59,27,10,0.220,0.202,0.160,0.111,0.090,0.052,64,56,46,25
0.083,0.150,0.009,0.85,0.046,0,0.5093,0.3501,0.076,0.06,0.249,0.182,0.191,0.121,0.087,0.023,65,59,27,10,0.220,0.202,0.160,0.111,0.090,0.052,64,56,46,25
0.065,0.234,0.150,-0.42,0.180,0,0.4468,0.3047,0.299,0.318,0.249,0.182,0.191,0.121,0.087,0.023,65,59,27,10,0.220,0.202,0.160,0.111,0.090,0.052,64,56,46,25
0.064,0.217,0.003,3.14,0.186,0,0.3800,0.2567,0.152,-0.486,0.249,0.182,0.191,0.121,0.087,0.023,65,59,27,10,0.220,0.202,0.160,0.111,0.090,0.052,64,56,46,25
0.070,0.244,0.056,1.42,0.221,0,0.3199,0.2130,0.137,-0.397,0.249,0.182,0.191,0.121,0.087,0.023,65,59,27,10,0.220,0.202,0.160,0.111,0.090,0.052,64,56,46,25
0.073,0.294,0.192,0.22,0.230,0,0.2675,0.1719,0.250,0.303,0.249,0.182,0.191,0.121,0.087,0.023,65,59,27,10,0.220,0.202,0.160,0.111,0.090,0.052,64,56,46,25
0.089,0.296,0.098,-0.42,0.180,0,0.2100,0.1280,0.371,0.318,0.249,0.182,0.191,0.121,0.087,0.023,65,59,27,10,0.220,0.202,0.160,0.111,0.090,0.052,64,56,46,25
0.111,0.247,0.012,1.99,0.186,0,0.1683,0.0975,0.118,-0.326,0.249,0.182,0.191,0.121,0.087,0.023,65,59,27,10,0.220,0.202,0.160,0.111,0.090,0.052,64,56,46,25
0.107,0.241,0.215,-1.1,0.105,-1,0.1443,0.0786,0.458,0.192,0.249,0.182,0.191,0.121,0.087,0.023,65,59,27,10,0.220,0.202,0.160,0.111,0.090,0.052,64,56,46,25
0.105,0.333,0.327,-0.48,0.134,0,0.1333,0.0711,0.195,0.007,0.249,0.182,0.191,0.121,0.087,0.023,65,59,27,10,0.220,0.202,0.160,0.111,0.090,0.052,64,56,46,25
0.098,0.304,0.303,-1.14,0.131,0,0.1185,0.0608,0.253,0.987,0.249,0.182,0.191,0.121,0.087,0.023,65,59,27,10,0.220,0.202,0.160,0.111,0.090,0.052,64,56,46,25
0.121,0.397,0.330,1.37,0.298,0,0.1088,0.0540,0.105,-0.510,0.249,0.182,0.191,0.121,0.087,0.023,65,59,27,10,0.220,0.202,0.160,0.111,0.090,0.052,64,56,46,25
0.098,0.341,0.155,3.14,0.186,0,0.1053,0.0527,0.034,-0.486,0.249,0.182,0.191,0.121,0.087,0.023,65,59,27,10,0.220,0.202,0.160,0.111,0.090,0.052,64,56,46,25
0.102,0.313,0.075,2.53,0.140,0,0.1042,0.0532,0.049,-0.121,0.249,0.182,0.191,0.121,0.087,0.023,65,59,27,10,0.220,0.202,0.160,0.111,0.090,0.052,64,56,46,25
0.104,0.477,0.476,0.2,0.291,1,0.0948,0.0488,0.166,0.180,0.249,0.182,0.191,0.121,0.087,0.023,65,59,27,10,0.220,0.202,0.160,0.111,0.090,0.052,64,56,46,25
0.104,0.377,0.223,1.99,0.186,0,0.0800,0.0423,0.038,-0.326,0.249,0.182,0.191,0.121,0.087,0.023,65,59,27,10,0.220,0.202,0.160,0.111,0.090,0.052,64,56,46,25
0.096,0.356,0.237,3.14,0.186,0,0.0662,0.0367,0.040,-0.486,0.249,0.182,0.191,0.121,0.087,0.023,65,59,27,10,0.220,0.202,0.160,0.111,0.090,0.052,64,56,46,25
0.100,0.332,0.158,0,0.000,0,0.0503,0.0280,0.097,0.166,0.249,0.182,0.191,0.121,0.087,0.023,65,59,27,10,0.220,0.202,0.160,0.111,0.090,0.052,64,56,46,25
0.105,0.312,0.056,2.53,0.140,0,0.0400,0.0225,0.065,-0.121,0.249,0.182,0.191,0.121,0.087,0.023,65,59,27,10,0.220,0.202,0.160,0.111,0.090,0.052,64,56,46,25
0.088,0.311,0.048,2.1,0.128,0,0.0313,0.0180,0.071,0.02,0.249,0.182,0.191,0.121,0.087,0.023,65,59,27,10,0.220,0.202,0.160,0.111,0.090,0.052,64,56,46,25
0.109,0.337,0.199,-0.42,0.180,0,0.0241,0.0142,0.152,0.318,0.249,0.182,0.191,0.121,0.087,0.023,65,59,27,10,0.220,0.202,0.160,0.111,0.090,0.052,64,56,46,25
0.115,0.852,0.177,0.85,0.046,0,0.0294,0.0170,0.119,0.06,0.249,0.182,0.191,0.121,0.087,0.023,65,59,27,10,0.220,0.202,0.160,0.111,0.090,0.052,64,56,46,25
0.131,0.342,0.015,-0.79,0.151,-1,0.0392,0.0218,0.215,0.736,0.249,0.182,0.191,0.121,0.087,0.023,65,59,27,10,0.220,0.202,0.160,0.111,0.090,0.052,64,56,46,25
0.137,0.298,0.052,0.85,0.046,0,0.0604,0.0325,0.032,0.06,0.249,0.182,0.191,0.121,0.087,0.023,65,59,27,10,0.220,0.202,0.160,0.111,0.090,0.052,64,56,46,25
0.140,0.315,0.010,1.99,0.186,0,0.0823,0.0436,0.026,-0.326,0.249,0.182,0.191,0.121,0.087,0.023,65,59,27,10,0.220,0.202,0.160,0.111,0.090,0.052,64,56,46,25
0.129,0.287,0.029,1.42,0.221,0,0.1006,0.0532,0.070,-0.397,0.249,0.182,0.191,0.121,0.087,0.023,65,59,27,10,0.220,0.202,0.160,0.111,0.090,0.052,64,56,46,25
0.129,0.317,0.032,1.99,0.186,0,0.1170,0.0629,0.055,-0.326,0.249,0.182,0.191,0.121,0.087,0.023,65,59,27,10,0.220,0.202,0.160,0.111,0.090,0.052,64,56,46,25
0.141,0.310,0.114,2.53,0.140,0,0.1255,0.0678,0.024,-0.121,0.249,0.182,0.191,0.121,0.087,0.023,65,59,27,10,0.220,0.202,0.160,0.111,0.090,0.052,64,56,46,25
0.170,0.329,0.242,1.42,0.221,0,0.1211,0.0649,0.037,-0.397,0.249,0.182,0.191,0.121,0.087,0.023,65,59,27,10,0.220,0.202,0.160,0.111,0.090,0.052,64,56,46,25
0.142,0.324,0.284,-0.79,0.151,-1,0.1143,0.0623,0.166,0.736,0.249,0.182,0.191,0.121,0.087,0.023,65,59,27,10,0.220,0.202,0.160,0.111,0.090,0.052,64,56,46,25
0.137,0.295,0.502,1.42,0.221,0,0.0979,0.0528,0.083,-0.397,0.249,0.182,0.191,0.121,0.087,0.023,65,59,27,10,0.220,0.202,0.160,0.111,0.090,0.052,64,56,46,25
0.142,0.281,0.093,0.85,0.046,0,0.0855,0.0471,0.108,0.06,0.249,0.182,0.191,0.121,0.087,0.023,65,59,27,10,0.220,0.202,0.160,0.111,0.090,0.052,64,56,46,25
0.144,0.365,0.382,0,0.000,0,0.0857,0.0503,0.378,0.166,0.249,0.182,0.191,0.121,0.087,0.023,65,59,27,10,0.220,0.202,0.160,0.111,0.090,0.052,64,56,46,25
0.212,0.447,0.513,0,0.000,0,0.0906,0.0567,0.304,0.166,0.249,0.182,0.191,0.121,0.087,0.023,65,59,27,10,0.220,0.202,0.160,0.111,0.090,0.052,64,56,46,25
0.219,0.507,0.442,0,0.000,0,0.1054,0.0693,0.134,0.166,0.249,0.182,0.191,0.121,0.087,0.023,65,59,27,10,0.220,0.202,0.160,0.111,0.090,0.052,64,56,46,25
0.182,0.464,0.294,-1.14,0.131,0,0.1333,0.0910,0.249,0.987,0.249,0.182,0.191,0.121,0.087,0.023,65,59,27,10,0.220,0.202,0.160,0.111,0.090,0.052,64,56,46,25
0.145,0.417,0.086,1.99,0.186,0,0.1678,0.1172,0.084,-0.326,0.249,0.182,0.191,0.121,0.087,0.023,65,59,27,10,0.220,0.202,0.160,0.111,0.090,0.052,64,56,46,25
0.142,0.533,0.439,0.22,0.230,0,0.2010,0.1434,0.133,0.303,0.249,0.182,0.191,0.121,0.087,0.023,65,59,27,10,0.220,0.202,0.160,0.111,0.090,0.052,64,56,46,25
0.136,0.592,0.430,-1.19,0.219,1,0.2368,0.1731,0.320,0.586,0.249,0.182,0.191,0.121,0.087,0.023,65,59,27,10,0.220,0.202,0.160,0.111,0.090,0.052,64,56,46,25
0.130,0.463,0.175,1.69,0.290,0,0.2609,0.1923,0.086,-0.697,0.249,0.182,0.191,0.121,0.087,0.023,65,59,27,10,0.220,0.202,0.160,0.111,0.090,0.052,64,56,46,25
0.167,0.354,0.010,1.99,0.186,0,0.2656,0.1960,0.099,-0.326,0.249,0.182,0.191,0.121,0.087,0.023,65,59,27,10,0.220,0.202,0.160,0.111,0.090,0.052,64,56,46,25
0.136,0.316,0.322,2.53,0.140,0,0.2657,0.1969,0.159,-0.121,0.249,0.182,0.191,0.121,0.087,0.023,65,59,27,10,0.220,0.202,0.160,0.111,0.090,0.052,64,56,46,25
0.136,0.333,0.185,0,0.000,0,0.2487,0.1856,0.239,0.166,0.249,0.182,0.191,0.121,0.087,0.023,65,59,27,10,0.220,0.202,0.160,0.111,0.090,0.052,64,56,46,25
0.134,0.453,0.238,-1.19,0.219,1,0.2239,0.1691,0.407,0.586,0.249,0.182,0.191,0.121,0.087,0.023,65,59,27,10,0.220,0.202,0.160,0.111,0.090,0.052,64,56,46,25
0.107,0.418,0.321,0.2,0.291,1,0.1913,0.1454,0.358,0.180,0.249,0.182,0.191,0.121,0.087,0.023,65,59,27,10,0.220,0.202,0.160,0.111,0.090,0.052,64,56,46,25
0.104,0.243,0.092,-0.79,0.151,-1,0.1625,0.1254,0.453,0.736,0.249,0.182,0.191,0.121,0.087,0.023,65,59,27,10,0.220,0.202,0.160,0.111,0.090,0.052,64,56,46,25
0.109,0.247,0.206,-0.79,0.151,-1,0.1374,0.1090,0.501,0.736,0.249,0.182,0.191,0.121,0.087,0.023,65,59,27,10,0.220,0.202,0.160,0.111,0.090,0.052,64,56,46,25
0.117,0.284,0.239,3.14,0.186,0,0.1342,0.1097,0.121,-0.486,0.249,0.182,0.191,0.121,0.087,0.023,65,59,27,10,0.220,0.202,0.160,0.111,0.090,0.052,64,56,46,25
0.106,0.292,0.247,-1.14,0.131,0,0.1433,0.1218,0.313,0.987,0.249,0.182,0.191,0.121,0.087,0.023,65,59,27,10,0.220,0.202,0.160,0.111,0.090,0.052,64,56,46,25
0.085,0.257,0.212,2.53,0.140,0,0.1679,0.1484,0.159,-0.121,0.249,0.182,0.191,0.121,0.087,0.023,65,59,27,10,0.220,0.202,0.160,0.111,0.090,0.052,64,56,46,25
0.109,0.303,0.395,-0.52,0.062,0,0.1932,0.1749,0.374,0.341,0.249,0.182,0.191,0.121,0.087,0.023,65,59,27,10,0.220,0.202,0.160,0.111,0.090,0.052,64,56,46,25
0.114,0.310,0.244,-0.48,0.134,0,0.2126,0.1961,0.252,0.007,0.249,0.182,0.191,0.121,0.087,0.023,65,59,27,10,0.220,0.202,0.160,0.111,0.090,0.052,64,56,46,25
0.116,0.210,0.001,2.53,0.140,0,0.2158,0.2007,0.064,-0.121,0.249,0.182,0.191,0.121,0.087,0.023,65,59,27,10,0.220,0.202,0.160,0.111,0.090,0.052,64,56,46,25
0.119,0.210,0.002,0.85,0.046,0,0.2139,0.2007,0.178,0.06,0.249,0.182,0.191,0.121,0.087,0.023,65,59,27,10,0.220,0.202,0.160,0.111,0.090,0.052,64,56,46,25
0.119,0.190,0.105,-0.79,0.151,-1,0.2037,0.1947,0.292,0.736,0.249,0.182,0.191,0.121,0.087,0.023,65,59,27,10,0.220,0.202,0.160,0.111,0.090,0.052,64,56,46,25
0.102,0.230,0.008,1.99,0.186,0,0.1857,0.1820,0.052,-0.326,0.249,0.182,0.191,0.121,0.087,0.023,65,59,27,10,0.220,0.202,0.160,0.111,0.090,0.052,64,56,46,25
0.124,0.230,0.002,1.99,0.186,0,0.1682,0.1687,0.065,-0.326,0.249,0.182,0.191,0.121,0.087,0.023,65,59,27,10,0.220,0.202,0.160,0.111,0.090,0.052,64,56,46,25
0.124,0.332,0.082,0.22,0.230,0,0.1455,0.1479,0.262,0.303,0.249,0.182,0.191,0.121,0.087,0.023,65,59,27,10,0.220,0.202,0.160,0.111,0.090,0.052,64,56,46,25
0.104,0.418,0.094,-0.42,0.180,0,0.1259,0.1281,0.240,0.318,0.249,0.182,0.191,0.121,0.087,0.023,65,59,27,10,0.220,0.202,0.160,0.111,0.090,0.052,64,56,46,25
0.135,0.307,0.007,2.53,0.140,0,0.1172,0.1184,0.063,-0.121,0.249,0.182,0.191,0.121,0.087,0.023,65,59,27,10,0.220,0.202,0.160,0.111,0.090,0.052,64,56,46,25
0.114,0.447,0.003,-0.52,0.062,0,0.1166,0.1163,0.226,0.341,0.249,0.182,0.191,0.121,0.087,0.023,65,59,27,10,0.220,0.202,0.160,0.111,0.090,0.052,64,56,46,25
0.089,0.354,0.171,1.42,0.221,0,0.1285,0.1253,0.230,-0.397,0.249,0.182,0.191,0.121,0.087,0.023,65,59,27,10,0.220,0.202,0.160,0.111,0.090,0.052,64,56,46,25
0.106,0.399,0.022,0,0.000,0,0.1297,0.1237,0.179,0.166,0.249,0.182,0.191,0.121,0.087,0.023,65,59,27,10,0.220,0.202,0.160,0.111,0.090,0.052,64,56,46,25
0.113,0.407,0.017,1.42,0.221,0,0.1334,0.1244,0.112,-0.397,0.249,0.182,0.191,0.121,0.087,0.023,65,59,27,10,0.220,0.202,0.160,0.111,0.090,0.052,64,56,46,25
0.117,0.458,0.244,-1.19,0.219,1,0.1307,0.1187,0.399,0.586,0.249,0.182,0.191,0.121,0.087,0.023,65,59,27,10,0.220,0.202,0.160,0.111,0.090,0.052,64,56,46,25
0.138,0.496,0.275,1.37,0.298,0,0.1339,0.1147,0.178,-0.510,0.249,0.182,0.191,0.121,0.087,0.023,65,59,27,10,0.220,0.202,0.160,0.111,0.090,0.052,64,56,46,25
0.138,0.277,0.047,1.99,0.186,0,0.1460,0.1175,0.109,-0.326,0.249,0.182,0.191,0.121,0.087,0.023,65,59,27,10,0.220,0.202,0.160,0.111,0.090,0.052,64,56,46,25
0.139,0.305,0.192,-0.79,0.151,-1,0.1657,0.1267,0.389,0.736,0.249,0.182,0.191,0.121,0.087,0.023,65,59,27,10,0.220,0.202,0.160,0.111,0.090,0.052,64,56,46,25
0.131,0.305,0.147,-0.79,0.151,-1,0.1760,0.1301,0.401,0.736,0.249,0.182,0.191,0.121,0.087,0.023,65,59,27,10,0.220,0.202,0.160,0.111,0.090,0.052,64,56,46,25
0.140,0.417,0.179,-1.19,0.219,1,0.1713,0.1250,0.340,0.586,0.249,0.182,0.191,0.121,0.087,0.023,65,59,27,10,0.220,0.202,0.160,0.111,0.090,0.052,64,56,46,25
0.119,0.449,0.148,-0.48,0.134,0,0.1537,0.1068,0.287,0.007,0.249,0.182,0.191,0.121,0.087,0.023,65,59,27,10,0.220,0.202,0.160,0.111,0.090,0.052,64,56,46,25
0.113,0.394,0.135,1.69,0.290,0,0.1405,0.0917,0.145,-0.697,0.249,0.182,0.191,0.121,0.087,0.023,65,59,27,10,0.220,0.202,0.160,0.111,0.090,0.052,64,56,46,25
0.108,0.372,0.333,2.53,0.140,0,0.1332,0.0825,0.173,-0.121,0.249,0.182,0.191,0.121,0.087,0.023,65,59,27,10,0.220,0.202,0.160,0.111,0.090,0.052,64,56,46,25
0.105,0.541,0.570,0.22,0.230,0,0.1334,0.0786,0.209,0.303,0.249,0.182,0.191,0.121,0.087,0.023,65,59,27,10,0.220,0.202,0.160,0.111,0.090,0.052,64,56,46,25
0.101,0.602,0.615,0.2,0.291,1,0.1331,0.0751,0.321,0.180,0.249,0.182,0.191,0.121,0.087,0.023,65,59,27,10,0.220,0.202,0.160,0.111,0.090,0.052,64,56,46,25
0.068,0.417,0.505,-1.1,0.105,-1,0.1253,0.0673,0.230,0.192,0.249,0.182,0.191,0.121,0.087,0.023,65,59,27,10,0.220,0.202,0.160,0.111,0.090,0.052,64,56,46,25
0.080,0.339,0.170,1.99,0.186,0,0.1252,0.0659,0.105,-0.326,0.249,0.182,0.191,0.121,0.087,0.023,65,59,27,10,0.220,0.202,0.160,0.111,0.090,0.052,64,56,46,25
0.086,0.368,0.285,0.85,0.046,0,0.1225,0.0644,0.215,0.06,0.249,0.182,0.191,0.121,0.087,0.023,65,59,27,10,0.220,0.202,0.160,0.111,0.090,0.052,64,56,46,25
0.095,0.360,0.157,0.85,0.046,0,0.1280,0.0693,0.223,0.06,0.249,0.182,0.191,0.121,0.087,0.023,65,59,27,10,0.220,0.202,0.160,0.111,0.090,0.052,64,56,46,25
0.117,0.461,0.429,0.2,0.291,1,0.1352,0.0774,0.257,0.180,0.249,0.182,0.191,0.121,0.087,0.023,65,59,27,10,0.220,0.202,0.160,0.111,0.090,0.052,64,56,46,25
0.117,0.484,0.570,-0.48,0.134,0,0.1287,0.0750,0.151,0.007,0.249,0.182,0.191,0.121,0.087,0.023,65,59,27,10,0.220,0.202,0.160,0.111,0.090,0.052,64,56,46,25
0.135,0.395,0.042,2.53,0.140,0,0.1155,0.0687,0.066,-0.121,0.249,0.182,0.191,0.121,0.087,0.023,65,59,27,10,0.220,0.202,0.160,0.111,0.090,0.052,64,56,46,25
0.170,0.391,0.394,1.99,0.186,0,0.1002,0.0605,0.129,-0.326,0.249,0.182,0.191,0.121,0.087,0.023,65,59,27,10,0.220,0.202,0.160,0.111,0.090,0.052,64,56,46,25
0.164,0.380,0.074,1.99,0.186,0,0.0894,0.0548,0.105,-0.326,0.249,0.182,0.191,0.121,0.087,0.023,65,59,27,10,0.220,0.202,0.160,0.111,0.090,0.052,64,56,46,25
0.127,0.399,0.402,2.53,0.140,0,0.0856,0.0523,0.057,-0.121,0.249,0.182,0.191,0.121,0.087,0.023,65,59,27,10,0.220,0.202,0.160,0.111,0.090,0.052,64,56,46,25
0.125,0.541,0.546,-0.48,0.134,0,0.0894,0.0537,0.135,0.007,0.249,0.182,0.191,0.121,0.087,0.023,65,59,27,10,0.220,0.202,0.160,0.111,0.090,0.052,64,56,46,25
0.129,0.550,0.495,0.2,0.291,1,0.0904,0.0547,0.259,0.180,0.249,0.182,0.191,0.121,0.087,0.023,65,59,27,10,0.220,0.202,0.160,0.111,0.090,0.052,64,56,46,25
0.136,0.567,0.182,0.22,0.230,0,0.0695,0.0433,0.173,0.303,0.249,0.182,0.191,0.121,0.087,0.023,65,59,27,10,0.220,0.202,0.160,0.111,0.090,0.052,64,56,46,25
0.167,0.833,0.359,1.37,0.298,0,0.0565,0.0360,0.114,-0.510,0.249,0.182,0.191,0.121,0.087,0.023,65,59,27,10,0.220,0.202,0.160,0.111,0.090,0.052,64,56,46,25
0.167,0.486,0.025,0.85,0.046,0,0.0573,0.0365,0.163,0.06,0.249,0.182,0.191,0.121,0.087,0.023,65,59,27,10,0.220,0.202,0.160,0.111,0.090,0.052,64,56,46,25
0.160,0.650,0.517,-1.19,0.219,1,0.0669,0.0421,0.344,0.586,0.249,0.182,0.191,0.121,0.087,0.023,65,59,27,10,0.220,0.202,0.160,0.111,0.090,0.052,64,56,46,25
0.190,0.471,0.187,3.14,0.186,0,0.0869,0.0546,0.081,-0.486,0.249,0.182,0.191,0.121,0.087,0.023,65,59,27,10,0.220,0.202,0.160,0.111,0.090,0.052,64,56,46,25
0.191,0.542,0.280,-0.52,0.062,0,0.1046,0.0657,0.218,0.341,0.249,0.182,0.191,0.121,0.087,0.023,65,59,27,10,0.220,0.202,0.160,0.111,0.090,0.052,64,56,46,25
0.185,0.518,0.600,-1.1,0.105,-1,0.1125,0.0708,0.350,0.192,0.249,0.182,0.191,0.121,0.087,0.023,65,59,27,10,0.220,0.202,0.160,0.111,0.090,0.052,64,56,46,25
0.179,0.570,0.360,1.69,0.290,0,0.1174,0.0733,0.148,-0.697,0.249,0.182,0.191,0.121,0.087,0.023,65,59,27,10,0.220,0.202,0.160,0.111,0.090,0.052,64,56,46,25
0.188,0.552,0.667,0,0.000,0,0.1167,0.0723,0.214,0.166,0.249,0.182,0.191,0.121,0.087,0.023,65,59,27,10,0.220,0.202,0.160,0.111,0.090,0.052,64,56,46,25
0.197,0.501,0.485,1.99,0.186,0,0.1193,0.0728,0.113,-0.326,0.249,0.182,0.191,0.121,0.087,0.023,65,59,27,10,0.220,0.202,0.160,0.111,0.090,0.052,64,56,46,25
0.171,0.545,0.375,-0.52,0.062,0,0.1207,0.0718,0.243,0.341,0.249,0.182,0.191,0.121,0.087,0.023,65,59,27,10,0.220,0.202,0.160,0.111,0.090,0.052,64,56,46,25
0.152,0.532,0.613,-1.19,0.219,1,0.1175,0.0678,0.428,0.586,0.249,0.182,0.191,0.121,0.087,0.023,65,59,27,10,0.220,0.202,0.160,0.111,0.090,0.052,64,56,46,25
0.171,0.400,0.258,0.85,0.046,0,0.1107,0.0609,0.186,0.06,0.249,0.182,0.191,0.121,0.087,0.023,65,59,27,10,0.220,0.202,0.160,0.111,0.090,0.052,64,56,46,25
0.176,0.337,0.023,1.99,0.186,0,0.1044,0.0548,0.180,-0.326,0.249,0.182,0.191,0.121,0.087,0.023,65,59,27,10,0.220,0.202,0.160,0.111,0.090,0.052,64,56,46,25
0.150,0.315,0.154,0,0.000,0,0.1095,0.0570,0.275,0.166,0.249,0.182,0.191,0.121,0.087,0.023,65,59,27,10,0.220,0.202,0.160,0.111,0.090,0.052,64,56,46,25
0.155,0.294,0.045,0.85,0.046,0,0.1296,0.0707,0.255,0.06,0.249,0.182,0.191,0.121,0.087,0.023,65,59,27,10,0.220,0.202,0.160,0.111,0.090,0.052,64,56,46,25
0.150,0.296,0.018,-1.1,0.105,-1,0.1538,0.0885,0.380,0.192,0.249,0.182,0.191,0.121,0.087,0.023,65,59,27,10,0.220,0.202,0.160,0.111,0.090,0.052,64,56,46,25
0.191,0.271,0.057,-1.1,0.105,-1,0.1722,0.1042,0.271,0.192,0.249,0.182,0.191,0.121,0.087,0.023,65,59,27,10,0.220,0.202,0.160,0.111,0.090,0.052,64,56,46,25
0.163,0.320,0.365,-0.52,0.062,0,0.1658,0.1053,0.193,0.341,0.249,0.182,0.191,0.121,0.087,0.023,65,59,27,10,0.220,0.202,0.160,0.111,0.090,0.052,64,56,46,25
0.153,0.387,0.503,1.37,0.298,0,0.1543,0.1028,0.169,-0.510,0.249,0.182,0.191,0.121,0.087,0.023,65,59,27,10,0.220,0.202,0.160,0.111,0.090,0.052,64,56,46,25
0.153,0.376,0.624,1.37,0.298,0,0.1458,0.1025,0.147,-0.510,0.249,0.182,0.191,0.121,0.087,0.023,65,59,27,10,0.220,0.202,0.160,0.111,0.090,0.052,64,56,46,25
0.179,0.323,0.655,-0.08,0.108,0,0.1374,0.1020,0.182,0.059,0.249,0.182,0.191,0.121,0.087,0.023,65,59,27,10,0.220,0.202,0.160,0.111,0.090,0.052,64,56,46,25
0.101,0.271,0.678,0.85,0.046,0,0.1281,0.1014,0.095,0.06,0.249,0.182,0.191,0.121,0.087,0.023,65,59,27,10,0.220,0.202,0.160,0.111,0.090,0.052,64,56,46,25
0.089,0.419,0.839,0.2,0.291,1,0.1132,0.0951,0.283,0.180,0.249,0.182,0.191,0.121,0.087,0.023,65,59,27,10,0.220,0.202,0.160,0.111,0.090,0.052,64,56,46,25
0.090,0.327,0.765,-0.52,0.062,0,0.0984,0.0871,0.300,0.341,0.249,0.182,0.191,0.121,0.087,0.023,65,59,27,10,0.220,0.202,0.160,0.111,0.090,0.052,64,56,46,25
0.084,0.286,0.613,0.85,0.046,0,0.0845,0.0800,0.297,0.06,0.249,0.182,0.191,0.121,0.087,0.023,65,59,27,10,0.220,0.202,0.160,0.111,0.090,0.052,64,56,46,25
0.068,0.334,0.415,0,0.000,0,0.0736,0.0757,0.249,0.166,0.249,0.182,0.191,0.121,0.087,0.023,65,59,27,10,0.220,0.202,0.160,0.111,0.090,0.052,64,56,46,25
0.073,0.425,0.477,-1.19,0.219,1,0.0684,0.0758,0.431,0.586,0.249,0.182,0.191,0.121,0.087,0.023,65,59,27,10,0.220,0.202,0.160,0.111,0.090,0.052,64,56,46,25
0.074,0.419,0.403,1.76,0.409,0,0.0667,0.0774,0.153,-0.884,0.249,0.182,0.191,0.121,0.087,0.023,65,59,27,10,0.220,0.202,0.160,0.111,0.090,0.052,64,56,46,25
0.059,0.349,0.460,-1.14,0.131,0,0.0657,0.0792,0.222,0.987,0.249,0.182,0.191,0.121,0.087,0.023,65,59,27,10,0.220,0.202,0.160,0.111,0.090,0.052,64,56,46,25
0.054,0.381,0.351,1.99,0.186,0,0.0637,0.0793,0.122,-0.326,0.249,0.182,0.191,0.121,0.087,0.023,65,59,27,10,0.220,0.202,0.160,0.111,0.090,0.052,64,56,46,25
0.064,0.487,0.460,-1.19,0.219,1,0.0521,0.0716,0.372,0.586,0.249,0.182,0.191,0.121,0.087,0.023,65,59,27,10,0.220,0.202,0.160,0.111,0.090,0.052,64,56,46,25
0.084,0.483,0.438,1.76,0.409,0,0.0484,0.0703,0.137,-0.884,0.249,0.182,0.191,0.121,0.087,0.023,65,59,27,10,0.220,0.202,0.160,0.111,0.090,0.052,64,56,46,25
0.068,0.459,0.225,1.37,0.298,0,0.0494,0.0711,0.132,-0.510,0.249,0.182,0.191,0.121,0.087,0.023,65,59,27,10,0.220,0.202,0.160,0.111,0.090,0.052,64,56,46,25
0.069,0.376,0.149,0.85,0.046,0,0.0560,0.0765,0.128,0.06,0.249,0.182,0.191,0.121,0.087,0.023,65,59,27,10,0.220,0.202,0.160,0.111,0.090,0.052,64,56,46,25
0.069,0.358,0.328,-1.14,0.131,0,0.0621,0.0808,0.242,0.987,0.249,0.182,0.191,0.121,0.087,0.023,65,59,27,10,0.220,0.202,0.160,0.111,0.090,0.052,64,56,46,25
0.072,0.348,0.393,-0.79,0.151,-1,0.0592,0.0785,0.288,0.736,0.249,0.182,0.191,0.121,0.087,0.023,65,59,27,10,0.220,0.202,0.160,0.111,0.090,0.052,64,56,46,25
0.074,0.325,0.105,2.1,0.128,0,0.0524,0.0715,0.105,0.02,0.249,0.182,0.191,0.121,0.087,0.023,65,59,27,10,0.220,0.202,0.160,0.111,0.090,0.052,64,56,46,25
0.057,0.355,0.305,3.14,0.186,0,0.0488,0.0670,0.137,-0.486,0.249,0.182,0.191,0.121,0.087,0.023,65,59,27,10,0.220,0.202,0.160,0.111,0.090,0.052,64,56,46,25
0.083,0.452,0.369,-0.48,0.134,0,0.0527,0.0681,0.234,0.007,0.249,0.182,0.191,0.121,0.087,0.023,65,59,27,10,0.220,0.202,0.160,0.111,0.090,0.052,64,56,46,25
0.059,0.423,0.407,1.69,0.290,0,0.0608,0.0733,0.088,-0.697,0.249,0.182,0.191,0.121,0.087,0.023,65,59,27,10,0.220,0.202,0.160,0.111,0.090,0.052,64,56,46,25
0.063,0.541,0.490,0.2,0.291,1,0.0618,0.0724,0.315,0.180,0.249,0.182,0.191,0.121,0.087,0.023,65,59,27,10,0.220,0.202,0.160,0.111,0.090,0.052,64,56,46,25
0.044,0.505,0.539,-1.19,0.219,1,0.0645,0.0714,0.392,0.586,0.249,0.182,0.191,0.121,0.087,0.023,65,59,27,10,0.220,0.202,0.160,0.111,0.090,0.052,64,56,46,25
0.067,0.474,0.620,1.69,0.290,0,0.0631,0.0672,0.134,-0.697,0.249,0.182,0.191,0.121,0.087,0.023,65,59,27,10,0.220,0.202,0.160,0.111,0.090,0.052,64,56,46,25
0.075,0.504,0.601,-0.52,0.062,0,0.0643,0.0653,0.222,0.341,0.249,0.182,0.191,0.121,0.087,0.023,65,59,27,10,0.220,0.202,0.160,0.111,0.090,0.052,64,56,46,25
0.071,0.504,0.510,-0.52,0.062,0,0.0703,0.0675,0.336,0.341,0.249,0.182,0.191,0.121,0.087,0.023,65,59,27,10,0.220,0.202,0.160,0.111,0.090,0.052,64,56,46,25
0.078,0.684,0.711,0.2,0.291,1,0.0710,0.0654,0.348,0.180,0.249,0.182,0.191,0.121,0.087,0.023,65,59,27,10,0.220,0.202,0.160,0.111,0.090,0.052,64,56,46,25
0.066,0.594,0.261,-0.52,0.062,0,0.0707,0.0631,0.257,0.341,0.249,0.182,0.191,0.121,0.087,0.023,65,59,27,10,0.220,0.202,0.160,0.111,0.090,0.052,64,56,46,25
0.051,0.567,0.204,-1.1,0.105,-1,0.0662,0.0577,0.214,0.192,0.249,0.182,0.191,0.121,0.087,0.023,65,59,27,10,0.220,0.202,0.160,0.111,0.090,0.052,64,56,46,25
0.053,0.533,0.115,2.53,0.140,0,0.0627,0.0537,0.096,-0.121,0.249,0.182,0.191,0.121,0.087,0.023,65,59,27,10,0.220,0.202,0.160,0.111,0.090,0.052,64,56,46,25
0.063,0.711,0.230,1.76,0.409,0,0.0657,0.0567,0.122,-0.884,0.249,0.182,0.191,0.121,0.087,0.023,65,59,27,10,0.220,0.202,0.160,0.111,0.090,0.052,64,56,46,25
0.081,0.602,0.098,-0.52,0.062,0,0.0697,0.0603,0.126,0.341,0.249,0.182,0.191,0.121,0.087,0.023,65,59,27,10,0.220,0.202,0.160,0.111,0.090,0.052,64,56,46,25
0.069,0.640,0.048,1.37,0.298,0,0.0819,0.0710,0.104,-0.510,0.249,0.182,0.191,0.121,0.087,0.023,65,59,27,10,0.220,0.202,0.160,0.111,0.090,0.052,64,56,46,25
0.056,0.435,0.058,0,0.000,0,0.0894,0.0780,0.120,0.166,0.249,0.182,0.191,0.121,0.087,0.023,65,59,27,10,0.220,0.202,0.160,0.111,0.090,0.052,64,56,46,25
0.067,0.381,0.048,2.53,0.140,0,0.0974,0.0869,0.079,-0.121,0.249,0.182,0.191,0.121,0.087,0.023,65,59,27,10,0.220,0.202,0.160,0.111,0.090,0.052,64,56,46,25
0.079,0.481,0.015,-0.08,0.108,0,0.0919,0.0839,0.123,0.059,0.249,0.182,0.191,0.121,0.087,0.023,65,59,27,10,0.220,0.202,0.160,0.111,0.090,0.052,64,56,46,25
0.072,0.418,0.007,1.42,0.221,0,0.0824,0.0788,0.052,-0.397,0.249,0.182,0.191,0.121,0.087,0.023,65,59,27,10,0.220,0.202,0.160,0.111,0.090,0.052,64,56,46,25
0.061,0.434,0.017,1.76,0.409,0,0.0776,0.0757,0.101,-0.884,0.249,0.182,0.191,0.121,0.087,0.023,65,59,27,10,0.220,0.202,0.160,0.111,0.090,0.052,64,56,46,25
0.073,0.350,0.057,-0.79,0.151,-1,0.0825,0.0802,0.239,0.736,0.249,0.182,0.191,0.121,0.087,0.023,65,59,27,10,0.220,0.202,0.160,0.111,0.090,0.052,64,56,46,25
0.095,0.331,0.007,0.85,0.046,0,0.0913,0.0888,0.070,0.06,0.249,0.182,0.191,0.121,0.087,0.023,65,59,27,10,0.220,0.202,0.160,0.111,0.090,0.052,64,56,46,25
0.099,0.341,0.004,1.99,0.186,0,0.1074,0.1021,0.104,-0.326,0.249,0.182,0.191,0.121,0.087,0.023,65,59,27,10,0.220,0.202,0.160,0.111,0.090,0.052,64,56,46,25
0.175,0.433,0.155,-0.52,0.062,0,0.1306,0.1214,0.268,0.341,0.249,0.182,0.191,0.121,0.087,0.023,65,59,27,10,0.220,0.202,0.160,0.111,0.090,0.052,64,56,46,25
0.170,0.521,0.171,1.37,0.298,0,0.1633,0.1487,0.250,-0.510,0.249,0.182,0.191,0.121,0.087,0.023,65,59,27,10,0.220,0.202,0.160,0.111,0.090,0.052,64,56,46,25
0.181,0.453,0.106,0,0.000,0,0.1920,0.1738,0.284,0.166,0.249,0.182,0.191,0.121,0.087,0.023,65,59,27,10,0.220,0.202,0.160,0.111,0.090,0.052,64,56,46,25
0.147,0.540,0.329,-0.42,0.180,0,0.2139,0.1956,0.413,0.318,0.249,0.182,0.191,0.121,0.087,0.023,65,59,27,10,0.220,0.202,0.160,0.111,0.090,0.052,64,56,46,25
0.147,0.557,0.444,-1.19,0.219,1,0.2199,0.2057,0.420,0.586,0.249,0.182,0.191,0.121,0.087,0.023,65,59,27,10,0.220,0.202,0.160,0.111,0.090,0.052,64,56,46,25
0.160,0.442,0.324,-1.14,0.131,0,0.2089,0.2035,0.327,0.987,0.249,0.182,0.191,0.121,0.087,0.023,65,59,27,10,0.220,0.202,0.160,0.111,0.090,0.052,64,56,46,25
0.155,0.501,0.489,1.37,0.298,0,0.2024,0.2064,0.233,-0.510,0.249,0.182,0.191,0.121,0.087,0.023,65,59,27,10,0.220,0.202,0.160,0.111,0.090,0.052,64,56,46,25
0.182,0.484,0.372,-1.19,0.219,1,0.1920,0.2059,0.463,0.586,0.249,0.182,0.191,0.121,0.087,0.023,65,59,27,10,0.220,0.202,0.160,0.111,0.090,0.052,64,56,46,25
0.215,0.427,0.343,-1.19,0.219,1,0.2020,0.2229,0.475,0.586,0.249,0.182,0.191,0.121,0.087,0.023,65,59,27,10,0.220,0.202,0.160,0.111,0.090,0.052,64,56,46,25
0.177,0.305,0.438,1.42,0.221,0,0.2169,0.2414,0.227,-0.397,0.249,0.182,0.191,0.121,0.087,0.023,65,59,27,10,0.220,0.202,0.160,0.111,0.090,0.052,64,56,46,25
0.173,0.428,0.306,-1.19,0.219,1,0.2320,0.2566,0.540,0.586,0.249,0.182,0.191,0.121,0.087,0.023,65,59,27,10,0.220,0.202,0.160,0.111,0.090,0.052,64,56,46,25
0.168,0.325,0.088,0,0.000,0,0.2521,0.2723,0.224,0.166,0.249,0.182,0.191,0.121,0.087,0.023,65,59,27,10,0.220,0.202,0.160,0.111,0.090,0.052,64,56,46,25
0.226,0.302,0.189,-1.14,0.131,0,0.2727,0.2866,0.361,0.987,0.249,0.182,0.191,0.121,0.087,0.023,65,59,27,10,0.220,0.202,0.160,0.111,0.090,0.052,64,56,46,25
0.230,0.320,0.049,-0.79,0.151,-1,0.2897,0.2977,0.379,0.736,0.249,0.182,0.191,0.121,0.087,0.023,65,59,27,10,0.220,0.202,0.160,0.111,0.090,0.052,64,56,46,25
0.245,0.254,0.006,2.53,0.140,0,0.2968,0.2987,0.040,-0.121,0.249,0.182,0.191,0.121,0.087,0.023,65,59,27,10,0.220,0.202,0.160,0.111,0.090,0.052,64,56,46,25
0.168,0.245,0.049,1.42,0.221,0,0.2971,0.2937,0.130,-0.397,0.249,0.182,0.191,0.121,0.087,0.023,65,59,27,10,0.220,0.202,0.160,0.111,0.090,0.052,64,56,46,25
0.180,0.184,0.002,0.85,0.046,0,0.2951,0.2888,0.171,0.06,0.249,0.182,0.191,0.121,0.087,0.023,65,59,27,10,0.220,0.202,0.160,0.111,0.090,0.052,64,56,46,25
0.192,0.206,0.015,1.69,0.290,0,0.2923,0.2832,0.060,-0.697,0.249,0.182,0.191,0.121,0.087,0.023,65,59,27,10,0.220,0.202,0.160,0.111,0.090,0.052,64,56,46,25
0.150,0.207,0.010,3.14,0.186,0,0.2951,0.2830,0.051,-0.486,0.249,0.182,0.191,0.121,0.087,0.023,65,59,27,10,0.220,0.202,0.160,0.111,0.090,0.052,64,56,46,25
0.099,0.186,0.005,-0.79,0.151,-1,0.3063,0.2906,0.316,0.736,0.249,0.182,0.191,0.121,0.087,0.023,65,59,27,10,0.220,0.202,0.160,0.111,0.090,0.052,64,56,46,25
0.098,0.204,0.063,-0.42,0.180,0,0.3120,0.2966,0.317,0.318,0.249,0.182,0.191,0.121,0.087,0.023,65,59,27,10,0.220,0.202,0.160,0.111,0.090,0.052,64,56,46,25
0.075,0.282,0.020,0,0.000,0,0.3117,0.2998,0.257,0.166,0.249,0.182,0.191,0.121,0.087,0.023,65,59,27,10,0.220,0.202,0.160,0.111,0.090,0.052,64,56,46,25
0.070,0.318,0.116,-1.19,0.219,1,0.2917,0.2842,0.396,0.586,0.249,0.182,0.191,0.121,0.087,0.023,65,59,27,10,0.220,0.202,0.160,0.111,0.090,0.052,64,56,46,25
0.059,0.333,0.425,0.2,0.291,1,0.2678,0.2672,0.443,0.180,0.249,0.182,0.191,0.121,0.087,0.023,65,59,27,10,0.220,0.202,0.160,0.111,0.090,0.052,64,56,46,25
0.073,0.166,0.056,1.42,0.221,0,0.2516,0.2574,0.209,-0.397,0.249,0.182,0.191,0.121,0.087,0.023,65,59,27,10,0.220,0.202,0.160,0.111,0.090,0.052,64,56,46,25
0.065,0.173,0.135,-0.79,0.151,-1,0.2350,0.2449,0.496,0.736,0.249,0.182,0.191,0.121,0.087,0.023,65,59,27,10,0.220,0.202,0.160,0.111,0.090,0.052,64,56,46,25
0.062,0.158,0.269,2.1,0.128,0,0.2396,0.2489,0.141,0.02,0.249,0.182,0.191,0.121,0.087,0.023,65,59,27,10,0.220,0.202,0.160,0.111,0.090,0.052,64,56,46,25
0.062,0.177,0.067,-1.14,0.131,0,0.2384,0.2458,0.300,0.987,0.249,0.182,0.191,0.121,0.087,0.023,65,59,27,10,0.220,0.202,0.160,0.111,0.090,0.052,64,56,46,25
0.079,0.173,0.137,-1.14,0.131,0,0.2356,0.2386,0.454,0.987,0.249,0.182,0.191,0.121,0.087,0.023,65,59,27,10,0.220,0.202,0.160,0.111,0.090,0.052,64,56,46,25
0.085,0.178,0.152,-0.79,0.151,-1,0.2221,0.2195,0.506,0.736,0.249,0.182,0.191,0.121,0.087,0.023,65,59,27,10,0.220,0.202,0.160,0.111,0.090,0.052,64,56,46,25
0.101,0.172,0.066,2.1,0.128,0,0.2067,0.1993,0.135,0.02,0.249,0.182,0.191,0.121,0.087,0.023,65,59,27,10,0.220,0.202,0.160,0.111,0.090,0.052,64,56,46,25
0.107,0.200,0.122,-1.14,0.131,0,0.1857,0.1753,0.246,0.987,0.249,0.182,0.191,0.121,0.087,0.023,65,59,27,10,0.220,0.202,0.160,0.111,0.090,0.052,64,56,46,25
0.072,0.176,0.109,-1.14,0.131,0,0.1578,0.1471,0.383,0.987,0.249,0.182,0.191,0.121,0.087,0.023,65,59,27,10,0.220,0.202,0.160,0.111,0.090,0.052,64,56,46,25
0.056,0.183,0.019,-0.79,0.151,-1,0.1135,0.1062,0.315,0.736,0.249,0.182,0.191,0.121,0.087,0.023,65,59,27,10,0.220,0.202,0.160,0.111,0.090,0.052,64,56,46,25
0.047,0.146,0.003,1.99,0.186,0,0.0743,0.0720,0.037,-0.326,0.249,0.182,0.191,0.121,0.087,0.023,65,59,27,10,0.220,0.202,0.160,0.111,0.090,0.052,64,56,46,25
0.057,0.212,0.177,1.37,0.298,0,0.0474,0.0493,0.123,-0.510,0.249,0.182,0.191,0.121,0.087,0.023,65,59,27,10,0.220,0.202,0.160,0.111,0.090,0.052,64,56,46,25
0.048,0.156,0.014,0.85,0.046,0,0.0309,0.0363,0.188,0.06,0.249,0.182,0.191,0.121,0.087,0.023,65,59,27,10,0.220,0.202,0.160,0.111,0.090,0.052,64,56,46,25
0.037,0.229,0.007,1.99,0.186,0,0.0349,0.0407,0.069,-0.326,0.249,0.182,0.191,0.121,0.087,0.023,65,59,27,10,0.220,0.202,0.160,0.111,0.090,0.052,64,56,46,25
0.037,0.247,0.004,1.42,0.221,0,0.0479,0.0538,0.052,-0.397,0.249,0.182,0.191,0.121,0.087,0.023,65,59,27,10,0.220,0.202,0.160,0.111,0.090,0.052,64,56,46,25
0.041,0.304,0.104,-0.52,0.062,0,0.0577,0.0640,0.156,0.341,0.249,0.182,0.191,0.121,0.087,0.023,65,59,27,10,0.220,0.202,0.160,0.111,0.090,0.052,64,56,46,25
0.049,0.243,0.010,-1.1,0.105,-1,0.0544,0.0600,0.201,0.192,0.249,0.182,0.191,0.121,0.087,0.023,65,59,27,10,0.220,0.202,0.160,0.111,0.090,0.052,64,56,46,25
0.045,0.314,0.023,2.1,0.128,0,0.0490,0.0547,0.064,0.02,0.249,0.182,0.191,0.121,0.087,0.023,65,59,27,10,0.220,0.202,0.160,0.111,0.090,0.052,64,56,46,25
0.038,0.489,0.008,1.76,0.409,0,0.0430,0.0501,0.091,-0.884,0.249,0.182,0.191,0.121,0.087,0.023,65,59,27,10,0.220,0.202,0.160,0.111,0.090,0.052,64,56,46,25
0.040,0.321,0.072,3.14,0.186,0,0.0406,0.0488,0.075,-0.486,0.249,0.182,0.191,0.121,0.087,0.023,65,59,27,10,0.220,0.202,0.160,0.111,0.090,0.052,64,56,46,25
0.047,0.574,0.121,1.37,0.298,0,0.0442,0.0514,0.123,-0.510,0.249,0.182,0.191,0.121,0.087,0.023,65,59,27,10,0.220,0.202,0.160,0.111,0.090,0.052,64,56,46,25
0.048,0.544,0.179,-1.19,0.219,1,0.0488,0.0525,0.242,0.586,0.249,0.182,0.191,0.121,0.087,0.023,65,59,27,10,0.220,0.202,0.160,0.111,0.090,0.052,64,56,46,25
0.043,0.583,0.065,1.76,0.409,0,0.0633,0.0613,0.124,-0.884,0.249,0.182,0.191,0.121,0.087,0.023,65,59,27,10,0.220,0.202,0.160,0.111,0.090,0.052,64,56,46,25
0.042,0.435,0.175,-0.79,0.151,-1,0.0717,0.0648,0.385,0.736,0.249,0.182,0.191,0.121,0.087,0.023,65,59,27,10,0.220,0.202,0.160,0.111,0.090,0.052,64,56,46,25
0.044,0.437,0.337,-1.1,0.105,-1,0.0834,0.0720,0.411,0.192,0.249,0.182,0.191,0.121,0.087,0.023,65,59,27,10,0.220,0.202,0.160,0.111,0.090,0.052,64,56,46,25
0.044,0.628,0.437,0.2,0.291,1,0.0921,0.0783,0.256,0.180,0.249,0.182,0.191,0.121,0.087,0.023,65,59,27,10,0.220,0.202,0.160,0.111,0.090,0.052,64,56,46,25
0.043,0.502,0.271,-1.14,0.131,0,0.1000,0.0852,0.362,0.987,0.249,0.182,0.191,0.121,0.087,0.023,65,59,27,10,0.220,0.202,0.160,0.111,0.090,0.052,64,56,46,25
0.045,0.472,0.729,-1.1,0.105,-1,0.0977,0.0846,0.341,0.192,0.249,0.182,0.191,0.121,0.087,0.023,65,59,27,10,0.220,0.202,0.160,0.111,0.090,0.052,64,56,46,25
0.045,0.478,0.401,1.69,0.290,0,0.0958,0.0856,0.123,-0.697,0.249,0.182,0.191,0.121,0.087,0.023,65,59,27,10,0.220,0.202,0.160,0.111,0.090,0.052,64,56,46,25
0.059,0.432,0.244,1.99,0.186,0,0.0939,0.0875,0.203,-0.326,0.249,0.182,0.191,0.121,0.087,0.023,65,59,27,10,0.220,0.202,0.160,0.111,0.090,0.052,64,56,46,25
0.054,0.499,0.239,-0.08,0.108,0,0.0958,0.0942,0.283,0.059,0.249,0.182,0.191,0.121,0.087,0.023,65,59,27,10,0.220,0.202,0.160,0.111,0.090,0.052,64,56,46,25
0.064,0.267,0.006,2.53,0.140,0,0.0977,0.1013,0.111,-0.121,0.249,0.182,0.191,0.121,0.087,0.023,65,59,27,10,0.220,0.202,0.160,0.111,0.090,0.052,64,56,46,25
0.051,0.273,0.009,-0.79,0.151,-1,0.0927,0.1011,0.218,0.736,0.249,0.182,0.191,0.121,0.087,0.023,65,59,27,10,0.220,0.202,0.160,0.111,0.090,0.052,64,56,46,25
0.075,0.314,0.007,-0.42,0.180,0,0.0905,0.1024,0.286,0.318,0.249,0.182,0.191,0.121,0.087,0.023,65,59,27,10,0.220,0.202,0.160,0.111,0.090,0.052,64,56,46,25
0.098,0.412,0.054,0.2,0.291,1,0.0845,0.0977,0.159,0.180,0.249,0.182,0.191,0.121,0.087,0.023,65,59,27,10,0.220,0.202,0.160,0.111,0.090,0.052,64,56,46,25
0.127,0.246,0.002,1.42,0.221,0,0.0821,0.0934,0.040,-0.397,0.249,0.182,0.191,0.121,0.087,0.023,65,59,27,10,0.220,0.202,0.160,0.111,0.090,0.052,64,56,46,25
0.122,0.348,0.287,0.2,0.291,1,0.0833,0.0943,0.219,0.180,0.249,0.182,0.191,0.121,0.087,0.023,65,59,27,10,0.220,0.202,0.160,0.111,0.090,0.052,64,56,46,25
0.104,0.190,0.023,0.85,0.046,0,0.0933,0.1040,0.164,0.06,0.249,0.182,0.191,0.121,0.087,0.023,65,59,27,10,0.220,0.202,0.160,0.111,0.090,0.052,64,56,46,25
0.111,0.191,0.013,2.1,0.128,0,0.1092,0.1200,0.048,0.02,0.249,0.182,0.191,0.121,0.087,0.023,65,59,27,10,0.220,0.202,0.160,0.111,0.090,0.052,64,56,46,25
0.128,0.265,0.015,1.37,0.298,0,0.1290,0.1400,0.085,-0.510,0.249,0.182,0.191,0.121,0.087,0.023,65,59,27,10,0.220,0.202,0.160,0.111,0.090,0.052,64,56,46,25
0.123,0.272,0.084,1.37,0.298,0,0.1599,0.1695,0.143,-0.510,0.249,0.182,0.191,0.121,0.087,0.023,65,59,27,10,0.220,0.202,0.160,0.111,0.090,0.052,64,56,46,25
0.132,0.221,0.105,-0.52,0.062,0,0.1816,0.1904,0.142,0.341,0.249,0.182,0.191,0.121,0.087,0.023,65,59,27,10,0.220,0.202,0.160,0.111,0.090,0.052,64,56,46,25
0.139,0.157,0.002,1.99,0.186,0,0.2087,0.2173,0.079,-0.326,0.249,0.182,0.191,0.121,0.087,0.023,65,59,27,10,0.220,0.202,0.160,0.111,0.090,0.052,64,56,46,25
0.161,0.170,0.002,0.85,0.046,0,0.2229,0.2366,0.174,0.06,0.249,0.182,0.191,0.121,0.087,0.023,65,59,27,10,0.220,0.202,0.160,0.111,0.090,0.052,64,56,46,25
0.161,0.231,0.014,-0.52,0.062,0,0.2354,0.2512,0.272,0.341,0.249,0.182,0.191,0.121,0.087,0.023,65,59,27,10,0.220,0.202,0.160,0.111,0.090,0.052,64,56,46,25
0.190,0.229,0.035,-1.19,0.219,1,0.2413,0.2547,0.373,0.586,0.249,0.182,0.191,0.121,0.087,0.023,65,59,27,10,0.220,0.202,0.160,0.111,0.090,0.052,64,56,46,25
0.183,0.181,0.003,2.53,0.140,0,0.2471,0.2521,0.182,-0.121,0.249,0.182,0.191,0.121,0.087,0.023,65,59,27,10,0.220,0.202,0.160,0.111,0.090,0.052,64,56,46,25
0.146,0.229,0.005,-0.79,0.151,-1,0.2592,0.2519,0.540,0.736,0.249,0.182,0.191,0.121,0.087,0.023,65,59,27,10,0.220,0.202,0.160,0.111,0.090,0.052,64,56,46,25
0.146,0.288,0.139,0,0.000,0,0.2887,0.2666,0.271,0.166,0.249,0.182,0.191,0.121,0.087,0.023,65,59,27,10,0.220,0.202,0.160,0.111,0.090,0.052,64,56,46,25
0.143,0.316,0.114,-1.14,0.131,0,0.3196,0.2896,0.327,0.987,0.249,0.182,0.191,0.121,0.087,0.023,65,59,27,10,0.220,0.202,0.160,0.111,0.090,0.052,64,56,46,25
0.164,0.352,0.122,-1.14,0.131,0,0.3526,0.3212,0.484,0.987,0.249,0.182,0.191,0.121,0.087,0.023,65,59,27,10,0.220,0.202,0.160,0.111,0.090,0.052,64,56,46,25
0.183,0.424,0.091,0,0.000,0,0.3896,0.3663,0.334,0.166,0.249,0.182,0.191,0.121,0.087,0.023,65,59,27,10,0.220,0.202,0.160,0.111,0.090,0.052,64,56,46,25
0.175,0.465,0.192,-0.52,0.062,0,0.4240,0.4176,0.293,0.341,0.249,0.182,0.191,0.121,0.087,0.023,65,59,27,10,0.220,0.202,0.160,0.111,0.090,0.052,64,56,46,25
0.176,0.399,0.153,-0.08,0.108,0,0.4543,0.4768,0.357,0.059,0.249,0.182,0.191,0.121,0.087,0.023,65,59,27,10,0.220,0.202,0.160,0.111,0.090,0.052,64,56,46,25
0.176,0.394,0.143,-0.42,0.180,0,0.4802,0.5400,0.429,0.318,0.249,0.182,0.191,0.121,0.087,0.023,65,59,27,10,0.220,0.202,0.160,0.111,0.090,0.052,64,56,46,25
0.166,0.349,0.306,-1.19,0.219,1,0.4998,0.6043,0.390,0.586,0.249,0.182,0.191,0.121,0.087,0.023,65,59,27,10,0.220,0.202,0.160,0.111,0.090,0.052,64,56,46,25
0.126,0.224,0.250,0.85,0.046,0,0.5113,0.6663,0.141,0.06,0.249,0.182,0.191,0.121,0.087,0.023,65,59,27,10,0.220,0.202,0.160,0.111,0.090,0.052,64,56,46,25
0.124,0.201,0.323,-0.79,0.151,-1,0.5129,0.7226,0.325,0.736,0.249,0.182,0.191,0.121,0.087,0.023,65,59,27,10,0.220,0.202,0.160,0.111,0.090,0.052,64,56,46,25
0.163,0.170,0.312,0.85,0.046,0,0.5023,0.7700,0.336,0.06,0.249,0.182,0.191,0.121,0.087,0.023,65,59,27,10,0.220,0.202,0.160,0.111,0.090,0.052,64,56,46,25
0.158,0.150,0.350,0.85,0.046,0,0.4770,0.8054,0.278,0.06,0.249,0.182,0.191,0.121,0.087,0.023,65,59,27,10,0.220,0.202,0.160,0.111,0.090,0.052,64,56,46,25
0.169,0.094,0.194,2.1,0.128,0,0.4342,0.8264,0.273,0.02,0.249,0.182,0.191,0.121,0.087,0.023,65,59,27,10,0.220,0.202,0.160,0.111,0.090,0.052,64,56,46,25
0.183,0.095,0.151,0.85,0.046,0,0.3707,0.8311,0.859,0.06,0.249,0.182,0.191,0.121,0.087,0.023,65,59,27,10,0.220,0.202,0.160,0.111,0.090,0.052,64,56,46,25
