0.157,0.168,0.327,1.42,0.221,0,0.0887,0.7810,0.771,-0.397,0.224,0.094,0.069,0.008,0.000,0.000,9,1,0,0,0.242,0.179,0.123,0.100,0.085,0.054,10,8,7,5
0.119,0.200,0.167,2.53,0.140,0,0.1029,0.7401,0.245,-0.121,0.224,0.094,0.069,0.008,0.000,0.000,9,1,0,0,0.242,0.179,0.123,0.100,0.085,0.054,10,8,7,5
0.122,0.368,0.251,-0.42,0.180,0,0.1126,0.6842,0.326,0.318,0.224,0.094,0.069,0.008,0.000,0.000,9,1,0,0,0.242,0.179,0.123,0.100,0.085,0.054,10,8,7,5
0.119,0.370,0.005,3.14,0.186,0,0.1175,0.6161,0.170,-0.486,0.224,0.094,0.069,0.008,0.000,0.000,9,1,0,0,0.242,0.179,0.123,0.100,0.085,0.054,10,8,7,5
0.128,0.335,0.030,3.14,0.186,0,0.1183,0.5396,0.172,-0.486,0.224,0.094,0.069,0.008,0.000,0.000,9,1,0,0,0.242,0.179,0.123,0.100,0.085,0.054,10,8,7,5
0.101,0.505,0.184,1.69,0.290,0,0.1160,0.4593,0.159,-0.697,0.224,0.094,0.069,0.008,0.000,0.000,9,1,0,0,0.242,0.179,0.123,0.100,0.085,0.054,10,8,7,5
0.105,0.843,0.209,-1.1,0.105,-1,0.1125,0.3802,0.272,0.192,0.224,0.094,0.069,0.008,0.000,0.000,9,1,0,0,0.242,0.179,0.123,0.100,0.085,0.054,10,8,7,5
0.088,0.843,0.565,-0.52,0.062,0,0.1095,0.3071,0.305,0.341,0.224,0.094,0.069,0.008,0.000,0.000,9,1,0,0,0.242,0.179,0.123,0.100,0.085,0.054,10,8,7,5
0.116,0.695,0.717,-1.19,0.219,1,0.1090,0.2446,0.580,0.586,0.224,0.094,0.069,0.008,0.000,0.000,9,1,0,0,0.242,0.179,0.123,0.100,0.085,0.054,10,8,7,5
0.112,0.739,0.820,-0.08,0.108,0,0.1128,0.1966,0.466,0.059,0.224,0.094,0.069,0.008,0.000,0.000,9,1,0,0,0.242,0.179,0.123,0.100,0.085,0.054,10,8,7,5
0.117,0.735,0.627,0,0.000,0,0.1267,0.1716,0.366,0.166,0.224,0.094,0.069,0.008,0.000,0.000,9,1,0,0,0.242,0.179,0.123,0.100,0.085,0.054,10,8,7,5
0.092,0.691,0.813,-0.48,0.134,0,0.1408,0.1608,0.389,0.007,0.224,0.094,0.069,0.008,0.000,0.000,9,1,0,0,0.242,0.179,0.123,0.100,0.085,0.054,10,8,7,5
0.089,0.626,0.356,2.53,0.140,0,0.1689,0.1719,0.162,-0.121,0.224,0.094,0.069,0.008,0.000,0.000,9,1,0,0,0.242,0.179,0.123,0.100,0.085,0.054,10,8,7,5
0.089,0.731,0.631,-0.42,0.180,0,0.1991,0.1915,0.324,0.318,0.224,0.094,0.069,0.008,0.000,0.000,9,1,0,0,0.242,0.179,0.123,0.100,0.085,0.054,10,8,7,5
0.089,0.740,0.986,0.2,0.291,1,0.2227,0.2095,0.411,0.180,0.224,0.094,0.069,0.008,0.000,0.000,9,1,0,0,0.242,0.179,0.123,0.100,0.085,0.054,10,8,7,5
0.095,0.859,0.620,1.69,0.290,0,0.2471,0.2275,0.193,-0.697,0.224,0.094,0.069,0.008,0.000,0.000,9,1,0,0,0.242,0.179,0.123,0.100,0.085,0.054,10,8,7,5
0.143,0.863,0.007,2.53,0.140,0,0.2708,0.2446,0.172,-0.121,0.224,0.094,0.069,0.008,0.000,0.000,9,1,0,0,0.242,0.179,0.123,0.100,0.085,0.054,10,8,7,5
0.149,0.712,0.422,-0.48,0.134,0,0.2960,0.2604,0.378,0.007,0.224,0.094,0.069,0.008,0.000,0.000,9,1,0,0,0.242,0.179,0.123,0.100,0.085,0.054,10,8,7,5
0.136,0.772,0.500,-1.19,0.219,1,0.3014,0.2577,0.516,0.586,0.224,0.094,0.069,0.008,0.000,0.000,9,1,0,0,0.242,0.179,0.123,0.100,0.085,0.054,10,8,7,5
0.089,0.735,0.094,-0.08,0.108,0,0.2944,0.2433,0.437,0.059,0.224,0.094,0.069,0.008,0.000,0.000,9,1,0,0,0.242,0.179,0.123,0.100,0.085,0.054,10,8,7,5
0.098,0.715,0.040,0,0.000,0,0.2824,0.2287,0.304,0.166,0.224,0.094,0.069,0.008,0.000,0.000,9,1,0,0,0.242,0.179,0.123,0.100,0.085,0.054,10,8,7,5
0.092,0.685,0.147,1.69,0.290,0,0.2814,0.2273,0.275,-0.697,0.224,0.094,0.069,0.008,0.000,0.000,9,1,0,0,0.242,0.179,0.123,0.100,0.085,0.054,10,8,7,5
0.117,0.801,0.237,-0.42,0.180,0,0.2866,0.2324,0.450,0.318,0.224,0.094,0.069,0.008,0.000,0.000,9,1,0,0,0.242,0.179,0.123,0.100,0.085,0.054,10,8,7,5
0.117,0.622,0.365,-0.42,0.180,0,0.2979,0.2436,0.331,0.318,0.224,0.094,0.069,0.008,0.000,0.000,9,1,0,0,0.242,0.179,0.123,0.100,0.085,0.054,10,8,7,5
0.116,0.413,0.206,3.14,0.186,0,0.3140,0.2592,0.160,-0.486,0.224,0.094,0.069,0.008,0.000,0.000,9,1,0,0,0.242,0.179,0.123,0.100,0.085,0.054,10,8,7,5
0.106,0.703,0.419,0.2,0.291,1,0.3253,0.2703,0.376,0.180,0.224,0.094,0.069,0.008,0.000,0.000,9,1,0,0,0.242,0.179,0.123,0.100,0.085,0.054,10,8,7,5
0.123,0.479,0.170,-1.19,0.219,1,0.3221,0.2690,0.449,0.586,0.224,0.094,0.069,0.008,0.000,0.000,9,1,0,0,0.242,0.179,0.123,0.100,0.085,0.054,10,8,7,5
0.102,0.308,0.001,2.53,0.140,0,0.3022,0.2545,0.202,-0.121,0.224,0.094,0.069,0.008,0.000,0.000,9,1,0,0,0.242,0.179,0.123,0.100,0.085,0.054,10,8,7,5
0.120,0.286,0.002,-1.1,0.105,-1,0.2811,0.2380,0.368,0.192,0.224,0.094,0.069,0.008,0.000,0.000,9,1,0,0,0.242,0.179,0.123,0.100,0.085,0.054,10,8,7,5
0.096,0.246,0.001,-0.79,0.151,-1,0.2576,0.2179,0.500,0.736,0.224,0.094,0.069,0.008,0.000,0.000,9,1,0,0,0.242,0.179,0.123,0.100,0.085,0.054,10,8,7,5
0.101,0.267,0.004,1.42,0.221,0,0.2265,0.1893,0.390,-0.397,0.224,0.094,0.069,0.008,0.000,0.000,9,1,0,0,0.242,0.179,0.123,0.100,0.085,0.054,10,8,7,5
0.094,0.274,0.004,-1.1,0.105,-1,0.2010,0.1643,0.447,0.192,0.224,0.094,0.069,0.008,0.000,0.000,9,1,0,0,0.242,0.179,0.123,0.100,0.085,0.054,10,8,7,5
0.102,0.319,0.004,0.22,0.230,0,0.1827,0.1442,0.461,0.303,0.224,0.094,0.069,0.008,0.000,0.000,9,1,0,0,0.242,0.179,0.123,0.100,0.085,0.054,10,8,7,5
0.100,0.277,0.006,2.53,0.140,0,0.1729,0.1312,0.356,-0.121,0.224,0.094,0.069,0.008,0.000,0.000,9,1,0,0,0.242,0.179,0.123,0.100,0.085,0.054,10,8,7,5
0.098,0.361,0.042,-1.1,0.105,-1,0.1763,0.1292,0.488,0.192,0.224,0.094,0.069,0.008,0.000,0.000,9,1,0,0,0.242,0.179,0.123,0.100,0.085,0.054,10,8,7,5
0.085,0.893,0.109,-0.08,0.108,0,0.1997,0.1458,0.195,0.059,0.224,0.094,0.069,0.008,0.000,0.000,9,1,0,0,0.242,0.179,0.123,0.100,0.085,0.054,10,8,7,5
0.067,0.352,0.097,-1.14,0.131,0,0.2070,0.1513,0.299,0.987,0.224,0.094,0.069,0.008,0.000,0.000,9,1,0,0,0.242,0.179,0.123,0.100,0.085,0.054,10,8,7,5
0.054,0.363,0.047,1.69,0.290,0,0.2014,0.1470,0.211,-0.697,0.224,0.094,0.069,0.008,0.000,0.000,9,1,0,0,0.242,0.179,0.123,0.100,0.085,0.054,10,8,7,5
0.052,0.332,0.003,2.53,0.140,0,0.1955,0.1419,0.111,-0.121,0.224,0.094,0.069,0.008,0.000,0.000,9,1,0,0,0.242,0.179,0.123,0.100,0.085,0.054,10,8,7,5
0.055,0.362,0.009,1.99,0.186,0,0.1999,0.1444,0.121,-0.326,0.224,0.094,0.069,0.008,0.000,0.000,9,1,0,0,0.242,0.179,0.123,0.100,0.085,0.054,10,8,7,5
0.065,0.378,0.005,2.53,0.140,0,0.2057,0.1482,0.080,-0.121,0.224,0.094,0.069,0.008,0.000,0.000,9,1,0,0,0.242,0.179,0.123,0.100,0.085,0.054,10,8,7,5
0.062,0.844,0.039,-0.08,0.108,0,0.2043,0.1469,0.111,0.059,0.224,0.094,0.069,0.008,0.000,0.000,9,1,0,0,0.242,0.179,0.123,0.100,0.085,0.054,10,8,7,5
0.069,0.852,0.615,1.37,0.298,0,0.2001,0.1430,0.161,-0.510,0.224,0.094,0.069,0.008,0.000,0.000,9,1,0,0,0.242,0.179,0.123,0.100,0.085,0.054,10,8,7,5
0.061,0.852,0.679,-0.08,0.108,0,0.1932,0.1371,0.195,0.059,0.224,0.094,0.069,0.008,0.000,0.000,9,1,0,0,0.242,0.179,0.123,0.100,0.085,0.054,10,8,7,5
0.058,0.866,0.623,-0.08,0.108,0,0.1892,0.1336,0.245,0.059,0.224,0.094,0.069,0.008,0.000,0.000,9,1,0,0,0.242,0.179,0.123,0.100,0.085,0.054,10,8,7,5
0.064,0.450,0.545,-0.48,0.134,0,0.1695,0.1198,0.393,0.007,0.224,0.094,0.069,0.008,0.000,0.000,9,1,0,0,0.242,0.179,0.123,0.100,0.085,0.054,10,8,7,5
0.055,0.394,0.424,1.69,0.290,0,0.1634,0.1158,0.369,-0.697,0.224,0.094,0.069,0.008,0.000,0.000,9,1,0,0,0.242,0.179,0.123,0.100,0.085,0.054,10,8,7,5
0.058,0.385,0.173,0,0.000,0,0.1713,0.1218,0.394,0.166,0.224,0.094,0.069,0.008,0.000,0.000,9,1,0,0,0.242,0.179,0.123,0.100,0.085,0.054,10,8,7,5
0.057,0.436,0.409,-0.42,0.180,0,0.1781,0.1251,0.506,0.318,0.224,0.094,0.069,0.008,0.000,0.000,9,1,0,0,0.242,0.179,0.123,0.100,0.085,0.054,10,8,7,5
0.072,0.393,0.413,2.53,0.140,0,0.1878,0.1302,0.301,-0.121,0.224,0.094,0.069,0.008,0.000,0.000,9,1,0,0,0.242,0.179,0.123,0.100,0.085,0.054,10,8,7,5
0.064,0.458,0.309,-1.14,0.131,0,0.1949,0.1337,0.420,0.987,0.224,0.094,0.069,0.008,0.000,0.000,9,1,0,0,0.242,0.179,0.123,0.100,0.085,0.054,10,8,7,5
0.064,0.503,0.293,0.85,0.046,0,0.2018,0.1382,0.455,0.06,0.224,0.094,0.069,0.008,0.000,0.000,9,1,0,0,0.242,0.179,0.123,0.100,0.085,0.054,10,8,7,5
0.073,0.901,0.632,-0.52,0.062,0,0.2025,0.1390,0.370,0.341,0.224,0.094,0.069,0.008,0.000,0.000,9,1,0,0,0.242,0.179,0.123,0.100,0.085,0.054,10,8,7,5
0.082,0.892,0.194,-0.08,0.108,0,0.2032,0.1408,0.217,0.059,0.224,0.094,0.069,0.008,0.000,0.000,9,1,0,0,0.242,0.179,0.123,0.100,0.085,0.054,10,8,7,5
0.086,0.835,0.219,-0.42,0.180,0,0.1870,0.1306,0.450,0.318,0.224,0.094,0.069,0.008,0.000,0.000,9,1,0,0,0.242,0.179,0.123,0.100,0.085,0.054,10,8,7,5
0.090,0.875,0.168,-0.52,0.062,0,0.1545,0.1088,0.379,0.341,0.224,0.094,0.069,0.008,0.000,0.000,9,1,0,0,0.242,0.179,0.123,0.100,0.085,0.054,10,8,7,5
0.109,0.887,0.162,1.69,0.290,0,0.1247,0.0878,0.167,-0.697,0.224,0.094,0.069,0.008,0.000,0.000,9,1,0,0,0.242,0.179,0.123,0.100,0.085,0.054,10,8,7,5
0.132,0.391,0.010,1.99,0.186,0,0.1140,0.0801,0.143,-0.326,0.224,0.094,0.069,0.008,0.000,0.000,9,1,0,0,0.242,0.179,0.123,0.100,0.085,0.054,10,8,7,5
0.130,0.341,0.260,-0.79,0.151,-1,0.1132,0.0786,0.428,0.736,0.224,0.094,0.069,0.008,0.000,0.000,9,1,0,0,0.242,0.179,0.123,0.100,0.085,0.054,10,8,7,5
0.135,0.407,0.455,-1.19,0.219,1,0.1139,0.0784,0.408,0.586,0.224,0.094,0.069,0.008,0.000,0.000,9,1,0,0,0.242,0.179,0.123,0.100,0.085,0.054,10,8,7,5
0.141,0.401,0.170,1.37,0.298,0,0.1103,0.0761,0.138,-0.510,0.224,0.094,0.069,0.008,0.000,0.000,9,1,0,0,0.242,0.179,0.123,0.100,0.085,0.054,10,8,7,5
0.151,0.248,0.169,0.85,0.046,0,0.1111,0.0763,0.132,0.06,0.224,0.094,0.069,0.008,0.000,0.000,9,1,0,0,0.242,0.179,0.123,0.100,0.085,0.054,10,8,7,5
0.127,0.331,0.271,0.22,0.230,0,0.1163,0.0790,0.368,0.303,0.224,0.094,0.069,0.008,0.000,0.000,9,1,0,0,0.242,0.179,0.123,0.100,0.085,0.054,10,8,7,5
0.150,0.225,0.146,1.99,0.186,0,0.1117,0.0760,0.197,-0.326,0.224,0.094,0.069,0.008,0.000,0.000,9,1,0,0,0.242,0.179,0.123,0.100,0.085,0.054,10,8,7,5
0.157,0.290,0.035,1.99,0.186,0,0.1021,0.0690,0.101,-0.326,0.224,0.094,0.069,0.008,0.000,0.000,9,1,0,0,0.242,0.179,0.123,0.100,0.085,0.054,10,8,7,5
0.113,0.320,0.346,1.99,0.186,0,0.1007,0.0675,0.203,-0.326,0.224,0.094,0.069,0.008,0.000,0.000,9,1,0,0,0.242,0.179,0.123,0.100,0.085,0.054,10,8,7,5
0.110,0.406,0.142,0,0.000,0,0.1017,0.0664,0.194,0.166,0.224,0.094,0.069,0.008,0.000,0.000,9,1,0,0,0.242,0.179,0.123,0.100,0.085,0.054,10,8,7,5
0.128,0.397,0.264,2.53,0.140,0,0.0941,0.0592,0.103,-0.121,0.224,0.094,0.069,0.008,0.000,0.000,9,1,0,0,0.242,0.179,0.123,0.100,0.085,0.054,10,8,7,5
0.109,0.435,0.191,0.85,0.046,0,0.0894,0.0552,0.136,0.06,0.224,0.094,0.069,0.008,0.000,0.000,9,1,0,0,0.242,0.179,0.123,0.100,0.085,0.054,10,8,7,5
0.110,0.863,0.355,0.85,0.046,0,0.0988,0.0619,0.299,0.06,0.224,0.094,0.069,0.008,0.000,0.000,9,1,0,0,0.242,0.179,0.123,0.100,0.085,0.054,10,8,7,5
0.089,0.839,0.552,-0.52,0.062,0,0.1096,0.0700,0.364,0.341,0.224,0.094,0.069,0.008,0.000,0.000,9,1,0,0,0.242,0.179,0.123,0.100,0.085,0.054,10,8,7,5
0.124,0.843,0.666,0,0.000,0,0.1231,0.0791,0.435,0.166,0.224,0.094,0.069,0.008,0.000,0.000,9,1,0,0,0.242,0.179,0.123,0.100,0.085,0.054,10,8,7,5
0.130,0.886,0.782,-0.48,0.134,0,0.1435,0.0938,0.349,0.007,0.224,0.094,0.069,0.008,0.000,0.000,9,1,0,0,0.242,0.179,0.123,0.100,0.085,0.054,10,8,7,5
0.122,0.867,0.844,-1.19,0.219,1,0.1625,0.1060,0.398,0.586,0.224,0.094,0.069,0.008,0.000,0.000,9,1,0,0,0.242,0.179,0.123,0.100,0.085,0.054,10,8,7,5
0.117,0.584,0.733,2.53,0.140,0,0.1914,0.1265,0.233,-0.121,0.224,0.094,0.069,0.008,0.000,0.000,9,1,0,0,0.242,0.179,0.123,0.100,0.085,0.054,10,8,7,5
0.112,0.877,0.703,1.76,0.409,0,0.2236,0.1486,0.280,-0.884,0.224,0.094,0.069,0.008,0.000,0.000,9,1,0,0,0.242,0.179,0.123,0.100,0.085,0.054,10,8,7,5
0.110,0.522,0.627,0,0.000,0,0.2641,0.1775,0.175,0.166,0.224,0.094,0.069,0.008,0.000,0.000,9,1,0,0,0.242,0.179,0.123,0.100,0.085,0.054,10,8,7,5
0.113,0.451,0.546,-1.1,0.105,-1,0.3041,0.2068,0.399,0.192,0.224,0.094,0.069,0.008,0.000,0.000,9,1,0,0,0.242,0.179,0.123,0.100,0.085,0.054,10,8,7,5
0.118,0.518,0.587,-0.48,0.134,0,0.3143,0.2155,0.366,0.007,0.224,0.094,0.069,0.008,0.000,0.000,9,1,0,0,0.242,0.179,0.123,0.100,0.085,0.054,10,8,7,5
0.113,0.448,0.600,1.69,0.290,0,0.3081,0.2130,0.222,-0.697,0.224,0.094,0.069,0.008,0.000,0.000,9,1,0,0,0.242,0.179,0.123,0.100,0.085,0.054,10,8,7,5
0.100,0.420,0.092,0.85,0.046,0,0.3023,0.2119,0.270,0.06,0.224,0.094,0.069,0.008,0.000,0.000,9,1,0,0,0.242,0.179,0.123,0.100,0.085,0.054,10,8,7,5
0.092,0.553,0.452,-1.19,0.219,1,0.2900,0.2084,0.496,0.586,0.224,0.094,0.069,0.008,0.000,0.000,9,1,0,0,0.242,0.179,0.123,0.100,0.085,0.054,10,8,7,5
0.090,0.543,0.189,-0.52,0.062,0,0.2703,0.1998,0.257,0.341,0.224,0.094,0.069,0.008,0.000,0.000,9,1,0,0,0.242,0.179,0.123,0.100,0.085,0.054,10,8,7,5
0.102,0.419,0.164,0.85,0.046,0,0.2527,0.1920,0.247,0.06,0.224,0.094,0.069,0.008,0.000,0.000,9,1,0,0,0.242,0.179,0.123,0.100,0.085,0.054,10,8,7,5
0.080,0.416,0.396,-1.1,0.105,-1,0.2343,0.1820,0.438,0.192,0.224,0.094,0.069,0.008,0.000,0.000,9,1,0,0,0.242,0.179,0.123,0.100,0.085,0.054,10,8,7,5
0.079,0.460,0.402,-0.08,0.108,0,0.2135,0.1708,0.356,0.059,0.224,0.094,0.069,0.008,0.000,0.000,9,1,0,0,0.242,0.179,0.123,0.100,0.085,0.054,10,8,7,5
0.124,0.442,0.197,3.14,0.186,0,0.1964,0.1623,0.221,-0.486,0.224,0.094,0.069,0.008,0.000,0.000,9,1,0,0,0.242,0.179,0.123,0.100,0.085,0.054,10,8,7,5
0.150,0.494,0.421,-0.52,0.062,0,0.1914,0.1633,0.282,0.341,0.224,0.094,0.069,0.008,0.000,0.000,9,1,0,0,0.242,0.179,0.123,0.100,0.085,0.054,10,8,7,5
0.129,0.478,0.423,0.2,0.291,1,0.1906,0.1677,0.501,0.180,0.224,0.094,0.069,0.008,0.000,0.000,9,1,0,0,0.242,0.179,0.123,0.100,0.085,0.054,10,8,7,5
0.125,0.424,0.210,-0.42,0.180,0,0.1872,0.1685,0.481,0.318,0.224,0.094,0.069,0.008,0.000,0.000,9,1,0,0,0.242,0.179,0.123,0.100,0.085,0.054,10,8,7,5
0.150,0.459,0.060,1.37,0.298,0,0.1848,0.1704,0.276,-0.510,0.224,0.094,0.069,0.008,0.000,0.000,9,1,0,0,0.242,0.179,0.123,0.100,0.085,0.054,10,8,7,5
0.156,0.375,0.112,-0.42,0.180,0,0.1821,0.1706,0.482,0.318,0.224,0.094,0.069,0.008,0.000,0.000,9,1,0,0,0.242,0.179,0.123,0.100,0.085,0.054,10,8,7,5
0.129,0.285,0.241,2.53,0.140,0,0.1974,0.1863,0.190,-0.121,0.224,0.094,0.069,0.008,0.000,0.000,9,1,0,0,0.242,0.179,0.123,0.100,0.085,0.054,10,8,7,5
0.117,0.269,0.258,-1.14,0.131,0,0.2059,0.1961,0.359,0.987,0.224,0.094,0.069,0.008,0.000,0.000,9,1,0,0,0.242,0.179,0.123,0.100,0.085,0.054,10,8,7,5
0.122,0.342,0.253,3.14,0.186,0,0.2209,0.2126,0.206,-0.486,0.224,0.094,0.069,0.008,0.000,0.000,9,1,0,0,0.242,0.179,0.123,0.100,0.085,0.054,10,8,7,5
0.157,0.338,0.090,1.99,0.186,0,0.2289,0.2216,0.225,-0.326,0.224,0.094,0.069,0.008,0.000,0.000,9,1,0,0,0.242,0.179,0.123,0.100,0.085,0.054,10,8,7,5
0.158,0.480,0.519,0.22,0.230,0,0.2314,0.2279,0.288,0.303,0.224,0.094,0.069,0.008,0.000,0.000,9,1,0,0,0.242,0.179,0.123,0.100,0.085,0.054,10,8,7,5
0.162,0.544,0.502,-1.19,0.219,1,0.2194,0.2235,0.394,0.586,0.224,0.094,0.069,0.008,0.000,0.000,9,1,0,0,0.242,0.179,0.123,0.100,0.085,0.054,10,8,7,5
0.127,0.855,0.205,1.69,0.290,0,0.1984,0.2107,0.210,-0.697,0.224,0.094,0.069,0.008,0.000,0.000,9,1,0,0,0.242,0.179,0.123,0.100,0.085,0.054,10,8,7,5
0.121,0.454,0.589,-0.79,0.151,-1,0.1799,0.2000,0.408,0.736,0.224,0.094,0.069,0.008,0.000,0.000,9,1,0,0,0.242,0.179,0.123,0.100,0.085,0.054,10,8,7,5
0.103,0.376,0.455,1.99,0.186,0,0.1771,0.2002,0.319,-0.326,0.224,0.094,0.069,0.008,0.000,0.000,9,1,0,0,0.242,0.179,0.123,0.100,0.085,0.054,10,8,7,5
0.110,0.507,0.575,-0.52,0.062,0,0.1722,0.1974,0.449,0.341,0.224,0.094,0.069,0.008,0.000,0.000,9,1,0,0,0.242,0.179,0.123,0.100,0.085,0.054,10,8,7,5
0.110,0.899,0.651,0,0.000,0,0.1766,0.2003,0.421,0.166,0.224,0.094,0.069,0.008,0.000,0.000,9,1,0,0,0.242,0.179,0.123,0.100,0.085,0.054,10,8,7,5
0.089,0.869,0.741,-0.08,0.108,0,0.1834,0.2036,0.407,0.059,0.224,0.094,0.069,0.008,0.000,0.000,9,1,0,0,0.242,0.179,0.123,0.100,0.085,0.054,10,8,7,5
0.094,0.864,0.589,-0.52,0.062,0,0.1922,0.2063,0.390,0.341,0.224,0.094,0.069,0.008,0.000,0.000,9,1,0,0,0.242,0.179,0.123,0.100,0.085,0.054,10,8,7,5
0.078,0.592,0.408,-1.19,0.219,1,0.2111,0.2174,0.549,0.586,0.224,0.094,0.069,0.008,0.000,0.000,9,1,0,0,0.242,0.179,0.123,0.100,0.085,0.054,10,8,7,5
0.081,0.529,0.347,-1.1,0.105,-1,0.2362,0.2344,0.359,0.192,0.224,0.094,0.069,0.008,0.000,0.000,9,1,0,0,0.242,0.179,0.123,0.100,0.085,0.054,10,8,7,5
0.076,0.353,0.018,2.53,0.140,0,0.2638,0.2521,0.187,-0.121,0.224,0.094,0.069,0.008,0.000,0.000,9,1,0,0,0.242,0.179,0.123,0.100,0.085,0.054,10,8,7,5
0.060,0.311,0.006,-0.79,0.151,-1,0.2824,0.2636,0.473,0.736,0.224,0.094,0.069,0.008,0.000,0.000,9,1,0,0,0.242,0.179,0.123,0.100,0.085,0.054,10,8,7,5
0.070,0.233,0.001,1.99,0.186,0,0.2945,0.2708,0.264,-0.326,0.224,0.094,0.069,0.008,0.000,0.000,9,1,0,0,0.242,0.179,0.123,0.100,0.085,0.054,10,8,7,5
0.108,0.276,0.003,1.69,0.290,0,0.3101,0.2820,0.140,-0.697,0.224,0.094,0.069,0.008,0.000,0.000,9,1,0,0,0.242,0.179,0.123,0.100,0.085,0.054,10,8,7,5
0.114,0.244,0.241,-0.08,0.108,0,0.3235,0.2945,0.215,0.059,0.224,0.094,0.069,0.008,0.000,0.000,9,1,0,0,0.242,0.179,0.123,0.100,0.085,0.054,10,8,7,5
0.114,0.245,0.061,-0.42,0.180,0,0.3364,0.3054,0.452,0.318,0.224,0.094,0.069,0.008,0.000,0.000,9,1,0,0,0.242,0.179,0.123,0.100,0.085,0.054,10,8,7,5
0.113,0.180,0.005,-0.79,0.151,-1,0.3277,0.2959,0.328,0.736,0.224,0.094,0.069,0.008,0.000,0.000,9,1,0,0,0.242,0.179,0.123,0.100,0.085,0.054,10,8,7,5
0.146,0.139,0.003,2.53,0.140,0,0.3264,0.2924,0.095,-0.121,0.224,0.094,0.069,0.008,0.000,0.000,9,1,0,0,0.242,0.179,0.123,0.100,0.085,0.054,10,8,7,5
0.145,0.176,0.089,-0.79,0.151,-1,0.3253,0.2901,0.371,0.736,0.224,0.094,0.069,0.008,0.000,0.000,9,1,0,0,0.242,0.179,0.123,0.100,0.085,0.054,10,8,7,5
0.113,0.294,0.279,0.2,0.291,1,0.3238,0.2874,0.430,0.180,0.224,0.094,0.069,0.008,0.000,0.000,9,1,0,0,0.242,0.179,0.123,0.100,0.085,0.054,10,8,7,5
0.112,0.188,0.037,2.53,0.140,0,0.3227,0.2926,0.213,-0.121,0.224,0.094,0.069,0.008,0.000,0.000,9,1,0,0,0.242,0.179,0.123,0.100,0.085,0.054,10,8,7,5
0.112,0.164,0.330,2.53,0.140,0,0.3386,0.3185,0.165,-0.121,0.224,0.094,0.069,0.008,0.000,0.000,9,1,0,0,0.242,0.179,0.123,0.100,0.085,0.054,10,8,7,5
0.169,0.311,0.278,-0.08,0.108,0,0.3623,0.3582,0.393,0.059,0.224,0.094,0.069,0.008,0.000,0.000,9,1,0,0,0.242,0.179,0.123,0.100,0.085,0.054,10,8,7,5
0.170,0.238,0.390,-1.19,0.219,1,0.3942,0.4143,0.522,0.586,0.224,0.094,0.069,0.008,0.000,0.000,9,1,0,0,0.242,0.179,0.123,0.100,0.085,0.054,10,8,7,5
0.207,0.207,0.396,-0.52,0.062,0,0.4210,0.4772,0.384,0.341,0.224,0.094,0.069,0.008,0.000,0.000,9,1,0,0,0.242,0.179,0.123,0.100,0.085,0.054,10,8,7,5
0.220,0.221,0.595,-0.52,0.062,0,0.4384,0.5421,0.415,0.341,0.224,0.094,0.069,0.008,0.000,0.000,9,1,0,0,0.242,0.179,0.123,0.100,0.085,0.054,10,8,7,5
0.232,0.167,0.584,0.85,0.046,0,0.4431,0.6047,0.522,0.06,0.224,0.094,0.069,0.008,0.000,0.000,9,1,0,0,0.242,0.179,0.123,0.100,0.085,0.054,10,8,7,5
0.296,0.249,0.539,-1.19,0.219,1,0.4352,0.6620,0.565,0.586,0.224,0.094,0.069,0.008,0.000,0.000,9,1,0,0,0.242,0.179,0.123,0.100,0.085,0.054,10,8,7,5
0.306,0.138,0.322,1.42,0.221,0,0.4188,0.7129,0.387,-0.397,0.224,0.094,0.069,0.008,0.000,0.000,9,1,0,0,0.242,0.179,0.123,0.100,0.085,0.054,10,8,7,5
0.397,0.132,0.101,-1.1,0.105,-1,0.4036,0.7589,0.472,0.192,0.224,0.094,0.069,0.008,0.000,0.000,9,1,0,0,0.242,0.179,0.123,0.100,0.085,0.054,10,8,7,5
0.402,0.098,0.102,-1.14,0.131,0,0.4053,0.8050,0.578,0.987,0.224,0.094,0.069,0.008,0.000,0.000,9,1,0,0,0.242,0.179,0.123,0.100,0.085,0.054,10,8,7,5
0.426,0.090,0.219,2.53,0.140,0,0.4476,0.8603,0.545,-0.121,0.224,0.094,0.069,0.008,0.000,0.000,9,1,0,0,0.242,0.179,0.123,0.100,0.085,0.054,10,8,7,5
0.455,0.127,0.369,-1.19,0.219,1,0.5624,0.9386,0.791,0.586,0.224,0.094,0.069,0.008,0.000,0.000,9,1,0,0,0.242,0.179,0.123,0.100,0.085,0.054,10,8,7,5
