0.015,0.107,0.440,1.42,0.221,0,0.9284,0.9995,0.653,-0.397,0.509,0.237,0.652,0.454,0.266,0.227,201,94,75,70,0.417,0.244,0.408,0.279,0.231,0.184,95,78,70,59
0.013,0.111,0.116,-0.79,0.151,-1,0.9387,0.9967,0.555,0.736,0.509,0.237,0.652,0.454,0.266,0.227,201,94,75,70,0.417,0.244,0.408,0.279,0.231,0.184,95,78,70,59
0.015,0.117,0.110,-0.08,0.108,0,0.9454,0.9960,0.479,0.059,0.509,0.237,0.652,0.454,0.266,0.227,201,94,75,70,0.417,0.244,0.408,0.279,0.231,0.184,95,78,70,59
0.013,0.118,0.050,-0.79,0.151,-1,0.9482,0.9939,0.524,0.736,0.509,0.237,0.652,0.454,0.266,0.227,201,94,75,70,0.417,0.244,0.408,0.279,0.231,0.184,95,78,70,59
0.014,0.135,0.078,-0.42,0.180,0,0.9475,0.9885,0.402,0.318,0.509,0.237,0.652,0.454,0.266,0.227,201,94,75,70,0.417,0.244,0.408,0.279,0.231,0.184,95,78,70,59
0.013,0.108,0.019,-1.14,0.131,0,0.9438,0.9787,0.381,0.987,0.509,0.237,0.652,0.454,0.266,0.227,201,94,75,70,0.417,0.244,0.408,0.279,0.231,0.184,95,78,70,59
0.016,0.115,0.090,-0.79,0.151,-1,0.9377,0.9647,0.502,0.736,0.509,0.237,0.652,0.454,0.266,0.227,201,94,75,70,0.417,0.244,0.408,0.279,0.231,0.184,95,78,70,59
0.014,0.119,0.076,-0.79,0.151,-1,0.9302,0.9471,0.467,0.736,0.509,0.237,0.652,0.454,0.266,0.227,201,94,75,70,0.417,0.244,0.408,0.279,0.231,0.184,95,78,70,59
0.013,0.156,0.250,-0.08,0.108,0,0.9219,0.9273,0.418,0.059,0.509,0.237,0.652,0.454,0.266,0.227,201,94,75,70,0.417,0.244,0.408,0.279,0.231,0.184,95,78,70,59
0.015,0.191,0.297,1.69,0.290,0,0.9138,0.9068,0.138,-0.697,0.509,0.237,0.652,0.454,0.266,0.227,201,94,75,70,0.417,0.244,0.408,0.279,0.231,0.184,95,78,70,59
0.021,0.179,0.186,-1.14,0.131,0,0.9075,0.8899,0.369,0.987,0.509,0.237,0.652,0.454,0.266,0.227,201,94,75,70,0.417,0.244,0.408,0.279,0.231,0.184,95,78,70,59
0.021,0.242,0.411,-0.48,0.134,0,0.9038,0.8754,0.397,0.007,0.509,0.237,0.652,0.454,0.266,0.227,201,94,75,70,0.417,0.244,0.408,0.279,0.231,0.184,95,78,70,59
0.025,0.227,0.442,-0.08,0.108,0,0.8952,0.8565,0.315,0.059,0.509,0.237,0.652,0.454,0.266,0.227,201,94,75,70,0.417,0.244,0.408,0.279,0.231,0.184,95,78,70,59
0.027,0.193,0.397,-0.79,0.151,-1,0.8853,0.8388,0.427,0.736,0.509,0.237,0.652,0.454,0.266,0.227,201,94,75,70,0.417,0.244,0.408,0.279,0.231,0.184,95,78,70,59
0.027,0.210,0.470,-0.08,0.108,0,0.8829,0.8274,0.345,0.059,0.509,0.237,0.652,0.454,0.266,0.227,201,94,75,70,0.417,0.244,0.408,0.279,0.231,0.184,95,78,70,59
0.027,0.251,0.383,-0.48,0.134,0,0.8857,0.8201,0.366,0.007,0.509,0.237,0.652,0.454,0.266,0.227,201,94,75,70,0.417,0.244,0.408,0.279,0.231,0.184,95,78,70,59
0.029,0.199,0.516,0,0.000,0,0.8904,0.8152,0.357,0.166,0.509,0.237,0.652,0.454,0.266,0.227,201,94,75,70,0.417,0.244,0.408,0.279,0.231,0.184,95,78,70,59
0.029,0.198,0.503,-0.79,0.151,-1,0.8895,0.8073,0.433,0.736,0.509,0.237,0.652,0.454,0.266,0.227,201,94,75,70,0.417,0.244,0.408,0.279,0.231,0.184,95,78,70,59
0.029,0.197,0.628,1.69,0.290,0,0.8900,0.7974,0.192,-0.697,0.509,0.237,0.652,0.454,0.266,0.227,201,94,75,70,0.417,0.244,0.408,0.279,0.231,0.184,95,78,70,59
0.025,0.230,0.563,0,0.000,0,0.8851,0.7823,0.251,0.166,0.509,0.237,0.652,0.454,0.266,0.227,201,94,75,70,0.417,0.244,0.408,0.279,0.231,0.184,95,78,70,59
0.029,0.288,0.723,-1.19,0.219,1,0.8821,0.7695,0.493,0.586,0.509,0.237,0.652,0.454,0.266,0.227,201,94,75,70,0.417,0.244,0.408,0.279,0.231,0.184,95,78,70,59
0.031,0.288,0.744,0.2,0.291,1,0.8669,0.7528,0.343,0.180,0.509,0.237,0.652,0.454,0.266,0.227,201,94,75,70,0.417,0.244,0.408,0.279,0.231,0.184,95,78,70,59
0.030,0.154,0.460,-1.14,0.131,0,0.8422,0.7341,0.339,0.987,0.509,0.237,0.652,0.454,0.266,0.227,201,94,75,70,0.417,0.244,0.408,0.279,0.231,0.184,95,78,70,59
0.040,0.130,0.472,0.85,0.046,0,0.8148,0.7139,0.365,0.06,0.509,0.237,0.652,0.454,0.266,0.227,201,94,75,70,0.417,0.244,0.408,0.279,0.231,0.184,95,78,70,59
0.052,0.120,0.373,-0.79,0.151,-1,0.7930,0.6959,0.470,0.736,0.509,0.237,0.652,0.454,0.266,0.227,201,94,75,70,0.417,0.244,0.408,0.279,0.231,0.184,95,78,70,59
0.058,0.107,0.066,-1.1,0.105,-1,0.7756,0.6793,0.330,0.192,0.509,0.237,0.652,0.454,0.266,0.227,201,94,75,70,0.417,0.244,0.408,0.279,0.231,0.184,95,78,70,59
0.073,0.101,0.103,1.42,0.221,0,0.7717,0.6708,0.249,-0.397,0.509,0.237,0.652,0.454,0.266,0.227,201,94,75,70,0.417,0.244,0.408,0.279,0.231,0.184,95,78,70,59
0.060,0.097,0.009,-0.79,0.151,-1,0.7753,0.6647,0.501,0.736,0.509,0.237,0.652,0.454,0.266,0.227,201,94,75,70,0.417,0.244,0.408,0.279,0.231,0.184,95,78,70,59
0.070,0.090,0.006,-0.79,0.151,-1,0.7937,0.6674,0.365,0.736,0.509,0.237,0.652,0.454,0.266,0.227,201,94,75,70,0.417,0.244,0.408,0.279,0.231,0.184,95,78,70,59
0.082,0.109,0.010,-0.79,0.151,-1,0.8182,0.6725,0.289,0.736,0.509,0.237,0.652,0.454,0.266,0.227,201,94,75,70,0.417,0.244,0.408,0.279,0.231,0.184,95,78,70,59
0.065,0.132,0.076,-0.42,0.180,0,0.8366,0.6726,0.303,0.318,0.509,0.237,0.652,0.454,0.266,0.227,201,94,75,70,0.417,0.244,0.408,0.279,0.231,0.184,95,78,70,59
0.054,0.132,0.045,0.85,0.046,0,0.8390,0.6634,0.218,0.06,0.509,0.237,0.652,0.454,0.266,0.227,201,94,75,70,0.417,0.244,0.408,0.279,0.231,0.184,95,78,70,59
0.052,0.192,0.251,1.69,0.290,0,0.8250,0.6441,0.152,-0.697,0.509,0.237,0.652,0.454,0.266,0.227,201,94,75,70,0.417,0.244,0.408,0.279,0.231,0.184,95,78,70,59
0.044,0.222,0.520,-1.19,0.219,1,0.7943,0.6159,0.397,0.586,0.509,0.237,0.652,0.454,0.266,0.227,201,94,75,70,0.417,0.244,0.408,0.279,0.231,0.184,95,78,70,59
0.043,0.292,0.598,0.2,0.291,1,0.7462,0.5793,0.389,0.180,0.509,0.237,0.652,0.454,0.266,0.227,201,94,75,70,0.417,0.244,0.408,0.279,0.231,0.184,95,78,70,59
0.056,0.688,0.417,-0.52,0.062,0,0.6795,0.5341,0.297,0.341,0.509,0.237,0.652,0.454,0.266,0.227,201,94,75,70,0.417,0.244,0.408,0.279,0.231,0.184,95,78,70,59
0.057,0.783,0.561,0.2,0.291,1,0.6050,0.4837,0.406,0.180,0.509,0.237,0.652,0.454,0.266,0.227,201,94,75,70,0.417,0.244,0.408,0.279,0.231,0.184,95,78,70,59
0.054,0.769,0.383,-0.48,0.134,0,0.5340,0.4357,0.410,0.007,0.509,0.237,0.652,0.454,0.266,0.227,201,94,75,70,0.417,0.244,0.408,0.279,0.231,0.184,95,78,70,59
0.067,0.681,0.298,-0.08,0.108,0,0.4857,0.4006,0.286,0.059,0.509,0.237,0.652,0.454,0.266,0.227,201,94,75,70,0.417,0.244,0.408,0.279,0.231,0.184,95,78,70,59
0.080,0.220,0.049,-1.1,0.105,-1,0.4555,0.3808,0.407,0.192,0.509,0.237,0.652,0.454,0.266,0.227,201,94,75,70,0.417,0.244,0.408,0.279,0.231,0.184,95,78,70,59
0.104,0.240,0.003,-0.79,0.151,-1,0.4420,0.3733,0.252,0.736,0.509,0.237,0.652,0.454,0.266,0.227,201,94,75,70,0.417,0.244,0.408,0.279,0.231,0.184,95,78,70,59
0.134,0.210,0.064,1.42,0.221,0,0.4398,0.3706,0.106,-0.397,0.509,0.237,0.652,0.454,0.266,0.227,201,94,75,70,0.417,0.244,0.408,0.279,0.231,0.184,95,78,70,59
0.113,0.211,0.003,2.53,0.140,0,0.4478,0.3706,0.118,-0.121,0.509,0.237,0.652,0.454,0.266,0.227,201,94,75,70,0.417,0.244,0.408,0.279,0.231,0.184,95,78,70,59
0.137,0.276,0.116,-0.79,0.151,-1,0.4577,0.3691,0.226,0.736,0.509,0.237,0.652,0.454,0.266,0.227,201,94,75,70,0.417,0.244,0.408,0.279,0.231,0.184,95,78,70,59
0.113,0.300,0.019,1.99,0.186,0,0.4659,0.3662,0.040,-0.326,0.509,0.237,0.652,0.454,0.266,0.227,201,94,75,70,0.417,0.244,0.408,0.279,0.231,0.184,95,78,70,59
0.109,0.530,0.455,0.2,0.291,1,0.4502,0.3445,0.161,0.180,0.509,0.237,0.652,0.454,0.266,0.227,201,94,75,70,0.417,0.244,0.408,0.279,0.231,0.184,95,78,70,59
0.104,0.349,0.055,3.14,0.186,0,0.4347,0.3263,0.067,-0.486,0.509,0.237,0.652,0.454,0.266,0.227,201,94,75,70,0.417,0.244,0.408,0.279,0.231,0.184,95,78,70,59
0.098,0.433,0.296,1.99,0.186,0,0.4069,0.3002,0.090,-0.326,0.509,0.237,0.652,0.454,0.266,0.227,201,94,75,70,0.417,0.244,0.408,0.279,0.231,0.184,95,78,70,59
0.118,0.403,0.037,1.99,0.186,0,0.3795,0.2802,0.044,-0.326,0.509,0.237,0.652,0.454,0.266,0.227,201,94,75,70,0.417,0.244,0.408,0.279,0.231,0.184,95,78,70,59
0.153,0.739,0.473,-0.42,0.180,0,0.3547,0.2667,0.232,0.318,0.509,0.237,0.652,0.454,0.266,0.227,201,94,75,70,0.417,0.244,0.408,0.279,0.231,0.184,95,78,70,59
0.162,0.563,0.602,-0.52,0.062,0,0.3334,0.2579,0.177,0.341,0.509,0.237,0.652,0.454,0.266,0.227,201,94,75,70,0.417,0.244,0.408,0.279,0.231,0.184,95,78,70,59
0.199,0.744,0.659,-1.19,0.219,1,0.3176,0.2536,0.400,0.586,0.509,0.237,0.652,0.454,0.266,0.227,201,94,75,70,0.417,0.244,0.408,0.279,0.231,0.184,95,78,70,59
0.233,0.789,0.349,-0.48,0.134,0,0.3084,0.2523,0.363,0.007,0.509,0.237,0.652,0.454,0.266,0.227,201,94,75,70,0.417,0.244,0.408,0.279,0.231,0.184,95,78,70,59
0.201,0.477,0.498,0.85,0.046,0,0.3135,0.2620,0.167,0.06,0.509,0.237,0.652,0.454,0.266,0.227,201,94,75,70,0.417,0.244,0.408,0.279,0.231,0.184,95,78,70,59
0.235,0.766,0.667,0,0.000,0,0.3220,0.2722,0.189,0.166,0.509,0.237,0.652,0.454,0.266,0.227,201,94,75,70,0.417,0.244,0.408,0.279,0.231,0.184,95,78,70,59
0.283,0.776,0.455,0.85,0.046,0,0.3350,0.2841,0.148,0.06,0.509,0.237,0.652,0.454,0.266,0.227,201,94,75,70,0.417,0.244,0.408,0.279,0.231,0.184,95,78,70,59
0.276,0.818,0.243,2.53,0.140,0,0.3456,0.2885,0.102,-0.121,0.509,0.237,0.652,0.454,0.266,0.227,201,94,75,70,0.417,0.244,0.408,0.279,0.231,0.184,95,78,70,59
0.280,0.772,0.956,3.14,0.186,0,0.3642,0.2991,0.093,-0.486,0.509,0.237,0.652,0.454,0.266,0.227,201,94,75,70,0.417,0.244,0.408,0.279,0.231,0.184,95,78,70,59
0.290,0.853,0.904,0,0.000,0,0.3799,0.3042,0.154,0.166,0.509,0.237,0.652,0.454,0.266,0.227,201,94,75,70,0.417,0.244,0.408,0.279,0.231,0.184,95,78,70,59
0.279,0.900,0.993,-1.19,0.219,1,0.3959,0.3096,0.410,0.586,0.509,0.237,0.652,0.454,0.266,0.227,201,94,75,70,0.417,0.244,0.408,0.279,0.231,0.184,95,78,70,59
0.278,0.854,0.985,0,0.000,0,0.3985,0.3029,0.360,0.166,0.509,0.237,0.652,0.454,0.266,0.227,201,94,75,70,0.417,0.244,0.408,0.279,0.231,0.184,95,78,70,59
0.242,0.860,0.985,0,0.000,0,0.3946,0.2908,0.328,0.166,0.509,0.237,0.652,0.454,0.266,0.227,201,94,75,70,0.417,0.244,0.408,0.279,0.231,0.184,95,78,70,59
0.172,0.894,0.770,-1.19,0.219,1,0.3869,0.2777,0.447,0.586,0.509,0.237,0.652,0.454,0.266,0.227,201,94,75,70,0.417,0.244,0.408,0.279,0.231,0.184,95,78,70,59
0.201,0.870,0.900,-0.48,0.134,0,0.3689,0.2578,0.287,0.007,0.509,0.237,0.652,0.454,0.266,0.227,201,94,75,70,0.417,0.244,0.408,0.279,0.231,0.184,95,78,70,59
0.209,0.808,0.714,3.14,0.186,0,0.3634,0.2512,0.059,-0.486,0.509,0.237,0.652,0.454,0.266,0.227,201,94,75,70,0.417,0.244,0.408,0.279,0.231,0.184,95,78,70,59
0.206,0.850,0.803,-1.19,0.219,1,0.3566,0.2436,0.406,0.586,0.509,0.237,0.652,0.454,0.266,0.227,201,94,75,70,0.417,0.244,0.408,0.279,0.231,0.184,95,78,70,59
0.214,0.715,0.284,0.85,0.046,0,0.3623,0.2494,0.148,0.06,0.509,0.237,0.652,0.454,0.266,0.227,201,94,75,70,0.417,0.244,0.408,0.279,0.231,0.184,95,78,70,59
0.214,0.726,0.070,1.99,0.186,0,0.3725,0.2594,0.070,-0.326,0.509,0.237,0.652,0.454,0.266,0.227,201,94,75,70,0.417,0.244,0.408,0.279,0.231,0.184,95,78,70,59
0.210,0.827,0.637,0.2,0.291,1,0.3946,0.2804,0.219,0.180,0.509,0.237,0.652,0.454,0.266,0.227,201,94,75,70,0.417,0.244,0.408,0.279,0.231,0.184,95,78,70,59
0.199,0.757,0.328,-0.08,0.108,0,0.4265,0.3098,0.289,0.059,0.509,0.237,0.652,0.454,0.266,0.227,201,94,75,70,0.417,0.244,0.408,0.279,0.231,0.184,95,78,70,59
0.171,0.535,0.265,-1.1,0.105,-1,0.4481,0.3264,0.308,0.192,0.509,0.237,0.652,0.454,0.266,0.227,201,94,75,70,0.417,0.244,0.408,0.279,0.231,0.184,95,78,70,59
0.176,0.753,0.196,1.37,0.298,0,0.4775,0.3502,0.175,-0.510,0.509,0.237,0.652,0.454,0.266,0.227,201,94,75,70,0.417,0.244,0.408,0.279,0.231,0.184,95,78,70,59
0.176,0.489,0.360,-0.48,0.134,0,0.5003,0.3681,0.357,0.007,0.509,0.237,0.652,0.454,0.266,0.227,201,94,75,70,0.417,0.244,0.408,0.279,0.231,0.184,95,78,70,59
0.137,0.432,0.020,0.85,0.046,0,0.5255,0.3900,0.224,0.06,0.509,0.237,0.652,0.454,0.266,0.227,201,94,75,70,0.417,0.244,0.408,0.279,0.231,0.184,95,78,70,59
0.132,0.337,0.490,-0.52,0.062,0,0.5266,0.3889,0.297,0.341,0.509,0.237,0.652,0.454,0.266,0.227,201,94,75,70,0.417,0.244,0.408,0.279,0.231,0.184,95,78,70,59
0.141,0.332,0.257,2.53,0.140,0,0.5306,0.3918,0.117,-0.121,0.509,0.237,0.652,0.454,0.266,0.227,201,94,75,70,0.417,0.244,0.408,0.279,0.231,0.184,95,78,70,59
0.111,0.332,0.390,-0.52,0.062,0,0.5283,0.3871,0.280,0.341,0.509,0.237,0.652,0.454,0.266,0.227,201,94,75,70,0.417,0.244,0.408,0.279,0.231,0.184,95,78,70,59
0.110,0.377,0.222,2.53,0.140,0,0.5269,0.3847,0.125,-0.121,0.509,0.237,0.652,0.454,0.266,0.227,201,94,75,70,0.417,0.244,0.408,0.279,0.231,0.184,95,78,70,59
0.116,0.318,0.148,-1.14,0.131,0,0.5171,0.3753,0.314,0.987,0.509,0.237,0.652,0.454,0.266,0.227,201,94,75,70,0.417,0.244,0.408,0.279,0.231,0.184,95,78,70,59
0.109,0.290,0.313,-1.1,0.105,-1,0.5079,0.3676,0.393,0.192,0.509,0.237,0.652,0.454,0.266,0.227,201,94,75,70,0.417,0.244,0.408,0.279,0.231,0.184,95,78,70,59
0.120,0.315,0.226,-0.52,0.062,0,0.4854,0.3496,0.419,0.341,0.509,0.237,0.652,0.454,0.266,0.227,201,94,75,70,0.417,0.244,0.408,0.279,0.231,0.184,95,78,70,59
0.126,0.351,0.180,-0.52,0.062,0,0.4691,0.3381,0.515,0.341,0.509,0.237,0.652,0.454,0.266,0.227,201,94,75,70,0.417,0.244,0.408,0.279,0.231,0.184,95,78,70,59
0.136,0.265,0.219,0,0.000,0,0.4702,0.3429,0.265,0.166,0.509,0.237,0.652,0.454,0.266,0.227,201,94,75,70,0.417,0.244,0.408,0.279,0.231,0.184,95,78,70,59
0.155,0.260,0.190,-1.14,0.131,0,0.4784,0.3556,0.282,0.987,0.509,0.237,0.652,0.454,0.266,0.227,201,94,75,70,0.417,0.244,0.408,0.279,0.231,0.184,95,78,70,59
0.127,0.302,0.445,-0.79,0.151,-1,0.4891,0.3718,0.421,0.736,0.509,0.237,0.652,0.454,0.266,0.227,201,94,75,70,0.417,0.244,0.408,0.279,0.231,0.184,95,78,70,59
0.115,0.399,0.773,0.2,0.291,1,0.4867,0.3759,0.181,0.180,0.509,0.237,0.652,0.454,0.266,0.227,201,94,75,70,0.417,0.244,0.408,0.279,0.231,0.184,95,78,70,59
0.112,0.341,0.173,3.14,0.186,0,0.4897,0.3838,0.072,-0.486,0.509,0.237,0.652,0.454,0.266,0.227,201,94,75,70,0.417,0.244,0.408,0.279,0.231,0.184,95,78,70,59
0.108,0.330,0.002,1.99,0.186,0,0.4915,0.3875,0.093,-0.326,0.509,0.237,0.652,0.454,0.266,0.227,201,94,75,70,0.417,0.244,0.408,0.279,0.231,0.184,95,78,70,59
0.088,0.356,0.355,-0.52,0.062,0,0.4709,0.3679,0.170,0.341,0.509,0.237,0.652,0.454,0.266,0.227,201,94,75,70,0.417,0.244,0.408,0.279,0.231,0.184,95,78,70,59
0.090,0.362,0.065,3.14,0.186,0,0.4437,0.3431,0.053,-0.486,0.509,0.237,0.652,0.454,0.266,0.227,201,94,75,70,0.417,0.244,0.408,0.279,0.231,0.184,95,78,70,59
0.093,0.719,0.474,-0.52,0.062,0,0.4004,0.3032,0.150,0.341,0.509,0.237,0.652,0.454,0.266,0.227,201,94,75,70,0.417,0.244,0.408,0.279,0.231,0.184,95,78,70,59
0.110,0.442,0.389,0.85,0.046,0,0.3570,0.2655,0.198,0.06,0.509,0.237,0.652,0.454,0.266,0.227,201,94,75,70,0.417,0.244,0.408,0.279,0.231,0.184,95,78,70,59
0.130,0.394,0.329,-1.1,0.105,-1,0.2935,0.2071,0.221,0.192,0.509,0.237,0.652,0.454,0.266,0.227,201,94,75,70,0.417,0.244,0.408,0.279,0.231,0.184,95,78,70,59
0.124,0.304,0.435,3.14,0.186,0,0.2491,0.1685,0.079,-0.486,0.509,0.237,0.652,0.454,0.266,0.227,201,94,75,70,0.417,0.244,0.408,0.279,0.231,0.184,95,78,70,59
0.127,0.330,0.330,-0.79,0.151,-1,0.2115,0.1356,0.425,0.736,0.509,0.237,0.652,0.454,0.266,0.227,201,94,75,70,0.417,0.244,0.408,0.279,0.231,0.184,95,78,70,59
0.148,0.340,0.128,-0.08,0.108,0,0.2016,0.1287,0.220,0.059,0.509,0.237,0.652,0.454,0.266,0.227,201,94,75,70,0.417,0.244,0.408,0.279,0.231,0.184,95,78,70,59
0.136,0.305,0.025,3.14,0.186,0,0.2044,0.1338,0.065,-0.486,0.509,0.237,0.652,0.454,0.266,0.227,201,94,75,70,0.417,0.244,0.408,0.279,0.231,0.184,95,78,70,59
0.138,0.258,0.228,0,0.000,0,0.2232,0.1551,0.185,0.166,0.509,0.237,0.652,0.454,0.266,0.227,201,94,75,70,0.417,0.244,0.408,0.279,0.231,0.184,95,78,70,59
0.114,0.302,0.148,-0.79,0.151,-1,0.2383,0.1712,0.388,0.736,0.509,0.237,0.652,0.454,0.266,0.227,201,94,75,70,0.417,0.244,0.408,0.279,0.231,0.184,95,78,70,59
0.088,0.328,0.012,3.14,0.186,0,0.2498,0.1833,0.072,-0.486,0.509,0.237,0.652,0.454,0.266,0.227,201,94,75,70,0.417,0.244,0.408,0.279,0.231,0.184,95,78,70,59
0.092,0.370,0.061,1.99,0.186,0,0.2667,0.1995,0.039,-0.326,0.509,0.237,0.652,0.454,0.266,0.227,201,94,75,70,0.417,0.244,0.408,0.279,0.231,0.184,95,78,70,59
0.087,0.488,0.280,-1.19,0.219,1,0.2861,0.2193,0.408,0.586,0.509,0.237,0.652,0.454,0.266,0.227,201,94,75,70,0.417,0.244,0.408,0.279,0.231,0.184,95,78,70,59
0.083,0.490,0.198,-1.19,0.219,1,0.2955,0.2311,0.401,0.586,0.509,0.237,0.652,0.454,0.266,0.227,201,94,75,70,0.417,0.244,0.408,0.279,0.231,0.184,95,78,70,59
0.086,0.347,0.007,3.14,0.186,0,0.2890,0.2284,0.097,-0.486,0.509,0.237,0.652,0.454,0.266,0.227,201,94,75,70,0.417,0.244,0.408,0.279,0.231,0.184,95,78,70,59
0.085,0.325,0.015,3.14,0.186,0,0.2948,0.2349,0.093,-0.486,0.509,0.237,0.652,0.454,0.266,0.227,201,94,75,70,0.417,0.244,0.408,0.279,0.231,0.184,95,78,70,59
0.110,0.335,0.004,-1.14,0.131,0,0.3029,0.2405,0.325,0.987,0.509,0.237,0.652,0.454,0.266,0.227,201,94,75,70,0.417,0.244,0.408,0.279,0.231,0.184,95,78,70,59
0.110,0.330,0.003,-0.08,0.108,0,0.3227,0.2571,0.254,0.059,0.509,0.237,0.652,0.454,0.266,0.227,201,94,75,70,0.417,0.244,0.408,0.279,0.231,0.184,95,78,70,59
0.108,0.164,0.002,1.99,0.186,0,0.3452,0.2767,0.113,-0.326,0.509,0.237,0.652,0.454,0.266,0.227,201,94,75,70,0.417,0.244,0.408,0.279,0.231,0.184,95,78,70,59
0.106,0.143,0.001,-0.79,0.151,-1,0.3711,0.3009,0.418,0.736,0.509,0.237,0.652,0.454,0.266,0.227,201,94,75,70,0.417,0.244,0.408,0.279,0.231,0.184,95,78,70,59
0.124,0.129,0.002,-0.79,0.151,-1,0.4037,0.3322,0.516,0.736,0.509,0.237,0.652,0.454,0.266,0.227,201,94,75,70,0.417,0.244,0.408,0.279,0.231,0.184,95,78,70,59
0.133,0.139,0.003,0,0.000,0,0.4184,0.3445,0.329,0.166,0.509,0.237,0.652,0.454,0.266,0.227,201,94,75,70,0.417,0.244,0.408,0.279,0.231,0.184,95,78,70,59
0.130,0.131,0.001,1.99,0.186,0,0.4415,0.3661,0.142,-0.326,0.509,0.237,0.652,0.454,0.266,0.227,201,94,75,70,0.417,0.244,0.408,0.279,0.231,0.184,95,78,70,59
0.104,0.158,0.004,-0.42,0.180,0,0.4555,0.3783,0.485,0.318,0.509,0.237,0.652,0.454,0.266,0.227,201,94,75,70,0.417,0.244,0.408,0.279,0.231,0.184,95,78,70,59
0.080,0.187,0.001,1.99,0.186,0,0.4863,0.4082,0.162,-0.326,0.509,0.237,0.652,0.454,0.266,0.227,201,94,75,70,0.417,0.244,0.408,0.279,0.231,0.184,95,78,70,59
0.081,0.205,0.010,-1.14,0.131,0,0.5097,0.4309,0.365,0.987,0.509,0.237,0.652,0.454,0.266,0.227,201,94,75,70,0.417,0.244,0.408,0.279,0.231,0.184,95,78,70,59
0.067,0.235,0.011,-0.52,0.062,0,0.5294,0.4516,0.279,0.341,0.509,0.237,0.652,0.454,0.266,0.227,201,94,75,70,0.417,0.244,0.408,0.279,0.231,0.184,95,78,70,59
0.074,0.179,0.001,-1.14,0.131,0,0.5404,0.4624,0.312,0.987,0.509,0.237,0.652,0.454,0.266,0.227,201,94,75,70,0.417,0.244,0.408,0.279,0.231,0.184,95,78,70,59
0.075,0.201,0.031,-0.08,0.108,0,0.5348,0.4566,0.411,0.059,0.509,0.237,0.652,0.454,0.266,0.227,201,94,75,70,0.417,0.244,0.408,0.279,0.231,0.184,95,78,70,59
0.076,0.163,0.014,0.85,0.046,0,0.5164,0.4392,0.236,0.06,0.509,0.237,0.652,0.454,0.266,0.227,201,94,75,70,0.417,0.244,0.408,0.279,0.231,0.184,95,78,70,59
0.094,0.197,0.021,-0.08,0.108,0,0.5037,0.4297,0.310,0.059,0.509,0.237,0.652,0.454,0.266,0.227,201,94,75,70,0.417,0.244,0.408,0.279,0.231,0.184,95,78,70,59
0.094,0.178,0.008,-0.52,0.062,0,0.4888,0.4176,0.302,0.341,0.509,0.237,0.652,0.454,0.266,0.227,201,94,75,70,0.417,0.244,0.408,0.279,0.231,0.184,95,78,70,59
0.095,0.184,0.002,-0.42,0.180,0,0.4577,0.3897,0.431,0.318,0.509,0.237,0.652,0.454,0.266,0.227,201,94,75,70,0.417,0.244,0.408,0.279,0.231,0.184,95,78,70,59
0.095,0.134,0.002,1.99,0.186,0,0.4297,0.3612,0.165,-0.326,0.509,0.237,0.652,0.454,0.266,0.227,201,94,75,70,0.417,0.244,0.408,0.279,0.231,0.184,95,78,70,59
0.083,0.192,0.005,-1.14,0.131,0,0.3939,0.3235,0.316,0.987,0.509,0.237,0.652,0.454,0.266,0.227,201,94,75,70,0.417,0.244,0.408,0.279,0.231,0.184,95,78,70,59
0.074,0.157,0.001,1.99,0.186,0,0.3785,0.3028,0.203,-0.326,0.509,0.237,0.652,0.454,0.266,0.227,201,94,75,70,0.417,0.244,0.408,0.279,0.231,0.184,95,78,70,59
0.075,0.169,0.002,-0.79,0.151,-1,0.3494,0.2713,0.381,0.736,0.509,0.237,0.652,0.454,0.266,0.227,201,94,75,70,0.417,0.244,0.408,0.279,0.231,0.184,95,78,70,59
0.076,0.206,0.004,-0.52,0.062,0,0.3379,0.2568,0.314,0.341,0.509,0.237,0.652,0.454,0.266,0.227,201,94,75,70,0.417,0.244,0.408,0.279,0.231,0.184,95,78,70,59
0.071,0.177,0.003,-1.1,0.105,-1,0.3214,0.2406,0.304,0.192,0.509,0.237,0.652,0.454,0.266,0.227,201,94,75,70,0.417,0.244,0.408,0.279,0.231,0.184,95,78,70,59
0.094,0.176,0.002,0.85,0.046,0,0.3008,0.2216,0.132,0.06,0.509,0.237,0.652,0.454,0.266,0.227,201,94,75,70,0.417,0.244,0.408,0.279,0.231,0.184,95,78,70,59
0.095,0.183,0.002,2.53,0.140,0,0.2821,0.2065,0.130,-0.121,0.509,0.237,0.652,0.454,0.266,0.227,201,94,75,70,0.417,0.244,0.408,0.279,0.231,0.184,95,78,70,59
0.105,0.181,0.001,-0.79,0.151,-1,0.2619,0.1896,0.256,0.736,0.509,0.237,0.652,0.454,0.266,0.227,201,94,75,70,0.417,0.244,0.408,0.279,0.231,0.184,95,78,70,59
0.096,0.244,0.001,2.1,0.128,0,0.2511,0.1826,0.089,0.02,0.509,0.237,0.652,0.454,0.266,0.227,201,94,75,70,0.417,0.244,0.408,0.279,0.231,0.184,95,78,70,59
0.081,0.284,0.001,1.99,0.186,0,0.2425,0.1759,0.097,-0.326,0.509,0.237,0.652,0.454,0.266,0.227,201,94,75,70,0.417,0.244,0.408,0.279,0.231,0.184,95,78,70,59
0.078,0.427,0.009,-0.48,0.134,0,0.2348,0.1693,0.229,0.007,0.509,0.237,0.652,0.454,0.266,0.227,201,94,75,70,0.417,0.244,0.408,0.279,0.231,0.184,95,78,70,59
0.085,0.474,0.063,1.37,0.298,0,0.2201,0.1567,0.159,-0.510,0.509,0.237,0.652,0.454,0.266,0.227,201,94,75,70,0.417,0.244,0.408,0.279,0.231,0.184,95,78,70,59
0.069,0.502,0.006,-0.42,0.180,0,0.1915,0.1325,0.236,0.318,0.509,0.237,0.652,0.454,0.266,0.227,201,94,75,70,0.417,0.244,0.408,0.279,0.231,0.184,95,78,70,59
0.085,0.504,0.049,0.22,0.230,0,0.1579,0.1028,0.277,0.303,0.509,0.237,0.652,0.454,0.266,0.227,201,94,75,70,0.417,0.244,0.408,0.279,0.231,0.184,95,78,70,59
0.084,0.491,0.263,1.37,0.298,0,0.1308,0.0804,0.186,-0.510,0.509,0.237,0.652,0.454,0.266,0.227,201,94,75,70,0.417,0.244,0.408,0.279,0.231,0.184,95,78,70,59
0.087,0.487,0.335,-1.19,0.219,1,0.1120,0.0658,0.457,0.586,0.509,0.237,0.652,0.454,0.266,0.227,201,94,75,70,0.417,0.244,0.408,0.279,0.231,0.184,95,78,70,59
0.086,0.414,0.236,0,0.000,0,0.0989,0.0555,0.328,0.166,0.509,0.237,0.652,0.454,0.266,0.227,201,94,75,70,0.417,0.244,0.408,0.279,0.231,0.184,95,78,70,59
0.084,0.439,0.419,-0.52,0.062,0,0.0913,0.0488,0.309,0.341,0.509,0.237,0.652,0.454,0.266,0.227,201,94,75,70,0.417,0.244,0.408,0.279,0.231,0.184,95,78,70,59
0.111,0.406,0.073,-1.1,0.105,-1,0.0880,0.0445,0.374,0.192,0.509,0.237,0.652,0.454,0.266,0.227,201,94,75,70,0.417,0.244,0.408,0.279,0.231,0.184,95,78,70,59
0.104,0.431,0.094,1.69,0.290,0,0.1011,0.0527,0.103,-0.697,0.509,0.237,0.652,0.454,0.266,0.227,201,94,75,70,0.417,0.244,0.408,0.279,0.231,0.184,95,78,70,59
0.110,0.412,0.036,-1.1,0.105,-1,0.1095,0.0563,0.241,0.192,0.509,0.237,0.652,0.454,0.266,0.227,201,94,75,70,0.417,0.244,0.408,0.279,0.231,0.184,95,78,70,59
0.129,0.359,0.041,2.1,0.128,0,0.1317,0.0707,0.120,0.02,0.509,0.237,0.652,0.454,0.266,0.227,201,94,75,70,0.417,0.244,0.408,0.279,0.231,0.184,95,78,70,59
0.145,0.400,0.058,-0.79,0.151,-1,0.1353,0.0725,0.217,0.736,0.509,0.237,0.652,0.454,0.266,0.227,201,94,75,70,0.417,0.244,0.408,0.279,0.231,0.184,95,78,70,59
0.153,0.337,0.003,1.99,0.186,0,0.1384,0.0744,0.036,-0.326,0.509,0.237,0.652,0.454,0.266,0.227,201,94,75,70,0.417,0.244,0.408,0.279,0.231,0.184,95,78,70,59
0.146,0.541,0.353,0.2,0.291,1,0.1242,0.0666,0.119,0.180,0.509,0.237,0.652,0.454,0.266,0.227,201,94,75,70,0.417,0.244,0.408,0.279,0.231,0.184,95,78,70,59
0.159,0.401,0.002,1.99,0.186,0,0.1114,0.0598,0.075,-0.326,0.509,0.237,0.652,0.454,0.266,0.227,201,94,75,70,0.417,0.244,0.408,0.279,0.231,0.184,95,78,70,59
0.126,0.398,0.116,1.99,0.186,0,0.0968,0.0513,0.058,-0.326,0.509,0.237,0.652,0.454,0.266,0.227,201,94,75,70,0.417,0.244,0.408,0.279,0.231,0.184,95,78,70,59
0.126,0.382,0.005,3.14,0.186,0,0.0835,0.0426,0.039,-0.486,0.509,0.237,0.652,0.454,0.266,0.227,201,94,75,70,0.417,0.244,0.408,0.279,0.231,0.184,95,78,70,59
0.120,0.556,0.366,0.22,0.230,0,0.0808,0.0409,0.119,0.303,0.509,0.237,0.652,0.454,0.266,0.227,201,94,75,70,0.417,0.244,0.408,0.279,0.231,0.184,95,78,70,59
0.154,0.571,0.596,-0.42,0.180,0,0.0821,0.0420,0.173,0.318,0.509,0.237,0.652,0.454,0.266,0.227,201,94,75,70,0.417,0.244,0.408,0.279,0.231,0.184,95,78,70,59
0.188,0.865,0.562,-0.52,0.062,0,0.0731,0.0359,0.113,0.341,0.509,0.237,0.652,0.454,0.266,0.227,201,94,75,70,0.417,0.244,0.408,0.279,0.231,0.184,95,78,70,59
0.196,0.487,0.081,1.99,0.186,0,0.0721,0.0353,0.125,-0.326,0.509,0.237,0.652,0.454,0.266,0.227,201,94,75,70,0.417,0.244,0.408,0.279,0.231,0.184,95,78,70,59
0.231,0.466,0.182,0.85,0.046,0,0.0777,0.0383,0.245,0.06,0.509,0.237,0.652,0.454,0.266,0.227,201,94,75,70,0.417,0.244,0.408,0.279,0.231,0.184,95,78,70,59
0.269,0.497,0.804,0,0.000,0,0.0950,0.0503,0.162,0.166,0.509,0.237,0.652,0.454,0.266,0.227,201,94,75,70,0.417,0.244,0.408,0.279,0.231,0.184,95,78,70,59
0.321,0.525,0.880,0,0.000,0,0.1138,0.0621,0.117,0.166,0.509,0.237,0.652,0.454,0.266,0.227,201,94,75,70,0.417,0.244,0.408,0.279,0.231,0.184,95,78,70,59
0.264,0.508,0.138,3.14,0.186,0,0.1278,0.0686,0.106,-0.486,0.509,0.237,0.652,0.454,0.266,0.227,201,94,75,70,0.417,0.244,0.408,0.279,0.231,0.184,95,78,70,59
0.264,0.494,0.902,3.14,0.186,0,0.1536,0.0839,0.092,-0.486,0.509,0.237,0.652,0.454,0.266,0.227,201,94,75,70,0.417,0.244,0.408,0.279,0.231,0.184,95,78,70,59
0.274,0.716,0.778,0,0.000,0,0.1860,0.1040,0.124,0.166,0.509,0.237,0.652,0.454,0.266,0.227,201,94,75,70,0.417,0.244,0.408,0.279,0.231,0.184,95,78,70,59
0.235,0.711,0.676,2.53,0.140,0,0.2238,0.1279,0.098,-0.121,0.509,0.237,0.652,0.454,0.266,0.227,201,94,75,70,0.417,0.244,0.408,0.279,0.231,0.184,95,78,70,59
0.190,0.863,0.869,-1.19,0.219,1,0.2667,0.1528,0.423,0.586,0.509,0.237,0.652,0.454,0.266,0.227,201,94,75,70,0.417,0.244,0.408,0.279,0.231,0.184,95,78,70,59
0.187,0.786,0.743,0,0.000,0,0.3051,0.1763,0.325,0.166,0.509,0.237,0.652,0.454,0.266,0.227,201,94,75,70,0.417,0.244,0.408,0.279,0.231,0.184,95,78,70,59
0.173,0.718,0.375,0.85,0.046,0,0.3287,0.1886,0.254,0.06,0.509,0.237,0.652,0.454,0.266,0.227,201,94,75,70,0.417,0.244,0.408,0.279,0.231,0.184,95,78,70,59
0.166,0.820,0.742,-1.19,0.219,1,0.3372,0.1935,0.383,0.586,0.509,0.237,0.652,0.454,0.266,0.227,201,94,75,70,0.417,0.244,0.408,0.279,0.231,0.184,95,78,70,59
0.157,0.521,0.802,3.14,0.186,0,0.3529,0.2050,0.082,-0.486,0.509,0.237,0.652,0.454,0.266,0.227,201,94,75,70,0.417,0.244,0.408,0.279,0.231,0.184,95,78,70,59
0.151,0.695,0.609,-1.19,0.219,1,0.3578,0.2089,0.408,0.586,0.509,0.237,0.652,0.454,0.266,0.227,201,94,75,70,0.417,0.244,0.408,0.279,0.231,0.184,95,78,70,59
0.181,0.454,0.138,-0.79,0.151,-1,0.3592,0.2111,0.368,0.736,0.509,0.237,0.652,0.454,0.266,0.227,201,94,75,70,0.417,0.244,0.408,0.279,0.231,0.184,95,78,70,59
0.185,0.358,0.067,1.99,0.186,0,0.3547,0.2067,0.096,-0.326,0.509,0.237,0.652,0.454,0.266,0.227,201,94,75,70,0.417,0.244,0.408,0.279,0.231,0.184,95,78,70,59
0.158,0.719,0.426,0.2,0.291,1,0.3467,0.1994,0.301,0.180,0.509,0.237,0.652,0.454,0.266,0.227,201,94,75,70,0.417,0.244,0.408,0.279,0.231,0.184,95,78,70,59
0.150,0.403,0.392,-0.79,0.151,-1,0.3374,0.1922,0.508,0.736,0.509,0.237,0.652,0.454,0.266,0.227,201,94,75,70,0.417,0.244,0.408,0.279,0.231,0.184,95,78,70,59
0.123,0.511,0.525,-0.48,0.134,0,0.3222,0.1783,0.374,0.007,0.509,0.237,0.652,0.454,0.266,0.227,201,94,75,70,0.417,0.244,0.408,0.279,0.231,0.184,95,78,70,59
0.102,0.481,0.283,-0.08,0.108,0,0.3162,0.1713,0.187,0.059,0.509,0.237,0.652,0.454,0.266,0.227,201,94,75,70,0.417,0.244,0.408,0.279,0.231,0.184,95,78,70,59
0.103,0.734,0.386,-0.42,0.180,0,0.3283,0.1810,0.439,0.318,0.509,0.237,0.652,0.454,0.266,0.227,201,94,75,70,0.417,0.244,0.408,0.279,0.231,0.184,95,78,70,59
0.098,0.749,0.177,-0.08,0.108,0,0.3486,0.1983,0.252,0.059,0.509,0.237,0.652,0.454,0.266,0.227,201,94,75,70,0.417,0.244,0.408,0.279,0.231,0.184,95,78,70,59
0.084,0.522,0.627,-0.08,0.108,0,0.3720,0.2164,0.091,0.059,0.509,0.237,0.652,0.454,0.266,0.227,201,94,75,70,0.417,0.244,0.408,0.279,0.231,0.184,95,78,70,59
0.091,0.459,0.030,3.14,0.186,0,0.3992,0.2375,0.071,-0.486,0.509,0.237,0.652,0.454,0.266,0.227,201,94,75,70,0.417,0.244,0.408,0.279,0.231,0.184,95,78,70,59
0.069,0.687,0.438,-1.19,0.219,1,0.4198,0.2534,0.344,0.586,0.509,0.237,0.652,0.454,0.266,0.227,201,94,75,70,0.417,0.244,0.408,0.279,0.231,0.184,95,78,70,59
0.082,0.454,0.053,1.99,0.186,0,0.4335,0.2640,0.054,-0.326,0.509,0.237,0.652,0.454,0.266,0.227,201,94,75,70,0.417,0.244,0.408,0.279,0.231,0.184,95,78,70,59
0.085,0.447,0.159,1.69,0.290,0,0.4291,0.2588,0.037,-0.697,0.509,0.237,0.652,0.454,0.266,0.227,201,94,75,70,0.417,0.244,0.408,0.279,0.231,0.184,95,78,70,59
0.082,0.401,0.205,-0.42,0.180,0,0.4112,0.2446,0.216,0.318,0.509,0.237,0.652,0.454,0.266,0.227,201,94,75,70,0.417,0.244,0.408,0.279,0.231,0.184,95,78,70,59
0.101,0.348,0.031,-0.79,0.151,-1,0.3644,0.2066,0.310,0.736,0.509,0.237,0.652,0.454,0.266,0.227,201,94,75,70,0.417,0.244,0.408,0.279,0.231,0.184,95,78,70,59
0.119,0.352,0.006,2.1,0.128,0,0.3033,0.1599,0.083,0.02,0.509,0.237,0.652,0.454,0.266,0.227,201,94,75,70,0.417,0.244,0.408,0.279,0.231,0.184,95,78,70,59
0.122,0.397,0.099,2.1,0.128,0,0.2603,0.1304,0.092,0.02,0.509,0.237,0.652,0.454,0.266,0.227,201,94,75,70,0.417,0.244,0.408,0.279,0.231,0.184,95,78,70,59
0.129,0.436,0.202,-1.14,0.131,0,0.2320,0.1118,0.343,0.987,0.509,0.237,0.652,0.454,0.266,0.227,201,94,75,70,0.417,0.244,0.408,0.279,0.231,0.184,95,78,70,59
0.138,0.851,0.407,0.22,0.230,0,0.2303,0.1153,0.325,0.303,0.509,0.237,0.652,0.454,0.266,0.227,201,94,75,70,0.417,0.244,0.408,0.279,0.231,0.184,95,78,70,59
0.178,0.834,0.352,-0.52,0.062,0,0.2423,0.1274,0.311,0.341,0.509,0.237,0.652,0.454,0.266,0.227,201,94,75,70,0.417,0.244,0.408,0.279,0.231,0.184,95,78,70,59
0.175,0.523,0.256,-0.08,0.108,0,0.2697,0.1527,0.323,0.059,0.509,0.237,0.652,0.454,0.266,0.227,201,94,75,70,0.417,0.244,0.408,0.279,0.231,0.184,95,78,70,59
0.137,0.417,0.315,-1.1,0.105,-1,0.3141,0.1888,0.286,0.192,0.509,0.237,0.652,0.454,0.266,0.227,201,94,75,70,0.417,0.244,0.408,0.279,0.231,0.184,95,78,70,59
0.143,0.717,0.624,0.2,0.291,1,0.3534,0.2143,0.165,0.180,0.509,0.237,0.652,0.454,0.266,0.227,201,94,75,70,0.417,0.244,0.408,0.279,0.231,0.184,95,78,70,59
0.172,0.452,0.143,2.53,0.140,0,0.3868,0.2309,0.052,-0.121,0.509,0.237,0.652,0.454,0.266,0.227,201,94,75,70,0.417,0.244,0.408,0.279,0.231,0.184,95,78,70,59
0.177,0.472,0.003,2.53,0.140,0,0.4016,0.2329,0.067,-0.121,0.509,0.237,0.652,0.454,0.266,0.227,201,94,75,70,0.417,0.244,0.408,0.279,0.231,0.184,95,78,70,59
0.177,0.568,0.358,1.99,0.186,0,0.3992,0.2222,0.076,-0.326,0.509,0.237,0.652,0.454,0.266,0.227,201,94,75,70,0.417,0.244,0.408,0.279,0.231,0.184,95,78,70,59
0.177,0.562,0.101,3.14,0.186,0,0.3836,0.2022,0.060,-0.486,0.509,0.237,0.652,0.454,0.266,0.227,201,94,75,70,0.417,0.244,0.408,0.279,0.231,0.184,95,78,70,59
0.168,0.605,0.518,0,0.000,0,0.3517,0.1737,0.126,0.166,0.509,0.237,0.652,0.454,0.266,0.227,201,94,75,70,0.417,0.244,0.408,0.279,0.231,0.184,95,78,70,59
0.214,0.698,0.480,0,0.000,0,0.3067,0.1406,0.216,0.166,0.509,0.237,0.652,0.454,0.266,0.227,201,94,75,70,0.417,0.244,0.408,0.279,0.231,0.184,95,78,70,59
0.196,0.835,0.411,-1.19,0.219,1,0.2586,0.1097,0.411,0.586,0.509,0.237,0.652,0.454,0.266,0.227,201,94,75,70,0.417,0.244,0.408,0.279,0.231,0.184,95,78,70,59
0.183,0.623,0.395,-1.14,0.131,0,0.2042,0.0760,0.312,0.987,0.509,0.237,0.652,0.454,0.266,0.227,201,94,75,70,0.417,0.244,0.408,0.279,0.231,0.184,95,78,70,59
0.191,0.691,0.379,-1.1,0.105,-1,0.1695,0.0585,0.391,0.192,0.509,0.237,0.652,0.454,0.266,0.227,201,94,75,70,0.417,0.244,0.408,0.279,0.231,0.184,95,78,70,59
0.191,0.759,0.511,0.2,0.291,1,0.1473,0.0482,0.219,0.180,0.509,0.237,0.652,0.454,0.266,0.227,201,94,75,70,0.417,0.244,0.408,0.279,0.231,0.184,95,78,70,59
0.184,0.405,0.007,2.53,0.140,0,0.1363,0.0443,0.081,-0.121,0.509,0.237,0.652,0.454,0.266,0.227,201,94,75,70,0.417,0.244,0.408,0.279,0.231,0.184,95,78,70,59
0.179,0.266,0.091,2.53,0.140,0,0.1454,0.0537,0.086,-0.121,0.509,0.237,0.652,0.454,0.266,0.227,201,94,75,70,0.417,0.244,0.408,0.279,0.231,0.184,95,78,70,59
0.188,0.231,0.053,-0.79,0.151,-1,0.1729,0.0705,0.237,0.736,0.509,0.237,0.652,0.454,0.266,0.227,201,94,75,70,0.417,0.244,0.408,0.279,0.231,0.184,95,78,70,59
0.156,0.219,0.002,2.1,0.128,0,0.2071,0.0906,0.026,0.02,0.509,0.237,0.652,0.454,0.266,0.227,201,94,75,70,0.417,0.244,0.408,0.279,0.231,0.184,95,78,70,59
0.167,0.269,0.004,3.14,0.186,0,0.2251,0.0969,0.017,-0.486,0.509,0.237,0.652,0.454,0.266,0.227,201,94,75,70,0.417,0.244,0.408,0.279,0.231,0.184,95,78,70,59
0.157,0.260,0.086,-1.19,0.219,1,0.2448,0.1039,0.225,0.586,0.509,0.237,0.652,0.454,0.266,0.227,201,94,75,70,0.417,0.244,0.408,0.279,0.231,0.184,95,78,70,59
0.151,0.228,0.014,3.14,0.186,0,0.2549,0.1055,0.038,-0.486,0.509,0.237,0.652,0.454,0.266,0.227,201,94,75,70,0.417,0.244,0.408,0.279,0.231,0.184,95,78,70,59
0.151,0.220,0.001,3.14,0.186,0,0.2500,0.0952,0.033,-0.486,0.509,0.237,0.652,0.454,0.266,0.227,201,94,75,70,0.417,0.244,0.408,0.279,0.231,0.184,95,78,70,59
0.160,0.196,0.003,1.99,0.186,0,0.2391,0.0826,0.037,-0.326,0.509,0.237,0.652,0.454,0.266,0.227,201,94,75,70,0.417,0.244,0.408,0.279,0.231,0.184,95,78,70,59
0.173,0.190,0.001,-1.1,0.105,-1,0.2269,0.0724,0.211,0.192,0.509,0.237,0.652,0.454,0.266,0.227,201,94,75,70,0.417,0.244,0.408,0.279,0.231,0.184,95,78,70,59
0.168,0.192,0.002,1.99,0.186,0,0.2306,0.0780,0.055,-0.326,0.509,0.237,0.652,0.454,0.266,0.227,201,94,75,70,0.417,0.244,0.408,0.279,0.231,0.184,95,78,70,59
0.162,0.237,0.003,3.14,0.186,0,0.2454,0.0913,0.067,-0.486,0.509,0.237,0.652,0.454,0.266,0.227,201,94,75,70,0.417,0.244,0.408,0.279,0.231,0.184,95,78,70,59
0.155,0.292,0.002,-0.52,0.062,0,0.2782,0.1205,0.293,0.341,0.509,0.237,0.652,0.454,0.266,0.227,201,94,75,70,0.417,0.244,0.408,0.279,0.231,0.184,95,78,70,59
0.169,0.289,0.002,-0.79,0.151,-1,0.3141,0.1537,0.462,0.736,0.509,0.237,0.652,0.454,0.266,0.227,201,94,75,70,0.417,0.244,0.408,0.279,0.231,0.184,95,78,70,59
0.159,0.359,0.001,-0.52,0.062,0,0.3509,0.1885,0.222,0.341,0.509,0.237,0.652,0.454,0.266,0.227,201,94,75,70,0.417,0.244,0.408,0.279,0.231,0.184,95,78,70,59
0.156,0.347,0.022,-1.14,0.131,0,0.3777,0.2154,0.388,0.987,0.509,0.237,0.652,0.454,0.266,0.227,201,94,75,70,0.417,0.244,0.408,0.279,0.231,0.184,95,78,70,59
0.107,0.359,0.049,3.14,0.186,0,0.4153,0.2517,0.228,-0.486,0.509,0.237,0.652,0.454,0.266,0.227,201,94,75,70,0.417,0.244,0.408,0.279,0.231,0.184,95,78,70,59
0.090,0.381,0.328,-1.19,0.219,1,0.4489,0.2851,0.460,0.586,0.509,0.237,0.652,0.454,0.266,0.227,201,94,75,70,0.417,0.244,0.408,0.279,0.231,0.184,95,78,70,59
0.082,0.317,0.339,0,0.000,0,0.4783,0.3169,0.347,0.166,0.509,0.237,0.652,0.454,0.266,0.227,201,94,75,70,0.417,0.244,0.408,0.279,0.231,0.184,95,78,70,59
0.079,0.413,0.469,0.2,0.291,1,0.5026,0.3418,0.405,0.180,0.509,0.237,0.652,0.454,0.266,0.227,201,94,75,70,0.417,0.244,0.408,0.279,0.231,0.184,95,78,70,59
0.067,0.253,0.093,0.85,0.046,0,0.5223,0.3583,0.315,0.06,0.509,0.237,0.652,0.454,0.266,0.227,201,94,75,70,0.417,0.244,0.408,0.279,0.231,0.184,95,78,70,59
0.063,0.352,0.138,-0.42,0.180,0,0.5308,0.3681,0.310,0.318,0.509,0.237,0.652,0.454,0.266,0.227,201,94,75,70,0.417,0.244,0.408,0.279,0.231,0.184,95,78,70,59
0.058,0.266,0.042,-1.14,0.131,0,0.5202,0.3656,0.363,0.987,0.509,0.237,0.652,0.454,0.266,0.227,201,94,75,70,0.417,0.244,0.408,0.279,0.231,0.184,95,78,70,59
0.052,0.373,0.225,1.37,0.298,0,0.5193,0.3696,0.247,-0.510,0.509,0.237,0.652,0.454,0.266,0.227,201,94,75,70,0.417,0.244,0.408,0.279,0.231,0.184,95,78,70,59
0.058,0.246,0.199,-1.1,0.105,-1,0.5124,0.3699,0.299,0.192,0.509,0.237,0.652,0.454,0.266,0.227,201,94,75,70,0.417,0.244,0.408,0.279,0.231,0.184,95,78,70,59
0.056,0.247,0.152,-1.14,0.131,0,0.4967,0.3621,0.292,0.987,0.509,0.237,0.652,0.454,0.266,0.227,201,94,75,70,0.417,0.244,0.408,0.279,0.231,0.184,95,78,70,59
0.060,0.306,0.271,-0.48,0.134,0,0.4636,0.3402,0.382,0.007,0.509,0.237,0.652,0.454,0.266,0.227,201,94,75,70,0.417,0.244,0.408,0.279,0.231,0.184,95,78,70,59
0.050,0.252,0.235,1.69,0.290,0,0.4252,0.3129,0.119,-0.697,0.509,0.237,0.652,0.454,0.266,0.227,201,94,75,70,0.417,0.244,0.408,0.279,0.231,0.184,95,78,70,59
0.037,0.279,0.455,1.37,0.298,0,0.3952,0.2952,0.194,-0.510,0.509,0.237,0.652,0.454,0.266,0.227,201,94,75,70,0.417,0.244,0.408,0.279,0.231,0.184,95,78,70,59
0.038,0.190,0.229,-1.1,0.105,-1,0.3747,0.2834,0.271,0.192,0.509,0.237,0.652,0.454,0.266,0.227,201,94,75,70,0.417,0.244,0.408,0.279,0.231,0.184,95,78,70,59
0.039,0.207,0.116,-0.79,0.151,-1,0.3595,0.2761,0.343,0.736,0.509,0.237,0.652,0.454,0.266,0.227,201,94,75,70,0.417,0.244,0.408,0.279,0.231,0.184,95,78,70,59
0.031,0.188,0.328,-0.08,0.108,0,0.3398,0.2631,0.234,0.059,0.509,0.237,0.652,0.454,0.266,0.227,201,94,75,70,0.417,0.244,0.408,0.279,0.231,0.184,95,78,70,59
0.031,0.264,0.403,1.37,0.298,0,0.3223,0.2506,0.138,-0.510,0.509,0.237,0.652,0.454,0.266,0.227,201,94,75,70,0.417,0.244,0.408,0.279,0.231,0.184,95,78,70,59
0.031,0.180,0.353,-1.1,0.105,-1,0.3154,0.2459,0.267,0.192,0.509,0.237,0.652,0.454,0.266,0.227,201,94,75,70,0.417,0.244,0.408,0.279,0.231,0.184,95,78,70,59
0.037,0.317,0.480,1.37,0.298,0,0.3280,0.2566,0.198,-0.510,0.509,0.237,0.652,0.454,0.266,0.227,201,94,75,70,0.417,0.244,0.408,0.279,0.231,0.184,95,78,70,59
0.040,0.251,0.395,0,0.000,0,0.3435,0.2702,0.205,0.166,0.509,0.237,0.652,0.454,0.266,0.227,201,94,75,70,0.417,0.244,0.408,0.279,0.231,0.184,95,78,70,59
0.043,0.347,0.420,0,0.000,0,0.3689,0.2951,0.153,0.166,0.509,0.237,0.652,0.454,0.266,0.227,201,94,75,70,0.417,0.244,0.408,0.279,0.231,0.184,95,78,70,59
0.053,0.338,0.359,1.69,0.290,0,0.3901,0.3161,0.053,-0.697,0.509,0.237,0.652,0.454,0.266,0.227,201,94,75,70,0.417,0.244,0.408,0.279,0.231,0.184,95,78,70,59
0.062,0.337,0.373,-0.08,0.108,0,0.4052,0.3302,0.125,0.059,0.509,0.237,0.652,0.454,0.266,0.227,201,94,75,70,0.417,0.244,0.408,0.279,0.231,0.184,95,78,70,59
0.070,0.315,0.322,1.42,0.221,0,0.4211,0.3456,0.066,-0.397,0.509,0.237,0.652,0.454,0.266,0.227,201,94,75,70,0.417,0.244,0.408,0.279,0.231,0.184,95,78,70,59
0.075,0.332,0.399,1.42,0.221,0,0.4179,0.3497,0.076,-0.397,0.509,0.237,0.652,0.454,0.266,0.227,201,94,75,70,0.417,0.244,0.408,0.279,0.231,0.184,95,78,70,59
0.076,0.373,0.388,1.69,0.290,0,0.4260,0.3602,0.052,-0.697,0.509,0.237,0.652,0.454,0.266,0.227,201,94,75,70,0.417,0.244,0.408,0.279,0.231,0.184,95,78,70,59
0.076,0.370,0.359,-1.1,0.105,-1,0.4387,0.3721,0.180,0.192,0.509,0.237,0.652,0.454,0.266,0.227,201,94,75,70,0.417,0.244,0.408,0.279,0.231,0.184,95,78,70,59
0.090,0.429,0.279,-1.1,0.105,-1,0.4600,0.3889,0.227,0.192,0.509,0.237,0.652,0.454,0.266,0.227,201,94,75,70,0.417,0.244,0.408,0.279,0.231,0.184,95,78,70,59
0.097,0.742,0.596,0.2,0.291,1,0.4722,0.3983,0.414,0.180,0.509,0.237,0.652,0.454,0.266,0.227,201,94,75,70,0.417,0.244,0.408,0.279,0.231,0.184,95,78,70,59
0.111,0.775,0.400,0.2,0.291,1,0.4841,0.4076,0.410,0.180,0.509,0.237,0.652,0.454,0.266,0.227,201,94,75,70,0.417,0.244,0.408,0.279,0.231,0.184,95,78,70,59
0.113,0.518,0.289,0,0.000,0,0.5021,0.4256,0.320,0.166,0.509,0.237,0.652,0.454,0.266,0.227,201,94,75,70,0.417,0.244,0.408,0.279,0.231,0.184,95,78,70,59
0.113,0.686,0.475,0.2,0.291,1,0.5336,0.4557,0.280,0.180,0.509,0.237,0.652,0.454,0.266,0.227,201,94,75,70,0.417,0.244,0.408,0.279,0.231,0.184,95,78,70,59
0.140,0.369,0.288,-1.14,0.131,0,0.5644,0.4852,0.246,0.987,0.509,0.237,0.652,0.454,0.266,0.227,201,94,75,70,0.417,0.244,0.408,0.279,0.231,0.184,95,78,70,59
0.122,0.330,0.169,2.53,0.140,0,0.5913,0.5093,0.127,-0.121,0.509,0.237,0.652,0.454,0.266,0.227,201,94,75,70,0.417,0.244,0.408,0.279,0.231,0.184,95,78,70,59
0.112,0.410,0.399,0,0.000,0,0.6088,0.5263,0.187,0.166,0.509,0.237,0.652,0.454,0.266,0.227,201,94,75,70,0.417,0.244,0.408,0.279,0.231,0.184,95,78,70,59
0.112,0.350,0.331,1.69,0.290,0,0.6392,0.5504,0.095,-0.697,0.509,0.237,0.652,0.454,0.266,0.227,201,94,75,70,0.417,0.244,0.408,0.279,0.231,0.184,95,78,70,59
0.141,0.305,0.276,-1.14,0.131,0,0.6615,0.5703,0.175,0.987,0.509,0.237,0.652,0.454,0.266,0.227,201,94,75,70,0.417,0.244,0.408,0.279,0.231,0.184,95,78,70,59
0.140,0.401,0.498,1.42,0.221,0,0.6868,0.5902,0.132,-0.397,0.509,0.237,0.652,0.454,0.266,0.227,201,94,75,70,0.417,0.244,0.408,0.279,0.231,0.184,95,78,70,59
0.140,0.481,0.656,0.2,0.291,1,0.7069,0.6075,0.267,0.180,0.509,0.237,0.652,0.454,0.266,0.227,201,94,75,70,0.417,0.244,0.408,0.279,0.231,0.184,95,78,70,59
0.137,0.342,0.559,0,0.000,0,0.7170,0.6194,0.230,0.166,0.509,0.237,0.652,0.454,0.266,0.227,201,94,75,70,0.417,0.244,0.408,0.279,0.231,0.184,95,78,70,59
0.137,0.474,0.650,0.2,0.291,1,0.7243,0.6280,0.344,0.180,0.509,0.237,0.652,0.454,0.266,0.227,201,94,75,70,0.417,0.244,0.408,0.279,0.231,0.184,95,78,70,59
0.137,0.250,0.630,0,0.000,0,0.7348,0.6383,0.182,0.166,0.509,0.237,0.652,0.454,0.266,0.227,201,94,75,70,0.417,0.244,0.408,0.279,0.231,0.184,95,78,70,59
0.135,0.238,0.478,0,0.000,0,0.7339,0.6419,0.191,0.166,0.509,0.237,0.652,0.454,0.266,0.227,201,94,75,70,0.417,0.244,0.408,0.279,0.231,0.184,95,78,70,59
0.146,0.228,0.482,1.69,0.290,0,0.7424,0.6529,0.119,-0.697,0.509,0.237,0.652,0.454,0.266,0.227,201,94,75,70,0.417,0.244,0.408,0.279,0.231,0.184,95,78,70,59
0.140,0.187,0.213,-1.1,0.105,-1,0.7646,0.6736,0.279,0.192,0.509,0.237,0.652,0.454,0.266,0.227,201,94,75,70,0.417,0.244,0.408,0.279,0.231,0.184,95,78,70,59
0.143,0.313,0.361,0.2,0.291,1,0.7997,0.7025,0.294,0.180,0.509,0.237,0.652,0.454,0.266,0.227,201,94,75,70,0.417,0.244,0.408,0.279,0.231,0.184,95,78,70,59
0.165,0.203,0.204,1.42,0.221,0,0.8250,0.7253,0.126,-0.397,0.509,0.237,0.652,0.454,0.266,0.227,201,94,75,70,0.417,0.244,0.408,0.279,0.231,0.184,95,78,70,59
0.165,0.215,0.289,-1.14,0.131,0,0.8478,0.7458,0.247,0.987,0.509,0.237,0.652,0.454,0.266,0.227,201,94,75,70,0.417,0.244,0.408,0.279,0.231,0.184,95,78,70,59
0.166,0.221,0.397,-1.14,0.131,0,0.8662,0.7650,0.375,0.987,0.509,0.237,0.652,0.454,0.266,0.227,201,94,75,70,0.417,0.244,0.408,0.279,0.231,0.184,95,78,70,59
0.166,0.242,0.457,0,0.000,0,0.8731,0.7778,0.267,0.166,0.509,0.237,0.652,0.454,0.266,0.227,201,94,75,70,0.417,0.244,0.408,0.279,0.231,0.184,95,78,70,59
0.169,0.322,0.639,0.2,0.291,1,0.8730,0.7866,0.456,0.180,0.509,0.237,0.652,0.454,0.266,0.227,201,94,75,70,0.417,0.244,0.408,0.279,0.231,0.184,95,78,70,59
0.157,0.218,0.541,0,0.000,0,0.8694,0.7926,0.335,0.166,0.509,0.237,0.652,0.454,0.266,0.227,201,94,75,70,0.417,0.244,0.408,0.279,0.231,0.184,95,78,70,59
0.138,0.211,0.418,0,0.000,0,0.8634,0.7962,0.284,0.166,0.509,0.237,0.652,0.454,0.266,0.227,201,94,75,70,0.417,0.244,0.408,0.279,0.231,0.184,95,78,70,59
0.130,0.300,0.547,0.2,0.291,1,0.8638,0.8021,0.359,0.180,0.509,0.237,0.652,0.454,0.266,0.227,201,94,75,70,0.417,0.244,0.408,0.279,0.231,0.184,95,78,70,59
0.150,0.205,0.278,-1.14,0.131,0,0.8588,0.8057,0.358,0.987,0.509,0.237,0.652,0.454,0.266,0.227,201,94,75,70,0.417,0.244,0.408,0.279,0.231,0.184,95,78,70,59
0.163,0.199,0.351,1.42,0.221,0,0.8664,0.8156,0.228,-0.397,0.509,0.237,0.652,0.454,0.266,0.227,201,94,75,70,0.417,0.244,0.408,0.279,0.231,0.184,95,78,70,59
0.165,0.166,0.326,-1.14,0.131,0,0.8695,0.8227,0.343,0.987,0.509,0.237,0.652,0.454,0.266,0.227,201,94,75,70,0.417,0.244,0.408,0.279,0.231,0.184,95,78,70,59
0.152,0.157,0.189,-1.14,0.131,0,0.8777,0.8343,0.341,0.987,0.509,0.237,0.652,0.454,0.266,0.227,201,94,75,70,0.417,0.244,0.408,0.279,0.231,0.184,95,78,70,59
0.164,0.195,0.416,-0.52,0.062,0,0.8831,0.8417,0.346,0.341,0.509,0.237,0.652,0.454,0.266,0.227,201,94,75,70,0.417,0.244,0.408,0.279,0.231,0.184,95,78,70,59
0.177,0.228,0.556,0.2,0.291,1,0.8878,0.8461,0.379,0.180,0.509,0.237,0.652,0.454,0.266,0.227,201,94,75,70,0.417,0.244,0.408,0.279,0.231,0.184,95,78,70,59
0.177,0.210,0.594,0.2,0.291,1,0.8935,0.8472,0.370,0.180,0.509,0.237,0.652,0.454,0.266,0.227,201,94,75,70,0.417,0.244,0.408,0.279,0.231,0.184,95,78,70,59
0.164,0.126,0.271,-1.1,0.105,-1,0.8943,0.8423,0.286,0.192,0.509,0.237,0.652,0.454,0.266,0.227,201,94,75,70,0.417,0.244,0.408,0.279,0.231,0.184,95,78,70,59
0.154,0.132,0.514,1.37,0.298,0,0.9033,0.8415,0.180,-0.510,0.509,0.237,0.652,0.454,0.266,0.227,201,94,75,70,0.417,0.244,0.408,0.279,0.231,0.184,95,78,70,59
0.145,0.117,0.242,-1.1,0.105,-1,0.9185,0.8458,0.413,0.192,0.509,0.237,0.652,0.454,0.266,0.227,201,94,75,70,0.417,0.244,0.408,0.279,0.231,0.184,95,78,70,59
0.134,0.117,0.006,-1.1,0.105,-1,0.9288,0.8489,0.353,0.192,0.509,0.237,0.652,0.454,0.266,0.227,201,94,75,70,0.417,0.244,0.408,0.279,0.231,0.184,95,78,70,59
0.134,0.117,0.249,1.42,0.221,0,0.9385,0.8507,0.213,-0.397,0.509,0.237,0.652,0.454,0.266,0.227,201,94,75,70,0.417,0.244,0.408,0.279,0.231,0.184,95,78,70,59
0.123,0.130,0.322,-0.52,0.062,0,0.9478,0.8533,0.302,0.341,0.509,0.237,0.652,0.454,0.266,0.227,201,94,75,70,0.417,0.244,0.408,0.279,0.231,0.184,95,78,70,59
0.131,0.123,0.238,-1.14,0.131,0,0.9506,0.8545,0.435,0.987,0.509,0.237,0.652,0.454,0.266,0.227,201,94,75,70,0.417,0.244,0.408,0.279,0.231,0.184,95,78,70,59
0.142,0.236,0.560,0.2,0.291,1,0.9504,0.8560,0.452,0.180,0.509,0.237,0.652,0.454,0.266,0.227,201,94,75,70,0.417,0.244,0.408,0.279,0.231,0.184,95,78,70,59
0.138,0.232,0.562,0.2,0.291,1,0.9502,0.8587,0.481,0.180,0.509,0.237,0.652,0.454,0.266,0.227,201,94,75,70,0.417,0.244,0.408,0.279,0.231,0.184,95,78,70,59
0.135,0.141,0.360,0,0.000,0,0.9507,0.8624,0.298,0.166,0.509,0.237,0.652,0.454,0.266,0.227,201,94,75,70,0.417,0.244,0.408,0.279,0.231,0.184,95,78,70,59
0.135,0.136,0.368,-1.14,0.131,0,0.9544,0.8681,0.339,0.987,0.509,0.237,0.652,0.454,0.266,0.227,201,94,75,70,0.417,0.244,0.408,0.279,0.231,0.184,95,78,70,59
0.144,0.176,0.285,-1.14,0.131,0,0.9570,0.8743,0.409,0.987,0.509,0.237,0.652,0.454,0.266,0.227,201,94,75,70,0.417,0.244,0.408,0.279,0.231,0.184,95,78,70,59
0.163,0.186,0.165,-1.14,0.131,0,0.9623,0.8823,0.373,0.987,0.509,0.237,0.652,0.454,0.266,0.227,201,94,75,70,0.417,0.244,0.408,0.279,0.231,0.184,95,78,70,59
0.178,0.191,0.063,-1.14,0.131,0,0.9675,0.8898,0.343,0.987,0.509,0.237,0.652,0.454,0.266,0.227,201,94,75,70,0.417,0.244,0.408,0.279,0.231,0.184,95,78,70,59
0.191,0.209,0.149,-1.14,0.131,0,0.9726,0.8962,0.368,0.987,0.509,0.237,0.652,0.454,0.266,0.227,201,94,75,70,0.417,0.244,0.408,0.279,0.231,0.184,95,78,70,59
0.185,0.180,0.170,-1.14,0.131,0,0.9723,0.8975,0.428,0.987,0.509,0.237,0.652,0.454,0.266,0.227,201,94,75,70,0.417,0.244,0.408,0.279,0.231,0.184,95,78,70,59
0.183,0.213,0.436,0,0.000,0,0.9682,0.8947,0.289,0.166,0.509,0.237,0.652,0.454,0.266,0.227,201,94,75,70,0.417,0.244,0.408,0.279,0.231,0.184,95,78,70,59
0.163,0.343,0.550,0.2,0.291,1,0.9620,0.8887,0.430,0.180,0.509,0.237,0.652,0.454,0.266,0.227,201,94,75,70,0.417,0.244,0.408,0.279,0.231,0.184,95,78,70,59
0.157,0.255,0.567,0,0.000,0,0.9537,0.8796,0.271,0.166,0.509,0.237,0.652,0.454,0.266,0.227,201,94,75,70,0.417,0.244,0.408,0.279,0.231,0.184,95,78,70,59
0.145,0.312,0.479,0,0.000,0,0.9450,0.8701,0.232,0.166,0.509,0.237,0.652,0.454,0.266,0.227,201,94,75,70,0.417,0.244,0.408,0.279,0.231,0.184,95,78,70,59
0.141,0.398,0.649,0.2,0.291,1,0.9371,0.8634,0.389,0.180,0.509,0.237,0.652,0.454,0.266,0.227,201,94,75,70,0.417,0.244,0.408,0.279,0.231,0.184,95,78,70,59
0.141,0.313,0.535,0,0.000,0,0.9330,0.8632,0.260,0.166,0.509,0.237,0.652,0.454,0.266,0.227,201,94,75,70,0.417,0.244,0.408,0.279,0.231,0.184,95,78,70,59
0.141,0.304,0.552,0,0.000,0,0.9271,0.8615,0.189,0.166,0.509,0.237,0.652,0.454,0.266,0.227,201,94,75,70,0.417,0.244,0.408,0.279,0.231,0.184,95,78,70,59
0.141,0.228,0.557,-0.52,0.062,0,0.9245,0.8631,0.239,0.341,0.509,0.237,0.652,0.454,0.266,0.227,201,94,75,70,0.417,0.244,0.408,0.279,0.231,0.184,95,78,70,59
0.141,0.342,0.559,0.2,0.291,1,0.9266,0.8686,0.324,0.180,0.509,0.237,0.652,0.454,0.266,0.227,201,94,75,70,0.417,0.244,0.408,0.279,0.231,0.184,95,78,70,59
0.141,0.178,0.163,0.85,0.046,0,0.9277,0.8727,0.162,0.06,0.509,0.237,0.652,0.454,0.266,0.227,201,94,75,70,0.417,0.244,0.408,0.279,0.231,0.184,95,78,70,59
0.141,0.233,0.328,0.2,0.291,1,0.9358,0.8788,0.344,0.180,0.509,0.237,0.652,0.454,0.266,0.227,201,94,75,70,0.417,0.244,0.408,0.279,0.231,0.184,95,78,70,59
0.144,0.155,0.047,-0.48,0.134,0,0.9417,0.8810,0.445,0.007,0.509,0.237,0.652,0.454,0.266,0.227,201,94,75,70,0.417,0.244,0.408,0.279,0.231,0.184,95,78,70,59
0.141,0.126,0.005,1.99,0.186,0,0.9413,0.8763,0.119,-0.326,0.509,0.237,0.652,0.454,0.266,0.227,201,94,75,70,0.417,0.244,0.408,0.279,0.231,0.184,95,78,70,59
0.141,0.123,0.010,-1.14,0.131,0,0.9300,0.8639,0.378,0.987,0.509,0.237,0.652,0.454,0.266,0.227,201,94,75,70,0.417,0.244,0.408,0.279,0.231,0.184,95,78,70,59
0.133,0.156,0.004,1.99,0.186,0,0.9159,0.8469,0.173,-0.326,0.509,0.237,0.652,0.454,0.266,0.227,201,94,75,70,0.417,0.244,0.408,0.279,0.231,0.184,95,78,70,59
0.128,0.162,0.002,-1.14,0.131,0,0.8926,0.8248,0.386,0.987,0.509,0.237,0.652,0.454,0.266,0.227,201,94,75,70,0.417,0.244,0.408,0.279,0.231,0.184,95,78,70,59
0.130,0.164,0.015,-1.14,0.131,0,0.8672,0.8000,0.394,0.987,0.509,0.237,0.652,0.454,0.266,0.227,201,94,75,70,0.417,0.244,0.408,0.279,0.231,0.184,95,78,70,59
0.128,0.186,0.056,-1.14,0.131,0,0.8389,0.7732,0.378,0.987,0.509,0.237,0.652,0.454,0.266,0.227,201,94,75,70,0.417,0.244,0.408,0.279,0.231,0.184,95,78,70,59
0.109,0.204,0.243,-1.14,0.131,0,0.8148,0.7471,0.466,0.987,0.509,0.237,0.652,0.454,0.266,0.227,201,94,75,70,0.417,0.244,0.408,0.279,0.231,0.184,95,78,70,59
0.101,0.179,0.244,-1.14,0.131,0,0.7961,0.7243,0.359,0.987,0.509,0.237,0.652,0.454,0.266,0.227,201,94,75,70,0.417,0.244,0.408,0.279,0.231,0.184,95,78,70,59
0.104,0.193,0.565,-1.14,0.131,0,0.7966,0.7151,0.356,0.987,0.509,0.237,0.652,0.454,0.266,0.227,201,94,75,70,0.417,0.244,0.408,0.279,0.231,0.184,95,78,70,59
0.104,0.292,0.600,0.2,0.291,1,0.8113,0.7143,0.447,0.180,0.509,0.237,0.652,0.454,0.266,0.227,201,94,75,70,0.417,0.244,0.408,0.279,0.231,0.184,95,78,70,59
0.125,0.235,0.361,0,0.000,0,0.8319,0.7172,0.290,0.166,0.509,0.237,0.652,0.454,0.266,0.227,201,94,75,70,0.417,0.244,0.408,0.279,0.231,0.184,95,78,70,59
0.131,0.220,0.290,0,0.000,0,0.8564,0.7228,0.258,0.166,0.509,0.237,0.652,0.454,0.266,0.227,201,94,75,70,0.417,0.244,0.408,0.279,0.231,0.184,95,78,70,59
0.131,0.218,0.206,-1.1,0.105,-1,0.8787,0.7280,0.263,0.192,0.509,0.237,0.652,0.454,0.266,0.227,201,94,75,70,0.417,0.244,0.408,0.279,0.231,0.184,95,78,70,59
0.134,0.186,0.171,1.99,0.186,0,0.8853,0.7250,0.088,-0.326,0.509,0.237,0.652,0.454,0.266,0.227,201,94,75,70,0.417,0.244,0.408,0.279,0.231,0.184,95,78,70,59
0.135,0.251,0.274,1.42,0.221,0,0.8810,0.7164,0.135,-0.397,0.509,0.237,0.652,0.454,0.266,0.227,201,94,75,70,0.417,0.244,0.408,0.279,0.231,0.184,95,78,70,59
0.146,0.194,0.334,0.85,0.046,0,0.8597,0.6985,0.108,0.06,0.509,0.237,0.652,0.454,0.266,0.227,201,94,75,70,0.417,0.244,0.408,0.279,0.231,0.184,95,78,70,59
0.137,0.320,0.412,1.37,0.298,0,0.8279,0.6762,0.111,-0.510,0.509,0.237,0.652,0.454,0.266,0.227,201,94,75,70,0.417,0.244,0.408,0.279,0.231,0.184,95,78,70,59
0.137,0.275,0.314,-1.1,0.105,-1,0.7786,0.6442,0.122,0.192,0.509,0.237,0.652,0.454,0.266,0.227,201,94,75,70,0.417,0.244,0.408,0.279,0.231,0.184,95,78,70,59
0.146,0.437,0.436,0.2,0.291,1,0.7197,0.6059,0.318,0.180,0.509,0.237,0.652,0.454,0.266,0.227,201,94,75,70,0.417,0.244,0.408,0.279,0.231,0.184,95,78,70,59
0.159,0.450,0.503,0.2,0.291,1,0.6449,0.5589,0.374,0.180,0.509,0.237,0.652,0.454,0.266,0.227,201,94,75,70,0.417,0.244,0.408,0.279,0.231,0.184,95,78,70,59
0.153,0.395,0.409,0,0.000,0,0.5928,0.5240,0.270,0.166,0.509,0.237,0.652,0.454,0.266,0.227,201,94,75,70,0.417,0.244,0.408,0.279,0.231,0.184,95,78,70,59
0.153,0.433,0.453,0.2,0.291,1,0.5589,0.5006,0.300,0.180,0.509,0.237,0.652,0.454,0.266,0.227,201,94,75,70,0.417,0.244,0.408,0.279,0.231,0.184,95,78,70,59
0.124,0.268,0.106,-1.14,0.131,0,0.5459,0.4882,0.388,0.987,0.509,0.237,0.652,0.454,0.266,0.227,201,94,75,70,0.417,0.244,0.408,0.279,0.231,0.184,95,78,70,59
0.136,0.315,0.204,0,0.000,0,0.5472,0.4845,0.328,0.166,0.509,0.237,0.652,0.454,0.266,0.227,201,94,75,70,0.417,0.244,0.408,0.279,0.231,0.184,95,78,70,59
0.137,0.255,0.174,-1.1,0.105,-1,0.5664,0.4887,0.284,0.192,0.509,0.237,0.652,0.454,0.266,0.227,201,94,75,70,0.417,0.244,0.408,0.279,0.231,0.184,95,78,70,59
0.127,0.337,0.328,0.2,0.291,1,0.5912,0.4950,0.287,0.180,0.509,0.237,0.652,0.454,0.266,0.227,201,94,75,70,0.417,0.244,0.408,0.279,0.231,0.184,95,78,70,59
0.103,0.336,0.209,1.37,0.298,0,0.6179,0.5041,0.159,-0.510,0.509,0.237,0.652,0.454,0.266,0.227,201,94,75,70,0.417,0.244,0.408,0.279,0.231,0.184,95,78,70,59
0.110,0.244,0.182,-1.1,0.105,-1,0.6473,0.5181,0.258,0.192,0.509,0.237,0.652,0.454,0.266,0.227,201,94,75,70,0.417,0.244,0.408,0.279,0.231,0.184,95,78,70,59
0.078,0.242,0.340,0,0.000,0,0.6692,0.5292,0.136,0.166,0.509,0.237,0.652,0.454,0.266,0.227,201,94,75,70,0.417,0.244,0.408,0.279,0.231,0.184,95,78,70,59
0.072,0.222,0.169,1.42,0.221,0,0.6649,0.5224,0.123,-0.397,0.509,0.237,0.652,0.454,0.266,0.227,201,94,75,70,0.417,0.244,0.408,0.279,0.231,0.184,95,78,70,59
0.073,0.190,0.179,2.53,0.140,0,0.6425,0.5057,0.119,-0.121,0.509,0.237,0.652,0.454,0.266,0.227,201,94,75,70,0.417,0.244,0.408,0.279,0.231,0.184,95,78,70,59
0.072,0.217,0.174,0,0.000,0,0.5956,0.4741,0.131,0.166,0.509,0.237,0.652,0.454,0.266,0.227,201,94,75,70,0.417,0.244,0.408,0.279,0.231,0.184,95,78,70,59
0.067,0.271,0.241,1.69,0.290,0,0.5570,0.4483,0.091,-0.697,0.509,0.237,0.652,0.454,0.266,0.227,201,94,75,70,0.417,0.244,0.408,0.279,0.231,0.184,95,78,70,59
0.068,0.260,0.093,-0.52,0.062,0,0.5207,0.4220,0.169,0.341,0.509,0.237,0.652,0.454,0.266,0.227,201,94,75,70,0.417,0.244,0.408,0.279,0.231,0.184,95,78,70,59
0.063,0.228,0.197,0.85,0.046,0,0.5009,0.4076,0.213,0.06,0.509,0.237,0.652,0.454,0.266,0.227,201,94,75,70,0.417,0.244,0.408,0.279,0.231,0.184,95,78,70,59
0.044,0.247,0.027,-1.1,0.105,-1,0.4843,0.3957,0.330,0.192,0.509,0.237,0.652,0.454,0.266,0.227,201,94,75,70,0.417,0.244,0.408,0.279,0.231,0.184,95,78,70,59
0.045,0.230,0.058,-0.79,0.151,-1,0.4885,0.3990,0.354,0.736,0.509,0.237,0.652,0.454,0.266,0.227,201,94,75,70,0.417,0.244,0.408,0.279,0.231,0.184,95,78,70,59
0.048,0.284,0.098,-0.08,0.108,0,0.4862,0.3988,0.240,0.059,0.509,0.237,0.652,0.454,0.266,0.227,201,94,75,70,0.417,0.244,0.408,0.279,0.231,0.184,95,78,70,59
0.053,0.299,0.223,1.76,0.409,0,0.4982,0.4061,0.133,-0.884,0.509,0.237,0.652,0.454,0.266,0.227,201,94,75,70,0.417,0.244,0.408,0.279,0.231,0.184,95,78,70,59
0.042,0.175,0.312,-1.1,0.105,-1,0.5119,0.4124,0.307,0.192,0.509,0.237,0.652,0.454,0.266,0.227,201,94,75,70,0.417,0.244,0.408,0.279,0.231,0.184,95,78,70,59
0.027,0.132,0.423,-0.52,0.062,0,0.5278,0.4188,0.233,0.341,0.509,0.237,0.652,0.454,0.266,0.227,201,94,75,70,0.417,0.244,0.408,0.279,0.231,0.184,95,78,70,59
0.026,0.116,0.187,0.85,0.046,0,0.5281,0.4148,0.164,0.06,0.509,0.237,0.652,0.454,0.266,0.227,201,94,75,70,0.417,0.244,0.408,0.279,0.231,0.184,95,78,70,59
0.026,0.117,0.153,3.14,0.186,0,0.5263,0.4092,0.139,-0.486,0.509,0.237,0.652,0.454,0.266,0.227,201,94,75,70,0.417,0.244,0.408,0.279,0.231,0.184,95,78,70,59
0.033,0.123,0.216,-1.1,0.105,-1,0.5182,0.3968,0.315,0.192,0.509,0.237,0.652,0.454,0.266,0.227,201,94,75,70,0.417,0.244,0.408,0.279,0.231,0.184,95,78,70,59
0.027,0.135,0.291,-0.08,0.108,0,0.5168,0.3889,0.287,0.059,0.509,0.237,0.652,0.454,0.266,0.227,201,94,75,70,0.417,0.244,0.408,0.279,0.231,0.184,95,78,70,59
0.022,0.204,0.126,1.76,0.409,0,0.5189,0.3864,0.142,-0.884,0.509,0.237,0.652,0.454,0.266,0.227,201,94,75,70,0.417,0.244,0.408,0.279,0.231,0.184,95,78,70,59
0.022,0.160,0.142,-0.52,0.062,0,0.5424,0.4013,0.239,0.341,0.509,0.237,0.652,0.454,0.266,0.227,201,94,75,70,0.417,0.244,0.408,0.279,0.231,0.184,95,78,70,59
0.026,0.169,0.098,-1.14,0.131,0,0.5664,0.4151,0.295,0.987,0.509,0.237,0.652,0.454,0.266,0.227,201,94,75,70,0.417,0.244,0.408,0.279,0.231,0.184,95,78,70,59
0.028,0.197,0.216,-0.52,0.062,0,0.5882,0.4296,0.399,0.341,0.509,0.237,0.652,0.454,0.266,0.227,201,94,75,70,0.417,0.244,0.408,0.279,0.231,0.184,95,78,70,59
0.043,0.223,0.127,-0.79,0.151,-1,0.6025,0.4395,0.323,0.736,0.509,0.237,0.652,0.454,0.266,0.227,201,94,75,70,0.417,0.244,0.408,0.279,0.231,0.184,95,78,70,59
0.048,0.195,0.320,1.76,0.409,0,0.6214,0.4524,0.091,-0.884,0.509,0.237,0.652,0.454,0.266,0.227,201,94,75,70,0.417,0.244,0.408,0.279,0.231,0.184,95,78,70,59
0.046,0.187,0.263,-0.42,0.180,0,0.6262,0.4507,0.201,0.318,0.509,0.237,0.652,0.454,0.266,0.227,201,94,75,70,0.417,0.244,0.408,0.279,0.231,0.184,95,78,70,59
0.040,0.188,0.266,1.42,0.221,0,0.6311,0.4484,0.168,-0.397,0.509,0.237,0.652,0.454,0.266,0.227,201,94,75,70,0.417,0.244,0.408,0.279,0.231,0.184,95,78,70,59
0.040,0.179,0.162,0.85,0.046,0,0.6061,0.4244,0.149,0.06,0.509,0.237,0.652,0.454,0.266,0.227,201,94,75,70,0.417,0.244,0.408,0.279,0.231,0.184,95,78,70,59
0.037,0.271,0.401,1.37,0.298,0,0.5780,0.3999,0.126,-0.510,0.509,0.237,0.652,0.454,0.266,0.227,201,94,75,70,0.417,0.244,0.408,0.279,0.231,0.184,95,78,70,59
0.041,0.188,0.303,-0.79,0.151,-1,0.5521,0.3766,0.221,0.736,0.509,0.237,0.652,0.454,0.266,0.227,201,94,75,70,0.417,0.244,0.408,0.279,0.231,0.184,95,78,70,59
0.054,0.231,0.367,-1.14,0.131,0,0.5344,0.3593,0.288,0.987,0.509,0.237,0.652,0.454,0.266,0.227,201,94,75,70,0.417,0.244,0.408,0.279,0.231,0.184,95,78,70,59
0.051,0.387,0.365,-0.42,0.180,0,0.5101,0.3358,0.448,0.318,0.509,0.237,0.652,0.454,0.266,0.227,201,94,75,70,0.417,0.244,0.408,0.279,0.231,0.184,95,78,70,59
0.055,0.293,0.502,0,0.000,0,0.5072,0.3266,0.363,0.166,0.509,0.237,0.652,0.454,0.266,0.227,201,94,75,70,0.417,0.244,0.408,0.279,0.231,0.184,95,78,70,59
0.053,0.267,0.423,0,0.000,0,0.5083,0.3227,0.280,0.166,0.509,0.237,0.652,0.454,0.266,0.227,201,94,75,70,0.417,0.244,0.408,0.279,0.231,0.184,95,78,70,59
0.069,0.269,0.290,-0.52,0.062,0,0.5200,0.3307,0.294,0.341,0.509,0.237,0.652,0.454,0.266,0.227,201,94,75,70,0.417,0.244,0.408,0.279,0.231,0.184,95,78,70,59
0.103,0.251,0.252,0,0.000,0,0.5278,0.3349,0.197,0.166,0.509,0.237,0.652,0.454,0.266,0.227,201,94,75,70,0.417,0.244,0.408,0.279,0.231,0.184,95,78,70,59
0.112,0.338,0.407,1.37,0.298,0,0.5468,0.3476,0.146,-0.510,0.509,0.237,0.652,0.454,0.266,0.227,201,94,75,70,0.417,0.244,0.408,0.279,0.231,0.184,95,78,70,59
0.096,0.172,0.177,-1.1,0.105,-1,0.5568,0.3549,0.167,0.192,0.509,0.237,0.652,0.454,0.266,0.227,201,94,75,70,0.417,0.244,0.408,0.279,0.231,0.184,95,78,70,59
0.097,0.292,0.350,1.37,0.298,0,0.5733,0.3691,0.099,-0.510,0.509,0.237,0.652,0.454,0.266,0.227,201,94,75,70,0.417,0.244,0.408,0.279,0.231,0.184,95,78,70,59
0.105,0.231,0.284,-0.52,0.062,0,0.5754,0.3700,0.106,0.341,0.509,0.237,0.652,0.454,0.266,0.227,201,94,75,70,0.417,0.244,0.408,0.279,0.231,0.184,95,78,70,59
0.128,0.254,0.322,1.37,0.298,0,0.5616,0.3595,0.150,-0.510,0.509,0.237,0.652,0.454,0.266,0.227,201,94,75,70,0.417,0.244,0.408,0.279,0.231,0.184,95,78,70,59
0.136,0.214,0.082,0.85,0.046,0,0.5354,0.3387,0.143,0.06,0.509,0.237,0.652,0.454,0.266,0.227,201,94,75,70,0.417,0.244,0.408,0.279,0.231,0.184,95,78,70,59
0.143,0.263,0.173,0,0.000,0,0.5063,0.3153,0.148,0.166,0.509,0.237,0.652,0.454,0.266,0.227,201,94,75,70,0.417,0.244,0.408,0.279,0.231,0.184,95,78,70,59
0.135,0.240,0.277,0,0.000,0,0.4809,0.2946,0.228,0.166,0.509,0.237,0.652,0.454,0.266,0.227,201,94,75,70,0.417,0.244,0.408,0.279,0.231,0.184,95,78,70,59
0.129,0.296,0.439,0.2,0.291,1,0.4618,0.2786,0.379,0.180,0.509,0.237,0.652,0.454,0.266,0.227,201,94,75,70,0.417,0.244,0.408,0.279,0.231,0.184,95,78,70,59
0.119,0.230,0.357,0,0.000,0,0.4418,0.2613,0.104,0.166,0.509,0.237,0.652,0.454,0.266,0.227,201,94,75,70,0.417,0.244,0.408,0.279,0.231,0.184,95,78,70,59
0.111,0.240,0.477,-0.52,0.062,0,0.4263,0.2488,0.153,0.341,0.509,0.237,0.652,0.454,0.266,0.227,201,94,75,70,0.417,0.244,0.408,0.279,0.231,0.184,95,78,70,59
0.119,0.230,0.407,1.37,0.298,0,0.4353,0.2572,0.242,-0.510,0.509,0.237,0.652,0.454,0.266,0.227,201,94,75,70,0.417,0.244,0.408,0.279,0.231,0.184,95,78,70,59
0.120,0.185,0.096,0,0.000,0,0.4646,0.2836,0.140,0.166,0.509,0.237,0.652,0.454,0.266,0.227,201,94,75,70,0.417,0.244,0.408,0.279,0.231,0.184,95,78,70,59
0.134,0.151,0.028,-1.1,0.105,-1,0.4901,0.3085,0.236,0.192,0.509,0.237,0.652,0.454,0.266,0.227,201,94,75,70,0.417,0.244,0.408,0.279,0.231,0.184,95,78,70,59
0.121,0.137,0.005,1.99,0.186,0,0.5091,0.3263,0.171,-0.326,0.509,0.237,0.652,0.454,0.266,0.227,201,94,75,70,0.417,0.244,0.408,0.279,0.231,0.184,95,78,70,59
0.132,0.154,0.006,0,0.000,0,0.5242,0.3406,0.333,0.166,0.509,0.237,0.652,0.454,0.266,0.227,201,94,75,70,0.417,0.244,0.408,0.279,0.231,0.184,95,78,70,59
0.126,0.146,0.001,0,0.000,0,0.5451,0.3622,0.069,0.166,0.509,0.237,0.652,0.454,0.266,0.227,201,94,75,70,0.417,0.244,0.408,0.279,0.231,0.184,95,78,70,59
0.152,0.169,0.001,-1.14,0.131,0,0.5451,0.3663,0.182,0.987,0.509,0.237,0.652,0.454,0.266,0.227,201,94,75,70,0.417,0.244,0.408,0.279,0.231,0.184,95,78,70,59
0.144,0.131,0.021,3.14,0.186,0,0.5336,0.3604,0.160,-0.486,0.509,0.237,0.652,0.454,0.266,0.227,201,94,75,70,0.417,0.244,0.408,0.279,0.231,0.184,95,78,70,59
0.138,0.144,0.030,3.14,0.186,0,0.5185,0.3492,0.094,-0.486,0.509,0.237,0.652,0.454,0.266,0.227,201,94,75,70,0.417,0.244,0.408,0.279,0.231,0.184,95,78,70,59
0.136,0.243,0.280,-0.08,0.108,0,0.5099,0.3450,0.103,0.059,0.509,0.237,0.652,0.454,0.266,0.227,201,94,75,70,0.417,0.244,0.408,0.279,0.231,0.184,95,78,70,59
0.132,0.272,0.317,-0.08,0.108,0,0.4917,0.3325,0.117,0.059,0.509,0.237,0.652,0.454,0.266,0.227,201,94,75,70,0.417,0.244,0.408,0.279,0.231,0.184,95,78,70,59
0.155,0.263,0.372,-0.42,0.180,0,0.4630,0.3118,0.253,0.318,0.509,0.237,0.652,0.454,0.266,0.227,201,94,75,70,0.417,0.244,0.408,0.279,0.231,0.184,95,78,70,59
0.148,0.202,0.185,2.53,0.140,0,0.4402,0.2962,0.093,-0.121,0.509,0.237,0.652,0.454,0.266,0.227,201,94,75,70,0.417,0.244,0.408,0.279,0.231,0.184,95,78,70,59
0.150,0.301,0.467,-0.08,0.108,0,0.4295,0.2908,0.226,0.059,0.509,0.237,0.652,0.454,0.266,0.227,201,94,75,70,0.417,0.244,0.408,0.279,0.231,0.184,95,78,70,59
0.154,0.259,0.163,3.14,0.186,0,0.4309,0.2987,0.089,-0.486,0.509,0.237,0.652,0.454,0.266,0.227,201,94,75,70,0.417,0.244,0.408,0.279,0.231,0.184,95,78,70,59
0.185,0.274,0.183,-1.14,0.131,0,0.4359,0.3110,0.207,0.987,0.509,0.237,0.652,0.454,0.266,0.227,201,94,75,70,0.417,0.244,0.408,0.279,0.231,0.184,95,78,70,59
0.185,0.308,0.468,-1.19,0.219,1,0.4491,0.3290,0.440,0.586,0.509,0.237,0.652,0.454,0.266,0.227,201,94,75,70,0.417,0.244,0.408,0.279,0.231,0.184,95,78,70,59
0.196,0.214,0.419,-1.1,0.105,-1,0.4509,0.3339,0.327,0.192,0.509,0.237,0.652,0.454,0.266,0.227,201,94,75,70,0.417,0.244,0.408,0.279,0.231,0.184,95,78,70,59
0.195,0.208,0.058,1.99,0.186,0,0.4553,0.3409,0.129,-0.326,0.509,0.237,0.652,0.454,0.266,0.227,201,94,75,70,0.417,0.244,0.408,0.279,0.231,0.184,95,78,70,59
0.206,0.246,0.228,0.85,0.046,0,0.4618,0.3510,0.239,0.06,0.509,0.237,0.652,0.454,0.266,0.227,201,94,75,70,0.417,0.244,0.408,0.279,0.231,0.184,95,78,70,59
0.211,0.356,0.794,0,0.000,0,0.4743,0.3668,0.178,0.166,0.509,0.237,0.652,0.454,0.266,0.227,201,94,75,70,0.417,0.244,0.408,0.279,0.231,0.184,95,78,70,59
0.266,0.375,0.648,-0.52,0.062,0,0.4706,0.3688,0.181,0.341,0.509,0.237,0.652,0.454,0.266,0.227,201,94,75,70,0.417,0.244,0.408,0.279,0.231,0.184,95,78,70,59
0.266,0.320,0.431,3.14,0.186,0,0.4573,0.3608,0.082,-0.486,0.509,0.237,0.652,0.454,0.266,0.227,201,94,75,70,0.417,0.244,0.408,0.279,0.231,0.184,95,78,70,59
0.260,0.373,0.953,3.14,0.186,0,0.4581,0.3656,0.124,-0.486,0.509,0.237,0.652,0.454,0.266,0.227,201,94,75,70,0.417,0.244,0.408,0.279,0.231,0.184,95,78,70,59
0.280,0.462,0.954,0,0.000,0,0.4588,0.3725,0.237,0.166,0.509,0.237,0.652,0.454,0.266,0.227,201,94,75,70,0.417,0.244,0.408,0.279,0.231,0.184,95,78,70,59
0.302,0.560,0.994,-1.19,0.219,1,0.4672,0.3871,0.456,0.586,0.509,0.237,0.652,0.454,0.266,0.227,201,94,75,70,0.417,0.244,0.408,0.279,0.231,0.184,95,78,70,59
0.266,0.473,0.997,0,0.000,0,0.4714,0.3974,0.359,0.166,0.509,0.237,0.652,0.454,0.266,0.227,201,94,75,70,0.417,0.244,0.408,0.279,0.231,0.184,95,78,70,59
0.231,0.479,0.996,0,0.000,0,0.4838,0.4162,0.311,0.166,0.509,0.237,0.652,0.454,0.266,0.227,201,94,75,70,0.417,0.244,0.408,0.279,0.231,0.184,95,78,70,59
0.243,0.561,0.643,-0.42,0.180,0,0.4850,0.4254,0.330,0.318,0.509,0.237,0.652,0.454,0.266,0.227,201,94,75,70,0.417,0.244,0.408,0.279,0.231,0.184,95,78,70,59
0.245,0.795,0.760,0.2,0.291,1,0.4828,0.4303,0.259,0.180,0.509,0.237,0.652,0.454,0.266,0.227,201,94,75,70,0.417,0.244,0.408,0.279,0.231,0.184,95,78,70,59
0.255,0.449,0.942,3.14,0.186,0,0.4846,0.4381,0.058,-0.486,0.509,0.237,0.652,0.454,0.266,0.227,201,94,75,70,0.417,0.244,0.408,0.279,0.231,0.184,95,78,70,59
0.245,0.747,0.895,-1.19,0.219,1,0.4887,0.4453,0.319,0.586,0.509,0.237,0.652,0.454,0.266,0.227,201,94,75,70,0.417,0.244,0.408,0.279,0.231,0.184,95,78,70,59
0.281,0.704,0.346,-0.42,0.180,0,0.4987,0.4547,0.254,0.318,0.509,0.237,0.652,0.454,0.266,0.227,201,94,75,70,0.417,0.244,0.408,0.279,0.231,0.184,95,78,70,59
0.281,0.468,0.196,3.14,0.186,0,0.5048,0.4612,0.063,-0.486,0.509,0.237,0.652,0.454,0.266,0.227,201,94,75,70,0.417,0.244,0.408,0.279,0.231,0.184,95,78,70,59
0.278,0.491,0.852,0.2,0.291,1,0.5091,0.4674,0.234,0.180,0.509,0.237,0.652,0.454,0.266,0.227,201,94,75,70,0.417,0.244,0.408,0.279,0.231,0.184,95,78,70,59
0.230,0.379,0.517,0.22,0.230,0,0.5105,0.4662,0.335,0.303,0.509,0.237,0.652,0.454,0.266,0.227,201,94,75,70,0.417,0.244,0.408,0.279,0.231,0.184,95,78,70,59
0.182,0.333,0.341,-0.79,0.151,-1,0.5125,0.4646,0.438,0.736,0.509,0.237,0.652,0.454,0.266,0.227,201,94,75,70,0.417,0.244,0.408,0.279,0.231,0.184,95,78,70,59
0.178,0.424,0.264,-0.52,0.062,0,0.5249,0.4712,0.312,0.341,0.509,0.237,0.652,0.454,0.266,0.227,201,94,75,70,0.417,0.244,0.408,0.279,0.231,0.184,95,78,70,59
0.144,0.313,0.301,0,0.000,0,0.5418,0.4831,0.380,0.166,0.509,0.237,0.652,0.454,0.266,0.227,201,94,75,70,0.417,0.244,0.408,0.279,0.231,0.184,95,78,70,59
0.151,0.293,0.040,0.85,0.046,0,0.5631,0.5006,0.213,0.06,0.509,0.237,0.652,0.454,0.266,0.227,201,94,75,70,0.417,0.244,0.408,0.279,0.231,0.184,95,78,70,59
0.153,0.315,0.594,-0.52,0.062,0,0.5751,0.5104,0.346,0.341,0.509,0.237,0.652,0.454,0.266,0.227,201,94,75,70,0.417,0.244,0.408,0.279,0.231,0.184,95,78,70,59
0.128,0.271,0.022,3.14,0.186,0,0.5858,0.5192,0.100,-0.486,0.509,0.237,0.652,0.454,0.266,0.227,201,94,75,70,0.417,0.244,0.408,0.279,0.231,0.184,95,78,70,59
0.099,0.407,0.559,-1.19,0.219,1,0.5895,0.5222,0.376,0.586,0.509,0.237,0.652,0.454,0.266,0.227,201,94,75,70,0.417,0.244,0.408,0.279,0.231,0.184,95,78,70,59
0.107,0.223,0.683,3.14,0.186,0,0.5948,0.5265,0.099,-0.486,0.509,0.237,0.652,0.454,0.266,0.227,201,94,75,70,0.417,0.244,0.408,0.279,0.231,0.184,95,78,70,59
0.107,0.175,0.009,-1.1,0.105,-1,0.5808,0.5132,0.325,0.192,0.509,0.237,0.652,0.454,0.266,0.227,201,94,75,70,0.417,0.244,0.408,0.279,0.231,0.184,95,78,70,59
0.100,0.154,0.082,-0.79,0.151,-1,0.5548,0.4892,0.348,0.736,0.509,0.237,0.652,0.454,0.266,0.227,201,94,75,70,0.417,0.244,0.408,0.279,0.231,0.184,95,78,70,59
0.088,0.128,0.000,-1.14,0.131,0,0.5136,0.4514,0.358,0.987,0.509,0.237,0.652,0.454,0.266,0.227,201,94,75,70,0.417,0.244,0.408,0.279,0.231,0.184,95,78,70,59
0.106,0.103,0.001,1.99,0.186,0,0.4809,0.4187,0.218,-0.326,0.509,0.237,0.652,0.454,0.266,0.227,201,94,75,70,0.417,0.244,0.408,0.279,0.231,0.184,95,78,70,59
0.096,0.114,0.005,-0.79,0.151,-1,0.4547,0.3901,0.517,0.736,0.509,0.237,0.652,0.454,0.266,0.227,201,94,75,70,0.417,0.244,0.408,0.279,0.231,0.184,95,78,70,59
0.096,0.125,0.047,0,0.000,0,0.4577,0.3849,0.410,0.166,0.509,0.237,0.652,0.454,0.266,0.227,201,94,75,70,0.417,0.244,0.408,0.279,0.231,0.184,95,78,70,59
0.091,0.160,0.045,-0.52,0.062,0,0.4725,0.3892,0.302,0.341,0.509,0.237,0.652,0.454,0.266,0.227,201,94,75,70,0.417,0.244,0.408,0.279,0.231,0.184,95,78,70,59
0.083,0.194,0.027,-0.79,0.151,-1,0.4987,0.4007,0.506,0.736,0.509,0.237,0.652,0.454,0.266,0.227,201,94,75,70,0.417,0.244,0.408,0.279,0.231,0.184,95,78,70,59
0.082,0.181,0.208,-1.1,0.105,-1,0.5310,0.4190,0.334,0.192,0.509,0.237,0.652,0.454,0.266,0.227,201,94,75,70,0.417,0.244,0.408,0.279,0.231,0.184,95,78,70,59
0.063,0.297,0.715,0.2,0.291,1,0.5685,0.4434,0.167,0.180,0.509,0.237,0.652,0.454,0.266,0.227,201,94,75,70,0.417,0.244,0.408,0.279,0.231,0.184,95,78,70,59
0.063,0.203,0.249,3.14,0.186,0,0.5927,0.4581,0.083,-0.486,0.509,0.237,0.652,0.454,0.266,0.227,201,94,75,70,0.417,0.244,0.408,0.279,0.231,0.184,95,78,70,59
0.064,0.199,0.002,3.14,0.186,0,0.6040,0.4625,0.054,-0.486,0.509,0.237,0.652,0.454,0.266,0.227,201,94,75,70,0.417,0.244,0.408,0.279,0.231,0.184,95,78,70,59
0.066,0.278,0.445,-0.08,0.108,0,0.5893,0.4468,0.146,0.059,0.509,0.237,0.652,0.454,0.266,0.227,201,94,75,70,0.417,0.244,0.408,0.279,0.231,0.184,95,78,70,59
0.070,0.239,0.106,3.14,0.186,0,0.5632,0.4235,0.030,-0.486,0.509,0.237,0.652,0.454,0.266,0.227,201,94,75,70,0.417,0.244,0.408,0.279,0.231,0.184,95,78,70,59
0.068,0.345,0.551,-0.08,0.108,0,0.5190,0.3854,0.182,0.059,0.509,0.237,0.652,0.454,0.266,0.227,201,94,75,70,0.417,0.244,0.408,0.279,0.231,0.184,95,78,70,59
0.075,0.329,0.614,0,0.000,0,0.4671,0.3408,0.141,0.166,0.509,0.237,0.652,0.454,0.266,0.227,201,94,75,70,0.417,0.244,0.408,0.279,0.231,0.184,95,78,70,59
0.073,0.300,0.622,-0.08,0.108,0,0.4167,0.2973,0.208,0.059,0.509,0.237,0.652,0.454,0.266,0.227,201,94,75,70,0.417,0.244,0.408,0.279,0.231,0.184,95,78,70,59
0.069,0.310,0.506,-0.42,0.180,0,0.3801,0.2649,0.312,0.318,0.509,0.237,0.652,0.454,0.266,0.227,201,94,75,70,0.417,0.244,0.408,0.279,0.231,0.184,95,78,70,59
0.082,0.249,0.325,-1.1,0.105,-1,0.3511,0.2385,0.318,0.192,0.509,0.237,0.652,0.454,0.266,0.227,201,94,75,70,0.417,0.244,0.408,0.279,0.231,0.184,95,78,70,59
0.072,0.280,0.406,-0.42,0.180,0,0.3308,0.2178,0.214,0.318,0.509,0.237,0.652,0.454,0.266,0.227,201,94,75,70,0.417,0.244,0.408,0.279,0.231,0.184,95,78,70,59
0.073,0.180,0.035,3.14,0.186,0,0.3257,0.2110,0.118,-0.486,0.509,0.237,0.652,0.454,0.266,0.227,201,94,75,70,0.417,0.244,0.408,0.279,0.231,0.184,95,78,70,59
0.075,0.234,0.067,-0.42,0.180,0,0.3393,0.2213,0.345,0.318,0.509,0.237,0.652,0.454,0.266,0.227,201,94,75,70,0.417,0.244,0.408,0.279,0.231,0.184,95,78,70,59
0.096,0.221,0.063,-0.48,0.134,0,0.3651,0.2401,0.250,0.007,0.509,0.237,0.652,0.454,0.266,0.227,201,94,75,70,0.417,0.244,0.408,0.279,0.231,0.184,95,78,70,59
0.098,0.204,0.013,0.85,0.046,0,0.3949,0.2607,0.047,0.06,0.509,0.237,0.652,0.454,0.266,0.227,201,94,75,70,0.417,0.244,0.408,0.279,0.231,0.184,95,78,70,59
0.089,0.266,0.142,-0.42,0.180,0,0.3994,0.2624,0.224,0.318,0.509,0.237,0.652,0.454,0.266,0.227,201,94,75,70,0.417,0.244,0.408,0.279,0.231,0.184,95,78,70,59
0.099,0.320,0.052,1.37,0.298,0,0.3922,0.2536,0.231,-0.510,0.509,0.237,0.652,0.454,0.266,0.227,201,94,75,70,0.417,0.244,0.408,0.279,0.231,0.184,95,78,70,59
0.099,0.209,0.135,1.99,0.186,0,0.3686,0.2348,0.089,-0.326,0.509,0.237,0.652,0.454,0.266,0.227,201,94,75,70,0.417,0.244,0.408,0.279,0.231,0.184,95,78,70,59
0.129,0.217,0.002,1.99,0.186,0,0.3398,0.2209,0.080,-0.326,0.509,0.237,0.652,0.454,0.266,0.227,201,94,75,70,0.417,0.244,0.408,0.279,0.231,0.184,95,78,70,59
0.110,0.270,0.074,-0.42,0.180,0,0.3016,0.2091,0.310,0.318,0.509,0.237,0.652,0.454,0.266,0.227,201,94,75,70,0.417,0.244,0.408,0.279,0.231,0.184,95,78,70,59
0.094,0.250,0.004,-0.48,0.134,0,0.2576,0.2046,0.282,0.007,0.509,0.237,0.652,0.454,0.266,0.227,201,94,75,70,0.417,0.244,0.408,0.279,0.231,0.184,95,78,70,59
0.095,0.242,0.086,-0.52,0.062,0,0.2052,0.2093,0.191,0.341,0.509,0.237,0.652,0.454,0.266,0.227,201,94,75,70,0.417,0.244,0.408,0.279,0.231,0.184,95,78,70,59
0.094,0.229,0.015,2.53,0.140,0,0.1658,0.2368,0.159,-0.121,0.509,0.237,0.652,0.454,0.266,0.227,201,94,75,70,0.417,0.244,0.408,0.279,0.231,0.184,95,78,70,59
0.095,0.315,0.283,-1.19,0.219,1,0.1369,0.2802,0.421,0.586,0.509,0.237,0.652,0.454,0.266,0.227,201,94,75,70,0.417,0.244,0.408,0.279,0.231,0.184,95,78,70,59
0.113,0.244,0.223,-0.42,0.180,0,0.1214,0.3387,0.376,0.318,0.509,0.237,0.652,0.454,0.266,0.227,201,94,75,70,0.417,0.244,0.408,0.279,0.231,0.184,95,78,70,59
0.109,0.278,0.493,1.37,0.298,0,0.1207,0.4099,0.204,-0.510,0.509,0.237,0.652,0.454,0.266,0.227,201,94,75,70,0.417,0.244,0.408,0.279,0.231,0.184,95,78,70,59
0.111,0.263,0.611,-0.52,0.062,0,0.1345,0.4905,0.354,0.341,0.509,0.237,0.652,0.454,0.266,0.227,201,94,75,70,0.417,0.244,0.408,0.279,0.231,0.184,95,78,70,59
0.128,0.275,0.223,0,0.000,0,0.1598,0.5762,0.318,0.166,0.509,0.237,0.652,0.454,0.266,0.227,201,94,75,70,0.417,0.244,0.408,0.279,0.231,0.184,95,78,70,59
0.126,0.305,0.366,-1.19,0.219,1,0.1912,0.6618,0.498,0.586,0.509,0.237,0.652,0.454,0.266,0.227,201,94,75,70,0.417,0.244,0.408,0.279,0.231,0.184,95,78,70,59
0.124,0.284,0.304,1.69,0.290,0,0.2198,0.7410,0.277,-0.697,0.509,0.237,0.652,0.454,0.266,0.227,201,94,75,70,0.417,0.244,0.408,0.279,0.231,0.184,95,78,70,59
0.128,0.274,0.442,1.69,0.290,0,0.2333,0.8067,0.502,-0.697,0.509,0.237,0.652,0.454,0.266,0.227,201,94,75,70,0.417,0.244,0.408,0.279,0.231,0.184,95,78,70,59
