0.294,0.931,0.659,1.42,0.221,0,0.2661,0.8642,0.711,-0.397,0.674,0.255,0.782,0.702,0.607,0.573,375,358,311,278,0.563,0.248,0.712,0.615,0.457,0.307,355,305,148,127
0.207,0.916,0.709,0,0.000,0,0.3259,0.8491,0.409,0.166,0.674,0.255,0.782,0.702,0.607,0.573,375,358,311,278,0.563,0.248,0.712,0.615,0.457,0.307,355,305,148,127
0.215,0.855,0.687,-0.52,0.062,0,0.3436,0.8032,0.312,0.341,0.674,0.255,0.782,0.702,0.607,0.573,375,358,311,278,0.563,0.248,0.712,0.615,0.457,0.307,355,305,148,127
0.279,0.920,0.660,-0.42,0.180,0,0.3421,0.7419,0.285,0.318,0.674,0.255,0.782,0.702,0.607,0.573,375,358,311,278,0.563,0.248,0.712,0.615,0.457,0.307,355,305,148,127
0.269,0.932,0.751,-1.19,0.219,1,0.3362,0.6760,0.384,0.586,0.674,0.255,0.782,0.702,0.607,0.573,375,358,311,278,0.563,0.248,0.712,0.615,0.457,0.307,355,305,148,127
0.207,0.909,0.760,0.2,0.291,1,0.3344,0.6122,0.292,0.180,0.674,0.255,0.782,0.702,0.607,0.573,375,358,311,278,0.563,0.248,0.712,0.615,0.457,0.307,355,305,148,127
0.197,0.790,0.267,1.99,0.186,0,0.3396,0.5539,0.054,-0.326,0.674,0.255,0.782,0.702,0.607,0.573,375,358,311,278,0.563,0.248,0.712,0.615,0.457,0.307,355,305,148,127
0.185,0.818,0.037,2.53,0.140,0,0.3508,0.5022,0.081,-0.121,0.674,0.255,0.782,0.702,0.607,0.573,375,358,311,278,0.563,0.248,0.712,0.615,0.457,0.307,355,305,148,127
0.184,0.881,0.616,-0.42,0.180,0,0.3641,0.4559,0.292,0.318,0.674,0.255,0.782,0.702,0.607,0.573,375,358,311,278,0.563,0.248,0.712,0.615,0.457,0.307,355,305,148,127
0.187,0.910,0.670,0.2,0.291,1,0.3739,0.4131,0.207,0.180,0.674,0.255,0.782,0.702,0.607,0.573,375,358,311,278,0.563,0.248,0.712,0.615,0.457,0.307,355,305,148,127
0.179,0.770,0.004,2.53,0.140,0,0.3644,0.3637,0.038,-0.121,0.674,0.255,0.782,0.702,0.607,0.573,375,358,311,278,0.563,0.248,0.712,0.615,0.457,0.307,355,305,148,127
0.174,0.811,0.102,-0.79,0.151,-1,0.3378,0.3110,0.259,0.736,0.674,0.255,0.782,0.702,0.607,0.573,375,358,311,278,0.563,0.248,0.712,0.615,0.457,0.307,355,305,148,127
0.142,0.900,0.645,0.2,0.291,1,0.3070,0.2672,0.389,0.180,0.674,0.255,0.782,0.702,0.607,0.573,375,358,311,278,0.563,0.248,0.712,0.615,0.457,0.307,355,305,148,127
0.136,0.848,0.548,-1.19,0.219,1,0.2694,0.2302,0.319,0.586,0.674,0.255,0.782,0.702,0.607,0.573,375,358,311,278,0.563,0.248,0.712,0.615,0.457,0.307,355,305,148,127
0.145,0.687,0.001,1.99,0.186,0,0.2417,0.2056,0.066,-0.326,0.674,0.255,0.782,0.702,0.607,0.573,375,358,311,278,0.563,0.248,0.712,0.615,0.457,0.307,355,305,148,127
0.115,0.304,0.272,-0.79,0.151,-1,0.2187,0.1890,0.366,0.736,0.674,0.255,0.782,0.702,0.607,0.573,375,358,311,278,0.563,0.248,0.712,0.615,0.457,0.307,355,305,148,127
0.091,0.739,0.508,-0.42,0.180,0,0.2004,0.1780,0.413,0.318,0.674,0.255,0.782,0.702,0.607,0.573,375,358,311,278,0.563,0.248,0.712,0.615,0.457,0.307,355,305,148,127
0.093,0.730,0.443,-0.08,0.108,0,0.1837,0.1677,0.195,0.059,0.674,0.255,0.782,0.702,0.607,0.573,375,358,311,278,0.563,0.248,0.712,0.615,0.457,0.307,355,305,148,127
0.095,0.288,0.003,2.53,0.140,0,0.1808,0.1654,0.121,-0.121,0.674,0.255,0.782,0.702,0.607,0.573,375,358,311,278,0.563,0.248,0.712,0.615,0.457,0.307,355,305,148,127
0.103,0.315,0.443,0,0.000,0,0.1876,0.1685,0.179,0.166,0.674,0.255,0.782,0.702,0.607,0.573,375,358,311,278,0.563,0.248,0.712,0.615,0.457,0.307,355,305,148,127
0.097,0.295,0.477,-1.1,0.105,-1,0.2035,0.1811,0.245,0.192,0.674,0.255,0.782,0.702,0.607,0.573,375,358,311,278,0.563,0.248,0.712,0.615,0.457,0.307,355,305,148,127
0.097,0.686,0.072,0.85,0.046,0,0.2163,0.1908,0.086,0.06,0.674,0.255,0.782,0.702,0.607,0.573,375,358,311,278,0.563,0.248,0.712,0.615,0.457,0.307,355,305,148,127
0.114,0.735,0.132,1.69,0.290,0,0.2303,0.2013,0.040,-0.697,0.674,0.255,0.782,0.702,0.607,0.573,375,358,311,278,0.563,0.248,0.712,0.615,0.457,0.307,355,305,148,127
0.106,0.287,0.118,0.85,0.046,0,0.2399,0.2081,0.060,0.06,0.674,0.255,0.782,0.702,0.607,0.573,375,358,311,278,0.563,0.248,0.712,0.615,0.457,0.307,355,305,148,127
0.069,0.767,0.560,0.2,0.291,1,0.2376,0.2026,0.174,0.180,0.674,0.255,0.782,0.702,0.607,0.573,375,358,311,278,0.563,0.248,0.712,0.615,0.457,0.307,355,305,148,127
0.069,0.259,0.201,3.14,0.186,0,0.2234,0.1896,0.030,-0.486,0.674,0.255,0.782,0.702,0.607,0.573,375,358,311,278,0.563,0.248,0.712,0.615,0.457,0.307,355,305,148,127
0.069,0.316,0.380,1.69,0.290,0,0.2142,0.1818,0.071,-0.697,0.674,0.255,0.782,0.702,0.607,0.573,375,358,311,278,0.563,0.248,0.712,0.615,0.457,0.307,355,305,148,127
0.072,0.278,0.335,0,0.000,0,0.2068,0.1750,0.184,0.166,0.674,0.255,0.782,0.702,0.607,0.573,375,358,311,278,0.563,0.248,0.712,0.615,0.457,0.307,355,305,148,127
0.075,0.724,0.392,0,0.000,0,0.1872,0.1551,0.130,0.166,0.674,0.255,0.782,0.702,0.607,0.573,375,358,311,278,0.563,0.248,0.712,0.615,0.457,0.307,355,305,148,127
0.075,0.776,0.418,-0.52,0.062,0,0.1632,0.1306,0.178,0.341,0.674,0.255,0.782,0.702,0.607,0.573,375,358,311,278,0.563,0.248,0.712,0.615,0.457,0.307,355,305,148,127
0.076,0.768,0.363,3.14,0.186,0,0.1505,0.1155,0.102,-0.486,0.674,0.255,0.782,0.702,0.607,0.573,375,358,311,278,0.563,0.248,0.712,0.615,0.457,0.307,355,305,148,127
0.083,0.238,0.516,2.53,0.140,0,0.1483,0.1082,0.083,-0.121,0.674,0.255,0.782,0.702,0.607,0.573,375,358,311,278,0.563,0.248,0.712,0.615,0.457,0.307,355,305,148,127
0.067,0.228,0.331,-1.14,0.131,0,0.1710,0.1208,0.134,0.987,0.674,0.255,0.782,0.702,0.607,0.573,375,358,311,278,0.563,0.248,0.712,0.615,0.457,0.307,355,305,148,127
0.082,0.231,0.336,-0.42,0.180,0,0.2056,0.1427,0.417,0.318,0.674,0.255,0.782,0.702,0.607,0.573,375,358,311,278,0.563,0.248,0.712,0.615,0.457,0.307,355,305,148,127
0.082,0.189,0.143,-0.79,0.151,-1,0.2392,0.1601,0.222,0.736,0.674,0.255,0.782,0.702,0.607,0.573,375,358,311,278,0.563,0.248,0.712,0.615,0.457,0.307,355,305,148,127
0.076,0.150,0.001,2.53,0.140,0,0.2727,0.1773,0.033,-0.121,0.674,0.255,0.782,0.702,0.607,0.573,375,358,311,278,0.563,0.248,0.712,0.615,0.457,0.307,355,305,148,127
0.079,0.188,0.119,-0.79,0.151,-1,0.2977,0.1875,0.175,0.736,0.674,0.255,0.782,0.702,0.607,0.573,375,358,311,278,0.563,0.248,0.712,0.615,0.457,0.307,355,305,148,127
0.094,0.163,0.011,0.85,0.046,0,0.3227,0.1986,0.127,0.06,0.674,0.255,0.782,0.702,0.607,0.573,375,358,311,278,0.563,0.248,0.712,0.615,0.457,0.307,355,305,148,127
0.089,0.185,0.163,1.99,0.186,0,0.3472,0.2105,0.047,-0.326,0.674,0.255,0.782,0.702,0.607,0.573,375,358,311,278,0.563,0.248,0.712,0.615,0.457,0.307,355,305,148,127
0.092,0.229,0.002,1.99,0.186,0,0.3702,0.2224,0.044,-0.326,0.674,0.255,0.782,0.702,0.607,0.573,375,358,311,278,0.563,0.248,0.712,0.615,0.457,0.307,355,305,148,127
0.087,0.295,0.628,0.2,0.291,1,0.3850,0.2293,0.322,0.180,0.674,0.255,0.782,0.702,0.607,0.573,375,358,311,278,0.563,0.248,0.712,0.615,0.457,0.307,355,305,148,127
0.086,0.287,0.614,0.2,0.291,1,0.3903,0.2299,0.337,0.180,0.674,0.255,0.782,0.702,0.607,0.573,375,358,311,278,0.563,0.248,0.712,0.615,0.457,0.307,355,305,148,127
0.088,0.196,0.224,-0.79,0.151,-1,0.3766,0.2124,0.222,0.736,0.674,0.255,0.782,0.702,0.607,0.573,375,358,311,278,0.563,0.248,0.712,0.615,0.457,0.307,355,305,148,127
0.078,0.170,0.001,0.85,0.046,0,0.3565,0.1913,0.192,0.06,0.674,0.255,0.782,0.702,0.607,0.573,375,358,311,278,0.563,0.248,0.712,0.615,0.457,0.307,355,305,148,127
0.084,0.169,0.257,0.85,0.046,0,0.3448,0.1801,0.392,0.06,0.674,0.255,0.782,0.702,0.607,0.573,375,358,311,278,0.563,0.248,0.712,0.615,0.457,0.307,355,305,148,127
0.103,0.154,0.226,-1.1,0.105,-1,0.3545,0.1896,0.386,0.192,0.674,0.255,0.782,0.702,0.607,0.573,375,358,311,278,0.563,0.248,0.712,0.615,0.457,0.307,355,305,148,127
0.102,0.142,0.132,0,0.000,0,0.3632,0.1976,0.182,0.166,0.674,0.255,0.782,0.702,0.607,0.573,375,358,311,278,0.563,0.248,0.712,0.615,0.457,0.307,355,305,148,127
0.126,0.166,0.045,3.14,0.186,0,0.3740,0.2089,0.065,-0.486,0.674,0.255,0.782,0.702,0.607,0.573,375,358,311,278,0.563,0.248,0.712,0.615,0.457,0.307,355,305,148,127
0.120,0.238,0.355,-0.42,0.180,0,0.3797,0.2167,0.270,0.318,0.674,0.255,0.782,0.702,0.607,0.573,375,358,311,278,0.563,0.248,0.712,0.615,0.457,0.307,355,305,148,127
0.102,0.261,0.286,-0.52,0.062,0,0.3881,0.2249,0.191,0.341,0.674,0.255,0.782,0.702,0.607,0.573,375,358,311,278,0.563,0.248,0.712,0.615,0.457,0.307,355,305,148,127
0.083,0.209,0.322,1.99,0.186,0,0.3988,0.2376,0.091,-0.326,0.674,0.255,0.782,0.702,0.607,0.573,375,358,311,278,0.563,0.248,0.712,0.615,0.457,0.307,355,305,148,127
0.071,0.717,0.498,-0.42,0.180,0,0.3944,0.2394,0.291,0.318,0.674,0.255,0.782,0.702,0.607,0.573,375,358,311,278,0.563,0.248,0.712,0.615,0.457,0.307,355,305,148,127
0.066,0.235,0.365,0,0.000,0,0.3843,0.2316,0.256,0.166,0.674,0.255,0.782,0.702,0.607,0.573,375,358,311,278,0.563,0.248,0.712,0.615,0.457,0.307,355,305,148,127
0.080,0.764,0.453,-0.48,0.134,0,0.3576,0.2077,0.225,0.007,0.674,0.255,0.782,0.702,0.607,0.573,375,358,311,278,0.563,0.248,0.712,0.615,0.457,0.307,355,305,148,127
0.075,0.806,0.493,0.2,0.291,1,0.3130,0.1691,0.254,0.180,0.674,0.255,0.782,0.702,0.607,0.573,375,358,311,278,0.563,0.248,0.712,0.615,0.457,0.307,355,305,148,127
0.075,0.241,0.249,1.99,0.186,0,0.2758,0.1373,0.104,-0.326,0.674,0.255,0.782,0.702,0.607,0.573,375,358,311,278,0.563,0.248,0.712,0.615,0.457,0.307,355,305,148,127
0.079,0.694,0.061,1.99,0.186,0,0.2458,0.1116,0.094,-0.326,0.674,0.255,0.782,0.702,0.607,0.573,375,358,311,278,0.563,0.248,0.712,0.615,0.457,0.307,355,305,148,127
0.078,0.762,0.058,0.85,0.046,0,0.2400,0.1067,0.130,0.06,0.674,0.255,0.782,0.702,0.607,0.573,375,358,311,278,0.563,0.248,0.712,0.615,0.457,0.307,355,305,148,127
0.086,0.728,0.183,-1.14,0.131,0,0.2481,0.1165,0.190,0.987,0.674,0.255,0.782,0.702,0.607,0.573,375,358,311,278,0.563,0.248,0.712,0.615,0.457,0.307,355,305,148,127
0.085,0.752,0.333,-0.48,0.134,0,0.2530,0.1262,0.231,0.007,0.674,0.255,0.782,0.702,0.607,0.573,375,358,311,278,0.563,0.248,0.712,0.615,0.457,0.307,355,305,148,127
0.066,0.202,0.263,-0.79,0.151,-1,0.2358,0.1149,0.210,0.736,0.674,0.255,0.782,0.702,0.607,0.573,375,358,311,278,0.563,0.248,0.712,0.615,0.457,0.307,355,305,148,127
0.053,0.710,0.141,1.37,0.298,0,0.2249,0.1094,0.048,-0.510,0.674,0.255,0.782,0.702,0.607,0.573,375,358,311,278,0.563,0.248,0.712,0.615,0.457,0.307,355,305,148,127
0.070,0.199,0.321,3.14,0.186,0,0.2216,0.1106,0.030,-0.486,0.674,0.255,0.782,0.702,0.607,0.573,375,358,311,278,0.563,0.248,0.712,0.615,0.457,0.307,355,305,148,127
0.068,0.225,0.015,3.14,0.186,0,0.2364,0.1267,0.032,-0.486,0.674,0.255,0.782,0.702,0.607,0.573,375,358,311,278,0.563,0.248,0.712,0.615,0.457,0.307,355,305,148,127
0.082,0.225,0.597,-0.08,0.108,0,0.2480,0.1407,0.052,0.059,0.674,0.255,0.782,0.702,0.607,0.573,375,358,311,278,0.563,0.248,0.712,0.615,0.457,0.307,355,305,148,127
0.080,0.229,0.194,1.99,0.186,0,0.2539,0.1482,0.020,-0.326,0.674,0.255,0.782,0.702,0.607,0.573,375,358,311,278,0.563,0.248,0.712,0.615,0.457,0.307,355,305,148,127
0.077,0.315,0.756,0,0.000,0,0.2585,0.1506,0.059,0.166,0.674,0.255,0.782,0.702,0.607,0.573,375,358,311,278,0.563,0.248,0.712,0.615,0.457,0.307,355,305,148,127
0.073,0.694,0.612,2.53,0.140,0,0.2822,0.1655,0.051,-0.121,0.674,0.255,0.782,0.702,0.607,0.573,375,358,311,278,0.563,0.248,0.712,0.615,0.457,0.307,355,305,148,127
0.059,0.791,0.696,0.22,0.230,0,0.3000,0.1753,0.153,0.303,0.674,0.255,0.782,0.702,0.607,0.573,375,358,311,278,0.563,0.248,0.712,0.615,0.457,0.307,355,305,148,127
0.061,0.697,0.315,-1.1,0.105,-1,0.3121,0.1813,0.123,0.192,0.674,0.255,0.782,0.702,0.607,0.573,375,358,311,278,0.563,0.248,0.712,0.615,0.457,0.307,355,305,148,127
0.092,0.277,0.218,1.69,0.290,0,0.3341,0.1948,0.058,-0.697,0.674,0.255,0.782,0.702,0.607,0.573,375,358,311,278,0.563,0.248,0.712,0.615,0.457,0.307,355,305,148,127
0.119,0.241,0.162,-0.79,0.151,-1,0.3509,0.2052,0.413,0.736,0.674,0.255,0.782,0.702,0.607,0.573,375,358,311,278,0.563,0.248,0.712,0.615,0.457,0.307,355,305,148,127
0.126,0.275,0.354,-1.19,0.219,1,0.3634,0.2145,0.393,0.586,0.674,0.255,0.782,0.702,0.607,0.573,375,358,311,278,0.563,0.248,0.712,0.615,0.457,0.307,355,305,148,127
0.132,0.180,0.005,1.99,0.186,0,0.3734,0.2239,0.107,-0.326,0.674,0.255,0.782,0.702,0.607,0.573,375,358,311,278,0.563,0.248,0.712,0.615,0.457,0.307,355,305,148,127
0.112,0.171,0.134,0,0.000,0,0.3930,0.2433,0.274,0.166,0.674,0.255,0.782,0.702,0.607,0.573,375,358,311,278,0.563,0.248,0.712,0.615,0.457,0.307,355,305,148,127
0.118,0.174,0.299,0.85,0.046,0,0.4276,0.2761,0.360,0.06,0.674,0.255,0.782,0.702,0.607,0.573,375,358,311,278,0.563,0.248,0.712,0.615,0.457,0.307,355,305,148,127
0.123,0.186,0.308,-1.1,0.105,-1,0.4555,0.3020,0.290,0.192,0.674,0.255,0.782,0.702,0.607,0.573,375,358,311,278,0.563,0.248,0.712,0.615,0.457,0.307,355,305,148,127
0.116,0.168,0.207,-1.14,0.131,0,0.4672,0.3130,0.329,0.987,0.674,0.255,0.782,0.702,0.607,0.573,375,358,311,278,0.563,0.248,0.712,0.615,0.457,0.307,355,305,148,127
0.115,0.213,0.385,-0.79,0.151,-1,0.4507,0.2959,0.387,0.736,0.674,0.255,0.782,0.702,0.607,0.573,375,358,311,278,0.563,0.248,0.712,0.615,0.457,0.307,355,305,148,127
0.108,0.195,0.327,1.99,0.186,0,0.4396,0.2828,0.096,-0.326,0.674,0.255,0.782,0.702,0.607,0.573,375,358,311,278,0.563,0.248,0.712,0.615,0.457,0.307,355,305,148,127
0.108,0.709,0.521,-1.19,0.219,1,0.4341,0.2740,0.370,0.586,0.674,0.255,0.782,0.702,0.607,0.573,375,358,311,278,0.563,0.248,0.712,0.615,0.457,0.307,355,305,148,127
0.117,0.713,0.599,-0.52,0.062,0,0.4400,0.2765,0.263,0.341,0.674,0.255,0.782,0.702,0.607,0.573,375,358,311,278,0.563,0.248,0.712,0.615,0.457,0.307,355,305,148,127
0.140,0.763,0.731,-0.08,0.108,0,0.4473,0.2833,0.214,0.059,0.674,0.255,0.782,0.702,0.607,0.573,375,358,311,278,0.563,0.248,0.712,0.615,0.457,0.307,355,305,148,127
0.109,0.735,0.645,0,0.000,0,0.4471,0.2841,0.194,0.166,0.674,0.255,0.782,0.702,0.607,0.573,375,358,311,278,0.563,0.248,0.712,0.615,0.457,0.307,355,305,148,127
0.089,0.720,0.407,1.69,0.290,0,0.4411,0.2798,0.072,-0.697,0.674,0.255,0.782,0.702,0.607,0.573,375,358,311,278,0.563,0.248,0.712,0.615,0.457,0.307,355,305,148,127
0.084,0.230,0.358,0.85,0.046,0,0.4421,0.2829,0.073,0.06,0.674,0.255,0.782,0.702,0.607,0.573,375,358,311,278,0.563,0.248,0.712,0.615,0.457,0.307,355,305,148,127
0.086,0.305,0.723,0.2,0.291,1,0.4453,0.2887,0.305,0.180,0.674,0.255,0.782,0.702,0.607,0.573,375,358,311,278,0.563,0.248,0.712,0.615,0.457,0.307,355,305,148,127
0.061,0.184,0.495,-1.1,0.105,-1,0.4425,0.2909,0.198,0.192,0.674,0.255,0.782,0.702,0.607,0.573,375,358,311,278,0.563,0.248,0.712,0.615,0.457,0.307,355,305,148,127
0.062,0.170,0.001,1.99,0.186,0,0.4273,0.2819,0.028,-0.326,0.674,0.255,0.782,0.702,0.607,0.573,375,358,311,278,0.563,0.248,0.712,0.615,0.457,0.307,355,305,148,127
0.073,0.147,0.092,0.85,0.046,0,0.4137,0.2720,0.094,0.06,0.674,0.255,0.782,0.702,0.607,0.573,375,358,311,278,0.563,0.248,0.712,0.615,0.457,0.307,355,305,148,127
0.065,0.155,0.100,-1.1,0.105,-1,0.4012,0.2619,0.279,0.192,0.674,0.255,0.782,0.702,0.607,0.573,375,358,311,278,0.563,0.248,0.712,0.615,0.457,0.307,355,305,148,127
0.053,0.212,0.167,1.37,0.298,0,0.3757,0.2394,0.082,-0.510,0.674,0.255,0.782,0.702,0.607,0.573,375,358,311,278,0.563,0.248,0.712,0.615,0.457,0.307,355,305,148,127
0.048,0.160,0.006,3.14,0.186,0,0.3541,0.2211,0.033,-0.486,0.674,0.255,0.782,0.702,0.607,0.573,375,358,311,278,0.563,0.248,0.712,0.615,0.457,0.307,355,305,148,127
0.050,0.201,0.262,-0.42,0.180,0,0.3463,0.2162,0.287,0.318,0.674,0.255,0.782,0.702,0.607,0.573,375,358,311,278,0.563,0.248,0.712,0.615,0.457,0.307,355,305,148,127
0.049,0.181,0.081,-0.79,0.151,-1,0.3332,0.2064,0.527,0.736,0.674,0.255,0.782,0.702,0.607,0.573,375,358,311,278,0.563,0.248,0.712,0.615,0.457,0.307,355,305,148,127
0.061,0.199,0.226,-0.42,0.180,0,0.3208,0.1994,0.300,0.318,0.674,0.255,0.782,0.702,0.607,0.573,375,358,311,278,0.563,0.248,0.712,0.615,0.457,0.307,355,305,148,127
0.063,0.193,0.252,0,0.000,0,0.3044,0.1902,0.237,0.166,0.674,0.255,0.782,0.702,0.607,0.573,375,358,311,278,0.563,0.248,0.712,0.615,0.457,0.307,355,305,148,127
0.049,0.252,0.473,1.76,0.409,0,0.3018,0.1937,0.115,-0.884,0.674,0.255,0.782,0.702,0.607,0.573,375,358,311,278,0.563,0.248,0.712,0.615,0.457,0.307,355,305,148,127
0.041,0.350,0.489,-0.42,0.180,0,0.3124,0.2085,0.257,0.318,0.674,0.255,0.782,0.702,0.607,0.573,375,358,311,278,0.563,0.248,0.712,0.615,0.457,0.307,355,305,148,127
0.040,0.416,0.537,-0.08,0.108,0,0.3335,0.2347,0.165,0.059,0.674,0.255,0.782,0.702,0.607,0.573,375,358,311,278,0.563,0.248,0.712,0.615,0.457,0.307,355,305,148,127
0.042,0.764,0.600,1.37,0.298,0,0.3600,0.2634,0.121,-0.510,0.674,0.255,0.782,0.702,0.607,0.573,375,358,311,278,0.563,0.248,0.712,0.615,0.457,0.307,355,305,148,127
0.046,0.705,0.224,0,0.000,0,0.3878,0.2894,0.123,0.166,0.674,0.255,0.782,0.702,0.607,0.573,375,358,311,278,0.563,0.248,0.712,0.615,0.457,0.307,355,305,148,127
0.044,0.235,0.391,-1.1,0.105,-1,0.4143,0.3110,0.151,0.192,0.674,0.255,0.782,0.702,0.607,0.573,375,358,311,278,0.563,0.248,0.712,0.615,0.457,0.307,355,305,148,127
0.045,0.186,0.003,2.53,0.140,0,0.4322,0.3213,0.037,-0.121,0.674,0.255,0.782,0.702,0.607,0.573,375,358,311,278,0.563,0.248,0.712,0.615,0.457,0.307,355,305,148,127
0.050,0.169,0.309,2.53,0.140,0,0.4467,0.3276,0.060,-0.121,0.674,0.255,0.782,0.702,0.607,0.573,375,358,311,278,0.563,0.248,0.712,0.615,0.457,0.307,355,305,148,127
0.059,0.233,0.004,2.53,0.140,0,0.4525,0.3284,0.039,-0.121,0.674,0.255,0.782,0.702,0.607,0.573,375,358,311,278,0.563,0.248,0.712,0.615,0.457,0.307,355,305,148,127
0.062,0.285,0.591,0.2,0.291,1,0.4500,0.3227,0.106,0.180,0.674,0.255,0.782,0.702,0.607,0.573,375,358,311,278,0.563,0.248,0.712,0.615,0.457,0.307,355,305,148,127
0.059,0.274,0.340,1.69,0.290,0,0.4501,0.3196,0.030,-0.697,0.674,0.255,0.782,0.702,0.607,0.573,375,358,311,278,0.563,0.248,0.712,0.615,0.457,0.307,355,305,148,127
0.071,0.212,0.447,-0.79,0.151,-1,0.4466,0.3174,0.154,0.736,0.674,0.255,0.782,0.702,0.607,0.573,375,358,311,278,0.563,0.248,0.712,0.615,0.457,0.307,355,305,148,127
0.076,0.303,0.562,-0.42,0.180,0,0.4398,0.3144,0.254,0.318,0.674,0.255,0.782,0.702,0.607,0.573,375,358,311,278,0.563,0.248,0.712,0.615,0.457,0.307,355,305,148,127
0.081,0.341,0.726,-0.52,0.062,0,0.4356,0.3157,0.210,0.341,0.674,0.255,0.782,0.702,0.607,0.573,375,358,311,278,0.563,0.248,0.712,0.615,0.457,0.307,355,305,148,127
0.094,0.689,0.503,-0.52,0.062,0,0.4477,0.3303,0.218,0.341,0.674,0.255,0.782,0.702,0.607,0.573,375,358,311,278,0.563,0.248,0.712,0.615,0.457,0.307,355,305,148,127
0.094,0.712,0.566,-0.48,0.134,0,0.4690,0.3493,0.247,0.007,0.674,0.255,0.782,0.702,0.607,0.573,375,358,311,278,0.563,0.248,0.712,0.615,0.457,0.307,355,305,148,127
0.093,0.268,0.217,1.99,0.186,0,0.5024,0.3740,0.104,-0.326,0.674,0.255,0.782,0.702,0.607,0.573,375,358,311,278,0.563,0.248,0.712,0.615,0.457,0.307,355,305,148,127
0.093,0.756,0.645,0.22,0.230,0,0.5431,0.4028,0.188,0.303,0.674,0.255,0.782,0.702,0.607,0.573,375,358,311,278,0.563,0.248,0.712,0.615,0.457,0.307,355,305,148,127
0.079,0.724,0.485,-0.08,0.108,0,0.5880,0.4333,0.205,0.059,0.674,0.255,0.782,0.702,0.607,0.573,375,358,311,278,0.563,0.248,0.712,0.615,0.457,0.307,355,305,148,127
0.075,0.743,0.466,0,0.000,0,0.6311,0.4595,0.142,0.166,0.674,0.255,0.782,0.702,0.607,0.573,375,358,311,278,0.563,0.248,0.712,0.615,0.457,0.307,355,305,148,127
0.069,0.746,0.662,-0.42,0.180,0,0.6782,0.4871,0.222,0.318,0.674,0.255,0.782,0.702,0.607,0.573,375,358,311,278,0.563,0.248,0.712,0.615,0.457,0.307,355,305,148,127
0.084,0.746,0.837,1.69,0.290,0,0.7134,0.5051,0.049,-0.697,0.674,0.255,0.782,0.702,0.607,0.573,375,358,311,278,0.563,0.248,0.712,0.615,0.457,0.307,355,305,148,127
0.084,0.742,0.849,0.2,0.291,1,0.7467,0.5241,0.235,0.180,0.674,0.255,0.782,0.702,0.607,0.573,375,358,311,278,0.563,0.248,0.712,0.615,0.457,0.307,355,305,148,127
0.083,0.203,0.783,0.85,0.046,0,0.7862,0.5500,0.180,0.06,0.674,0.255,0.782,0.702,0.607,0.573,375,358,311,278,0.563,0.248,0.712,0.615,0.457,0.307,355,305,148,127
0.085,0.265,0.880,0.2,0.291,1,0.8019,0.5608,0.307,0.180,0.674,0.255,0.782,0.702,0.607,0.573,375,358,311,278,0.563,0.248,0.712,0.615,0.457,0.307,355,305,148,127
0.077,0.174,0.675,0,0.000,0,0.7965,0.5616,0.157,0.166,0.674,0.255,0.782,0.702,0.607,0.573,375,358,311,278,0.563,0.248,0.712,0.615,0.457,0.307,355,305,148,127
0.087,0.173,0.657,-0.08,0.108,0,0.7764,0.5552,0.208,0.059,0.674,0.255,0.782,0.702,0.607,0.573,375,358,311,278,0.563,0.248,0.712,0.615,0.457,0.307,355,305,148,127
0.087,0.184,0.497,2.53,0.140,0,0.7564,0.5494,0.156,-0.121,0.674,0.255,0.782,0.702,0.607,0.573,375,358,311,278,0.563,0.248,0.712,0.615,0.457,0.307,355,305,148,127
0.079,0.172,0.516,-0.48,0.134,0,0.7400,0.5475,0.202,0.007,0.674,0.255,0.782,0.702,0.607,0.573,375,358,311,278,0.563,0.248,0.712,0.615,0.457,0.307,355,305,148,127
0.080,0.124,0.256,-1.14,0.131,0,0.7265,0.5453,0.258,0.987,0.674,0.255,0.782,0.702,0.607,0.573,375,358,311,278,0.563,0.248,0.712,0.615,0.457,0.307,355,305,148,127
0.081,0.113,0.240,-1.1,0.105,-1,0.7131,0.5412,0.383,0.192,0.674,0.255,0.782,0.702,0.607,0.573,375,358,311,278,0.563,0.248,0.712,0.615,0.457,0.307,355,305,148,127
0.084,0.099,0.368,2.53,0.140,0,0.7105,0.5421,0.168,-0.121,0.674,0.255,0.782,0.702,0.607,0.573,375,358,311,278,0.563,0.248,0.712,0.615,0.457,0.307,355,305,148,127
0.106,0.130,0.325,-0.79,0.151,-1,0.7189,0.5484,0.408,0.736,0.674,0.255,0.782,0.702,0.607,0.573,375,358,311,278,0.563,0.248,0.712,0.615,0.457,0.307,355,305,148,127
0.098,0.158,0.383,-0.08,0.108,0,0.7455,0.5670,0.298,0.059,0.674,0.255,0.782,0.702,0.607,0.573,375,358,311,278,0.563,0.248,0.712,0.615,0.457,0.307,355,305,148,127
0.094,0.224,0.565,0.22,0.230,0,0.7740,0.5863,0.196,0.303,0.674,0.255,0.782,0.702,0.607,0.573,375,358,311,278,0.563,0.248,0.712,0.615,0.457,0.307,355,305,148,127
0.095,0.158,0.386,-1.14,0.131,0,0.7974,0.6050,0.186,0.987,0.674,0.255,0.782,0.702,0.607,0.573,375,358,311,278,0.563,0.248,0.712,0.615,0.457,0.307,355,305,148,127
0.079,0.163,0.308,-1.14,0.131,0,0.8091,0.6188,0.172,0.987,0.674,0.255,0.782,0.702,0.607,0.573,375,358,311,278,0.563,0.248,0.712,0.615,0.457,0.307,355,305,148,127
0.089,0.155,0.430,2.53,0.140,0,0.8073,0.6241,0.112,-0.121,0.674,0.255,0.782,0.702,0.607,0.573,375,358,311,278,0.563,0.248,0.712,0.615,0.457,0.307,355,305,148,127
0.090,0.138,0.527,3.14,0.186,0,0.8052,0.6300,0.079,-0.486,0.674,0.255,0.782,0.702,0.607,0.573,375,358,311,278,0.563,0.248,0.712,0.615,0.457,0.307,355,305,148,127
0.087,0.141,0.371,-1.1,0.105,-1,0.7884,0.6258,0.174,0.192,0.674,0.255,0.782,0.702,0.607,0.573,375,358,311,278,0.563,0.248,0.712,0.615,0.457,0.307,355,305,148,127
0.093,0.155,0.233,2.1,0.128,0,0.7732,0.6225,0.051,0.02,0.674,0.255,0.782,0.702,0.607,0.573,375,358,311,278,0.563,0.248,0.712,0.615,0.457,0.307,355,305,148,127
0.098,0.196,0.373,0.85,0.046,0,0.7597,0.6201,0.132,0.06,0.674,0.255,0.782,0.702,0.607,0.573,375,358,311,278,0.563,0.248,0.712,0.615,0.457,0.307,355,305,148,127
0.079,0.716,0.741,0.2,0.291,1,0.7461,0.6159,0.193,0.180,0.674,0.255,0.782,0.702,0.607,0.573,375,358,311,278,0.563,0.248,0.712,0.615,0.457,0.307,355,305,148,127
0.093,0.232,0.477,-1.14,0.131,0,0.7283,0.6090,0.212,0.987,0.674,0.255,0.782,0.702,0.607,0.573,375,358,311,278,0.563,0.248,0.712,0.615,0.457,0.307,355,305,148,127
0.100,0.687,0.628,-0.42,0.180,0,0.7106,0.5975,0.291,0.318,0.674,0.255,0.782,0.702,0.607,0.573,375,358,311,278,0.563,0.248,0.712,0.615,0.457,0.307,355,305,148,127
0.093,0.270,0.729,-0.52,0.062,0,0.6958,0.5851,0.166,0.341,0.674,0.255,0.782,0.702,0.607,0.573,375,358,311,278,0.563,0.248,0.712,0.615,0.457,0.307,355,305,148,127
0.098,0.684,0.563,-0.48,0.134,0,0.6969,0.5842,0.202,0.007,0.674,0.255,0.782,0.702,0.607,0.573,375,358,311,278,0.563,0.248,0.712,0.615,0.457,0.307,355,305,148,127
0.098,0.248,0.614,0.22,0.230,0,0.7136,0.5926,0.197,0.303,0.674,0.255,0.782,0.702,0.607,0.573,375,358,311,278,0.563,0.248,0.712,0.615,0.457,0.307,355,305,148,127
0.102,0.151,0.402,0.85,0.046,0,0.7285,0.6010,0.162,0.06,0.674,0.255,0.782,0.702,0.607,0.573,375,358,311,278,0.563,0.248,0.712,0.615,0.457,0.307,355,305,148,127
0.110,0.163,0.537,1.69,0.290,0,0.7512,0.6144,0.113,-0.697,0.674,0.255,0.782,0.702,0.607,0.573,375,358,311,278,0.563,0.248,0.712,0.615,0.457,0.307,355,305,148,127
0.110,0.146,0.489,0,0.000,0,0.7760,0.6295,0.171,0.166,0.674,0.255,0.782,0.702,0.607,0.573,375,358,311,278,0.563,0.248,0.712,0.615,0.457,0.307,355,305,148,127
0.091,0.137,0.452,0.85,0.046,0,0.8098,0.6528,0.181,0.06,0.674,0.255,0.782,0.702,0.607,0.573,375,358,311,278,0.563,0.248,0.712,0.615,0.457,0.307,355,305,148,127
0.095,0.114,0.624,-0.79,0.151,-1,0.8273,0.6640,0.275,0.736,0.674,0.255,0.782,0.702,0.607,0.573,375,358,311,278,0.563,0.248,0.712,0.615,0.457,0.307,355,305,148,127
0.096,0.089,0.508,-1.14,0.131,0,0.8315,0.6682,0.228,0.987,0.674,0.255,0.782,0.702,0.607,0.573,375,358,311,278,0.563,0.248,0.712,0.615,0.457,0.307,355,305,148,127
0.089,0.102,0.470,0,0.000,0,0.8213,0.6633,0.162,0.166,0.674,0.255,0.782,0.702,0.607,0.573,375,358,311,278,0.563,0.248,0.712,0.615,0.457,0.307,355,305,148,127
0.096,0.088,0.376,2.53,0.140,0,0.8041,0.6539,0.126,-0.121,0.674,0.255,0.782,0.702,0.607,0.573,375,358,311,278,0.563,0.248,0.712,0.615,0.457,0.307,355,305,148,127
0.093,0.107,0.434,0.85,0.046,0,0.7921,0.6488,0.106,0.06,0.674,0.255,0.782,0.702,0.607,0.573,375,358,311,278,0.563,0.248,0.712,0.615,0.457,0.307,355,305,148,127
0.113,0.112,0.386,-1.14,0.131,0,0.7882,0.6487,0.161,0.987,0.674,0.255,0.782,0.702,0.607,0.573,375,358,311,278,0.563,0.248,0.712,0.615,0.457,0.307,355,305,148,127
0.102,0.146,0.402,1.42,0.221,0,0.7976,0.6579,0.083,-0.397,0.674,0.255,0.782,0.702,0.607,0.573,375,358,311,278,0.563,0.248,0.712,0.615,0.457,0.307,355,305,148,127
0.103,0.183,0.544,-0.52,0.062,0,0.8173,0.6757,0.175,0.341,0.674,0.255,0.782,0.702,0.607,0.573,375,358,311,278,0.563,0.248,0.712,0.615,0.457,0.307,355,305,148,127
0.121,0.203,0.464,-1.1,0.105,-1,0.8534,0.7072,0.304,0.192,0.674,0.255,0.782,0.702,0.607,0.573,375,358,311,278,0.563,0.248,0.712,0.615,0.457,0.307,355,305,148,127
0.121,0.266,0.451,-0.48,0.134,0,0.8832,0.7339,0.254,0.007,0.674,0.255,0.782,0.702,0.607,0.573,375,358,311,278,0.563,0.248,0.712,0.615,0.457,0.307,355,305,148,127
0.125,0.258,0.537,-0.52,0.062,0,0.9020,0.7509,0.187,0.341,0.674,0.255,0.782,0.702,0.607,0.573,375,358,311,278,0.563,0.248,0.712,0.615,0.457,0.307,355,305,148,127
0.146,0.266,0.618,-0.52,0.062,0,0.9094,0.7621,0.168,0.341,0.674,0.255,0.782,0.702,0.607,0.573,375,358,311,278,0.563,0.248,0.712,0.615,0.457,0.307,355,305,148,127
0.147,0.688,0.572,1.37,0.298,0,0.9155,0.7725,0.122,-0.510,0.674,0.255,0.782,0.702,0.607,0.573,375,358,311,278,0.563,0.248,0.712,0.615,0.457,0.307,355,305,148,127
0.118,0.292,0.674,0.2,0.291,1,0.9178,0.7805,0.310,0.180,0.674,0.255,0.782,0.702,0.607,0.573,375,358,311,278,0.563,0.248,0.712,0.615,0.457,0.307,355,305,148,127
0.105,0.231,0.596,0,0.000,0,0.9145,0.7865,0.178,0.166,0.674,0.255,0.782,0.702,0.607,0.573,375,358,311,278,0.563,0.248,0.712,0.615,0.457,0.307,355,305,148,127
0.093,0.237,0.519,0,0.000,0,0.9024,0.7847,0.194,0.166,0.674,0.255,0.782,0.702,0.607,0.573,375,358,311,278,0.563,0.248,0.712,0.615,0.457,0.307,355,305,148,127
0.093,0.229,0.577,-0.42,0.180,0,0.8875,0.7805,0.355,0.318,0.674,0.255,0.782,0.702,0.607,0.573,375,358,311,278,0.563,0.248,0.712,0.615,0.457,0.307,355,305,148,127
0.086,0.187,0.558,0,0.000,0,0.8766,0.7790,0.233,0.166,0.674,0.255,0.782,0.702,0.607,0.573,375,358,311,278,0.563,0.248,0.712,0.615,0.457,0.307,355,305,148,127
0.085,0.213,0.475,-0.42,0.180,0,0.8627,0.7731,0.340,0.318,0.674,0.255,0.782,0.702,0.607,0.573,375,358,311,278,0.563,0.248,0.712,0.615,0.457,0.307,355,305,148,127
0.078,0.152,0.549,0,0.000,0,0.8549,0.7737,0.216,0.166,0.674,0.255,0.782,0.702,0.607,0.573,375,358,311,278,0.563,0.248,0.712,0.615,0.457,0.307,355,305,148,127
0.094,0.158,0.625,0.2,0.291,1,0.8536,0.7786,0.266,0.180,0.674,0.255,0.782,0.702,0.607,0.573,375,358,311,278,0.563,0.248,0.712,0.615,0.457,0.307,355,305,148,127
0.093,0.103,0.545,-1.14,0.131,0,0.8594,0.7909,0.237,0.987,0.674,0.255,0.782,0.702,0.607,0.573,375,358,311,278,0.563,0.248,0.712,0.615,0.457,0.307,355,305,148,127
0.084,0.084,0.248,-1.1,0.105,-1,0.8710,0.8073,0.296,0.192,0.674,0.255,0.782,0.702,0.607,0.573,375,358,311,278,0.563,0.248,0.712,0.615,0.457,0.307,355,305,148,127
0.091,0.084,0.233,-0.79,0.151,-1,0.8835,0.8215,0.320,0.736,0.674,0.255,0.782,0.702,0.607,0.573,375,358,311,278,0.563,0.248,0.712,0.615,0.457,0.307,355,305,148,127
0.071,0.104,0.491,1.37,0.298,0,0.8965,0.8361,0.146,-0.510,0.674,0.255,0.782,0.702,0.607,0.573,375,358,311,278,0.563,0.248,0.712,0.615,0.457,0.307,355,305,148,127
0.067,0.103,0.536,1.37,0.298,0,0.9135,0.8509,0.118,-0.510,0.674,0.255,0.782,0.702,0.607,0.573,375,358,311,278,0.563,0.248,0.712,0.615,0.457,0.307,355,305,148,127
0.062,0.090,0.271,-1.1,0.105,-1,0.9339,0.8690,0.299,0.192,0.674,0.255,0.782,0.702,0.607,0.573,375,358,311,278,0.563,0.248,0.712,0.615,0.457,0.307,355,305,148,127
0.067,0.089,0.309,-1.1,0.105,-1,0.9454,0.8778,0.311,0.192,0.674,0.255,0.782,0.702,0.607,0.573,375,358,311,278,0.563,0.248,0.712,0.615,0.457,0.307,355,305,148,127
0.067,0.107,0.599,0.2,0.291,1,0.9449,0.8752,0.305,0.180,0.674,0.255,0.782,0.702,0.607,0.573,375,358,311,278,0.563,0.248,0.712,0.615,0.457,0.307,355,305,148,127
0.071,0.108,0.570,1.37,0.298,0,0.9412,0.8707,0.160,-0.510,0.674,0.255,0.782,0.702,0.607,0.573,375,358,311,278,0.563,0.248,0.712,0.615,0.457,0.307,355,305,148,127
0.066,0.080,0.455,0.85,0.046,0,0.9381,0.8676,0.234,0.06,0.674,0.255,0.782,0.702,0.607,0.573,375,358,311,278,0.563,0.248,0.712,0.615,0.457,0.307,355,305,148,127
0.061,0.107,0.684,0.2,0.291,1,0.9398,0.8714,0.264,0.180,0.674,0.255,0.782,0.702,0.607,0.573,375,358,311,278,0.563,0.248,0.712,0.615,0.457,0.307,355,305,148,127
0.061,0.095,0.349,-1.14,0.131,0,0.9471,0.8821,0.279,0.987,0.674,0.255,0.782,0.702,0.607,0.573,375,358,311,278,0.563,0.248,0.712,0.615,0.457,0.307,355,305,148,127
0.061,0.116,0.545,-0.42,0.180,0,0.9533,0.8918,0.365,0.318,0.674,0.255,0.782,0.702,0.607,0.573,375,358,311,278,0.563,0.248,0.712,0.615,0.457,0.307,355,305,148,127
0.078,0.093,0.537,-0.79,0.151,-1,0.9611,0.9048,0.455,0.736,0.674,0.255,0.782,0.702,0.607,0.573,375,358,311,278,0.563,0.248,0.712,0.615,0.457,0.307,355,305,148,127
0.089,0.085,0.458,-1.1,0.105,-1,0.9691,0.9186,0.251,0.192,0.674,0.255,0.782,0.702,0.607,0.573,375,358,311,278,0.563,0.248,0.712,0.615,0.457,0.307,355,305,148,127
0.106,0.087,0.445,-1.14,0.131,0,0.9751,0.9296,0.353,0.987,0.674,0.255,0.782,0.702,0.607,0.573,375,358,311,278,0.563,0.248,0.712,0.615,0.457,0.307,355,305,148,127
0.106,0.108,0.627,0.2,0.291,1,0.9804,0.9392,0.475,0.180,0.674,0.255,0.782,0.702,0.607,0.573,375,358,311,278,0.563,0.248,0.712,0.615,0.457,0.307,355,305,148,127
0.105,0.077,0.444,0,0.000,0,0.9841,0.9456,0.331,0.166,0.674,0.255,0.782,0.702,0.607,0.573,375,358,311,278,0.563,0.248,0.712,0.615,0.457,0.307,355,305,148,127
0.105,0.083,0.410,0,0.000,0,0.9881,0.9534,0.187,0.166,0.674,0.255,0.782,0.702,0.607,0.573,375,358,311,278,0.563,0.248,0.712,0.615,0.457,0.307,355,305,148,127
0.120,0.089,0.552,-1.14,0.131,0,0.9905,0.9573,0.365,0.987,0.674,0.255,0.782,0.702,0.607,0.573,375,358,311,278,0.563,0.248,0.712,0.615,0.457,0.307,355,305,148,127
0.122,0.086,0.459,-1.1,0.105,-1,0.9910,0.9586,0.261,0.192,0.674,0.255,0.782,0.702,0.607,0.573,375,358,311,278,0.563,0.248,0.712,0.615,0.457,0.307,355,305,148,127
0.105,0.085,0.502,-1.14,0.131,0,0.9901,0.9574,0.256,0.987,0.674,0.255,0.782,0.702,0.607,0.573,375,358,311,278,0.563,0.248,0.712,0.615,0.457,0.307,355,305,148,127
0.105,0.099,0.611,-0.42,0.180,0,0.9883,0.9537,0.438,0.318,0.674,0.255,0.782,0.702,0.607,0.573,375,358,311,278,0.563,0.248,0.712,0.615,0.457,0.307,355,305,148,127
0.103,0.085,0.455,0,0.000,0,0.9884,0.9504,0.216,0.166,0.674,0.255,0.782,0.702,0.607,0.573,375,358,311,278,0.563,0.248,0.712,0.615,0.457,0.307,355,305,148,127
0.103,0.086,0.579,0,0.000,0,0.9875,0.9451,0.202,0.166,0.674,0.255,0.782,0.702,0.607,0.573,375,358,311,278,0.563,0.248,0.712,0.615,0.457,0.307,355,305,148,127
0.102,0.096,0.599,-0.52,0.062,0,0.9847,0.9379,0.337,0.341,0.674,0.255,0.782,0.702,0.607,0.573,375,358,311,278,0.563,0.248,0.712,0.615,0.457,0.307,355,305,148,127
0.109,0.091,0.529,-1.1,0.105,-1,0.9837,0.9340,0.184,0.192,0.674,0.255,0.782,0.702,0.607,0.573,375,358,311,278,0.563,0.248,0.712,0.615,0.457,0.307,355,305,148,127
0.107,0.098,0.489,-1.14,0.131,0,0.9825,0.9312,0.212,0.987,0.674,0.255,0.782,0.702,0.607,0.573,375,358,311,278,0.563,0.248,0.712,0.615,0.457,0.307,355,305,148,127
0.094,0.130,0.779,0.2,0.291,1,0.9815,0.9299,0.393,0.180,0.674,0.255,0.782,0.702,0.607,0.573,375,358,311,278,0.563,0.248,0.712,0.615,0.457,0.307,355,305,148,127
0.088,0.084,0.474,0,0.000,0,0.9793,0.9268,0.166,0.166,0.674,0.255,0.782,0.702,0.607,0.573,375,358,311,278,0.563,0.248,0.712,0.615,0.457,0.307,355,305,148,127
0.088,0.072,0.514,0,0.000,0,0.9772,0.9229,0.190,0.166,0.674,0.255,0.782,0.702,0.607,0.573,375,358,311,278,0.563,0.248,0.712,0.615,0.457,0.307,355,305,148,127
0.088,0.106,0.722,1.37,0.298,0,0.9753,0.9191,0.174,-0.510,0.674,0.255,0.782,0.702,0.607,0.573,375,358,311,278,0.563,0.248,0.712,0.615,0.457,0.307,355,305,148,127
0.088,0.085,0.438,-1.14,0.131,0,0.9729,0.9147,0.197,0.987,0.674,0.255,0.782,0.702,0.607,0.573,375,358,311,278,0.563,0.248,0.712,0.615,0.457,0.307,355,305,148,127
0.093,0.086,0.493,-1.14,0.131,0,0.9700,0.9096,0.196,0.987,0.674,0.255,0.782,0.702,0.607,0.573,375,358,311,278,0.563,0.248,0.712,0.615,0.457,0.307,355,305,148,127
0.081,0.091,0.578,-0.79,0.151,-1,0.9650,0.8991,0.381,0.736,0.674,0.255,0.782,0.702,0.607,0.573,375,358,311,278,0.563,0.248,0.712,0.615,0.457,0.307,355,305,148,127
0.076,0.098,0.459,-0.08,0.108,0,0.9604,0.8893,0.332,0.059,0.674,0.255,0.782,0.702,0.607,0.573,375,358,311,278,0.563,0.248,0.712,0.615,0.457,0.307,355,305,148,127
0.075,0.086,0.475,0,0.000,0,0.9562,0.8803,0.223,0.166,0.674,0.255,0.782,0.702,0.607,0.573,375,358,311,278,0.563,0.248,0.712,0.615,0.457,0.307,355,305,148,127
0.074,0.083,0.545,0,0.000,0,0.9547,0.8763,0.235,0.166,0.674,0.255,0.782,0.702,0.607,0.573,375,358,311,278,0.563,0.248,0.712,0.615,0.457,0.307,355,305,148,127
0.081,0.126,0.606,1.37,0.298,0,0.9564,0.8791,0.206,-0.510,0.674,0.255,0.782,0.702,0.607,0.573,375,358,311,278,0.563,0.248,0.712,0.615,0.457,0.307,355,305,148,127
0.084,0.081,0.447,-1.14,0.131,0,0.9598,0.8855,0.266,0.987,0.674,0.255,0.782,0.702,0.607,0.573,375,358,311,278,0.563,0.248,0.712,0.615,0.457,0.307,355,305,148,127
0.078,0.087,0.603,-1.14,0.131,0,0.9640,0.8942,0.260,0.987,0.674,0.255,0.782,0.702,0.607,0.573,375,358,311,278,0.563,0.248,0.712,0.615,0.457,0.307,355,305,148,127
0.074,0.117,0.713,-0.42,0.180,0,0.9680,0.9018,0.283,0.318,0.674,0.255,0.782,0.702,0.607,0.573,375,358,311,278,0.563,0.248,0.712,0.615,0.457,0.307,355,305,148,127
0.080,0.087,0.616,-1.14,0.131,0,0.9703,0.9063,0.351,0.987,0.674,0.255,0.782,0.702,0.607,0.573,375,358,311,278,0.563,0.248,0.712,0.615,0.457,0.307,355,305,148,127
0.086,0.093,0.546,0,0.000,0,0.9732,0.9120,0.279,0.166,0.674,0.255,0.782,0.702,0.607,0.573,375,358,311,278,0.563,0.248,0.712,0.615,0.457,0.307,355,305,148,127
0.086,0.100,0.638,1.37,0.298,0,0.9774,0.9212,0.183,-0.510,0.674,0.255,0.782,0.702,0.607,0.573,375,358,311,278,0.563,0.248,0.712,0.615,0.457,0.307,355,305,148,127
0.095,0.084,0.558,-1.14,0.131,0,0.9797,0.9268,0.306,0.987,0.674,0.255,0.782,0.702,0.607,0.573,375,358,311,278,0.563,0.248,0.712,0.615,0.457,0.307,355,305,148,127
0.095,0.106,0.746,0.2,0.291,1,0.9798,0.9279,0.278,0.180,0.674,0.255,0.782,0.702,0.607,0.573,375,358,311,278,0.563,0.248,0.712,0.615,0.457,0.307,355,305,148,127
0.075,0.097,0.488,-1.14,0.131,0,0.9754,0.9215,0.250,0.987,0.674,0.255,0.782,0.702,0.607,0.573,375,358,311,278,0.563,0.248,0.712,0.615,0.457,0.307,355,305,148,127
0.071,0.135,0.751,0.2,0.291,1,0.9695,0.9119,0.392,0.180,0.674,0.255,0.782,0.702,0.607,0.573,375,358,311,278,0.563,0.248,0.712,0.615,0.457,0.307,355,305,148,127
0.078,0.100,0.634,0.22,0.230,0,0.9659,0.9055,0.209,0.303,0.674,0.255,0.782,0.702,0.607,0.573,375,358,311,278,0.563,0.248,0.712,0.615,0.457,0.307,355,305,148,127
0.084,0.084,0.588,-1.14,0.131,0,0.9644,0.9030,0.309,0.987,0.674,0.255,0.782,0.702,0.607,0.573,375,358,311,278,0.563,0.248,0.712,0.615,0.457,0.307,355,305,148,127
0.078,0.082,0.606,-1.1,0.105,-1,0.9641,0.9038,0.462,0.192,0.674,0.255,0.782,0.702,0.607,0.573,375,358,311,278,0.563,0.248,0.712,0.615,0.457,0.307,355,305,148,127
0.077,0.084,0.674,-0.42,0.180,0,0.9619,0.9010,0.425,0.318,0.674,0.255,0.782,0.702,0.607,0.573,375,358,311,278,0.563,0.248,0.712,0.615,0.457,0.307,355,305,148,127
0.077,0.076,0.548,0,0.000,0,0.9598,0.8982,0.331,0.166,0.674,0.255,0.782,0.702,0.607,0.573,375,358,311,278,0.563,0.248,0.712,0.615,0.457,0.307,355,305,148,127
0.073,0.074,0.524,-1.1,0.105,-1,0.9560,0.8935,0.361,0.192,0.674,0.255,0.782,0.702,0.607,0.573,375,358,311,278,0.563,0.248,0.712,0.615,0.457,0.307,355,305,148,127
0.084,0.083,0.550,1.37,0.298,0,0.9590,0.8990,0.131,-0.510,0.674,0.255,0.782,0.702,0.607,0.573,375,358,311,278,0.563,0.248,0.712,0.615,0.457,0.307,355,305,148,127
0.090,0.072,0.584,-1.14,0.131,0,0.9623,0.9040,0.233,0.987,0.674,0.255,0.782,0.702,0.607,0.573,375,358,311,278,0.563,0.248,0.712,0.615,0.457,0.307,355,305,148,127
0.077,0.074,0.537,-0.79,0.151,-1,0.9675,0.9118,0.388,0.736,0.674,0.255,0.782,0.702,0.607,0.573,375,358,311,278,0.563,0.248,0.712,0.615,0.457,0.307,355,305,148,127
0.077,0.078,0.507,-0.42,0.180,0,0.9661,0.9117,0.223,0.318,0.674,0.255,0.782,0.702,0.607,0.573,375,358,311,278,0.563,0.248,0.712,0.615,0.457,0.307,355,305,148,127
0.060,0.072,0.474,3.14,0.186,0,0.9600,0.9049,0.097,-0.486,0.674,0.255,0.782,0.702,0.607,0.573,375,358,311,278,0.563,0.248,0.712,0.615,0.457,0.307,355,305,148,127
0.053,0.081,0.545,0,0.000,0,0.9482,0.8908,0.186,0.166,0.674,0.255,0.782,0.702,0.607,0.573,375,358,311,278,0.563,0.248,0.712,0.615,0.457,0.307,355,305,148,127
0.058,0.103,0.544,1.37,0.298,0,0.9435,0.8846,0.110,-0.510,0.674,0.255,0.782,0.702,0.607,0.573,375,358,311,278,0.563,0.248,0.712,0.615,0.457,0.307,355,305,148,127
0.062,0.080,0.434,-1.14,0.131,0,0.9384,0.8797,0.210,0.987,0.674,0.255,0.782,0.702,0.607,0.573,375,358,311,278,0.563,0.248,0.712,0.615,0.457,0.307,355,305,148,127
0.057,0.085,0.476,-1.1,0.105,-1,0.9344,0.8756,0.349,0.192,0.674,0.255,0.782,0.702,0.607,0.573,375,358,311,278,0.563,0.248,0.712,0.615,0.457,0.307,355,305,148,127
0.053,0.107,0.516,-0.42,0.180,0,0.9286,0.8680,0.368,0.318,0.674,0.255,0.782,0.702,0.607,0.573,375,358,311,278,0.563,0.248,0.712,0.615,0.457,0.307,355,305,148,127
0.045,0.092,0.592,0,0.000,0,0.9220,0.8579,0.274,0.166,0.674,0.255,0.782,0.702,0.607,0.573,375,358,311,278,0.563,0.248,0.712,0.615,0.457,0.307,355,305,148,127
0.049,0.101,0.569,0,0.000,0,0.9159,0.8486,0.235,0.166,0.674,0.255,0.782,0.702,0.607,0.573,375,358,311,278,0.563,0.248,0.712,0.615,0.457,0.307,355,305,148,127
0.053,0.126,0.602,1.37,0.298,0,0.9188,0.8512,0.158,-0.510,0.674,0.255,0.782,0.702,0.607,0.573,375,358,311,278,0.563,0.248,0.712,0.615,0.457,0.307,355,305,148,127
0.068,0.100,0.580,-1.14,0.131,0,0.9268,0.8595,0.268,0.987,0.674,0.255,0.782,0.702,0.607,0.573,375,358,311,278,0.563,0.248,0.712,0.615,0.457,0.307,355,305,148,127
0.062,0.100,0.634,-0.79,0.151,-1,0.9366,0.8707,0.387,0.736,0.674,0.255,0.782,0.702,0.607,0.573,375,358,311,278,0.563,0.248,0.712,0.615,0.457,0.307,355,305,148,127
0.061,0.128,0.649,-0.42,0.180,0,0.9420,0.8737,0.309,0.318,0.674,0.255,0.782,0.702,0.607,0.573,375,358,311,278,0.563,0.248,0.712,0.615,0.457,0.307,355,305,148,127
0.057,0.146,0.712,0.2,0.291,1,0.9439,0.8727,0.348,0.180,0.674,0.255,0.782,0.702,0.607,0.573,375,358,311,278,0.563,0.248,0.712,0.615,0.457,0.307,355,305,148,127
0.062,0.102,0.611,0,0.000,0,0.9423,0.8678,0.271,0.166,0.674,0.255,0.782,0.702,0.607,0.573,375,358,311,278,0.563,0.248,0.712,0.615,0.457,0.307,355,305,148,127
0.068,0.129,0.625,1.37,0.298,0,0.9434,0.8684,0.166,-0.510,0.674,0.255,0.782,0.702,0.607,0.573,375,358,311,278,0.563,0.248,0.712,0.615,0.457,0.307,355,305,148,127
0.072,0.094,0.547,-1.14,0.131,0,0.9478,0.8721,0.280,0.987,0.674,0.255,0.782,0.702,0.607,0.573,375,358,311,278,0.563,0.248,0.712,0.615,0.457,0.307,355,305,148,127
0.066,0.096,0.609,-0.79,0.151,-1,0.9570,0.8821,0.416,0.736,0.674,0.255,0.782,0.702,0.607,0.573,375,358,311,278,0.563,0.248,0.712,0.615,0.457,0.307,355,305,148,127
0.063,0.125,0.633,-0.42,0.180,0,0.9584,0.8816,0.355,0.318,0.674,0.255,0.782,0.702,0.607,0.573,375,358,311,278,0.563,0.248,0.712,0.615,0.457,0.307,355,305,148,127
0.059,0.134,0.722,0.2,0.291,1,0.9557,0.8766,0.363,0.180,0.674,0.255,0.782,0.702,0.607,0.573,375,358,311,278,0.563,0.248,0.712,0.615,0.457,0.307,355,305,148,127
0.064,0.101,0.638,0,0.000,0,0.9501,0.8695,0.281,0.166,0.674,0.255,0.782,0.702,0.607,0.573,375,358,311,278,0.563,0.248,0.712,0.615,0.457,0.307,355,305,148,127
0.069,0.115,0.645,1.37,0.298,0,0.9515,0.8714,0.146,-0.510,0.674,0.255,0.782,0.702,0.607,0.573,375,358,311,278,0.563,0.248,0.712,0.615,0.457,0.307,355,305,148,127
0.088,0.090,0.568,-1.14,0.131,0,0.9539,0.8759,0.320,0.987,0.674,0.255,0.782,0.702,0.607,0.573,375,358,311,278,0.563,0.248,0.712,0.615,0.457,0.307,355,305,148,127
0.093,0.091,0.626,-1.1,0.105,-1,0.9585,0.8828,0.339,0.192,0.674,0.255,0.782,0.702,0.607,0.573,375,358,311,278,0.563,0.248,0.712,0.615,0.457,0.307,355,305,148,127
0.080,0.106,0.632,-0.42,0.180,0,0.9608,0.8858,0.297,0.318,0.674,0.255,0.782,0.702,0.607,0.573,375,358,311,278,0.563,0.248,0.712,0.615,0.457,0.307,355,305,148,127
0.074,0.109,0.771,0.2,0.291,1,0.9612,0.8853,0.372,0.180,0.674,0.255,0.782,0.702,0.607,0.573,375,358,311,278,0.563,0.248,0.712,0.615,0.457,0.307,355,305,148,127
0.080,0.078,0.578,0,0.000,0,0.9596,0.8825,0.179,0.166,0.674,0.255,0.782,0.702,0.607,0.573,375,358,311,278,0.563,0.248,0.712,0.615,0.457,0.307,355,305,148,127
0.082,0.101,0.557,1.37,0.298,0,0.9610,0.8831,0.120,-0.510,0.674,0.255,0.782,0.702,0.607,0.573,375,358,311,278,0.563,0.248,0.712,0.615,0.457,0.307,355,305,148,127
0.103,0.101,0.617,-0.42,0.180,0,0.9661,0.8895,0.260,0.318,0.674,0.255,0.782,0.702,0.607,0.573,375,358,311,278,0.563,0.248,0.712,0.615,0.457,0.307,355,305,148,127
0.103,0.092,0.544,-1.1,0.105,-1,0.9736,0.9004,0.294,0.192,0.674,0.255,0.782,0.702,0.607,0.573,375,358,311,278,0.563,0.248,0.712,0.615,0.457,0.307,355,305,148,127
0.101,0.131,0.625,-0.42,0.180,0,0.9759,0.9011,0.325,0.318,0.674,0.255,0.782,0.702,0.607,0.573,375,358,311,278,0.563,0.248,0.712,0.615,0.457,0.307,355,305,148,127
0.101,0.110,0.530,0,0.000,0,0.9754,0.8978,0.244,0.166,0.674,0.255,0.782,0.702,0.607,0.573,375,358,311,278,0.563,0.248,0.712,0.615,0.457,0.307,355,305,148,127
0.101,0.139,0.710,0.2,0.291,1,0.9723,0.8906,0.290,0.180,0.674,0.255,0.782,0.702,0.607,0.573,375,358,311,278,0.563,0.248,0.712,0.615,0.457,0.307,355,305,148,127
0.101,0.111,0.592,0,0.000,0,0.9664,0.8810,0.194,0.166,0.674,0.255,0.782,0.702,0.607,0.573,375,358,311,278,0.563,0.248,0.712,0.615,0.457,0.307,355,305,148,127
0.100,0.124,0.590,1.37,0.298,0,0.9651,0.8784,0.145,-0.510,0.674,0.255,0.782,0.702,0.607,0.573,375,358,311,278,0.563,0.248,0.712,0.615,0.457,0.307,355,305,148,127
0.099,0.105,0.554,-1.14,0.131,0,0.9667,0.8815,0.214,0.987,0.674,0.255,0.782,0.702,0.607,0.573,375,358,311,278,0.563,0.248,0.712,0.615,0.457,0.307,355,305,148,127
0.085,0.107,0.507,-1.1,0.105,-1,0.9671,0.8825,0.331,0.192,0.674,0.255,0.782,0.702,0.607,0.573,375,358,311,278,0.563,0.248,0.712,0.615,0.457,0.307,355,305,148,127
0.067,0.133,0.591,-0.42,0.180,0,0.9662,0.8802,0.339,0.318,0.674,0.255,0.782,0.702,0.607,0.573,375,358,311,278,0.563,0.248,0.712,0.615,0.457,0.307,355,305,148,127
0.073,0.105,0.606,0,0.000,0,0.9649,0.8763,0.271,0.166,0.674,0.255,0.782,0.702,0.607,0.573,375,358,311,278,0.563,0.248,0.712,0.615,0.457,0.307,355,305,148,127
0.079,0.109,0.577,-0.42,0.180,0,0.9643,0.8739,0.372,0.318,0.674,0.255,0.782,0.702,0.607,0.573,375,358,311,278,0.563,0.248,0.712,0.615,0.457,0.307,355,305,148,127
0.078,0.089,0.622,0,0.000,0,0.9656,0.8765,0.197,0.166,0.674,0.255,0.782,0.702,0.607,0.573,375,358,311,278,0.563,0.248,0.712,0.615,0.457,0.307,355,305,148,127
0.077,0.086,0.526,0,0.000,0,0.9660,0.8767,0.259,0.166,0.674,0.255,0.782,0.702,0.607,0.573,375,358,311,278,0.563,0.248,0.712,0.615,0.457,0.307,355,305,148,127
0.076,0.133,0.616,1.37,0.298,0,0.9694,0.8812,0.184,-0.510,0.674,0.255,0.782,0.702,0.607,0.573,375,358,311,278,0.563,0.248,0.712,0.615,0.457,0.307,355,305,148,127
0.077,0.105,0.601,-1.14,0.131,0,0.9722,0.8822,0.196,0.987,0.674,0.255,0.782,0.702,0.607,0.573,375,358,311,278,0.563,0.248,0.712,0.615,0.457,0.307,355,305,148,127
0.072,0.109,0.582,-1.14,0.131,0,0.9760,0.8822,0.207,0.987,0.674,0.255,0.782,0.702,0.607,0.573,375,358,311,278,0.563,0.248,0.712,0.615,0.457,0.307,355,305,148,127
0.082,0.089,0.524,-1.14,0.131,0,0.9722,0.8687,0.316,0.987,0.674,0.255,0.782,0.702,0.607,0.573,375,358,311,278,0.563,0.248,0.712,0.615,0.457,0.307,355,305,148,127
0.082,0.090,0.571,1.37,0.298,0,0.9647,0.8506,0.255,-0.510,0.674,0.255,0.782,0.702,0.607,0.573,375,358,311,278,0.563,0.248,0.712,0.615,0.457,0.307,355,305,148,127
0.086,0.072,0.400,-0.79,0.151,-1,0.9609,0.8380,0.451,0.736,0.674,0.255,0.782,0.702,0.607,0.573,375,358,311,278,0.563,0.248,0.712,0.615,0.457,0.307,355,305,148,127
0.090,0.093,0.478,-0.42,0.180,0,0.9571,0.8232,0.397,0.318,0.674,0.255,0.782,0.702,0.607,0.573,375,358,311,278,0.563,0.248,0.712,0.615,0.457,0.307,355,305,148,127
0.090,0.112,0.691,0.2,0.291,1,0.9475,0.7987,0.288,0.180,0.674,0.255,0.782,0.702,0.607,0.573,375,358,311,278,0.563,0.248,0.712,0.615,0.457,0.307,355,305,148,127
0.082,0.083,0.558,-1.14,0.131,0,0.9333,0.7678,0.284,0.987,0.674,0.255,0.782,0.702,0.607,0.573,375,358,311,278,0.563,0.248,0.712,0.615,0.457,0.307,355,305,148,127
0.082,0.088,0.646,-1.14,0.131,0,0.9227,0.7418,0.317,0.987,0.674,0.255,0.782,0.702,0.607,0.573,375,358,311,278,0.563,0.248,0.712,0.615,0.457,0.307,355,305,148,127
0.081,0.082,0.549,2.53,0.140,0,0.9163,0.7241,0.181,-0.121,0.674,0.255,0.782,0.702,0.607,0.573,375,358,311,278,0.563,0.248,0.712,0.615,0.457,0.307,355,305,148,127
0.087,0.104,0.628,-0.52,0.062,0,0.9126,0.7129,0.215,0.341,0.674,0.255,0.782,0.702,0.607,0.573,375,358,311,278,0.563,0.248,0.712,0.615,0.457,0.307,355,305,148,127
0.093,0.094,0.501,-1.14,0.131,0,0.9138,0.7104,0.323,0.987,0.674,0.255,0.782,0.702,0.607,0.573,375,358,311,278,0.563,0.248,0.712,0.615,0.457,0.307,355,305,148,127
0.087,0.101,0.521,0,0.000,0,0.9121,0.7055,0.127,0.166,0.674,0.255,0.782,0.702,0.607,0.573,375,358,311,278,0.563,0.248,0.712,0.615,0.457,0.307,355,305,148,127
0.087,0.095,0.461,-1.14,0.131,0,0.9045,0.6943,0.257,0.987,0.674,0.255,0.782,0.702,0.607,0.573,375,358,311,278,0.563,0.248,0.712,0.615,0.457,0.307,355,305,148,127
0.095,0.093,0.523,0.85,0.046,0,0.9016,0.6876,0.187,0.06,0.674,0.255,0.782,0.702,0.607,0.573,375,358,311,278,0.563,0.248,0.712,0.615,0.457,0.307,355,305,148,127
0.119,0.087,0.572,0.85,0.046,0,0.8993,0.6834,0.170,0.06,0.674,0.255,0.782,0.702,0.607,0.573,375,358,311,278,0.563,0.248,0.712,0.615,0.457,0.307,355,305,148,127
0.110,0.079,0.449,0,0.000,0,0.8938,0.6736,0.117,0.166,0.674,0.255,0.782,0.702,0.607,0.573,375,358,311,278,0.563,0.248,0.712,0.615,0.457,0.307,355,305,148,127
0.110,0.094,0.654,1.37,0.298,0,0.8880,0.6654,0.156,-0.510,0.674,0.255,0.782,0.702,0.607,0.573,375,358,311,278,0.563,0.248,0.712,0.615,0.457,0.307,355,305,148,127
0.111,0.076,0.559,0,0.000,0,0.8765,0.6501,0.128,0.166,0.674,0.255,0.782,0.702,0.607,0.573,375,358,311,278,0.563,0.248,0.712,0.615,0.457,0.307,355,305,148,127
0.122,0.080,0.483,0.85,0.046,0,0.8680,0.6389,0.083,0.06,0.674,0.255,0.782,0.702,0.607,0.573,375,358,311,278,0.563,0.248,0.712,0.615,0.457,0.307,355,305,148,127
0.125,0.077,0.564,-1.14,0.131,0,0.8512,0.6186,0.194,0.987,0.674,0.255,0.782,0.702,0.607,0.573,375,358,311,278,0.563,0.248,0.712,0.615,0.457,0.307,355,305,148,127
0.121,0.077,0.381,0,0.000,0,0.8337,0.6000,0.108,0.166,0.674,0.255,0.782,0.702,0.607,0.573,375,358,311,278,0.563,0.248,0.712,0.615,0.457,0.307,355,305,148,127
0.113,0.100,0.462,1.37,0.298,0,0.8238,0.5900,0.137,-0.510,0.674,0.255,0.782,0.702,0.607,0.573,375,358,311,278,0.563,0.248,0.712,0.615,0.457,0.307,355,305,148,127
0.113,0.081,0.364,-1.1,0.105,-1,0.8227,0.5898,0.200,0.192,0.674,0.255,0.782,0.702,0.607,0.573,375,358,311,278,0.563,0.248,0.712,0.615,0.457,0.307,355,305,148,127
0.113,0.113,0.499,-0.42,0.180,0,0.8241,0.5902,0.255,0.318,0.674,0.255,0.782,0.702,0.607,0.573,375,358,311,278,0.563,0.248,0.712,0.615,0.457,0.307,355,305,148,127
0.118,0.095,0.523,0,0.000,0,0.8279,0.5909,0.151,0.166,0.674,0.255,0.782,0.702,0.607,0.573,375,358,311,278,0.563,0.248,0.712,0.615,0.457,0.307,355,305,148,127
0.112,0.120,0.580,1.37,0.298,0,0.8418,0.6034,0.124,-0.510,0.674,0.255,0.782,0.702,0.607,0.573,375,358,311,278,0.563,0.248,0.712,0.615,0.457,0.307,355,305,148,127
0.112,0.101,0.702,0.2,0.291,1,0.8591,0.6228,0.183,0.180,0.674,0.255,0.782,0.702,0.607,0.573,375,358,311,278,0.563,0.248,0.712,0.615,0.457,0.307,355,305,148,127
0.128,0.101,0.658,-0.42,0.180,0,0.8857,0.6503,0.215,0.318,0.674,0.255,0.782,0.702,0.607,0.573,375,358,311,278,0.563,0.248,0.712,0.615,0.457,0.307,355,305,148,127
0.128,0.104,0.750,-0.52,0.062,0,0.9110,0.6755,0.169,0.341,0.674,0.255,0.782,0.702,0.607,0.573,375,358,311,278,0.563,0.248,0.712,0.615,0.457,0.307,355,305,148,127
0.124,0.094,0.662,0,0.000,0,0.9211,0.6852,0.166,0.166,0.674,0.255,0.782,0.702,0.607,0.573,375,358,311,278,0.563,0.248,0.712,0.615,0.457,0.307,355,305,148,127
0.124,0.080,0.617,0,0.000,0,0.9218,0.6863,0.100,0.166,0.674,0.255,0.782,0.702,0.607,0.573,375,358,311,278,0.563,0.248,0.712,0.615,0.457,0.307,355,305,148,127
0.124,0.116,0.632,1.37,0.298,0,0.9209,0.6861,0.176,-0.510,0.674,0.255,0.782,0.702,0.607,0.573,375,358,311,278,0.563,0.248,0.712,0.615,0.457,0.307,355,305,148,127
0.124,0.084,0.483,0,0.000,0,0.9146,0.6793,0.069,0.166,0.674,0.255,0.782,0.702,0.607,0.573,375,358,311,278,0.563,0.248,0.712,0.615,0.457,0.307,355,305,148,127
0.131,0.083,0.394,-1.14,0.131,0,0.9095,0.6711,0.136,0.987,0.674,0.255,0.782,0.702,0.607,0.573,375,358,311,278,0.563,0.248,0.712,0.615,0.457,0.307,355,305,148,127
0.138,0.103,0.592,-0.52,0.062,0,0.8957,0.6530,0.095,0.341,0.674,0.255,0.782,0.702,0.607,0.573,375,358,311,278,0.563,0.248,0.712,0.615,0.457,0.307,355,305,148,127
0.121,0.092,0.430,-1.14,0.131,0,0.8777,0.6284,0.239,0.987,0.674,0.255,0.782,0.702,0.607,0.573,375,358,311,278,0.563,0.248,0.712,0.615,0.457,0.307,355,305,148,127
0.138,0.097,0.429,0,0.000,0,0.8651,0.6090,0.204,0.166,0.674,0.255,0.782,0.702,0.607,0.573,375,358,311,278,0.563,0.248,0.712,0.615,0.457,0.307,355,305,148,127
0.109,0.093,0.504,0,0.000,0,0.8540,0.5932,0.155,0.166,0.674,0.255,0.782,0.702,0.607,0.573,375,358,311,278,0.563,0.248,0.712,0.615,0.457,0.307,355,305,148,127
0.100,0.096,0.590,0,0.000,0,0.8499,0.5896,0.163,0.166,0.674,0.255,0.782,0.702,0.607,0.573,375,358,311,278,0.563,0.248,0.712,0.615,0.457,0.307,355,305,148,127
0.097,0.101,0.511,-0.42,0.180,0,0.8476,0.5890,0.159,0.318,0.674,0.255,0.782,0.702,0.607,0.573,375,358,311,278,0.563,0.248,0.712,0.615,0.457,0.307,355,305,148,127
0.099,0.086,0.470,-1.14,0.131,0,0.8486,0.5941,0.145,0.987,0.674,0.255,0.782,0.702,0.607,0.573,375,358,311,278,0.563,0.248,0.712,0.615,0.457,0.307,355,305,148,127
0.099,0.087,0.548,0,0.000,0,0.8480,0.5987,0.078,0.166,0.674,0.255,0.782,0.702,0.607,0.573,375,358,311,278,0.563,0.248,0.712,0.615,0.457,0.307,355,305,148,127
0.106,0.100,0.591,1.37,0.298,0,0.8500,0.6060,0.119,-0.510,0.674,0.255,0.782,0.702,0.607,0.573,375,358,311,278,0.563,0.248,0.712,0.615,0.457,0.307,355,305,148,127
0.104,0.087,0.588,0,0.000,0,0.8618,0.6210,0.065,0.166,0.674,0.255,0.782,0.702,0.607,0.573,375,358,311,278,0.563,0.248,0.712,0.615,0.457,0.307,355,305,148,127
0.114,0.089,0.684,0,0.000,0,0.8738,0.6380,0.060,0.166,0.674,0.255,0.782,0.702,0.607,0.573,375,358,311,278,0.563,0.248,0.712,0.615,0.457,0.307,355,305,148,127
0.116,0.098,0.654,1.37,0.298,0,0.8813,0.6524,0.150,-0.510,0.674,0.255,0.782,0.702,0.607,0.573,375,358,311,278,0.563,0.248,0.712,0.615,0.457,0.307,355,305,148,127
0.099,0.083,0.606,0,0.000,0,0.8770,0.6558,0.063,0.166,0.674,0.255,0.782,0.702,0.607,0.573,375,358,311,278,0.563,0.248,0.712,0.615,0.457,0.307,355,305,148,127
0.078,0.081,0.508,-0.79,0.151,-1,0.8610,0.6482,0.193,0.736,0.674,0.255,0.782,0.702,0.607,0.573,375,358,311,278,0.563,0.248,0.712,0.615,0.457,0.307,355,305,148,127
0.078,0.113,0.573,1.37,0.298,0,0.8370,0.6347,0.140,-0.510,0.674,0.255,0.782,0.702,0.607,0.573,375,358,311,278,0.563,0.248,0.712,0.615,0.457,0.307,355,305,148,127
0.081,0.107,0.486,0,0.000,0,0.8116,0.6220,0.105,0.166,0.674,0.255,0.782,0.702,0.607,0.573,375,358,311,278,0.563,0.248,0.712,0.615,0.457,0.307,355,305,148,127
0.074,0.109,0.638,0.2,0.291,1,0.7942,0.6168,0.308,0.180,0.674,0.255,0.782,0.702,0.607,0.573,375,358,311,278,0.563,0.248,0.712,0.615,0.457,0.307,355,305,148,127
0.078,0.080,0.656,0,0.000,0,0.7865,0.6175,0.113,0.166,0.674,0.255,0.782,0.702,0.607,0.573,375,358,311,278,0.563,0.248,0.712,0.615,0.457,0.307,355,305,148,127
0.073,0.078,0.508,-1.14,0.131,0,0.7816,0.6188,0.269,0.987,0.674,0.255,0.782,0.702,0.607,0.573,375,358,311,278,0.563,0.248,0.712,0.615,0.457,0.307,355,305,148,127
0.086,0.085,0.579,0.85,0.046,0,0.7868,0.6265,0.200,0.06,0.674,0.255,0.782,0.702,0.607,0.573,375,358,311,278,0.563,0.248,0.712,0.615,0.457,0.307,355,305,148,127
0.086,0.112,0.618,0.2,0.291,1,0.8037,0.6440,0.263,0.180,0.674,0.255,0.782,0.702,0.607,0.573,375,358,311,278,0.563,0.248,0.712,0.615,0.457,0.307,355,305,148,127
0.081,0.102,0.580,0.22,0.230,0,0.8310,0.6704,0.202,0.303,0.674,0.255,0.782,0.702,0.607,0.573,375,358,311,278,0.563,0.248,0.712,0.615,0.457,0.307,355,305,148,127
0.087,0.082,0.440,-0.79,0.151,-1,0.8649,0.7036,0.418,0.736,0.674,0.255,0.782,0.702,0.607,0.573,375,358,311,278,0.563,0.248,0.712,0.615,0.457,0.307,355,305,148,127
0.087,0.079,0.477,-0.79,0.151,-1,0.9019,0.7427,0.446,0.736,0.674,0.255,0.782,0.702,0.607,0.573,375,358,311,278,0.563,0.248,0.712,0.615,0.457,0.307,355,305,148,127
0.102,0.090,0.300,0,0.000,0,0.9332,0.7793,0.198,0.166,0.674,0.255,0.782,0.702,0.607,0.573,375,358,311,278,0.563,0.248,0.712,0.615,0.457,0.307,355,305,148,127
0.109,0.096,0.411,-0.52,0.062,0,0.9487,0.8024,0.181,0.341,0.674,0.255,0.782,0.702,0.607,0.573,375,358,311,278,0.563,0.248,0.712,0.615,0.457,0.307,355,305,148,127
0.087,0.096,0.491,1.37,0.298,0,0.9550,0.8183,0.166,-0.510,0.674,0.255,0.782,0.702,0.607,0.573,375,358,311,278,0.563,0.248,0.712,0.615,0.457,0.307,355,305,148,127
0.081,0.082,0.389,2.53,0.140,0,0.9621,0.8323,0.083,-0.121,0.674,0.255,0.782,0.702,0.607,0.573,375,358,311,278,0.563,0.248,0.712,0.615,0.457,0.307,355,305,148,127
0.082,0.093,0.431,-1.14,0.131,0,0.9672,0.8424,0.170,0.987,0.674,0.255,0.782,0.702,0.607,0.573,375,358,311,278,0.563,0.248,0.712,0.615,0.457,0.307,355,305,148,127
0.082,0.099,0.483,-0.52,0.062,0,0.9657,0.8460,0.323,0.341,0.674,0.255,0.782,0.702,0.607,0.573,375,358,311,278,0.563,0.248,0.712,0.615,0.457,0.307,355,305,148,127
0.082,0.091,0.509,0,0.000,0,0.9625,0.8446,0.169,0.166,0.674,0.255,0.782,0.702,0.607,0.573,375,358,311,278,0.563,0.248,0.712,0.615,0.457,0.307,355,305,148,127
0.070,0.084,0.561,-1.14,0.131,0,0.9607,0.8418,0.311,0.987,0.674,0.255,0.782,0.702,0.607,0.573,375,358,311,278,0.563,0.248,0.712,0.615,0.457,0.307,355,305,148,127
0.062,0.097,0.573,-1.14,0.131,0,0.9538,0.8329,0.394,0.987,0.674,0.255,0.782,0.702,0.607,0.573,375,358,311,278,0.563,0.248,0.712,0.615,0.457,0.307,355,305,148,127
0.074,0.094,0.575,0,0.000,0,0.9507,0.8308,0.213,0.166,0.674,0.255,0.782,0.702,0.607,0.573,375,358,311,278,0.563,0.248,0.712,0.615,0.457,0.307,355,305,148,127
0.088,0.085,0.440,-1.14,0.131,0,0.9536,0.8369,0.361,0.987,0.674,0.255,0.782,0.702,0.607,0.573,375,358,311,278,0.563,0.248,0.712,0.615,0.457,0.307,355,305,148,127
0.088,0.081,0.520,-1.14,0.131,0,0.9568,0.8427,0.411,0.987,0.674,0.255,0.782,0.702,0.607,0.573,375,358,311,278,0.563,0.248,0.712,0.615,0.457,0.307,355,305,148,127
0.086,0.076,0.498,-0.79,0.151,-1,0.9593,0.8479,0.496,0.736,0.674,0.255,0.782,0.702,0.607,0.573,375,358,311,278,0.563,0.248,0.712,0.615,0.457,0.307,355,305,148,127
0.086,0.087,0.538,-0.42,0.180,0,0.9626,0.8538,0.362,0.318,0.674,0.255,0.782,0.702,0.607,0.573,375,358,311,278,0.563,0.248,0.712,0.615,0.457,0.307,355,305,148,127
0.082,0.087,0.623,0.2,0.291,1,0.9658,0.8603,0.268,0.180,0.674,0.255,0.782,0.702,0.607,0.573,375,358,311,278,0.563,0.248,0.712,0.615,0.457,0.307,355,305,148,127
0.083,0.074,0.517,-1.14,0.131,0,0.9639,0.8617,0.296,0.987,0.674,0.255,0.782,0.702,0.607,0.573,375,358,311,278,0.563,0.248,0.712,0.615,0.457,0.307,355,305,148,127
0.081,0.078,0.518,0.85,0.046,0,0.9632,0.8615,0.270,0.06,0.674,0.255,0.782,0.702,0.607,0.573,375,358,311,278,0.563,0.248,0.712,0.615,0.457,0.307,355,305,148,127
0.070,0.088,0.609,1.37,0.298,0,0.9627,0.8611,0.157,-0.510,0.674,0.255,0.782,0.702,0.607,0.573,375,358,311,278,0.563,0.248,0.712,0.615,0.457,0.307,355,305,148,127
0.071,0.083,0.437,-1.14,0.131,0,0.9610,0.8572,0.257,0.987,0.674,0.255,0.782,0.702,0.607,0.573,375,358,311,278,0.563,0.248,0.712,0.615,0.457,0.307,355,305,148,127
0.072,0.081,0.531,-1.1,0.105,-1,0.9536,0.8467,0.399,0.192,0.674,0.255,0.782,0.702,0.607,0.573,375,358,311,278,0.563,0.248,0.712,0.615,0.457,0.307,355,305,148,127
0.072,0.088,0.608,-0.42,0.180,0,0.9295,0.8203,0.374,0.318,0.674,0.255,0.782,0.702,0.607,0.573,375,358,311,278,0.563,0.248,0.712,0.615,0.457,0.307,355,305,148,127
0.076,0.083,0.599,0,0.000,0,0.9039,0.7924,0.289,0.166,0.674,0.255,0.782,0.702,0.607,0.573,375,358,311,278,0.563,0.248,0.712,0.615,0.457,0.307,355,305,148,127
0.075,0.080,0.587,0,0.000,0,0.8820,0.7682,0.148,0.166,0.674,0.255,0.782,0.702,0.607,0.573,375,358,311,278,0.563,0.248,0.712,0.615,0.457,0.307,355,305,148,127
0.088,0.084,0.682,1.37,0.298,0,0.8665,0.7518,0.162,-0.510,0.674,0.255,0.782,0.702,0.607,0.573,375,358,311,278,0.563,0.248,0.712,0.615,0.457,0.307,355,305,148,127
0.081,0.076,0.436,-1.1,0.105,-1,0.8515,0.7355,0.233,0.192,0.674,0.255,0.782,0.702,0.607,0.573,375,358,311,278,0.563,0.248,0.712,0.615,0.457,0.307,355,305,148,127
0.080,0.093,0.444,-0.42,0.180,0,0.8453,0.7255,0.281,0.318,0.674,0.255,0.782,0.702,0.607,0.573,375,358,311,278,0.563,0.248,0.712,0.615,0.457,0.307,355,305,148,127
0.087,0.085,0.443,0,0.000,0,0.8279,0.7073,0.141,0.166,0.674,0.255,0.782,0.702,0.607,0.573,375,358,311,278,0.563,0.248,0.712,0.615,0.457,0.307,355,305,148,127
0.084,0.095,0.441,1.37,0.298,0,0.8186,0.6965,0.118,-0.510,0.674,0.255,0.782,0.702,0.607,0.573,375,358,311,278,0.563,0.248,0.712,0.615,0.457,0.307,355,305,148,127
0.090,0.088,0.467,-0.42,0.180,0,0.8158,0.6921,0.207,0.318,0.674,0.255,0.782,0.702,0.607,0.573,375,358,311,278,0.563,0.248,0.712,0.615,0.457,0.307,355,305,148,127
0.084,0.092,0.441,-0.42,0.180,0,0.8140,0.6875,0.252,0.318,0.674,0.255,0.782,0.702,0.607,0.573,375,358,311,278,0.563,0.248,0.712,0.615,0.457,0.307,355,305,148,127
0.089,0.083,0.454,0,0.000,0,0.8085,0.6771,0.150,0.166,0.674,0.255,0.782,0.702,0.607,0.573,375,358,311,278,0.563,0.248,0.712,0.615,0.457,0.307,355,305,148,127
0.094,0.080,0.412,0.85,0.046,0,0.8021,0.6653,0.088,0.06,0.674,0.255,0.782,0.702,0.607,0.573,375,358,311,278,0.563,0.248,0.712,0.615,0.457,0.307,355,305,148,127
0.094,0.084,0.499,-0.08,0.108,0,0.7915,0.6506,0.141,0.059,0.674,0.255,0.782,0.702,0.607,0.573,375,358,311,278,0.563,0.248,0.712,0.615,0.457,0.307,355,305,148,127
0.093,0.081,0.515,-0.08,0.108,0,0.7756,0.6320,0.138,0.059,0.674,0.255,0.782,0.702,0.607,0.573,375,358,311,278,0.563,0.248,0.712,0.615,0.457,0.307,355,305,148,127
0.100,0.081,0.574,1.37,0.298,0,0.7561,0.6124,0.114,-0.510,0.674,0.255,0.782,0.702,0.607,0.573,375,358,311,278,0.563,0.248,0.712,0.615,0.457,0.307,355,305,148,127
0.093,0.080,0.428,0,0.000,0,0.7344,0.5908,0.127,0.166,0.674,0.255,0.782,0.702,0.607,0.573,375,358,311,278,0.563,0.248,0.712,0.615,0.457,0.307,355,305,148,127
0.091,0.093,0.545,0.2,0.291,1,0.7321,0.5819,0.198,0.180,0.674,0.255,0.782,0.702,0.607,0.573,375,358,311,278,0.563,0.248,0.712,0.615,0.457,0.307,355,305,148,127
0.093,0.095,0.494,-0.42,0.180,0,0.7288,0.5724,0.254,0.318,0.674,0.255,0.782,0.702,0.607,0.573,375,358,311,278,0.563,0.248,0.712,0.615,0.457,0.307,355,305,148,127
0.093,0.079,0.462,-1.1,0.105,-1,0.7128,0.5528,0.177,0.192,0.674,0.255,0.782,0.702,0.607,0.573,375,358,311,278,0.563,0.248,0.712,0.615,0.457,0.307,355,305,148,127
0.091,0.089,0.634,1.37,0.298,0,0.7062,0.5418,0.134,-0.510,0.674,0.255,0.782,0.702,0.607,0.573,375,358,311,278,0.563,0.248,0.712,0.615,0.457,0.307,355,305,148,127
0.076,0.081,0.438,0,0.000,0,0.7124,0.5417,0.212,0.166,0.674,0.255,0.782,0.702,0.607,0.573,375,358,311,278,0.563,0.248,0.712,0.615,0.457,0.307,355,305,148,127
0.079,0.079,0.433,0,0.000,0,0.7309,0.5529,0.180,0.166,0.674,0.255,0.782,0.702,0.607,0.573,375,358,311,278,0.563,0.248,0.712,0.615,0.457,0.307,355,305,148,127
0.075,0.077,0.587,0,0.000,0,0.7434,0.5608,0.162,0.166,0.674,0.255,0.782,0.702,0.607,0.573,375,358,311,278,0.563,0.248,0.712,0.615,0.457,0.307,355,305,148,127
0.082,0.075,0.414,0.85,0.046,0,0.7569,0.5714,0.177,0.06,0.674,0.255,0.782,0.702,0.607,0.573,375,358,311,278,0.563,0.248,0.712,0.615,0.457,0.307,355,305,148,127
0.086,0.076,0.554,-1.1,0.105,-1,0.7539,0.5709,0.193,0.192,0.674,0.255,0.782,0.702,0.607,0.573,375,358,311,278,0.563,0.248,0.712,0.615,0.457,0.307,355,305,148,127
0.093,0.092,0.618,1.37,0.298,0,0.7499,0.5699,0.075,-0.510,0.674,0.255,0.782,0.702,0.607,0.573,375,358,311,278,0.563,0.248,0.712,0.615,0.457,0.307,355,305,148,127
0.093,0.087,0.444,-0.08,0.108,0,0.7460,0.5699,0.144,0.059,0.674,0.255,0.782,0.702,0.607,0.573,375,358,311,278,0.563,0.248,0.712,0.615,0.457,0.307,355,305,148,127
0.079,0.092,0.634,0.2,0.291,1,0.7511,0.5746,0.222,0.180,0.674,0.255,0.782,0.702,0.607,0.573,375,358,311,278,0.563,0.248,0.712,0.615,0.457,0.307,355,305,148,127
0.083,0.088,0.656,1.37,0.298,0,0.7487,0.5730,0.096,-0.510,0.674,0.255,0.782,0.702,0.607,0.573,375,358,311,278,0.563,0.248,0.712,0.615,0.457,0.307,355,305,148,127
0.082,0.079,0.568,-0.08,0.108,0,0.7402,0.5656,0.161,0.059,0.674,0.255,0.782,0.702,0.607,0.573,375,358,311,278,0.563,0.248,0.712,0.615,0.457,0.307,355,305,148,127
0.089,0.078,0.345,-0.79,0.151,-1,0.7382,0.5644,0.423,0.736,0.674,0.255,0.782,0.702,0.607,0.573,375,358,311,278,0.563,0.248,0.712,0.615,0.457,0.307,355,305,148,127
0.089,0.083,0.461,-0.52,0.062,0,0.7376,0.5666,0.208,0.341,0.674,0.255,0.782,0.702,0.607,0.573,375,358,311,278,0.563,0.248,0.712,0.615,0.457,0.307,355,305,148,127
0.089,0.080,0.363,-1.14,0.131,0,0.7340,0.5678,0.256,0.987,0.674,0.255,0.782,0.702,0.607,0.573,375,358,311,278,0.563,0.248,0.712,0.615,0.457,0.307,355,305,148,127
0.089,0.091,0.482,0.2,0.291,1,0.7289,0.5667,0.332,0.180,0.674,0.255,0.782,0.702,0.607,0.573,375,358,311,278,0.563,0.248,0.712,0.615,0.457,0.307,355,305,148,127
0.079,0.069,0.516,2.53,0.140,0,0.7445,0.5793,0.092,-0.121,0.674,0.255,0.782,0.702,0.607,0.573,375,358,311,278,0.563,0.248,0.712,0.615,0.457,0.307,355,305,148,127
0.083,0.074,0.227,-1.14,0.131,0,0.7534,0.5855,0.232,0.987,0.674,0.255,0.782,0.702,0.607,0.573,375,358,311,278,0.563,0.248,0.712,0.615,0.457,0.307,355,305,148,127
0.075,0.083,0.452,0,0.000,0,0.7654,0.5928,0.165,0.166,0.674,0.255,0.782,0.702,0.607,0.573,375,358,311,278,0.563,0.248,0.712,0.615,0.457,0.307,355,305,148,127
0.076,0.093,0.552,1.37,0.298,0,0.7732,0.5995,0.169,-0.510,0.674,0.255,0.782,0.702,0.607,0.573,375,358,311,278,0.563,0.248,0.712,0.615,0.457,0.307,355,305,148,127
0.073,0.095,0.421,0.85,0.046,0,0.7843,0.6092,0.104,0.06,0.674,0.255,0.782,0.702,0.607,0.573,375,358,311,278,0.563,0.248,0.712,0.615,0.457,0.307,355,305,148,127
0.084,0.089,0.457,-1.14,0.131,0,0.8020,0.6225,0.183,0.987,0.674,0.255,0.782,0.702,0.607,0.573,375,358,311,278,0.563,0.248,0.712,0.615,0.457,0.307,355,305,148,127
0.092,0.088,0.593,-0.42,0.180,0,0.8012,0.6239,0.319,0.318,0.674,0.255,0.782,0.702,0.607,0.573,375,358,311,278,0.563,0.248,0.712,0.615,0.457,0.307,355,305,148,127
0.109,0.079,0.530,0,0.000,0,0.7898,0.6188,0.241,0.166,0.674,0.255,0.782,0.702,0.607,0.573,375,358,311,278,0.563,0.248,0.712,0.615,0.457,0.307,355,305,148,127
0.092,0.084,0.470,0,0.000,0,0.7706,0.6089,0.158,0.166,0.674,0.255,0.782,0.702,0.607,0.573,375,358,311,278,0.563,0.248,0.712,0.615,0.457,0.307,355,305,148,127
0.093,0.082,0.353,0,0.000,0,0.7402,0.5912,0.125,0.166,0.674,0.255,0.782,0.702,0.607,0.573,375,358,311,278,0.563,0.248,0.712,0.615,0.457,0.307,355,305,148,127
0.079,0.079,0.568,1.37,0.298,0,0.7190,0.5792,0.155,-0.510,0.674,0.255,0.782,0.702,0.607,0.573,375,358,311,278,0.563,0.248,0.712,0.615,0.457,0.307,355,305,148,127
0.081,0.075,0.355,0.85,0.046,0,0.7192,0.5806,0.126,0.06,0.674,0.255,0.782,0.702,0.607,0.573,375,358,311,278,0.563,0.248,0.712,0.615,0.457,0.307,355,305,148,127
0.082,0.076,0.376,-0.79,0.151,-1,0.7269,0.5852,0.196,0.736,0.674,0.255,0.782,0.702,0.607,0.573,375,358,311,278,0.563,0.248,0.712,0.615,0.457,0.307,355,305,148,127
0.085,0.070,0.445,-1.14,0.131,0,0.7291,0.5821,0.217,0.987,0.674,0.255,0.782,0.702,0.607,0.573,375,358,311,278,0.563,0.248,0.712,0.615,0.457,0.307,355,305,148,127
0.097,0.071,0.347,0.85,0.046,0,0.7397,0.5849,0.244,0.06,0.674,0.255,0.782,0.702,0.607,0.573,375,358,311,278,0.563,0.248,0.712,0.615,0.457,0.307,355,305,148,127
0.097,0.072,0.467,0,0.000,0,0.7465,0.5865,0.179,0.166,0.674,0.255,0.782,0.702,0.607,0.573,375,358,311,278,0.563,0.248,0.712,0.615,0.457,0.307,355,305,148,127
0.097,0.073,0.635,0.2,0.291,1,0.7570,0.5914,0.303,0.180,0.674,0.255,0.782,0.702,0.607,0.573,375,358,311,278,0.563,0.248,0.712,0.615,0.457,0.307,355,305,148,127
0.096,0.069,0.474,-1.1,0.105,-1,0.7575,0.5893,0.256,0.192,0.674,0.255,0.782,0.702,0.607,0.573,375,358,311,278,0.563,0.248,0.712,0.615,0.457,0.307,355,305,148,127
0.084,0.074,0.532,1.37,0.298,0,0.7648,0.5930,0.131,-0.510,0.674,0.255,0.782,0.702,0.607,0.573,375,358,311,278,0.563,0.248,0.712,0.615,0.457,0.307,355,305,148,127
0.084,0.069,0.543,-1.1,0.105,-1,0.7688,0.5934,0.254,0.192,0.674,0.255,0.782,0.702,0.607,0.573,375,358,311,278,0.563,0.248,0.712,0.615,0.457,0.307,355,305,148,127
0.079,0.076,0.560,1.37,0.298,0,0.7832,0.6043,0.136,-0.510,0.674,0.255,0.782,0.702,0.607,0.573,375,358,311,278,0.563,0.248,0.712,0.615,0.457,0.307,355,305,148,127
0.085,0.072,0.494,0,0.000,0,0.7925,0.6136,0.167,0.166,0.674,0.255,0.782,0.702,0.607,0.573,375,358,311,278,0.563,0.248,0.712,0.615,0.457,0.307,355,305,148,127
0.085,0.076,0.410,-0.42,0.180,0,0.8099,0.6295,0.288,0.318,0.674,0.255,0.782,0.702,0.607,0.573,375,358,311,278,0.563,0.248,0.712,0.615,0.457,0.307,355,305,148,127
0.100,0.075,0.467,-0.52,0.062,0,0.8222,0.6390,0.239,0.341,0.674,0.255,0.782,0.702,0.607,0.573,375,358,311,278,0.563,0.248,0.712,0.615,0.457,0.307,355,305,148,127
0.107,0.075,0.397,0,0.000,0,0.8210,0.6365,0.183,0.166,0.674,0.255,0.782,0.702,0.607,0.573,375,358,311,278,0.563,0.248,0.712,0.615,0.457,0.307,355,305,148,127
0.109,0.074,0.361,0.85,0.046,0,0.8090,0.6266,0.109,0.06,0.674,0.255,0.782,0.702,0.607,0.573,375,358,311,278,0.563,0.248,0.712,0.615,0.457,0.307,355,305,148,127
0.095,0.074,0.382,-1.14,0.131,0,0.7973,0.6156,0.233,0.987,0.674,0.255,0.782,0.702,0.607,0.573,375,358,311,278,0.563,0.248,0.712,0.615,0.457,0.307,355,305,148,127
0.096,0.071,0.351,-1.1,0.105,-1,0.7804,0.5993,0.301,0.192,0.674,0.255,0.782,0.702,0.607,0.573,375,358,311,278,0.563,0.248,0.712,0.615,0.457,0.307,355,305,148,127
0.102,0.077,0.486,1.37,0.298,0,0.7632,0.5809,0.182,-0.510,0.674,0.255,0.782,0.702,0.607,0.573,375,358,311,278,0.563,0.248,0.712,0.615,0.457,0.307,355,305,148,127
0.102,0.070,0.445,0,0.000,0,0.7557,0.5684,0.219,0.166,0.674,0.255,0.782,0.702,0.607,0.573,375,358,311,278,0.563,0.248,0.712,0.615,0.457,0.307,355,305,148,127
0.109,0.077,0.430,-0.42,0.180,0,0.7656,0.5697,0.196,0.318,0.674,0.255,0.782,0.702,0.607,0.573,375,358,311,278,0.563,0.248,0.712,0.615,0.457,0.307,355,305,148,127
0.118,0.074,0.413,-1.14,0.131,0,0.7648,0.5652,0.211,0.987,0.674,0.255,0.782,0.702,0.607,0.573,375,358,311,278,0.563,0.248,0.712,0.615,0.457,0.307,355,305,148,127
0.118,0.075,0.503,0.85,0.046,0,0.7558,0.5560,0.164,0.06,0.674,0.255,0.782,0.702,0.607,0.573,375,358,311,278,0.563,0.248,0.712,0.615,0.457,0.307,355,305,148,127
0.124,0.079,0.463,-1.14,0.131,0,0.7462,0.5473,0.213,0.987,0.674,0.255,0.782,0.702,0.607,0.573,375,358,311,278,0.563,0.248,0.712,0.615,0.457,0.307,355,305,148,127
0.105,0.090,0.410,0,0.000,0,0.7393,0.5442,0.143,0.166,0.674,0.255,0.782,0.702,0.607,0.573,375,358,311,278,0.563,0.248,0.712,0.615,0.457,0.307,355,305,148,127
0.105,0.088,0.454,0,0.000,0,0.7280,0.5369,0.113,0.166,0.674,0.255,0.782,0.702,0.607,0.573,375,358,311,278,0.563,0.248,0.712,0.615,0.457,0.307,355,305,148,127
0.110,0.083,0.486,1.37,0.298,0,0.7162,0.5285,0.118,-0.510,0.674,0.255,0.782,0.702,0.607,0.573,375,358,311,278,0.563,0.248,0.712,0.615,0.457,0.307,355,305,148,127
0.116,0.075,0.534,-0.52,0.062,0,0.7054,0.5199,0.098,0.341,0.674,0.255,0.782,0.702,0.607,0.573,375,358,311,278,0.563,0.248,0.712,0.615,0.457,0.307,355,305,148,127
0.123,0.073,0.480,0,0.000,0,0.6965,0.5138,0.051,0.166,0.674,0.255,0.782,0.702,0.607,0.573,375,358,311,278,0.563,0.248,0.712,0.615,0.457,0.307,355,305,148,127
0.131,0.065,0.491,1.37,0.298,0,0.6759,0.4978,0.152,-0.510,0.674,0.255,0.782,0.702,0.607,0.573,375,358,311,278,0.563,0.248,0.712,0.615,0.457,0.307,355,305,148,127
0.135,0.058,0.389,0,0.000,0,0.6575,0.4857,0.071,0.166,0.674,0.255,0.782,0.702,0.607,0.573,375,358,311,278,0.563,0.248,0.712,0.615,0.457,0.307,355,305,148,127
0.140,0.063,0.421,-0.42,0.180,0,0.6347,0.4692,0.196,0.318,0.674,0.255,0.782,0.702,0.607,0.573,375,358,311,278,0.563,0.248,0.712,0.615,0.457,0.307,355,305,148,127
0.139,0.058,0.461,0,0.000,0,0.6012,0.4460,0.068,0.166,0.674,0.255,0.782,0.702,0.607,0.573,375,358,311,278,0.563,0.248,0.712,0.615,0.457,0.307,355,305,148,127
0.138,0.057,0.362,0,0.000,0,0.5620,0.4217,0.085,0.166,0.674,0.255,0.782,0.702,0.607,0.573,375,358,311,278,0.563,0.248,0.712,0.615,0.457,0.307,355,305,148,127
0.139,0.072,0.570,1.37,0.298,0,0.5323,0.4067,0.148,-0.510,0.674,0.255,0.782,0.702,0.607,0.573,375,358,311,278,0.563,0.248,0.712,0.615,0.457,0.307,355,305,148,127
0.136,0.068,0.501,0,0.000,0,0.5240,0.4081,0.050,0.166,0.674,0.255,0.782,0.702,0.607,0.573,375,358,311,278,0.563,0.248,0.712,0.615,0.457,0.307,355,305,148,127
0.128,0.070,0.592,-0.52,0.062,0,0.5239,0.4134,0.106,0.341,0.674,0.255,0.782,0.702,0.607,0.573,375,358,311,278,0.563,0.248,0.712,0.615,0.457,0.307,355,305,148,127
0.138,0.073,0.684,0.85,0.046,0,0.5402,0.4283,0.156,0.06,0.674,0.255,0.782,0.702,0.607,0.573,375,358,311,278,0.563,0.248,0.712,0.615,0.457,0.307,355,305,148,127
0.134,0.072,0.581,0,0.000,0,0.5740,0.4537,0.088,0.166,0.674,0.255,0.782,0.702,0.607,0.573,375,358,311,278,0.563,0.248,0.712,0.615,0.457,0.307,355,305,148,127
0.138,0.085,0.659,-0.08,0.108,0,0.6027,0.4765,0.083,0.059,0.674,0.255,0.782,0.702,0.607,0.573,375,358,311,278,0.563,0.248,0.712,0.615,0.457,0.307,355,305,148,127
0.157,0.087,0.591,-0.52,0.062,0,0.6168,0.4874,0.085,0.341,0.674,0.255,0.782,0.702,0.607,0.573,375,358,311,278,0.563,0.248,0.712,0.615,0.457,0.307,355,305,148,127
0.160,0.083,0.339,2.53,0.140,0,0.6234,0.4926,0.037,-0.121,0.674,0.255,0.782,0.702,0.607,0.573,375,358,311,278,0.563,0.248,0.712,0.615,0.457,0.307,355,305,148,127
0.157,0.084,0.254,-0.08,0.108,0,0.6153,0.4895,0.075,0.059,0.674,0.255,0.782,0.702,0.607,0.573,375,358,311,278,0.563,0.248,0.712,0.615,0.457,0.307,355,305,148,127
0.138,0.082,0.013,1.99,0.186,0,0.6068,0.4854,0.033,-0.326,0.674,0.255,0.782,0.702,0.607,0.573,375,358,311,278,0.563,0.248,0.712,0.615,0.457,0.307,355,305,148,127
0.131,0.094,0.014,-0.42,0.180,0,0.5962,0.4823,0.098,0.318,0.674,0.255,0.782,0.702,0.607,0.573,375,358,311,278,0.563,0.248,0.712,0.615,0.457,0.307,355,305,148,127
0.146,0.091,0.013,1.99,0.186,0,0.5965,0.4871,0.035,-0.326,0.674,0.255,0.782,0.702,0.607,0.573,375,358,311,278,0.563,0.248,0.712,0.615,0.457,0.307,355,305,148,127
0.148,0.091,0.068,-1.1,0.105,-1,0.5960,0.4927,0.227,0.192,0.674,0.255,0.782,0.702,0.607,0.573,375,358,311,278,0.563,0.248,0.712,0.615,0.457,0.307,355,305,148,127
0.115,0.108,0.253,-1.1,0.105,-1,0.5947,0.4964,0.282,0.192,0.674,0.255,0.782,0.702,0.607,0.573,375,358,311,278,0.563,0.248,0.712,0.615,0.457,0.307,355,305,148,127
0.117,0.099,0.394,0,0.000,0,0.5880,0.4972,0.326,0.166,0.674,0.255,0.782,0.702,0.607,0.573,375,358,311,278,0.563,0.248,0.712,0.615,0.457,0.307,355,305,148,127
0.121,0.128,0.570,-0.52,0.062,0,0.5833,0.4988,0.318,0.341,0.674,0.255,0.782,0.702,0.607,0.573,375,358,311,278,0.563,0.248,0.712,0.615,0.457,0.307,355,305,148,127
0.107,0.101,0.424,0,0.000,0,0.5799,0.5011,0.194,0.166,0.674,0.255,0.782,0.702,0.607,0.573,375,358,311,278,0.563,0.248,0.712,0.615,0.457,0.307,355,305,148,127
0.099,0.138,0.722,0.2,0.291,1,0.5697,0.4961,0.224,0.180,0.674,0.255,0.782,0.702,0.607,0.573,375,358,311,278,0.563,0.248,0.712,0.615,0.457,0.307,355,305,148,127
0.097,0.106,0.486,-0.08,0.108,0,0.5654,0.4942,0.156,0.059,0.674,0.255,0.782,0.702,0.607,0.573,375,358,311,278,0.563,0.248,0.712,0.615,0.457,0.307,355,305,148,127
0.104,0.127,0.560,1.37,0.298,0,0.5694,0.4966,0.087,-0.510,0.674,0.255,0.782,0.702,0.607,0.573,375,358,311,278,0.563,0.248,0.712,0.615,0.457,0.307,355,305,148,127
0.109,0.104,0.335,-0.42,0.180,0,0.5824,0.5072,0.127,0.318,0.674,0.255,0.782,0.702,0.607,0.573,375,358,311,278,0.563,0.248,0.712,0.615,0.457,0.307,355,305,148,127
0.115,0.101,0.199,1.99,0.186,0,0.5993,0.5189,0.039,-0.326,0.674,0.255,0.782,0.702,0.607,0.573,375,358,311,278,0.563,0.248,0.712,0.615,0.457,0.307,355,305,148,127
0.112,0.131,0.339,0.2,0.291,1,0.6058,0.5205,0.229,0.180,0.674,0.255,0.782,0.702,0.607,0.573,375,358,311,278,0.563,0.248,0.712,0.615,0.457,0.307,355,305,148,127
0.112,0.098,0.207,-0.79,0.151,-1,0.6093,0.5202,0.338,0.736,0.674,0.255,0.782,0.702,0.607,0.573,375,358,311,278,0.563,0.248,0.712,0.615,0.457,0.307,355,305,148,127
0.117,0.112,0.331,0,0.000,0,0.5934,0.5048,0.191,0.166,0.674,0.255,0.782,0.702,0.607,0.573,375,358,311,278,0.563,0.248,0.712,0.615,0.457,0.307,355,305,148,127
0.111,0.152,0.398,-0.52,0.062,0,0.5721,0.4868,0.127,0.341,0.674,0.255,0.782,0.702,0.607,0.573,375,358,311,278,0.563,0.248,0.712,0.615,0.457,0.307,355,305,148,127
0.086,0.166,0.401,-0.48,0.134,0,0.5450,0.4636,0.194,0.007,0.674,0.255,0.782,0.702,0.607,0.573,375,358,311,278,0.563,0.248,0.712,0.615,0.457,0.307,355,305,148,127
0.088,0.123,0.331,3.14,0.186,0,0.5241,0.4444,0.055,-0.486,0.674,0.255,0.782,0.702,0.607,0.573,375,358,311,278,0.563,0.248,0.712,0.615,0.457,0.307,355,305,148,127
0.084,0.131,0.281,3.14,0.186,0,0.5122,0.4335,0.083,-0.486,0.674,0.255,0.782,0.702,0.607,0.573,375,358,311,278,0.563,0.248,0.712,0.615,0.457,0.307,355,305,148,127
0.085,0.139,0.465,0,0.000,0,0.5147,0.4313,0.140,0.166,0.674,0.255,0.782,0.702,0.607,0.573,375,358,311,278,0.563,0.248,0.712,0.615,0.457,0.307,355,305,148,127
0.091,0.185,0.758,0.2,0.291,1,0.5281,0.4370,0.261,0.180,0.674,0.255,0.782,0.702,0.607,0.573,375,358,311,278,0.563,0.248,0.712,0.615,0.457,0.307,355,305,148,127
0.090,0.123,0.482,0,0.000,0,0.5422,0.4412,0.174,0.166,0.674,0.255,0.782,0.702,0.607,0.573,375,358,311,278,0.563,0.248,0.712,0.615,0.457,0.307,355,305,148,127
0.092,0.131,0.320,-0.42,0.180,0,0.5561,0.4476,0.287,0.318,0.674,0.255,0.782,0.702,0.607,0.573,375,358,311,278,0.563,0.248,0.712,0.615,0.457,0.307,355,305,148,127
0.089,0.099,0.272,-1.1,0.105,-1,0.5622,0.4490,0.248,0.192,0.674,0.255,0.782,0.702,0.607,0.573,375,358,311,278,0.563,0.248,0.712,0.615,0.457,0.307,355,305,148,127
0.115,0.104,0.019,0.85,0.046,0,0.5758,0.4555,0.113,0.06,0.674,0.255,0.782,0.702,0.607,0.573,375,358,311,278,0.563,0.248,0.712,0.615,0.457,0.307,355,305,148,127
0.117,0.104,0.134,-0.42,0.180,0,0.5762,0.4536,0.254,0.318,0.674,0.255,0.782,0.702,0.607,0.573,375,358,311,278,0.563,0.248,0.712,0.615,0.457,0.307,355,305,148,127
0.115,0.091,0.002,1.69,0.290,0,0.5781,0.4497,0.083,-0.697,0.674,0.255,0.782,0.702,0.607,0.573,375,358,311,278,0.563,0.248,0.712,0.615,0.457,0.307,355,305,148,127
0.146,0.122,0.423,0.2,0.291,1,0.5635,0.4310,0.242,0.180,0.674,0.255,0.782,0.702,0.607,0.573,375,358,311,278,0.563,0.248,0.712,0.615,0.457,0.307,355,305,148,127
0.149,0.090,0.003,1.99,0.186,0,0.5607,0.4248,0.046,-0.326,0.674,0.255,0.782,0.702,0.607,0.573,375,358,311,278,0.563,0.248,0.712,0.615,0.457,0.307,355,305,148,127
0.125,0.094,0.073,-1.14,0.131,0,0.5535,0.4143,0.237,0.987,0.674,0.255,0.782,0.702,0.607,0.573,375,358,311,278,0.563,0.248,0.712,0.615,0.457,0.307,355,305,148,127
0.119,0.105,0.303,-1.1,0.105,-1,0.5425,0.4025,0.402,0.192,0.674,0.255,0.782,0.702,0.607,0.573,375,358,311,278,0.563,0.248,0.712,0.615,0.457,0.307,355,305,148,127
0.119,0.122,0.178,-0.08,0.108,0,0.5318,0.3902,0.266,0.059,0.674,0.255,0.782,0.702,0.607,0.573,375,358,311,278,0.563,0.248,0.712,0.615,0.457,0.307,355,305,148,127
0.080,0.133,0.107,0,0.000,0,0.5122,0.3732,0.308,0.166,0.674,0.255,0.782,0.702,0.607,0.573,375,358,311,278,0.563,0.248,0.712,0.615,0.457,0.307,355,305,148,127
0.080,0.125,0.060,2.53,0.140,0,0.4897,0.3558,0.168,-0.121,0.674,0.255,0.782,0.702,0.607,0.573,375,358,311,278,0.563,0.248,0.712,0.615,0.457,0.307,355,305,148,127
0.085,0.175,0.571,-0.52,0.062,0,0.4732,0.3438,0.171,0.341,0.674,0.255,0.782,0.702,0.607,0.573,375,358,311,278,0.563,0.248,0.712,0.615,0.457,0.307,355,305,148,127
0.081,0.207,0.709,0.2,0.291,1,0.4588,0.3360,0.246,0.180,0.674,0.255,0.782,0.702,0.607,0.573,375,358,311,278,0.563,0.248,0.712,0.615,0.457,0.307,355,305,148,127
0.084,0.283,0.679,0.2,0.291,1,0.4406,0.3248,0.246,0.180,0.674,0.255,0.782,0.702,0.607,0.573,375,358,311,278,0.563,0.248,0.712,0.615,0.457,0.307,355,305,148,127
0.103,0.164,0.563,0.22,0.230,0,0.4239,0.3128,0.121,0.303,0.674,0.255,0.782,0.702,0.607,0.573,375,358,311,278,0.563,0.248,0.712,0.615,0.457,0.307,355,305,148,127
0.099,0.093,0.027,1.99,0.186,0,0.4124,0.3024,0.044,-0.326,0.674,0.255,0.782,0.702,0.607,0.573,375,358,311,278,0.563,0.248,0.712,0.615,0.457,0.307,355,305,148,127
0.099,0.092,0.442,-0.79,0.151,-1,0.3869,0.2796,0.175,0.736,0.674,0.255,0.782,0.702,0.607,0.573,375,358,311,278,0.563,0.248,0.712,0.615,0.457,0.307,355,305,148,127
0.104,0.094,0.026,3.14,0.186,0,0.3678,0.2625,0.042,-0.486,0.674,0.255,0.782,0.702,0.607,0.573,375,358,311,278,0.563,0.248,0.712,0.615,0.457,0.307,355,305,148,127
0.104,0.181,0.582,0.2,0.291,1,0.3363,0.2324,0.157,0.180,0.674,0.255,0.782,0.702,0.607,0.573,375,358,311,278,0.563,0.248,0.712,0.615,0.457,0.307,355,305,148,127
0.109,0.169,0.291,1.76,0.409,0,0.3241,0.2196,0.093,-0.884,0.674,0.255,0.782,0.702,0.607,0.573,375,358,311,278,0.563,0.248,0.712,0.615,0.457,0.307,355,305,148,127
0.090,0.109,0.226,-1.1,0.105,-1,0.3158,0.2113,0.283,0.192,0.674,0.255,0.782,0.702,0.607,0.573,375,358,311,278,0.563,0.248,0.712,0.615,0.457,0.307,355,305,148,127
0.095,0.131,0.341,0,0.000,0,0.3201,0.2134,0.136,0.166,0.674,0.255,0.782,0.702,0.607,0.573,375,358,311,278,0.563,0.248,0.712,0.615,0.457,0.307,355,305,148,127
0.086,0.104,0.161,-0.42,0.180,0,0.3229,0.2157,0.132,0.318,0.674,0.255,0.782,0.702,0.607,0.573,375,358,311,278,0.563,0.248,0.712,0.615,0.457,0.307,355,305,148,127
0.069,0.078,0.144,2.53,0.140,0,0.3345,0.2260,0.044,-0.121,0.674,0.255,0.782,0.702,0.607,0.573,375,358,311,278,0.563,0.248,0.712,0.615,0.457,0.307,355,305,148,127
0.068,0.079,0.058,0.85,0.046,0,0.3488,0.2406,0.063,0.06,0.674,0.255,0.782,0.702,0.607,0.573,375,358,311,278,0.563,0.248,0.712,0.615,0.457,0.307,355,305,148,127
0.060,0.087,0.192,1.99,0.186,0,0.3763,0.2671,0.033,-0.326,0.674,0.255,0.782,0.702,0.607,0.573,375,358,311,278,0.563,0.248,0.712,0.615,0.457,0.307,355,305,148,127
0.057,0.087,0.005,1.99,0.186,0,0.3930,0.2821,0.023,-0.326,0.674,0.255,0.782,0.702,0.607,0.573,375,358,311,278,0.563,0.248,0.712,0.615,0.457,0.307,355,305,148,127
0.071,0.086,0.190,0.85,0.046,0,0.4193,0.3038,0.089,0.06,0.674,0.255,0.782,0.702,0.607,0.573,375,358,311,278,0.563,0.248,0.712,0.615,0.457,0.307,355,305,148,127
0.061,0.082,0.547,-1.1,0.105,-1,0.4349,0.3122,0.113,0.192,0.674,0.255,0.782,0.702,0.607,0.573,375,358,311,278,0.563,0.248,0.712,0.615,0.457,0.307,355,305,148,127
0.049,0.087,0.459,1.99,0.186,0,0.4534,0.3223,0.047,-0.326,0.674,0.255,0.782,0.702,0.607,0.573,375,358,311,278,0.563,0.248,0.712,0.615,0.457,0.307,355,305,148,127
0.073,0.107,0.693,-0.48,0.134,0,0.4734,0.3355,0.209,0.007,0.674,0.255,0.782,0.702,0.607,0.573,375,358,311,278,0.563,0.248,0.712,0.615,0.457,0.307,355,305,148,127
0.072,0.103,0.733,-0.52,0.062,0,0.4940,0.3475,0.186,0.341,0.674,0.255,0.782,0.702,0.607,0.573,375,358,311,278,0.563,0.248,0.712,0.615,0.457,0.307,355,305,148,127
0.071,0.097,0.786,-0.08,0.108,0,0.5053,0.3526,0.310,0.059,0.674,0.255,0.782,0.702,0.607,0.573,375,358,311,278,0.563,0.248,0.712,0.615,0.457,0.307,355,305,148,127
0.071,0.105,0.655,-0.48,0.134,0,0.5076,0.3516,0.399,0.007,0.674,0.255,0.782,0.702,0.607,0.573,375,358,311,278,0.563,0.248,0.712,0.615,0.457,0.307,355,305,148,127
0.057,0.095,0.454,0,0.000,0,0.5113,0.3515,0.148,0.166,0.674,0.255,0.782,0.702,0.607,0.573,375,358,311,278,0.563,0.248,0.712,0.615,0.457,0.307,355,305,148,127
0.038,0.076,0.296,-0.08,0.108,0,0.5282,0.3629,0.190,0.059,0.674,0.255,0.782,0.702,0.607,0.573,375,358,311,278,0.563,0.248,0.712,0.615,0.457,0.307,355,305,148,127
0.037,0.089,0.690,-0.08,0.108,0,0.5397,0.3679,0.191,0.059,0.674,0.255,0.782,0.702,0.607,0.573,375,358,311,278,0.563,0.248,0.712,0.615,0.457,0.307,355,305,148,127
0.037,0.084,0.254,2.53,0.140,0,0.5665,0.3890,0.102,-0.121,0.674,0.255,0.782,0.702,0.607,0.573,375,358,311,278,0.563,0.248,0.712,0.615,0.457,0.307,355,305,148,127
0.037,0.097,0.621,-0.48,0.134,0,0.5890,0.4054,0.237,0.007,0.674,0.255,0.782,0.702,0.607,0.573,375,358,311,278,0.563,0.248,0.712,0.615,0.457,0.307,355,305,148,127
0.037,0.093,0.417,-0.48,0.134,0,0.6089,0.4213,0.271,0.007,0.674,0.255,0.782,0.702,0.607,0.573,375,358,311,278,0.563,0.248,0.712,0.615,0.457,0.307,355,305,148,127
0.038,0.087,0.099,0.85,0.046,0,0.6074,0.4198,0.152,0.06,0.674,0.255,0.782,0.702,0.607,0.573,375,358,311,278,0.563,0.248,0.712,0.615,0.457,0.307,355,305,148,127
0.044,0.084,0.222,-1.14,0.131,0,0.5794,0.3948,0.222,0.987,0.674,0.255,0.782,0.702,0.607,0.573,375,358,311,278,0.563,0.248,0.712,0.615,0.457,0.307,355,305,148,127
0.041,0.081,0.194,2.53,0.140,0,0.5483,0.3702,0.102,-0.121,0.674,0.255,0.782,0.702,0.607,0.573,375,358,311,278,0.563,0.248,0.712,0.615,0.457,0.307,355,305,148,127
0.042,0.085,0.395,-0.42,0.180,0,0.5171,0.3476,0.281,0.318,0.674,0.255,0.782,0.702,0.607,0.573,375,358,311,278,0.563,0.248,0.712,0.615,0.457,0.307,355,305,148,127
0.053,0.077,0.177,-0.79,0.151,-1,0.4866,0.3264,0.274,0.736,0.674,0.255,0.782,0.702,0.607,0.573,375,358,311,278,0.563,0.248,0.712,0.615,0.457,0.307,355,305,148,127
0.052,0.085,0.421,1.76,0.409,0,0.4611,0.3111,0.079,-0.884,0.674,0.255,0.782,0.702,0.607,0.573,375,358,311,278,0.563,0.248,0.712,0.615,0.457,0.307,355,305,148,127
0.056,0.087,0.353,-0.42,0.180,0,0.4323,0.2920,0.227,0.318,0.674,0.255,0.782,0.702,0.607,0.573,375,358,311,278,0.563,0.248,0.712,0.615,0.457,0.307,355,305,148,127
0.063,0.092,0.015,1.99,0.186,0,0.4103,0.2806,0.132,-0.326,0.674,0.255,0.782,0.702,0.607,0.573,375,358,311,278,0.563,0.248,0.712,0.615,0.457,0.307,355,305,148,127
0.067,0.083,0.039,0.85,0.046,0,0.3860,0.2665,0.285,0.06,0.674,0.255,0.782,0.702,0.607,0.573,375,358,311,278,0.563,0.248,0.712,0.615,0.457,0.307,355,305,148,127
0.064,0.091,0.067,-1.1,0.105,-1,0.3748,0.2594,0.367,0.192,0.674,0.255,0.782,0.702,0.607,0.573,375,358,311,278,0.563,0.248,0.712,0.615,0.457,0.307,355,305,148,127
0.074,0.094,0.110,0,0.000,0,0.3544,0.2399,0.206,0.166,0.674,0.255,0.782,0.702,0.607,0.573,375,358,311,278,0.563,0.248,0.712,0.615,0.457,0.307,355,305,148,127
0.072,0.108,0.008,-1.1,0.105,-1,0.3221,0.2097,0.209,0.192,0.674,0.255,0.782,0.702,0.607,0.573,375,358,311,278,0.563,0.248,0.712,0.615,0.457,0.307,355,305,148,127
0.075,0.103,0.220,2.53,0.140,0,0.2902,0.1797,0.059,-0.121,0.674,0.255,0.782,0.702,0.607,0.573,375,358,311,278,0.563,0.248,0.712,0.615,0.457,0.307,355,305,148,127
0.079,0.114,0.081,3.14,0.186,0,0.2666,0.1615,0.061,-0.486,0.674,0.255,0.782,0.702,0.607,0.573,375,358,311,278,0.563,0.248,0.712,0.615,0.457,0.307,355,305,148,127
0.085,0.200,0.699,0.2,0.291,1,0.2524,0.1583,0.188,0.180,0.674,0.255,0.782,0.702,0.607,0.573,375,358,311,278,0.563,0.248,0.712,0.615,0.457,0.307,355,305,148,127
0.112,0.117,0.107,1.99,0.186,0,0.2522,0.1794,0.049,-0.326,0.674,0.255,0.782,0.702,0.607,0.573,375,358,311,278,0.563,0.248,0.712,0.615,0.457,0.307,355,305,148,127
0.160,0.188,0.444,0,0.000,0,0.2510,0.2168,0.136,0.166,0.674,0.255,0.782,0.702,0.607,0.573,375,358,311,278,0.563,0.248,0.712,0.615,0.457,0.307,355,305,148,127
0.166,0.191,0.635,0.22,0.230,0,0.2665,0.2830,0.137,0.303,0.674,0.255,0.782,0.702,0.607,0.573,375,358,311,278,0.563,0.248,0.712,0.615,0.457,0.307,355,305,148,127
0.166,0.160,0.333,-0.52,0.062,0,0.2772,0.3560,0.138,0.341,0.674,0.255,0.782,0.702,0.607,0.573,375,358,311,278,0.563,0.248,0.712,0.615,0.457,0.307,355,305,148,127
0.165,0.103,0.211,-0.79,0.151,-1,0.2774,0.4279,0.169,0.736,0.674,0.255,0.782,0.702,0.607,0.573,375,358,311,278,0.563,0.248,0.712,0.615,0.457,0.307,355,305,148,127
0.173,0.097,0.004,3.14,0.186,0,0.2644,0.4927,0.036,-0.486,0.674,0.255,0.782,0.702,0.607,0.573,375,358,311,278,0.563,0.248,0.712,0.615,0.457,0.307,355,305,148,127
0.169,0.093,0.239,3.14,0.186,0,0.2394,0.5477,0.061,-0.486,0.674,0.255,0.782,0.702,0.607,0.573,375,358,311,278,0.563,0.248,0.712,0.615,0.457,0.307,355,305,148,127
0.179,0.089,0.061,2.53,0.140,0,0.2094,0.5948,0.075,-0.121,0.674,0.255,0.782,0.702,0.607,0.573,375,358,311,278,0.563,0.248,0.712,0.615,0.457,0.307,355,305,148,127
0.180,0.119,0.598,0.2,0.291,1,0.1885,0.6424,0.178,0.180,0.674,0.255,0.782,0.702,0.607,0.573,375,358,311,278,0.563,0.248,0.712,0.615,0.457,0.307,355,305,148,127
0.188,0.050,0.245,1.42,0.221,0,0.1990,0.7063,0.087,-0.397,0.674,0.255,0.782,0.702,0.607,0.573,375,358,311,278,0.563,0.248,0.712,0.615,0.457,0.307,355,305,148,127
0.178,0.059,0.447,0.22,0.230,0,0.2733,0.8116,0.501,0.303,0.674,0.255,0.782,0.702,0.607,0.573,375,358,311,278,0.563,0.248,0.712,0.615,0.457,0.307,355,305,148,127
