0.110,0.155,0.649,1.42,0.221,0,0.0704,0.5733,0.735,-0.397,0.121,0.110,0.027,0.000,0.000,0.000,9,0,0,0,0.130,0.151,0.059,0.023,0.017,0.013,12,10,8,6
0.114,0.137,0.668,0,0.000,0,0.0566,0.4494,0.225,0.166,0.121,0.110,0.027,0.000,0.000,0.000,9,0,0,0,0.130,0.151,0.059,0.023,0.017,0.013,12,10,8,6
0.127,0.128,0.755,0.2,0.291,1,0.0454,0.3311,0.291,0.180,0.121,0.110,0.027,0.000,0.000,0.000,9,0,0,0,0.130,0.151,0.059,0.023,0.017,0.013,12,10,8,6
0.129,0.092,0.582,2.1,0.128,0,0.0365,0.2266,0.071,0.02,0.121,0.110,0.027,0.000,0.000,0.000,9,0,0,0,0.130,0.151,0.059,0.023,0.017,0.013,12,10,8,6
0.130,0.073,0.389,2.1,0.128,0,0.0299,0.1406,0.069,0.02,0.121,0.110,0.027,0.000,0.000,0.000,9,0,0,0,0.130,0.151,0.059,0.023,0.017,0.013,12,10,8,6
0.132,0.078,0.440,1.69,0.290,0,0.0252,0.0752,0.097,-0.697,0.121,0.110,0.027,0.000,0.000,0.000,9,0,0,0,0.130,0.151,0.059,0.023,0.017,0.013,12,10,8,6
0.133,0.092,0.401,1.37,0.298,0,0.0222,0.0301,0.094,-0.510,0.121,0.110,0.027,0.000,0.000,0.000,9,0,0,0,0.130,0.151,0.059,0.023,0.017,0.013,12,10,8,6
0.135,0.081,0.362,-0.08,0.108,0,0.0204,0.0034,0.106,0.059,0.121,0.110,0.027,0.000,0.000,0.000,9,0,0,0,0.130,0.151,0.059,0.023,0.017,0.013,12,10,8,6
0.129,0.043,0.447,0.85,0.046,0,0.0195,-0.0084,0.162,0.06,0.121,0.110,0.027,0.000,0.000,0.000,9,0,0,0,0.130,0.151,0.059,0.023,0.017,0.013,12,10,8,6
0.138,0.016,0.486,0,0.000,0,0.0193,-0.0094,0.146,0.166,0.121,0.110,0.027,0.000,0.000,0.000,9,0,0,0,0.130,0.151,0.059,0.023,0.017,0.013,12,10,8,6
0.139,0.003,0.339,-0.08,0.108,0,0.0185,-0.0073,0.143,0.059,0.121,0.110,0.027,0.000,0.000,0.000,9,0,0,0,0.130,0.151,0.059,0.023,0.017,0.013,12,10,8,6
0.127,0.000,0.065,1.99,0.186,0,0.0207,0.0027,0.085,-0.326,0.121,0.110,0.027,0.000,0.000,0.000,9,0,0,0,0.130,0.151,0.059,0.023,0.017,0.013,12,10,8,6
0.124,0.000,0.037,-0.52,0.062,0,0.0201,0.0044,0.090,0.341,0.121,0.110,0.027,0.000,0.000,0.000,9,0,0,0,0.130,0.151,0.059,0.023,0.017,0.013,12,10,8,6
0.119,0.000,0.003,1.99,0.186,0,0.0197,0.0036,0.046,-0.326,0.121,0.110,0.027,0.000,0.000,0.000,9,0,0,0,0.130,0.151,0.059,0.023,0.017,0.013,12,10,8,6
0.115,0.000,0.002,1.99,0.186,0,0.0191,0.0021,0.065,-0.326,0.121,0.110,0.027,0.000,0.000,0.000,9,0,0,0,0.130,0.151,0.059,0.023,0.017,0.013,12,10,8,6
0.113,0.000,0.005,1.99,0.186,0,0.0189,0.0014,0.049,-0.326,0.121,0.110,0.027,0.000,0.000,0.000,9,0,0,0,0.130,0.151,0.059,0.023,0.017,0.013,12,10,8,6
0.142,0.000,0.126,1.99,0.186,0,0.0188,0.0012,0.066,-0.326,0.121,0.110,0.027,0.000,0.000,0.000,9,0,0,0,0.130,0.151,0.059,0.023,0.017,0.013,12,10,8,6
0.158,0.003,0.095,2.53,0.140,0,0.0180,0.0011,0.054,-0.121,0.121,0.110,0.027,0.000,0.000,0.000,9,0,0,0,0.130,0.151,0.059,0.023,0.017,0.013,12,10,8,6
0.138,0.001,0.223,-0.08,0.108,0,0.0188,0.0012,0.109,0.059,0.121,0.110,0.027,0.000,0.000,0.000,9,0,0,0,0.130,0.151,0.059,0.023,0.017,0.013,12,10,8,6
0.133,0.003,0.168,-0.52,0.062,0,0.0187,0.0013,0.137,0.341,0.121,0.110,0.027,0.000,0.000,0.000,9,0,0,0,0.130,0.151,0.059,0.023,0.017,0.013,12,10,8,6
0.160,0.003,0.124,2.53,0.140,0,0.0162,0.0007,0.058,-0.121,0.121,0.110,0.027,0.000,0.000,0.000,9,0,0,0,0.130,0.151,0.059,0.023,0.017,0.013,12,10,8,6
0.169,0.004,0.116,-0.08,0.108,0,0.0121,-0.0006,0.104,0.059,0.121,0.110,0.027,0.000,0.000,0.000,9,0,0,0,0.130,0.151,0.059,0.023,0.017,0.013,12,10,8,6
0.170,0.004,0.382,1.99,0.186,0,0.0144,0.0001,0.093,-0.326,0.121,0.110,0.027,0.000,0.000,0.000,9,0,0,0,0.130,0.151,0.059,0.023,0.017,0.013,12,10,8,6
0.156,0.003,0.118,1.99,0.186,0,0.0207,0.0020,0.074,-0.326,0.121,0.110,0.027,0.000,0.000,0.000,9,0,0,0,0.130,0.151,0.059,0.023,0.017,0.013,12,10,8,6
0.152,0.004,0.033,2.53,0.140,0,0.0337,0.0056,0.042,-0.121,0.121,0.110,0.027,0.000,0.000,0.000,9,0,0,0,0.130,0.151,0.059,0.023,0.017,0.013,12,10,8,6
0.160,0.004,0.088,0.85,0.046,0,0.0495,0.0100,0.075,0.06,0.121,0.110,0.027,0.000,0.000,0.000,9,0,0,0,0.130,0.151,0.059,0.023,0.017,0.013,12,10,8,6
0.157,0.013,0.509,0.2,0.291,1,0.0618,0.0138,0.257,0.180,0.121,0.110,0.027,0.000,0.000,0.000,9,0,0,0,0.130,0.151,0.059,0.023,0.017,0.013,12,10,8,6
0.129,0.006,0.225,2.53,0.140,0,0.0674,0.0154,0.067,-0.121,0.121,0.110,0.027,0.000,0.000,0.000,9,0,0,0,0.130,0.151,0.059,0.023,0.017,0.013,12,10,8,6
0.159,0.014,0.169,1.69,0.290,0,0.0684,0.0151,0.064,-0.697,0.121,0.110,0.027,0.000,0.000,0.000,9,0,0,0,0.130,0.151,0.059,0.023,0.017,0.013,12,10,8,6
0.204,0.021,0.335,-0.42,0.180,0,0.0673,0.0154,0.279,0.318,0.121,0.110,0.027,0.000,0.000,0.000,9,0,0,0,0.130,0.151,0.059,0.023,0.017,0.013,12,10,8,6
0.190,0.020,0.458,-1.19,0.219,1,0.0640,0.0152,0.419,0.586,0.121,0.110,0.027,0.000,0.000,0.000,9,0,0,0,0.130,0.151,0.059,0.023,0.017,0.013,12,10,8,6
0.190,0.014,0.164,0.85,0.046,0,0.0641,0.0156,0.186,0.06,0.121,0.110,0.027,0.000,0.000,0.000,9,0,0,0,0.130,0.151,0.059,0.023,0.017,0.013,12,10,8,6
0.198,0.012,0.003,2.53,0.140,0,0.0693,0.0175,0.201,-0.121,0.121,0.110,0.027,0.000,0.000,0.000,9,0,0,0,0.130,0.151,0.059,0.023,0.017,0.013,12,10,8,6
0.206,0.015,0.090,-1.1,0.105,-1,0.0784,0.0212,0.452,0.192,0.121,0.110,0.027,0.000,0.000,0.000,9,0,0,0,0.130,0.151,0.059,0.023,0.017,0.013,12,10,8,6
0.178,0.024,0.109,-0.42,0.180,0,0.1029,0.0345,0.409,0.318,0.121,0.110,0.027,0.000,0.000,0.000,9,0,0,0,0.130,0.151,0.059,0.023,0.017,0.013,12,10,8,6
0.181,0.021,0.232,-0.52,0.062,0,0.1274,0.0467,0.362,0.341,0.121,0.110,0.027,0.000,0.000,0.000,9,0,0,0,0.130,0.151,0.059,0.023,0.017,0.013,12,10,8,6
0.172,0.015,0.002,3.14,0.186,0,0.1575,0.0628,0.190,-0.486,0.121,0.110,0.027,0.000,0.000,0.000,9,0,0,0,0.130,0.151,0.059,0.023,0.017,0.013,12,10,8,6
0.136,0.015,0.063,-0.79,0.151,-1,0.1857,0.0806,0.427,0.736,0.121,0.110,0.027,0.000,0.000,0.000,9,0,0,0,0.130,0.151,0.059,0.023,0.017,0.013,12,10,8,6
0.137,0.024,0.213,-1.19,0.219,1,0.2027,0.0962,0.330,0.586,0.121,0.110,0.027,0.000,0.000,0.000,9,0,0,0,0.130,0.151,0.059,0.023,0.017,0.013,12,10,8,6
0.137,0.046,0.235,-1.19,0.219,1,0.2107,0.1076,0.321,0.586,0.121,0.110,0.027,0.000,0.000,0.000,9,0,0,0,0.130,0.151,0.059,0.023,0.017,0.013,12,10,8,6
0.136,0.033,0.006,3.14,0.186,0,0.2104,0.1140,0.086,-0.486,0.121,0.110,0.027,0.000,0.000,0.000,9,0,0,0,0.130,0.151,0.059,0.023,0.017,0.013,12,10,8,6
0.116,0.048,0.213,2.53,0.140,0,0.2073,0.1218,0.182,-0.121,0.121,0.110,0.027,0.000,0.000,0.000,9,0,0,0,0.130,0.151,0.059,0.023,0.017,0.013,12,10,8,6
0.079,0.056,0.134,1.99,0.186,0,0.2182,0.1412,0.115,-0.326,0.121,0.110,0.027,0.000,0.000,0.000,9,0,0,0,0.130,0.151,0.059,0.023,0.017,0.013,12,10,8,6
0.064,0.112,0.491,0.2,0.291,1,0.2304,0.1611,0.282,0.180,0.121,0.110,0.027,0.000,0.000,0.000,9,0,0,0,0.130,0.151,0.059,0.023,0.017,0.013,12,10,8,6
0.083,0.074,0.447,-0.48,0.134,0,0.2339,0.1721,0.314,0.007,0.121,0.110,0.027,0.000,0.000,0.000,9,0,0,0,0.130,0.151,0.059,0.023,0.017,0.013,12,10,8,6
0.082,0.068,0.437,0,0.000,0,0.2323,0.1743,0.281,0.166,0.121,0.110,0.027,0.000,0.000,0.000,9,0,0,0,0.130,0.151,0.059,0.023,0.017,0.013,12,10,8,6
0.074,0.056,0.454,-0.08,0.108,0,0.2325,0.1778,0.303,0.059,0.121,0.110,0.027,0.000,0.000,0.000,9,0,0,0,0.130,0.151,0.059,0.023,0.017,0.013,12,10,8,6
0.076,0.033,0.134,-0.79,0.151,-1,0.2409,0.1898,0.389,0.736,0.121,0.110,0.027,0.000,0.000,0.000,9,0,0,0,0.130,0.151,0.059,0.023,0.017,0.013,12,10,8,6
0.090,0.019,0.342,0.85,0.046,0,0.2524,0.2111,0.197,0.06,0.121,0.110,0.027,0.000,0.000,0.000,9,0,0,0,0.130,0.151,0.059,0.023,0.017,0.013,12,10,8,6
0.072,0.034,0.411,1.69,0.290,0,0.2588,0.2306,0.142,-0.697,0.121,0.110,0.027,0.000,0.000,0.000,9,0,0,0,0.130,0.151,0.059,0.023,0.017,0.013,12,10,8,6
0.050,0.026,0.076,-1.1,0.105,-1,0.2571,0.2492,0.381,0.192,0.121,0.110,0.027,0.000,0.000,0.000,9,0,0,0,0.130,0.151,0.059,0.023,0.017,0.013,12,10,8,6
0.049,0.033,0.138,-0.52,0.062,0,0.2439,0.2619,0.366,0.341,0.121,0.110,0.027,0.000,0.000,0.000,9,0,0,0,0.130,0.151,0.059,0.023,0.017,0.013,12,10,8,6
0.047,0.052,0.359,1.76,0.409,0,0.2264,0.2653,0.221,-0.884,0.121,0.110,0.027,0.000,0.000,0.000,9,0,0,0,0.130,0.151,0.059,0.023,0.017,0.013,12,10,8,6
0.039,0.029,0.180,-0.79,0.151,-1,0.1958,0.2536,0.508,0.736,0.121,0.110,0.027,0.000,0.000,0.000,9,0,0,0,0.130,0.151,0.059,0.023,0.017,0.013,12,10,8,6
0.033,0.042,0.346,-1.19,0.219,1,0.1671,0.2405,0.426,0.586,0.121,0.110,0.027,0.000,0.000,0.000,9,0,0,0,0.130,0.151,0.059,0.023,0.017,0.013,12,10,8,6
0.032,0.027,0.104,-1.14,0.131,0,0.1280,0.2136,0.311,0.987,0.121,0.110,0.027,0.000,0.000,0.000,9,0,0,0,0.130,0.151,0.059,0.023,0.017,0.013,12,10,8,6
0.025,0.031,0.186,-1.14,0.131,0,0.0926,0.1887,0.490,0.987,0.121,0.110,0.027,0.000,0.000,0.000,9,0,0,0,0.130,0.151,0.059,0.023,0.017,0.013,12,10,8,6
0.022,0.025,0.355,1.99,0.186,0,0.0684,0.1685,0.145,-0.326,0.121,0.110,0.027,0.000,0.000,0.000,9,0,0,0,0.130,0.151,0.059,0.023,0.017,0.013,12,10,8,6
0.028,0.027,0.306,-1.14,0.131,0,0.0502,0.1522,0.287,0.987,0.121,0.110,0.027,0.000,0.000,0.000,9,0,0,0,0.130,0.151,0.059,0.023,0.017,0.013,12,10,8,6
0.026,0.027,0.170,2.53,0.140,0,0.0486,0.1523,0.208,-0.121,0.121,0.110,0.027,0.000,0.000,0.000,9,0,0,0,0.130,0.151,0.059,0.023,0.017,0.013,12,10,8,6
0.027,0.058,0.452,1.37,0.298,0,0.0659,0.1679,0.185,-0.510,0.121,0.110,0.027,0.000,0.000,0.000,9,0,0,0,0.130,0.151,0.059,0.023,0.017,0.013,12,10,8,6
0.027,0.050,0.255,-0.08,0.108,0,0.0921,0.1951,0.127,0.059,0.121,0.110,0.027,0.000,0.000,0.000,9,0,0,0,0.130,0.151,0.059,0.023,0.017,0.013,12,10,8,6
0.020,0.102,0.540,-0.42,0.180,0,0.1093,0.2140,0.128,0.318,0.121,0.110,0.027,0.000,0.000,0.000,9,0,0,0,0.130,0.151,0.059,0.023,0.017,0.013,12,10,8,6
0.024,0.091,0.140,1.69,0.290,0,0.1055,0.2116,0.080,-0.697,0.121,0.110,0.027,0.000,0.000,0.000,9,0,0,0,0.130,0.151,0.059,0.023,0.017,0.013,12,10,8,6
0.029,0.139,0.487,1.37,0.298,0,0.0976,0.2042,0.118,-0.510,0.121,0.110,0.027,0.000,0.000,0.000,9,0,0,0,0.130,0.151,0.059,0.023,0.017,0.013,12,10,8,6
0.023,0.106,0.208,1.69,0.290,0,0.0961,0.1991,0.089,-0.697,0.121,0.110,0.027,0.000,0.000,0.000,9,0,0,0,0.130,0.151,0.059,0.023,0.017,0.013,12,10,8,6
0.025,0.146,0.277,1.69,0.290,0,0.0888,0.1918,0.085,-0.697,0.121,0.110,0.027,0.000,0.000,0.000,9,0,0,0,0.130,0.151,0.059,0.023,0.017,0.013,12,10,8,6
0.027,0.150,0.472,-0.48,0.134,0,0.0845,0.1856,0.214,0.007,0.121,0.110,0.027,0.000,0.000,0.000,9,0,0,0,0.130,0.151,0.059,0.023,0.017,0.013,12,10,8,6
0.022,0.162,0.220,2.53,0.140,0,0.0873,0.1896,0.140,-0.121,0.121,0.110,0.027,0.000,0.000,0.000,9,0,0,0,0.130,0.151,0.059,0.023,0.017,0.013,12,10,8,6
0.022,0.196,0.523,-0.08,0.108,0,0.0835,0.1937,0.383,0.059,0.121,0.110,0.027,0.000,0.000,0.000,9,0,0,0,0.130,0.151,0.059,0.023,0.017,0.013,12,10,8,6
0.021,0.190,0.481,-0.48,0.134,0,0.1008,0.2108,0.291,0.007,0.121,0.110,0.027,0.000,0.000,0.000,9,0,0,0,0.130,0.151,0.059,0.023,0.017,0.013,12,10,8,6
0.024,0.075,0.332,-1.14,0.131,0,0.1268,0.2339,0.280,0.987,0.121,0.110,0.027,0.000,0.000,0.000,9,0,0,0,0.130,0.151,0.059,0.023,0.017,0.013,12,10,8,6
0.026,0.035,0.243,-0.79,0.151,-1,0.1758,0.2732,0.475,0.736,0.121,0.110,0.027,0.000,0.000,0.000,9,0,0,0,0.130,0.151,0.059,0.023,0.017,0.013,12,10,8,6
0.021,0.022,0.127,-0.79,0.151,-1,0.2254,0.3063,0.338,0.736,0.121,0.110,0.027,0.000,0.000,0.000,9,0,0,0,0.130,0.151,0.059,0.023,0.017,0.013,12,10,8,6
0.021,0.025,0.031,3.14,0.186,0,0.2762,0.3375,0.175,-0.486,0.121,0.110,0.027,0.000,0.000,0.000,9,0,0,0,0.130,0.151,0.059,0.023,0.017,0.013,12,10,8,6
0.024,0.034,0.162,1.99,0.186,0,0.3338,0.3704,0.179,-0.326,0.121,0.110,0.027,0.000,0.000,0.000,9,0,0,0,0.130,0.151,0.059,0.023,0.017,0.013,12,10,8,6
0.030,0.067,0.331,0.2,0.291,1,0.3930,0.4057,0.415,0.180,0.121,0.110,0.027,0.000,0.000,0.000,9,0,0,0,0.130,0.151,0.059,0.023,0.017,0.013,12,10,8,6
0.036,0.077,0.272,0,0.000,0,0.4378,0.4352,0.372,0.166,0.121,0.110,0.027,0.000,0.000,0.000,9,0,0,0,0.130,0.151,0.059,0.023,0.017,0.013,12,10,8,6
0.038,0.061,0.196,-0.79,0.151,-1,0.4509,0.4453,0.456,0.736,0.121,0.110,0.027,0.000,0.000,0.000,9,0,0,0,0.130,0.151,0.059,0.023,0.017,0.013,12,10,8,6
0.036,0.087,0.479,-0.08,0.108,0,0.4508,0.4513,0.281,0.059,0.121,0.110,0.027,0.000,0.000,0.000,9,0,0,0,0.130,0.151,0.059,0.023,0.017,0.013,12,10,8,6
0.033,0.070,0.111,-1.14,0.131,0,0.4284,0.4415,0.320,0.987,0.121,0.110,0.027,0.000,0.000,0.000,9,0,0,0,0.130,0.151,0.059,0.023,0.017,0.013,12,10,8,6
0.041,0.088,0.458,0.2,0.291,1,0.3953,0.4226,0.365,0.180,0.121,0.110,0.027,0.000,0.000,0.000,9,0,0,0,0.130,0.151,0.059,0.023,0.017,0.013,12,10,8,6
0.035,0.036,0.166,2.53,0.140,0,0.3623,0.4022,0.193,-0.121,0.121,0.110,0.027,0.000,0.000,0.000,9,0,0,0,0.130,0.151,0.059,0.023,0.017,0.013,12,10,8,6
0.043,0.032,0.399,-0.79,0.151,-1,0.3530,0.3958,0.446,0.736,0.121,0.110,0.027,0.000,0.000,0.000,9,0,0,0,0.130,0.151,0.059,0.023,0.017,0.013,12,10,8,6
0.056,0.055,0.478,-0.79,0.151,-1,0.3536,0.3952,0.462,0.736,0.121,0.110,0.027,0.000,0.000,0.000,9,0,0,0,0.130,0.151,0.059,0.023,0.017,0.013,12,10,8,6
0.048,0.114,0.497,2.53,0.140,0,0.3624,0.3970,0.263,-0.121,0.121,0.110,0.027,0.000,0.000,0.000,9,0,0,0,0.130,0.151,0.059,0.023,0.017,0.013,12,10,8,6
0.061,0.273,0.601,0,0.000,0,0.3706,0.3982,0.190,0.166,0.121,0.110,0.027,0.000,0.000,0.000,9,0,0,0,0.130,0.151,0.059,0.023,0.017,0.013,12,10,8,6
0.059,0.237,0.549,-1.14,0.131,0,0.3644,0.3923,0.379,0.987,0.121,0.110,0.027,0.000,0.000,0.000,9,0,0,0,0.130,0.151,0.059,0.023,0.017,0.013,12,10,8,6
0.048,0.318,0.584,1.37,0.298,0,0.3561,0.3861,0.267,-0.510,0.121,0.110,0.027,0.000,0.000,0.000,9,0,0,0,0.130,0.151,0.059,0.023,0.017,0.013,12,10,8,6
0.059,0.268,0.538,-0.08,0.108,0,0.3212,0.3644,0.232,0.059,0.121,0.110,0.027,0.000,0.000,0.000,9,0,0,0,0.130,0.151,0.059,0.023,0.017,0.013,12,10,8,6
0.060,0.284,0.654,1.37,0.298,0,0.2987,0.3562,0.149,-0.510,0.121,0.110,0.027,0.000,0.000,0.000,9,0,0,0,0.130,0.151,0.059,0.023,0.017,0.013,12,10,8,6
0.051,0.205,0.427,0.2,0.291,1,0.2685,0.3435,0.392,0.180,0.121,0.110,0.027,0.000,0.000,0.000,9,0,0,0,0.130,0.151,0.059,0.023,0.017,0.013,12,10,8,6
0.050,0.161,0.327,-0.79,0.151,-1,0.2377,0.3309,0.329,0.736,0.121,0.110,0.027,0.000,0.000,0.000,9,0,0,0,0.130,0.151,0.059,0.023,0.017,0.013,12,10,8,6
0.048,0.120,0.297,1.99,0.186,0,0.2221,0.3277,0.096,-0.326,0.121,0.110,0.027,0.000,0.000,0.000,9,0,0,0,0.130,0.151,0.059,0.023,0.017,0.013,12,10,8,6
0.050,0.221,0.521,0.2,0.291,1,0.2281,0.3365,0.281,0.180,0.121,0.110,0.027,0.000,0.000,0.000,9,0,0,0,0.130,0.151,0.059,0.023,0.017,0.013,12,10,8,6
0.063,0.188,0.197,-0.48,0.134,0,0.2480,0.3519,0.427,0.007,0.121,0.110,0.027,0.000,0.000,0.000,9,0,0,0,0.130,0.151,0.059,0.023,0.017,0.013,12,10,8,6
0.060,0.195,0.392,-1.19,0.219,1,0.2585,0.3591,0.367,0.586,0.121,0.110,0.027,0.000,0.000,0.000,9,0,0,0,0.130,0.151,0.059,0.023,0.017,0.013,12,10,8,6
0.056,0.117,0.050,0.85,0.046,0,0.2658,0.3603,0.184,0.06,0.121,0.110,0.027,0.000,0.000,0.000,9,0,0,0,0.130,0.151,0.059,0.023,0.017,0.013,12,10,8,6
0.057,0.148,0.252,-0.48,0.134,0,0.2681,0.3553,0.335,0.007,0.121,0.110,0.027,0.000,0.000,0.000,9,0,0,0,0.130,0.151,0.059,0.023,0.017,0.013,12,10,8,6
0.068,0.115,0.030,3.14,0.186,0,0.2745,0.3531,0.130,-0.486,0.121,0.110,0.027,0.000,0.000,0.000,9,0,0,0,0.130,0.151,0.059,0.023,0.017,0.013,12,10,8,6
0.072,0.134,0.165,-0.42,0.180,0,0.2750,0.3482,0.291,0.318,0.121,0.110,0.027,0.000,0.000,0.000,9,0,0,0,0.130,0.151,0.059,0.023,0.017,0.013,12,10,8,6
0.081,0.151,0.406,1.69,0.290,0,0.2854,0.3522,0.122,-0.697,0.121,0.110,0.027,0.000,0.000,0.000,9,0,0,0,0.130,0.151,0.059,0.023,0.017,0.013,12,10,8,6
0.082,0.118,0.235,0,0.000,0,0.2903,0.3518,0.227,0.166,0.121,0.110,0.027,0.000,0.000,0.000,9,0,0,0,0.130,0.151,0.059,0.023,0.017,0.013,12,10,8,6
0.086,0.123,0.120,-1.1,0.105,-1,0.2870,0.3443,0.374,0.192,0.121,0.110,0.027,0.000,0.000,0.000,9,0,0,0,0.130,0.151,0.059,0.023,0.017,0.013,12,10,8,6
0.107,0.130,0.105,-0.48,0.134,0,0.2671,0.3274,0.414,0.007,0.121,0.110,0.027,0.000,0.000,0.000,9,0,0,0,0.130,0.151,0.059,0.023,0.017,0.013,12,10,8,6
0.104,0.198,0.048,0,0.000,0,0.2415,0.3066,0.297,0.166,0.121,0.110,0.027,0.000,0.000,0.000,9,0,0,0,0.130,0.151,0.059,0.023,0.017,0.013,12,10,8,6
0.109,0.142,0.181,-0.08,0.108,0,0.2145,0.2860,0.223,0.059,0.121,0.110,0.027,0.000,0.000,0.000,9,0,0,0,0.130,0.151,0.059,0.023,0.017,0.013,12,10,8,6
0.088,0.159,0.496,-0.08,0.108,0,0.1873,0.2651,0.210,0.059,0.121,0.110,0.027,0.000,0.000,0.000,9,0,0,0,0.130,0.151,0.059,0.023,0.017,0.013,12,10,8,6
0.071,0.147,0.045,3.14,0.186,0,0.1795,0.2599,0.100,-0.486,0.121,0.110,0.027,0.000,0.000,0.000,9,0,0,0,0.130,0.151,0.059,0.023,0.017,0.013,12,10,8,6
0.068,0.150,0.500,-0.52,0.062,0,0.1714,0.2513,0.188,0.341,0.121,0.110,0.027,0.000,0.000,0.000,9,0,0,0,0.130,0.151,0.059,0.023,0.017,0.013,12,10,8,6
0.073,0.185,0.519,0.85,0.046,0,0.1761,0.2482,0.139,0.06,0.121,0.110,0.027,0.000,0.000,0.000,9,0,0,0,0.130,0.151,0.059,0.023,0.017,0.013,12,10,8,6
0.073,0.175,0.644,2.53,0.140,0,0.1891,0.2527,0.155,-0.121,0.121,0.110,0.027,0.000,0.000,0.000,9,0,0,0,0.130,0.151,0.059,0.023,0.017,0.013,12,10,8,6
0.086,0.290,0.555,-0.52,0.062,0,0.2067,0.2596,0.202,0.341,0.121,0.110,0.027,0.000,0.000,0.000,9,0,0,0,0.130,0.151,0.059,0.023,0.017,0.013,12,10,8,6
0.089,0.271,0.555,-0.48,0.134,0,0.2344,0.2758,0.279,0.007,0.121,0.110,0.027,0.000,0.000,0.000,9,0,0,0,0.130,0.151,0.059,0.023,0.017,0.013,12,10,8,6
0.092,0.240,0.563,-1.19,0.219,1,0.2514,0.2873,0.324,0.586,0.121,0.110,0.027,0.000,0.000,0.000,9,0,0,0,0.130,0.151,0.059,0.023,0.017,0.013,12,10,8,6
0.112,0.104,0.360,0.85,0.046,0,0.2536,0.2896,0.170,0.06,0.121,0.110,0.027,0.000,0.000,0.000,9,0,0,0,0.130,0.151,0.059,0.023,0.017,0.013,12,10,8,6
0.105,0.153,0.465,1.37,0.298,0,0.2445,0.2803,0.137,-0.510,0.121,0.110,0.027,0.000,0.000,0.000,9,0,0,0,0.130,0.151,0.059,0.023,0.017,0.013,12,10,8,6
0.106,0.076,0.352,2.53,0.140,0,0.2331,0.2691,0.141,-0.121,0.121,0.110,0.027,0.000,0.000,0.000,9,0,0,0,0.130,0.151,0.059,0.023,0.017,0.013,12,10,8,6
0.137,0.188,0.389,1.69,0.290,0,0.2211,0.2570,0.112,-0.697,0.121,0.110,0.027,0.000,0.000,0.000,9,0,0,0,0.130,0.151,0.059,0.023,0.017,0.013,12,10,8,6
0.137,0.109,0.165,-0.79,0.151,-1,0.2163,0.2508,0.287,0.736,0.121,0.110,0.027,0.000,0.000,0.000,9,0,0,0,0.130,0.151,0.059,0.023,0.017,0.013,12,10,8,6
0.126,0.227,0.513,0.2,0.291,1,0.2059,0.2343,0.307,0.180,0.121,0.110,0.027,0.000,0.000,0.000,9,0,0,0,0.130,0.151,0.059,0.023,0.017,0.013,12,10,8,6
0.124,0.113,0.380,-1.1,0.105,-1,0.1926,0.2138,0.385,0.192,0.121,0.110,0.027,0.000,0.000,0.000,9,0,0,0,0.130,0.151,0.059,0.023,0.017,0.013,12,10,8,6
0.121,0.097,0.312,-0.42,0.180,0,0.1781,0.1905,0.376,0.318,0.121,0.110,0.027,0.000,0.000,0.000,9,0,0,0,0.130,0.151,0.059,0.023,0.017,0.013,12,10,8,6
0.120,0.126,0.341,-0.52,0.062,0,0.1593,0.1621,0.427,0.341,0.121,0.110,0.027,0.000,0.000,0.000,9,0,0,0,0.130,0.151,0.059,0.023,0.017,0.013,12,10,8,6
0.134,0.064,0.209,2.53,0.140,0,0.1516,0.1427,0.339,-0.121,0.121,0.110,0.027,0.000,0.000,0.000,9,0,0,0,0.130,0.151,0.059,0.023,0.017,0.013,12,10,8,6
0.108,0.091,0.124,0,0.000,0,0.1571,0.1320,0.447,0.166,0.121,0.110,0.027,0.000,0.000,0.000,9,0,0,0,0.130,0.151,0.059,0.023,0.017,0.013,12,10,8,6
0.091,0.084,0.021,-1.1,0.105,-1,0.1668,0.1277,0.322,0.192,0.121,0.110,0.027,0.000,0.000,0.000,9,0,0,0,0.130,0.151,0.059,0.023,0.017,0.013,12,10,8,6
0.099,0.082,0.002,-1.14,0.131,0,0.1763,0.1235,0.313,0.987,0.121,0.110,0.027,0.000,0.000,0.000,9,0,0,0,0.130,0.151,0.059,0.023,0.017,0.013,12,10,8,6
0.095,0.150,0.009,-1.19,0.219,1,0.1845,0.1180,0.358,0.586,0.121,0.110,0.027,0.000,0.000,0.000,9,0,0,0,0.130,0.151,0.059,0.023,0.017,0.013,12,10,8,6
0.115,0.089,0.011,3.14,0.186,0,0.1851,0.1110,0.105,-0.486,0.121,0.110,0.027,0.000,0.000,0.000,9,0,0,0,0.130,0.151,0.059,0.023,0.017,0.013,12,10,8,6
0.141,0.079,0.003,-1.1,0.105,-1,0.1757,0.0969,0.260,0.192,0.121,0.110,0.027,0.000,0.000,0.000,9,0,0,0,0.130,0.151,0.059,0.023,0.017,0.013,12,10,8,6
0.129,0.065,0.013,1.99,0.186,0,0.1609,0.0818,0.092,-0.326,0.121,0.110,0.027,0.000,0.000,0.000,9,0,0,0,0.130,0.151,0.059,0.023,0.017,0.013,12,10,8,6
0.134,0.080,0.006,3.14,0.186,0,0.1393,0.0658,0.083,-0.486,0.121,0.110,0.027,0.000,0.000,0.000,9,0,0,0,0.130,0.151,0.059,0.023,0.017,0.013,12,10,8,6
0.135,0.162,0.471,0.2,0.291,1,0.1124,0.0489,0.277,0.180,0.121,0.110,0.027,0.000,0.000,0.000,9,0,0,0,0.130,0.151,0.059,0.023,0.017,0.013,12,10,8,6
0.105,0.124,0.339,-0.08,0.108,0,0.0821,0.0292,0.227,0.059,0.121,0.110,0.027,0.000,0.000,0.000,9,0,0,0,0.130,0.151,0.059,0.023,0.017,0.013,12,10,8,6
0.072,0.094,0.168,1.99,0.186,0,0.0573,0.0168,0.124,-0.326,0.121,0.110,0.027,0.000,0.000,0.000,9,0,0,0,0.130,0.151,0.059,0.023,0.017,0.013,12,10,8,6
0.074,0.096,0.570,-0.48,0.134,0,0.0396,0.0087,0.438,0.007,0.121,0.110,0.027,0.000,0.000,0.000,9,0,0,0,0.130,0.151,0.059,0.023,0.017,0.013,12,10,8,6
0.075,0.064,0.342,3.14,0.186,0,0.0382,0.0116,0.068,-0.486,0.121,0.110,0.027,0.000,0.000,0.000,9,0,0,0,0.130,0.151,0.059,0.023,0.017,0.013,12,10,8,6
0.078,0.041,0.350,-1.14,0.131,0,0.0382,0.0128,0.217,0.987,0.121,0.110,0.027,0.000,0.000,0.000,9,0,0,0,0.130,0.151,0.059,0.023,0.017,0.013,12,10,8,6
0.067,0.033,0.462,2.53,0.140,0,0.0328,0.0100,0.157,-0.121,0.121,0.110,0.027,0.000,0.000,0.000,9,0,0,0,0.130,0.151,0.059,0.023,0.017,0.013,12,10,8,6
0.056,0.032,0.093,1.99,0.186,0,0.0324,0.0102,0.096,-0.326,0.121,0.110,0.027,0.000,0.000,0.000,9,0,0,0,0.130,0.151,0.059,0.023,0.017,0.013,12,10,8,6
0.058,0.047,0.304,-0.08,0.108,0,0.0288,0.0081,0.120,0.059,0.121,0.110,0.027,0.000,0.000,0.000,9,0,0,0,0.130,0.151,0.059,0.023,0.017,0.013,12,10,8,6
0.061,0.036,0.176,2.53,0.140,0,0.0263,0.0068,0.103,-0.121,0.121,0.110,0.027,0.000,0.000,0.000,9,0,0,0,0.130,0.151,0.059,0.023,0.017,0.013,12,10,8,6
0.050,0.042,0.207,3.14,0.186,0,0.0263,0.0066,0.111,-0.486,0.121,0.110,0.027,0.000,0.000,0.000,9,0,0,0,0.130,0.151,0.059,0.023,0.017,0.013,12,10,8,6
0.047,0.041,0.045,-0.79,0.151,-1,0.0269,0.0067,0.201,0.736,0.121,0.110,0.027,0.000,0.000,0.000,9,0,0,0,0.130,0.151,0.059,0.023,0.017,0.013,12,10,8,6
0.048,0.069,0.140,1.76,0.409,0,0.0289,0.0073,0.159,-0.884,0.121,0.110,0.027,0.000,0.000,0.000,9,0,0,0,0.130,0.151,0.059,0.023,0.017,0.013,12,10,8,6
0.039,0.046,0.283,-0.52,0.062,0,0.0278,0.0069,0.185,0.341,0.121,0.110,0.027,0.000,0.000,0.000,9,0,0,0,0.130,0.151,0.059,0.023,0.017,0.013,12,10,8,6
0.047,0.051,0.417,-0.42,0.180,0,0.0249,0.0057,0.199,0.318,0.121,0.110,0.027,0.000,0.000,0.000,9,0,0,0,0.130,0.151,0.059,0.023,0.017,0.013,12,10,8,6
0.050,0.032,0.280,2.53,0.140,0,0.0221,0.0050,0.120,-0.121,0.121,0.110,0.027,0.000,0.000,0.000,9,0,0,0,0.130,0.151,0.059,0.023,0.017,0.013,12,10,8,6
0.053,0.054,0.198,0.22,0.230,0,0.0210,0.0048,0.266,0.303,0.121,0.110,0.027,0.000,0.000,0.000,9,0,0,0,0.130,0.151,0.059,0.023,0.017,0.013,12,10,8,6
0.066,0.065,0.325,1.69,0.290,0,0.0229,0.0052,0.082,-0.697,0.121,0.110,0.027,0.000,0.000,0.000,9,0,0,0,0.130,0.151,0.059,0.023,0.017,0.013,12,10,8,6
0.067,0.033,0.108,1.99,0.186,0,0.0272,0.0064,0.031,-0.326,0.121,0.110,0.027,0.000,0.000,0.000,9,0,0,0,0.130,0.151,0.059,0.023,0.017,0.013,12,10,8,6
0.063,0.054,0.431,0.2,0.291,1,0.0336,0.0079,0.243,0.180,0.121,0.110,0.027,0.000,0.000,0.000,9,0,0,0,0.130,0.151,0.059,0.023,0.017,0.013,12,10,8,6
0.060,0.029,0.132,-0.79,0.151,-1,0.0347,0.0079,0.343,0.736,0.121,0.110,0.027,0.000,0.000,0.000,9,0,0,0,0.130,0.151,0.059,0.023,0.017,0.013,12,10,8,6
0.060,0.025,0.081,3.14,0.186,0,0.0343,0.0077,0.035,-0.486,0.121,0.110,0.027,0.000,0.000,0.000,9,0,0,0,0.130,0.151,0.059,0.023,0.017,0.013,12,10,8,6
0.093,0.043,0.002,3.14,0.186,0,0.0340,0.0076,0.027,-0.486,0.121,0.110,0.027,0.000,0.000,0.000,9,0,0,0,0.130,0.151,0.059,0.023,0.017,0.013,12,10,8,6
0.134,0.045,0.234,-0.79,0.151,-1,0.0324,0.0070,0.354,0.736,0.121,0.110,0.027,0.000,0.000,0.000,9,0,0,0,0.130,0.151,0.059,0.023,0.017,0.013,12,10,8,6
0.105,0.049,0.016,0.85,0.046,0,0.0320,0.0066,0.266,0.06,0.121,0.110,0.027,0.000,0.000,0.000,9,0,0,0,0.130,0.151,0.059,0.023,0.017,0.013,12,10,8,6
0.109,0.073,0.012,1.42,0.221,0,0.0300,0.0055,0.026,-0.397,0.121,0.110,0.027,0.000,0.000,0.000,9,0,0,0,0.130,0.151,0.059,0.023,0.017,0.013,12,10,8,6
0.103,0.061,0.001,1.99,0.186,0,0.0336,0.0056,0.080,-0.326,0.121,0.110,0.027,0.000,0.000,0.000,9,0,0,0,0.130,0.151,0.059,0.023,0.017,0.013,12,10,8,6
0.103,0.033,0.267,-1.19,0.219,1,0.0388,0.0060,0.548,0.586,0.121,0.110,0.027,0.000,0.000,0.000,9,0,0,0,0.130,0.151,0.059,0.023,0.017,0.013,12,10,8,6
0.119,0.030,0.057,0.85,0.046,0,0.0451,0.0067,0.233,0.06,0.121,0.110,0.027,0.000,0.000,0.000,9,0,0,0,0.130,0.151,0.059,0.023,0.017,0.013,12,10,8,6
0.120,0.067,0.118,1.37,0.298,0,0.0520,0.0079,0.111,-0.510,0.121,0.110,0.027,0.000,0.000,0.000,9,0,0,0,0.130,0.151,0.059,0.023,0.017,0.013,12,10,8,6
0.111,0.037,0.013,-0.42,0.180,0,0.0585,0.0092,0.364,0.318,0.121,0.110,0.027,0.000,0.000,0.000,9,0,0,0,0.130,0.151,0.059,0.023,0.017,0.013,12,10,8,6
0.111,0.095,0.033,-0.42,0.180,0,0.0592,0.0094,0.377,0.318,0.121,0.110,0.027,0.000,0.000,0.000,9,0,0,0,0.130,0.151,0.059,0.023,0.017,0.013,12,10,8,6
0.113,0.098,0.102,-1.19,0.219,1,0.0556,0.0088,0.338,0.586,0.121,0.110,0.027,0.000,0.000,0.000,9,0,0,0,0.130,0.151,0.059,0.023,0.017,0.013,12,10,8,6
0.115,0.108,0.017,1.99,0.186,0,0.0504,0.0079,0.116,-0.326,0.121,0.110,0.027,0.000,0.000,0.000,9,0,0,0,0.130,0.151,0.059,0.023,0.017,0.013,12,10,8,6
0.098,0.098,0.487,1.69,0.290,0,0.0458,0.0073,0.148,-0.697,0.121,0.110,0.027,0.000,0.000,0.000,9,0,0,0,0.130,0.151,0.059,0.023,0.017,0.013,12,10,8,6
0.099,0.108,0.388,2.53,0.140,0,0.0439,0.0074,0.129,-0.121,0.121,0.110,0.027,0.000,0.000,0.000,9,0,0,0,0.130,0.151,0.059,0.023,0.017,0.013,12,10,8,6
0.084,0.170,0.584,-0.08,0.108,0,0.0441,0.0079,0.194,0.059,0.121,0.110,0.027,0.000,0.000,0.000,9,0,0,0,0.130,0.151,0.059,0.023,0.017,0.013,12,10,8,6
0.106,0.185,0.573,0.22,0.230,0,0.0457,0.0085,0.178,0.303,0.121,0.110,0.027,0.000,0.000,0.000,9,0,0,0,0.130,0.151,0.059,0.023,0.017,0.013,12,10,8,6
0.081,0.158,0.772,-0.08,0.108,0,0.0455,0.0086,0.189,0.059,0.121,0.110,0.027,0.000,0.000,0.000,9,0,0,0,0.130,0.151,0.059,0.023,0.017,0.013,12,10,8,6
0.065,0.214,0.280,2.53,0.140,0,0.0463,0.0090,0.117,-0.121,0.121,0.110,0.027,0.000,0.000,0.000,9,0,0,0,0.130,0.151,0.059,0.023,0.017,0.013,12,10,8,6
0.072,0.213,0.440,-1.1,0.105,-1,0.0466,0.0095,0.251,0.192,0.121,0.110,0.027,0.000,0.000,0.000,9,0,0,0,0.130,0.151,0.059,0.023,0.017,0.013,12,10,8,6
0.074,0.205,0.153,-0.79,0.151,-1,0.0459,0.0099,0.279,0.736,0.121,0.110,0.027,0.000,0.000,0.000,9,0,0,0,0.130,0.151,0.059,0.023,0.017,0.013,12,10,8,6
0.081,0.211,0.027,1.99,0.186,0,0.0412,0.0092,0.111,-0.326,0.121,0.110,0.027,0.000,0.000,0.000,9,0,0,0,0.130,0.151,0.059,0.023,0.017,0.013,12,10,8,6
0.064,0.234,0.010,1.99,0.186,0,0.0334,0.0079,0.111,-0.326,0.121,0.110,0.027,0.000,0.000,0.000,9,0,0,0,0.130,0.151,0.059,0.023,0.017,0.013,12,10,8,6
0.063,0.251,0.187,1.76,0.409,0,0.0285,0.0075,0.241,-0.884,0.121,0.110,0.027,0.000,0.000,0.000,9,0,0,0,0.130,0.151,0.059,0.023,0.017,0.013,12,10,8,6
0.083,0.229,0.111,0,0.000,0,0.0230,0.0067,0.244,0.166,0.121,0.110,0.027,0.000,0.000,0.000,9,0,0,0,0.130,0.151,0.059,0.023,0.017,0.013,12,10,8,6
0.083,0.255,0.202,1.37,0.298,0,0.0206,0.0064,0.115,-0.510,0.121,0.110,0.027,0.000,0.000,0.000,9,0,0,0,0.130,0.151,0.059,0.023,0.017,0.013,12,10,8,6
0.071,0.154,0.466,-1.19,0.219,1,0.0200,0.0060,0.400,0.586,0.121,0.110,0.027,0.000,0.000,0.000,9,0,0,0,0.130,0.151,0.059,0.023,0.017,0.013,12,10,8,6
0.069,0.157,0.225,-1.1,0.105,-1,0.0219,0.0064,0.380,0.192,0.121,0.110,0.027,0.000,0.000,0.000,9,0,0,0,0.130,0.151,0.059,0.023,0.017,0.013,12,10,8,6
0.069,0.088,0.002,-0.79,0.151,-1,0.0223,0.0065,0.256,0.736,0.121,0.110,0.027,0.000,0.000,0.000,9,0,0,0,0.130,0.151,0.059,0.023,0.017,0.013,12,10,8,6
0.066,0.103,0.001,3.14,0.186,0,0.0211,0.0073,0.084,-0.486,0.121,0.110,0.027,0.000,0.000,0.000,9,0,0,0,0.130,0.151,0.059,0.023,0.017,0.013,12,10,8,6
0.067,0.093,0.001,1.99,0.186,0,0.0219,0.0096,0.098,-0.326,0.121,0.110,0.027,0.000,0.000,0.000,9,0,0,0,0.130,0.151,0.059,0.023,0.017,0.013,12,10,8,6
0.088,0.127,0.006,-0.52,0.062,0,0.0224,0.0123,0.176,0.341,0.121,0.110,0.027,0.000,0.000,0.000,9,0,0,0,0.130,0.151,0.059,0.023,0.017,0.013,12,10,8,6
0.084,0.117,0.003,1.99,0.186,0,0.0239,0.0155,0.059,-0.326,0.121,0.110,0.027,0.000,0.000,0.000,9,0,0,0,0.130,0.151,0.059,0.023,0.017,0.013,12,10,8,6
0.075,0.110,0.001,3.14,0.186,0,0.0252,0.0172,0.045,-0.486,0.121,0.110,0.027,0.000,0.000,0.000,9,0,0,0,0.130,0.151,0.059,0.023,0.017,0.013,12,10,8,6
0.090,0.147,0.040,0.22,0.230,0,0.0248,0.0183,0.186,0.303,0.121,0.110,0.027,0.000,0.000,0.000,9,0,0,0,0.130,0.151,0.059,0.023,0.017,0.013,12,10,8,6
0.090,0.098,0.003,2.53,0.140,0,0.0227,0.0180,0.087,-0.121,0.121,0.110,0.027,0.000,0.000,0.000,9,0,0,0,0.130,0.151,0.059,0.023,0.017,0.013,12,10,8,6
0.101,0.173,0.026,1.69,0.290,0,0.0186,0.0156,0.087,-0.697,0.121,0.110,0.027,0.000,0.000,0.000,9,0,0,0,0.130,0.151,0.059,0.023,0.017,0.013,12,10,8,6
0.066,0.154,0.426,0.2,0.291,1,0.0157,0.0141,0.188,0.180,0.121,0.110,0.027,0.000,0.000,0.000,9,0,0,0,0.130,0.151,0.059,0.023,0.017,0.013,12,10,8,6
0.061,0.104,0.068,-1.14,0.131,0,0.0163,0.0144,0.304,0.987,0.121,0.110,0.027,0.000,0.000,0.000,9,0,0,0,0.130,0.151,0.059,0.023,0.017,0.013,12,10,8,6
0.061,0.087,0.241,-1.1,0.105,-1,0.0054,0.0066,0.381,0.192,0.121,0.110,0.027,0.000,0.000,0.000,9,0,0,0,0.130,0.151,0.059,0.023,0.017,0.013,12,10,8,6
0.079,0.070,0.064,3.14,0.186,0,0.0012,0.0028,0.195,-0.486,0.121,0.110,0.027,0.000,0.000,0.000,9,0,0,0,0.130,0.151,0.059,0.023,0.017,0.013,12,10,8,6
0.066,0.122,0.318,-0.52,0.062,0,0.0102,0.0104,0.175,0.341,0.121,0.110,0.027,0.000,0.000,0.000,9,0,0,0,0.130,0.151,0.059,0.023,0.017,0.013,12,10,8,6
0.064,0.104,0.222,-1.14,0.131,0,0.0319,0.0303,0.245,0.987,0.121,0.110,0.027,0.000,0.000,0.000,9,0,0,0,0.130,0.151,0.059,0.023,0.017,0.013,12,10,8,6
0.061,0.147,0.383,1.37,0.298,0,0.0599,0.0560,0.161,-0.510,0.121,0.110,0.027,0.000,0.000,0.000,9,0,0,0,0.130,0.151,0.059,0.023,0.017,0.013,12,10,8,6
0.053,0.111,0.537,1.69,0.290,0,0.0875,0.0817,0.098,-0.697,0.121,0.110,0.027,0.000,0.000,0.000,9,0,0,0,0.130,0.151,0.059,0.023,0.017,0.013,12,10,8,6
0.047,0.125,0.286,0,0.000,0,0.1120,0.1056,0.110,0.166,0.121,0.110,0.027,0.000,0.000,0.000,9,0,0,0,0.130,0.151,0.059,0.023,0.017,0.013,12,10,8,6
0.048,0.129,0.156,1.99,0.186,0,0.1283,0.1218,0.106,-0.326,0.121,0.110,0.027,0.000,0.000,0.000,9,0,0,0,0.130,0.151,0.059,0.023,0.017,0.013,12,10,8,6
0.056,0.166,0.382,1.69,0.290,0,0.1275,0.1237,0.088,-0.697,0.121,0.110,0.027,0.000,0.000,0.000,9,0,0,0,0.130,0.151,0.059,0.023,0.017,0.013,12,10,8,6
0.048,0.226,0.669,1.37,0.298,0,0.1161,0.1163,0.095,-0.510,0.121,0.110,0.027,0.000,0.000,0.000,9,0,0,0,0.130,0.151,0.059,0.023,0.017,0.013,12,10,8,6
0.050,0.176,0.487,-0.79,0.151,-1,0.0998,0.1036,0.251,0.736,0.121,0.110,0.027,0.000,0.000,0.000,9,0,0,0,0.130,0.151,0.059,0.023,0.017,0.013,12,10,8,6
0.043,0.236,0.704,-1.19,0.219,1,0.0850,0.0916,0.404,0.586,0.121,0.110,0.027,0.000,0.000,0.000,9,0,0,0,0.130,0.151,0.059,0.023,0.017,0.013,12,10,8,6
0.043,0.237,0.730,-0.48,0.134,0,0.0585,0.0712,0.393,0.007,0.121,0.110,0.027,0.000,0.000,0.000,9,0,0,0,0.130,0.151,0.059,0.023,0.017,0.013,12,10,8,6
0.039,0.223,0.508,0,0.000,0,0.0490,0.0626,0.328,0.166,0.121,0.110,0.027,0.000,0.000,0.000,9,0,0,0,0.130,0.151,0.059,0.023,0.017,0.013,12,10,8,6
0.042,0.217,0.586,-0.08,0.108,0,0.0540,0.0650,0.340,0.059,0.121,0.110,0.027,0.000,0.000,0.000,9,0,0,0,0.130,0.151,0.059,0.023,0.017,0.013,12,10,8,6
0.038,0.215,0.344,-0.48,0.134,0,0.0701,0.0765,0.415,0.007,0.121,0.110,0.027,0.000,0.000,0.000,9,0,0,0,0.130,0.151,0.059,0.023,0.017,0.013,12,10,8,6
0.045,0.213,0.290,-1.1,0.105,-1,0.1028,0.1014,0.415,0.192,0.121,0.110,0.027,0.000,0.000,0.000,9,0,0,0,0.130,0.151,0.059,0.023,0.017,0.013,12,10,8,6
0.046,0.201,0.030,0,0.000,0,0.1448,0.1338,0.229,0.166,0.121,0.110,0.027,0.000,0.000,0.000,9,0,0,0,0.130,0.151,0.059,0.023,0.017,0.013,12,10,8,6
0.041,0.170,0.052,-1.1,0.105,-1,0.1679,0.1513,0.222,0.192,0.121,0.110,0.027,0.000,0.000,0.000,9,0,0,0,0.130,0.151,0.059,0.023,0.017,0.013,12,10,8,6
0.050,0.151,0.281,1.37,0.298,0,0.1801,0.1595,0.096,-0.510,0.121,0.110,0.027,0.000,0.000,0.000,9,0,0,0,0.130,0.151,0.059,0.023,0.017,0.013,12,10,8,6
0.048,0.096,0.169,2.53,0.140,0,0.1790,0.1585,0.072,-0.121,0.121,0.110,0.027,0.000,0.000,0.000,9,0,0,0,0.130,0.151,0.059,0.023,0.017,0.013,12,10,8,6
0.048,0.168,0.243,1.69,0.290,0,0.1680,0.1511,0.094,-0.697,0.121,0.110,0.027,0.000,0.000,0.000,9,0,0,0,0.130,0.151,0.059,0.023,0.017,0.013,12,10,8,6
0.036,0.146,0.249,1.99,0.186,0,0.1459,0.1350,0.057,-0.326,0.121,0.110,0.027,0.000,0.000,0.000,9,0,0,0,0.130,0.151,0.059,0.023,0.017,0.013,12,10,8,6
0.055,0.169,0.525,-0.08,0.108,0,0.1176,0.1142,0.154,0.059,0.121,0.110,0.027,0.000,0.000,0.000,9,0,0,0,0.130,0.151,0.059,0.023,0.017,0.013,12,10,8,6
0.052,0.139,0.544,0,0.000,0,0.0858,0.0913,0.163,0.166,0.121,0.110,0.027,0.000,0.000,0.000,9,0,0,0,0.130,0.151,0.059,0.023,0.017,0.013,12,10,8,6
0.055,0.093,0.431,-0.79,0.151,-1,0.0588,0.0719,0.400,0.736,0.121,0.110,0.027,0.000,0.000,0.000,9,0,0,0,0.130,0.151,0.059,0.023,0.017,0.013,12,10,8,6
0.053,0.088,0.544,-1.1,0.105,-1,0.0310,0.0528,0.293,0.192,0.121,0.110,0.027,0.000,0.000,0.000,9,0,0,0,0.130,0.151,0.059,0.023,0.017,0.013,12,10,8,6
0.037,0.130,0.388,-0.52,0.062,0,0.0182,0.0448,0.146,0.341,0.121,0.110,0.027,0.000,0.000,0.000,9,0,0,0,0.130,0.151,0.059,0.023,0.017,0.013,12,10,8,6
0.030,0.140,0.327,1.37,0.298,0,0.0247,0.0515,0.196,-0.510,0.121,0.110,0.027,0.000,0.000,0.000,9,0,0,0,0.130,0.151,0.059,0.023,0.017,0.013,12,10,8,6
0.032,0.108,0.355,1.99,0.186,0,0.0461,0.0716,0.149,-0.326,0.121,0.110,0.027,0.000,0.000,0.000,9,0,0,0,0.130,0.151,0.059,0.023,0.017,0.013,12,10,8,6
0.046,0.168,0.379,-0.48,0.134,0,0.0593,0.0879,0.216,0.007,0.121,0.110,0.027,0.000,0.000,0.000,9,0,0,0,0.130,0.151,0.059,0.023,0.017,0.013,12,10,8,6
0.044,0.180,0.086,1.69,0.290,0,0.0792,0.1071,0.058,-0.697,0.121,0.110,0.027,0.000,0.000,0.000,9,0,0,0,0.130,0.151,0.059,0.023,0.017,0.013,12,10,8,6
0.057,0.199,0.380,-0.08,0.108,0,0.0888,0.1153,0.219,0.059,0.121,0.110,0.027,0.000,0.000,0.000,9,0,0,0,0.130,0.151,0.059,0.023,0.017,0.013,12,10,8,6
0.057,0.172,0.433,-1.19,0.219,1,0.0920,0.1184,0.284,0.586,0.121,0.110,0.027,0.000,0.000,0.000,9,0,0,0,0.130,0.151,0.059,0.023,0.017,0.013,12,10,8,6
0.057,0.106,0.086,3.14,0.186,0,0.0862,0.1120,0.085,-0.486,0.121,0.110,0.027,0.000,0.000,0.000,9,0,0,0,0.130,0.151,0.059,0.023,0.017,0.013,12,10,8,6
0.038,0.074,0.201,2.53,0.140,0,0.0755,0.1010,0.099,-0.121,0.121,0.110,0.027,0.000,0.000,0.000,9,0,0,0,0.130,0.151,0.059,0.023,0.017,0.013,12,10,8,6
0.032,0.112,0.152,-0.79,0.151,-1,0.0627,0.0901,0.293,0.736,0.121,0.110,0.027,0.000,0.000,0.000,9,0,0,0,0.130,0.151,0.059,0.023,0.017,0.013,12,10,8,6
0.032,0.182,0.335,1.76,0.409,0,0.0498,0.0805,0.169,-0.884,0.121,0.110,0.027,0.000,0.000,0.000,9,0,0,0,0.130,0.151,0.059,0.023,0.017,0.013,12,10,8,6
0.029,0.178,0.200,-0.48,0.134,0,0.0350,0.0701,0.338,0.007,0.121,0.110,0.027,0.000,0.000,0.000,9,0,0,0,0.130,0.151,0.059,0.023,0.017,0.013,12,10,8,6
0.031,0.227,0.208,0,0.000,0,0.0297,0.0697,0.361,0.166,0.121,0.110,0.027,0.000,0.000,0.000,9,0,0,0,0.130,0.151,0.059,0.023,0.017,0.013,12,10,8,6
0.040,0.205,0.503,-1.19,0.219,1,0.0264,0.0741,0.431,0.586,0.121,0.110,0.027,0.000,0.000,0.000,9,0,0,0,0.130,0.151,0.059,0.023,0.017,0.013,12,10,8,6
0.049,0.167,0.386,-0.08,0.108,0,0.0325,0.0858,0.260,0.059,0.121,0.110,0.027,0.000,0.000,0.000,9,0,0,0,0.130,0.151,0.059,0.023,0.017,0.013,12,10,8,6
0.050,0.154,0.609,-0.52,0.062,0,0.0405,0.0987,0.240,0.341,0.121,0.110,0.027,0.000,0.000,0.000,9,0,0,0,0.130,0.151,0.059,0.023,0.017,0.013,12,10,8,6
0.056,0.056,0.346,1.99,0.186,0,0.0478,0.1087,0.119,-0.326,0.121,0.110,0.027,0.000,0.000,0.000,9,0,0,0,0.130,0.151,0.059,0.023,0.017,0.013,12,10,8,6
0.043,0.047,0.477,-1.1,0.105,-1,0.0594,0.1185,0.205,0.192,0.121,0.110,0.027,0.000,0.000,0.000,9,0,0,0,0.130,0.151,0.059,0.023,0.017,0.013,12,10,8,6
0.037,0.064,0.286,1.76,0.409,0,0.0792,0.1327,0.110,-0.884,0.121,0.110,0.027,0.000,0.000,0.000,9,0,0,0,0.130,0.151,0.059,0.023,0.017,0.013,12,10,8,6
0.038,0.086,0.598,1.76,0.409,0,0.0917,0.1373,0.097,-0.884,0.121,0.110,0.027,0.000,0.000,0.000,9,0,0,0,0.130,0.151,0.059,0.023,0.017,0.013,12,10,8,6
0.045,0.060,0.171,3.14,0.186,0,0.1075,0.1445,0.061,-0.486,0.121,0.110,0.027,0.000,0.000,0.000,9,0,0,0,0.130,0.151,0.059,0.023,0.017,0.013,12,10,8,6
0.063,0.102,0.279,-0.08,0.108,0,0.1261,0.1558,0.171,0.059,0.121,0.110,0.027,0.000,0.000,0.000,9,0,0,0,0.130,0.151,0.059,0.023,0.017,0.013,12,10,8,6
0.077,0.121,0.291,-1.1,0.105,-1,0.1383,0.1644,0.244,0.192,0.121,0.110,0.027,0.000,0.000,0.000,9,0,0,0,0.130,0.151,0.059,0.023,0.017,0.013,12,10,8,6
0.072,0.108,0.370,-1.19,0.219,1,0.1349,0.1621,0.320,0.586,0.121,0.110,0.027,0.000,0.000,0.000,9,0,0,0,0.130,0.151,0.059,0.023,0.017,0.013,12,10,8,6
0.061,0.077,0.310,2.1,0.128,0,0.1284,0.1591,0.091,0.02,0.121,0.110,0.027,0.000,0.000,0.000,9,0,0,0,0.130,0.151,0.059,0.023,0.017,0.013,12,10,8,6
0.052,0.108,0.318,-0.48,0.134,0,0.1134,0.1460,0.207,0.007,0.121,0.110,0.027,0.000,0.000,0.000,9,0,0,0,0.130,0.151,0.059,0.023,0.017,0.013,12,10,8,6
0.053,0.070,0.495,1.42,0.221,0,0.1064,0.1367,0.136,-0.397,0.121,0.110,0.027,0.000,0.000,0.000,9,0,0,0,0.130,0.151,0.059,0.023,0.017,0.013,12,10,8,6
0.051,0.122,0.384,3.14,0.186,0,0.1073,0.1369,0.136,-0.486,0.121,0.110,0.027,0.000,0.000,0.000,9,0,0,0,0.130,0.151,0.059,0.023,0.017,0.013,12,10,8,6
0.053,0.129,0.781,-0.48,0.134,0,0.1238,0.1463,0.330,0.007,0.121,0.110,0.027,0.000,0.000,0.000,9,0,0,0,0.130,0.151,0.059,0.023,0.017,0.013,12,10,8,6
0.076,0.158,0.669,0,0.000,0,0.1485,0.1596,0.182,0.166,0.121,0.110,0.027,0.000,0.000,0.000,9,0,0,0,0.130,0.151,0.059,0.023,0.017,0.013,12,10,8,6
0.105,0.142,0.653,-0.08,0.108,0,0.1836,0.1804,0.342,0.059,0.121,0.110,0.027,0.000,0.000,0.000,9,0,0,0,0.130,0.151,0.059,0.023,0.017,0.013,12,10,8,6
0.134,0.101,0.601,-1.1,0.105,-1,0.2104,0.1943,0.396,0.192,0.121,0.110,0.027,0.000,0.000,0.000,9,0,0,0,0.130,0.151,0.059,0.023,0.017,0.013,12,10,8,6
0.135,0.076,0.376,0,0.000,0,0.2294,0.2025,0.258,0.166,0.121,0.110,0.027,0.000,0.000,0.000,9,0,0,0,0.130,0.151,0.059,0.023,0.017,0.013,12,10,8,6
0.115,0.067,0.317,-1.1,0.105,-1,0.2303,0.1977,0.377,0.192,0.121,0.110,0.027,0.000,0.000,0.000,9,0,0,0,0.130,0.151,0.059,0.023,0.017,0.013,12,10,8,6
0.092,0.067,0.426,-0.52,0.062,0,0.2160,0.1830,0.209,0.341,0.121,0.110,0.027,0.000,0.000,0.000,9,0,0,0,0.130,0.151,0.059,0.023,0.017,0.013,12,10,8,6
0.089,0.087,0.364,1.69,0.290,0,0.1996,0.1691,0.114,-0.697,0.121,0.110,0.027,0.000,0.000,0.000,9,0,0,0,0.130,0.151,0.059,0.023,0.017,0.013,12,10,8,6
0.094,0.078,0.401,0.22,0.230,0,0.1795,0.1570,0.180,0.303,0.121,0.110,0.027,0.000,0.000,0.000,9,0,0,0,0.130,0.151,0.059,0.023,0.017,0.013,12,10,8,6
0.090,0.050,0.364,-1.14,0.131,0,0.1462,0.1341,0.229,0.987,0.121,0.110,0.027,0.000,0.000,0.000,9,0,0,0,0.130,0.151,0.059,0.023,0.017,0.013,12,10,8,6
0.076,0.039,0.278,1.99,0.186,0,0.1161,0.1137,0.180,-0.326,0.121,0.110,0.027,0.000,0.000,0.000,9,0,0,0,0.130,0.151,0.059,0.023,0.017,0.013,12,10,8,6
0.086,0.043,0.113,3.14,0.186,0,0.0961,0.0995,0.125,-0.486,0.121,0.110,0.027,0.000,0.000,0.000,9,0,0,0,0.130,0.151,0.059,0.023,0.017,0.013,12,10,8,6
0.089,0.056,0.166,-0.08,0.108,0,0.0841,0.0931,0.252,0.059,0.121,0.110,0.027,0.000,0.000,0.000,9,0,0,0,0.130,0.151,0.059,0.023,0.017,0.013,12,10,8,6
0.090,0.061,0.192,-1.19,0.219,1,0.0727,0.0871,0.449,0.586,0.121,0.110,0.027,0.000,0.000,0.000,9,0,0,0,0.130,0.151,0.059,0.023,0.017,0.013,12,10,8,6
0.077,0.029,0.030,-1.1,0.105,-1,0.0637,0.0816,0.431,0.192,0.121,0.110,0.027,0.000,0.000,0.000,9,0,0,0,0.130,0.151,0.059,0.023,0.017,0.013,12,10,8,6
0.077,0.020,0.004,-0.79,0.151,-1,0.0523,0.0711,0.279,0.736,0.121,0.110,0.027,0.000,0.000,0.000,9,0,0,0,0.130,0.151,0.059,0.023,0.017,0.013,12,10,8,6
0.084,0.031,0.104,2.53,0.140,0,0.0428,0.0591,0.087,-0.121,0.121,0.110,0.027,0.000,0.000,0.000,9,0,0,0,0.130,0.151,0.059,0.023,0.017,0.013,12,10,8,6
0.084,0.057,0.017,1.99,0.186,0,0.0290,0.0455,0.103,-0.326,0.121,0.110,0.027,0.000,0.000,0.000,9,0,0,0,0.130,0.151,0.059,0.023,0.017,0.013,12,10,8,6
0.102,0.141,0.356,1.37,0.298,0,0.0218,0.0358,0.124,-0.510,0.121,0.110,0.027,0.000,0.000,0.000,9,0,0,0,0.130,0.151,0.059,0.023,0.017,0.013,12,10,8,6
0.085,0.124,0.026,2.53,0.140,0,0.0174,0.0289,0.066,-0.121,0.121,0.110,0.027,0.000,0.000,0.000,9,0,0,0,0.130,0.151,0.059,0.023,0.017,0.013,12,10,8,6
0.086,0.179,0.308,1.69,0.290,0,0.0182,0.0276,0.056,-0.697,0.121,0.110,0.027,0.000,0.000,0.000,9,0,0,0,0.130,0.151,0.059,0.023,0.017,0.013,12,10,8,6
0.082,0.105,0.058,-1.14,0.131,0,0.0200,0.0267,0.190,0.987,0.121,0.110,0.027,0.000,0.000,0.000,9,0,0,0,0.130,0.151,0.059,0.023,0.017,0.013,12,10,8,6
0.069,0.153,0.292,-0.52,0.062,0,0.0206,0.0254,0.253,0.341,0.121,0.110,0.027,0.000,0.000,0.000,9,0,0,0,0.130,0.151,0.059,0.023,0.017,0.013,12,10,8,6
0.077,0.084,0.344,-1.1,0.105,-1,0.0151,0.0195,0.314,0.192,0.121,0.110,0.027,0.000,0.000,0.000,9,0,0,0,0.130,0.151,0.059,0.023,0.017,0.013,12,10,8,6
0.059,0.082,0.068,1.69,0.290,0,0.0114,0.0162,0.176,-0.697,0.121,0.110,0.027,0.000,0.000,0.000,9,0,0,0,0.130,0.151,0.059,0.023,0.017,0.013,12,10,8,6
0.054,0.083,0.305,2.1,0.128,0,0.0105,0.0165,0.107,0.02,0.121,0.110,0.027,0.000,0.000,0.000,9,0,0,0,0.130,0.151,0.059,0.023,0.017,0.013,12,10,8,6
0.054,0.146,0.757,0.2,0.291,1,0.0154,0.0223,0.248,0.180,0.121,0.110,0.027,0.000,0.000,0.000,9,0,0,0,0.130,0.151,0.059,0.023,0.017,0.013,12,10,8,6
0.057,0.104,0.634,-0.52,0.062,0,0.0215,0.0288,0.117,0.341,0.121,0.110,0.027,0.000,0.000,0.000,9,0,0,0,0.130,0.151,0.059,0.023,0.017,0.013,12,10,8,6
0.058,0.079,0.117,2.53,0.140,0,0.0262,0.0338,0.080,-0.121,0.121,0.110,0.027,0.000,0.000,0.000,9,0,0,0,0.130,0.151,0.059,0.023,0.017,0.013,12,10,8,6
0.063,0.124,0.553,1.37,0.298,0,0.0307,0.0374,0.161,-0.510,0.121,0.110,0.027,0.000,0.000,0.000,9,0,0,0,0.130,0.151,0.059,0.023,0.017,0.013,12,10,8,6
0.064,0.152,0.069,3.14,0.186,0,0.0377,0.0439,0.052,-0.486,0.121,0.110,0.027,0.000,0.000,0.000,9,0,0,0,0.130,0.151,0.059,0.023,0.017,0.013,12,10,8,6
0.078,0.153,0.389,-0.08,0.108,0,0.0427,0.0469,0.120,0.059,0.121,0.110,0.027,0.000,0.000,0.000,9,0,0,0,0.130,0.151,0.059,0.023,0.017,0.013,12,10,8,6
0.078,0.185,0.391,1.69,0.290,0,0.0466,0.0497,0.069,-0.697,0.121,0.110,0.027,0.000,0.000,0.000,9,0,0,0,0.130,0.151,0.059,0.023,0.017,0.013,12,10,8,6
0.074,0.113,0.411,-0.52,0.062,0,0.0409,0.0441,0.260,0.341,0.121,0.110,0.027,0.000,0.000,0.000,9,0,0,0,0.130,0.151,0.059,0.023,0.017,0.013,12,10,8,6
0.063,0.082,0.400,-1.1,0.105,-1,0.0371,0.0389,0.296,0.192,0.121,0.110,0.027,0.000,0.000,0.000,9,0,0,0,0.130,0.151,0.059,0.023,0.017,0.013,12,10,8,6
0.081,0.091,0.469,1.37,0.298,0,0.0342,0.0342,0.225,-0.510,0.121,0.110,0.027,0.000,0.000,0.000,9,0,0,0,0.130,0.151,0.059,0.023,0.017,0.013,12,10,8,6
0.070,0.060,0.415,-0.79,0.151,-1,0.0352,0.0335,0.428,0.736,0.121,0.110,0.027,0.000,0.000,0.000,9,0,0,0,0.130,0.151,0.059,0.023,0.017,0.013,12,10,8,6
0.084,0.106,0.558,-0.52,0.062,0,0.0427,0.0386,0.273,0.341,0.121,0.110,0.027,0.000,0.000,0.000,9,0,0,0,0.130,0.151,0.059,0.023,0.017,0.013,12,10,8,6
0.079,0.084,0.451,2.53,0.140,0,0.0489,0.0450,0.251,-0.121,0.121,0.110,0.027,0.000,0.000,0.000,9,0,0,0,0.130,0.151,0.059,0.023,0.017,0.013,12,10,8,6
0.076,0.123,0.551,-0.42,0.180,0,0.0582,0.0537,0.459,0.318,0.121,0.110,0.027,0.000,0.000,0.000,9,0,0,0,0.130,0.151,0.059,0.023,0.017,0.013,12,10,8,6
0.086,0.184,0.568,0,0.000,0,0.0711,0.0633,0.359,0.166,0.121,0.110,0.027,0.000,0.000,0.000,9,0,0,0,0.130,0.151,0.059,0.023,0.017,0.013,12,10,8,6
0.071,0.174,0.254,1.99,0.186,0,0.0767,0.0667,0.150,-0.326,0.121,0.110,0.027,0.000,0.000,0.000,9,0,0,0,0.130,0.151,0.059,0.023,0.017,0.013,12,10,8,6
0.073,0.131,0.502,-1.14,0.131,0,0.0830,0.0695,0.308,0.987,0.121,0.110,0.027,0.000,0.000,0.000,9,0,0,0,0.130,0.151,0.059,0.023,0.017,0.013,12,10,8,6
0.089,0.166,0.535,0.85,0.046,0,0.0891,0.0726,0.285,0.06,0.121,0.110,0.027,0.000,0.000,0.000,9,0,0,0,0.130,0.151,0.059,0.023,0.017,0.013,12,10,8,6
0.085,0.193,0.479,1.69,0.290,0,0.0979,0.0751,0.134,-0.697,0.121,0.110,0.027,0.000,0.000,0.000,9,0,0,0,0.130,0.151,0.059,0.023,0.017,0.013,12,10,8,6
0.075,0.230,0.589,0.2,0.291,1,0.1104,0.0806,0.328,0.180,0.121,0.110,0.027,0.000,0.000,0.000,9,0,0,0,0.130,0.151,0.059,0.023,0.017,0.013,12,10,8,6
0.080,0.223,0.468,1.37,0.298,0,0.1280,0.0896,0.194,-0.510,0.121,0.110,0.027,0.000,0.000,0.000,9,0,0,0,0.130,0.151,0.059,0.023,0.017,0.013,12,10,8,6
0.103,0.129,0.453,-1.19,0.219,1,0.1386,0.0952,0.423,0.586,0.121,0.110,0.027,0.000,0.000,0.000,9,0,0,0,0.130,0.151,0.059,0.023,0.017,0.013,12,10,8,6
0.094,0.096,0.160,2.53,0.140,0,0.1483,0.1014,0.117,-0.121,0.121,0.110,0.027,0.000,0.000,0.000,9,0,0,0,0.130,0.151,0.059,0.023,0.017,0.013,12,10,8,6
0.079,0.053,0.235,-1.14,0.131,0,0.1487,0.1020,0.207,0.987,0.121,0.110,0.027,0.000,0.000,0.000,9,0,0,0,0.130,0.151,0.059,0.023,0.017,0.013,12,10,8,6
0.083,0.034,0.247,0.85,0.046,0,0.1421,0.0994,0.256,0.06,0.121,0.110,0.027,0.000,0.000,0.000,9,0,0,0,0.130,0.151,0.059,0.023,0.017,0.013,12,10,8,6
0.083,0.019,0.066,-0.79,0.151,-1,0.1228,0.0890,0.340,0.736,0.121,0.110,0.027,0.000,0.000,0.000,9,0,0,0,0.130,0.151,0.059,0.023,0.017,0.013,12,10,8,6
0.068,0.011,0.004,3.14,0.186,0,0.1169,0.0861,0.091,-0.486,0.121,0.110,0.027,0.000,0.000,0.000,9,0,0,0,0.130,0.151,0.059,0.023,0.017,0.013,12,10,8,6
0.073,0.009,0.008,1.99,0.186,0,0.1131,0.0821,0.109,-0.326,0.121,0.110,0.027,0.000,0.000,0.000,9,0,0,0,0.130,0.151,0.059,0.023,0.017,0.013,12,10,8,6
0.071,0.012,0.003,0.85,0.046,0,0.1201,0.0821,0.221,0.06,0.121,0.110,0.027,0.000,0.000,0.000,9,0,0,0,0.130,0.151,0.059,0.023,0.017,0.013,12,10,8,6
0.083,0.033,0.184,-0.48,0.134,0,0.1310,0.0836,0.282,0.007,0.121,0.110,0.027,0.000,0.000,0.000,9,0,0,0,0.130,0.151,0.059,0.023,0.017,0.013,12,10,8,6
0.064,0.031,0.138,-0.08,0.108,0,0.1352,0.0815,0.172,0.059,0.121,0.110,0.027,0.000,0.000,0.000,9,0,0,0,0.130,0.151,0.059,0.023,0.017,0.013,12,10,8,6
0.074,0.050,0.065,-0.52,0.062,0,0.1475,0.0838,0.292,0.341,0.121,0.110,0.027,0.000,0.000,0.000,9,0,0,0,0.130,0.151,0.059,0.023,0.017,0.013,12,10,8,6
0.049,0.043,0.108,-1.1,0.105,-1,0.1626,0.0880,0.380,0.192,0.121,0.110,0.027,0.000,0.000,0.000,9,0,0,0,0.130,0.151,0.059,0.023,0.017,0.013,12,10,8,6
0.051,0.048,0.316,-0.48,0.134,0,0.1734,0.0896,0.335,0.007,0.121,0.110,0.027,0.000,0.000,0.000,9,0,0,0,0.130,0.151,0.059,0.023,0.017,0.013,12,10,8,6
0.053,0.025,0.153,0.85,0.046,0,0.1798,0.0904,0.203,0.06,0.121,0.110,0.027,0.000,0.000,0.000,9,0,0,0,0.130,0.151,0.059,0.023,0.017,0.013,12,10,8,6
0.054,0.034,0.218,0,0.000,0,0.1790,0.0886,0.171,0.166,0.121,0.110,0.027,0.000,0.000,0.000,9,0,0,0,0.130,0.151,0.059,0.023,0.017,0.013,12,10,8,6
0.071,0.051,0.357,1.69,0.290,0,0.1715,0.0814,0.080,-0.697,0.121,0.110,0.027,0.000,0.000,0.000,9,0,0,0,0.130,0.151,0.059,0.023,0.017,0.013,12,10,8,6
0.074,0.053,0.058,2.1,0.128,0,0.1626,0.0761,0.105,0.02,0.121,0.110,0.027,0.000,0.000,0.000,9,0,0,0,0.130,0.151,0.059,0.023,0.017,0.013,12,10,8,6
0.075,0.069,0.070,3.14,0.186,0,0.1584,0.0744,0.065,-0.486,0.121,0.110,0.027,0.000,0.000,0.000,9,0,0,0,0.130,0.151,0.059,0.023,0.017,0.013,12,10,8,6
0.074,0.066,0.170,-1.14,0.131,0,0.1486,0.0716,0.162,0.987,0.121,0.110,0.027,0.000,0.000,0.000,9,0,0,0,0.130,0.151,0.059,0.023,0.017,0.013,12,10,8,6
0.074,0.069,0.149,-0.79,0.151,-1,0.1413,0.0702,0.353,0.736,0.121,0.110,0.027,0.000,0.000,0.000,9,0,0,0,0.130,0.151,0.059,0.023,0.017,0.013,12,10,8,6
0.078,0.050,0.114,0,0.000,0,0.1156,0.0589,0.238,0.166,0.121,0.110,0.027,0.000,0.000,0.000,9,0,0,0,0.130,0.151,0.059,0.023,0.017,0.013,12,10,8,6
0.078,0.053,0.130,-0.48,0.134,0,0.0874,0.0439,0.213,0.007,0.121,0.110,0.027,0.000,0.000,0.000,9,0,0,0,0.130,0.151,0.059,0.023,0.017,0.013,12,10,8,6
0.079,0.025,0.146,2.1,0.128,0,0.0640,0.0302,0.105,0.02,0.121,0.110,0.027,0.000,0.000,0.000,9,0,0,0,0.130,0.151,0.059,0.023,0.017,0.013,12,10,8,6
0.097,0.019,0.166,1.99,0.186,0,0.0582,0.0245,0.171,-0.326,0.121,0.110,0.027,0.000,0.000,0.000,9,0,0,0,0.130,0.151,0.059,0.023,0.017,0.013,12,10,8,6
0.120,0.040,0.410,0,0.000,0,0.0611,0.0234,0.185,0.166,0.121,0.110,0.027,0.000,0.000,0.000,9,0,0,0,0.130,0.151,0.059,0.023,0.017,0.013,12,10,8,6
0.099,0.039,0.475,-0.52,0.062,0,0.0793,0.0300,0.220,0.341,0.121,0.110,0.027,0.000,0.000,0.000,9,0,0,0,0.130,0.151,0.059,0.023,0.017,0.013,12,10,8,6
0.123,0.054,0.239,0,0.000,0,0.0941,0.0348,0.128,0.166,0.121,0.110,0.027,0.000,0.000,0.000,9,0,0,0,0.130,0.151,0.059,0.023,0.017,0.013,12,10,8,6
0.120,0.033,0.288,2.53,0.140,0,0.1007,0.0364,0.146,-0.121,0.121,0.110,0.027,0.000,0.000,0.000,9,0,0,0,0.130,0.151,0.059,0.023,0.017,0.013,12,10,8,6
0.118,0.040,0.122,1.99,0.186,0,0.1073,0.0397,0.076,-0.326,0.121,0.110,0.027,0.000,0.000,0.000,9,0,0,0,0.130,0.151,0.059,0.023,0.017,0.013,12,10,8,6
0.120,0.069,0.357,-0.48,0.134,0,0.1081,0.0436,0.148,0.007,0.121,0.110,0.027,0.000,0.000,0.000,9,0,0,0,0.130,0.151,0.059,0.023,0.017,0.013,12,10,8,6
0.143,0.061,0.139,2.53,0.140,0,0.1043,0.0473,0.074,-0.121,0.121,0.110,0.027,0.000,0.000,0.000,9,0,0,0,0.130,0.151,0.059,0.023,0.017,0.013,12,10,8,6
0.146,0.086,0.491,-0.52,0.062,0,0.0892,0.0462,0.140,0.341,0.121,0.110,0.027,0.000,0.000,0.000,9,0,0,0,0.130,0.151,0.059,0.023,0.017,0.013,12,10,8,6
0.180,0.067,0.359,3.14,0.186,0,0.0720,0.0450,0.091,-0.486,0.121,0.110,0.027,0.000,0.000,0.000,9,0,0,0,0.130,0.151,0.059,0.023,0.017,0.013,12,10,8,6
0.145,0.080,0.349,2.1,0.128,0,0.0534,0.0401,0.074,0.02,0.121,0.110,0.027,0.000,0.000,0.000,9,0,0,0,0.130,0.151,0.059,0.023,0.017,0.013,12,10,8,6
0.140,0.142,0.497,-1.19,0.219,1,0.0372,0.0351,0.387,0.586,0.121,0.110,0.027,0.000,0.000,0.000,9,0,0,0,0.130,0.151,0.059,0.023,0.017,0.013,12,10,8,6
0.147,0.153,0.387,-0.48,0.134,0,0.0331,0.0365,0.383,0.007,0.121,0.110,0.027,0.000,0.000,0.000,9,0,0,0,0.130,0.151,0.059,0.023,0.017,0.013,12,10,8,6
0.116,0.194,0.291,0,0.000,0,0.0377,0.0409,0.363,0.166,0.121,0.110,0.027,0.000,0.000,0.000,9,0,0,0,0.130,0.151,0.059,0.023,0.017,0.013,12,10,8,6
0.101,0.140,0.192,0.85,0.046,0,0.0486,0.0472,0.122,0.06,0.121,0.110,0.027,0.000,0.000,0.000,9,0,0,0,0.130,0.151,0.059,0.023,0.017,0.013,12,10,8,6
0.098,0.141,0.441,-1.14,0.131,0,0.0494,0.0506,0.172,0.987,0.121,0.110,0.027,0.000,0.000,0.000,9,0,0,0,0.130,0.151,0.059,0.023,0.017,0.013,12,10,8,6
0.099,0.089,0.288,3.14,0.186,0,0.0545,0.0631,0.080,-0.486,0.121,0.110,0.027,0.000,0.000,0.000,9,0,0,0,0.130,0.151,0.059,0.023,0.017,0.013,12,10,8,6
0.112,0.083,0.530,3.14,0.186,0,0.0610,0.0770,0.127,-0.486,0.121,0.110,0.027,0.000,0.000,0.000,9,0,0,0,0.130,0.151,0.059,0.023,0.017,0.013,12,10,8,6
0.091,0.126,0.379,1.42,0.221,0,0.0684,0.0939,0.081,-0.397,0.121,0.110,0.027,0.000,0.000,0.000,9,0,0,0,0.130,0.151,0.059,0.023,0.017,0.013,12,10,8,6
0.090,0.215,0.643,-0.52,0.062,0,0.0758,0.1128,0.097,0.341,0.121,0.110,0.027,0.000,0.000,0.000,9,0,0,0,0.130,0.151,0.059,0.023,0.017,0.013,12,10,8,6
0.075,0.226,0.484,1.69,0.290,0,0.0826,0.1298,0.089,-0.697,0.121,0.110,0.027,0.000,0.000,0.000,9,0,0,0,0.130,0.151,0.059,0.023,0.017,0.013,12,10,8,6
0.073,0.221,0.515,-1.14,0.131,0,0.0790,0.1335,0.185,0.987,0.121,0.110,0.027,0.000,0.000,0.000,9,0,0,0,0.130,0.151,0.059,0.023,0.017,0.013,12,10,8,6
0.062,0.262,0.750,0.22,0.230,0,0.0722,0.1342,0.213,0.303,0.121,0.110,0.027,0.000,0.000,0.000,9,0,0,0,0.130,0.151,0.059,0.023,0.017,0.013,12,10,8,6
0.074,0.194,0.371,1.69,0.290,0,0.0567,0.1275,0.128,-0.697,0.121,0.110,0.027,0.000,0.000,0.000,9,0,0,0,0.130,0.151,0.059,0.023,0.017,0.013,12,10,8,6
0.070,0.146,0.513,1.37,0.298,0,0.0450,0.1255,0.198,-0.510,0.121,0.110,0.027,0.000,0.000,0.000,9,0,0,0,0.130,0.151,0.059,0.023,0.017,0.013,12,10,8,6
0.056,0.081,0.290,-0.42,0.180,0,0.0441,0.1331,0.347,0.318,0.121,0.110,0.027,0.000,0.000,0.000,9,0,0,0,0.130,0.151,0.059,0.023,0.017,0.013,12,10,8,6
0.060,0.042,0.301,0.85,0.046,0,0.0508,0.1479,0.180,0.06,0.121,0.110,0.027,0.000,0.000,0.000,9,0,0,0,0.130,0.151,0.059,0.023,0.017,0.013,12,10,8,6
0.065,0.043,0.377,-1.1,0.105,-1,0.0590,0.1648,0.263,0.192,0.121,0.110,0.027,0.000,0.000,0.000,9,0,0,0,0.130,0.151,0.059,0.023,0.017,0.013,12,10,8,6
0.072,0.039,0.248,-0.79,0.151,-1,0.0714,0.1860,0.420,0.736,0.121,0.110,0.027,0.000,0.000,0.000,9,0,0,0,0.130,0.151,0.059,0.023,0.017,0.013,12,10,8,6
0.065,0.058,0.323,0.2,0.291,1,0.0992,0.2181,0.309,0.180,0.121,0.110,0.027,0.000,0.000,0.000,9,0,0,0,0.130,0.151,0.059,0.023,0.017,0.013,12,10,8,6
0.052,0.045,0.134,1.69,0.290,0,0.1498,0.2701,0.071,-0.697,0.121,0.110,0.027,0.000,0.000,0.000,9,0,0,0,0.130,0.151,0.059,0.023,0.017,0.013,12,10,8,6
0.062,0.032,0.024,2.53,0.140,0,0.2066,0.3239,0.097,-0.121,0.121,0.110,0.027,0.000,0.000,0.000,9,0,0,0,0.130,0.151,0.059,0.023,0.017,0.013,12,10,8,6
0.052,0.039,0.073,-0.52,0.062,0,0.2748,0.3820,0.259,0.341,0.121,0.110,0.027,0.000,0.000,0.000,9,0,0,0,0.130,0.151,0.059,0.023,0.017,0.013,12,10,8,6
0.046,0.024,0.002,0.85,0.046,0,0.3309,0.4282,0.152,0.06,0.121,0.110,0.027,0.000,0.000,0.000,9,0,0,0,0.130,0.151,0.059,0.023,0.017,0.013,12,10,8,6
0.061,0.028,0.007,3.14,0.186,0,0.3586,0.4490,0.077,-0.486,0.121,0.110,0.027,0.000,0.000,0.000,9,0,0,0,0.130,0.151,0.059,0.023,0.017,0.013,12,10,8,6
0.055,0.020,0.009,-0.79,0.151,-1,0.3733,0.4562,0.333,0.736,0.121,0.110,0.027,0.000,0.000,0.000,9,0,0,0,0.130,0.151,0.059,0.023,0.017,0.013,12,10,8,6
0.054,0.023,0.048,0,0.000,0,0.3766,0.4553,0.332,0.166,0.121,0.110,0.027,0.000,0.000,0.000,9,0,0,0,0.130,0.151,0.059,0.023,0.017,0.013,12,10,8,6
0.044,0.015,0.090,1.42,0.221,0,0.3565,0.4373,0.170,-0.397,0.121,0.110,0.027,0.000,0.000,0.000,9,0,0,0,0.130,0.151,0.059,0.023,0.017,0.013,12,10,8,6
0.046,0.015,0.320,0.22,0.230,0,0.3334,0.4163,0.263,0.303,0.121,0.110,0.027,0.000,0.000,0.000,9,0,0,0,0.130,0.151,0.059,0.023,0.017,0.013,12,10,8,6
0.055,0.003,0.185,-1.14,0.131,0,0.3174,0.3968,0.368,0.987,0.121,0.110,0.027,0.000,0.000,0.000,9,0,0,0,0.130,0.151,0.059,0.023,0.017,0.013,12,10,8,6
0.051,0.005,0.197,-0.48,0.134,0,0.3169,0.3896,0.452,0.007,0.121,0.110,0.027,0.000,0.000,0.000,9,0,0,0,0.130,0.151,0.059,0.023,0.017,0.013,12,10,8,6
0.053,0.005,0.148,-0.42,0.180,0,0.3141,0.3799,0.411,0.318,0.121,0.110,0.027,0.000,0.000,0.000,9,0,0,0,0.130,0.151,0.059,0.023,0.017,0.013,12,10,8,6
0.050,0.002,0.097,-0.79,0.151,-1,0.3219,0.3808,0.529,0.736,0.121,0.110,0.027,0.000,0.000,0.000,9,0,0,0,0.130,0.151,0.059,0.023,0.017,0.013,12,10,8,6
0.047,0.002,0.084,-1.1,0.105,-1,0.3440,0.3926,0.374,0.192,0.121,0.110,0.027,0.000,0.000,0.000,9,0,0,0,0.130,0.151,0.059,0.023,0.017,0.013,12,10,8,6
0.045,0.010,0.042,0.22,0.230,0,0.3655,0.4038,0.261,0.303,0.121,0.110,0.027,0.000,0.000,0.000,9,0,0,0,0.130,0.151,0.059,0.023,0.017,0.013,12,10,8,6
0.047,0.003,0.029,-0.79,0.151,-1,0.3646,0.3966,0.381,0.736,0.121,0.110,0.027,0.000,0.000,0.000,9,0,0,0,0.130,0.151,0.059,0.023,0.017,0.013,12,10,8,6
0.057,0.008,0.014,-0.08,0.108,0,0.3451,0.3771,0.198,0.059,0.121,0.110,0.027,0.000,0.000,0.000,9,0,0,0,0.130,0.151,0.059,0.023,0.017,0.013,12,10,8,6
0.054,0.011,0.235,1.69,0.290,0,0.3070,0.3391,0.103,-0.697,0.121,0.110,0.027,0.000,0.000,0.000,9,0,0,0,0.130,0.151,0.059,0.023,0.017,0.013,12,10,8,6
0.051,0.015,0.013,2.53,0.140,0,0.2616,0.2963,0.157,-0.121,0.121,0.110,0.027,0.000,0.000,0.000,9,0,0,0,0.130,0.151,0.059,0.023,0.017,0.013,12,10,8,6
0.060,0.033,0.408,-1.1,0.105,-1,0.2087,0.2463,0.308,0.192,0.121,0.110,0.027,0.000,0.000,0.000,9,0,0,0,0.130,0.151,0.059,0.023,0.017,0.013,12,10,8,6
0.063,0.068,0.039,3.14,0.186,0,0.1712,0.2080,0.094,-0.486,0.121,0.110,0.027,0.000,0.000,0.000,9,0,0,0,0.130,0.151,0.059,0.023,0.017,0.013,12,10,8,6
0.076,0.110,0.435,-0.48,0.134,0,0.1369,0.1732,0.218,0.007,0.121,0.110,0.027,0.000,0.000,0.000,9,0,0,0,0.130,0.151,0.059,0.023,0.017,0.013,12,10,8,6
0.098,0.103,0.438,-1.14,0.131,0,0.1008,0.1349,0.276,0.987,0.121,0.110,0.027,0.000,0.000,0.000,9,0,0,0,0.130,0.151,0.059,0.023,0.017,0.013,12,10,8,6
0.125,0.082,0.345,1.99,0.186,0,0.0822,0.1112,0.125,-0.326,0.121,0.110,0.027,0.000,0.000,0.000,9,0,0,0,0.130,0.151,0.059,0.023,0.017,0.013,12,10,8,6
0.107,0.087,0.476,-0.08,0.108,0,0.0722,0.0948,0.173,0.059,0.121,0.110,0.027,0.000,0.000,0.000,9,0,0,0,0.130,0.151,0.059,0.023,0.017,0.013,12,10,8,6
0.097,0.070,0.397,0,0.000,0,0.0540,0.0735,0.201,0.166,0.121,0.110,0.027,0.000,0.000,0.000,9,0,0,0,0.130,0.151,0.059,0.023,0.017,0.013,12,10,8,6
0.116,0.054,0.255,3.14,0.186,0,0.0392,0.0555,0.125,-0.486,0.121,0.110,0.027,0.000,0.000,0.000,9,0,0,0,0.130,0.151,0.059,0.023,0.017,0.013,12,10,8,6
0.103,0.053,0.460,3.14,0.186,0,0.0300,0.0424,0.077,-0.486,0.121,0.110,0.027,0.000,0.000,0.000,9,0,0,0,0.130,0.151,0.059,0.023,0.017,0.013,12,10,8,6
0.122,0.074,0.215,1.99,0.186,0,0.0273,0.0352,0.107,-0.326,0.121,0.110,0.027,0.000,0.000,0.000,9,0,0,0,0.130,0.151,0.059,0.023,0.017,0.013,12,10,8,6
0.109,0.094,0.539,-1.19,0.219,1,0.0247,0.0291,0.345,0.586,0.121,0.110,0.027,0.000,0.000,0.000,9,0,0,0,0.130,0.151,0.059,0.023,0.017,0.013,12,10,8,6
0.114,0.089,0.292,0.85,0.046,0,0.0247,0.0272,0.096,0.06,0.121,0.110,0.027,0.000,0.000,0.000,9,0,0,0,0.130,0.151,0.059,0.023,0.017,0.013,12,10,8,6
0.144,0.092,0.441,0.85,0.046,0,0.0249,0.0261,0.115,0.06,0.121,0.110,0.027,0.000,0.000,0.000,9,0,0,0,0.130,0.151,0.059,0.023,0.017,0.013,12,10,8,6
0.206,0.157,0.742,-1.19,0.219,1,0.0243,0.0244,0.390,0.586,0.121,0.110,0.027,0.000,0.000,0.000,9,0,0,0,0.130,0.151,0.059,0.023,0.017,0.013,12,10,8,6
0.213,0.228,0.822,0.2,0.291,1,0.0186,0.0191,0.345,0.180,0.121,0.110,0.027,0.000,0.000,0.000,9,0,0,0,0.130,0.151,0.059,0.023,0.017,0.013,12,10,8,6
0.207,0.148,0.224,1.69,0.290,0,0.0188,0.0186,0.099,-0.697,0.121,0.110,0.027,0.000,0.000,0.000,9,0,0,0,0.130,0.151,0.059,0.023,0.017,0.013,12,10,8,6
0.209,0.179,0.727,-0.42,0.180,0,0.0192,0.0171,0.292,0.318,0.121,0.110,0.027,0.000,0.000,0.000,9,0,0,0,0.130,0.151,0.059,0.023,0.017,0.013,12,10,8,6
0.171,0.130,0.235,3.14,0.186,0,0.0252,0.0200,0.060,-0.486,0.121,0.110,0.027,0.000,0.000,0.000,9,0,0,0,0.130,0.151,0.059,0.023,0.017,0.013,12,10,8,6
0.176,0.146,0.595,-0.48,0.134,0,0.0291,0.0219,0.232,0.007,0.121,0.110,0.027,0.000,0.000,0.000,9,0,0,0,0.130,0.151,0.059,0.023,0.017,0.013,12,10,8,6
0.148,0.089,0.123,3.14,0.186,0,0.0352,0.0250,0.071,-0.486,0.121,0.110,0.027,0.000,0.000,0.000,9,0,0,0,0.130,0.151,0.059,0.023,0.017,0.013,12,10,8,6
0.142,0.087,0.381,1.37,0.298,0,0.0437,0.0284,0.134,-0.510,0.121,0.110,0.027,0.000,0.000,0.000,9,0,0,0,0.130,0.151,0.059,0.023,0.017,0.013,12,10,8,6
0.117,0.054,0.096,2.53,0.140,0,0.0536,0.0333,0.064,-0.121,0.121,0.110,0.027,0.000,0.000,0.000,9,0,0,0,0.130,0.151,0.059,0.023,0.017,0.013,12,10,8,6
0.112,0.069,0.314,-1.19,0.219,1,0.0617,0.0364,0.353,0.586,0.121,0.110,0.027,0.000,0.000,0.000,9,0,0,0,0.130,0.151,0.059,0.023,0.017,0.013,12,10,8,6
0.108,0.047,0.448,-1.19,0.219,1,0.0644,0.0359,0.348,0.586,0.121,0.110,0.027,0.000,0.000,0.000,9,0,0,0,0.130,0.151,0.059,0.023,0.017,0.013,12,10,8,6
0.090,0.021,0.401,1.99,0.186,0,0.0648,0.0349,0.137,-0.326,0.121,0.110,0.027,0.000,0.000,0.000,9,0,0,0,0.130,0.151,0.059,0.023,0.017,0.013,12,10,8,6
0.082,0.015,0.035,-1.1,0.105,-1,0.0650,0.0340,0.377,0.192,0.121,0.110,0.027,0.000,0.000,0.000,9,0,0,0,0.130,0.151,0.059,0.023,0.017,0.013,12,10,8,6
0.105,0.016,0.120,-1.1,0.105,-1,0.0656,0.0343,0.369,0.192,0.121,0.110,0.027,0.000,0.000,0.000,9,0,0,0,0.130,0.151,0.059,0.023,0.017,0.013,12,10,8,6
0.108,0.014,0.271,1.69,0.290,0,0.0625,0.0330,0.174,-0.697,0.121,0.110,0.027,0.000,0.000,0.000,9,0,0,0,0.130,0.151,0.059,0.023,0.017,0.013,12,10,8,6
0.091,0.009,0.010,2.53,0.140,0,0.0582,0.0315,0.175,-0.121,0.121,0.110,0.027,0.000,0.000,0.000,9,0,0,0,0.130,0.151,0.059,0.023,0.017,0.013,12,10,8,6
0.103,0.015,0.052,-0.79,0.151,-1,0.0605,0.0349,0.471,0.736,0.121,0.110,0.027,0.000,0.000,0.000,9,0,0,0,0.130,0.151,0.059,0.023,0.017,0.013,12,10,8,6
0.106,0.016,0.375,-0.08,0.108,0,0.0594,0.0367,0.395,0.059,0.121,0.110,0.027,0.000,0.000,0.000,9,0,0,0,0.130,0.151,0.059,0.023,0.017,0.013,12,10,8,6
0.124,0.020,0.150,0,0.000,0,0.0594,0.0395,0.346,0.166,0.121,0.110,0.027,0.000,0.000,0.000,9,0,0,0,0.130,0.151,0.059,0.023,0.017,0.013,12,10,8,6
0.111,0.023,0.205,-1.1,0.105,-1,0.0583,0.0417,0.334,0.192,0.121,0.110,0.027,0.000,0.000,0.000,9,0,0,0,0.130,0.151,0.059,0.023,0.017,0.013,12,10,8,6
0.088,0.015,0.111,3.14,0.186,0,0.0613,0.0455,0.092,-0.486,0.121,0.110,0.027,0.000,0.000,0.000,9,0,0,0,0.130,0.151,0.059,0.023,0.017,0.013,12,10,8,6
0.059,0.040,0.577,0.2,0.291,1,0.0649,0.0490,0.254,0.180,0.121,0.110,0.027,0.000,0.000,0.000,9,0,0,0,0.130,0.151,0.059,0.023,0.017,0.013,12,10,8,6
0.048,0.033,0.284,-0.08,0.108,0,0.0718,0.0541,0.165,0.059,0.121,0.110,0.027,0.000,0.000,0.000,9,0,0,0,0.130,0.151,0.059,0.023,0.017,0.013,12,10,8,6
0.053,0.029,0.174,1.42,0.221,0,0.0713,0.0551,0.074,-0.397,0.121,0.110,0.027,0.000,0.000,0.000,9,0,0,0,0.130,0.151,0.059,0.023,0.017,0.013,12,10,8,6
0.055,0.027,0.014,2.53,0.140,0,0.0717,0.0564,0.116,-0.121,0.121,0.110,0.027,0.000,0.000,0.000,9,0,0,0,0.130,0.151,0.059,0.023,0.017,0.013,12,10,8,6
0.073,0.034,0.191,1.69,0.290,0,0.0727,0.0564,0.059,-0.697,0.121,0.110,0.027,0.000,0.000,0.000,9,0,0,0,0.130,0.151,0.059,0.023,0.017,0.013,12,10,8,6
0.071,0.029,0.190,-1.14,0.131,0,0.0795,0.0623,0.102,0.987,0.121,0.110,0.027,0.000,0.000,0.000,9,0,0,0,0.130,0.151,0.059,0.023,0.017,0.013,12,10,8,6
0.084,0.052,0.220,2.53,0.140,0,0.0895,0.0708,0.071,-0.121,0.121,0.110,0.027,0.000,0.000,0.000,9,0,0,0,0.130,0.151,0.059,0.023,0.017,0.013,12,10,8,6
0.110,0.051,0.064,1.42,0.221,0,0.0855,0.0693,0.119,-0.397,0.121,0.110,0.027,0.000,0.000,0.000,9,0,0,0,0.130,0.151,0.059,0.023,0.017,0.013,12,10,8,6
0.088,0.127,0.444,1.37,0.298,0,0.0822,0.0689,0.148,-0.510,0.121,0.110,0.027,0.000,0.000,0.000,9,0,0,0,0.130,0.151,0.059,0.023,0.017,0.013,12,10,8,6
0.087,0.045,0.141,1.99,0.186,0,0.0887,0.0757,0.107,-0.326,0.121,0.110,0.027,0.000,0.000,0.000,9,0,0,0,0.130,0.151,0.059,0.023,0.017,0.013,12,10,8,6
0.090,0.074,0.423,-0.48,0.134,0,0.1025,0.0884,0.202,0.007,0.121,0.110,0.027,0.000,0.000,0.000,9,0,0,0,0.130,0.151,0.059,0.023,0.017,0.013,12,10,8,6
0.091,0.029,0.449,-0.79,0.151,-1,0.1101,0.0974,0.348,0.736,0.121,0.110,0.027,0.000,0.000,0.000,9,0,0,0,0.130,0.151,0.059,0.023,0.017,0.013,12,10,8,6
0.099,0.030,0.380,-0.52,0.062,0,0.1030,0.0928,0.220,0.341,0.121,0.110,0.027,0.000,0.000,0.000,9,0,0,0,0.130,0.151,0.059,0.023,0.017,0.013,12,10,8,6
0.095,0.012,0.096,2.53,0.140,0,0.1048,0.0938,0.148,-0.121,0.121,0.110,0.027,0.000,0.000,0.000,9,0,0,0,0.130,0.151,0.059,0.023,0.017,0.013,12,10,8,6
0.118,0.018,0.359,0.22,0.230,0,0.1175,0.0996,0.338,0.303,0.121,0.110,0.027,0.000,0.000,0.000,9,0,0,0,0.130,0.151,0.059,0.023,0.017,0.013,12,10,8,6
0.150,0.014,0.357,3.14,0.186,0,0.1475,0.1125,0.138,-0.486,0.121,0.110,0.027,0.000,0.000,0.000,9,0,0,0,0.130,0.151,0.059,0.023,0.017,0.013,12,10,8,6
0.162,0.025,0.378,-1.1,0.105,-1,0.1789,0.1246,0.292,0.192,0.121,0.110,0.027,0.000,0.000,0.000,9,0,0,0,0.130,0.151,0.059,0.023,0.017,0.013,12,10,8,6
0.159,0.043,0.388,-1.19,0.219,1,0.2065,0.1333,0.481,0.586,0.121,0.110,0.027,0.000,0.000,0.000,9,0,0,0,0.130,0.151,0.059,0.023,0.017,0.013,12,10,8,6
0.130,0.037,0.300,-0.79,0.151,-1,0.2272,0.1369,0.489,0.736,0.121,0.110,0.027,0.000,0.000,0.000,9,0,0,0,0.130,0.151,0.059,0.023,0.017,0.013,12,10,8,6
0.138,0.041,0.391,-0.08,0.108,0,0.2361,0.1345,0.161,0.059,0.121,0.110,0.027,0.000,0.000,0.000,9,0,0,0,0.130,0.151,0.059,0.023,0.017,0.013,12,10,8,6
0.132,0.046,0.159,0.85,0.046,0,0.2356,0.1261,0.164,0.06,0.121,0.110,0.027,0.000,0.000,0.000,9,0,0,0,0.130,0.151,0.059,0.023,0.017,0.013,12,10,8,6
0.154,0.051,0.282,-0.52,0.062,0,0.2308,0.1138,0.418,0.341,0.121,0.110,0.027,0.000,0.000,0.000,9,0,0,0,0.130,0.151,0.059,0.023,0.017,0.013,12,10,8,6
0.183,0.065,0.216,0.2,0.291,1,0.2208,0.0971,0.336,0.180,0.121,0.110,0.027,0.000,0.000,0.000,9,0,0,0,0.130,0.151,0.059,0.023,0.017,0.013,12,10,8,6
0.171,0.043,0.003,1.99,0.186,0,0.2100,0.0843,0.052,-0.326,0.121,0.110,0.027,0.000,0.000,0.000,9,0,0,0,0.130,0.151,0.059,0.023,0.017,0.013,12,10,8,6
0.163,0.056,0.332,-1.19,0.219,1,0.1941,0.0713,0.333,0.586,0.121,0.110,0.027,0.000,0.000,0.000,9,0,0,0,0.130,0.151,0.059,0.023,0.017,0.013,12,10,8,6
0.129,0.038,0.500,-0.52,0.062,0,0.1640,0.0502,0.339,0.341,0.121,0.110,0.027,0.000,0.000,0.000,9,0,0,0,0.130,0.151,0.059,0.023,0.017,0.013,12,10,8,6
0.129,0.024,0.298,1.42,0.221,0,0.1346,0.0333,0.165,-0.397,0.121,0.110,0.027,0.000,0.000,0.000,9,0,0,0,0.130,0.151,0.059,0.023,0.017,0.013,12,10,8,6
0.129,0.016,0.015,3.14,0.186,0,0.1143,0.0250,0.118,-0.486,0.121,0.110,0.027,0.000,0.000,0.000,9,0,0,0,0.130,0.151,0.059,0.023,0.017,0.013,12,10,8,6
0.092,0.017,0.492,-0.48,0.134,0,0.1046,0.0260,0.334,0.007,0.121,0.110,0.027,0.000,0.000,0.000,9,0,0,0,0.130,0.151,0.059,0.023,0.017,0.013,12,10,8,6
0.111,0.015,0.094,-0.08,0.108,0,0.0956,0.0294,0.131,0.059,0.121,0.110,0.027,0.000,0.000,0.000,9,0,0,0,0.130,0.151,0.059,0.023,0.017,0.013,12,10,8,6
0.114,0.008,0.284,-0.08,0.108,0,0.0701,0.0203,0.151,0.059,0.121,0.110,0.027,0.000,0.000,0.000,9,0,0,0,0.130,0.151,0.059,0.023,0.017,0.013,12,10,8,6
0.118,0.000,0.199,1.99,0.186,0,0.0411,0.0108,0.067,-0.326,0.121,0.110,0.027,0.000,0.000,0.000,9,0,0,0,0.130,0.151,0.059,0.023,0.017,0.013,12,10,8,6
0.113,0.000,0.204,3.14,0.186,0,0.0184,0.0037,0.133,-0.486,0.121,0.110,0.027,0.000,0.000,0.000,9,0,0,0,0.130,0.151,0.059,0.023,0.017,0.013,12,10,8,6
0.108,0.000,0.011,3.14,0.186,0,0.0106,0.0017,0.077,-0.486,0.121,0.110,0.027,0.000,0.000,0.000,9,0,0,0,0.130,0.151,0.059,0.023,0.017,0.013,12,10,8,6
0.111,0.006,0.502,-0.08,0.108,0,0.0083,0.0011,0.112,0.059,0.121,0.110,0.027,0.000,0.000,0.000,9,0,0,0,0.130,0.151,0.059,0.023,0.017,0.013,12,10,8,6
0.089,0.035,0.486,-0.48,0.134,0,0.0109,0.0021,0.300,0.007,0.121,0.110,0.027,0.000,0.000,0.000,9,0,0,0,0.130,0.151,0.059,0.023,0.017,0.013,12,10,8,6
0.069,0.013,0.064,3.14,0.186,0,0.0156,0.0037,0.072,-0.486,0.121,0.110,0.027,0.000,0.000,0.000,9,0,0,0,0.130,0.151,0.059,0.023,0.017,0.013,12,10,8,6
0.054,0.007,0.161,-1.14,0.131,0,0.0133,0.0026,0.140,0.987,0.121,0.110,0.027,0.000,0.000,0.000,9,0,0,0,0.130,0.151,0.059,0.023,0.017,0.013,12,10,8,6
0.056,0.019,0.414,1.37,0.298,0,0.0099,0.0016,0.090,-0.510,0.121,0.110,0.027,0.000,0.000,0.000,9,0,0,0,0.130,0.151,0.059,0.023,0.017,0.013,12,10,8,6
0.067,0.005,0.278,3.14,0.186,0,0.0075,0.0010,0.050,-0.486,0.121,0.110,0.027,0.000,0.000,0.000,9,0,0,0,0.130,0.151,0.059,0.023,0.017,0.013,12,10,8,6
0.071,0.008,0.102,3.14,0.186,0,0.0066,0.0009,0.043,-0.486,0.121,0.110,0.027,0.000,0.000,0.000,9,0,0,0,0.130,0.151,0.059,0.023,0.017,0.013,12,10,8,6
0.061,0.000,0.364,1.42,0.221,0,0.0057,0.0008,0.070,-0.397,0.121,0.110,0.027,0.000,0.000,0.000,9,0,0,0,0.130,0.151,0.059,0.023,0.017,0.013,12,10,8,6
0.058,0.003,0.342,0.85,0.046,0,0.0050,0.0007,0.047,0.06,0.121,0.110,0.027,0.000,0.000,0.000,9,0,0,0,0.130,0.151,0.059,0.023,0.017,0.013,12,10,8,6
0.040,0.002,0.248,1.99,0.186,0,0.0053,0.0007,0.054,-0.326,0.121,0.110,0.027,0.000,0.000,0.000,9,0,0,0,0.130,0.151,0.059,0.023,0.017,0.013,12,10,8,6
0.041,0.002,0.176,0,0.000,0,0.0048,0.0003,0.081,0.166,0.121,0.110,0.027,0.000,0.000,0.000,9,0,0,0,0.130,0.151,0.059,0.023,0.017,0.013,12,10,8,6
0.043,0.000,0.343,2.53,0.140,0,0.0048,0.0007,0.064,-0.121,0.121,0.110,0.027,0.000,0.000,0.000,9,0,0,0,0.130,0.151,0.059,0.023,0.017,0.013,12,10,8,6
0.054,0.000,0.175,1.69,0.290,0,0.0045,0.0005,0.097,-0.697,0.121,0.110,0.027,0.000,0.000,0.000,9,0,0,0,0.130,0.151,0.059,0.023,0.017,0.013,12,10,8,6
0.069,0.001,0.216,1.69,0.290,0,0.0055,0.0012,0.069,-0.697,0.121,0.110,0.027,0.000,0.000,0.000,9,0,0,0,0.130,0.151,0.059,0.023,0.017,0.013,12,10,8,6
0.074,0.001,0.334,0,0.000,0,0.0065,0.0016,0.069,0.166,0.121,0.110,0.027,0.000,0.000,0.000,9,0,0,0,0.130,0.151,0.059,0.023,0.017,0.013,12,10,8,6
0.081,0.002,0.259,1.99,0.186,0,0.0092,0.0035,0.055,-0.326,0.121,0.110,0.027,0.000,0.000,0.000,9,0,0,0,0.130,0.151,0.059,0.023,0.017,0.013,12,10,8,6
0.085,0.002,0.130,2.53,0.140,0,0.0077,0.0032,0.072,-0.121,0.121,0.110,0.027,0.000,0.000,0.000,9,0,0,0,0.130,0.151,0.059,0.023,0.017,0.013,12,10,8,6
0.091,0.011,0.202,1.69,0.290,0,0.0094,0.0057,0.039,-0.697,0.121,0.110,0.027,0.000,0.000,0.000,9,0,0,0,0.130,0.151,0.059,0.023,0.017,0.013,12,10,8,6
0.091,0.013,0.240,-0.08,0.108,0,0.0086,0.0068,0.055,0.059,0.121,0.110,0.027,0.000,0.000,0.000,9,0,0,0,0.130,0.151,0.059,0.023,0.017,0.013,12,10,8,6
0.087,0.025,0.450,1.76,0.409,0,0.0151,0.0132,0.070,-0.884,0.121,0.110,0.027,0.000,0.000,0.000,9,0,0,0,0.130,0.151,0.059,0.023,0.017,0.013,12,10,8,6
0.071,0.008,0.116,1.99,0.186,0,0.0120,0.0110,0.073,-0.326,0.121,0.110,0.027,0.000,0.000,0.000,9,0,0,0,0.130,0.151,0.059,0.023,0.017,0.013,12,10,8,6
0.071,0.010,0.417,0.85,0.046,0,0.0239,0.0185,0.103,0.06,0.121,0.110,0.027,0.000,0.000,0.000,9,0,0,0,0.130,0.151,0.059,0.023,0.017,0.013,12,10,8,6
0.067,0.009,0.360,2.1,0.128,0,0.0544,0.0400,0.091,0.02,0.121,0.110,0.027,0.000,0.000,0.000,9,0,0,0,0.130,0.151,0.059,0.023,0.017,0.013,12,10,8,6
0.083,0.012,0.769,-1.19,0.219,1,0.0910,0.0667,0.313,0.586,0.121,0.110,0.027,0.000,0.000,0.000,9,0,0,0,0.130,0.151,0.059,0.023,0.017,0.013,12,10,8,6
0.097,0.006,0.679,0,0.000,0,0.1327,0.1018,0.278,0.166,0.121,0.110,0.027,0.000,0.000,0.000,9,0,0,0,0.130,0.151,0.059,0.023,0.017,0.013,12,10,8,6
0.077,0.008,0.616,-0.42,0.180,0,0.1744,0.1373,0.410,0.318,0.121,0.110,0.027,0.000,0.000,0.000,9,0,0,0,0.130,0.151,0.059,0.023,0.017,0.013,12,10,8,6
0.080,0.006,0.523,0,0.000,0,0.2177,0.1749,0.270,0.166,0.121,0.110,0.027,0.000,0.000,0.000,9,0,0,0,0.130,0.151,0.059,0.023,0.017,0.013,12,10,8,6
0.081,0.007,0.520,-0.52,0.062,0,0.2614,0.2145,0.298,0.341,0.121,0.110,0.027,0.000,0.000,0.000,9,0,0,0,0.130,0.151,0.059,0.023,0.017,0.013,12,10,8,6
0.094,0.001,0.487,1.42,0.221,0,0.3057,0.2579,0.234,-0.397,0.121,0.110,0.027,0.000,0.000,0.000,9,0,0,0,0.130,0.151,0.059,0.023,0.017,0.013,12,10,8,6
0.098,0.000,0.344,-1.1,0.105,-1,0.3475,0.3047,0.407,0.192,0.121,0.110,0.027,0.000,0.000,0.000,9,0,0,0,0.130,0.151,0.059,0.023,0.017,0.013,12,10,8,6
0.139,0.000,0.312,-0.79,0.151,-1,0.3857,0.3546,0.494,0.736,0.121,0.110,0.027,0.000,0.000,0.000,9,0,0,0,0.130,0.151,0.059,0.023,0.017,0.013,12,10,8,6
0.144,0.000,0.138,0,0.000,0,0.4106,0.4021,0.356,0.166,0.121,0.110,0.027,0.000,0.000,0.000,9,0,0,0,0.130,0.151,0.059,0.023,0.017,0.013,12,10,8,6
0.137,0.002,0.193,-0.08,0.108,0,0.4256,0.4490,0.338,0.059,0.121,0.110,0.027,0.000,0.000,0.000,9,0,0,0,0.130,0.151,0.059,0.023,0.017,0.013,12,10,8,6
0.131,0.001,0.166,0.85,0.046,0,0.4394,0.5000,0.357,0.06,0.121,0.110,0.027,0.000,0.000,0.000,9,0,0,0,0.130,0.151,0.059,0.023,0.017,0.013,12,10,8,6
0.102,0.004,0.216,-1.1,0.105,-1,0.4488,0.5545,0.424,0.192,0.121,0.110,0.027,0.000,0.000,0.000,9,0,0,0,0.130,0.151,0.059,0.023,0.017,0.013,12,10,8,6
0.097,0.004,0.313,-0.79,0.151,-1,0.4531,0.6091,0.421,0.736,0.121,0.110,0.027,0.000,0.000,0.000,9,0,0,0,0.130,0.151,0.059,0.023,0.017,0.013,12,10,8,6
0.098,0.016,0.548,0.2,0.291,1,0.4523,0.6622,0.323,0.180,0.121,0.110,0.027,0.000,0.000,0.000,9,0,0,0,0.130,0.151,0.059,0.023,0.017,0.013,12,10,8,6
0.092,0.009,0.273,0.85,0.046,0,0.4463,0.7125,0.169,0.06,0.121,0.110,0.027,0.000,0.000,0.000,9,0,0,0,0.130,0.151,0.059,0.023,0.017,0.013,12,10,8,6
0.082,0.010,0.100,-1.14,0.131,0,0.4352,0.7589,0.362,0.987,0.121,0.110,0.027,0.000,0.000,0.000,9,0,0,0,0.130,0.151,0.059,0.023,0.017,0.013,12,10,8,6
0.073,0.013,0.164,1.99,0.186,0,0.4189,0.8008,0.283,-0.326,0.121,0.110,0.027,0.000,0.000,0.000,9,0,0,0,0.130,0.151,0.059,0.023,0.017,0.013,12,10,8,6
0.073,0.013,0.409,3.14,0.186,0,0.3973,0.8381,0.236,-0.486,0.121,0.110,0.027,0.000,0.000,0.000,9,0,0,0,0.130,0.151,0.059,0.023,0.017,0.013,12,10,8,6
0.098,0.024,0.574,0.2,0.291,1,0.3700,0.8716,0.441,0.180,0.121,0.110,0.027,0.000,0.000,0.000,9,0,0,0,0.130,0.151,0.059,0.023,0.017,0.013,12,10,8,6
0.090,0.019,0.347,-0.08,0.108,0,0.3366,0.9028,0.749,0.059,0.121,0.110,0.027,0.000,0.000,0.000,9,0,0,0,0.130,0.151,0.059,0.023,0.017,0.013,12,10,8,6
