0.177,0.130,0.731,1.42,0.221,0,0.9681,0.9941,0.742,-0.397,0.272,0.305,0.275,0.227,0.161,0.123,30,29,27,26,0.278,0.297,0.379,0.251,0.147,0.114,79,30,27,24
0.167,0.117,0.660,0.85,0.046,0,0.9625,0.9962,0.523,0.06,0.272,0.305,0.275,0.227,0.161,0.123,30,29,27,26,0.278,0.297,0.379,0.251,0.147,0.114,79,30,27,24
0.121,0.128,0.620,-0.52,0.062,0,0.9550,0.9922,0.527,0.341,0.272,0.305,0.275,0.227,0.161,0.123,30,29,27,26,0.278,0.297,0.379,0.251,0.147,0.114,79,30,27,24
0.129,0.115,0.630,0,0.000,0,0.9464,0.9815,0.458,0.166,0.272,0.305,0.275,0.227,0.161,0.123,30,29,27,26,0.278,0.297,0.379,0.251,0.147,0.114,79,30,27,24
0.135,0.124,0.706,-0.42,0.180,0,0.9375,0.9644,0.558,0.318,0.272,0.305,0.275,0.227,0.161,0.123,30,29,27,26,0.278,0.297,0.379,0.251,0.147,0.114,79,30,27,24
0.105,0.122,0.607,0,0.000,0,0.9291,0.9424,0.280,0.166,0.272,0.305,0.275,0.227,0.161,0.123,30,29,27,26,0.278,0.297,0.379,0.251,0.147,0.114,79,30,27,24
0.102,0.149,0.663,-1.14,0.131,0,0.9220,0.9170,0.538,0.987,0.272,0.305,0.275,0.227,0.161,0.123,30,29,27,26,0.278,0.297,0.379,0.251,0.147,0.114,79,30,27,24
0.106,0.221,0.770,0,0.000,0,0.9167,0.8905,0.367,0.166,0.272,0.305,0.275,0.227,0.161,0.123,30,29,27,26,0.278,0.297,0.379,0.251,0.147,0.114,79,30,27,24
0.108,0.157,0.653,-1.14,0.131,0,0.9136,0.8650,0.393,0.987,0.272,0.305,0.275,0.227,0.161,0.123,30,29,27,26,0.278,0.297,0.379,0.251,0.147,0.114,79,30,27,24
0.105,0.163,0.632,-1.14,0.131,0,0.9128,0.8425,0.415,0.987,0.272,0.305,0.275,0.227,0.161,0.123,30,29,27,26,0.278,0.297,0.379,0.251,0.147,0.114,79,30,27,24
0.113,0.172,0.797,0.2,0.291,1,0.9178,0.8291,0.382,0.180,0.272,0.305,0.275,0.227,0.161,0.123,30,29,27,26,0.278,0.297,0.379,0.251,0.147,0.114,79,30,27,24
0.109,0.154,0.615,-0.42,0.180,0,0.9212,0.8178,0.406,0.318,0.272,0.305,0.275,0.227,0.161,0.123,30,29,27,26,0.278,0.297,0.379,0.251,0.147,0.114,79,30,27,24
0.114,0.129,0.376,-0.79,0.151,-1,0.9224,0.8101,0.455,0.736,0.272,0.305,0.275,0.227,0.161,0.123,30,29,27,26,0.278,0.297,0.379,0.251,0.147,0.114,79,30,27,24
0.088,0.116,0.396,2.1,0.128,0,0.9229,0.8036,0.226,0.02,0.272,0.305,0.275,0.227,0.161,0.123,30,29,27,26,0.278,0.297,0.379,0.251,0.147,0.114,79,30,27,24
0.070,0.127,0.167,0,0.000,0,0.9154,0.7943,0.350,0.166,0.272,0.305,0.275,0.227,0.161,0.123,30,29,27,26,0.278,0.297,0.379,0.251,0.147,0.114,79,30,27,24
0.070,0.107,0.089,-0.79,0.151,-1,0.9092,0.7889,0.412,0.736,0.272,0.305,0.275,0.227,0.161,0.123,30,29,27,26,0.278,0.297,0.379,0.251,0.147,0.114,79,30,27,24
0.068,0.101,0.096,-1.14,0.131,0,0.8996,0.7790,0.456,0.987,0.272,0.305,0.275,0.227,0.161,0.123,30,29,27,26,0.278,0.297,0.379,0.251,0.147,0.114,79,30,27,24
0.072,0.092,0.143,0.85,0.046,0,0.8846,0.7656,0.397,0.06,0.272,0.305,0.275,0.227,0.161,0.123,30,29,27,26,0.278,0.297,0.379,0.251,0.147,0.114,79,30,27,24
0.068,0.084,0.113,1.99,0.186,0,0.8655,0.7501,0.248,-0.326,0.272,0.305,0.275,0.227,0.161,0.123,30,29,27,26,0.278,0.297,0.379,0.251,0.147,0.114,79,30,27,24
0.069,0.085,0.140,-1.14,0.131,0,0.8528,0.7377,0.389,0.987,0.272,0.305,0.275,0.227,0.161,0.123,30,29,27,26,0.278,0.297,0.379,0.251,0.147,0.114,79,30,27,24
0.068,0.103,0.439,-0.52,0.062,0,0.8439,0.7302,0.475,0.341,0.272,0.305,0.275,0.227,0.161,0.123,30,29,27,26,0.278,0.297,0.379,0.251,0.147,0.114,79,30,27,24
0.053,0.104,0.280,0.85,0.046,0,0.8292,0.7221,0.356,0.06,0.272,0.305,0.275,0.227,0.161,0.123,30,29,27,26,0.278,0.297,0.379,0.251,0.147,0.114,79,30,27,24
0.044,0.117,0.302,-0.52,0.062,0,0.8165,0.7182,0.339,0.341,0.272,0.305,0.275,0.227,0.161,0.123,30,29,27,26,0.278,0.297,0.379,0.251,0.147,0.114,79,30,27,24
0.055,0.131,0.429,-0.79,0.151,-1,0.7972,0.7135,0.444,0.736,0.272,0.305,0.275,0.227,0.161,0.123,30,29,27,26,0.278,0.297,0.379,0.251,0.147,0.114,79,30,27,24
0.043,0.132,0.170,-0.79,0.151,-1,0.7617,0.6980,0.508,0.736,0.272,0.305,0.275,0.227,0.161,0.123,30,29,27,26,0.278,0.297,0.379,0.251,0.147,0.114,79,30,27,24
0.044,0.153,0.060,-0.42,0.180,0,0.7063,0.6680,0.380,0.318,0.272,0.305,0.275,0.227,0.161,0.123,30,29,27,26,0.278,0.297,0.379,0.251,0.147,0.114,79,30,27,24
0.058,0.138,0.002,2.53,0.140,0,0.6399,0.6306,0.175,-0.121,0.272,0.305,0.275,0.227,0.161,0.123,30,29,27,26,0.278,0.297,0.379,0.251,0.147,0.114,79,30,27,24
0.054,0.130,0.007,0.85,0.046,0,0.5710,0.5907,0.306,0.06,0.272,0.305,0.275,0.227,0.161,0.123,30,29,27,26,0.278,0.297,0.379,0.251,0.147,0.114,79,30,27,24
0.053,0.146,0.003,-0.42,0.180,0,0.5072,0.5543,0.468,0.318,0.272,0.305,0.275,0.227,0.161,0.123,30,29,27,26,0.278,0.297,0.379,0.251,0.147,0.114,79,30,27,24
0.043,0.140,0.042,-1.1,0.105,-1,0.4445,0.5154,0.381,0.192,0.272,0.305,0.275,0.227,0.161,0.123,30,29,27,26,0.278,0.297,0.379,0.251,0.147,0.114,79,30,27,24
0.040,0.193,0.003,-0.08,0.108,0,0.3974,0.4857,0.170,0.059,0.272,0.305,0.275,0.227,0.161,0.123,30,29,27,26,0.278,0.297,0.379,0.251,0.147,0.114,79,30,27,24
0.040,0.185,0.100,-0.79,0.151,-1,0.3618,0.4615,0.454,0.736,0.272,0.305,0.275,0.227,0.161,0.123,30,29,27,26,0.278,0.297,0.379,0.251,0.147,0.114,79,30,27,24
0.043,0.200,0.007,-0.79,0.151,-1,0.3362,0.4439,0.397,0.736,0.272,0.305,0.275,0.227,0.161,0.123,30,29,27,26,0.278,0.297,0.379,0.251,0.147,0.114,79,30,27,24
0.039,0.163,0.010,2.53,0.140,0,0.3362,0.4459,0.138,-0.121,0.272,0.305,0.275,0.227,0.161,0.123,30,29,27,26,0.278,0.297,0.379,0.251,0.147,0.114,79,30,27,24
0.047,0.199,0.001,1.69,0.290,0,0.3545,0.4584,0.103,-0.697,0.272,0.305,0.275,0.227,0.161,0.123,30,29,27,26,0.278,0.297,0.379,0.251,0.147,0.114,79,30,27,24
0.047,0.255,0.265,0.2,0.291,1,0.3855,0.4825,0.355,0.180,0.272,0.305,0.275,0.227,0.161,0.123,30,29,27,26,0.278,0.297,0.379,0.251,0.147,0.114,79,30,27,24
0.047,0.211,0.317,-0.52,0.062,0,0.4031,0.4967,0.226,0.341,0.272,0.305,0.275,0.227,0.161,0.123,30,29,27,26,0.278,0.297,0.379,0.251,0.147,0.114,79,30,27,24
0.038,0.262,0.212,1.37,0.298,0,0.4118,0.5055,0.151,-0.510,0.272,0.305,0.275,0.227,0.161,0.123,30,29,27,26,0.278,0.297,0.379,0.251,0.147,0.114,79,30,27,24
0.038,0.214,0.009,2.53,0.140,0,0.4075,0.5020,0.127,-0.121,0.272,0.305,0.275,0.227,0.161,0.123,30,29,27,26,0.278,0.297,0.379,0.251,0.147,0.114,79,30,27,24
0.031,0.289,0.520,1.69,0.290,0,0.3913,0.4861,0.236,-0.697,0.272,0.305,0.275,0.227,0.161,0.123,30,29,27,26,0.278,0.297,0.379,0.251,0.147,0.114,79,30,27,24
0.033,0.326,0.592,1.37,0.298,0,0.3703,0.4643,0.209,-0.510,0.272,0.305,0.275,0.227,0.161,0.123,30,29,27,26,0.278,0.297,0.379,0.251,0.147,0.114,79,30,27,24
0.035,0.385,0.540,0.2,0.291,1,0.3500,0.4429,0.288,0.180,0.272,0.305,0.275,0.227,0.161,0.123,30,29,27,26,0.278,0.297,0.379,0.251,0.147,0.114,79,30,27,24
0.044,0.278,0.126,0.22,0.230,0,0.3380,0.4282,0.292,0.303,0.272,0.305,0.275,0.227,0.161,0.123,30,29,27,26,0.278,0.297,0.379,0.251,0.147,0.114,79,30,27,24
0.055,0.257,0.355,-0.42,0.180,0,0.3230,0.4162,0.348,0.318,0.272,0.305,0.275,0.227,0.161,0.123,30,29,27,26,0.278,0.297,0.379,0.251,0.147,0.114,79,30,27,24
0.053,0.222,0.411,-0.42,0.180,0,0.3331,0.4219,0.378,0.318,0.272,0.305,0.275,0.227,0.161,0.123,30,29,27,26,0.278,0.297,0.379,0.251,0.147,0.114,79,30,27,24
0.065,0.197,0.080,-0.79,0.151,-1,0.3595,0.4382,0.413,0.736,0.272,0.305,0.275,0.227,0.161,0.123,30,29,27,26,0.278,0.297,0.379,0.251,0.147,0.114,79,30,27,24
0.060,0.212,0.123,-0.42,0.180,0,0.4195,0.4769,0.365,0.318,0.272,0.305,0.275,0.227,0.161,0.123,30,29,27,26,0.278,0.297,0.379,0.251,0.147,0.114,79,30,27,24
0.054,0.172,0.127,-0.79,0.151,-1,0.4914,0.5215,0.404,0.736,0.272,0.305,0.275,0.227,0.161,0.123,30,29,27,26,0.278,0.297,0.379,0.251,0.147,0.114,79,30,27,24
0.049,0.129,0.113,0.85,0.046,0,0.5640,0.5659,0.360,0.06,0.272,0.305,0.275,0.227,0.161,0.123,30,29,27,26,0.278,0.297,0.379,0.251,0.147,0.114,79,30,27,24
0.051,0.118,0.206,-0.79,0.151,-1,0.6219,0.5981,0.509,0.736,0.272,0.305,0.275,0.227,0.161,0.123,30,29,27,26,0.278,0.297,0.379,0.251,0.147,0.114,79,30,27,24
0.063,0.110,0.185,0,0.000,0,0.6614,0.6157,0.445,0.166,0.272,0.305,0.275,0.227,0.161,0.123,30,29,27,26,0.278,0.297,0.379,0.251,0.147,0.114,79,30,27,24
0.068,0.110,0.145,2.53,0.140,0,0.6736,0.6159,0.282,-0.121,0.272,0.305,0.275,0.227,0.161,0.123,30,29,27,26,0.278,0.297,0.379,0.251,0.147,0.114,79,30,27,24
0.065,0.115,0.151,0.85,0.046,0,0.6726,0.6082,0.461,0.06,0.272,0.305,0.275,0.227,0.161,0.123,30,29,27,26,0.278,0.297,0.379,0.251,0.147,0.114,79,30,27,24
0.057,0.105,0.091,0.85,0.046,0,0.6715,0.6044,0.347,0.06,0.272,0.305,0.275,0.227,0.161,0.123,30,29,27,26,0.278,0.297,0.379,0.251,0.147,0.114,79,30,27,24
0.059,0.126,0.280,-1.14,0.131,0,0.6479,0.5867,0.453,0.987,0.272,0.305,0.275,0.227,0.161,0.123,30,29,27,26,0.278,0.297,0.379,0.251,0.147,0.114,79,30,27,24
0.059,0.121,0.307,0.85,0.046,0,0.6179,0.5722,0.445,0.06,0.272,0.305,0.275,0.227,0.161,0.123,30,29,27,26,0.278,0.297,0.379,0.251,0.147,0.114,79,30,27,24
0.070,0.118,0.183,-1.1,0.105,-1,0.5852,0.5570,0.358,0.192,0.272,0.305,0.275,0.227,0.161,0.123,30,29,27,26,0.278,0.297,0.379,0.251,0.147,0.114,79,30,27,24
0.076,0.115,0.147,-1.14,0.131,0,0.5682,0.5534,0.368,0.987,0.272,0.305,0.275,0.227,0.161,0.123,30,29,27,26,0.278,0.297,0.379,0.251,0.147,0.114,79,30,27,24
0.099,0.141,0.114,-0.79,0.151,-1,0.5478,0.5444,0.515,0.736,0.272,0.305,0.275,0.227,0.161,0.123,30,29,27,26,0.278,0.297,0.379,0.251,0.147,0.114,79,30,27,24
0.094,0.143,0.056,1.42,0.221,0,0.5447,0.5440,0.245,-0.397,0.272,0.305,0.275,0.227,0.161,0.123,30,29,27,26,0.278,0.297,0.379,0.251,0.147,0.114,79,30,27,24
0.120,0.148,0.000,2.53,0.140,0,0.5562,0.5528,0.154,-0.121,0.272,0.305,0.275,0.227,0.161,0.123,30,29,27,26,0.278,0.297,0.379,0.251,0.147,0.114,79,30,27,24
0.120,0.203,0.001,-0.08,0.108,0,0.5651,0.5627,0.364,0.059,0.272,0.305,0.275,0.227,0.161,0.123,30,29,27,26,0.278,0.297,0.379,0.251,0.147,0.114,79,30,27,24
0.116,0.173,0.000,1.99,0.186,0,0.5850,0.5803,0.137,-0.326,0.272,0.305,0.275,0.227,0.161,0.123,30,29,27,26,0.278,0.297,0.379,0.251,0.147,0.114,79,30,27,24
0.115,0.203,0.000,-1.14,0.131,0,0.5820,0.5806,0.320,0.987,0.272,0.305,0.275,0.227,0.161,0.123,30,29,27,26,0.278,0.297,0.379,0.251,0.147,0.114,79,30,27,24
0.117,0.224,0.000,1.99,0.186,0,0.5742,0.5759,0.202,-0.326,0.272,0.305,0.275,0.227,0.161,0.123,30,29,27,26,0.278,0.297,0.379,0.251,0.147,0.114,79,30,27,24
0.127,0.301,0.183,-0.42,0.180,0,0.5403,0.5501,0.341,0.318,0.272,0.305,0.275,0.227,0.161,0.123,30,29,27,26,0.278,0.297,0.379,0.251,0.147,0.114,79,30,27,24
0.123,0.278,0.154,-1.14,0.131,0,0.5045,0.5267,0.353,0.987,0.272,0.305,0.275,0.227,0.161,0.123,30,29,27,26,0.278,0.297,0.379,0.251,0.147,0.114,79,30,27,24
0.127,0.350,0.359,-0.52,0.062,0,0.4578,0.4962,0.382,0.341,0.272,0.305,0.275,0.227,0.161,0.123,30,29,27,26,0.278,0.297,0.379,0.251,0.147,0.114,79,30,27,24
0.133,0.322,0.308,-0.52,0.062,0,0.4104,0.4660,0.327,0.341,0.272,0.305,0.275,0.227,0.161,0.123,30,29,27,26,0.278,0.297,0.379,0.251,0.147,0.114,79,30,27,24
0.159,0.369,0.597,-0.08,0.108,0,0.3597,0.4348,0.329,0.059,0.272,0.305,0.275,0.227,0.161,0.123,30,29,27,26,0.278,0.297,0.379,0.251,0.147,0.114,79,30,27,24
0.149,0.318,0.657,1.42,0.221,0,0.3352,0.4235,0.276,-0.397,0.272,0.305,0.275,0.227,0.161,0.123,30,29,27,26,0.278,0.297,0.379,0.251,0.147,0.114,79,30,27,24
0.152,0.374,0.534,0,0.000,0,0.3311,0.4274,0.237,0.166,0.272,0.305,0.275,0.227,0.161,0.123,30,29,27,26,0.278,0.297,0.379,0.251,0.147,0.114,79,30,27,24
0.153,0.706,0.341,-0.42,0.180,0,0.3349,0.4347,0.363,0.318,0.272,0.305,0.275,0.227,0.161,0.123,30,29,27,26,0.278,0.297,0.379,0.251,0.147,0.114,79,30,27,24
0.148,0.444,0.004,2.53,0.140,0,0.3420,0.4417,0.216,-0.121,0.272,0.305,0.275,0.227,0.161,0.123,30,29,27,26,0.278,0.297,0.379,0.251,0.147,0.114,79,30,27,24
0.151,0.450,0.126,0,0.000,0,0.3559,0.4515,0.210,0.166,0.272,0.305,0.275,0.227,0.161,0.123,30,29,27,26,0.278,0.297,0.379,0.251,0.147,0.114,79,30,27,24
0.129,0.707,0.362,0.2,0.291,1,0.3770,0.4649,0.363,0.180,0.272,0.305,0.275,0.227,0.161,0.123,30,29,27,26,0.278,0.297,0.379,0.251,0.147,0.114,79,30,27,24
0.138,0.492,0.016,-0.42,0.180,0,0.3704,0.4544,0.239,0.318,0.272,0.305,0.275,0.227,0.161,0.123,30,29,27,26,0.278,0.297,0.379,0.251,0.147,0.114,79,30,27,24
0.150,0.379,0.005,1.99,0.186,0,0.3515,0.4320,0.066,-0.326,0.272,0.305,0.275,0.227,0.161,0.123,30,29,27,26,0.278,0.297,0.379,0.251,0.147,0.114,79,30,27,24
0.128,0.330,0.479,0.85,0.046,0,0.3271,0.4070,0.197,0.06,0.272,0.305,0.275,0.227,0.161,0.123,30,29,27,26,0.278,0.297,0.379,0.251,0.147,0.114,79,30,27,24
0.117,0.391,0.087,3.14,0.186,0,0.3093,0.3885,0.152,-0.486,0.272,0.305,0.275,0.227,0.161,0.123,30,29,27,26,0.278,0.297,0.379,0.251,0.147,0.114,79,30,27,24
0.129,0.352,0.009,3.14,0.186,0,0.2904,0.3711,0.131,-0.486,0.272,0.305,0.275,0.227,0.161,0.123,30,29,27,26,0.278,0.297,0.379,0.251,0.147,0.114,79,30,27,24
0.101,0.444,0.003,0,0.000,0,0.2783,0.3597,0.138,0.166,0.272,0.305,0.275,0.227,0.161,0.123,30,29,27,26,0.278,0.297,0.379,0.251,0.147,0.114,79,30,27,24
0.081,0.403,0.189,-1.1,0.105,-1,0.2718,0.3526,0.341,0.192,0.272,0.305,0.275,0.227,0.161,0.123,30,29,27,26,0.278,0.297,0.379,0.251,0.147,0.114,79,30,27,24
0.081,0.394,0.028,-1.1,0.105,-1,0.2459,0.3268,0.306,0.192,0.272,0.305,0.275,0.227,0.161,0.123,30,29,27,26,0.278,0.297,0.379,0.251,0.147,0.114,79,30,27,24
0.077,0.374,0.125,3.14,0.186,0,0.2311,0.3094,0.154,-0.486,0.272,0.305,0.275,0.227,0.161,0.123,30,29,27,26,0.278,0.297,0.379,0.251,0.147,0.114,79,30,27,24
0.079,0.497,0.241,-0.48,0.134,0,0.2210,0.2950,0.307,0.007,0.272,0.305,0.275,0.227,0.161,0.123,30,29,27,26,0.278,0.297,0.379,0.251,0.147,0.114,79,30,27,24
0.075,0.711,0.397,0.2,0.291,1,0.2221,0.2890,0.451,0.180,0.272,0.305,0.275,0.227,0.161,0.123,30,29,27,26,0.278,0.297,0.379,0.251,0.147,0.114,79,30,27,24
0.075,0.690,0.393,0.2,0.291,1,0.2195,0.2795,0.410,0.180,0.272,0.305,0.275,0.227,0.161,0.123,30,29,27,26,0.278,0.297,0.379,0.251,0.147,0.114,79,30,27,24
0.081,0.542,0.406,1.37,0.298,0,0.2303,0.2801,0.182,-0.510,0.272,0.305,0.275,0.227,0.161,0.123,30,29,27,26,0.278,0.297,0.379,0.251,0.147,0.114,79,30,27,24
0.080,0.414,0.266,-1.1,0.105,-1,0.2596,0.2973,0.332,0.192,0.272,0.305,0.275,0.227,0.161,0.123,30,29,27,26,0.278,0.297,0.379,0.251,0.147,0.114,79,30,27,24
0.080,0.395,0.405,-0.52,0.062,0,0.2992,0.3215,0.460,0.341,0.272,0.305,0.275,0.227,0.161,0.123,30,29,27,26,0.278,0.297,0.379,0.251,0.147,0.114,79,30,27,24
0.078,0.352,0.091,-0.79,0.151,-1,0.3236,0.3355,0.389,0.736,0.272,0.305,0.275,0.227,0.161,0.123,30,29,27,26,0.278,0.297,0.379,0.251,0.147,0.114,79,30,27,24
0.072,0.291,0.096,1.69,0.290,0,0.3629,0.3608,0.093,-0.697,0.272,0.305,0.275,0.227,0.161,0.123,30,29,27,26,0.278,0.297,0.379,0.251,0.147,0.114,79,30,27,24
0.076,0.348,0.196,-0.42,0.180,0,0.3993,0.3845,0.349,0.318,0.272,0.305,0.275,0.227,0.161,0.123,30,29,27,26,0.278,0.297,0.379,0.251,0.147,0.114,79,30,27,24
0.064,0.355,0.065,-0.08,0.108,0,0.4137,0.3898,0.346,0.059,0.272,0.305,0.275,0.227,0.161,0.123,30,29,27,26,0.278,0.297,0.379,0.251,0.147,0.114,79,30,27,24
0.055,0.347,0.001,1.42,0.221,0,0.4049,0.3765,0.118,-0.397,0.272,0.305,0.275,0.227,0.161,0.123,30,29,27,26,0.278,0.297,0.379,0.251,0.147,0.114,79,30,27,24
0.066,0.294,0.001,1.99,0.186,0,0.3870,0.3574,0.126,-0.326,0.272,0.305,0.275,0.227,0.161,0.123,30,29,27,26,0.278,0.297,0.379,0.251,0.147,0.114,79,30,27,24
0.056,0.384,0.003,-0.42,0.180,0,0.3627,0.3327,0.477,0.318,0.272,0.305,0.275,0.227,0.161,0.123,30,29,27,26,0.278,0.297,0.379,0.251,0.147,0.114,79,30,27,24
0.043,0.397,0.002,0.22,0.230,0,0.3205,0.2926,0.413,0.303,0.272,0.305,0.275,0.227,0.161,0.123,30,29,27,26,0.278,0.297,0.379,0.251,0.147,0.114,79,30,27,24
0.043,0.277,0.002,1.99,0.186,0,0.2821,0.2570,0.121,-0.326,0.272,0.305,0.275,0.227,0.161,0.123,30,29,27,26,0.278,0.297,0.379,0.251,0.147,0.114,79,30,27,24
0.037,0.366,0.003,-0.42,0.180,0,0.2560,0.2309,0.333,0.318,0.272,0.305,0.275,0.227,0.161,0.123,30,29,27,26,0.278,0.297,0.379,0.251,0.147,0.114,79,30,27,24
0.033,0.357,0.007,-1.14,0.131,0,0.2305,0.2037,0.458,0.987,0.272,0.305,0.275,0.227,0.161,0.123,30,29,27,26,0.278,0.297,0.379,0.251,0.147,0.114,79,30,27,24
0.052,0.404,0.473,-0.08,0.108,0,0.2017,0.1732,0.380,0.059,0.272,0.305,0.275,0.227,0.161,0.123,30,29,27,26,0.278,0.297,0.379,0.251,0.147,0.114,79,30,27,24
0.062,0.234,0.273,0.85,0.046,0,0.1788,0.1486,0.189,0.06,0.272,0.305,0.275,0.227,0.161,0.123,30,29,27,26,0.278,0.297,0.379,0.251,0.147,0.114,79,30,27,24
0.064,0.254,0.092,-0.79,0.151,-1,0.1749,0.1407,0.527,0.736,0.272,0.305,0.275,0.227,0.161,0.123,30,29,27,26,0.278,0.297,0.379,0.251,0.147,0.114,79,30,27,24
0.064,0.333,0.281,-0.48,0.134,0,0.1665,0.1311,0.377,0.007,0.272,0.305,0.275,0.227,0.161,0.123,30,29,27,26,0.278,0.297,0.379,0.251,0.147,0.114,79,30,27,24
0.065,0.222,0.059,0.85,0.046,0,0.1601,0.1232,0.066,0.06,0.272,0.305,0.275,0.227,0.161,0.123,30,29,27,26,0.278,0.297,0.379,0.251,0.147,0.114,79,30,27,24
0.065,0.326,0.424,1.37,0.298,0,0.1611,0.1226,0.227,-0.510,0.272,0.305,0.275,0.227,0.161,0.123,30,29,27,26,0.278,0.297,0.379,0.251,0.147,0.114,79,30,27,24
0.055,0.300,0.015,-0.79,0.151,-1,0.1565,0.1175,0.420,0.736,0.272,0.305,0.275,0.227,0.161,0.123,30,29,27,26,0.278,0.297,0.379,0.251,0.147,0.114,79,30,27,24
0.041,0.442,0.196,1.37,0.298,0,0.1402,0.1045,0.194,-0.510,0.272,0.305,0.275,0.227,0.161,0.123,30,29,27,26,0.278,0.297,0.379,0.251,0.147,0.114,79,30,27,24
0.043,0.475,0.045,1.69,0.290,0,0.1274,0.0942,0.061,-0.697,0.272,0.305,0.275,0.227,0.161,0.123,30,29,27,26,0.278,0.297,0.379,0.251,0.147,0.114,79,30,27,24
0.046,0.510,0.359,-0.08,0.108,0,0.1112,0.0822,0.224,0.059,0.272,0.305,0.275,0.227,0.161,0.123,30,29,27,26,0.278,0.297,0.379,0.251,0.147,0.114,79,30,27,24
0.047,0.493,0.283,-1.19,0.219,1,0.0952,0.0693,0.438,0.586,0.272,0.305,0.275,0.227,0.161,0.123,30,29,27,26,0.278,0.297,0.379,0.251,0.147,0.114,79,30,27,24
0.041,0.462,0.201,3.14,0.186,0,0.0765,0.0550,0.116,-0.486,0.272,0.305,0.275,0.227,0.161,0.123,30,29,27,26,0.278,0.297,0.379,0.251,0.147,0.114,79,30,27,24
0.028,0.472,0.002,0.85,0.046,0,0.0613,0.0443,0.093,0.06,0.272,0.305,0.275,0.227,0.161,0.123,30,29,27,26,0.278,0.297,0.379,0.251,0.147,0.114,79,30,27,24
0.035,0.627,0.103,-0.08,0.108,0,0.0512,0.0369,0.288,0.059,0.272,0.305,0.275,0.227,0.161,0.123,30,29,27,26,0.278,0.297,0.379,0.251,0.147,0.114,79,30,27,24
0.044,0.845,0.038,-0.52,0.062,0,0.0385,0.0266,0.245,0.341,0.272,0.305,0.275,0.227,0.161,0.123,30,29,27,26,0.278,0.297,0.379,0.251,0.147,0.114,79,30,27,24
0.044,0.550,0.024,1.99,0.186,0,0.0236,0.0154,0.134,-0.326,0.272,0.305,0.275,0.227,0.161,0.123,30,29,27,26,0.278,0.297,0.379,0.251,0.147,0.114,79,30,27,24
0.049,0.582,0.010,1.69,0.290,0,0.0201,0.0123,0.191,-0.697,0.272,0.305,0.275,0.227,0.161,0.123,30,29,27,26,0.278,0.297,0.379,0.251,0.147,0.114,79,30,27,24
0.062,0.518,0.038,-0.79,0.151,-1,0.0244,0.0150,0.473,0.736,0.272,0.305,0.275,0.227,0.161,0.123,30,29,27,26,0.278,0.297,0.379,0.251,0.147,0.114,79,30,27,24
0.070,0.690,0.307,-0.52,0.062,0,0.0254,0.0145,0.363,0.341,0.272,0.305,0.275,0.227,0.161,0.123,30,29,27,26,0.278,0.297,0.379,0.251,0.147,0.114,79,30,27,24
0.085,0.738,0.337,0,0.000,0,0.0210,0.0100,0.400,0.166,0.272,0.305,0.275,0.227,0.161,0.123,30,29,27,26,0.278,0.297,0.379,0.251,0.147,0.114,79,30,27,24
0.091,0.711,0.384,3.14,0.186,0,0.0204,0.0090,0.184,-0.486,0.272,0.305,0.275,0.227,0.161,0.123,30,29,27,26,0.278,0.297,0.379,0.251,0.147,0.114,79,30,27,24
0.059,0.810,0.927,-0.48,0.134,0,0.0175,0.0070,0.359,0.007,0.272,0.305,0.275,0.227,0.161,0.123,30,29,27,26,0.278,0.297,0.379,0.251,0.147,0.114,79,30,27,24
0.062,0.862,0.667,1.76,0.409,0,0.0163,0.0062,0.225,-0.884,0.272,0.305,0.275,0.227,0.161,0.123,30,29,27,26,0.278,0.297,0.379,0.251,0.147,0.114,79,30,27,24
0.055,0.848,0.729,0,0.000,0,0.0148,0.0057,0.282,0.166,0.272,0.305,0.275,0.227,0.161,0.123,30,29,27,26,0.278,0.297,0.379,0.251,0.147,0.114,79,30,27,24
0.060,0.879,0.726,0.2,0.291,1,0.0132,0.0048,0.251,0.180,0.272,0.305,0.275,0.227,0.161,0.123,30,29,27,26,0.278,0.297,0.379,0.251,0.147,0.114,79,30,27,24
0.057,0.895,0.073,2.53,0.140,0,0.0119,0.0041,0.059,-0.121,0.272,0.305,0.275,0.227,0.161,0.123,30,29,27,26,0.278,0.297,0.379,0.251,0.147,0.114,79,30,27,24
0.057,0.892,0.008,2.53,0.140,0,0.0103,0.0031,0.091,-0.121,0.272,0.305,0.275,0.227,0.161,0.123,30,29,27,26,0.278,0.297,0.379,0.251,0.147,0.114,79,30,27,24
0.070,0.838,0.180,0.85,0.046,0,0.0098,0.0025,0.114,0.06,0.272,0.305,0.275,0.227,0.161,0.123,30,29,27,26,0.278,0.297,0.379,0.251,0.147,0.114,79,30,27,24
0.093,0.857,0.026,1.99,0.186,0,0.0094,0.0020,0.101,-0.326,0.272,0.305,0.275,0.227,0.161,0.123,30,29,27,26,0.278,0.297,0.379,0.251,0.147,0.114,79,30,27,24
0.089,0.833,0.004,1.99,0.186,0,0.0089,0.0015,0.114,-0.326,0.272,0.305,0.275,0.227,0.161,0.123,30,29,27,26,0.278,0.297,0.379,0.251,0.147,0.114,79,30,27,24
0.077,0.870,0.125,0,0.000,0,0.0085,0.0010,0.250,0.166,0.272,0.305,0.275,0.227,0.161,0.123,30,29,27,26,0.278,0.297,0.379,0.251,0.147,0.114,79,30,27,24
0.076,0.866,0.121,1.69,0.290,0,0.0094,0.0013,0.229,-0.697,0.272,0.305,0.275,0.227,0.161,0.123,30,29,27,26,0.278,0.297,0.379,0.251,0.147,0.114,79,30,27,24
0.098,0.865,0.005,0,0.000,0,0.0087,0.0010,0.209,0.166,0.272,0.305,0.275,0.227,0.161,0.123,30,29,27,26,0.278,0.297,0.379,0.251,0.147,0.114,79,30,27,24
0.144,0.872,0.104,1.37,0.298,0,0.0091,0.0010,0.172,-0.510,0.272,0.305,0.275,0.227,0.161,0.123,30,29,27,26,0.278,0.297,0.379,0.251,0.147,0.114,79,30,27,24
0.140,0.833,0.177,0.2,0.291,1,0.0087,0.0008,0.354,0.180,0.272,0.305,0.275,0.227,0.161,0.123,30,29,27,26,0.278,0.297,0.379,0.251,0.147,0.114,79,30,27,24
0.129,0.479,0.020,1.99,0.186,0,0.0086,0.0008,0.102,-0.326,0.272,0.305,0.275,0.227,0.161,0.123,30,29,27,26,0.278,0.297,0.379,0.251,0.147,0.114,79,30,27,24
0.131,0.443,0.003,0.85,0.046,0,0.0087,0.0008,0.076,0.06,0.272,0.305,0.275,0.227,0.161,0.123,30,29,27,26,0.278,0.297,0.379,0.251,0.147,0.114,79,30,27,24
0.108,0.424,0.036,1.99,0.186,0,0.0098,0.0011,0.112,-0.326,0.272,0.305,0.275,0.227,0.161,0.123,30,29,27,26,0.278,0.297,0.379,0.251,0.147,0.114,79,30,27,24
0.107,0.487,0.184,0.22,0.230,0,0.0115,0.0014,0.184,0.303,0.272,0.305,0.275,0.227,0.161,0.123,30,29,27,26,0.278,0.297,0.379,0.251,0.147,0.114,79,30,27,24
0.110,0.375,0.007,2.53,0.140,0,0.0131,0.0017,0.064,-0.121,0.272,0.305,0.275,0.227,0.161,0.123,30,29,27,26,0.278,0.297,0.379,0.251,0.147,0.114,79,30,27,24
0.107,0.507,0.071,1.37,0.298,0,0.0149,0.0021,0.213,-0.510,0.272,0.305,0.275,0.227,0.161,0.123,30,29,27,26,0.278,0.297,0.379,0.251,0.147,0.114,79,30,27,24
0.105,0.474,0.069,-0.42,0.180,0,0.0167,0.0025,0.378,0.318,0.272,0.305,0.275,0.227,0.161,0.123,30,29,27,26,0.278,0.297,0.379,0.251,0.147,0.114,79,30,27,24
0.121,0.499,0.053,0.22,0.230,0,0.0189,0.0031,0.314,0.303,0.272,0.305,0.275,0.227,0.161,0.123,30,29,27,26,0.278,0.297,0.379,0.251,0.147,0.114,79,30,27,24
0.123,0.541,0.006,0,0.000,0,0.0195,0.0032,0.263,0.166,0.272,0.305,0.275,0.227,0.161,0.123,30,29,27,26,0.278,0.297,0.379,0.251,0.147,0.114,79,30,27,24
0.114,0.516,0.034,1.99,0.186,0,0.0192,0.0031,0.214,-0.326,0.272,0.305,0.275,0.227,0.161,0.123,30,29,27,26,0.278,0.297,0.379,0.251,0.147,0.114,79,30,27,24
0.109,0.844,0.102,-0.08,0.108,0,0.0185,0.0030,0.298,0.059,0.272,0.305,0.275,0.227,0.161,0.123,30,29,27,26,0.278,0.297,0.379,0.251,0.147,0.114,79,30,27,24
0.110,0.841,0.020,0,0.000,0,0.0175,0.0031,0.217,0.166,0.272,0.305,0.275,0.227,0.161,0.123,30,29,27,26,0.278,0.297,0.379,0.251,0.147,0.114,79,30,27,24
0.105,0.714,0.026,1.69,0.290,0,0.0162,0.0031,0.235,-0.697,0.272,0.305,0.275,0.227,0.161,0.123,30,29,27,26,0.278,0.297,0.379,0.251,0.147,0.114,79,30,27,24
0.087,0.705,0.002,1.99,0.186,0,0.0151,0.0031,0.252,-0.326,0.272,0.305,0.275,0.227,0.161,0.123,30,29,27,26,0.278,0.297,0.379,0.251,0.147,0.114,79,30,27,24
0.084,0.704,0.209,0,0.000,0,0.0145,0.0033,0.225,0.166,0.272,0.305,0.275,0.227,0.161,0.123,30,29,27,26,0.278,0.297,0.379,0.251,0.147,0.114,79,30,27,24
0.084,0.757,0.341,-0.42,0.180,0,0.0137,0.0033,0.371,0.318,0.272,0.305,0.275,0.227,0.161,0.123,30,29,27,26,0.278,0.297,0.379,0.251,0.147,0.114,79,30,27,24
0.101,0.575,0.006,2.53,0.140,0,0.0140,0.0034,0.138,-0.121,0.272,0.305,0.275,0.227,0.161,0.123,30,29,27,26,0.278,0.297,0.379,0.251,0.147,0.114,79,30,27,24
0.112,0.605,0.002,-0.08,0.108,0,0.0134,0.0032,0.119,0.059,0.272,0.305,0.275,0.227,0.161,0.123,30,29,27,26,0.278,0.297,0.379,0.251,0.147,0.114,79,30,27,24
0.107,0.704,0.175,0.2,0.291,1,0.0124,0.0029,0.334,0.180,0.272,0.305,0.275,0.227,0.161,0.123,30,29,27,26,0.278,0.297,0.379,0.251,0.147,0.114,79,30,27,24
0.103,0.584,0.188,1.69,0.290,0,0.0107,0.0023,0.189,-0.697,0.272,0.305,0.275,0.227,0.161,0.123,30,29,27,26,0.278,0.297,0.379,0.251,0.147,0.114,79,30,27,24
0.104,0.431,0.003,2.53,0.140,0,0.0094,0.0018,0.104,-0.121,0.272,0.305,0.275,0.227,0.161,0.123,30,29,27,26,0.278,0.297,0.379,0.251,0.147,0.114,79,30,27,24
0.113,0.380,0.002,2.53,0.140,0,0.0089,0.0016,0.073,-0.121,0.272,0.305,0.275,0.227,0.161,0.123,30,29,27,26,0.278,0.297,0.379,0.251,0.147,0.114,79,30,27,24
0.076,0.309,0.085,-1.1,0.105,-1,0.0082,0.0015,0.197,0.192,0.272,0.305,0.275,0.227,0.161,0.123,30,29,27,26,0.278,0.297,0.379,0.251,0.147,0.114,79,30,27,24
0.091,0.396,0.076,1.69,0.290,0,0.0077,0.0015,0.167,-0.697,0.272,0.305,0.275,0.227,0.161,0.123,30,29,27,26,0.278,0.297,0.379,0.251,0.147,0.114,79,30,27,24
0.092,0.358,0.017,1.42,0.221,0,0.0075,0.0014,0.118,-0.397,0.272,0.305,0.275,0.227,0.161,0.123,30,29,27,26,0.278,0.297,0.379,0.251,0.147,0.114,79,30,27,24
0.087,0.835,0.086,1.99,0.186,0,0.0086,0.0021,0.168,-0.326,0.272,0.305,0.275,0.227,0.161,0.123,30,29,27,26,0.278,0.297,0.379,0.251,0.147,0.114,79,30,27,24
0.094,0.838,0.374,0.22,0.230,0,0.0090,0.0023,0.236,0.303,0.272,0.305,0.275,0.227,0.161,0.123,30,29,27,26,0.278,0.297,0.379,0.251,0.147,0.114,79,30,27,24
0.095,0.477,0.541,0.22,0.230,0,0.0092,0.0027,0.231,0.303,0.272,0.305,0.275,0.227,0.161,0.123,30,29,27,26,0.278,0.297,0.379,0.251,0.147,0.114,79,30,27,24
0.103,0.403,0.567,2.1,0.128,0,0.0091,0.0028,0.082,0.02,0.272,0.305,0.275,0.227,0.161,0.123,30,29,27,26,0.278,0.297,0.379,0.251,0.147,0.114,79,30,27,24
0.067,0.843,0.035,3.14,0.186,0,0.0090,0.0029,0.091,-0.486,0.272,0.305,0.275,0.227,0.161,0.123,30,29,27,26,0.278,0.297,0.379,0.251,0.147,0.114,79,30,27,24
0.082,0.420,0.162,0.85,0.046,0,0.0093,0.0032,0.130,0.06,0.272,0.305,0.275,0.227,0.161,0.123,30,29,27,26,0.278,0.297,0.379,0.251,0.147,0.114,79,30,27,24
0.083,0.844,0.403,0.2,0.291,1,0.0087,0.0028,0.317,0.180,0.272,0.305,0.275,0.227,0.161,0.123,30,29,27,26,0.278,0.297,0.379,0.251,0.147,0.114,79,30,27,24
0.083,0.855,0.550,1.76,0.409,0,0.0080,0.0023,0.139,-0.884,0.272,0.305,0.275,0.227,0.161,0.123,30,29,27,26,0.278,0.297,0.379,0.251,0.147,0.114,79,30,27,24
0.086,0.849,0.091,3.14,0.186,0,0.0087,0.0026,0.103,-0.486,0.272,0.305,0.275,0.227,0.161,0.123,30,29,27,26,0.278,0.297,0.379,0.251,0.147,0.114,79,30,27,24
0.089,0.873,0.199,0.85,0.046,0,0.0104,0.0032,0.227,0.06,0.272,0.305,0.275,0.227,0.161,0.123,30,29,27,26,0.278,0.297,0.379,0.251,0.147,0.114,79,30,27,24
0.085,0.841,0.390,-0.42,0.180,0,0.0125,0.0043,0.498,0.318,0.272,0.305,0.275,0.227,0.161,0.123,30,29,27,26,0.278,0.297,0.379,0.251,0.147,0.114,79,30,27,24
0.087,0.865,0.564,0.2,0.291,1,0.0147,0.0056,0.477,0.180,0.272,0.305,0.275,0.227,0.161,0.123,30,29,27,26,0.278,0.297,0.379,0.251,0.147,0.114,79,30,27,24
0.068,0.878,0.519,0,0.000,0,0.0167,0.0067,0.369,0.166,0.272,0.305,0.275,0.227,0.161,0.123,30,29,27,26,0.278,0.297,0.379,0.251,0.147,0.114,79,30,27,24
0.064,0.915,0.499,0,0.000,0,0.0188,0.0077,0.205,0.166,0.272,0.305,0.275,0.227,0.161,0.123,30,29,27,26,0.278,0.297,0.379,0.251,0.147,0.114,79,30,27,24
0.060,0.963,0.365,1.76,0.409,0,0.0211,0.0088,0.171,-0.884,0.272,0.305,0.275,0.227,0.161,0.123,30,29,27,26,0.278,0.297,0.379,0.251,0.147,0.114,79,30,27,24
0.060,0.919,0.422,2.53,0.140,0,0.0227,0.0095,0.122,-0.121,0.272,0.305,0.275,0.227,0.161,0.123,30,29,27,26,0.278,0.297,0.379,0.251,0.147,0.114,79,30,27,24
0.059,0.862,0.194,0.85,0.046,0,0.0232,0.0095,0.137,0.06,0.272,0.305,0.275,0.227,0.161,0.123,30,29,27,26,0.278,0.297,0.379,0.251,0.147,0.114,79,30,27,24
0.047,0.889,0.006,0.85,0.046,0,0.0223,0.0086,0.078,0.06,0.272,0.305,0.275,0.227,0.161,0.123,30,29,27,26,0.278,0.297,0.379,0.251,0.147,0.114,79,30,27,24
0.070,0.474,0.010,1.99,0.186,0,0.0206,0.0075,0.112,-0.326,0.272,0.305,0.275,0.227,0.161,0.123,30,29,27,26,0.278,0.297,0.379,0.251,0.147,0.114,79,30,27,24
0.072,0.465,0.080,-0.48,0.134,0,0.0179,0.0058,0.264,0.007,0.272,0.305,0.275,0.227,0.161,0.123,30,29,27,26,0.278,0.297,0.379,0.251,0.147,0.114,79,30,27,24
0.071,0.362,0.165,1.99,0.186,0,0.0153,0.0043,0.198,-0.326,0.272,0.305,0.275,0.227,0.161,0.123,30,29,27,26,0.278,0.297,0.379,0.251,0.147,0.114,79,30,27,24
0.074,0.358,0.390,0,0.000,0,0.0121,0.0028,0.402,0.166,0.272,0.305,0.275,0.227,0.161,0.123,30,29,27,26,0.278,0.297,0.379,0.251,0.147,0.114,79,30,27,24
0.070,0.403,0.418,-0.48,0.134,0,0.0095,0.0016,0.574,0.007,0.272,0.305,0.275,0.227,0.161,0.123,30,29,27,26,0.278,0.297,0.379,0.251,0.147,0.114,79,30,27,24
0.070,0.357,0.547,0,0.000,0,0.0081,0.0012,0.163,0.166,0.272,0.305,0.275,0.227,0.161,0.123,30,29,27,26,0.278,0.297,0.379,0.251,0.147,0.114,79,30,27,24
0.069,0.291,0.465,-1.14,0.131,0,0.0065,0.0007,0.291,0.987,0.272,0.305,0.275,0.227,0.161,0.123,30,29,27,26,0.278,0.297,0.379,0.251,0.147,0.114,79,30,27,24
0.101,0.255,0.556,3.14,0.186,0,0.0050,0.0002,0.163,-0.486,0.272,0.305,0.275,0.227,0.161,0.123,30,29,27,26,0.278,0.297,0.379,0.251,0.147,0.114,79,30,27,24
0.100,0.234,0.352,1.99,0.186,0,0.0046,0.0001,0.095,-0.326,0.272,0.305,0.275,0.227,0.161,0.123,30,29,27,26,0.278,0.297,0.379,0.251,0.147,0.114,79,30,27,24
0.099,0.235,0.636,-0.48,0.134,0,0.0051,0.0002,0.165,0.007,0.272,0.305,0.275,0.227,0.161,0.123,30,29,27,26,0.278,0.297,0.379,0.251,0.147,0.114,79,30,27,24
0.101,0.213,0.302,2.53,0.140,0,0.0056,0.0005,0.049,-0.121,0.272,0.305,0.275,0.227,0.161,0.123,30,29,27,26,0.278,0.297,0.379,0.251,0.147,0.114,79,30,27,24
0.098,0.199,0.196,1.99,0.186,0,0.0055,0.0006,0.058,-0.326,0.272,0.305,0.275,0.227,0.161,0.123,30,29,27,26,0.278,0.297,0.379,0.251,0.147,0.114,79,30,27,24
0.095,0.187,0.126,2.53,0.140,0,0.0051,0.0005,0.067,-0.121,0.272,0.305,0.275,0.227,0.161,0.123,30,29,27,26,0.278,0.297,0.379,0.251,0.147,0.114,79,30,27,24
0.096,0.233,0.071,2.53,0.140,0,0.0045,0.0004,0.099,-0.121,0.272,0.305,0.275,0.227,0.161,0.123,30,29,27,26,0.278,0.297,0.379,0.251,0.147,0.114,79,30,27,24
0.094,0.222,0.023,1.99,0.186,0,0.0041,0.0005,0.102,-0.326,0.272,0.305,0.275,0.227,0.161,0.123,30,29,27,26,0.278,0.297,0.379,0.251,0.147,0.114,79,30,27,24
0.116,0.258,0.014,0,0.000,0,0.0035,0.0005,0.106,0.166,0.272,0.305,0.275,0.227,0.161,0.123,30,29,27,26,0.278,0.297,0.379,0.251,0.147,0.114,79,30,27,24
0.118,0.239,0.007,2.53,0.140,0,0.0031,0.0011,0.090,-0.121,0.272,0.305,0.275,0.227,0.161,0.123,30,29,27,26,0.278,0.297,0.379,0.251,0.147,0.114,79,30,27,24
0.101,0.230,0.029,2.53,0.140,0,0.0026,0.0004,0.130,-0.121,0.272,0.305,0.275,0.227,0.161,0.123,30,29,27,26,0.278,0.297,0.379,0.251,0.147,0.114,79,30,27,24
0.085,0.261,0.007,1.99,0.186,0,0.0023,0.0011,0.134,-0.326,0.272,0.305,0.275,0.227,0.161,0.123,30,29,27,26,0.278,0.297,0.379,0.251,0.147,0.114,79,30,27,24
0.107,0.247,0.005,1.99,0.186,0,0.0023,0.0023,0.177,-0.326,0.272,0.305,0.275,0.227,0.161,0.123,30,29,27,26,0.278,0.297,0.379,0.251,0.147,0.114,79,30,27,24
0.133,0.289,0.032,0,0.000,0,0.0026,0.0035,0.177,0.166,0.272,0.305,0.275,0.227,0.161,0.123,30,29,27,26,0.278,0.297,0.379,0.251,0.147,0.114,79,30,27,24
0.131,0.314,0.226,-0.42,0.180,0,0.0027,0.0007,0.302,0.318,0.272,0.305,0.275,0.227,0.161,0.123,30,29,27,26,0.278,0.297,0.379,0.251,0.147,0.114,79,30,27,24
0.130,0.305,0.183,1.69,0.290,0,0.0031,-0.0002,0.216,-0.697,0.272,0.305,0.275,0.227,0.161,0.123,30,29,27,26,0.278,0.297,0.379,0.251,0.147,0.114,79,30,27,24
0.128,0.320,0.086,2.53,0.140,0,0.0033,0.0006,0.165,-0.121,0.272,0.305,0.275,0.227,0.161,0.123,30,29,27,26,0.278,0.297,0.379,0.251,0.147,0.114,79,30,27,24
0.126,0.347,0.148,2.53,0.140,0,0.0035,0.0059,0.145,-0.121,0.272,0.305,0.275,0.227,0.161,0.123,30,29,27,26,0.278,0.297,0.379,0.251,0.147,0.114,79,30,27,24
0.124,0.564,0.466,0.2,0.291,1,0.0035,0.0200,0.344,0.180,0.272,0.305,0.275,0.227,0.161,0.123,30,29,27,26,0.278,0.297,0.379,0.251,0.147,0.114,79,30,27,24
0.118,0.534,0.380,0.2,0.291,1,0.0035,0.0488,0.396,0.180,0.272,0.305,0.275,0.227,0.161,0.123,30,29,27,26,0.278,0.297,0.379,0.251,0.147,0.114,79,30,27,24
0.115,0.376,0.180,1.69,0.290,0,0.0036,0.1000,0.238,-0.697,0.272,0.305,0.275,0.227,0.161,0.123,30,29,27,26,0.278,0.297,0.379,0.251,0.147,0.114,79,30,27,24
0.112,0.317,0.234,1.69,0.290,0,0.0038,0.1836,0.276,-0.697,0.272,0.305,0.275,0.227,0.161,0.123,30,29,27,26,0.278,0.297,0.379,0.251,0.147,0.114,79,30,27,24
0.109,0.234,0.467,-1.19,0.219,1,0.0047,0.3120,0.589,0.586,0.272,0.305,0.275,0.227,0.161,0.123,30,29,27,26,0.278,0.297,0.379,0.251,0.147,0.114,79,30,27,24
0.105,0.230,0.217,-0.52,0.062,0,0.0066,0.5001,0.866,0.341,0.272,0.305,0.275,0.227,0.161,0.123,30,29,27,26,0.278,0.297,0.379,0.251,0.147,0.114,79,30,27,24
