0.072,0.049,0.392,1.42,0.221,0,0.0030,0.1616,0.613,-0.397,0.170,0.127,0.044,0.019,0.012,0.004,13,9,6,2,0.168,0.135,0.058,0.035,0.017,0.006,19,10,5,3
0.078,0.056,0.313,1.99,0.186,0,0.0035,0.0901,0.259,-0.326,0.170,0.127,0.044,0.019,0.012,0.004,13,9,6,2,0.168,0.135,0.058,0.035,0.017,0.006,19,10,5,3
0.082,0.054,0.209,1.99,0.186,0,0.0035,0.0454,0.152,-0.326,0.170,0.127,0.044,0.019,0.012,0.004,13,9,6,2,0.168,0.135,0.058,0.035,0.017,0.006,19,10,5,3
0.088,0.071,0.196,-0.79,0.151,-1,0.0033,0.0195,0.260,0.736,0.170,0.127,0.044,0.019,0.012,0.004,13,9,6,2,0.168,0.135,0.058,0.035,0.017,0.006,19,10,5,3
0.091,0.085,0.235,2.53,0.140,0,0.0031,0.0063,0.049,-0.121,0.170,0.127,0.044,0.019,0.012,0.004,13,9,6,2,0.168,0.135,0.058,0.035,0.017,0.006,19,10,5,3
0.081,0.091,0.034,0.85,0.046,0,0.0029,0.0009,0.033,0.06,0.170,0.127,0.044,0.019,0.012,0.004,13,9,6,2,0.168,0.135,0.058,0.035,0.017,0.006,19,10,5,3
0.090,0.102,0.064,3.14,0.186,0,0.0027,-0.0003,0.076,-0.486,0.170,0.127,0.044,0.019,0.012,0.004,13,9,6,2,0.168,0.135,0.058,0.035,0.017,0.006,19,10,5,3
0.074,0.135,0.118,1.69,0.290,0,0.0026,0.0003,0.113,-0.697,0.170,0.127,0.044,0.019,0.012,0.004,13,9,6,2,0.168,0.135,0.058,0.035,0.017,0.006,19,10,5,3
0.068,0.109,0.022,1.99,0.186,0,0.0025,0.0012,0.053,-0.326,0.170,0.127,0.044,0.019,0.012,0.004,13,9,6,2,0.168,0.135,0.058,0.035,0.017,0.006,19,10,5,3
0.057,0.126,0.015,1.99,0.186,0,0.0025,0.0016,0.060,-0.326,0.170,0.127,0.044,0.019,0.012,0.004,13,9,6,2,0.168,0.135,0.058,0.035,0.017,0.006,19,10,5,3
0.061,0.130,0.074,-0.08,0.108,0,0.0025,0.0020,0.114,0.059,0.170,0.127,0.044,0.019,0.012,0.004,13,9,6,2,0.168,0.135,0.058,0.035,0.017,0.006,19,10,5,3
0.073,0.101,0.021,0.85,0.046,0,0.0025,0.0009,0.044,0.06,0.170,0.127,0.044,0.019,0.012,0.004,13,9,6,2,0.168,0.135,0.058,0.035,0.017,0.006,19,10,5,3
0.077,0.098,0.028,1.99,0.186,0,0.0022,0.0007,0.077,-0.326,0.170,0.127,0.044,0.019,0.012,0.004,13,9,6,2,0.168,0.135,0.058,0.035,0.017,0.006,19,10,5,3
0.063,0.106,0.060,0.85,0.046,0,0.0022,0.0003,0.117,0.06,0.170,0.127,0.044,0.019,0.012,0.004,13,9,6,2,0.168,0.135,0.058,0.035,0.017,0.006,19,10,5,3
0.066,0.169,0.041,1.99,0.186,0,0.0021,-0.0001,0.116,-0.326,0.170,0.127,0.044,0.019,0.012,0.004,13,9,6,2,0.168,0.135,0.058,0.035,0.017,0.006,19,10,5,3
0.066,0.254,0.040,1.37,0.298,0,0.0020,-0.0005,0.104,-0.510,0.170,0.127,0.044,0.019,0.012,0.004,13,9,6,2,0.168,0.135,0.058,0.035,0.017,0.006,19,10,5,3
0.062,0.271,0.151,-0.52,0.062,0,0.0042,0.0005,0.096,0.341,0.170,0.127,0.044,0.019,0.012,0.004,13,9,6,2,0.168,0.135,0.058,0.035,0.017,0.006,19,10,5,3
0.066,0.239,0.222,1.69,0.290,0,0.0062,0.0009,0.119,-0.697,0.170,0.127,0.044,0.019,0.012,0.004,13,9,6,2,0.168,0.135,0.058,0.035,0.017,0.006,19,10,5,3
0.078,0.292,0.333,1.37,0.298,0,0.0081,0.0012,0.151,-0.510,0.170,0.127,0.044,0.019,0.012,0.004,13,9,6,2,0.168,0.135,0.058,0.035,0.017,0.006,19,10,5,3
0.074,0.252,0.325,1.69,0.290,0,0.0112,0.0026,0.086,-0.697,0.170,0.127,0.044,0.019,0.012,0.004,13,9,6,2,0.168,0.135,0.058,0.035,0.017,0.006,19,10,5,3
0.071,0.218,0.269,2.53,0.140,0,0.0171,0.0058,0.078,-0.121,0.170,0.127,0.044,0.019,0.012,0.004,13,9,6,2,0.168,0.135,0.058,0.035,0.017,0.006,19,10,5,3
0.072,0.422,0.569,-1.19,0.219,1,0.0186,0.0078,0.309,0.586,0.170,0.127,0.044,0.019,0.012,0.004,13,9,6,2,0.168,0.135,0.058,0.035,0.017,0.006,19,10,5,3
0.068,0.381,0.552,-0.52,0.062,0,0.0169,0.0082,0.190,0.341,0.170,0.127,0.044,0.019,0.012,0.004,13,9,6,2,0.168,0.135,0.058,0.035,0.017,0.006,19,10,5,3
0.068,0.425,0.501,1.69,0.290,0,0.0185,0.0086,0.129,-0.697,0.170,0.127,0.044,0.019,0.012,0.004,13,9,6,2,0.168,0.135,0.058,0.035,0.017,0.006,19,10,5,3
0.060,0.439,0.675,-0.48,0.134,0,0.0248,0.0112,0.335,0.007,0.170,0.127,0.044,0.019,0.012,0.004,13,9,6,2,0.168,0.135,0.058,0.035,0.017,0.006,19,10,5,3
0.058,0.328,0.655,2.53,0.140,0,0.0375,0.0193,0.176,-0.121,0.170,0.127,0.044,0.019,0.012,0.004,13,9,6,2,0.168,0.135,0.058,0.035,0.017,0.006,19,10,5,3
0.065,0.407,0.956,-0.08,0.108,0,0.0494,0.0259,0.379,0.059,0.170,0.127,0.044,0.019,0.012,0.004,13,9,6,2,0.168,0.135,0.058,0.035,0.017,0.006,19,10,5,3
0.059,0.487,0.829,0.2,0.291,1,0.0741,0.0430,0.337,0.180,0.170,0.127,0.044,0.019,0.012,0.004,13,9,6,2,0.168,0.135,0.058,0.035,0.017,0.006,19,10,5,3
0.072,0.314,0.545,-1.14,0.131,0,0.0941,0.0551,0.409,0.987,0.170,0.127,0.044,0.019,0.012,0.004,13,9,6,2,0.168,0.135,0.058,0.035,0.017,0.006,19,10,5,3
0.077,0.348,0.467,-0.08,0.108,0,0.1192,0.0728,0.524,0.059,0.170,0.127,0.044,0.019,0.012,0.004,13,9,6,2,0.168,0.135,0.058,0.035,0.017,0.006,19,10,5,3
0.092,0.278,0.349,-1.1,0.105,-1,0.1420,0.0916,0.455,0.192,0.170,0.127,0.044,0.019,0.012,0.004,13,9,6,2,0.168,0.135,0.058,0.035,0.017,0.006,19,10,5,3
0.091,0.254,0.360,-1.14,0.131,0,0.1594,0.1112,0.320,0.987,0.170,0.127,0.044,0.019,0.012,0.004,13,9,6,2,0.168,0.135,0.058,0.035,0.017,0.006,19,10,5,3
0.075,0.288,0.378,-1.14,0.131,0,0.1677,0.1281,0.395,0.987,0.170,0.127,0.044,0.019,0.012,0.004,13,9,6,2,0.168,0.135,0.058,0.035,0.017,0.006,19,10,5,3
0.076,0.258,0.535,2.53,0.140,0,0.1636,0.1367,0.285,-0.121,0.170,0.127,0.044,0.019,0.012,0.004,13,9,6,2,0.168,0.135,0.058,0.035,0.017,0.006,19,10,5,3
0.091,0.323,0.556,1.37,0.298,0,0.1538,0.1450,0.171,-0.510,0.170,0.127,0.044,0.019,0.012,0.004,13,9,6,2,0.168,0.135,0.058,0.035,0.017,0.006,19,10,5,3
0.105,0.220,0.584,-1.14,0.131,0,0.1363,0.1488,0.270,0.987,0.170,0.127,0.044,0.019,0.012,0.004,13,9,6,2,0.168,0.135,0.058,0.035,0.017,0.006,19,10,5,3
0.101,0.204,0.591,2.53,0.140,0,0.1154,0.1487,0.106,-0.121,0.170,0.127,0.044,0.019,0.012,0.004,13,9,6,2,0.168,0.135,0.058,0.035,0.017,0.006,19,10,5,3
0.088,0.295,0.456,-0.08,0.108,0,0.0950,0.1424,0.261,0.059,0.170,0.127,0.044,0.019,0.012,0.004,13,9,6,2,0.168,0.135,0.058,0.035,0.017,0.006,19,10,5,3
0.086,0.235,0.600,2.53,0.140,0,0.0809,0.1366,0.075,-0.121,0.170,0.127,0.044,0.019,0.012,0.004,13,9,6,2,0.168,0.135,0.058,0.035,0.017,0.006,19,10,5,3
0.112,0.259,0.435,-1.14,0.131,0,0.0638,0.1219,0.197,0.987,0.170,0.127,0.044,0.019,0.012,0.004,13,9,6,2,0.168,0.135,0.058,0.035,0.017,0.006,19,10,5,3
0.124,0.266,0.560,3.14,0.186,0,0.0488,0.1089,0.102,-0.486,0.170,0.127,0.044,0.019,0.012,0.004,13,9,6,2,0.168,0.135,0.058,0.035,0.017,0.006,19,10,5,3
0.124,0.266,0.437,1.99,0.186,0,0.0375,0.0925,0.143,-0.326,0.170,0.127,0.044,0.019,0.012,0.004,13,9,6,2,0.168,0.135,0.058,0.035,0.017,0.006,19,10,5,3
0.129,0.300,0.430,0,0.000,0,0.0327,0.0821,0.105,0.166,0.170,0.127,0.044,0.019,0.012,0.004,13,9,6,2,0.168,0.135,0.058,0.035,0.017,0.006,19,10,5,3
0.137,0.309,0.492,0.22,0.230,0,0.0291,0.0735,0.134,0.303,0.170,0.127,0.044,0.019,0.012,0.004,13,9,6,2,0.168,0.135,0.058,0.035,0.017,0.006,19,10,5,3
0.113,0.233,0.290,3.14,0.186,0,0.0218,0.0660,0.089,-0.486,0.170,0.127,0.044,0.019,0.012,0.004,13,9,6,2,0.168,0.135,0.058,0.035,0.017,0.006,19,10,5,3
0.132,0.225,0.528,3.14,0.186,0,0.0250,0.0720,0.098,-0.486,0.170,0.127,0.044,0.019,0.012,0.004,13,9,6,2,0.168,0.135,0.058,0.035,0.017,0.006,19,10,5,3
0.134,0.315,0.379,-0.42,0.180,0,0.0253,0.0792,0.273,0.318,0.170,0.127,0.044,0.019,0.012,0.004,13,9,6,2,0.168,0.135,0.058,0.035,0.017,0.006,19,10,5,3
0.109,0.395,0.150,1.69,0.290,0,0.0286,0.0889,0.150,-0.697,0.170,0.127,0.044,0.019,0.012,0.004,13,9,6,2,0.168,0.135,0.058,0.035,0.017,0.006,19,10,5,3
0.118,0.353,0.244,0,0.000,0,0.0289,0.0976,0.187,0.166,0.170,0.127,0.044,0.019,0.012,0.004,13,9,6,2,0.168,0.135,0.058,0.035,0.017,0.006,19,10,5,3
0.146,0.481,0.455,-1.19,0.219,1,0.0427,0.1215,0.433,0.586,0.170,0.127,0.044,0.019,0.012,0.004,13,9,6,2,0.168,0.135,0.058,0.035,0.017,0.006,19,10,5,3
0.158,0.417,0.376,-0.52,0.062,0,0.0517,0.1398,0.213,0.341,0.170,0.127,0.044,0.019,0.012,0.004,13,9,6,2,0.168,0.135,0.058,0.035,0.017,0.006,19,10,5,3
0.157,0.400,0.151,-1.14,0.131,0,0.0633,0.1562,0.237,0.987,0.170,0.127,0.044,0.019,0.012,0.004,13,9,6,2,0.168,0.135,0.058,0.035,0.017,0.006,19,10,5,3
0.157,0.319,0.262,1.99,0.186,0,0.0751,0.1718,0.257,-0.326,0.170,0.127,0.044,0.019,0.012,0.004,13,9,6,2,0.168,0.135,0.058,0.035,0.017,0.006,19,10,5,3
0.188,0.324,0.257,0,0.000,0,0.0882,0.1873,0.248,0.166,0.170,0.127,0.044,0.019,0.012,0.004,13,9,6,2,0.168,0.135,0.058,0.035,0.017,0.006,19,10,5,3
0.185,0.264,0.250,1.69,0.290,0,0.1036,0.2070,0.096,-0.697,0.170,0.127,0.044,0.019,0.012,0.004,13,9,6,2,0.168,0.135,0.058,0.035,0.017,0.006,19,10,5,3
0.193,0.209,0.048,1.42,0.221,0,0.1132,0.2162,0.108,-0.397,0.170,0.127,0.044,0.019,0.012,0.004,13,9,6,2,0.168,0.135,0.058,0.035,0.017,0.006,19,10,5,3
0.193,0.287,0.314,-0.42,0.180,0,0.1202,0.2210,0.390,0.318,0.170,0.127,0.044,0.019,0.012,0.004,13,9,6,2,0.168,0.135,0.058,0.035,0.017,0.006,19,10,5,3
0.166,0.173,0.123,-0.79,0.151,-1,0.1129,0.2054,0.287,0.736,0.170,0.127,0.044,0.019,0.012,0.004,13,9,6,2,0.168,0.135,0.058,0.035,0.017,0.006,19,10,5,3
0.189,0.190,0.102,2.1,0.128,0,0.1019,0.1878,0.040,0.02,0.170,0.127,0.044,0.019,0.012,0.004,13,9,6,2,0.168,0.135,0.058,0.035,0.017,0.006,19,10,5,3
0.182,0.347,0.416,-1.19,0.219,1,0.0856,0.1626,0.318,0.586,0.170,0.127,0.044,0.019,0.012,0.004,13,9,6,2,0.168,0.135,0.058,0.035,0.017,0.006,19,10,5,3
0.126,0.406,0.469,0.2,0.291,1,0.0760,0.1462,0.439,0.180,0.170,0.127,0.044,0.019,0.012,0.004,13,9,6,2,0.168,0.135,0.058,0.035,0.017,0.006,19,10,5,3
0.117,0.307,0.296,-0.42,0.180,0,0.0677,0.1305,0.316,0.318,0.170,0.127,0.044,0.019,0.012,0.004,13,9,6,2,0.168,0.135,0.058,0.035,0.017,0.006,19,10,5,3
0.122,0.186,0.126,1.99,0.186,0,0.0628,0.1200,0.119,-0.326,0.170,0.127,0.044,0.019,0.012,0.004,13,9,6,2,0.168,0.135,0.058,0.035,0.017,0.006,19,10,5,3
0.126,0.385,0.415,-1.19,0.219,1,0.0625,0.1164,0.494,0.586,0.170,0.127,0.044,0.019,0.012,0.004,13,9,6,2,0.168,0.135,0.058,0.035,0.017,0.006,19,10,5,3
0.152,0.230,0.475,-0.52,0.062,0,0.0700,0.1232,0.384,0.341,0.170,0.127,0.044,0.019,0.012,0.004,13,9,6,2,0.168,0.135,0.058,0.035,0.017,0.006,19,10,5,3
0.189,0.285,0.193,0,0.000,0,0.0714,0.1214,0.162,0.166,0.170,0.127,0.044,0.019,0.012,0.004,13,9,6,2,0.168,0.135,0.058,0.035,0.017,0.006,19,10,5,3
0.182,0.179,0.106,3.14,0.186,0,0.0664,0.1151,0.168,-0.486,0.170,0.127,0.044,0.019,0.012,0.004,13,9,6,2,0.168,0.135,0.058,0.035,0.017,0.006,19,10,5,3
0.179,0.167,0.162,1.69,0.290,0,0.0696,0.1185,0.083,-0.697,0.170,0.127,0.044,0.019,0.012,0.004,13,9,6,2,0.168,0.135,0.058,0.035,0.017,0.006,19,10,5,3
0.211,0.221,0.330,-0.08,0.108,0,0.0672,0.1174,0.137,0.059,0.170,0.127,0.044,0.019,0.012,0.004,13,9,6,2,0.168,0.135,0.058,0.035,0.017,0.006,19,10,5,3
0.205,0.215,0.070,3.14,0.186,0,0.0629,0.1137,0.050,-0.486,0.170,0.127,0.044,0.019,0.012,0.004,13,9,6,2,0.168,0.135,0.058,0.035,0.017,0.006,19,10,5,3
0.172,0.270,0.467,-0.48,0.134,0,0.0497,0.1024,0.168,0.007,0.170,0.127,0.044,0.019,0.012,0.004,13,9,6,2,0.168,0.135,0.058,0.035,0.017,0.006,19,10,5,3
0.159,0.275,0.328,3.14,0.186,0,0.0480,0.1010,0.101,-0.486,0.170,0.127,0.044,0.019,0.012,0.004,13,9,6,2,0.168,0.135,0.058,0.035,0.017,0.006,19,10,5,3
0.157,0.204,0.431,2.53,0.140,0,0.0578,0.1150,0.235,-0.121,0.170,0.127,0.044,0.019,0.012,0.004,13,9,6,2,0.168,0.135,0.058,0.035,0.017,0.006,19,10,5,3
0.169,0.404,0.528,0,0.000,0,0.0756,0.1350,0.191,0.166,0.170,0.127,0.044,0.019,0.012,0.004,13,9,6,2,0.168,0.135,0.058,0.035,0.017,0.006,19,10,5,3
0.112,0.503,0.520,-1.19,0.219,1,0.0984,0.1585,0.335,0.586,0.170,0.127,0.044,0.019,0.012,0.004,13,9,6,2,0.168,0.135,0.058,0.035,0.017,0.006,19,10,5,3
0.115,0.814,0.478,0.2,0.291,1,0.1079,0.1678,0.294,0.180,0.170,0.127,0.044,0.019,0.012,0.004,13,9,6,2,0.168,0.135,0.058,0.035,0.017,0.006,19,10,5,3
0.118,0.330,0.093,2.53,0.140,0,0.1077,0.1670,0.075,-0.121,0.170,0.127,0.044,0.019,0.012,0.004,13,9,6,2,0.168,0.135,0.058,0.035,0.017,0.006,19,10,5,3
0.126,0.408,0.029,-0.08,0.108,0,0.1041,0.1624,0.190,0.059,0.170,0.127,0.044,0.019,0.012,0.004,13,9,6,2,0.168,0.135,0.058,0.035,0.017,0.006,19,10,5,3
0.126,0.423,0.031,3.14,0.186,0,0.1140,0.1691,0.098,-0.486,0.170,0.127,0.044,0.019,0.012,0.004,13,9,6,2,0.168,0.135,0.058,0.035,0.017,0.006,19,10,5,3
0.109,0.316,0.043,2.53,0.140,0,0.1244,0.1744,0.179,-0.121,0.170,0.127,0.044,0.019,0.012,0.004,13,9,6,2,0.168,0.135,0.058,0.035,0.017,0.006,19,10,5,3
0.111,0.351,0.246,0,0.000,0,0.1379,0.1806,0.169,0.166,0.170,0.127,0.044,0.019,0.012,0.004,13,9,6,2,0.168,0.135,0.058,0.035,0.017,0.006,19,10,5,3
0.125,0.339,0.520,-1.1,0.105,-1,0.1480,0.1862,0.211,0.192,0.170,0.127,0.044,0.019,0.012,0.004,13,9,6,2,0.168,0.135,0.058,0.035,0.017,0.006,19,10,5,3
0.133,0.294,0.463,-1.14,0.131,0,0.1469,0.1840,0.324,0.987,0.170,0.127,0.044,0.019,0.012,0.004,13,9,6,2,0.168,0.135,0.058,0.035,0.017,0.006,19,10,5,3
0.113,0.358,0.426,0.22,0.230,0,0.1447,0.1798,0.337,0.303,0.170,0.127,0.044,0.019,0.012,0.004,13,9,6,2,0.168,0.135,0.058,0.035,0.017,0.006,19,10,5,3
0.090,0.225,0.034,-0.79,0.151,-1,0.1554,0.1867,0.353,0.736,0.170,0.127,0.044,0.019,0.012,0.004,13,9,6,2,0.168,0.135,0.058,0.035,0.017,0.006,19,10,5,3
0.072,0.314,0.004,0.22,0.230,0,0.1740,0.1999,0.228,0.303,0.170,0.127,0.044,0.019,0.012,0.004,13,9,6,2,0.168,0.135,0.058,0.035,0.017,0.006,19,10,5,3
0.069,0.268,0.252,-0.52,0.062,0,0.2042,0.2232,0.152,0.341,0.170,0.127,0.044,0.019,0.012,0.004,13,9,6,2,0.168,0.135,0.058,0.035,0.017,0.006,19,10,5,3
0.073,0.402,0.186,0.2,0.291,1,0.2278,0.2399,0.331,0.180,0.170,0.127,0.044,0.019,0.012,0.004,13,9,6,2,0.168,0.135,0.058,0.035,0.017,0.006,19,10,5,3
0.073,0.313,0.009,1.69,0.290,0,0.2381,0.2478,0.163,-0.697,0.170,0.127,0.044,0.019,0.012,0.004,13,9,6,2,0.168,0.135,0.058,0.035,0.017,0.006,19,10,5,3
0.078,0.335,0.021,1.69,0.290,0,0.2416,0.2495,0.164,-0.697,0.170,0.127,0.044,0.019,0.012,0.004,13,9,6,2,0.168,0.135,0.058,0.035,0.017,0.006,19,10,5,3
0.063,0.273,0.052,1.99,0.186,0,0.2370,0.2462,0.136,-0.326,0.170,0.127,0.044,0.019,0.012,0.004,13,9,6,2,0.168,0.135,0.058,0.035,0.017,0.006,19,10,5,3
0.062,0.263,0.178,-1.14,0.131,0,0.2293,0.2401,0.271,0.987,0.170,0.127,0.044,0.019,0.012,0.004,13,9,6,2,0.168,0.135,0.058,0.035,0.017,0.006,19,10,5,3
0.057,0.391,0.327,0.2,0.291,1,0.2132,0.2252,0.391,0.180,0.170,0.127,0.044,0.019,0.012,0.004,13,9,6,2,0.168,0.135,0.058,0.035,0.017,0.006,19,10,5,3
0.063,0.274,0.308,-0.48,0.134,0,0.1749,0.1894,0.372,0.007,0.170,0.127,0.044,0.019,0.012,0.004,13,9,6,2,0.168,0.135,0.058,0.035,0.017,0.006,19,10,5,3
0.047,0.213,0.132,-0.79,0.151,-1,0.1203,0.1377,0.397,0.736,0.170,0.127,0.044,0.019,0.012,0.004,13,9,6,2,0.168,0.135,0.058,0.035,0.017,0.006,19,10,5,3
0.062,0.183,0.201,2.53,0.140,0,0.0688,0.0906,0.323,-0.121,0.170,0.127,0.044,0.019,0.012,0.004,13,9,6,2,0.168,0.135,0.058,0.035,0.017,0.006,19,10,5,3
0.057,0.196,0.175,1.99,0.186,0,0.0368,0.0617,0.234,-0.326,0.170,0.127,0.044,0.019,0.012,0.004,13,9,6,2,0.168,0.135,0.058,0.035,0.017,0.006,19,10,5,3
0.052,0.280,0.529,-0.52,0.062,0,0.0236,0.0491,0.307,0.341,0.170,0.127,0.044,0.019,0.012,0.004,13,9,6,2,0.168,0.135,0.058,0.035,0.017,0.006,19,10,5,3
0.050,0.268,0.366,-1.14,0.131,0,0.0340,0.0558,0.313,0.987,0.170,0.127,0.044,0.019,0.012,0.004,13,9,6,2,0.168,0.135,0.058,0.035,0.017,0.006,19,10,5,3
0.050,0.442,0.691,0.2,0.291,1,0.0532,0.0714,0.438,0.180,0.170,0.127,0.044,0.019,0.012,0.004,13,9,6,2,0.168,0.135,0.058,0.035,0.017,0.006,19,10,5,3
0.062,0.261,0.500,-0.79,0.151,-1,0.0610,0.0773,0.336,0.736,0.170,0.127,0.044,0.019,0.012,0.004,13,9,6,2,0.168,0.135,0.058,0.035,0.017,0.006,19,10,5,3
0.050,0.300,0.404,2.53,0.140,0,0.0659,0.0828,0.096,-0.121,0.170,0.127,0.044,0.019,0.012,0.004,13,9,6,2,0.168,0.135,0.058,0.035,0.017,0.006,19,10,5,3
0.054,0.390,0.634,1.37,0.298,0,0.0704,0.0875,0.122,-0.510,0.170,0.127,0.044,0.019,0.012,0.004,13,9,6,2,0.168,0.135,0.058,0.035,0.017,0.006,19,10,5,3
0.052,0.361,0.343,-0.52,0.062,0,0.0670,0.0843,0.198,0.341,0.170,0.127,0.044,0.019,0.012,0.004,13,9,6,2,0.168,0.135,0.058,0.035,0.017,0.006,19,10,5,3
0.062,0.345,0.193,1.69,0.290,0,0.0621,0.0785,0.081,-0.697,0.170,0.127,0.044,0.019,0.012,0.004,13,9,6,2,0.168,0.135,0.058,0.035,0.017,0.006,19,10,5,3
0.069,0.328,0.004,1.42,0.221,0,0.0523,0.0674,0.111,-0.397,0.170,0.127,0.044,0.019,0.012,0.004,13,9,6,2,0.168,0.135,0.058,0.035,0.017,0.006,19,10,5,3
0.069,0.312,0.240,2.53,0.140,0,0.0445,0.0579,0.056,-0.121,0.170,0.127,0.044,0.019,0.012,0.004,13,9,6,2,0.168,0.135,0.058,0.035,0.017,0.006,19,10,5,3
0.070,0.353,0.133,-1.14,0.131,0,0.0281,0.0412,0.167,0.987,0.170,0.127,0.044,0.019,0.012,0.004,13,9,6,2,0.168,0.135,0.058,0.035,0.017,0.006,19,10,5,3
0.063,0.306,0.225,2.53,0.140,0,0.0213,0.0330,0.118,-0.121,0.170,0.127,0.044,0.019,0.012,0.004,13,9,6,2,0.168,0.135,0.058,0.035,0.017,0.006,19,10,5,3
0.059,0.297,0.283,1.69,0.290,0,0.0153,0.0285,0.167,-0.697,0.170,0.127,0.044,0.019,0.012,0.004,13,9,6,2,0.168,0.135,0.058,0.035,0.017,0.006,19,10,5,3
0.054,0.272,0.551,0,0.000,0,0.0247,0.0360,0.209,0.166,0.170,0.127,0.044,0.019,0.012,0.004,13,9,6,2,0.168,0.135,0.058,0.035,0.017,0.006,19,10,5,3
0.069,0.235,0.372,-0.79,0.151,-1,0.0409,0.0469,0.405,0.736,0.170,0.127,0.044,0.019,0.012,0.004,13,9,6,2,0.168,0.135,0.058,0.035,0.017,0.006,19,10,5,3
0.072,0.239,0.233,0,0.000,0,0.0558,0.0561,0.196,0.166,0.170,0.127,0.044,0.019,0.012,0.004,13,9,6,2,0.168,0.135,0.058,0.035,0.017,0.006,19,10,5,3
0.085,0.215,0.105,2.53,0.140,0,0.0704,0.0655,0.183,-0.121,0.170,0.127,0.044,0.019,0.012,0.004,13,9,6,2,0.168,0.135,0.058,0.035,0.017,0.006,19,10,5,3
0.065,0.167,0.010,0.85,0.046,0,0.0813,0.0718,0.218,0.06,0.170,0.127,0.044,0.019,0.012,0.004,13,9,6,2,0.168,0.135,0.058,0.035,0.017,0.006,19,10,5,3
0.077,0.235,0.380,1.37,0.298,0,0.1004,0.0850,0.221,-0.510,0.170,0.127,0.044,0.019,0.012,0.004,13,9,6,2,0.168,0.135,0.058,0.035,0.017,0.006,19,10,5,3
0.073,0.132,0.234,0.85,0.046,0,0.1137,0.0934,0.177,0.06,0.170,0.127,0.044,0.019,0.012,0.004,13,9,6,2,0.168,0.135,0.058,0.035,0.017,0.006,19,10,5,3
0.062,0.180,0.489,0.85,0.046,0,0.1260,0.1002,0.195,0.06,0.170,0.127,0.044,0.019,0.012,0.004,13,9,6,2,0.168,0.135,0.058,0.035,0.017,0.006,19,10,5,3
0.053,0.248,0.630,-1.14,0.131,0,0.1293,0.0993,0.318,0.987,0.170,0.127,0.044,0.019,0.012,0.004,13,9,6,2,0.168,0.135,0.058,0.035,0.017,0.006,19,10,5,3
0.052,0.377,0.538,1.37,0.298,0,0.1232,0.0935,0.186,-0.510,0.170,0.127,0.044,0.019,0.012,0.004,13,9,6,2,0.168,0.135,0.058,0.035,0.017,0.006,19,10,5,3
0.065,0.306,0.262,-1.14,0.131,0,0.1169,0.0863,0.373,0.987,0.170,0.127,0.044,0.019,0.012,0.004,13,9,6,2,0.168,0.135,0.058,0.035,0.017,0.006,19,10,5,3
0.051,0.435,0.532,0.2,0.291,1,0.1171,0.0836,0.375,0.180,0.170,0.127,0.044,0.019,0.012,0.004,13,9,6,2,0.168,0.135,0.058,0.035,0.017,0.006,19,10,5,3
0.051,0.239,0.565,1.42,0.221,0,0.1100,0.0767,0.072,-0.397,0.170,0.127,0.044,0.019,0.012,0.004,13,9,6,2,0.168,0.135,0.058,0.035,0.017,0.006,19,10,5,3
0.049,0.336,0.767,0.2,0.291,1,0.1097,0.0749,0.299,0.180,0.170,0.127,0.044,0.019,0.012,0.004,13,9,6,2,0.168,0.135,0.058,0.035,0.017,0.006,19,10,5,3
0.047,0.168,0.388,-0.79,0.151,-1,0.1218,0.0843,0.506,0.736,0.170,0.127,0.044,0.019,0.012,0.004,13,9,6,2,0.168,0.135,0.058,0.035,0.017,0.006,19,10,5,3
0.045,0.217,0.134,-0.42,0.180,0,0.1268,0.0883,0.188,0.318,0.170,0.127,0.044,0.019,0.012,0.004,13,9,6,2,0.168,0.135,0.058,0.035,0.017,0.006,19,10,5,3
0.052,0.149,0.425,1.99,0.186,0,0.1327,0.0927,0.058,-0.326,0.170,0.127,0.044,0.019,0.012,0.004,13,9,6,2,0.168,0.135,0.058,0.035,0.017,0.006,19,10,5,3
0.064,0.193,0.624,-0.48,0.134,0,0.1267,0.0913,0.383,0.007,0.170,0.127,0.044,0.019,0.012,0.004,13,9,6,2,0.168,0.135,0.058,0.035,0.017,0.006,19,10,5,3
0.052,0.154,0.114,1.69,0.290,0,0.1247,0.0941,0.210,-0.697,0.170,0.127,0.044,0.019,0.012,0.004,13,9,6,2,0.168,0.135,0.058,0.035,0.017,0.006,19,10,5,3
0.053,0.106,0.001,1.99,0.186,0,0.1218,0.0960,0.134,-0.326,0.170,0.127,0.044,0.019,0.012,0.004,13,9,6,2,0.168,0.135,0.058,0.035,0.017,0.006,19,10,5,3
0.050,0.105,0.406,0.85,0.046,0,0.1128,0.0934,0.166,0.06,0.170,0.127,0.044,0.019,0.012,0.004,13,9,6,2,0.168,0.135,0.058,0.035,0.017,0.006,19,10,5,3
0.043,0.110,0.516,-0.79,0.151,-1,0.0996,0.0879,0.457,0.736,0.170,0.127,0.044,0.019,0.012,0.004,13,9,6,2,0.168,0.135,0.058,0.035,0.017,0.006,19,10,5,3
0.041,0.109,0.139,-0.79,0.151,-1,0.0782,0.0757,0.345,0.736,0.170,0.127,0.044,0.019,0.012,0.004,13,9,6,2,0.168,0.135,0.058,0.035,0.017,0.006,19,10,5,3
0.037,0.114,0.310,1.99,0.186,0,0.0582,0.0636,0.097,-0.326,0.170,0.127,0.044,0.019,0.012,0.004,13,9,6,2,0.168,0.135,0.058,0.035,0.017,0.006,19,10,5,3
0.036,0.134,0.578,-0.08,0.108,0,0.0431,0.0543,0.267,0.059,0.170,0.127,0.044,0.019,0.012,0.004,13,9,6,2,0.168,0.135,0.058,0.035,0.017,0.006,19,10,5,3
0.044,0.136,0.363,3.14,0.186,0,0.0445,0.0583,0.197,-0.486,0.170,0.127,0.044,0.019,0.012,0.004,13,9,6,2,0.168,0.135,0.058,0.035,0.017,0.006,19,10,5,3
0.044,0.146,0.424,0.85,0.046,0,0.0492,0.0634,0.289,0.06,0.170,0.127,0.044,0.019,0.012,0.004,13,9,6,2,0.168,0.135,0.058,0.035,0.017,0.006,19,10,5,3
0.047,0.212,0.694,-1.19,0.219,1,0.0561,0.0718,0.336,0.586,0.170,0.127,0.044,0.019,0.012,0.004,13,9,6,2,0.168,0.135,0.058,0.035,0.017,0.006,19,10,5,3
0.045,0.208,0.236,1.69,0.290,0,0.0643,0.0800,0.109,-0.697,0.170,0.127,0.044,0.019,0.012,0.004,13,9,6,2,0.168,0.135,0.058,0.035,0.017,0.006,19,10,5,3
0.056,0.288,0.480,-0.42,0.180,0,0.0789,0.0917,0.340,0.318,0.170,0.127,0.044,0.019,0.012,0.004,13,9,6,2,0.168,0.135,0.058,0.035,0.017,0.006,19,10,5,3
0.059,0.282,0.444,-0.48,0.134,0,0.0841,0.0969,0.457,0.007,0.170,0.127,0.044,0.019,0.012,0.004,13,9,6,2,0.168,0.135,0.058,0.035,0.017,0.006,19,10,5,3
0.073,0.229,0.081,1.69,0.290,0,0.0850,0.0981,0.140,-0.697,0.170,0.127,0.044,0.019,0.012,0.004,13,9,6,2,0.168,0.135,0.058,0.035,0.017,0.006,19,10,5,3
0.074,0.149,0.014,2.53,0.140,0,0.0846,0.1000,0.142,-0.121,0.170,0.127,0.044,0.019,0.012,0.004,13,9,6,2,0.168,0.135,0.058,0.035,0.017,0.006,19,10,5,3
0.095,0.154,0.219,-1.14,0.131,0,0.0839,0.0996,0.385,0.987,0.170,0.127,0.044,0.019,0.012,0.004,13,9,6,2,0.168,0.135,0.058,0.035,0.017,0.006,19,10,5,3
0.097,0.139,0.044,0.85,0.046,0,0.0781,0.0960,0.268,0.06,0.170,0.127,0.044,0.019,0.012,0.004,13,9,6,2,0.168,0.135,0.058,0.035,0.017,0.006,19,10,5,3
0.102,0.130,0.003,3.14,0.186,0,0.0619,0.0839,0.085,-0.486,0.170,0.127,0.044,0.019,0.012,0.004,13,9,6,2,0.168,0.135,0.058,0.035,0.017,0.006,19,10,5,3
0.088,0.168,0.015,-0.42,0.180,0,0.0634,0.0864,0.262,0.318,0.170,0.127,0.044,0.019,0.012,0.004,13,9,6,2,0.168,0.135,0.058,0.035,0.017,0.006,19,10,5,3
0.060,0.186,0.088,0.22,0.230,0,0.0739,0.0973,0.385,0.303,0.170,0.127,0.044,0.019,0.012,0.004,13,9,6,2,0.168,0.135,0.058,0.035,0.017,0.006,19,10,5,3
0.045,0.139,0.008,-0.79,0.151,-1,0.0924,0.1149,0.236,0.736,0.170,0.127,0.044,0.019,0.012,0.004,13,9,6,2,0.168,0.135,0.058,0.035,0.017,0.006,19,10,5,3
0.070,0.124,0.001,2.53,0.140,0,0.1295,0.1473,0.065,-0.121,0.170,0.127,0.044,0.019,0.012,0.004,13,9,6,2,0.168,0.135,0.058,0.035,0.017,0.006,19,10,5,3
0.070,0.199,0.116,0.2,0.291,1,0.1684,0.1785,0.267,0.180,0.170,0.127,0.044,0.019,0.012,0.004,13,9,6,2,0.168,0.135,0.058,0.035,0.017,0.006,19,10,5,3
0.067,0.192,0.140,-1.19,0.219,1,0.1990,0.1997,0.419,0.586,0.170,0.127,0.044,0.019,0.012,0.004,13,9,6,2,0.168,0.135,0.058,0.035,0.017,0.006,19,10,5,3
0.084,0.146,0.085,1.69,0.290,0,0.2271,0.2193,0.115,-0.697,0.170,0.127,0.044,0.019,0.012,0.004,13,9,6,2,0.168,0.135,0.058,0.035,0.017,0.006,19,10,5,3
0.068,0.104,0.004,1.42,0.221,0,0.2488,0.2331,0.118,-0.397,0.170,0.127,0.044,0.019,0.012,0.004,13,9,6,2,0.168,0.135,0.058,0.035,0.017,0.006,19,10,5,3
0.069,0.107,0.026,0.85,0.046,0,0.2611,0.2361,0.297,0.06,0.170,0.127,0.044,0.019,0.012,0.004,13,9,6,2,0.168,0.135,0.058,0.035,0.017,0.006,19,10,5,3
0.058,0.106,0.004,0.85,0.046,0,0.2558,0.2270,0.390,0.06,0.170,0.127,0.044,0.019,0.012,0.004,13,9,6,2,0.168,0.135,0.058,0.035,0.017,0.006,19,10,5,3
0.059,0.126,0.080,-0.48,0.134,0,0.2360,0.2063,0.279,0.007,0.170,0.127,0.044,0.019,0.012,0.004,13,9,6,2,0.168,0.135,0.058,0.035,0.017,0.006,19,10,5,3
0.061,0.187,0.107,1.76,0.409,0,0.2217,0.1886,0.151,-0.884,0.170,0.127,0.044,0.019,0.012,0.004,13,9,6,2,0.168,0.135,0.058,0.035,0.017,0.006,19,10,5,3
0.045,0.128,0.077,-1.1,0.105,-1,0.2092,0.1735,0.466,0.192,0.170,0.127,0.044,0.019,0.012,0.004,13,9,6,2,0.168,0.135,0.058,0.035,0.017,0.006,19,10,5,3
0.054,0.149,0.356,-1.19,0.219,1,0.1982,0.1592,0.449,0.586,0.170,0.127,0.044,0.019,0.012,0.004,13,9,6,2,0.168,0.135,0.058,0.035,0.017,0.006,19,10,5,3
0.055,0.104,0.064,-1.1,0.105,-1,0.1841,0.1462,0.501,0.192,0.170,0.127,0.044,0.019,0.012,0.004,13,9,6,2,0.168,0.135,0.058,0.035,0.017,0.006,19,10,5,3
0.056,0.102,0.039,-0.79,0.151,-1,0.1905,0.1507,0.488,0.736,0.170,0.127,0.044,0.019,0.012,0.004,13,9,6,2,0.168,0.135,0.058,0.035,0.017,0.006,19,10,5,3
0.042,0.095,0.211,0,0.000,0,0.1978,0.1587,0.365,0.166,0.170,0.127,0.044,0.019,0.012,0.004,13,9,6,2,0.168,0.135,0.058,0.035,0.017,0.006,19,10,5,3
0.054,0.093,0.206,-0.79,0.151,-1,0.1994,0.1599,0.282,0.736,0.170,0.127,0.044,0.019,0.012,0.004,13,9,6,2,0.168,0.135,0.058,0.035,0.017,0.006,19,10,5,3
0.051,0.106,0.090,3.14,0.186,0,0.2149,0.1689,0.164,-0.486,0.170,0.127,0.044,0.019,0.012,0.004,13,9,6,2,0.168,0.135,0.058,0.035,0.017,0.006,19,10,5,3
0.049,0.162,0.252,-0.48,0.134,0,0.2269,0.1727,0.337,0.007,0.170,0.127,0.044,0.019,0.012,0.004,13,9,6,2,0.168,0.135,0.058,0.035,0.017,0.006,19,10,5,3
0.041,0.147,0.011,1.99,0.186,0,0.2276,0.1666,0.121,-0.326,0.170,0.127,0.044,0.019,0.012,0.004,13,9,6,2,0.168,0.135,0.058,0.035,0.017,0.006,19,10,5,3
0.046,0.143,0.190,1.99,0.186,0,0.2220,0.1566,0.109,-0.326,0.170,0.127,0.044,0.019,0.012,0.004,13,9,6,2,0.168,0.135,0.058,0.035,0.017,0.006,19,10,5,3
0.069,0.126,0.217,-0.79,0.151,-1,0.2050,0.1374,0.336,0.736,0.170,0.127,0.044,0.019,0.012,0.004,13,9,6,2,0.168,0.135,0.058,0.035,0.017,0.006,19,10,5,3
0.074,0.105,0.031,-1.1,0.105,-1,0.1817,0.1132,0.299,0.192,0.170,0.127,0.044,0.019,0.012,0.004,13,9,6,2,0.168,0.135,0.058,0.035,0.017,0.006,19,10,5,3
0.057,0.111,0.003,2.1,0.128,0,0.1511,0.0890,0.074,0.02,0.170,0.127,0.044,0.019,0.012,0.004,13,9,6,2,0.168,0.135,0.058,0.035,0.017,0.006,19,10,5,3
0.061,0.109,0.266,-0.52,0.062,0,0.1208,0.0665,0.162,0.341,0.170,0.127,0.044,0.019,0.012,0.004,13,9,6,2,0.168,0.135,0.058,0.035,0.017,0.006,19,10,5,3
0.076,0.125,0.187,-0.08,0.108,0,0.0963,0.0496,0.193,0.059,0.170,0.127,0.044,0.019,0.012,0.004,13,9,6,2,0.168,0.135,0.058,0.035,0.017,0.006,19,10,5,3
0.060,0.106,0.065,1.42,0.221,0,0.0680,0.0318,0.124,-0.397,0.170,0.127,0.044,0.019,0.012,0.004,13,9,6,2,0.168,0.135,0.058,0.035,0.017,0.006,19,10,5,3
0.076,0.141,0.017,3.14,0.186,0,0.0461,0.0196,0.093,-0.486,0.170,0.127,0.044,0.019,0.012,0.004,13,9,6,2,0.168,0.135,0.058,0.035,0.017,0.006,19,10,5,3
0.063,0.163,0.021,3.14,0.186,0,0.0421,0.0190,0.074,-0.486,0.170,0.127,0.044,0.019,0.012,0.004,13,9,6,2,0.168,0.135,0.058,0.035,0.017,0.006,19,10,5,3
0.072,0.215,0.338,-0.48,0.134,0,0.0493,0.0246,0.145,0.007,0.170,0.127,0.044,0.019,0.012,0.004,13,9,6,2,0.168,0.135,0.058,0.035,0.017,0.006,19,10,5,3
0.072,0.171,0.172,-0.08,0.108,0,0.0617,0.0321,0.097,0.059,0.170,0.127,0.044,0.019,0.012,0.004,13,9,6,2,0.168,0.135,0.058,0.035,0.017,0.006,19,10,5,3
0.076,0.132,0.004,0.85,0.046,0,0.0667,0.0340,0.083,0.06,0.170,0.127,0.044,0.019,0.012,0.004,13,9,6,2,0.168,0.135,0.058,0.035,0.017,0.006,19,10,5,3
0.116,0.137,0.003,2.1,0.128,0,0.0786,0.0403,0.048,0.02,0.170,0.127,0.044,0.019,0.012,0.004,13,9,6,2,0.168,0.135,0.058,0.035,0.017,0.006,19,10,5,3
0.126,0.162,0.128,-0.42,0.180,0,0.0821,0.0404,0.199,0.318,0.170,0.127,0.044,0.019,0.012,0.004,13,9,6,2,0.168,0.135,0.058,0.035,0.017,0.006,19,10,5,3
0.121,0.138,0.060,2.1,0.128,0,0.0850,0.0411,0.125,0.02,0.170,0.127,0.044,0.019,0.012,0.004,13,9,6,2,0.168,0.135,0.058,0.035,0.017,0.006,19,10,5,3
0.111,0.139,0.012,1.99,0.186,0,0.0865,0.0409,0.129,-0.326,0.170,0.127,0.044,0.019,0.012,0.004,13,9,6,2,0.168,0.135,0.058,0.035,0.017,0.006,19,10,5,3
0.117,0.253,0.126,1.69,0.290,0,0.0911,0.0424,0.146,-0.697,0.170,0.127,0.044,0.019,0.012,0.004,13,9,6,2,0.168,0.135,0.058,0.035,0.017,0.006,19,10,5,3
0.117,0.232,0.245,0,0.000,0,0.0950,0.0432,0.194,0.166,0.170,0.127,0.044,0.019,0.012,0.004,13,9,6,2,0.168,0.135,0.058,0.035,0.017,0.006,19,10,5,3
0.125,0.239,0.247,-0.79,0.151,-1,0.0972,0.0428,0.456,0.736,0.170,0.127,0.044,0.019,0.012,0.004,13,9,6,2,0.168,0.135,0.058,0.035,0.017,0.006,19,10,5,3
0.105,0.230,0.226,-1.1,0.105,-1,0.0894,0.0391,0.330,0.192,0.170,0.127,0.044,0.019,0.012,0.004,13,9,6,2,0.168,0.135,0.058,0.035,0.017,0.006,19,10,5,3
0.125,0.157,0.076,1.99,0.186,0,0.0803,0.0348,0.090,-0.326,0.170,0.127,0.044,0.019,0.012,0.004,13,9,6,2,0.168,0.135,0.058,0.035,0.017,0.006,19,10,5,3
0.127,0.310,0.286,0.2,0.291,1,0.0680,0.0290,0.355,0.180,0.170,0.127,0.044,0.019,0.012,0.004,13,9,6,2,0.168,0.135,0.058,0.035,0.017,0.006,19,10,5,3
0.126,0.267,0.196,-1.19,0.219,1,0.0661,0.0288,0.459,0.586,0.170,0.127,0.044,0.019,0.012,0.004,13,9,6,2,0.168,0.135,0.058,0.035,0.017,0.006,19,10,5,3
0.122,0.224,0.254,0.2,0.291,1,0.0734,0.0332,0.308,0.180,0.170,0.127,0.044,0.019,0.012,0.004,13,9,6,2,0.168,0.135,0.058,0.035,0.017,0.006,19,10,5,3
0.126,0.116,0.031,1.99,0.186,0,0.0838,0.0383,0.149,-0.326,0.170,0.127,0.044,0.019,0.012,0.004,13,9,6,2,0.168,0.135,0.058,0.035,0.017,0.006,19,10,5,3
0.152,0.137,0.050,-1.1,0.105,-1,0.0964,0.0444,0.278,0.192,0.170,0.127,0.044,0.019,0.012,0.004,13,9,6,2,0.168,0.135,0.058,0.035,0.017,0.006,19,10,5,3
0.158,0.169,0.002,0.85,0.046,0,0.1161,0.0534,0.188,0.06,0.170,0.127,0.044,0.019,0.012,0.004,13,9,6,2,0.168,0.135,0.058,0.035,0.017,0.006,19,10,5,3
0.157,0.305,0.251,0.2,0.291,1,0.1343,0.0611,0.389,0.180,0.170,0.127,0.044,0.019,0.012,0.004,13,9,6,2,0.168,0.135,0.058,0.035,0.017,0.006,19,10,5,3
0.161,0.311,0.214,0.2,0.291,1,0.1469,0.0664,0.305,0.180,0.170,0.127,0.044,0.019,0.012,0.004,13,9,6,2,0.168,0.135,0.058,0.035,0.017,0.006,19,10,5,3
0.204,0.238,0.001,1.69,0.290,0,0.1541,0.0700,0.052,-0.697,0.170,0.127,0.044,0.019,0.012,0.004,13,9,6,2,0.168,0.135,0.058,0.035,0.017,0.006,19,10,5,3
0.211,0.110,0.003,0.85,0.046,0,0.1526,0.0695,0.175,0.06,0.170,0.127,0.044,0.019,0.012,0.004,13,9,6,2,0.168,0.135,0.058,0.035,0.017,0.006,19,10,5,3
0.207,0.166,0.125,-0.42,0.180,0,0.1414,0.0651,0.420,0.318,0.170,0.127,0.044,0.019,0.012,0.004,13,9,6,2,0.168,0.135,0.058,0.035,0.017,0.006,19,10,5,3
0.192,0.171,0.002,1.99,0.186,0,0.1231,0.0582,0.076,-0.326,0.170,0.127,0.044,0.019,0.012,0.004,13,9,6,2,0.168,0.135,0.058,0.035,0.017,0.006,19,10,5,3
0.158,0.172,0.002,1.99,0.186,0,0.1005,0.0495,0.058,-0.326,0.170,0.127,0.044,0.019,0.012,0.004,13,9,6,2,0.168,0.135,0.058,0.035,0.017,0.006,19,10,5,3
0.153,0.194,0.005,0.85,0.046,0,0.0813,0.0426,0.322,0.06,0.170,0.127,0.044,0.019,0.012,0.004,13,9,6,2,0.168,0.135,0.058,0.035,0.017,0.006,19,10,5,3
0.154,0.280,0.184,-1.19,0.219,1,0.0677,0.0376,0.500,0.586,0.170,0.127,0.044,0.019,0.012,0.004,13,9,6,2,0.168,0.135,0.058,0.035,0.017,0.006,19,10,5,3
0.133,0.204,0.002,1.42,0.221,0,0.0607,0.0337,0.097,-0.397,0.170,0.127,0.044,0.019,0.012,0.004,13,9,6,2,0.168,0.135,0.058,0.035,0.017,0.006,19,10,5,3
0.131,0.175,0.003,-0.79,0.151,-1,0.0506,0.0290,0.372,0.736,0.170,0.127,0.044,0.019,0.012,0.004,13,9,6,2,0.168,0.135,0.058,0.035,0.017,0.006,19,10,5,3
0.121,0.227,0.110,-0.52,0.062,0,0.0397,0.0235,0.416,0.341,0.170,0.127,0.044,0.019,0.012,0.004,13,9,6,2,0.168,0.135,0.058,0.035,0.017,0.006,19,10,5,3
0.114,0.276,0.013,-0.52,0.062,0,0.0259,0.0160,0.311,0.341,0.170,0.127,0.044,0.019,0.012,0.004,13,9,6,2,0.168,0.135,0.058,0.035,0.017,0.006,19,10,5,3
0.137,0.215,0.003,1.99,0.186,0,0.0200,0.0119,0.203,-0.326,0.170,0.127,0.044,0.019,0.012,0.004,13,9,6,2,0.168,0.135,0.058,0.035,0.017,0.006,19,10,5,3
0.135,0.248,0.028,3.14,0.186,0,0.0206,0.0114,0.138,-0.486,0.170,0.127,0.044,0.019,0.012,0.004,13,9,6,2,0.168,0.135,0.058,0.035,0.017,0.006,19,10,5,3
0.172,0.185,0.315,-1.14,0.131,0,0.0225,0.0122,0.205,0.987,0.170,0.127,0.044,0.019,0.012,0.004,13,9,6,2,0.168,0.135,0.058,0.035,0.017,0.006,19,10,5,3
0.172,0.146,0.171,0.85,0.046,0,0.0280,0.0152,0.103,0.06,0.170,0.127,0.044,0.019,0.012,0.004,13,9,6,2,0.168,0.135,0.058,0.035,0.017,0.006,19,10,5,3
0.165,0.110,0.172,0.85,0.046,0,0.0326,0.0170,0.147,0.06,0.170,0.127,0.044,0.019,0.012,0.004,13,9,6,2,0.168,0.135,0.058,0.035,0.017,0.006,19,10,5,3
0.164,0.095,0.084,2.53,0.140,0,0.0322,0.0171,0.117,-0.121,0.170,0.127,0.044,0.019,0.012,0.004,13,9,6,2,0.168,0.135,0.058,0.035,0.017,0.006,19,10,5,3
0.127,0.150,0.217,1.69,0.290,0,0.0346,0.0189,0.112,-0.697,0.170,0.127,0.044,0.019,0.012,0.004,13,9,6,2,0.168,0.135,0.058,0.035,0.017,0.006,19,10,5,3
0.118,0.162,0.047,1.99,0.186,0,0.0392,0.0226,0.060,-0.326,0.170,0.127,0.044,0.019,0.012,0.004,13,9,6,2,0.168,0.135,0.058,0.035,0.017,0.006,19,10,5,3
0.152,0.149,0.355,-1.14,0.131,0,0.0437,0.0257,0.173,0.987,0.170,0.127,0.044,0.019,0.012,0.004,13,9,6,2,0.168,0.135,0.058,0.035,0.017,0.006,19,10,5,3
0.145,0.166,0.207,3.14,0.186,0,0.0404,0.0250,0.108,-0.486,0.170,0.127,0.044,0.019,0.012,0.004,13,9,6,2,0.168,0.135,0.058,0.035,0.017,0.006,19,10,5,3
0.144,0.138,0.019,1.99,0.186,0,0.0346,0.0221,0.117,-0.326,0.170,0.127,0.044,0.019,0.012,0.004,13,9,6,2,0.168,0.135,0.058,0.035,0.017,0.006,19,10,5,3
0.148,0.134,0.065,1.99,0.186,0,0.0390,0.0264,0.128,-0.326,0.170,0.127,0.044,0.019,0.012,0.004,13,9,6,2,0.168,0.135,0.058,0.035,0.017,0.006,19,10,5,3
0.163,0.187,0.245,-1.19,0.219,1,0.0442,0.0306,0.422,0.586,0.170,0.127,0.044,0.019,0.012,0.004,13,9,6,2,0.168,0.135,0.058,0.035,0.017,0.006,19,10,5,3
0.139,0.174,0.109,1.99,0.186,0,0.0570,0.0388,0.114,-0.326,0.170,0.127,0.044,0.019,0.012,0.004,13,9,6,2,0.168,0.135,0.058,0.035,0.017,0.006,19,10,5,3
0.139,0.203,0.313,-1.14,0.131,0,0.0758,0.0486,0.352,0.987,0.170,0.127,0.044,0.019,0.012,0.004,13,9,6,2,0.168,0.135,0.058,0.035,0.017,0.006,19,10,5,3
0.144,0.241,0.352,1.99,0.186,0,0.1083,0.0689,0.236,-0.326,0.170,0.127,0.044,0.019,0.012,0.004,13,9,6,2,0.168,0.135,0.058,0.035,0.017,0.006,19,10,5,3
0.137,0.261,0.510,-1.14,0.131,0,0.1326,0.0794,0.373,0.987,0.170,0.127,0.044,0.019,0.012,0.004,13,9,6,2,0.168,0.135,0.058,0.035,0.017,0.006,19,10,5,3
0.135,0.351,0.545,-0.42,0.180,0,0.1654,0.1005,0.429,0.318,0.170,0.127,0.044,0.019,0.012,0.004,13,9,6,2,0.168,0.135,0.058,0.035,0.017,0.006,19,10,5,3
0.135,0.354,0.528,-0.52,0.062,0,0.1968,0.1204,0.291,0.341,0.170,0.127,0.044,0.019,0.012,0.004,13,9,6,2,0.168,0.135,0.058,0.035,0.017,0.006,19,10,5,3
0.137,0.345,0.548,0.85,0.046,0,0.2348,0.1492,0.327,0.06,0.170,0.127,0.044,0.019,0.012,0.004,13,9,6,2,0.168,0.135,0.058,0.035,0.017,0.006,19,10,5,3
0.172,0.426,0.667,0.2,0.291,1,0.2726,0.1820,0.367,0.180,0.170,0.127,0.044,0.019,0.012,0.004,13,9,6,2,0.168,0.135,0.058,0.035,0.017,0.006,19,10,5,3
0.169,0.332,0.043,2.1,0.128,0,0.3031,0.2133,0.119,0.02,0.170,0.127,0.044,0.019,0.012,0.004,13,9,6,2,0.168,0.135,0.058,0.035,0.017,0.006,19,10,5,3
0.169,0.355,0.343,0.22,0.230,0,0.3152,0.2333,0.367,0.303,0.170,0.127,0.044,0.019,0.012,0.004,13,9,6,2,0.168,0.135,0.058,0.035,0.017,0.006,19,10,5,3
0.145,0.305,0.324,-0.79,0.151,-1,0.3138,0.2426,0.405,0.736,0.170,0.127,0.044,0.019,0.012,0.004,13,9,6,2,0.168,0.135,0.058,0.035,0.017,0.006,19,10,5,3
0.119,0.299,0.003,0.85,0.046,0,0.2924,0.2377,0.095,0.06,0.170,0.127,0.044,0.019,0.012,0.004,13,9,6,2,0.168,0.135,0.058,0.035,0.017,0.006,19,10,5,3
0.121,0.333,0.095,0.2,0.291,1,0.2584,0.2225,0.211,0.180,0.170,0.127,0.044,0.019,0.012,0.004,13,9,6,2,0.168,0.135,0.058,0.035,0.017,0.006,19,10,5,3
0.119,0.235,0.062,-0.08,0.108,0,0.2331,0.2087,0.433,0.059,0.170,0.127,0.044,0.019,0.012,0.004,13,9,6,2,0.168,0.135,0.058,0.035,0.017,0.006,19,10,5,3
0.121,0.238,0.015,-0.79,0.151,-1,0.2031,0.1887,0.329,0.736,0.170,0.127,0.044,0.019,0.012,0.004,13,9,6,2,0.168,0.135,0.058,0.035,0.017,0.006,19,10,5,3
0.126,0.175,0.001,1.99,0.186,0,0.1794,0.1686,0.029,-0.326,0.170,0.127,0.044,0.019,0.012,0.004,13,9,6,2,0.168,0.135,0.058,0.035,0.017,0.006,19,10,5,3
0.125,0.210,0.050,-0.42,0.180,0,0.1707,0.1568,0.268,0.318,0.170,0.127,0.044,0.019,0.012,0.004,13,9,6,2,0.168,0.135,0.058,0.035,0.017,0.006,19,10,5,3
0.153,0.219,0.103,-1.19,0.219,1,0.1735,0.1516,0.477,0.586,0.170,0.127,0.044,0.019,0.012,0.004,13,9,6,2,0.168,0.135,0.058,0.035,0.017,0.006,19,10,5,3
0.121,0.197,0.062,3.14,0.186,0,0.1816,0.1476,0.097,-0.486,0.170,0.127,0.044,0.019,0.012,0.004,13,9,6,2,0.168,0.135,0.058,0.035,0.017,0.006,19,10,5,3
0.095,0.136,0.002,1.99,0.186,0,0.1984,0.1508,0.070,-0.326,0.170,0.127,0.044,0.019,0.012,0.004,13,9,6,2,0.168,0.135,0.058,0.035,0.017,0.006,19,10,5,3
0.072,0.152,0.104,-0.52,0.062,0,0.2296,0.1686,0.276,0.341,0.170,0.127,0.044,0.019,0.012,0.004,13,9,6,2,0.168,0.135,0.058,0.035,0.017,0.006,19,10,5,3
0.089,0.136,0.008,-0.79,0.151,-1,0.2395,0.1688,0.365,0.736,0.170,0.127,0.044,0.019,0.012,0.004,13,9,6,2,0.168,0.135,0.058,0.035,0.017,0.006,19,10,5,3
0.074,0.107,0.014,3.14,0.186,0,0.2450,0.1717,0.078,-0.486,0.170,0.127,0.044,0.019,0.012,0.004,13,9,6,2,0.168,0.135,0.058,0.035,0.017,0.006,19,10,5,3
0.089,0.096,0.007,3.14,0.186,0,0.2461,0.1748,0.117,-0.486,0.170,0.127,0.044,0.019,0.012,0.004,13,9,6,2,0.168,0.135,0.058,0.035,0.017,0.006,19,10,5,3
0.090,0.092,0.001,3.14,0.186,0,0.2601,0.1919,0.242,-0.486,0.170,0.127,0.044,0.019,0.012,0.004,13,9,6,2,0.168,0.135,0.058,0.035,0.017,0.006,19,10,5,3
0.117,0.091,0.001,0.85,0.046,0,0.2728,0.2084,0.207,0.06,0.170,0.127,0.044,0.019,0.012,0.004,13,9,6,2,0.168,0.135,0.058,0.035,0.017,0.006,19,10,5,3
0.123,0.146,0.360,0.2,0.291,1,0.2875,0.2282,0.243,0.180,0.170,0.127,0.044,0.019,0.012,0.004,13,9,6,2,0.168,0.135,0.058,0.035,0.017,0.006,19,10,5,3
0.121,0.121,0.195,-1.19,0.219,1,0.3074,0.2513,0.370,0.586,0.170,0.127,0.044,0.019,0.012,0.004,13,9,6,2,0.168,0.135,0.058,0.035,0.017,0.006,19,10,5,3
0.103,0.090,0.009,-0.79,0.151,-1,0.3305,0.2723,0.394,0.736,0.170,0.127,0.044,0.019,0.012,0.004,13,9,6,2,0.168,0.135,0.058,0.035,0.017,0.006,19,10,5,3
0.101,0.074,0.009,-0.79,0.151,-1,0.3451,0.2860,0.432,0.736,0.170,0.127,0.044,0.019,0.012,0.004,13,9,6,2,0.168,0.135,0.058,0.035,0.017,0.006,19,10,5,3
0.101,0.079,0.006,-0.79,0.151,-1,0.3518,0.2932,0.406,0.736,0.170,0.127,0.044,0.019,0.012,0.004,13,9,6,2,0.168,0.135,0.058,0.035,0.017,0.006,19,10,5,3
0.095,0.074,0.008,2.53,0.140,0,0.3726,0.3089,0.253,-0.121,0.170,0.127,0.044,0.019,0.012,0.004,13,9,6,2,0.168,0.135,0.058,0.035,0.017,0.006,19,10,5,3
0.123,0.118,0.077,-0.48,0.134,0,0.3905,0.3208,0.458,0.007,0.170,0.127,0.044,0.019,0.012,0.004,13,9,6,2,0.168,0.135,0.058,0.035,0.017,0.006,19,10,5,3
0.129,0.142,0.087,-1.19,0.219,1,0.4045,0.3291,0.532,0.586,0.170,0.127,0.044,0.019,0.012,0.004,13,9,6,2,0.168,0.135,0.058,0.035,0.017,0.006,19,10,5,3
0.132,0.144,0.020,-1.1,0.105,-1,0.4028,0.3258,0.516,0.192,0.170,0.127,0.044,0.019,0.012,0.004,13,9,6,2,0.168,0.135,0.058,0.035,0.017,0.006,19,10,5,3
0.134,0.178,0.235,-0.52,0.062,0,0.3969,0.3211,0.351,0.341,0.170,0.127,0.044,0.019,0.012,0.004,13,9,6,2,0.168,0.135,0.058,0.035,0.017,0.006,19,10,5,3
0.140,0.201,0.226,-0.52,0.062,0,0.3725,0.3007,0.353,0.341,0.170,0.127,0.044,0.019,0.012,0.004,13,9,6,2,0.168,0.135,0.058,0.035,0.017,0.006,19,10,5,3
0.136,0.183,0.199,-0.08,0.108,0,0.3474,0.2815,0.262,0.059,0.170,0.127,0.044,0.019,0.012,0.004,13,9,6,2,0.168,0.135,0.058,0.035,0.017,0.006,19,10,5,3
0.110,0.162,0.266,-0.52,0.062,0,0.3232,0.2650,0.278,0.341,0.170,0.127,0.044,0.019,0.012,0.004,13,9,6,2,0.168,0.135,0.058,0.035,0.017,0.006,19,10,5,3
0.120,0.134,0.270,-1.1,0.105,-1,0.2966,0.2469,0.385,0.192,0.170,0.127,0.044,0.019,0.012,0.004,13,9,6,2,0.168,0.135,0.058,0.035,0.017,0.006,19,10,5,3
0.152,0.115,0.060,1.99,0.186,0,0.2684,0.2286,0.141,-0.326,0.170,0.127,0.044,0.019,0.012,0.004,13,9,6,2,0.168,0.135,0.058,0.035,0.017,0.006,19,10,5,3
0.178,0.120,0.008,1.99,0.186,0,0.2458,0.2164,0.101,-0.326,0.170,0.127,0.044,0.019,0.012,0.004,13,9,6,2,0.168,0.135,0.058,0.035,0.017,0.006,19,10,5,3
0.181,0.143,0.366,-0.52,0.062,0,0.2414,0.2186,0.237,0.341,0.170,0.127,0.044,0.019,0.012,0.004,13,9,6,2,0.168,0.135,0.058,0.035,0.017,0.006,19,10,5,3
0.201,0.127,0.089,0,0.000,0,0.2432,0.2233,0.181,0.166,0.170,0.127,0.044,0.019,0.012,0.004,13,9,6,2,0.168,0.135,0.058,0.035,0.017,0.006,19,10,5,3
0.158,0.108,0.064,1.99,0.186,0,0.2422,0.2230,0.096,-0.326,0.170,0.127,0.044,0.019,0.012,0.004,13,9,6,2,0.168,0.135,0.058,0.035,0.017,0.006,19,10,5,3
0.171,0.110,0.006,1.99,0.186,0,0.2394,0.2204,0.086,-0.326,0.170,0.127,0.044,0.019,0.012,0.004,13,9,6,2,0.168,0.135,0.058,0.035,0.017,0.006,19,10,5,3
0.171,0.137,0.078,-0.52,0.062,0,0.2335,0.2144,0.206,0.341,0.170,0.127,0.044,0.019,0.012,0.004,13,9,6,2,0.168,0.135,0.058,0.035,0.017,0.006,19,10,5,3
0.162,0.148,0.003,0.85,0.046,0,0.2195,0.2019,0.107,0.06,0.170,0.127,0.044,0.019,0.012,0.004,13,9,6,2,0.168,0.135,0.058,0.035,0.017,0.006,19,10,5,3
0.182,0.111,0.041,2.53,0.140,0,0.1919,0.1791,0.107,-0.121,0.170,0.127,0.044,0.019,0.012,0.004,13,9,6,2,0.168,0.135,0.058,0.035,0.017,0.006,19,10,5,3
0.143,0.185,0.115,1.37,0.298,0,0.1687,0.1609,0.173,-0.510,0.170,0.127,0.044,0.019,0.012,0.004,13,9,6,2,0.168,0.135,0.058,0.035,0.017,0.006,19,10,5,3
0.148,0.207,0.315,0.2,0.291,1,0.1493,0.1456,0.415,0.180,0.170,0.127,0.044,0.019,0.012,0.004,13,9,6,2,0.168,0.135,0.058,0.035,0.017,0.006,19,10,5,3
0.153,0.161,0.004,-1.1,0.105,-1,0.1440,0.1422,0.377,0.192,0.170,0.127,0.044,0.019,0.012,0.004,13,9,6,2,0.168,0.135,0.058,0.035,0.017,0.006,19,10,5,3
0.157,0.165,0.017,0,0.000,0,0.1378,0.1384,0.386,0.166,0.170,0.127,0.044,0.019,0.012,0.004,13,9,6,2,0.168,0.135,0.058,0.035,0.017,0.006,19,10,5,3
0.156,0.217,0.069,-0.08,0.108,0,0.1353,0.1386,0.285,0.059,0.170,0.127,0.044,0.019,0.012,0.004,13,9,6,2,0.168,0.135,0.058,0.035,0.017,0.006,19,10,5,3
0.149,0.186,0.101,-1.14,0.131,0,0.1295,0.1342,0.335,0.987,0.170,0.127,0.044,0.019,0.012,0.004,13,9,6,2,0.168,0.135,0.058,0.035,0.017,0.006,19,10,5,3
0.150,0.174,0.246,1.42,0.221,0,0.1261,0.1306,0.204,-0.397,0.170,0.127,0.044,0.019,0.012,0.004,13,9,6,2,0.168,0.135,0.058,0.035,0.017,0.006,19,10,5,3
0.151,0.225,0.259,-0.52,0.062,0,0.1179,0.1216,0.184,0.341,0.170,0.127,0.044,0.019,0.012,0.004,13,9,6,2,0.168,0.135,0.058,0.035,0.017,0.006,19,10,5,3
0.145,0.174,0.117,1.99,0.186,0,0.1181,0.1182,0.092,-0.326,0.170,0.127,0.044,0.019,0.012,0.004,13,9,6,2,0.168,0.135,0.058,0.035,0.017,0.006,19,10,5,3
0.150,0.177,0.240,0.22,0.230,0,0.1162,0.1133,0.191,0.303,0.170,0.127,0.044,0.019,0.012,0.004,13,9,6,2,0.168,0.135,0.058,0.035,0.017,0.006,19,10,5,3
0.124,0.140,0.111,-0.79,0.151,-1,0.1181,0.1104,0.238,0.736,0.170,0.127,0.044,0.019,0.012,0.004,13,9,6,2,0.168,0.135,0.058,0.035,0.017,0.006,19,10,5,3
0.140,0.123,0.003,2.53,0.140,0,0.1230,0.1121,0.064,-0.121,0.170,0.127,0.044,0.019,0.012,0.004,13,9,6,2,0.168,0.135,0.058,0.035,0.017,0.006,19,10,5,3
0.137,0.137,0.003,2.1,0.128,0,0.1305,0.1153,0.042,0.02,0.170,0.127,0.044,0.019,0.012,0.004,13,9,6,2,0.168,0.135,0.058,0.035,0.017,0.006,19,10,5,3
0.138,0.127,0.002,0,0.000,0,0.1290,0.1112,0.104,0.166,0.170,0.127,0.044,0.019,0.012,0.004,13,9,6,2,0.168,0.135,0.058,0.035,0.017,0.006,19,10,5,3
0.145,0.134,0.003,1.42,0.221,0,0.1293,0.1092,0.077,-0.397,0.170,0.127,0.044,0.019,0.012,0.004,13,9,6,2,0.168,0.135,0.058,0.035,0.017,0.006,19,10,5,3
0.145,0.140,0.001,3.14,0.186,0,0.1286,0.1079,0.053,-0.486,0.170,0.127,0.044,0.019,0.012,0.004,13,9,6,2,0.168,0.135,0.058,0.035,0.017,0.006,19,10,5,3
0.159,0.129,0.002,2.53,0.140,0,0.1288,0.1079,0.050,-0.121,0.170,0.127,0.044,0.019,0.012,0.004,13,9,6,2,0.168,0.135,0.058,0.035,0.017,0.006,19,10,5,3
0.160,0.153,0.006,0.85,0.046,0,0.1316,0.1097,0.063,0.06,0.170,0.127,0.044,0.019,0.012,0.004,13,9,6,2,0.168,0.135,0.058,0.035,0.017,0.006,19,10,5,3
0.149,0.194,0.042,0.85,0.046,0,0.1300,0.1087,0.041,0.06,0.170,0.127,0.044,0.019,0.012,0.004,13,9,6,2,0.168,0.135,0.058,0.035,0.017,0.006,19,10,5,3
0.143,0.220,0.020,1.42,0.221,0,0.1270,0.1063,0.059,-0.397,0.170,0.127,0.044,0.019,0.012,0.004,13,9,6,2,0.168,0.135,0.058,0.035,0.017,0.006,19,10,5,3
0.127,0.269,0.043,1.69,0.290,0,0.1322,0.1097,0.115,-0.697,0.170,0.127,0.044,0.019,0.012,0.004,13,9,6,2,0.168,0.135,0.058,0.035,0.017,0.006,19,10,5,3
0.147,0.251,0.254,0.85,0.046,0,0.1381,0.1125,0.202,0.06,0.170,0.127,0.044,0.019,0.012,0.004,13,9,6,2,0.168,0.135,0.058,0.035,0.017,0.006,19,10,5,3
0.102,0.351,0.617,0,0.000,0,0.1446,0.1145,0.198,0.166,0.170,0.127,0.044,0.019,0.012,0.004,13,9,6,2,0.168,0.135,0.058,0.035,0.017,0.006,19,10,5,3
0.105,0.413,0.372,-0.42,0.180,0,0.1467,0.1116,0.314,0.318,0.170,0.127,0.044,0.019,0.012,0.004,13,9,6,2,0.168,0.135,0.058,0.035,0.017,0.006,19,10,5,3
0.107,0.445,0.717,0.22,0.230,0,0.1429,0.1034,0.280,0.303,0.170,0.127,0.044,0.019,0.012,0.004,13,9,6,2,0.168,0.135,0.058,0.035,0.017,0.006,19,10,5,3
0.102,0.522,0.731,-0.08,0.108,0,0.1467,0.1025,0.256,0.059,0.170,0.127,0.044,0.019,0.012,0.004,13,9,6,2,0.168,0.135,0.058,0.035,0.017,0.006,19,10,5,3
0.112,0.503,0.385,-0.52,0.062,0,0.1631,0.1122,0.207,0.341,0.170,0.127,0.044,0.019,0.012,0.004,13,9,6,2,0.168,0.135,0.058,0.035,0.017,0.006,19,10,5,3
0.112,0.493,0.233,-0.52,0.062,0,0.1807,0.1237,0.212,0.341,0.170,0.127,0.044,0.019,0.012,0.004,13,9,6,2,0.168,0.135,0.058,0.035,0.017,0.006,19,10,5,3
0.116,0.371,0.375,3.14,0.186,0,0.2193,0.1519,0.148,-0.486,0.170,0.127,0.044,0.019,0.012,0.004,13,9,6,2,0.168,0.135,0.058,0.035,0.017,0.006,19,10,5,3
0.124,0.416,0.148,-0.08,0.108,0,0.2564,0.1811,0.212,0.059,0.170,0.127,0.044,0.019,0.012,0.004,13,9,6,2,0.168,0.135,0.058,0.035,0.017,0.006,19,10,5,3
0.113,0.344,0.011,-0.08,0.108,0,0.2918,0.2090,0.111,0.059,0.170,0.127,0.044,0.019,0.012,0.004,13,9,6,2,0.168,0.135,0.058,0.035,0.017,0.006,19,10,5,3
0.138,0.296,0.047,-0.08,0.108,0,0.3179,0.2316,0.122,0.059,0.170,0.127,0.044,0.019,0.012,0.004,13,9,6,2,0.168,0.135,0.058,0.035,0.017,0.006,19,10,5,3
0.116,0.230,0.104,1.76,0.409,0,0.3375,0.2493,0.155,-0.884,0.170,0.127,0.044,0.019,0.012,0.004,13,9,6,2,0.168,0.135,0.058,0.035,0.017,0.006,19,10,5,3
0.114,0.151,0.002,-0.52,0.062,0,0.3395,0.2532,0.121,0.341,0.170,0.127,0.044,0.019,0.012,0.004,13,9,6,2,0.168,0.135,0.058,0.035,0.017,0.006,19,10,5,3
0.146,0.122,0.005,1.42,0.221,0,0.3304,0.2468,0.119,-0.397,0.170,0.127,0.044,0.019,0.012,0.004,13,9,6,2,0.168,0.135,0.058,0.035,0.017,0.006,19,10,5,3
0.146,0.089,0.005,1.99,0.186,0,0.3153,0.2347,0.101,-0.326,0.170,0.127,0.044,0.019,0.012,0.004,13,9,6,2,0.168,0.135,0.058,0.035,0.017,0.006,19,10,5,3
0.152,0.135,0.035,0.22,0.230,0,0.2882,0.2138,0.216,0.303,0.170,0.127,0.044,0.019,0.012,0.004,13,9,6,2,0.168,0.135,0.058,0.035,0.017,0.006,19,10,5,3
0.119,0.114,0.022,1.99,0.186,0,0.2542,0.1877,0.177,-0.326,0.170,0.127,0.044,0.019,0.012,0.004,13,9,6,2,0.168,0.135,0.058,0.035,0.017,0.006,19,10,5,3
0.113,0.178,0.028,1.42,0.221,0,0.2304,0.1686,0.151,-0.397,0.170,0.127,0.044,0.019,0.012,0.004,13,9,6,2,0.168,0.135,0.058,0.035,0.017,0.006,19,10,5,3
0.116,0.249,0.210,0.22,0.230,0,0.2223,0.1621,0.198,0.303,0.170,0.127,0.044,0.019,0.012,0.004,13,9,6,2,0.168,0.135,0.058,0.035,0.017,0.006,19,10,5,3
0.126,0.210,0.242,-1.14,0.131,0,0.2264,0.1654,0.320,0.987,0.170,0.127,0.044,0.019,0.012,0.004,13,9,6,2,0.168,0.135,0.058,0.035,0.017,0.006,19,10,5,3
0.163,0.212,0.265,0.85,0.046,0,0.2285,0.1644,0.321,0.06,0.170,0.127,0.044,0.019,0.012,0.004,13,9,6,2,0.168,0.135,0.058,0.035,0.017,0.006,19,10,5,3
0.141,0.202,0.183,-0.48,0.134,0,0.2365,0.1675,0.259,0.007,0.170,0.127,0.044,0.019,0.012,0.004,13,9,6,2,0.168,0.135,0.058,0.035,0.017,0.006,19,10,5,3
0.195,0.134,0.104,2.53,0.140,0,0.2538,0.1823,0.199,-0.121,0.170,0.127,0.044,0.019,0.012,0.004,13,9,6,2,0.168,0.135,0.058,0.035,0.017,0.006,19,10,5,3
0.153,0.227,0.532,-1.19,0.219,1,0.2813,0.2069,0.570,0.586,0.170,0.127,0.044,0.019,0.012,0.004,13,9,6,2,0.168,0.135,0.058,0.035,0.017,0.006,19,10,5,3
0.121,0.187,0.129,0.22,0.230,0,0.3091,0.2335,0.212,0.303,0.170,0.127,0.044,0.019,0.012,0.004,13,9,6,2,0.168,0.135,0.058,0.035,0.017,0.006,19,10,5,3
0.100,0.114,0.033,1.99,0.186,0,0.3299,0.2551,0.073,-0.326,0.170,0.127,0.044,0.019,0.012,0.004,13,9,6,2,0.168,0.135,0.058,0.035,0.017,0.006,19,10,5,3
0.089,0.124,0.045,-0.79,0.151,-1,0.3427,0.2722,0.459,0.736,0.170,0.127,0.044,0.019,0.012,0.004,13,9,6,2,0.168,0.135,0.058,0.035,0.017,0.006,19,10,5,3
0.090,0.097,0.052,0.85,0.046,0,0.3568,0.2916,0.343,0.06,0.170,0.127,0.044,0.019,0.012,0.004,13,9,6,2,0.168,0.135,0.058,0.035,0.017,0.006,19,10,5,3
0.083,0.092,0.003,1.99,0.186,0,0.3541,0.2965,0.045,-0.326,0.170,0.127,0.044,0.019,0.012,0.004,13,9,6,2,0.168,0.135,0.058,0.035,0.017,0.006,19,10,5,3
0.077,0.130,0.245,0.2,0.291,1,0.3398,0.2920,0.281,0.180,0.170,0.127,0.044,0.019,0.012,0.004,13,9,6,2,0.168,0.135,0.058,0.035,0.017,0.006,19,10,5,3
0.068,0.115,0.043,-1.19,0.219,1,0.3262,0.2867,0.550,0.586,0.170,0.127,0.044,0.019,0.012,0.004,13,9,6,2,0.168,0.135,0.058,0.035,0.017,0.006,19,10,5,3
0.060,0.093,0.014,-0.79,0.151,-1,0.2997,0.2674,0.321,0.736,0.170,0.127,0.044,0.019,0.012,0.004,13,9,6,2,0.168,0.135,0.058,0.035,0.017,0.006,19,10,5,3
0.060,0.075,0.001,3.14,0.186,0,0.2802,0.2507,0.081,-0.486,0.170,0.127,0.044,0.019,0.012,0.004,13,9,6,2,0.168,0.135,0.058,0.035,0.017,0.006,19,10,5,3
0.050,0.080,0.004,-0.79,0.151,-1,0.2730,0.2421,0.559,0.736,0.170,0.127,0.044,0.019,0.012,0.004,13,9,6,2,0.168,0.135,0.058,0.035,0.017,0.006,19,10,5,3
0.040,0.095,0.002,-0.79,0.151,-1,0.2748,0.2414,0.548,0.736,0.170,0.127,0.044,0.019,0.012,0.004,13,9,6,2,0.168,0.135,0.058,0.035,0.017,0.006,19,10,5,3
0.038,0.092,0.001,1.69,0.290,0,0.2774,0.2417,0.125,-0.697,0.170,0.127,0.044,0.019,0.012,0.004,13,9,6,2,0.168,0.135,0.058,0.035,0.017,0.006,19,10,5,3
0.037,0.088,0.002,-1.14,0.131,0,0.2918,0.2520,0.309,0.987,0.170,0.127,0.044,0.019,0.012,0.004,13,9,6,2,0.168,0.135,0.058,0.035,0.017,0.006,19,10,5,3
0.037,0.085,0.003,0.85,0.046,0,0.3172,0.2718,0.550,0.06,0.170,0.127,0.044,0.019,0.012,0.004,13,9,6,2,0.168,0.135,0.058,0.035,0.017,0.006,19,10,5,3
0.038,0.110,0.047,-0.42,0.180,0,0.3237,0.2754,0.403,0.318,0.170,0.127,0.044,0.019,0.012,0.004,13,9,6,2,0.168,0.135,0.058,0.035,0.017,0.006,19,10,5,3
0.037,0.089,0.080,1.99,0.186,0,0.3255,0.2770,0.160,-0.326,0.170,0.127,0.044,0.019,0.012,0.004,13,9,6,2,0.168,0.135,0.058,0.035,0.017,0.006,19,10,5,3
0.028,0.136,0.216,-0.48,0.134,0,0.3120,0.2668,0.375,0.007,0.170,0.127,0.044,0.019,0.012,0.004,13,9,6,2,0.168,0.135,0.058,0.035,0.017,0.006,19,10,5,3
0.023,0.151,0.312,1.37,0.298,0,0.3107,0.2684,0.253,-0.510,0.170,0.127,0.044,0.019,0.012,0.004,13,9,6,2,0.168,0.135,0.058,0.035,0.017,0.006,19,10,5,3
0.023,0.144,0.064,-0.48,0.134,0,0.3073,0.2696,0.383,0.007,0.170,0.127,0.044,0.019,0.012,0.004,13,9,6,2,0.168,0.135,0.058,0.035,0.017,0.006,19,10,5,3
0.024,0.171,0.002,-0.48,0.134,0,0.2980,0.2648,0.340,0.007,0.170,0.127,0.044,0.019,0.012,0.004,13,9,6,2,0.168,0.135,0.058,0.035,0.017,0.006,19,10,5,3
0.031,0.122,0.002,2.53,0.140,0,0.2845,0.2567,0.165,-0.121,0.170,0.127,0.044,0.019,0.012,0.004,13,9,6,2,0.168,0.135,0.058,0.035,0.017,0.006,19,10,5,3
0.039,0.139,0.007,1.42,0.221,0,0.2795,0.2549,0.254,-0.397,0.170,0.127,0.044,0.019,0.012,0.004,13,9,6,2,0.168,0.135,0.058,0.035,0.017,0.006,19,10,5,3
0.051,0.143,0.002,-1.1,0.105,-1,0.2733,0.2496,0.404,0.192,0.170,0.127,0.044,0.019,0.012,0.004,13,9,6,2,0.168,0.135,0.058,0.035,0.017,0.006,19,10,5,3
0.043,0.149,0.001,-0.79,0.151,-1,0.2751,0.2503,0.368,0.736,0.170,0.127,0.044,0.019,0.012,0.004,13,9,6,2,0.168,0.135,0.058,0.035,0.017,0.006,19,10,5,3
0.045,0.172,0.011,1.42,0.221,0,0.2923,0.2640,0.193,-0.397,0.170,0.127,0.044,0.019,0.012,0.004,13,9,6,2,0.168,0.135,0.058,0.035,0.017,0.006,19,10,5,3
0.045,0.196,0.258,-1.14,0.131,0,0.3033,0.2732,0.382,0.987,0.170,0.127,0.044,0.019,0.012,0.004,13,9,6,2,0.168,0.135,0.058,0.035,0.017,0.006,19,10,5,3
0.047,0.170,0.446,1.69,0.290,0,0.3310,0.2956,0.186,-0.697,0.170,0.127,0.044,0.019,0.012,0.004,13,9,6,2,0.168,0.135,0.058,0.035,0.017,0.006,19,10,5,3
0.059,0.163,0.082,0.85,0.046,0,0.3639,0.3212,0.177,0.06,0.170,0.127,0.044,0.019,0.012,0.004,13,9,6,2,0.168,0.135,0.058,0.035,0.017,0.006,19,10,5,3
0.064,0.157,0.252,-0.79,0.151,-1,0.4016,0.3535,0.351,0.736,0.170,0.127,0.044,0.019,0.012,0.004,13,9,6,2,0.168,0.135,0.058,0.035,0.017,0.006,19,10,5,3
0.072,0.325,0.234,0.2,0.291,1,0.4067,0.3611,0.341,0.180,0.170,0.127,0.044,0.019,0.012,0.004,13,9,6,2,0.168,0.135,0.058,0.035,0.017,0.006,19,10,5,3
0.082,0.189,0.046,2.1,0.128,0,0.3999,0.3602,0.116,0.02,0.170,0.127,0.044,0.019,0.012,0.004,13,9,6,2,0.168,0.135,0.058,0.035,0.017,0.006,19,10,5,3
0.082,0.243,0.003,0.85,0.046,0,0.3944,0.3595,0.204,0.06,0.170,0.127,0.044,0.019,0.012,0.004,13,9,6,2,0.168,0.135,0.058,0.035,0.017,0.006,19,10,5,3
0.078,0.704,0.463,0.2,0.291,1,0.3796,0.3498,0.350,0.180,0.170,0.127,0.044,0.019,0.012,0.004,13,9,6,2,0.168,0.135,0.058,0.035,0.017,0.006,19,10,5,3
0.085,0.267,0.097,-0.79,0.151,-1,0.3475,0.3266,0.361,0.736,0.170,0.127,0.044,0.019,0.012,0.004,13,9,6,2,0.168,0.135,0.058,0.035,0.017,0.006,19,10,5,3
0.104,0.251,0.020,-0.52,0.062,0,0.3040,0.2919,0.229,0.341,0.170,0.127,0.044,0.019,0.012,0.004,13,9,6,2,0.168,0.135,0.058,0.035,0.017,0.006,19,10,5,3
0.104,0.232,0.032,3.14,0.186,0,0.2688,0.2630,0.174,-0.486,0.170,0.127,0.044,0.019,0.012,0.004,13,9,6,2,0.168,0.135,0.058,0.035,0.017,0.006,19,10,5,3
0.113,0.756,0.274,0.2,0.291,1,0.2448,0.2417,0.447,0.180,0.170,0.127,0.044,0.019,0.012,0.004,13,9,6,2,0.168,0.135,0.058,0.035,0.017,0.006,19,10,5,3
0.168,0.701,0.215,0.2,0.291,1,0.2441,0.2387,0.423,0.180,0.170,0.127,0.044,0.019,0.012,0.004,13,9,6,2,0.168,0.135,0.058,0.035,0.017,0.006,19,10,5,3
0.167,0.324,0.200,-1.1,0.105,-1,0.2376,0.2302,0.290,0.192,0.170,0.127,0.044,0.019,0.012,0.004,13,9,6,2,0.168,0.135,0.058,0.035,0.017,0.006,19,10,5,3
0.210,0.243,0.168,-1.14,0.131,0,0.2392,0.2267,0.278,0.987,0.170,0.127,0.044,0.019,0.012,0.004,13,9,6,2,0.168,0.135,0.058,0.035,0.017,0.006,19,10,5,3
0.204,0.293,0.208,-1.14,0.131,0,0.2428,0.2248,0.284,0.987,0.170,0.127,0.044,0.019,0.012,0.004,13,9,6,2,0.168,0.135,0.058,0.035,0.017,0.006,19,10,5,3
0.191,0.256,0.283,1.99,0.186,0,0.2460,0.2234,0.062,-0.326,0.170,0.127,0.044,0.019,0.012,0.004,13,9,6,2,0.168,0.135,0.058,0.035,0.017,0.006,19,10,5,3
0.190,0.175,0.151,1.99,0.186,0,0.2417,0.2177,0.079,-0.326,0.170,0.127,0.044,0.019,0.012,0.004,13,9,6,2,0.168,0.135,0.058,0.035,0.017,0.006,19,10,5,3
0.223,0.150,0.344,1.42,0.221,0,0.2294,0.2075,0.256,-0.397,0.170,0.127,0.044,0.019,0.012,0.004,13,9,6,2,0.168,0.135,0.058,0.035,0.017,0.006,19,10,5,3
0.266,0.125,0.333,1.99,0.186,0,0.2157,0.1966,0.106,-0.326,0.170,0.127,0.044,0.019,0.012,0.004,13,9,6,2,0.168,0.135,0.058,0.035,0.017,0.006,19,10,5,3
0.259,0.128,0.264,1.42,0.221,0,0.1911,0.1754,0.044,-0.397,0.170,0.127,0.044,0.019,0.012,0.004,13,9,6,2,0.168,0.135,0.058,0.035,0.017,0.006,19,10,5,3
0.276,0.246,0.533,0.2,0.291,1,0.1723,0.1596,0.236,0.180,0.170,0.127,0.044,0.019,0.012,0.004,13,9,6,2,0.168,0.135,0.058,0.035,0.017,0.006,19,10,5,3
0.243,0.236,0.371,-1.19,0.219,1,0.1450,0.1371,0.320,0.586,0.170,0.127,0.044,0.019,0.012,0.004,13,9,6,2,0.168,0.135,0.058,0.035,0.017,0.006,19,10,5,3
0.235,0.134,0.057,2.53,0.140,0,0.1152,0.1142,0.081,-0.121,0.170,0.127,0.044,0.019,0.012,0.004,13,9,6,2,0.168,0.135,0.058,0.035,0.017,0.006,19,10,5,3
0.243,0.161,0.324,1.42,0.221,0,0.0989,0.1013,0.153,-0.397,0.170,0.127,0.044,0.019,0.012,0.004,13,9,6,2,0.168,0.135,0.058,0.035,0.017,0.006,19,10,5,3
0.243,0.162,0.110,0.85,0.046,0,0.1011,0.1042,0.364,0.06,0.170,0.127,0.044,0.019,0.012,0.004,13,9,6,2,0.168,0.135,0.058,0.035,0.017,0.006,19,10,5,3
0.302,0.227,0.064,-1.1,0.105,-1,0.0965,0.1018,0.381,0.192,0.170,0.127,0.044,0.019,0.012,0.004,13,9,6,2,0.168,0.135,0.058,0.035,0.017,0.006,19,10,5,3
0.308,0.160,0.030,2.53,0.140,0,0.0963,0.1048,0.099,-0.121,0.170,0.127,0.044,0.019,0.012,0.004,13,9,6,2,0.168,0.135,0.058,0.035,0.017,0.006,19,10,5,3
0.299,0.288,0.235,-1.19,0.219,1,0.0981,0.1100,0.437,0.586,0.170,0.127,0.044,0.019,0.012,0.004,13,9,6,2,0.168,0.135,0.058,0.035,0.017,0.006,19,10,5,3
0.284,0.221,0.152,2.53,0.140,0,0.1122,0.1273,0.236,-0.121,0.170,0.127,0.044,0.019,0.012,0.004,13,9,6,2,0.168,0.135,0.058,0.035,0.017,0.006,19,10,5,3
0.279,0.271,0.129,0,0.000,0,0.1273,0.1470,0.191,0.166,0.170,0.127,0.044,0.019,0.012,0.004,13,9,6,2,0.168,0.135,0.058,0.035,0.017,0.006,19,10,5,3
0.271,0.323,0.255,-0.52,0.062,0,0.1285,0.1584,0.216,0.341,0.170,0.127,0.044,0.019,0.012,0.004,13,9,6,2,0.168,0.135,0.058,0.035,0.017,0.006,19,10,5,3
0.269,0.781,0.387,1.37,0.298,0,0.1213,0.1601,0.189,-0.510,0.170,0.127,0.044,0.019,0.012,0.004,13,9,6,2,0.168,0.135,0.058,0.035,0.017,0.006,19,10,5,3
0.234,0.308,0.295,2.53,0.140,0,0.1089,0.1563,0.208,-0.121,0.170,0.127,0.044,0.019,0.012,0.004,13,9,6,2,0.168,0.135,0.058,0.035,0.017,0.006,19,10,5,3
0.225,0.315,0.174,2.53,0.140,0,0.1011,0.1569,0.092,-0.121,0.170,0.127,0.044,0.019,0.012,0.004,13,9,6,2,0.168,0.135,0.058,0.035,0.017,0.006,19,10,5,3
0.216,0.335,0.412,-1.14,0.131,0,0.0897,0.1569,0.270,0.987,0.170,0.127,0.044,0.019,0.012,0.004,13,9,6,2,0.168,0.135,0.058,0.035,0.017,0.006,19,10,5,3
0.214,0.695,0.563,-1.19,0.219,1,0.0957,0.1715,0.479,0.586,0.170,0.127,0.044,0.019,0.012,0.004,13,9,6,2,0.168,0.135,0.058,0.035,0.017,0.006,19,10,5,3
0.232,0.286,0.418,0,0.000,0,0.1049,0.1874,0.281,0.166,0.170,0.127,0.044,0.019,0.012,0.004,13,9,6,2,0.168,0.135,0.058,0.035,0.017,0.006,19,10,5,3
0.246,0.246,0.092,-1.1,0.105,-1,0.1157,0.2034,0.201,0.192,0.170,0.127,0.044,0.019,0.012,0.004,13,9,6,2,0.168,0.135,0.058,0.035,0.017,0.006,19,10,5,3
0.217,0.242,0.078,3.14,0.186,0,0.1327,0.2234,0.126,-0.486,0.170,0.127,0.044,0.019,0.012,0.004,13,9,6,2,0.168,0.135,0.058,0.035,0.017,0.006,19,10,5,3
0.209,0.248,0.006,3.14,0.186,0,0.1546,0.2480,0.143,-0.486,0.170,0.127,0.044,0.019,0.012,0.004,13,9,6,2,0.168,0.135,0.058,0.035,0.017,0.006,19,10,5,3
0.170,0.264,0.028,0.85,0.046,0,0.1771,0.2760,0.104,0.06,0.170,0.127,0.044,0.019,0.012,0.004,13,9,6,2,0.168,0.135,0.058,0.035,0.017,0.006,19,10,5,3
0.133,0.219,0.004,2.1,0.128,0,0.2124,0.3132,0.054,0.02,0.170,0.127,0.044,0.019,0.012,0.004,13,9,6,2,0.168,0.135,0.058,0.035,0.017,0.006,19,10,5,3
0.150,0.231,0.193,-0.52,0.062,0,0.2475,0.3497,0.107,0.341,0.170,0.127,0.044,0.019,0.012,0.004,13,9,6,2,0.168,0.135,0.058,0.035,0.017,0.006,19,10,5,3
0.124,0.202,0.173,-1.14,0.131,0,0.2717,0.3722,0.238,0.987,0.170,0.127,0.044,0.019,0.012,0.004,13,9,6,2,0.168,0.135,0.058,0.035,0.017,0.006,19,10,5,3
0.118,0.142,0.278,1.99,0.186,0,0.2804,0.3808,0.147,-0.326,0.170,0.127,0.044,0.019,0.012,0.004,13,9,6,2,0.168,0.135,0.058,0.035,0.017,0.006,19,10,5,3
0.101,0.131,0.217,1.99,0.186,0,0.2853,0.3856,0.145,-0.326,0.170,0.127,0.044,0.019,0.012,0.004,13,9,6,2,0.168,0.135,0.058,0.035,0.017,0.006,19,10,5,3
0.077,0.148,0.215,-0.52,0.062,0,0.3021,0.3970,0.287,0.341,0.170,0.127,0.044,0.019,0.012,0.004,13,9,6,2,0.168,0.135,0.058,0.035,0.017,0.006,19,10,5,3
0.079,0.173,0.302,0.22,0.230,0,0.3190,0.4064,0.349,0.303,0.170,0.127,0.044,0.019,0.012,0.004,13,9,6,2,0.168,0.135,0.058,0.035,0.017,0.006,19,10,5,3
0.085,0.148,0.470,0.22,0.230,0,0.3319,0.4169,0.337,0.303,0.170,0.127,0.044,0.019,0.012,0.004,13,9,6,2,0.168,0.135,0.058,0.035,0.017,0.006,19,10,5,3
0.059,0.100,0.273,-1.1,0.105,-1,0.3557,0.4326,0.348,0.192,0.170,0.127,0.044,0.019,0.012,0.004,13,9,6,2,0.168,0.135,0.058,0.035,0.017,0.006,19,10,5,3
0.058,0.089,0.079,-0.79,0.151,-1,0.3924,0.4544,0.473,0.736,0.170,0.127,0.044,0.019,0.012,0.004,13,9,6,2,0.168,0.135,0.058,0.035,0.017,0.006,19,10,5,3
0.055,0.098,0.049,-0.79,0.151,-1,0.4404,0.4812,0.542,0.736,0.170,0.127,0.044,0.019,0.012,0.004,13,9,6,2,0.168,0.135,0.058,0.035,0.017,0.006,19,10,5,3
0.043,0.091,0.057,0.85,0.046,0,0.4865,0.5078,0.343,0.06,0.170,0.127,0.044,0.019,0.012,0.004,13,9,6,2,0.168,0.135,0.058,0.035,0.017,0.006,19,10,5,3
0.043,0.114,0.079,1.69,0.290,0,0.5513,0.5452,0.197,-0.697,0.170,0.127,0.044,0.019,0.012,0.004,13,9,6,2,0.168,0.135,0.058,0.035,0.017,0.006,19,10,5,3
0.043,0.117,0.039,-1.14,0.131,0,0.6189,0.5831,0.451,0.987,0.170,0.127,0.044,0.019,0.012,0.004,13,9,6,2,0.168,0.135,0.058,0.035,0.017,0.006,19,10,5,3
0.034,0.118,0.081,-0.79,0.151,-1,0.6741,0.6121,0.446,0.736,0.170,0.127,0.044,0.019,0.012,0.004,13,9,6,2,0.168,0.135,0.058,0.035,0.017,0.006,19,10,5,3
0.044,0.126,0.055,-1.14,0.131,0,0.7027,0.6219,0.323,0.987,0.170,0.127,0.044,0.019,0.012,0.004,13,9,6,2,0.168,0.135,0.058,0.035,0.017,0.006,19,10,5,3
0.041,0.259,0.223,0.2,0.291,1,0.7024,0.6142,0.435,0.180,0.170,0.127,0.044,0.019,0.012,0.004,13,9,6,2,0.168,0.135,0.058,0.035,0.017,0.006,19,10,5,3
0.031,0.276,0.385,0.2,0.291,1,0.6796,0.5990,0.472,0.180,0.170,0.127,0.044,0.019,0.012,0.004,13,9,6,2,0.168,0.135,0.058,0.035,0.017,0.006,19,10,5,3
0.029,0.206,0.309,1.76,0.409,0,0.6440,0.5795,0.204,-0.884,0.170,0.127,0.044,0.019,0.012,0.004,13,9,6,2,0.168,0.135,0.058,0.035,0.017,0.006,19,10,5,3
0.031,0.129,0.372,-1.1,0.105,-1,0.5995,0.5581,0.339,0.192,0.170,0.127,0.044,0.019,0.012,0.004,13,9,6,2,0.168,0.135,0.058,0.035,0.017,0.006,19,10,5,3
0.031,0.155,0.136,-1.14,0.131,0,0.5544,0.5357,0.439,0.987,0.170,0.127,0.044,0.019,0.012,0.004,13,9,6,2,0.168,0.135,0.058,0.035,0.017,0.006,19,10,5,3
0.038,0.178,0.347,-0.79,0.151,-1,0.4859,0.4961,0.537,0.736,0.170,0.127,0.044,0.019,0.012,0.004,13,9,6,2,0.168,0.135,0.058,0.035,0.017,0.006,19,10,5,3
0.038,0.258,0.476,0.2,0.291,1,0.4209,0.4563,0.364,0.180,0.170,0.127,0.044,0.019,0.012,0.004,13,9,6,2,0.168,0.135,0.058,0.035,0.017,0.006,19,10,5,3
0.038,0.161,0.318,-1.1,0.105,-1,0.3853,0.4347,0.400,0.192,0.170,0.127,0.044,0.019,0.012,0.004,13,9,6,2,0.168,0.135,0.058,0.035,0.017,0.006,19,10,5,3
0.041,0.184,0.272,-0.79,0.151,-1,0.3643,0.4200,0.481,0.736,0.170,0.127,0.044,0.019,0.012,0.004,13,9,6,2,0.168,0.135,0.058,0.035,0.017,0.006,19,10,5,3
0.051,0.279,0.383,-1.19,0.219,1,0.3416,0.3998,0.460,0.586,0.170,0.127,0.044,0.019,0.012,0.004,13,9,6,2,0.168,0.135,0.058,0.035,0.017,0.006,19,10,5,3
0.055,0.159,0.330,2.53,0.140,0,0.3268,0.3811,0.145,-0.121,0.170,0.127,0.044,0.019,0.012,0.004,13,9,6,2,0.168,0.135,0.058,0.035,0.017,0.006,19,10,5,3
0.053,0.182,0.222,-0.79,0.151,-1,0.3180,0.3650,0.397,0.736,0.170,0.127,0.044,0.019,0.012,0.004,13,9,6,2,0.168,0.135,0.058,0.035,0.017,0.006,19,10,5,3
0.055,0.215,0.428,0,0.000,0,0.3018,0.3400,0.231,0.166,0.170,0.127,0.044,0.019,0.012,0.004,13,9,6,2,0.168,0.135,0.058,0.035,0.017,0.006,19,10,5,3
0.101,0.213,0.319,0.85,0.046,0,0.2703,0.3048,0.118,0.06,0.170,0.127,0.044,0.019,0.012,0.004,13,9,6,2,0.168,0.135,0.058,0.035,0.017,0.006,19,10,5,3
0.108,0.261,0.498,1.69,0.290,0,0.2402,0.2696,0.095,-0.697,0.170,0.127,0.044,0.019,0.012,0.004,13,9,6,2,0.168,0.135,0.058,0.035,0.017,0.006,19,10,5,3
0.110,0.266,0.269,3.14,0.186,0,0.2160,0.2394,0.114,-0.486,0.170,0.127,0.044,0.019,0.012,0.004,13,9,6,2,0.168,0.135,0.058,0.035,0.017,0.006,19,10,5,3
0.138,0.311,0.612,0,0.000,0,0.1912,0.2093,0.115,0.166,0.170,0.127,0.044,0.019,0.012,0.004,13,9,6,2,0.168,0.135,0.058,0.035,0.017,0.006,19,10,5,3
0.129,0.398,0.605,1.69,0.290,0,0.1632,0.1775,0.105,-0.697,0.170,0.127,0.044,0.019,0.012,0.004,13,9,6,2,0.168,0.135,0.058,0.035,0.017,0.006,19,10,5,3
0.165,0.694,0.586,0,0.000,0,0.1266,0.1417,0.152,0.166,0.170,0.127,0.044,0.019,0.012,0.004,13,9,6,2,0.168,0.135,0.058,0.035,0.017,0.006,19,10,5,3
0.167,0.325,0.727,0.85,0.046,0,0.0959,0.1112,0.171,0.06,0.170,0.127,0.044,0.019,0.012,0.004,13,9,6,2,0.168,0.135,0.058,0.035,0.017,0.006,19,10,5,3
0.138,0.738,0.636,0,0.000,0,0.0691,0.0849,0.118,0.166,0.170,0.127,0.044,0.019,0.012,0.004,13,9,6,2,0.168,0.135,0.058,0.035,0.017,0.006,19,10,5,3
0.137,0.388,0.624,2.53,0.140,0,0.0593,0.0717,0.112,-0.121,0.170,0.127,0.044,0.019,0.012,0.004,13,9,6,2,0.168,0.135,0.058,0.035,0.017,0.006,19,10,5,3
0.167,0.799,0.808,0.22,0.230,0,0.0615,0.0666,0.119,0.303,0.170,0.127,0.044,0.019,0.012,0.004,13,9,6,2,0.168,0.135,0.058,0.035,0.017,0.006,19,10,5,3
0.158,0.741,0.651,-1.19,0.219,1,0.0562,0.0549,0.289,0.586,0.170,0.127,0.044,0.019,0.012,0.004,13,9,6,2,0.168,0.135,0.058,0.035,0.017,0.006,19,10,5,3
0.158,0.362,0.687,2.1,0.128,0,0.0551,0.0433,0.116,0.02,0.170,0.127,0.044,0.019,0.012,0.004,13,9,6,2,0.168,0.135,0.058,0.035,0.017,0.006,19,10,5,3
0.229,0.362,0.571,3.14,0.186,0,0.0637,0.0406,0.168,-0.486,0.170,0.127,0.044,0.019,0.012,0.004,13,9,6,2,0.168,0.135,0.058,0.035,0.017,0.006,19,10,5,3
0.224,0.358,0.886,0,0.000,0,0.0754,0.0419,0.188,0.166,0.170,0.127,0.044,0.019,0.012,0.004,13,9,6,2,0.168,0.135,0.058,0.035,0.017,0.006,19,10,5,3
0.215,0.685,0.563,-0.42,0.180,0,0.0859,0.0418,0.306,0.318,0.170,0.127,0.044,0.019,0.012,0.004,13,9,6,2,0.168,0.135,0.058,0.035,0.017,0.006,19,10,5,3
0.253,0.689,0.503,-1.19,0.219,1,0.0832,0.0354,0.385,0.586,0.170,0.127,0.044,0.019,0.012,0.004,13,9,6,2,0.168,0.135,0.058,0.035,0.017,0.006,19,10,5,3
0.250,0.477,0.495,1.69,0.290,0,0.0838,0.0335,0.134,-0.697,0.170,0.127,0.044,0.019,0.012,0.004,13,9,6,2,0.168,0.135,0.058,0.035,0.017,0.006,19,10,5,3
0.238,0.360,0.436,0,0.000,0,0.0807,0.0297,0.174,0.166,0.170,0.127,0.044,0.019,0.012,0.004,13,9,6,2,0.168,0.135,0.058,0.035,0.017,0.006,19,10,5,3
0.235,0.249,0.323,1.99,0.186,0,0.0753,0.0251,0.178,-0.326,0.170,0.127,0.044,0.019,0.012,0.004,13,9,6,2,0.168,0.135,0.058,0.035,0.017,0.006,19,10,5,3
0.198,0.197,0.062,1.99,0.186,0,0.0705,0.0233,0.182,-0.326,0.170,0.127,0.044,0.019,0.012,0.004,13,9,6,2,0.168,0.135,0.058,0.035,0.017,0.006,19,10,5,3
0.193,0.232,0.151,-0.42,0.180,0,0.0666,0.0226,0.268,0.318,0.170,0.127,0.044,0.019,0.012,0.004,13,9,6,2,0.168,0.135,0.058,0.035,0.017,0.006,19,10,5,3
0.165,0.152,0.002,2.53,0.140,0,0.0665,0.0248,0.056,-0.121,0.170,0.127,0.044,0.019,0.012,0.004,13,9,6,2,0.168,0.135,0.058,0.035,0.017,0.006,19,10,5,3
0.144,0.270,0.221,-1.19,0.219,1,0.0608,0.0242,0.245,0.586,0.170,0.127,0.044,0.019,0.012,0.004,13,9,6,2,0.168,0.135,0.058,0.035,0.017,0.006,19,10,5,3
0.142,0.211,0.009,-0.08,0.108,0,0.0542,0.0230,0.208,0.059,0.170,0.127,0.044,0.019,0.012,0.004,13,9,6,2,0.168,0.135,0.058,0.035,0.017,0.006,19,10,5,3
0.115,0.163,0.003,3.14,0.186,0,0.0500,0.0215,0.088,-0.486,0.170,0.127,0.044,0.019,0.012,0.004,13,9,6,2,0.168,0.135,0.058,0.035,0.017,0.006,19,10,5,3
0.115,0.177,0.001,1.99,0.186,0,0.0461,0.0201,0.087,-0.326,0.170,0.127,0.044,0.019,0.012,0.004,13,9,6,2,0.168,0.135,0.058,0.035,0.017,0.006,19,10,5,3
0.092,0.186,0.181,0.85,0.046,0,0.0489,0.0215,0.121,0.06,0.170,0.127,0.044,0.019,0.012,0.004,13,9,6,2,0.168,0.135,0.058,0.035,0.017,0.006,19,10,5,3
0.111,0.234,0.373,-0.08,0.108,0,0.0461,0.0196,0.223,0.059,0.170,0.127,0.044,0.019,0.012,0.004,13,9,6,2,0.168,0.135,0.058,0.035,0.017,0.006,19,10,5,3
0.114,0.172,0.046,0.85,0.046,0,0.0478,0.0201,0.086,0.06,0.170,0.127,0.044,0.019,0.012,0.004,13,9,6,2,0.168,0.135,0.058,0.035,0.017,0.006,19,10,5,3
0.110,0.172,0.013,1.69,0.290,0,0.0548,0.0222,0.098,-0.697,0.170,0.127,0.044,0.019,0.012,0.004,13,9,6,2,0.168,0.135,0.058,0.035,0.017,0.006,19,10,5,3
0.089,0.250,0.562,0.2,0.291,1,0.0679,0.0278,0.348,0.180,0.170,0.127,0.044,0.019,0.012,0.004,13,9,6,2,0.168,0.135,0.058,0.035,0.017,0.006,19,10,5,3
0.092,0.229,0.309,-0.52,0.062,0,0.0899,0.0408,0.294,0.341,0.170,0.127,0.044,0.019,0.012,0.004,13,9,6,2,0.168,0.135,0.058,0.035,0.017,0.006,19,10,5,3
0.088,0.268,0.022,1.37,0.298,0,0.1116,0.0552,0.200,-0.510,0.170,0.127,0.044,0.019,0.012,0.004,13,9,6,2,0.168,0.135,0.058,0.035,0.017,0.006,19,10,5,3
0.068,0.214,0.219,-1.1,0.105,-1,0.1329,0.0745,0.250,0.192,0.170,0.127,0.044,0.019,0.012,0.004,13,9,6,2,0.168,0.135,0.058,0.035,0.017,0.006,19,10,5,3
0.068,0.202,0.051,1.69,0.290,0,0.1626,0.1022,0.106,-0.697,0.170,0.127,0.044,0.019,0.012,0.004,13,9,6,2,0.168,0.135,0.058,0.035,0.017,0.006,19,10,5,3
0.067,0.249,0.288,-0.42,0.180,0,0.1793,0.1214,0.355,0.318,0.170,0.127,0.044,0.019,0.012,0.004,13,9,6,2,0.168,0.135,0.058,0.035,0.017,0.006,19,10,5,3
0.060,0.172,0.072,1.99,0.186,0,0.1945,0.1405,0.164,-0.326,0.170,0.127,0.044,0.019,0.012,0.004,13,9,6,2,0.168,0.135,0.058,0.035,0.017,0.006,19,10,5,3
0.064,0.140,0.003,1.99,0.186,0,0.1999,0.1519,0.140,-0.326,0.170,0.127,0.044,0.019,0.012,0.004,13,9,6,2,0.168,0.135,0.058,0.035,0.017,0.006,19,10,5,3
0.064,0.159,0.025,0.2,0.291,1,0.2101,0.1648,0.337,0.180,0.170,0.127,0.044,0.019,0.012,0.004,13,9,6,2,0.168,0.135,0.058,0.035,0.017,0.006,19,10,5,3
0.066,0.125,0.001,-1.1,0.105,-1,0.2145,0.1701,0.462,0.192,0.170,0.127,0.044,0.019,0.012,0.004,13,9,6,2,0.168,0.135,0.058,0.035,0.017,0.006,19,10,5,3
0.081,0.112,0.001,-0.79,0.151,-1,0.2155,0.1709,0.446,0.736,0.170,0.127,0.044,0.019,0.012,0.004,13,9,6,2,0.168,0.135,0.058,0.035,0.017,0.006,19,10,5,3
0.078,0.085,0.001,2.53,0.140,0,0.2249,0.1741,0.172,-0.121,0.170,0.127,0.044,0.019,0.012,0.004,13,9,6,2,0.168,0.135,0.058,0.035,0.017,0.006,19,10,5,3
0.076,0.115,0.007,-1.14,0.131,0,0.2468,0.1881,0.434,0.987,0.170,0.127,0.044,0.019,0.012,0.004,13,9,6,2,0.168,0.135,0.058,0.035,0.017,0.006,19,10,5,3
0.081,0.128,0.005,-1.1,0.105,-1,0.2805,0.2139,0.393,0.192,0.170,0.127,0.044,0.019,0.012,0.004,13,9,6,2,0.168,0.135,0.058,0.035,0.017,0.006,19,10,5,3
0.080,0.112,0.002,-1.14,0.131,0,0.3208,0.2444,0.452,0.987,0.170,0.127,0.044,0.019,0.012,0.004,13,9,6,2,0.168,0.135,0.058,0.035,0.017,0.006,19,10,5,3
0.099,0.132,0.004,-1.1,0.105,-1,0.3635,0.2823,0.458,0.192,0.170,0.127,0.044,0.019,0.012,0.004,13,9,6,2,0.168,0.135,0.058,0.035,0.017,0.006,19,10,5,3
0.107,0.161,0.003,1.37,0.298,0,0.4037,0.3200,0.152,-0.510,0.170,0.127,0.044,0.019,0.012,0.004,13,9,6,2,0.168,0.135,0.058,0.035,0.017,0.006,19,10,5,3
0.104,0.114,0.102,0.22,0.230,0,0.4311,0.3507,0.198,0.303,0.170,0.127,0.044,0.019,0.012,0.004,13,9,6,2,0.168,0.135,0.058,0.035,0.017,0.006,19,10,5,3
0.108,0.114,0.041,-0.08,0.108,0,0.4446,0.3717,0.200,0.059,0.170,0.127,0.044,0.019,0.012,0.004,13,9,6,2,0.168,0.135,0.058,0.035,0.017,0.006,19,10,5,3
0.108,0.109,0.023,1.42,0.221,0,0.4329,0.3738,0.132,-0.397,0.170,0.127,0.044,0.019,0.012,0.004,13,9,6,2,0.168,0.135,0.058,0.035,0.017,0.006,19,10,5,3
0.112,0.120,0.023,2.53,0.140,0,0.3952,0.3564,0.125,-0.121,0.170,0.127,0.044,0.019,0.012,0.004,13,9,6,2,0.168,0.135,0.058,0.035,0.017,0.006,19,10,5,3
0.169,0.149,0.060,2.53,0.140,0,0.3536,0.3361,0.171,-0.121,0.170,0.127,0.044,0.019,0.012,0.004,13,9,6,2,0.168,0.135,0.058,0.035,0.017,0.006,19,10,5,3
0.152,0.229,0.065,0,0.000,0,0.3165,0.3209,0.099,0.166,0.170,0.127,0.044,0.019,0.012,0.004,13,9,6,2,0.168,0.135,0.058,0.035,0.017,0.006,19,10,5,3
0.155,0.264,0.394,-1.14,0.131,0,0.2740,0.2955,0.266,0.987,0.170,0.127,0.044,0.019,0.012,0.004,13,9,6,2,0.168,0.135,0.058,0.035,0.017,0.006,19,10,5,3
0.167,0.334,0.458,-0.08,0.108,0,0.2366,0.2682,0.319,0.059,0.170,0.127,0.044,0.019,0.012,0.004,13,9,6,2,0.168,0.135,0.058,0.035,0.017,0.006,19,10,5,3
0.180,0.260,0.438,0.85,0.046,0,0.2045,0.2409,0.201,0.06,0.170,0.127,0.044,0.019,0.012,0.004,13,9,6,2,0.168,0.135,0.058,0.035,0.017,0.006,19,10,5,3
0.227,0.387,0.255,-0.52,0.062,0,0.1963,0.2318,0.234,0.341,0.170,0.127,0.044,0.019,0.012,0.004,13,9,6,2,0.168,0.135,0.058,0.035,0.017,0.006,19,10,5,3
0.252,0.714,0.458,-0.42,0.180,0,0.1996,0.2342,0.376,0.318,0.170,0.127,0.044,0.019,0.012,0.004,13,9,6,2,0.168,0.135,0.058,0.035,0.017,0.006,19,10,5,3
0.238,0.259,0.018,2.1,0.128,0,0.2101,0.2459,0.127,0.02,0.170,0.127,0.044,0.019,0.012,0.004,13,9,6,2,0.168,0.135,0.058,0.035,0.017,0.006,19,10,5,3
0.250,0.724,0.454,0.2,0.291,1,0.2194,0.2653,0.242,0.180,0.170,0.127,0.044,0.019,0.012,0.004,13,9,6,2,0.168,0.135,0.058,0.035,0.017,0.006,19,10,5,3
0.242,0.207,0.019,2.53,0.140,0,0.2370,0.3048,0.103,-0.121,0.170,0.127,0.044,0.019,0.012,0.004,13,9,6,2,0.168,0.135,0.058,0.035,0.017,0.006,19,10,5,3
0.246,0.721,0.448,-1.19,0.219,1,0.2407,0.3499,0.313,0.586,0.170,0.127,0.044,0.019,0.012,0.004,13,9,6,2,0.168,0.135,0.058,0.035,0.017,0.006,19,10,5,3
0.251,0.243,0.431,1.37,0.298,0,0.2368,0.4017,0.154,-0.510,0.170,0.127,0.044,0.019,0.012,0.004,13,9,6,2,0.168,0.135,0.058,0.035,0.017,0.006,19,10,5,3
0.251,0.187,0.480,3.14,0.186,0,0.2250,0.4561,0.126,-0.486,0.170,0.127,0.044,0.019,0.012,0.004,13,9,6,2,0.168,0.135,0.058,0.035,0.017,0.006,19,10,5,3
0.269,0.359,0.784,0.2,0.291,1,0.2061,0.5105,0.313,0.180,0.170,0.127,0.044,0.019,0.012,0.004,13,9,6,2,0.168,0.135,0.058,0.035,0.017,0.006,19,10,5,3
0.292,0.384,0.973,0.2,0.291,1,0.1817,0.5626,0.366,0.180,0.170,0.127,0.044,0.019,0.012,0.004,13,9,6,2,0.168,0.135,0.058,0.035,0.017,0.006,19,10,5,3
0.300,0.399,0.725,-1.19,0.219,1,0.1547,0.6115,0.388,0.586,0.170,0.127,0.044,0.019,0.012,0.004,13,9,6,2,0.168,0.135,0.058,0.035,0.017,0.006,19,10,5,3
0.293,0.222,0.486,0.85,0.046,0,0.1292,0.6576,0.301,0.06,0.170,0.127,0.044,0.019,0.012,0.004,13,9,6,2,0.168,0.135,0.058,0.035,0.017,0.006,19,10,5,3
0.318,0.171,0.542,0.85,0.046,0,0.1106,0.7034,0.505,0.06,0.170,0.127,0.044,0.019,0.012,0.004,13,9,6,2,0.168,0.135,0.058,0.035,0.017,0.006,19,10,5,3
0.321,0.179,0.552,0.85,0.046,0,0.1054,0.7532,0.633,0.06,0.170,0.127,0.044,0.019,0.012,0.004,13,9,6,2,0.168,0.135,0.058,0.035,0.017,0.006,19,10,5,3
0.319,0.072,0.290,0.85,0.046,0,0.1215,0.8144,0.900,0.06,0.170,0.127,0.044,0.019,0.012,0.004,13,9,6,2,0.168,0.135,0.058,0.035,0.017,0.006,19,10,5,3
