0.076,0.254,0.533,1.42,0.221,0,0.0551,0.7245,0.811,-0.397,0.243,0.119,0.033,0.000,0.000,0.000,3,0,0,0,0.281,0.150,0.139,0.057,0.041,0.016,7,5,4,2
0.060,0.274,0.422,1.99,0.186,0,0.1343,0.7329,0.477,-0.326,0.243,0.119,0.033,0.000,0.000,0.000,3,0,0,0,0.281,0.150,0.139,0.057,0.041,0.016,7,5,4,2
0.046,0.277,0.390,-1.14,0.131,0,0.1657,0.6926,0.507,0.987,0.243,0.119,0.033,0.000,0.000,0.000,3,0,0,0,0.281,0.150,0.139,0.057,0.041,0.016,7,5,4,2
0.052,0.858,0.705,0,0.000,0,0.1670,0.6202,0.371,0.166,0.243,0.119,0.033,0.000,0.000,0.000,3,0,0,0,0.281,0.150,0.139,0.057,0.041,0.016,7,5,4,2
0.056,0.879,0.490,-0.08,0.108,0,0.1518,0.5301,0.334,0.059,0.243,0.119,0.033,0.000,0.000,0.000,3,0,0,0,0.281,0.150,0.139,0.057,0.041,0.016,7,5,4,2
0.061,0.889,0.130,1.69,0.290,0,0.1310,0.4342,0.224,-0.697,0.243,0.119,0.033,0.000,0.000,0.000,3,0,0,0,0.281,0.150,0.139,0.057,0.041,0.016,7,5,4,2
0.065,0.901,0.648,1.69,0.290,0,0.1122,0.3423,0.199,-0.697,0.243,0.119,0.033,0.000,0.000,0.000,3,0,0,0,0.281,0.150,0.139,0.057,0.041,0.016,7,5,4,2
0.067,0.873,0.197,-0.79,0.151,-1,0.1008,0.2620,0.383,0.736,0.243,0.119,0.033,0.000,0.000,0.000,3,0,0,0,0.281,0.150,0.139,0.057,0.041,0.016,7,5,4,2
0.071,0.901,0.034,2.53,0.140,0,0.0996,0.1986,0.186,-0.121,0.243,0.119,0.033,0.000,0.000,0.000,3,0,0,0,0.281,0.150,0.139,0.057,0.041,0.016,7,5,4,2
0.070,0.906,0.060,1.99,0.186,0,0.1099,0.1555,0.163,-0.326,0.243,0.119,0.033,0.000,0.000,0.000,3,0,0,0,0.281,0.150,0.139,0.057,0.041,0.016,7,5,4,2
0.070,0.866,0.278,-1.19,0.219,1,0.1321,0.1368,0.502,0.586,0.243,0.119,0.033,0.000,0.000,0.000,3,0,0,0,0.281,0.150,0.139,0.057,0.041,0.016,7,5,4,2
0.069,0.842,0.312,-0.48,0.134,0,0.1683,0.1433,0.587,0.007,0.243,0.119,0.033,0.000,0.000,0.000,3,0,0,0,0.281,0.150,0.139,0.057,0.041,0.016,7,5,4,2
0.056,0.853,0.240,-0.79,0.151,-1,0.1971,0.1564,0.538,0.736,0.243,0.119,0.033,0.000,0.000,0.000,3,0,0,0,0.281,0.150,0.139,0.057,0.041,0.016,7,5,4,2
0.056,0.883,0.225,0,0.000,0,0.2272,0.1784,0.357,0.166,0.243,0.119,0.033,0.000,0.000,0.000,3,0,0,0,0.281,0.150,0.139,0.057,0.041,0.016,7,5,4,2
0.056,0.904,0.304,2.53,0.140,0,0.2589,0.2054,0.126,-0.121,0.243,0.119,0.033,0.000,0.000,0.000,3,0,0,0,0.281,0.150,0.139,0.057,0.041,0.016,7,5,4,2
0.056,0.896,0.002,2.53,0.140,0,0.2872,0.2299,0.148,-0.121,0.243,0.119,0.033,0.000,0.000,0.000,3,0,0,0,0.281,0.150,0.139,0.057,0.041,0.016,7,5,4,2
0.074,0.913,0.233,0.85,0.046,0,0.3154,0.2518,0.108,0.06,0.243,0.119,0.033,0.000,0.000,0.000,3,0,0,0,0.281,0.150,0.139,0.057,0.041,0.016,7,5,4,2
0.091,0.914,0.033,3.14,0.186,0,0.3472,0.2739,0.069,-0.486,0.243,0.119,0.033,0.000,0.000,0.000,3,0,0,0,0.281,0.150,0.139,0.057,0.041,0.016,7,5,4,2
0.112,0.916,0.322,0.85,0.046,0,0.3673,0.2843,0.072,0.06,0.243,0.119,0.033,0.000,0.000,0.000,3,0,0,0,0.281,0.150,0.139,0.057,0.041,0.016,7,5,4,2
0.094,0.894,0.379,-0.08,0.108,0,0.3793,0.2880,0.205,0.059,0.243,0.119,0.033,0.000,0.000,0.000,3,0,0,0,0.281,0.150,0.139,0.057,0.041,0.016,7,5,4,2
0.090,0.887,0.611,-0.42,0.180,0,0.3836,0.2892,0.381,0.318,0.243,0.119,0.033,0.000,0.000,0.000,3,0,0,0,0.281,0.150,0.139,0.057,0.041,0.016,7,5,4,2
0.049,0.898,0.335,0,0.000,0,0.3777,0.2839,0.300,0.166,0.243,0.119,0.033,0.000,0.000,0.000,3,0,0,0,0.281,0.150,0.139,0.057,0.041,0.016,7,5,4,2
0.049,0.851,0.450,-0.79,0.151,-1,0.3556,0.2680,0.531,0.736,0.243,0.119,0.033,0.000,0.000,0.000,3,0,0,0,0.281,0.150,0.139,0.057,0.041,0.016,7,5,4,2
0.064,0.839,0.663,-1.1,0.105,-1,0.3308,0.2524,0.551,0.192,0.243,0.119,0.033,0.000,0.000,0.000,3,0,0,0,0.281,0.150,0.139,0.057,0.041,0.016,7,5,4,2
0.055,0.901,0.337,0,0.000,0,0.3049,0.2386,0.209,0.166,0.243,0.119,0.033,0.000,0.000,0.000,3,0,0,0,0.281,0.150,0.139,0.057,0.041,0.016,7,5,4,2
0.055,0.872,0.274,-1.14,0.131,0,0.2935,0.2380,0.397,0.987,0.243,0.119,0.033,0.000,0.000,0.000,3,0,0,0,0.281,0.150,0.139,0.057,0.041,0.016,7,5,4,2
0.069,0.894,0.613,0.22,0.230,0,0.2864,0.2413,0.324,0.303,0.243,0.119,0.033,0.000,0.000,0.000,3,0,0,0,0.281,0.150,0.139,0.057,0.041,0.016,7,5,4,2
0.069,0.905,0.541,1.99,0.186,0,0.2846,0.2474,0.136,-0.326,0.243,0.119,0.033,0.000,0.000,0.000,3,0,0,0,0.281,0.150,0.139,0.057,0.041,0.016,7,5,4,2
0.070,0.905,0.511,2.53,0.140,0,0.2953,0.2633,0.196,-0.121,0.243,0.119,0.033,0.000,0.000,0.000,3,0,0,0,0.281,0.150,0.139,0.057,0.041,0.016,7,5,4,2
0.067,0.908,0.735,-0.48,0.134,0,0.3093,0.2809,0.287,0.007,0.243,0.119,0.033,0.000,0.000,0.000,3,0,0,0,0.281,0.150,0.139,0.057,0.041,0.016,7,5,4,2
0.072,0.906,0.565,-0.08,0.108,0,0.3041,0.2816,0.214,0.059,0.243,0.119,0.033,0.000,0.000,0.000,3,0,0,0,0.281,0.150,0.139,0.057,0.041,0.016,7,5,4,2
0.063,0.895,0.748,1.76,0.409,0,0.2853,0.2682,0.237,-0.884,0.243,0.119,0.033,0.000,0.000,0.000,3,0,0,0,0.281,0.150,0.139,0.057,0.041,0.016,7,5,4,2
0.064,0.895,0.770,-0.48,0.134,0,0.2544,0.2429,0.312,0.007,0.243,0.119,0.033,0.000,0.000,0.000,3,0,0,0,0.281,0.150,0.139,0.057,0.041,0.016,7,5,4,2
0.077,0.901,0.728,-0.52,0.062,0,0.2146,0.2100,0.254,0.341,0.243,0.119,0.033,0.000,0.000,0.000,3,0,0,0,0.281,0.150,0.139,0.057,0.041,0.016,7,5,4,2
0.080,0.896,0.507,1.37,0.298,0,0.1734,0.1755,0.255,-0.510,0.243,0.119,0.033,0.000,0.000,0.000,3,0,0,0,0.281,0.150,0.139,0.057,0.041,0.016,7,5,4,2
0.079,0.910,0.098,1.99,0.186,0,0.1401,0.1472,0.133,-0.326,0.243,0.119,0.033,0.000,0.000,0.000,3,0,0,0,0.281,0.150,0.139,0.057,0.041,0.016,7,5,4,2
0.079,0.864,0.418,-1.19,0.219,1,0.1114,0.1265,0.469,0.586,0.243,0.119,0.033,0.000,0.000,0.000,3,0,0,0,0.281,0.150,0.139,0.057,0.041,0.016,7,5,4,2
0.073,0.882,0.123,2.53,0.140,0,0.0973,0.1202,0.320,-0.121,0.243,0.119,0.033,0.000,0.000,0.000,3,0,0,0,0.281,0.150,0.139,0.057,0.041,0.016,7,5,4,2
0.075,0.901,0.215,1.99,0.186,0,0.0878,0.1212,0.237,-0.326,0.243,0.119,0.033,0.000,0.000,0.000,3,0,0,0,0.281,0.150,0.139,0.057,0.041,0.016,7,5,4,2
0.077,0.844,0.241,-1.1,0.105,-1,0.0955,0.1354,0.544,0.192,0.243,0.119,0.033,0.000,0.000,0.000,3,0,0,0,0.281,0.150,0.139,0.057,0.041,0.016,7,5,4,2
0.095,0.332,0.244,0,0.000,0,0.1195,0.1624,0.619,0.166,0.243,0.119,0.033,0.000,0.000,0.000,3,0,0,0,0.281,0.150,0.139,0.057,0.041,0.016,7,5,4,2
0.108,0.868,0.288,-0.48,0.134,0,0.1445,0.1885,0.471,0.007,0.243,0.119,0.033,0.000,0.000,0.000,3,0,0,0,0.281,0.150,0.139,0.057,0.041,0.016,7,5,4,2
0.189,0.884,0.418,0.2,0.291,1,0.1654,0.2088,0.371,0.180,0.243,0.119,0.033,0.000,0.000,0.000,3,0,0,0,0.281,0.150,0.139,0.057,0.041,0.016,7,5,4,2
0.210,0.913,0.009,3.14,0.186,0,0.1885,0.2309,0.104,-0.486,0.243,0.119,0.033,0.000,0.000,0.000,3,0,0,0,0.281,0.150,0.139,0.057,0.041,0.016,7,5,4,2
0.166,0.908,0.039,2.53,0.140,0,0.2132,0.2504,0.164,-0.121,0.243,0.119,0.033,0.000,0.000,0.000,3,0,0,0,0.281,0.150,0.139,0.057,0.041,0.016,7,5,4,2
0.186,0.934,0.006,2.53,0.140,0,0.2485,0.2757,0.065,-0.121,0.243,0.119,0.033,0.000,0.000,0.000,3,0,0,0,0.281,0.150,0.139,0.057,0.041,0.016,7,5,4,2
0.160,0.923,0.321,-1.14,0.131,0,0.2861,0.2997,0.162,0.987,0.243,0.119,0.033,0.000,0.000,0.000,3,0,0,0,0.281,0.150,0.139,0.057,0.041,0.016,7,5,4,2
0.130,0.918,0.432,2.53,0.140,0,0.3285,0.3278,0.207,-0.121,0.243,0.119,0.033,0.000,0.000,0.000,3,0,0,0,0.281,0.150,0.139,0.057,0.041,0.016,7,5,4,2
0.130,0.914,0.584,0,0.000,0,0.3523,0.3425,0.298,0.166,0.243,0.119,0.033,0.000,0.000,0.000,3,0,0,0,0.281,0.150,0.139,0.057,0.041,0.016,7,5,4,2
0.136,0.903,0.579,0,0.000,0,0.3724,0.3557,0.237,0.166,0.243,0.119,0.033,0.000,0.000,0.000,3,0,0,0,0.281,0.150,0.139,0.057,0.041,0.016,7,5,4,2
0.136,0.879,0.567,1.42,0.221,0,0.3844,0.3654,0.337,-0.397,0.243,0.119,0.033,0.000,0.000,0.000,3,0,0,0,0.281,0.150,0.139,0.057,0.041,0.016,7,5,4,2
0.109,0.885,0.846,0.22,0.230,0,0.3915,0.3737,0.326,0.303,0.243,0.119,0.033,0.000,0.000,0.000,3,0,0,0,0.281,0.150,0.139,0.057,0.041,0.016,7,5,4,2
0.133,0.864,0.824,-1.19,0.219,1,0.3901,0.3742,0.441,0.586,0.243,0.119,0.033,0.000,0.000,0.000,3,0,0,0,0.281,0.150,0.139,0.057,0.041,0.016,7,5,4,2
0.128,0.888,0.541,-0.08,0.108,0,0.3810,0.3678,0.350,0.059,0.243,0.119,0.033,0.000,0.000,0.000,3,0,0,0,0.281,0.150,0.139,0.057,0.041,0.016,7,5,4,2
0.131,0.879,0.728,-0.79,0.151,-1,0.3789,0.3679,0.416,0.736,0.243,0.119,0.033,0.000,0.000,0.000,3,0,0,0,0.281,0.150,0.139,0.057,0.041,0.016,7,5,4,2
0.136,0.869,0.761,0.85,0.046,0,0.3825,0.3724,0.316,0.06,0.243,0.119,0.033,0.000,0.000,0.000,3,0,0,0,0.281,0.150,0.139,0.057,0.041,0.016,7,5,4,2
0.130,0.858,0.662,-0.48,0.134,0,0.3793,0.3725,0.336,0.007,0.243,0.119,0.033,0.000,0.000,0.000,3,0,0,0,0.281,0.150,0.139,0.057,0.041,0.016,7,5,4,2
0.135,0.888,0.021,2.53,0.140,0,0.3878,0.3791,0.229,-0.121,0.243,0.119,0.033,0.000,0.000,0.000,3,0,0,0,0.281,0.150,0.139,0.057,0.041,0.016,7,5,4,2
0.137,0.879,0.423,0.85,0.046,0,0.3958,0.3871,0.333,0.06,0.243,0.119,0.033,0.000,0.000,0.000,3,0,0,0,0.281,0.150,0.139,0.057,0.041,0.016,7,5,4,2
0.142,0.855,0.745,0.2,0.291,1,0.4011,0.3921,0.446,0.180,0.243,0.119,0.033,0.000,0.000,0.000,3,0,0,0,0.281,0.150,0.139,0.057,0.041,0.016,7,5,4,2
0.144,0.887,0.266,-1.1,0.105,-1,0.3961,0.3889,0.361,0.192,0.243,0.119,0.033,0.000,0.000,0.000,3,0,0,0,0.281,0.150,0.139,0.057,0.041,0.016,7,5,4,2
0.170,0.305,0.070,-0.79,0.151,-1,0.3790,0.3778,0.352,0.736,0.243,0.119,0.033,0.000,0.000,0.000,3,0,0,0,0.281,0.150,0.139,0.057,0.041,0.016,7,5,4,2
0.159,0.832,0.667,0.2,0.291,1,0.3552,0.3630,0.406,0.180,0.243,0.119,0.033,0.000,0.000,0.000,3,0,0,0,0.281,0.150,0.139,0.057,0.041,0.016,7,5,4,2
0.130,0.889,0.008,2.53,0.140,0,0.3353,0.3531,0.131,-0.121,0.243,0.119,0.033,0.000,0.000,0.000,3,0,0,0,0.281,0.150,0.139,0.057,0.041,0.016,7,5,4,2
0.139,0.895,0.149,1.99,0.186,0,0.3330,0.3547,0.165,-0.326,0.243,0.119,0.033,0.000,0.000,0.000,3,0,0,0,0.281,0.150,0.139,0.057,0.041,0.016,7,5,4,2
0.176,0.881,0.036,1.42,0.221,0,0.3493,0.3711,0.218,-0.397,0.243,0.119,0.033,0.000,0.000,0.000,3,0,0,0,0.281,0.150,0.139,0.057,0.041,0.016,7,5,4,2
0.149,0.886,0.793,-0.08,0.108,0,0.3688,0.3900,0.253,0.059,0.243,0.119,0.033,0.000,0.000,0.000,3,0,0,0,0.281,0.150,0.139,0.057,0.041,0.016,7,5,4,2
0.178,0.901,0.392,1.99,0.186,0,0.3966,0.4165,0.166,-0.326,0.243,0.119,0.033,0.000,0.000,0.000,3,0,0,0,0.281,0.150,0.139,0.057,0.041,0.016,7,5,4,2
0.171,0.892,0.651,0,0.000,0,0.4117,0.4341,0.270,0.166,0.243,0.119,0.033,0.000,0.000,0.000,3,0,0,0,0.281,0.150,0.139,0.057,0.041,0.016,7,5,4,2
0.173,0.943,0.785,-0.52,0.062,0,0.4214,0.4467,0.291,0.341,0.243,0.119,0.033,0.000,0.000,0.000,3,0,0,0,0.281,0.150,0.139,0.057,0.041,0.016,7,5,4,2
0.159,0.950,0.880,0.2,0.291,1,0.4167,0.4480,0.386,0.180,0.243,0.119,0.033,0.000,0.000,0.000,3,0,0,0,0.281,0.150,0.139,0.057,0.041,0.016,7,5,4,2
0.168,0.942,0.749,-1.19,0.219,1,0.3920,0.4323,0.402,0.586,0.243,0.119,0.033,0.000,0.000,0.000,3,0,0,0,0.281,0.150,0.139,0.057,0.041,0.016,7,5,4,2
0.170,0.956,0.582,2.53,0.140,0,0.3718,0.4200,0.203,-0.121,0.243,0.119,0.033,0.000,0.000,0.000,3,0,0,0,0.281,0.150,0.139,0.057,0.041,0.016,7,5,4,2
0.163,0.955,0.695,0.85,0.046,0,0.3541,0.4086,0.256,0.06,0.243,0.119,0.033,0.000,0.000,0.000,3,0,0,0,0.281,0.150,0.139,0.057,0.041,0.016,7,5,4,2
0.160,0.945,0.728,0,0.000,0,0.3408,0.3993,0.304,0.166,0.243,0.119,0.033,0.000,0.000,0.000,3,0,0,0,0.281,0.150,0.139,0.057,0.041,0.016,7,5,4,2
0.166,0.936,0.877,0.2,0.291,1,0.3296,0.3883,0.508,0.180,0.243,0.119,0.033,0.000,0.000,0.000,3,0,0,0,0.281,0.150,0.139,0.057,0.041,0.016,7,5,4,2
0.163,0.939,0.857,-0.48,0.134,0,0.3198,0.3775,0.463,0.007,0.243,0.119,0.033,0.000,0.000,0.000,3,0,0,0,0.281,0.150,0.139,0.057,0.041,0.016,7,5,4,2
0.179,0.966,0.670,0,0.000,0,0.3226,0.3736,0.166,0.166,0.243,0.119,0.033,0.000,0.000,0.000,3,0,0,0,0.281,0.150,0.139,0.057,0.041,0.016,7,5,4,2
0.181,0.944,0.706,-1.14,0.131,0,0.3215,0.3652,0.458,0.987,0.243,0.119,0.033,0.000,0.000,0.000,3,0,0,0,0.281,0.150,0.139,0.057,0.041,0.016,7,5,4,2
0.178,0.900,0.507,0,0.000,0,0.3330,0.3650,0.263,0.166,0.243,0.119,0.033,0.000,0.000,0.000,3,0,0,0,0.281,0.150,0.139,0.057,0.041,0.016,7,5,4,2
0.141,0.909,0.392,-0.08,0.108,0,0.3415,0.3632,0.230,0.059,0.243,0.119,0.033,0.000,0.000,0.000,3,0,0,0,0.281,0.150,0.139,0.057,0.041,0.016,7,5,4,2
0.141,0.906,0.601,0,0.000,0,0.3399,0.3558,0.127,0.166,0.243,0.119,0.033,0.000,0.000,0.000,3,0,0,0,0.281,0.150,0.139,0.057,0.041,0.016,7,5,4,2
0.109,0.902,0.210,1.69,0.290,0,0.3437,0.3540,0.156,-0.697,0.243,0.119,0.033,0.000,0.000,0.000,3,0,0,0,0.281,0.150,0.139,0.057,0.041,0.016,7,5,4,2
0.104,0.910,0.482,1.99,0.186,0,0.3551,0.3609,0.151,-0.326,0.243,0.119,0.033,0.000,0.000,0.000,3,0,0,0,0.281,0.150,0.139,0.057,0.041,0.016,7,5,4,2
0.106,0.919,0.191,3.14,0.186,0,0.3716,0.3720,0.097,-0.486,0.243,0.119,0.033,0.000,0.000,0.000,3,0,0,0,0.281,0.150,0.139,0.057,0.041,0.016,7,5,4,2
0.099,0.887,0.689,0.2,0.291,1,0.3824,0.3793,0.319,0.180,0.243,0.119,0.033,0.000,0.000,0.000,3,0,0,0,0.281,0.150,0.139,0.057,0.041,0.016,7,5,4,2
0.077,0.899,0.548,0,0.000,0,0.3746,0.3728,0.172,0.166,0.243,0.119,0.033,0.000,0.000,0.000,3,0,0,0,0.281,0.150,0.139,0.057,0.041,0.016,7,5,4,2
0.075,0.901,0.713,-0.52,0.062,0,0.3539,0.3542,0.258,0.341,0.243,0.119,0.033,0.000,0.000,0.000,3,0,0,0,0.281,0.150,0.139,0.057,0.041,0.016,7,5,4,2
0.059,0.885,0.672,0.85,0.046,0,0.3155,0.3204,0.216,0.06,0.243,0.119,0.033,0.000,0.000,0.000,3,0,0,0,0.281,0.150,0.139,0.057,0.041,0.016,7,5,4,2
0.062,0.897,0.621,0.85,0.046,0,0.2644,0.2741,0.223,0.06,0.243,0.119,0.033,0.000,0.000,0.000,3,0,0,0,0.281,0.150,0.139,0.057,0.041,0.016,7,5,4,2
0.060,0.897,0.605,1.69,0.290,0,0.2219,0.2335,0.236,-0.697,0.243,0.119,0.033,0.000,0.000,0.000,3,0,0,0,0.281,0.150,0.139,0.057,0.041,0.016,7,5,4,2
0.063,0.879,0.747,0.2,0.291,1,0.1885,0.1975,0.418,0.180,0.243,0.119,0.033,0.000,0.000,0.000,3,0,0,0,0.281,0.150,0.139,0.057,0.041,0.016,7,5,4,2
0.064,0.887,0.638,-0.08,0.108,0,0.1766,0.1768,0.403,0.059,0.243,0.119,0.033,0.000,0.000,0.000,3,0,0,0,0.281,0.150,0.139,0.057,0.041,0.016,7,5,4,2
0.064,0.864,0.581,-1.1,0.105,-1,0.1707,0.1620,0.569,0.192,0.243,0.119,0.033,0.000,0.000,0.000,3,0,0,0,0.281,0.150,0.139,0.057,0.041,0.016,7,5,4,2
0.081,0.894,0.484,0,0.000,0,0.1787,0.1590,0.301,0.166,0.243,0.119,0.033,0.000,0.000,0.000,3,0,0,0,0.281,0.150,0.139,0.057,0.041,0.016,7,5,4,2
0.057,0.861,0.336,-1.14,0.131,0,0.1888,0.1578,0.474,0.987,0.243,0.119,0.033,0.000,0.000,0.000,3,0,0,0,0.281,0.150,0.139,0.057,0.041,0.016,7,5,4,2
0.055,0.862,0.462,-0.79,0.151,-1,0.1919,0.1526,0.417,0.736,0.243,0.119,0.033,0.000,0.000,0.000,3,0,0,0,0.281,0.150,0.139,0.057,0.041,0.016,7,5,4,2
0.056,0.892,0.509,1.69,0.290,0,0.1994,0.1514,0.194,-0.697,0.243,0.119,0.033,0.000,0.000,0.000,3,0,0,0,0.281,0.150,0.139,0.057,0.041,0.016,7,5,4,2
0.053,0.856,0.295,-0.79,0.151,-1,0.1940,0.1406,0.375,0.736,0.243,0.119,0.033,0.000,0.000,0.000,3,0,0,0,0.281,0.150,0.139,0.057,0.041,0.016,7,5,4,2
0.053,0.902,0.169,0.85,0.046,0,0.1793,0.1234,0.145,0.06,0.243,0.119,0.033,0.000,0.000,0.000,3,0,0,0,0.281,0.150,0.139,0.057,0.041,0.016,7,5,4,2
0.052,0.884,0.042,3.14,0.186,0,0.1573,0.1036,0.215,-0.486,0.243,0.119,0.033,0.000,0.000,0.000,3,0,0,0,0.281,0.150,0.139,0.057,0.041,0.016,7,5,4,2
0.064,0.903,0.340,0.85,0.046,0,0.1333,0.0844,0.155,0.06,0.243,0.119,0.033,0.000,0.000,0.000,3,0,0,0,0.281,0.150,0.139,0.057,0.041,0.016,7,5,4,2
0.060,0.862,0.637,0.2,0.291,1,0.1088,0.0659,0.383,0.180,0.243,0.119,0.033,0.000,0.000,0.000,3,0,0,0,0.281,0.150,0.139,0.057,0.041,0.016,7,5,4,2
0.060,0.901,0.709,1.69,0.290,0,0.0907,0.0538,0.221,-0.697,0.243,0.119,0.033,0.000,0.000,0.000,3,0,0,0,0.281,0.150,0.139,0.057,0.041,0.016,7,5,4,2
0.063,0.864,0.811,-1.19,0.219,1,0.0715,0.0412,0.408,0.586,0.243,0.119,0.033,0.000,0.000,0.000,3,0,0,0,0.281,0.150,0.139,0.057,0.041,0.016,7,5,4,2
0.062,0.875,0.800,1.76,0.409,0,0.0585,0.0317,0.337,-0.884,0.243,0.119,0.033,0.000,0.000,0.000,3,0,0,0,0.281,0.150,0.139,0.057,0.041,0.016,7,5,4,2
0.068,0.903,0.437,0.85,0.046,0,0.0490,0.0226,0.303,0.06,0.243,0.119,0.033,0.000,0.000,0.000,3,0,0,0,0.281,0.150,0.139,0.057,0.041,0.016,7,5,4,2
0.085,0.880,0.695,0.2,0.291,1,0.0464,0.0175,0.400,0.180,0.243,0.119,0.033,0.000,0.000,0.000,3,0,0,0,0.281,0.150,0.139,0.057,0.041,0.016,7,5,4,2
0.084,0.874,0.026,0.85,0.046,0,0.0476,0.0145,0.273,0.06,0.243,0.119,0.033,0.000,0.000,0.000,3,0,0,0,0.281,0.150,0.139,0.057,0.041,0.016,7,5,4,2
0.100,0.882,0.002,0.85,0.046,0,0.0499,0.0103,0.169,0.06,0.243,0.119,0.033,0.000,0.000,0.000,3,0,0,0,0.281,0.150,0.139,0.057,0.041,0.016,7,5,4,2
0.095,0.895,0.001,1.99,0.186,0,0.0611,0.0151,0.129,-0.326,0.243,0.119,0.033,0.000,0.000,0.000,3,0,0,0,0.281,0.150,0.139,0.057,0.041,0.016,7,5,4,2
0.097,0.894,0.002,2.53,0.140,0,0.0690,0.0247,0.204,-0.121,0.243,0.119,0.033,0.000,0.000,0.000,3,0,0,0,0.281,0.150,0.139,0.057,0.041,0.016,7,5,4,2
0.093,0.902,0.003,3.14,0.186,0,0.0823,0.0484,0.097,-0.486,0.243,0.119,0.033,0.000,0.000,0.000,3,0,0,0,0.281,0.150,0.139,0.057,0.041,0.016,7,5,4,2
0.086,0.899,0.329,-0.08,0.108,0,0.0884,0.0778,0.155,0.059,0.243,0.119,0.033,0.000,0.000,0.000,3,0,0,0,0.281,0.150,0.139,0.057,0.041,0.016,7,5,4,2
0.105,0.897,0.099,2.53,0.140,0,0.0920,0.1189,0.132,-0.121,0.243,0.119,0.033,0.000,0.000,0.000,3,0,0,0,0.281,0.150,0.139,0.057,0.041,0.016,7,5,4,2
0.077,0.886,0.269,2.53,0.140,0,0.0932,0.1725,0.205,-0.121,0.243,0.119,0.033,0.000,0.000,0.000,3,0,0,0,0.281,0.150,0.139,0.057,0.041,0.016,7,5,4,2
0.121,0.863,0.328,-0.52,0.062,0,0.0924,0.2386,0.253,0.341,0.243,0.119,0.033,0.000,0.000,0.000,3,0,0,0,0.281,0.150,0.139,0.057,0.041,0.016,7,5,4,2
0.117,0.267,0.188,0.85,0.046,0,0.0907,0.3158,0.320,0.06,0.243,0.119,0.033,0.000,0.000,0.000,3,0,0,0,0.281,0.150,0.139,0.057,0.041,0.016,7,5,4,2
0.107,0.844,0.243,-0.79,0.151,-1,0.0894,0.4011,0.523,0.736,0.243,0.119,0.033,0.000,0.000,0.000,3,0,0,0,0.281,0.150,0.139,0.057,0.041,0.016,7,5,4,2
0.103,0.261,0.402,-0.42,0.180,0,0.0904,0.4900,0.505,0.318,0.243,0.119,0.033,0.000,0.000,0.000,3,0,0,0,0.281,0.150,0.139,0.057,0.041,0.016,7,5,4,2
0.098,0.264,0.323,-0.08,0.108,0,0.0960,0.5756,0.568,0.059,0.243,0.119,0.033,0.000,0.000,0.000,3,0,0,0,0.281,0.150,0.139,0.057,0.041,0.016,7,5,4,2
0.094,0.242,0.075,1.99,0.186,0,0.1092,0.6488,0.803,-0.326,0.243,0.119,0.033,0.000,0.000,0.000,3,0,0,0,0.281,0.150,0.139,0.057,0.041,0.016,7,5,4,2
