0.155,0.657,0.418,1.42,0.221,0,0.0203,0.5777,0.844,-0.397,0.026,0.030,0.000,0.000,0.000,0.000,0,0,0,0,0.087,0.164,0.076,0.057,0.038,0.019,6,5,4,2
0.150,0.582,0.387,2.53,0.140,0,0.0132,0.4038,0.572,-0.121,0.026,0.030,0.000,0.000,0.000,0.000,0,0,0,0,0.087,0.164,0.076,0.057,0.038,0.019,6,5,4,2
0.150,0.730,0.510,-1.19,0.219,1,0.0093,0.2709,0.620,0.586,0.026,0.030,0.000,0.000,0.000,0.000,0,0,0,0,0.087,0.164,0.076,0.057,0.038,0.019,6,5,4,2
0.161,0.633,0.469,-0.79,0.151,-1,0.0075,0.1725,0.638,0.736,0.026,0.030,0.000,0.000,0.000,0.000,0,0,0,0,0.087,0.164,0.076,0.057,0.038,0.019,6,5,4,2
0.162,0.800,0.592,-0.48,0.134,0,0.0069,0.1023,0.513,0.007,0.026,0.030,0.000,0.000,0.000,0.000,0,0,0,0,0.087,0.164,0.076,0.057,0.038,0.019,6,5,4,2
0.162,0.803,0.832,-1.19,0.219,1,0.0070,0.0547,0.591,0.586,0.026,0.030,0.000,0.000,0.000,0.000,0,0,0,0,0.087,0.164,0.076,0.057,0.038,0.019,6,5,4,2
0.172,0.770,0.473,1.69,0.290,0,0.0071,0.0247,0.404,-0.697,0.026,0.030,0.000,0.000,0.000,0.000,0,0,0,0,0.087,0.164,0.076,0.057,0.038,0.019,6,5,4,2
0.138,0.853,0.429,-0.52,0.062,0,0.0071,0.0078,0.327,0.341,0.026,0.030,0.000,0.000,0.000,0.000,0,0,0,0,0.087,0.164,0.076,0.057,0.038,0.019,6,5,4,2
0.139,0.849,0.452,-1.19,0.219,1,0.0069,0.0001,0.441,0.586,0.026,0.030,0.000,0.000,0.000,0.000,0,0,0,0,0.087,0.164,0.076,0.057,0.038,0.019,6,5,4,2
0.143,0.757,0.070,3.14,0.186,0,0.0064,-0.0019,0.249,-0.486,0.026,0.030,0.000,0.000,0.000,0.000,0,0,0,0,0.087,0.164,0.076,0.057,0.038,0.019,6,5,4,2
0.144,0.732,0.234,1.69,0.290,0,0.0055,-0.0001,0.186,-0.697,0.026,0.030,0.000,0.000,0.000,0.000,0,0,0,0,0.087,0.164,0.076,0.057,0.038,0.019,6,5,4,2
0.139,0.711,0.052,3.14,0.186,0,0.0048,-0.0003,0.196,-0.486,0.026,0.030,0.000,0.000,0.000,0.000,0,0,0,0,0.087,0.164,0.076,0.057,0.038,0.019,6,5,4,2
0.138,0.619,0.018,1.99,0.186,0,0.0045,0.0016,0.318,-0.326,0.026,0.030,0.000,0.000,0.000,0.000,0,0,0,0,0.087,0.164,0.076,0.057,0.038,0.019,6,5,4,2
0.092,0.554,0.094,1.42,0.221,0,0.0040,0.0021,0.279,-0.397,0.026,0.030,0.000,0.000,0.000,0.000,0,0,0,0,0.087,0.164,0.076,0.057,0.038,0.019,6,5,4,2
0.119,0.493,0.013,0.85,0.046,0,0.0035,0.0006,0.117,0.06,0.026,0.030,0.000,0.000,0.000,0.000,0,0,0,0,0.087,0.164,0.076,0.057,0.038,0.019,6,5,4,2
0.141,0.437,0.013,1.99,0.186,0,0.0031,0.0012,0.364,-0.326,0.026,0.030,0.000,0.000,0.000,0.000,0,0,0,0,0.087,0.164,0.076,0.057,0.038,0.019,6,5,4,2
0.120,0.477,0.267,-0.52,0.062,0,0.0026,0.0004,0.409,0.341,0.026,0.030,0.000,0.000,0.000,0.000,0,0,0,0,0.087,0.164,0.076,0.057,0.038,0.019,6,5,4,2
0.144,0.443,0.228,1.69,0.290,0,0.0024,0.0002,0.482,-0.697,0.026,0.030,0.000,0.000,0.000,0.000,0,0,0,0,0.087,0.164,0.076,0.057,0.038,0.019,6,5,4,2
0.133,0.391,0.026,1.99,0.186,0,0.0023,0.0002,0.430,-0.326,0.026,0.030,0.000,0.000,0.000,0.000,0,0,0,0,0.087,0.164,0.076,0.057,0.038,0.019,6,5,4,2
0.088,0.444,0.318,0,0.000,0,0.0025,0.0002,0.394,0.166,0.026,0.030,0.000,0.000,0.000,0.000,0,0,0,0,0.087,0.164,0.076,0.057,0.038,0.019,6,5,4,2
0.090,0.394,0.158,1.99,0.186,0,0.0026,0.0002,0.436,-0.326,0.026,0.030,0.000,0.000,0.000,0.000,0,0,0,0,0.087,0.164,0.076,0.057,0.038,0.019,6,5,4,2
0.104,0.418,0.059,0.85,0.046,0,0.0028,0.0002,0.296,0.06,0.026,0.030,0.000,0.000,0.000,0.000,0,0,0,0,0.087,0.164,0.076,0.057,0.038,0.019,6,5,4,2
0.104,0.398,0.076,1.99,0.186,0,0.0031,0.0002,0.429,-0.326,0.026,0.030,0.000,0.000,0.000,0.000,0,0,0,0,0.087,0.164,0.076,0.057,0.038,0.019,6,5,4,2
0.105,0.551,0.249,1.69,0.290,0,0.0037,0.0003,0.435,-0.697,0.026,0.030,0.000,0.000,0.000,0.000,0,0,0,0,0.087,0.164,0.076,0.057,0.038,0.019,6,5,4,2
0.109,0.557,0.190,-0.52,0.062,0,0.0044,0.0006,0.368,0.341,0.026,0.030,0.000,0.000,0.000,0.000,0,0,0,0,0.087,0.164,0.076,0.057,0.038,0.019,6,5,4,2
0.113,0.503,0.342,0.85,0.046,0,0.0053,0.0008,0.383,0.06,0.026,0.030,0.000,0.000,0.000,0.000,0,0,0,0,0.087,0.164,0.076,0.057,0.038,0.019,6,5,4,2
0.114,0.578,0.258,-0.52,0.062,0,0.0052,0.0006,0.409,0.341,0.026,0.030,0.000,0.000,0.000,0.000,0,0,0,0,0.087,0.164,0.076,0.057,0.038,0.019,6,5,4,2
0.134,0.484,0.008,1.99,0.186,0,0.0057,0.0008,0.381,-0.326,0.026,0.030,0.000,0.000,0.000,0.000,0,0,0,0,0.087,0.164,0.076,0.057,0.038,0.019,6,5,4,2
0.132,0.724,0.239,-0.42,0.180,0,0.0065,0.0013,0.546,0.318,0.026,0.030,0.000,0.000,0.000,0.000,0,0,0,0,0.087,0.164,0.076,0.057,0.038,0.019,6,5,4,2
0.110,0.543,0.147,1.69,0.290,0,0.0082,0.0024,0.497,-0.697,0.026,0.030,0.000,0.000,0.000,0.000,0,0,0,0,0.087,0.164,0.076,0.057,0.038,0.019,6,5,4,2
0.110,0.444,0.162,1.99,0.186,0,0.0087,0.0029,0.387,-0.326,0.026,0.030,0.000,0.000,0.000,0.000,0,0,0,0,0.087,0.164,0.076,0.057,0.038,0.019,6,5,4,2
0.108,0.431,0.423,-1.14,0.131,0,0.0099,0.0038,0.447,0.987,0.026,0.030,0.000,0.000,0.000,0.000,0,0,0,0,0.087,0.164,0.076,0.057,0.038,0.019,6,5,4,2
0.102,0.384,0.547,3.14,0.186,0,0.0121,0.0055,0.368,-0.486,0.026,0.030,0.000,0.000,0.000,0.000,0,0,0,0,0.087,0.164,0.076,0.057,0.038,0.019,6,5,4,2
0.103,0.354,0.495,0.85,0.046,0,0.0122,0.0054,0.288,0.06,0.026,0.030,0.000,0.000,0.000,0.000,0,0,0,0,0.087,0.164,0.076,0.057,0.038,0.019,6,5,4,2
0.126,0.456,0.641,0.22,0.230,0,0.0133,0.0063,0.471,0.303,0.026,0.030,0.000,0.000,0.000,0.000,0,0,0,0,0.087,0.164,0.076,0.057,0.038,0.019,6,5,4,2
0.120,0.414,0.431,1.42,0.221,0,0.0152,0.0078,0.393,-0.397,0.026,0.030,0.000,0.000,0.000,0.000,0,0,0,0,0.087,0.164,0.076,0.057,0.038,0.019,6,5,4,2
0.120,0.352,0.132,0.85,0.046,0,0.0161,0.0083,0.211,0.06,0.026,0.030,0.000,0.000,0.000,0.000,0,0,0,0,0.087,0.164,0.076,0.057,0.038,0.019,6,5,4,2
0.116,0.479,0.456,-1.19,0.219,1,0.0179,0.0097,0.617,0.586,0.026,0.030,0.000,0.000,0.000,0.000,0,0,0,0,0.087,0.164,0.076,0.057,0.038,0.019,6,5,4,2
0.111,0.340,0.134,-0.79,0.151,-1,0.0194,0.0106,0.634,0.736,0.026,0.030,0.000,0.000,0.000,0.000,0,0,0,0,0.087,0.164,0.076,0.057,0.038,0.019,6,5,4,2
0.115,0.436,0.207,1.69,0.290,0,0.0193,0.0104,0.413,-0.697,0.026,0.030,0.000,0.000,0.000,0.000,0,0,0,0,0.087,0.164,0.076,0.057,0.038,0.019,6,5,4,2
0.138,0.501,0.307,0,0.000,0,0.0198,0.0105,0.620,0.166,0.026,0.030,0.000,0.000,0.000,0.000,0,0,0,0,0.087,0.164,0.076,0.057,0.038,0.019,6,5,4,2
0.118,0.487,0.405,3.14,0.186,0,0.0226,0.0133,0.261,-0.486,0.026,0.030,0.000,0.000,0.000,0.000,0,0,0,0,0.087,0.164,0.076,0.057,0.038,0.019,6,5,4,2
0.124,0.505,0.739,-1.14,0.131,0,0.0249,0.0157,0.437,0.987,0.026,0.030,0.000,0.000,0.000,0.000,0,0,0,0,0.087,0.164,0.076,0.057,0.038,0.019,6,5,4,2
0.127,0.378,0.748,0.85,0.046,0,0.0264,0.0177,0.334,0.06,0.026,0.030,0.000,0.000,0.000,0.000,0,0,0,0,0.087,0.164,0.076,0.057,0.038,0.019,6,5,4,2
0.103,0.340,0.775,0.85,0.046,0,0.0255,0.0180,0.359,0.06,0.026,0.030,0.000,0.000,0.000,0.000,0,0,0,0,0.087,0.164,0.076,0.057,0.038,0.019,6,5,4,2
0.096,0.314,0.600,2.53,0.140,0,0.0258,0.0199,0.287,-0.121,0.026,0.030,0.000,0.000,0.000,0.000,0,0,0,0,0.087,0.164,0.076,0.057,0.038,0.019,6,5,4,2
0.094,0.357,0.136,0.85,0.046,0,0.0257,0.0213,0.344,0.06,0.026,0.030,0.000,0.000,0.000,0.000,0,0,0,0,0.087,0.164,0.076,0.057,0.038,0.019,6,5,4,2
0.095,0.380,0.520,0,0.000,0,0.0262,0.0233,0.304,0.166,0.026,0.030,0.000,0.000,0.000,0.000,0,0,0,0,0.087,0.164,0.076,0.057,0.038,0.019,6,5,4,2
0.052,0.391,0.449,-0.08,0.108,0,0.0255,0.0245,0.281,0.059,0.026,0.030,0.000,0.000,0.000,0.000,0,0,0,0,0.087,0.164,0.076,0.057,0.038,0.019,6,5,4,2
0.064,0.354,0.031,2.53,0.140,0,0.0249,0.0248,0.248,-0.121,0.026,0.030,0.000,0.000,0.000,0.000,0,0,0,0,0.087,0.164,0.076,0.057,0.038,0.019,6,5,4,2
0.075,0.297,0.002,1.99,0.186,0,0.0246,0.0250,0.216,-0.326,0.026,0.030,0.000,0.000,0.000,0.000,0,0,0,0,0.087,0.164,0.076,0.057,0.038,0.019,6,5,4,2
0.069,0.334,0.329,-0.48,0.134,0,0.0222,0.0235,0.335,0.007,0.026,0.030,0.000,0.000,0.000,0.000,0,0,0,0,0.087,0.164,0.076,0.057,0.038,0.019,6,5,4,2
0.069,0.237,0.143,2.53,0.140,0,0.0210,0.0229,0.226,-0.121,0.026,0.030,0.000,0.000,0.000,0.000,0,0,0,0,0.087,0.164,0.076,0.057,0.038,0.019,6,5,4,2
0.073,0.199,0.011,2.53,0.140,0,0.0193,0.0212,0.245,-0.121,0.026,0.030,0.000,0.000,0.000,0.000,0,0,0,0,0.087,0.164,0.076,0.057,0.038,0.019,6,5,4,2
0.076,0.165,0.316,-0.79,0.151,-1,0.0171,0.0191,0.476,0.736,0.026,0.030,0.000,0.000,0.000,0.000,0,0,0,0,0.087,0.164,0.076,0.057,0.038,0.019,6,5,4,2
0.074,0.195,0.526,0.85,0.046,0,0.0154,0.0168,0.666,0.06,0.026,0.030,0.000,0.000,0.000,0.000,0,0,0,0,0.087,0.164,0.076,0.057,0.038,0.019,6,5,4,2
0.074,0.322,0.597,0,0.000,0,0.0137,0.0143,0.525,0.166,0.026,0.030,0.000,0.000,0.000,0.000,0,0,0,0,0.087,0.164,0.076,0.057,0.038,0.019,6,5,4,2
0.069,0.340,0.654,0,0.000,0,0.0110,0.0118,0.396,0.166,0.026,0.030,0.000,0.000,0.000,0.000,0,0,0,0,0.087,0.164,0.076,0.057,0.038,0.019,6,5,4,2
0.068,0.442,0.811,1.76,0.409,0,0.0103,0.0114,0.436,-0.884,0.026,0.030,0.000,0.000,0.000,0.000,0,0,0,0,0.087,0.164,0.076,0.057,0.038,0.019,6,5,4,2
0.072,0.405,0.513,2.53,0.140,0,0.0128,0.0160,0.317,-0.121,0.026,0.030,0.000,0.000,0.000,0.000,0,0,0,0,0.087,0.164,0.076,0.057,0.038,0.019,6,5,4,2
0.074,0.886,0.773,-0.08,0.108,0,0.0159,0.0219,0.253,0.059,0.026,0.030,0.000,0.000,0.000,0.000,0,0,0,0,0.087,0.164,0.076,0.057,0.038,0.019,6,5,4,2
0.078,0.860,0.843,-0.08,0.108,0,0.0186,0.0280,0.195,0.059,0.026,0.030,0.000,0.000,0.000,0.000,0,0,0,0,0.087,0.164,0.076,0.057,0.038,0.019,6,5,4,2
0.094,0.851,0.158,3.14,0.186,0,0.0197,0.0315,0.193,-0.486,0.026,0.030,0.000,0.000,0.000,0.000,0,0,0,0,0.087,0.164,0.076,0.057,0.038,0.019,6,5,4,2
0.096,0.396,0.098,2.53,0.140,0,0.0206,0.0346,0.193,-0.121,0.026,0.030,0.000,0.000,0.000,0.000,0,0,0,0,0.087,0.164,0.076,0.057,0.038,0.019,6,5,4,2
0.096,0.871,0.385,-0.52,0.062,0,0.0206,0.0357,0.164,0.341,0.026,0.030,0.000,0.000,0.000,0.000,0,0,0,0,0.087,0.164,0.076,0.057,0.038,0.019,6,5,4,2
0.124,0.842,0.118,3.14,0.186,0,0.0195,0.0348,0.202,-0.486,0.026,0.030,0.000,0.000,0.000,0.000,0,0,0,0,0.087,0.164,0.076,0.057,0.038,0.019,6,5,4,2
0.123,0.365,0.001,1.99,0.186,0,0.0160,0.0291,0.252,-0.326,0.026,0.030,0.000,0.000,0.000,0.000,0,0,0,0,0.087,0.164,0.076,0.057,0.038,0.019,6,5,4,2
0.120,0.400,0.390,-0.08,0.108,0,0.0136,0.0246,0.329,0.059,0.026,0.030,0.000,0.000,0.000,0.000,0,0,0,0,0.087,0.164,0.076,0.057,0.038,0.019,6,5,4,2
0.118,0.381,0.371,0.85,0.046,0,0.0115,0.0205,0.298,0.06,0.026,0.030,0.000,0.000,0.000,0.000,0,0,0,0,0.087,0.164,0.076,0.057,0.038,0.019,6,5,4,2
0.169,0.868,0.533,2.53,0.140,0,0.0080,0.0149,0.393,-0.121,0.026,0.030,0.000,0.000,0.000,0.000,0,0,0,0,0.087,0.164,0.076,0.057,0.038,0.019,6,5,4,2
0.170,0.546,0.459,0,0.000,0,0.0082,0.0148,0.383,0.166,0.026,0.030,0.000,0.000,0.000,0.000,0,0,0,0,0.087,0.164,0.076,0.057,0.038,0.019,6,5,4,2
0.182,0.838,0.717,-0.52,0.062,0,0.0120,0.0209,0.460,0.341,0.026,0.030,0.000,0.000,0.000,0.000,0,0,0,0,0.087,0.164,0.076,0.057,0.038,0.019,6,5,4,2
0.197,0.698,0.657,0,0.000,0,0.0176,0.0299,0.346,0.166,0.026,0.030,0.000,0.000,0.000,0.000,0,0,0,0,0.087,0.164,0.076,0.057,0.038,0.019,6,5,4,2
0.167,0.651,0.378,0,0.000,0,0.0228,0.0383,0.261,0.166,0.026,0.030,0.000,0.000,0.000,0.000,0,0,0,0,0.087,0.164,0.076,0.057,0.038,0.019,6,5,4,2
0.175,0.640,0.439,1.99,0.186,0,0.0262,0.0446,0.251,-0.326,0.026,0.030,0.000,0.000,0.000,0.000,0,0,0,0,0.087,0.164,0.076,0.057,0.038,0.019,6,5,4,2
0.163,0.848,0.428,-0.52,0.062,0,0.0295,0.0516,0.301,0.341,0.026,0.030,0.000,0.000,0.000,0.000,0,0,0,0,0.087,0.164,0.076,0.057,0.038,0.019,6,5,4,2
0.204,0.627,0.113,1.99,0.186,0,0.0329,0.0584,0.304,-0.326,0.026,0.030,0.000,0.000,0.000,0.000,0,0,0,0,0.087,0.164,0.076,0.057,0.038,0.019,6,5,4,2
0.206,0.616,0.239,1.99,0.186,0,0.0338,0.0615,0.270,-0.326,0.026,0.030,0.000,0.000,0.000,0.000,0,0,0,0,0.087,0.164,0.076,0.057,0.038,0.019,6,5,4,2
0.194,0.555,0.370,0.85,0.046,0,0.0345,0.0633,0.279,0.06,0.026,0.030,0.000,0.000,0.000,0.000,0,0,0,0,0.087,0.164,0.076,0.057,0.038,0.019,6,5,4,2
0.192,0.543,0.337,0.85,0.046,0,0.0340,0.0629,0.430,0.06,0.026,0.030,0.000,0.000,0.000,0.000,0,0,0,0,0.087,0.164,0.076,0.057,0.038,0.019,6,5,4,2
0.233,0.574,0.263,0.85,0.046,0,0.0292,0.0568,0.319,0.06,0.026,0.030,0.000,0.000,0.000,0.000,0,0,0,0,0.087,0.164,0.076,0.057,0.038,0.019,6,5,4,2
0.274,0.587,0.523,0,0.000,0,0.0205,0.0481,0.340,0.166,0.026,0.030,0.000,0.000,0.000,0.000,0,0,0,0,0.087,0.164,0.076,0.057,0.038,0.019,6,5,4,2
0.221,0.762,0.792,0.2,0.291,1,0.0140,0.0427,0.482,0.180,0.026,0.030,0.000,0.000,0.000,0.000,0,0,0,0,0.087,0.164,0.076,0.057,0.038,0.019,6,5,4,2
0.212,0.604,0.834,-0.79,0.151,-1,0.0137,0.0433,0.556,0.736,0.026,0.030,0.000,0.000,0.000,0.000,0,0,0,0,0.087,0.164,0.076,0.057,0.038,0.019,6,5,4,2
0.251,0.610,0.794,-0.52,0.062,0,0.0252,0.0544,0.367,0.341,0.026,0.030,0.000,0.000,0.000,0.000,0,0,0,0,0.087,0.164,0.076,0.057,0.038,0.019,6,5,4,2
0.301,0.557,0.069,3.14,0.186,0,0.0487,0.0788,0.106,-0.486,0.026,0.030,0.000,0.000,0.000,0.000,0,0,0,0,0.087,0.164,0.076,0.057,0.038,0.019,6,5,4,2
0.342,0.821,0.782,-1.19,0.219,1,0.0781,0.1117,0.449,0.586,0.026,0.030,0.000,0.000,0.000,0.000,0,0,0,0,0.087,0.164,0.076,0.057,0.038,0.019,6,5,4,2
0.348,0.493,0.433,0.85,0.046,0,0.1047,0.1429,0.524,0.06,0.026,0.030,0.000,0.000,0.000,0.000,0,0,0,0,0.087,0.164,0.076,0.057,0.038,0.019,6,5,4,2
0.406,0.582,0.520,1.37,0.298,0,0.1254,0.1639,0.290,-0.510,0.026,0.030,0.000,0.000,0.000,0.000,0,0,0,0,0.087,0.164,0.076,0.057,0.038,0.019,6,5,4,2
0.415,0.484,0.006,1.99,0.186,0,0.1386,0.1772,0.131,-0.326,0.026,0.030,0.000,0.000,0.000,0.000,0,0,0,0,0.087,0.164,0.076,0.057,0.038,0.019,6,5,4,2
0.415,0.621,0.707,-1.19,0.219,1,0.1417,0.1796,0.517,0.586,0.026,0.030,0.000,0.000,0.000,0.000,0,0,0,0,0.087,0.164,0.076,0.057,0.038,0.019,6,5,4,2
0.414,0.752,0.663,-1.19,0.219,1,0.1334,0.1683,0.577,0.586,0.026,0.030,0.000,0.000,0.000,0.000,0,0,0,0,0.087,0.164,0.076,0.057,0.038,0.019,6,5,4,2
0.402,0.490,0.289,-0.79,0.151,-1,0.1082,0.1431,0.325,0.736,0.026,0.030,0.000,0.000,0.000,0.000,0,0,0,0,0.087,0.164,0.076,0.057,0.038,0.019,6,5,4,2
0.393,0.430,0.188,3.14,0.186,0,0.0781,0.1226,0.176,-0.486,0.026,0.030,0.000,0.000,0.000,0.000,0,0,0,0,0.087,0.164,0.076,0.057,0.038,0.019,6,5,4,2
0.350,0.751,0.724,-1.19,0.219,1,0.0506,0.1189,0.574,0.586,0.026,0.030,0.000,0.000,0.000,0.000,0,0,0,0,0.087,0.164,0.076,0.057,0.038,0.019,6,5,4,2
0.347,0.691,0.668,-1.19,0.219,1,0.0334,0.1409,0.635,0.586,0.026,0.030,0.000,0.000,0.000,0.000,0,0,0,0,0.087,0.164,0.076,0.057,0.038,0.019,6,5,4,2
0.366,0.729,0.751,-1.19,0.219,1,0.0295,0.1889,0.581,0.586,0.026,0.030,0.000,0.000,0.000,0.000,0,0,0,0,0.087,0.164,0.076,0.057,0.038,0.019,6,5,4,2
0.316,0.422,0.689,0,0.000,0,0.0329,0.2564,0.463,0.166,0.026,0.030,0.000,0.000,0.000,0.000,0,0,0,0,0.087,0.164,0.076,0.057,0.038,0.019,6,5,4,2
0.325,0.568,0.772,-1.19,0.219,1,0.0416,0.3393,0.488,0.586,0.026,0.030,0.000,0.000,0.000,0.000,0,0,0,0,0.087,0.164,0.076,0.057,0.038,0.019,6,5,4,2
0.375,0.613,0.858,0.2,0.291,1,0.0528,0.4317,0.505,0.180,0.026,0.030,0.000,0.000,0.000,0.000,0,0,0,0,0.087,0.164,0.076,0.057,0.038,0.019,6,5,4,2
0.394,0.340,0.642,0.85,0.046,0,0.0635,0.5269,0.275,0.06,0.026,0.030,0.000,0.000,0.000,0.000,0,0,0,0,0.087,0.164,0.076,0.057,0.038,0.019,6,5,4,2
0.330,0.276,0.091,2.53,0.140,0,0.0707,0.6173,0.413,-0.121,0.026,0.030,0.000,0.000,0.000,0.000,0,0,0,0,0.087,0.164,0.076,0.057,0.038,0.019,6,5,4,2
0.262,0.259,0.315,3.14,0.186,0,0.0720,0.6951,0.464,-0.486,0.026,0.030,0.000,0.000,0.000,0.000,0,0,0,0,0.087,0.164,0.076,0.057,0.038,0.019,6,5,4,2
0.358,0.231,0.115,0.85,0.046,0,0.0657,0.7523,0.561,0.06,0.026,0.030,0.000,0.000,0.000,0.000,0,0,0,0,0.087,0.164,0.076,0.057,0.038,0.019,6,5,4,2
0.392,0.275,0.351,1.76,0.409,0,0.0511,0.7817,0.711,-0.884,0.026,0.030,0.000,0.000,0.000,0.000,0,0,0,0,0.087,0.164,0.076,0.057,0.038,0.019,6,5,4,2
