0.121,0.236,0.598,1.42,0.221,0,0.7713,0.9748,0.704,-0.397,0.207,0.186,0.185,0.102,0.036,0.007,48,11,6,2,0.211,0.219,0.221,0.154,0.083,0.017,49,46,21,7
0.141,0.405,0.566,-0.52,0.062,0,0.6921,0.9591,0.522,0.341,0.207,0.186,0.185,0.102,0.036,0.007,48,11,6,2,0.211,0.219,0.221,0.154,0.083,0.017,49,46,21,7
0.144,0.378,0.694,0.2,0.291,1,0.6052,0.9230,0.488,0.180,0.207,0.186,0.185,0.102,0.036,0.007,48,11,6,2,0.211,0.219,0.221,0.154,0.083,0.017,49,46,21,7
0.109,0.258,0.448,-0.48,0.134,0,0.5262,0.8753,0.336,0.007,0.207,0.186,0.185,0.102,0.036,0.007,48,11,6,2,0.211,0.219,0.221,0.154,0.083,0.017,49,46,21,7
0.066,0.148,0.491,-1.14,0.131,0,0.4654,0.8233,0.392,0.987,0.207,0.186,0.185,0.102,0.036,0.007,48,11,6,2,0.211,0.219,0.221,0.154,0.083,0.017,49,46,21,7
0.075,0.159,0.801,-0.52,0.062,0,0.4280,0.7724,0.456,0.341,0.207,0.186,0.185,0.102,0.036,0.007,48,11,6,2,0.211,0.219,0.221,0.154,0.083,0.017,49,46,21,7
0.074,0.146,0.762,-0.48,0.134,0,0.4151,0.7267,0.340,0.007,0.207,0.186,0.185,0.102,0.036,0.007,48,11,6,2,0.211,0.219,0.221,0.154,0.083,0.017,49,46,21,7
0.075,0.119,0.467,-0.52,0.062,0,0.4249,0.6888,0.328,0.341,0.207,0.186,0.185,0.102,0.036,0.007,48,11,6,2,0.211,0.219,0.221,0.154,0.083,0.017,49,46,21,7
0.074,0.121,0.474,-1.1,0.105,-1,0.4528,0.6604,0.463,0.192,0.207,0.186,0.185,0.102,0.036,0.007,48,11,6,2,0.211,0.219,0.221,0.154,0.083,0.017,49,46,21,7
0.078,0.101,0.266,0.85,0.046,0,0.4929,0.6419,0.165,0.06,0.207,0.186,0.185,0.102,0.036,0.007,48,11,6,2,0.211,0.219,0.221,0.154,0.083,0.017,49,46,21,7
0.077,0.098,0.163,0.85,0.046,0,0.5348,0.6321,0.112,0.06,0.207,0.186,0.185,0.102,0.036,0.007,48,11,6,2,0.211,0.219,0.221,0.154,0.083,0.017,49,46,21,7
0.071,0.123,0.400,0.22,0.230,0,0.5803,0.6331,0.218,0.303,0.207,0.186,0.185,0.102,0.036,0.007,48,11,6,2,0.211,0.219,0.221,0.154,0.083,0.017,49,46,21,7
0.064,0.121,0.205,0.85,0.046,0,0.6089,0.6400,0.142,0.06,0.207,0.186,0.185,0.102,0.036,0.007,48,11,6,2,0.211,0.219,0.221,0.154,0.083,0.017,49,46,21,7
0.049,0.178,0.212,1.69,0.290,0,0.6371,0.6510,0.112,-0.697,0.207,0.186,0.185,0.102,0.036,0.007,48,11,6,2,0.211,0.219,0.221,0.154,0.083,0.017,49,46,21,7
0.056,0.219,0.507,1.76,0.409,0,0.6652,0.6667,0.130,-0.884,0.207,0.186,0.185,0.102,0.036,0.007,48,11,6,2,0.211,0.219,0.221,0.154,0.083,0.017,49,46,21,7
0.048,0.181,0.578,-0.52,0.062,0,0.6840,0.6796,0.247,0.341,0.207,0.186,0.185,0.102,0.036,0.007,48,11,6,2,0.211,0.219,0.221,0.154,0.083,0.017,49,46,21,7
0.043,0.209,0.693,-0.08,0.108,0,0.6774,0.6812,0.351,0.059,0.207,0.186,0.185,0.102,0.036,0.007,48,11,6,2,0.211,0.219,0.221,0.154,0.083,0.017,49,46,21,7
0.041,0.237,0.498,-0.42,0.180,0,0.6435,0.6697,0.341,0.318,0.207,0.186,0.185,0.102,0.036,0.007,48,11,6,2,0.211,0.219,0.221,0.154,0.083,0.017,49,46,21,7
0.049,0.207,0.165,-1.14,0.131,0,0.5896,0.6460,0.389,0.987,0.207,0.186,0.185,0.102,0.036,0.007,48,11,6,2,0.211,0.219,0.221,0.154,0.083,0.017,49,46,21,7
0.050,0.173,0.398,2.53,0.140,0,0.5396,0.6228,0.240,-0.121,0.207,0.186,0.185,0.102,0.036,0.007,48,11,6,2,0.211,0.219,0.221,0.154,0.083,0.017,49,46,21,7
0.049,0.142,0.296,-1.14,0.131,0,0.4995,0.6045,0.446,0.987,0.207,0.186,0.185,0.102,0.036,0.007,48,11,6,2,0.211,0.219,0.221,0.154,0.083,0.017,49,46,21,7
0.040,0.153,0.319,-0.42,0.180,0,0.4805,0.5969,0.457,0.318,0.207,0.186,0.185,0.102,0.036,0.007,48,11,6,2,0.211,0.219,0.221,0.154,0.083,0.017,49,46,21,7
0.037,0.142,0.388,-0.08,0.108,0,0.4748,0.5948,0.395,0.059,0.207,0.186,0.185,0.102,0.036,0.007,48,11,6,2,0.211,0.219,0.221,0.154,0.083,0.017,49,46,21,7
0.038,0.134,0.017,-0.79,0.151,-1,0.4906,0.6026,0.536,0.736,0.207,0.186,0.185,0.102,0.036,0.007,48,11,6,2,0.211,0.219,0.221,0.154,0.083,0.017,49,46,21,7
0.044,0.135,0.011,-1.1,0.105,-1,0.5319,0.6220,0.498,0.192,0.207,0.186,0.185,0.102,0.036,0.007,48,11,6,2,0.211,0.219,0.221,0.154,0.083,0.017,49,46,21,7
0.069,0.135,0.000,-0.79,0.151,-1,0.5818,0.6421,0.362,0.736,0.207,0.186,0.185,0.102,0.036,0.007,48,11,6,2,0.211,0.219,0.221,0.154,0.083,0.017,49,46,21,7
0.062,0.137,0.002,-0.08,0.108,0,0.6418,0.6679,0.252,0.059,0.207,0.186,0.185,0.102,0.036,0.007,48,11,6,2,0.211,0.219,0.221,0.154,0.083,0.017,49,46,21,7
0.053,0.166,0.001,-0.79,0.151,-1,0.6888,0.6871,0.316,0.736,0.207,0.186,0.185,0.102,0.036,0.007,48,11,6,2,0.211,0.219,0.221,0.154,0.083,0.017,49,46,21,7
0.052,0.167,0.001,-1.19,0.219,1,0.7072,0.6937,0.298,0.586,0.207,0.186,0.185,0.102,0.036,0.007,48,11,6,2,0.211,0.219,0.221,0.154,0.083,0.017,49,46,21,7
0.069,0.152,0.002,3.14,0.186,0,0.7015,0.6862,0.088,-0.486,0.207,0.186,0.185,0.102,0.036,0.007,48,11,6,2,0.211,0.219,0.221,0.154,0.083,0.017,49,46,21,7
0.065,0.149,0.002,2.53,0.140,0,0.6644,0.6628,0.145,-0.121,0.207,0.186,0.185,0.102,0.036,0.007,48,11,6,2,0.211,0.219,0.221,0.154,0.083,0.017,49,46,21,7
0.068,0.187,0.036,1.69,0.290,0,0.6281,0.6427,0.171,-0.697,0.207,0.186,0.185,0.102,0.036,0.007,48,11,6,2,0.211,0.219,0.221,0.154,0.083,0.017,49,46,21,7
0.071,0.211,0.030,0.85,0.046,0,0.5830,0.6205,0.241,0.06,0.207,0.186,0.185,0.102,0.036,0.007,48,11,6,2,0.211,0.219,0.221,0.154,0.083,0.017,49,46,21,7
0.072,0.282,0.018,0,0.000,0,0.5507,0.6047,0.116,0.166,0.207,0.186,0.185,0.102,0.036,0.007,48,11,6,2,0.211,0.219,0.221,0.154,0.083,0.017,49,46,21,7
0.087,0.220,0.017,-1.14,0.131,0,0.5147,0.5890,0.332,0.987,0.207,0.186,0.185,0.102,0.036,0.007,48,11,6,2,0.211,0.219,0.221,0.154,0.083,0.017,49,46,21,7
0.086,0.224,0.099,1.42,0.221,0,0.4798,0.5753,0.282,-0.397,0.207,0.186,0.185,0.102,0.036,0.007,48,11,6,2,0.211,0.219,0.221,0.154,0.083,0.017,49,46,21,7
0.086,0.195,0.016,-1.1,0.105,-1,0.4491,0.5626,0.452,0.192,0.207,0.186,0.185,0.102,0.036,0.007,48,11,6,2,0.211,0.219,0.221,0.154,0.083,0.017,49,46,21,7
0.074,0.189,0.011,-0.79,0.151,-1,0.4476,0.5646,0.398,0.736,0.207,0.186,0.185,0.102,0.036,0.007,48,11,6,2,0.211,0.219,0.221,0.154,0.083,0.017,49,46,21,7
0.087,0.199,0.015,-1.14,0.131,0,0.4526,0.5625,0.400,0.987,0.207,0.186,0.185,0.102,0.036,0.007,48,11,6,2,0.211,0.219,0.221,0.154,0.083,0.017,49,46,21,7
0.062,0.255,0.078,-1.19,0.219,1,0.4768,0.5685,0.469,0.586,0.207,0.186,0.185,0.102,0.036,0.007,48,11,6,2,0.211,0.219,0.221,0.154,0.083,0.017,49,46,21,7
0.060,0.235,0.003,-0.08,0.108,0,0.5041,0.5768,0.297,0.059,0.207,0.186,0.185,0.102,0.036,0.007,48,11,6,2,0.211,0.219,0.221,0.154,0.083,0.017,49,46,21,7
0.059,0.222,0.004,2.53,0.140,0,0.5367,0.5890,0.215,-0.121,0.207,0.186,0.185,0.102,0.036,0.007,48,11,6,2,0.211,0.219,0.221,0.154,0.083,0.017,49,46,21,7
0.072,0.233,0.002,0.85,0.046,0,0.5598,0.5915,0.398,0.06,0.207,0.186,0.185,0.102,0.036,0.007,48,11,6,2,0.211,0.219,0.221,0.154,0.083,0.017,49,46,21,7
0.076,0.258,0.003,-1.1,0.105,-1,0.5584,0.5758,0.455,0.192,0.207,0.186,0.185,0.102,0.036,0.007,48,11,6,2,0.211,0.219,0.221,0.154,0.083,0.017,49,46,21,7
0.070,0.265,0.003,3.14,0.186,0,0.5465,0.5542,0.163,-0.486,0.207,0.186,0.185,0.102,0.036,0.007,48,11,6,2,0.211,0.219,0.221,0.154,0.083,0.017,49,46,21,7
0.060,0.252,0.008,-1.14,0.131,0,0.5131,0.5188,0.386,0.987,0.207,0.186,0.185,0.102,0.036,0.007,48,11,6,2,0.211,0.219,0.221,0.154,0.083,0.017,49,46,21,7
0.046,0.275,0.034,-0.79,0.151,-1,0.4726,0.4833,0.575,0.736,0.207,0.186,0.185,0.102,0.036,0.007,48,11,6,2,0.211,0.219,0.221,0.154,0.083,0.017,49,46,21,7
0.032,0.269,0.008,-0.79,0.151,-1,0.4197,0.4425,0.423,0.736,0.207,0.186,0.185,0.102,0.036,0.007,48,11,6,2,0.211,0.219,0.221,0.154,0.083,0.017,49,46,21,7
0.027,0.213,0.035,-1.14,0.131,0,0.3637,0.4004,0.371,0.987,0.207,0.186,0.185,0.102,0.036,0.007,48,11,6,2,0.211,0.219,0.221,0.154,0.083,0.017,49,46,21,7
0.027,0.303,0.266,1.37,0.298,0,0.3258,0.3691,0.196,-0.510,0.207,0.186,0.185,0.102,0.036,0.007,48,11,6,2,0.211,0.219,0.221,0.154,0.083,0.017,49,46,21,7
0.020,0.221,0.030,-1.14,0.131,0,0.3055,0.3500,0.313,0.987,0.207,0.186,0.185,0.102,0.036,0.007,48,11,6,2,0.211,0.219,0.221,0.154,0.083,0.017,49,46,21,7
0.018,0.290,0.171,3.14,0.186,0,0.3188,0.3541,0.158,-0.486,0.207,0.186,0.185,0.102,0.036,0.007,48,11,6,2,0.211,0.219,0.221,0.154,0.083,0.017,49,46,21,7
0.019,0.294,0.031,0.85,0.046,0,0.3325,0.3574,0.208,0.06,0.207,0.186,0.185,0.102,0.036,0.007,48,11,6,2,0.211,0.219,0.221,0.154,0.083,0.017,49,46,21,7
0.015,0.835,0.130,-0.52,0.062,0,0.3523,0.3648,0.241,0.341,0.207,0.186,0.185,0.102,0.036,0.007,48,11,6,2,0.211,0.219,0.221,0.154,0.083,0.017,49,46,21,7
0.016,0.334,0.307,-0.08,0.108,0,0.3681,0.3691,0.172,0.059,0.207,0.186,0.185,0.102,0.036,0.007,48,11,6,2,0.211,0.219,0.221,0.154,0.083,0.017,49,46,21,7
0.016,0.336,0.426,1.69,0.290,0,0.3821,0.3675,0.099,-0.697,0.207,0.186,0.185,0.102,0.036,0.007,48,11,6,2,0.211,0.219,0.221,0.154,0.083,0.017,49,46,21,7
0.016,0.295,0.474,-0.79,0.151,-1,0.3726,0.3453,0.304,0.736,0.207,0.186,0.185,0.102,0.036,0.007,48,11,6,2,0.211,0.219,0.221,0.154,0.083,0.017,49,46,21,7
0.019,0.326,0.606,1.76,0.409,0,0.3597,0.3194,0.188,-0.884,0.207,0.186,0.185,0.102,0.036,0.007,48,11,6,2,0.211,0.219,0.221,0.154,0.083,0.017,49,46,21,7
0.024,0.303,0.278,1.76,0.409,0,0.3387,0.2916,0.122,-0.884,0.207,0.186,0.185,0.102,0.036,0.007,48,11,6,2,0.211,0.219,0.221,0.154,0.083,0.017,49,46,21,7
0.027,0.281,0.437,-0.08,0.108,0,0.3176,0.2675,0.181,0.059,0.207,0.186,0.185,0.102,0.036,0.007,48,11,6,2,0.211,0.219,0.221,0.154,0.083,0.017,49,46,21,7
0.031,0.275,0.006,-1.14,0.131,0,0.2835,0.2345,0.327,0.987,0.207,0.186,0.185,0.102,0.036,0.007,48,11,6,2,0.211,0.219,0.221,0.154,0.083,0.017,49,46,21,7
0.031,0.266,0.250,-0.48,0.134,0,0.2456,0.2003,0.355,0.007,0.207,0.186,0.185,0.102,0.036,0.007,48,11,6,2,0.211,0.219,0.221,0.154,0.083,0.017,49,46,21,7
0.028,0.205,0.013,1.42,0.221,0,0.2189,0.1749,0.190,-0.397,0.207,0.186,0.185,0.102,0.036,0.007,48,11,6,2,0.211,0.219,0.221,0.154,0.083,0.017,49,46,21,7
0.022,0.196,0.043,-0.79,0.151,-1,0.2009,0.1538,0.474,0.736,0.207,0.186,0.185,0.102,0.036,0.007,48,11,6,2,0.211,0.219,0.221,0.154,0.083,0.017,49,46,21,7
0.021,0.162,0.137,0.85,0.046,0,0.2026,0.1460,0.226,0.06,0.207,0.186,0.185,0.102,0.036,0.007,48,11,6,2,0.211,0.219,0.221,0.154,0.083,0.017,49,46,21,7
0.022,0.198,0.008,0.85,0.046,0,0.2047,0.1383,0.171,0.06,0.207,0.186,0.185,0.102,0.036,0.007,48,11,6,2,0.211,0.219,0.221,0.154,0.083,0.017,49,46,21,7
0.029,0.191,0.001,-1.1,0.105,-1,0.2114,0.1327,0.446,0.192,0.207,0.186,0.185,0.102,0.036,0.007,48,11,6,2,0.211,0.219,0.221,0.154,0.083,0.017,49,46,21,7
0.034,0.210,0.001,-1.1,0.105,-1,0.2143,0.1218,0.179,0.192,0.207,0.186,0.185,0.102,0.036,0.007,48,11,6,2,0.211,0.219,0.221,0.154,0.083,0.017,49,46,21,7
0.043,0.243,0.002,3.14,0.186,0,0.2213,0.1166,0.037,-0.486,0.207,0.186,0.185,0.102,0.036,0.007,48,11,6,2,0.211,0.219,0.221,0.154,0.083,0.017,49,46,21,7
0.056,0.270,0.025,0.22,0.230,0,0.2442,0.1269,0.291,0.303,0.207,0.186,0.185,0.102,0.036,0.007,48,11,6,2,0.211,0.219,0.221,0.154,0.083,0.017,49,46,21,7
0.059,0.255,0.001,0.85,0.046,0,0.2598,0.1342,0.174,0.06,0.207,0.186,0.185,0.102,0.036,0.007,48,11,6,2,0.211,0.219,0.221,0.154,0.083,0.017,49,46,21,7
0.050,0.267,0.002,3.14,0.186,0,0.2782,0.1487,0.027,-0.486,0.207,0.186,0.185,0.102,0.036,0.007,48,11,6,2,0.211,0.219,0.221,0.154,0.083,0.017,49,46,21,7
0.057,0.290,0.319,1.37,0.298,0,0.2874,0.1600,0.064,-0.510,0.207,0.186,0.185,0.102,0.036,0.007,48,11,6,2,0.211,0.219,0.221,0.154,0.083,0.017,49,46,21,7
0.052,0.256,0.045,-0.79,0.151,-1,0.2832,0.1590,0.351,0.736,0.207,0.186,0.185,0.102,0.036,0.007,48,11,6,2,0.211,0.219,0.221,0.154,0.083,0.017,49,46,21,7
0.063,0.304,0.005,1.99,0.186,0,0.2717,0.1527,0.093,-0.326,0.207,0.186,0.185,0.102,0.036,0.007,48,11,6,2,0.211,0.219,0.221,0.154,0.083,0.017,49,46,21,7
0.066,0.310,0.002,1.99,0.186,0,0.2526,0.1411,0.041,-0.326,0.207,0.186,0.185,0.102,0.036,0.007,48,11,6,2,0.211,0.219,0.221,0.154,0.083,0.017,49,46,21,7
0.068,0.868,0.313,0.2,0.291,1,0.2238,0.1240,0.312,0.180,0.207,0.186,0.185,0.102,0.036,0.007,48,11,6,2,0.211,0.219,0.221,0.154,0.083,0.017,49,46,21,7
0.058,0.303,0.084,-1.1,0.105,-1,0.2036,0.1099,0.497,0.192,0.207,0.186,0.185,0.102,0.036,0.007,48,11,6,2,0.211,0.219,0.221,0.154,0.083,0.017,49,46,21,7
0.063,0.358,0.141,-0.48,0.134,0,0.1810,0.0937,0.298,0.007,0.207,0.186,0.185,0.102,0.036,0.007,48,11,6,2,0.211,0.219,0.221,0.154,0.083,0.017,49,46,21,7
0.053,0.850,0.205,1.37,0.298,0,0.1532,0.0707,0.193,-0.510,0.207,0.186,0.185,0.102,0.036,0.007,48,11,6,2,0.211,0.219,0.221,0.154,0.083,0.017,49,46,21,7
0.041,0.260,0.004,2.53,0.140,0,0.1433,0.0602,0.242,-0.121,0.207,0.186,0.185,0.102,0.036,0.007,48,11,6,2,0.211,0.219,0.221,0.154,0.083,0.017,49,46,21,7
0.036,0.250,0.046,-0.79,0.151,-1,0.1509,0.0621,0.458,0.736,0.207,0.186,0.185,0.102,0.036,0.007,48,11,6,2,0.211,0.219,0.221,0.154,0.083,0.017,49,46,21,7
0.039,0.243,0.056,-1.1,0.105,-1,0.1707,0.0741,0.368,0.192,0.207,0.186,0.185,0.102,0.036,0.007,48,11,6,2,0.211,0.219,0.221,0.154,0.083,0.017,49,46,21,7
0.035,0.264,0.026,-1.1,0.105,-1,0.1926,0.0881,0.412,0.192,0.207,0.186,0.185,0.102,0.036,0.007,48,11,6,2,0.211,0.219,0.221,0.154,0.083,0.017,49,46,21,7
0.035,0.275,0.106,-1.1,0.105,-1,0.2134,0.1025,0.379,0.192,0.207,0.186,0.185,0.102,0.036,0.007,48,11,6,2,0.211,0.219,0.221,0.154,0.083,0.017,49,46,21,7
0.029,0.322,0.371,-0.52,0.062,0,0.2217,0.1079,0.233,0.341,0.207,0.186,0.185,0.102,0.036,0.007,48,11,6,2,0.211,0.219,0.221,0.154,0.083,0.017,49,46,21,7
0.029,0.333,0.442,1.42,0.221,0,0.2100,0.1024,0.190,-0.397,0.207,0.186,0.185,0.102,0.036,0.007,48,11,6,2,0.211,0.219,0.221,0.154,0.083,0.017,49,46,21,7
0.026,0.881,0.460,1.69,0.290,0,0.1971,0.0957,0.133,-0.697,0.207,0.186,0.185,0.102,0.036,0.007,48,11,6,2,0.211,0.219,0.221,0.154,0.083,0.017,49,46,21,7
0.018,0.876,0.755,0.2,0.291,1,0.1819,0.0882,0.281,0.180,0.207,0.186,0.185,0.102,0.036,0.007,48,11,6,2,0.211,0.219,0.221,0.154,0.083,0.017,49,46,21,7
0.022,0.906,0.503,1.69,0.290,0,0.1654,0.0797,0.138,-0.697,0.207,0.186,0.185,0.102,0.036,0.007,48,11,6,2,0.211,0.219,0.221,0.154,0.083,0.017,49,46,21,7
0.025,0.908,0.536,-0.48,0.134,0,0.1368,0.0656,0.279,0.007,0.207,0.186,0.185,0.102,0.036,0.007,48,11,6,2,0.211,0.219,0.221,0.154,0.083,0.017,49,46,21,7
0.026,0.906,0.469,1.37,0.298,0,0.1229,0.0577,0.124,-0.510,0.207,0.186,0.185,0.102,0.036,0.007,48,11,6,2,0.211,0.219,0.221,0.154,0.083,0.017,49,46,21,7
0.031,0.882,0.526,-0.52,0.062,0,0.1117,0.0515,0.162,0.341,0.207,0.186,0.185,0.102,0.036,0.007,48,11,6,2,0.211,0.219,0.221,0.154,0.083,0.017,49,46,21,7
0.031,0.834,0.321,-0.79,0.151,-1,0.1032,0.0461,0.352,0.736,0.207,0.186,0.185,0.102,0.036,0.007,48,11,6,2,0.211,0.219,0.221,0.154,0.083,0.017,49,46,21,7
0.027,0.337,0.160,-0.79,0.151,-1,0.0933,0.0421,0.304,0.736,0.207,0.186,0.185,0.102,0.036,0.007,48,11,6,2,0.211,0.219,0.221,0.154,0.083,0.017,49,46,21,7
0.025,0.869,0.182,1.69,0.290,0,0.0910,0.0421,0.078,-0.697,0.207,0.186,0.185,0.102,0.036,0.007,48,11,6,2,0.211,0.219,0.221,0.154,0.083,0.017,49,46,21,7
0.023,0.867,0.001,1.99,0.186,0,0.0921,0.0447,0.097,-0.326,0.207,0.186,0.185,0.102,0.036,0.007,48,11,6,2,0.211,0.219,0.221,0.154,0.083,0.017,49,46,21,7
0.021,0.882,0.344,-0.42,0.180,0,0.0905,0.0423,0.294,0.318,0.207,0.186,0.185,0.102,0.036,0.007,48,11,6,2,0.211,0.219,0.221,0.154,0.083,0.017,49,46,21,7
0.024,0.891,0.328,1.76,0.409,0,0.0920,0.0423,0.134,-0.884,0.207,0.186,0.185,0.102,0.036,0.007,48,11,6,2,0.211,0.219,0.221,0.154,0.083,0.017,49,46,21,7
0.016,0.869,0.128,0.85,0.046,0,0.0933,0.0412,0.098,0.06,0.207,0.186,0.185,0.102,0.036,0.007,48,11,6,2,0.211,0.219,0.221,0.154,0.083,0.017,49,46,21,7
0.021,0.870,0.011,1.99,0.186,0,0.0973,0.0439,0.187,-0.326,0.207,0.186,0.185,0.102,0.036,0.007,48,11,6,2,0.211,0.219,0.221,0.154,0.083,0.017,49,46,21,7
0.025,0.382,0.407,2.1,0.128,0,0.0990,0.0439,0.152,0.02,0.207,0.186,0.185,0.102,0.036,0.007,48,11,6,2,0.211,0.219,0.221,0.154,0.083,0.017,49,46,21,7
0.029,0.841,0.361,-1.14,0.131,0,0.0984,0.0414,0.221,0.987,0.207,0.186,0.185,0.102,0.036,0.007,48,11,6,2,0.211,0.219,0.221,0.154,0.083,0.017,49,46,21,7
0.027,0.833,0.424,-1.14,0.131,0,0.0982,0.0372,0.357,0.987,0.207,0.186,0.185,0.102,0.036,0.007,48,11,6,2,0.211,0.219,0.221,0.154,0.083,0.017,49,46,21,7
0.035,0.837,0.410,-0.48,0.134,0,0.0954,0.0333,0.418,0.007,0.207,0.186,0.185,0.102,0.036,0.007,48,11,6,2,0.211,0.219,0.221,0.154,0.083,0.017,49,46,21,7
0.046,0.846,0.512,1.37,0.298,0,0.1004,0.0370,0.215,-0.510,0.207,0.186,0.185,0.102,0.036,0.007,48,11,6,2,0.211,0.219,0.221,0.154,0.083,0.017,49,46,21,7
0.071,0.360,0.567,3.14,0.186,0,0.1233,0.0534,0.141,-0.486,0.207,0.186,0.185,0.102,0.036,0.007,48,11,6,2,0.211,0.219,0.221,0.154,0.083,0.017,49,46,21,7
0.072,0.409,0.379,-1.14,0.131,0,0.1598,0.0786,0.294,0.987,0.207,0.186,0.185,0.102,0.036,0.007,48,11,6,2,0.211,0.219,0.221,0.154,0.083,0.017,49,46,21,7
0.071,0.418,0.466,-1.1,0.105,-1,0.1905,0.1029,0.348,0.192,0.207,0.186,0.185,0.102,0.036,0.007,48,11,6,2,0.211,0.219,0.221,0.154,0.083,0.017,49,46,21,7
0.130,0.875,0.216,1.76,0.409,0,0.2129,0.1200,0.108,-0.884,0.207,0.186,0.185,0.102,0.036,0.007,48,11,6,2,0.211,0.219,0.221,0.154,0.083,0.017,49,46,21,7
0.159,0.880,0.554,0.22,0.230,0,0.2213,0.1296,0.161,0.303,0.207,0.186,0.185,0.102,0.036,0.007,48,11,6,2,0.211,0.219,0.221,0.154,0.083,0.017,49,46,21,7
0.159,0.862,0.088,2.53,0.140,0,0.2226,0.1337,0.168,-0.121,0.207,0.186,0.185,0.102,0.036,0.007,48,11,6,2,0.211,0.219,0.221,0.154,0.083,0.017,49,46,21,7
0.154,0.865,0.250,0.85,0.046,0,0.2048,0.1262,0.121,0.06,0.207,0.186,0.185,0.102,0.036,0.007,48,11,6,2,0.211,0.219,0.221,0.154,0.083,0.017,49,46,21,7
0.161,0.893,0.179,2.53,0.140,0,0.1763,0.1120,0.078,-0.121,0.207,0.186,0.185,0.102,0.036,0.007,48,11,6,2,0.211,0.219,0.221,0.154,0.083,0.017,49,46,21,7
0.140,0.871,0.519,0.2,0.291,1,0.1448,0.0939,0.197,0.180,0.207,0.186,0.185,0.102,0.036,0.007,48,11,6,2,0.211,0.219,0.221,0.154,0.083,0.017,49,46,21,7
0.160,0.858,0.562,0.2,0.291,1,0.1179,0.0764,0.367,0.180,0.207,0.186,0.185,0.102,0.036,0.007,48,11,6,2,0.211,0.219,0.221,0.154,0.083,0.017,49,46,21,7
0.179,0.879,0.729,-1.19,0.219,1,0.0945,0.0595,0.392,0.586,0.207,0.186,0.185,0.102,0.036,0.007,48,11,6,2,0.211,0.219,0.221,0.154,0.083,0.017,49,46,21,7
0.187,0.900,0.502,0.85,0.046,0,0.0787,0.0479,0.165,0.06,0.207,0.186,0.185,0.102,0.036,0.007,48,11,6,2,0.211,0.219,0.221,0.154,0.083,0.017,49,46,21,7
0.195,0.902,0.336,-1.1,0.105,-1,0.0787,0.0511,0.313,0.192,0.207,0.186,0.185,0.102,0.036,0.007,48,11,6,2,0.211,0.219,0.221,0.154,0.083,0.017,49,46,21,7
0.194,0.834,0.395,-1.19,0.219,1,0.0838,0.0609,0.437,0.586,0.207,0.186,0.185,0.102,0.036,0.007,48,11,6,2,0.211,0.219,0.221,0.154,0.083,0.017,49,46,21,7
0.267,0.857,0.551,-1.19,0.219,1,0.0884,0.0701,0.336,0.586,0.207,0.186,0.185,0.102,0.036,0.007,48,11,6,2,0.211,0.219,0.221,0.154,0.083,0.017,49,46,21,7
0.241,0.894,0.094,1.99,0.186,0,0.0999,0.0835,0.042,-0.326,0.207,0.186,0.185,0.102,0.036,0.007,48,11,6,2,0.211,0.219,0.221,0.154,0.083,0.017,49,46,21,7
0.240,0.875,0.011,1.99,0.186,0,0.1105,0.0972,0.080,-0.326,0.207,0.186,0.185,0.102,0.036,0.007,48,11,6,2,0.211,0.219,0.221,0.154,0.083,0.017,49,46,21,7
0.247,0.857,0.039,0.85,0.046,0,0.1166,0.1107,0.203,0.06,0.207,0.186,0.185,0.102,0.036,0.007,48,11,6,2,0.211,0.219,0.221,0.154,0.083,0.017,49,46,21,7
0.256,0.892,0.175,1.69,0.290,0,0.1252,0.1265,0.099,-0.697,0.207,0.186,0.185,0.102,0.036,0.007,48,11,6,2,0.211,0.219,0.221,0.154,0.083,0.017,49,46,21,7
0.252,0.875,0.027,3.14,0.186,0,0.1323,0.1380,0.047,-0.486,0.207,0.186,0.185,0.102,0.036,0.007,48,11,6,2,0.211,0.219,0.221,0.154,0.083,0.017,49,46,21,7
0.234,0.840,0.147,0.85,0.046,0,0.1398,0.1486,0.160,0.06,0.207,0.186,0.185,0.102,0.036,0.007,48,11,6,2,0.211,0.219,0.221,0.154,0.083,0.017,49,46,21,7
0.185,0.962,0.280,0,0.000,0,0.1337,0.1475,0.329,0.166,0.207,0.186,0.185,0.102,0.036,0.007,48,11,6,2,0.211,0.219,0.221,0.154,0.083,0.017,49,46,21,7
0.224,0.954,0.306,2.53,0.140,0,0.1204,0.1389,0.066,-0.121,0.207,0.186,0.185,0.102,0.036,0.007,48,11,6,2,0.211,0.219,0.221,0.154,0.083,0.017,49,46,21,7
0.209,0.922,0.398,-1.14,0.131,0,0.1051,0.1273,0.211,0.987,0.207,0.186,0.185,0.102,0.036,0.007,48,11,6,2,0.211,0.219,0.221,0.154,0.083,0.017,49,46,21,7
0.179,0.967,0.136,2.53,0.140,0,0.0979,0.1227,0.085,-0.121,0.207,0.186,0.185,0.102,0.036,0.007,48,11,6,2,0.211,0.219,0.221,0.154,0.083,0.017,49,46,21,7
0.179,0.972,0.535,-0.08,0.108,0,0.0934,0.1215,0.171,0.059,0.207,0.186,0.185,0.102,0.036,0.007,48,11,6,2,0.211,0.219,0.221,0.154,0.083,0.017,49,46,21,7
0.180,0.880,0.070,1.99,0.186,0,0.1075,0.1363,0.089,-0.326,0.207,0.186,0.185,0.102,0.036,0.007,48,11,6,2,0.211,0.219,0.221,0.154,0.083,0.017,49,46,21,7
0.219,0.889,0.755,0.2,0.291,1,0.1310,0.1594,0.301,0.180,0.207,0.186,0.185,0.102,0.036,0.007,48,11,6,2,0.211,0.219,0.221,0.154,0.083,0.017,49,46,21,7
0.219,0.881,0.277,1.42,0.221,0,0.1690,0.1925,0.203,-0.397,0.207,0.186,0.185,0.102,0.036,0.007,48,11,6,2,0.211,0.219,0.221,0.154,0.083,0.017,49,46,21,7
0.252,0.909,0.724,0,0.000,0,0.2131,0.2298,0.295,0.166,0.207,0.186,0.185,0.102,0.036,0.007,48,11,6,2,0.211,0.219,0.221,0.154,0.083,0.017,49,46,21,7
0.215,0.900,0.573,-0.08,0.108,0,0.2690,0.2763,0.219,0.059,0.207,0.186,0.185,0.102,0.036,0.007,48,11,6,2,0.211,0.219,0.221,0.154,0.083,0.017,49,46,21,7
0.258,0.874,0.509,-1.14,0.131,0,0.3172,0.3175,0.299,0.987,0.207,0.186,0.185,0.102,0.036,0.007,48,11,6,2,0.211,0.219,0.221,0.154,0.083,0.017,49,46,21,7
0.258,0.845,0.611,-1.19,0.219,1,0.3639,0.3544,0.437,0.586,0.207,0.186,0.185,0.102,0.036,0.007,48,11,6,2,0.211,0.219,0.221,0.154,0.083,0.017,49,46,21,7
0.216,0.888,0.648,1.37,0.298,0,0.4090,0.3863,0.184,-0.510,0.207,0.186,0.185,0.102,0.036,0.007,48,11,6,2,0.211,0.219,0.221,0.154,0.083,0.017,49,46,21,7
0.229,0.838,0.147,1.42,0.221,0,0.4486,0.4143,0.160,-0.397,0.207,0.186,0.185,0.102,0.036,0.007,48,11,6,2,0.211,0.219,0.221,0.154,0.083,0.017,49,46,21,7
0.191,0.866,0.428,-1.19,0.219,1,0.4806,0.4363,0.390,0.586,0.207,0.186,0.185,0.102,0.036,0.007,48,11,6,2,0.211,0.219,0.221,0.154,0.083,0.017,49,46,21,7
0.165,0.865,0.029,2.53,0.140,0,0.4968,0.4466,0.142,-0.121,0.207,0.186,0.185,0.102,0.036,0.007,48,11,6,2,0.211,0.219,0.221,0.154,0.083,0.017,49,46,21,7
0.167,0.862,0.199,-1.19,0.219,1,0.4895,0.4400,0.312,0.586,0.207,0.186,0.185,0.102,0.036,0.007,48,11,6,2,0.211,0.219,0.221,0.154,0.083,0.017,49,46,21,7
0.162,0.849,0.004,0.85,0.046,0,0.4899,0.4384,0.219,0.06,0.207,0.186,0.185,0.102,0.036,0.007,48,11,6,2,0.211,0.219,0.221,0.154,0.083,0.017,49,46,21,7
0.190,0.894,0.002,-0.42,0.180,0,0.4947,0.4403,0.388,0.318,0.207,0.186,0.185,0.102,0.036,0.007,48,11,6,2,0.211,0.219,0.221,0.154,0.083,0.017,49,46,21,7
0.168,0.897,0.003,-0.79,0.151,-1,0.4923,0.4374,0.450,0.736,0.207,0.186,0.185,0.102,0.036,0.007,48,11,6,2,0.211,0.219,0.221,0.154,0.083,0.017,49,46,21,7
0.170,0.890,0.048,-1.19,0.219,1,0.4952,0.4355,0.465,0.586,0.207,0.186,0.185,0.102,0.036,0.007,48,11,6,2,0.211,0.219,0.221,0.154,0.083,0.017,49,46,21,7
0.146,0.882,0.002,0,0.000,0,0.4997,0.4346,0.491,0.166,0.207,0.186,0.185,0.102,0.036,0.007,48,11,6,2,0.211,0.219,0.221,0.154,0.083,0.017,49,46,21,7
0.113,0.845,0.002,-0.79,0.151,-1,0.5078,0.4335,0.510,0.736,0.207,0.186,0.185,0.102,0.036,0.007,48,11,6,2,0.211,0.219,0.221,0.154,0.083,0.017,49,46,21,7
0.131,0.837,0.002,0,0.000,0,0.5272,0.4398,0.439,0.166,0.207,0.186,0.185,0.102,0.036,0.007,48,11,6,2,0.211,0.219,0.221,0.154,0.083,0.017,49,46,21,7
0.135,0.303,0.002,-0.79,0.151,-1,0.5447,0.4466,0.472,0.736,0.207,0.186,0.185,0.102,0.036,0.007,48,11,6,2,0.211,0.219,0.221,0.154,0.083,0.017,49,46,21,7
0.106,0.294,0.001,-0.79,0.151,-1,0.5619,0.4548,0.456,0.736,0.207,0.186,0.185,0.102,0.036,0.007,48,11,6,2,0.211,0.219,0.221,0.154,0.083,0.017,49,46,21,7
0.109,0.297,0.002,0.85,0.046,0,0.5587,0.4493,0.235,0.06,0.207,0.186,0.185,0.102,0.036,0.007,48,11,6,2,0.211,0.219,0.221,0.154,0.083,0.017,49,46,21,7
0.071,0.309,0.001,0.85,0.046,0,0.5368,0.4316,0.326,0.06,0.207,0.186,0.185,0.102,0.036,0.007,48,11,6,2,0.211,0.219,0.221,0.154,0.083,0.017,49,46,21,7
0.069,0.364,0.002,-1.19,0.219,1,0.4816,0.3905,0.476,0.586,0.207,0.186,0.185,0.102,0.036,0.007,48,11,6,2,0.211,0.219,0.221,0.154,0.083,0.017,49,46,21,7
0.060,0.854,0.021,1.37,0.298,0,0.4188,0.3440,0.222,-0.510,0.207,0.186,0.185,0.102,0.036,0.007,48,11,6,2,0.211,0.219,0.221,0.154,0.083,0.017,49,46,21,7
0.060,0.297,0.001,-1.1,0.105,-1,0.3476,0.2909,0.394,0.192,0.207,0.186,0.185,0.102,0.036,0.007,48,11,6,2,0.211,0.219,0.221,0.154,0.083,0.017,49,46,21,7
0.048,0.329,0.001,-0.79,0.151,-1,0.2845,0.2458,0.370,0.736,0.207,0.186,0.185,0.102,0.036,0.007,48,11,6,2,0.211,0.219,0.221,0.154,0.083,0.017,49,46,21,7
0.048,0.858,0.002,-1.14,0.131,0,0.2278,0.2044,0.317,0.987,0.207,0.186,0.185,0.102,0.036,0.007,48,11,6,2,0.211,0.219,0.221,0.154,0.083,0.017,49,46,21,7
0.060,0.870,0.099,0.2,0.291,1,0.1740,0.1641,0.321,0.180,0.207,0.186,0.185,0.102,0.036,0.007,48,11,6,2,0.211,0.219,0.221,0.154,0.083,0.017,49,46,21,7
0.063,0.834,0.074,0.22,0.230,0,0.1287,0.1299,0.192,0.303,0.207,0.186,0.185,0.102,0.036,0.007,48,11,6,2,0.211,0.219,0.221,0.154,0.083,0.017,49,46,21,7
0.098,0.304,0.043,3.14,0.186,0,0.1112,0.1147,0.086,-0.486,0.207,0.186,0.185,0.102,0.036,0.007,48,11,6,2,0.211,0.219,0.221,0.154,0.083,0.017,49,46,21,7
0.117,0.308,0.011,2.1,0.128,0,0.1111,0.1114,0.072,0.02,0.207,0.186,0.185,0.102,0.036,0.007,48,11,6,2,0.211,0.219,0.221,0.154,0.083,0.017,49,46,21,7
0.115,0.393,0.360,-0.79,0.151,-1,0.1216,0.1175,0.205,0.736,0.207,0.186,0.185,0.102,0.036,0.007,48,11,6,2,0.211,0.219,0.221,0.154,0.083,0.017,49,46,21,7
0.119,0.420,0.407,3.14,0.186,0,0.1402,0.1290,0.060,-0.486,0.207,0.186,0.185,0.102,0.036,0.007,48,11,6,2,0.211,0.219,0.221,0.154,0.083,0.017,49,46,21,7
0.078,0.844,0.498,-0.48,0.134,0,0.1483,0.1338,0.107,0.007,0.207,0.186,0.185,0.102,0.036,0.007,48,11,6,2,0.211,0.219,0.221,0.154,0.083,0.017,49,46,21,7
0.109,0.897,0.178,1.69,0.290,0,0.1540,0.1342,0.062,-0.697,0.207,0.186,0.185,0.102,0.036,0.007,48,11,6,2,0.211,0.219,0.221,0.154,0.083,0.017,49,46,21,7
0.118,0.498,0.368,1.99,0.186,0,0.1457,0.1228,0.123,-0.326,0.207,0.186,0.185,0.102,0.036,0.007,48,11,6,2,0.211,0.219,0.221,0.154,0.083,0.017,49,46,21,7
0.143,0.691,0.225,2.1,0.128,0,0.1354,0.1105,0.086,0.02,0.207,0.186,0.185,0.102,0.036,0.007,48,11,6,2,0.211,0.219,0.221,0.154,0.083,0.017,49,46,21,7
0.151,0.527,0.108,2.53,0.140,0,0.1225,0.0978,0.080,-0.121,0.207,0.186,0.185,0.102,0.036,0.007,48,11,6,2,0.211,0.219,0.221,0.154,0.083,0.017,49,46,21,7
0.139,0.889,0.410,0.22,0.230,0,0.1032,0.0837,0.144,0.303,0.207,0.186,0.185,0.102,0.036,0.007,48,11,6,2,0.211,0.219,0.221,0.154,0.083,0.017,49,46,21,7
0.126,0.845,0.613,-1.19,0.219,1,0.0775,0.0638,0.367,0.586,0.207,0.186,0.185,0.102,0.036,0.007,48,11,6,2,0.211,0.219,0.221,0.154,0.083,0.017,49,46,21,7
0.129,0.853,0.544,-0.42,0.180,0,0.0559,0.0457,0.309,0.318,0.207,0.186,0.185,0.102,0.036,0.007,48,11,6,2,0.211,0.219,0.221,0.154,0.083,0.017,49,46,21,7
0.122,0.899,0.479,1.99,0.186,0,0.0509,0.0391,0.117,-0.326,0.207,0.186,0.185,0.102,0.036,0.007,48,11,6,2,0.211,0.219,0.221,0.154,0.083,0.017,49,46,21,7
0.183,0.867,0.797,0.2,0.291,1,0.0636,0.0440,0.329,0.180,0.207,0.186,0.185,0.102,0.036,0.007,48,11,6,2,0.211,0.219,0.221,0.154,0.083,0.017,49,46,21,7
0.155,0.915,0.563,-0.79,0.151,-1,0.1016,0.0663,0.446,0.736,0.207,0.186,0.185,0.102,0.036,0.007,48,11,6,2,0.211,0.219,0.221,0.154,0.083,0.017,49,46,21,7
0.182,0.921,0.723,-1.19,0.219,1,0.1346,0.0825,0.429,0.586,0.207,0.186,0.185,0.102,0.036,0.007,48,11,6,2,0.211,0.219,0.221,0.154,0.083,0.017,49,46,21,7
0.207,0.914,0.777,0.2,0.291,1,0.1672,0.0981,0.404,0.180,0.207,0.186,0.185,0.102,0.036,0.007,48,11,6,2,0.211,0.219,0.221,0.154,0.083,0.017,49,46,21,7
0.215,0.910,0.627,1.99,0.186,0,0.2159,0.1243,0.160,-0.326,0.207,0.186,0.185,0.102,0.036,0.007,48,11,6,2,0.211,0.219,0.221,0.154,0.083,0.017,49,46,21,7
0.217,0.900,0.547,0.85,0.046,0,0.2661,0.1534,0.146,0.06,0.207,0.186,0.185,0.102,0.036,0.007,48,11,6,2,0.211,0.219,0.221,0.154,0.083,0.017,49,46,21,7
0.217,0.841,0.585,-1.14,0.131,0,0.3083,0.1764,0.286,0.987,0.207,0.186,0.185,0.102,0.036,0.007,48,11,6,2,0.211,0.219,0.221,0.154,0.083,0.017,49,46,21,7
0.175,0.870,0.434,3.14,0.186,0,0.3367,0.1917,0.158,-0.486,0.207,0.186,0.185,0.102,0.036,0.007,48,11,6,2,0.211,0.219,0.221,0.154,0.083,0.017,49,46,21,7
0.148,0.869,0.180,1.99,0.186,0,0.3517,0.1988,0.107,-0.326,0.207,0.186,0.185,0.102,0.036,0.007,48,11,6,2,0.211,0.219,0.221,0.154,0.083,0.017,49,46,21,7
0.145,0.884,0.358,3.14,0.186,0,0.3544,0.1995,0.067,-0.486,0.207,0.186,0.185,0.102,0.036,0.007,48,11,6,2,0.211,0.219,0.221,0.154,0.083,0.017,49,46,21,7
0.124,0.842,0.550,-1.19,0.219,1,0.3441,0.1925,0.402,0.586,0.207,0.186,0.185,0.102,0.036,0.007,48,11,6,2,0.211,0.219,0.221,0.154,0.083,0.017,49,46,21,7
0.119,0.836,0.321,-0.79,0.151,-1,0.3122,0.1714,0.243,0.736,0.207,0.186,0.185,0.102,0.036,0.007,48,11,6,2,0.211,0.219,0.221,0.154,0.083,0.017,49,46,21,7
0.101,0.935,0.005,0.85,0.046,0,0.2741,0.1450,0.088,0.06,0.207,0.186,0.185,0.102,0.036,0.007,48,11,6,2,0.211,0.219,0.221,0.154,0.083,0.017,49,46,21,7
0.079,0.934,0.530,-0.08,0.108,0,0.2409,0.1240,0.184,0.059,0.207,0.186,0.185,0.102,0.036,0.007,48,11,6,2,0.211,0.219,0.221,0.154,0.083,0.017,49,46,21,7
0.076,0.874,0.684,0.2,0.291,1,0.2243,0.1165,0.404,0.180,0.207,0.186,0.185,0.102,0.036,0.007,48,11,6,2,0.211,0.219,0.221,0.154,0.083,0.017,49,46,21,7
0.076,0.881,0.624,0.2,0.291,1,0.2099,0.1085,0.326,0.180,0.207,0.186,0.185,0.102,0.036,0.007,48,11,6,2,0.211,0.219,0.221,0.154,0.083,0.017,49,46,21,7
0.067,0.920,0.072,2.53,0.140,0,0.2037,0.1064,0.151,-0.121,0.207,0.186,0.185,0.102,0.036,0.007,48,11,6,2,0.211,0.219,0.221,0.154,0.083,0.017,49,46,21,7
0.067,0.885,0.624,-0.48,0.134,0,0.1992,0.1059,0.347,0.007,0.207,0.186,0.185,0.102,0.036,0.007,48,11,6,2,0.211,0.219,0.221,0.154,0.083,0.017,49,46,21,7
0.069,0.899,0.718,0.2,0.291,1,0.2085,0.1144,0.355,0.180,0.207,0.186,0.185,0.102,0.036,0.007,48,11,6,2,0.211,0.219,0.221,0.154,0.083,0.017,49,46,21,7
0.071,0.908,0.519,-0.08,0.108,0,0.2245,0.1275,0.365,0.059,0.207,0.186,0.185,0.102,0.036,0.007,48,11,6,2,0.211,0.219,0.221,0.154,0.083,0.017,49,46,21,7
0.073,0.938,0.437,-0.48,0.134,0,0.2268,0.1286,0.250,0.007,0.207,0.186,0.185,0.102,0.036,0.007,48,11,6,2,0.211,0.219,0.221,0.154,0.083,0.017,49,46,21,7
0.058,0.938,0.546,2.53,0.140,0,0.2206,0.1245,0.078,-0.121,0.207,0.186,0.185,0.102,0.036,0.007,48,11,6,2,0.211,0.219,0.221,0.154,0.083,0.017,49,46,21,7
0.071,0.952,0.455,1.76,0.409,0,0.2125,0.1192,0.121,-0.884,0.207,0.186,0.185,0.102,0.036,0.007,48,11,6,2,0.211,0.219,0.221,0.154,0.083,0.017,49,46,21,7
0.068,0.873,0.597,-0.42,0.180,0,0.2014,0.1137,0.208,0.318,0.207,0.186,0.185,0.102,0.036,0.007,48,11,6,2,0.211,0.219,0.221,0.154,0.083,0.017,49,46,21,7
0.068,0.883,0.435,0.85,0.046,0,0.1936,0.1113,0.058,0.06,0.207,0.186,0.185,0.102,0.036,0.007,48,11,6,2,0.211,0.219,0.221,0.154,0.083,0.017,49,46,21,7
0.062,0.890,0.048,2.53,0.140,0,0.1744,0.1014,0.066,-0.121,0.207,0.186,0.185,0.102,0.036,0.007,48,11,6,2,0.211,0.219,0.221,0.154,0.083,0.017,49,46,21,7
0.053,0.897,0.502,1.37,0.298,0,0.1578,0.0930,0.132,-0.510,0.207,0.186,0.185,0.102,0.036,0.007,48,11,6,2,0.211,0.219,0.221,0.154,0.083,0.017,49,46,21,7
0.053,0.891,0.453,-0.08,0.108,0,0.1471,0.0891,0.198,0.059,0.207,0.186,0.185,0.102,0.036,0.007,48,11,6,2,0.211,0.219,0.221,0.154,0.083,0.017,49,46,21,7
0.067,0.906,0.240,0.85,0.046,0,0.1463,0.0932,0.118,0.06,0.207,0.186,0.185,0.102,0.036,0.007,48,11,6,2,0.211,0.219,0.221,0.154,0.083,0.017,49,46,21,7
0.065,0.863,0.225,0,0.000,0,0.1367,0.0918,0.173,0.166,0.207,0.186,0.185,0.102,0.036,0.007,48,11,6,2,0.211,0.219,0.221,0.154,0.083,0.017,49,46,21,7
0.067,0.330,0.287,2.53,0.140,0,0.1191,0.0842,0.110,-0.121,0.207,0.186,0.185,0.102,0.036,0.007,48,11,6,2,0.211,0.219,0.221,0.154,0.083,0.017,49,46,21,7
0.070,0.312,0.127,1.99,0.186,0,0.1018,0.0764,0.159,-0.326,0.207,0.186,0.185,0.102,0.036,0.007,48,11,6,2,0.211,0.219,0.221,0.154,0.083,0.017,49,46,21,7
0.057,0.341,0.171,1.99,0.186,0,0.0987,0.0768,0.087,-0.326,0.207,0.186,0.185,0.102,0.036,0.007,48,11,6,2,0.211,0.219,0.221,0.154,0.083,0.017,49,46,21,7
0.091,0.346,0.208,-1.14,0.131,0,0.1050,0.0825,0.169,0.987,0.207,0.186,0.185,0.102,0.036,0.007,48,11,6,2,0.211,0.219,0.221,0.154,0.083,0.017,49,46,21,7
0.097,0.857,0.476,-0.08,0.108,0,0.1244,0.0986,0.185,0.059,0.207,0.186,0.185,0.102,0.036,0.007,48,11,6,2,0.211,0.219,0.221,0.154,0.083,0.017,49,46,21,7
0.102,0.862,0.684,-1.14,0.131,0,0.1343,0.1045,0.306,0.987,0.207,0.186,0.185,0.102,0.036,0.007,48,11,6,2,0.211,0.219,0.221,0.154,0.083,0.017,49,46,21,7
0.102,0.894,0.515,1.37,0.298,0,0.1624,0.1263,0.268,-0.510,0.207,0.186,0.185,0.102,0.036,0.007,48,11,6,2,0.211,0.219,0.221,0.154,0.083,0.017,49,46,21,7
0.096,0.396,0.502,0.85,0.046,0,0.1901,0.1483,0.267,0.06,0.207,0.186,0.185,0.102,0.036,0.007,48,11,6,2,0.211,0.219,0.221,0.154,0.083,0.017,49,46,21,7
0.097,0.908,0.724,-0.52,0.062,0,0.2314,0.1815,0.300,0.341,0.207,0.186,0.185,0.102,0.036,0.007,48,11,6,2,0.211,0.219,0.221,0.154,0.083,0.017,49,46,21,7
0.078,0.890,0.670,0,0.000,0,0.2652,0.2096,0.245,0.166,0.207,0.186,0.185,0.102,0.036,0.007,48,11,6,2,0.211,0.219,0.221,0.154,0.083,0.017,49,46,21,7
0.095,0.855,0.739,-0.42,0.180,0,0.2768,0.2209,0.302,0.318,0.207,0.186,0.185,0.102,0.036,0.007,48,11,6,2,0.211,0.219,0.221,0.154,0.083,0.017,49,46,21,7
0.095,0.891,0.730,1.37,0.298,0,0.2854,0.2322,0.187,-0.510,0.207,0.186,0.185,0.102,0.036,0.007,48,11,6,2,0.211,0.219,0.221,0.154,0.083,0.017,49,46,21,7
0.095,0.956,0.434,1.69,0.290,0,0.2863,0.2377,0.105,-0.697,0.207,0.186,0.185,0.102,0.036,0.007,48,11,6,2,0.211,0.219,0.221,0.154,0.083,0.017,49,46,21,7
0.078,0.943,0.651,0.22,0.230,0,0.2796,0.2386,0.213,0.303,0.207,0.186,0.185,0.102,0.036,0.007,48,11,6,2,0.211,0.219,0.221,0.154,0.083,0.017,49,46,21,7
0.079,0.933,0.625,0.2,0.291,1,0.2608,0.2275,0.365,0.180,0.207,0.186,0.185,0.102,0.036,0.007,48,11,6,2,0.211,0.219,0.221,0.154,0.083,0.017,49,46,21,7
0.087,0.952,0.570,-0.52,0.062,0,0.2333,0.2094,0.295,0.341,0.207,0.186,0.185,0.102,0.036,0.007,48,11,6,2,0.211,0.219,0.221,0.154,0.083,0.017,49,46,21,7
0.074,0.930,0.097,1.99,0.186,0,0.2110,0.1936,0.214,-0.326,0.207,0.186,0.185,0.102,0.036,0.007,48,11,6,2,0.211,0.219,0.221,0.154,0.083,0.017,49,46,21,7
0.088,0.863,0.395,-0.48,0.134,0,0.1854,0.1757,0.348,0.007,0.207,0.186,0.185,0.102,0.036,0.007,48,11,6,2,0.211,0.219,0.221,0.154,0.083,0.017,49,46,21,7
0.090,0.873,0.060,-1.14,0.131,0,0.1801,0.1756,0.336,0.987,0.207,0.186,0.185,0.102,0.036,0.007,48,11,6,2,0.211,0.219,0.221,0.154,0.083,0.017,49,46,21,7
0.083,0.844,0.181,-0.79,0.151,-1,0.1771,0.1749,0.545,0.736,0.207,0.186,0.185,0.102,0.036,0.007,48,11,6,2,0.211,0.219,0.221,0.154,0.083,0.017,49,46,21,7
0.078,0.864,0.506,-1.19,0.219,1,0.1801,0.1790,0.299,0.586,0.207,0.186,0.185,0.102,0.036,0.007,48,11,6,2,0.211,0.219,0.221,0.154,0.083,0.017,49,46,21,7
0.081,0.851,0.075,1.99,0.186,0,0.1894,0.1895,0.075,-0.326,0.207,0.186,0.185,0.102,0.036,0.007,48,11,6,2,0.211,0.219,0.221,0.154,0.083,0.017,49,46,21,7
0.088,0.389,0.394,2.53,0.140,0,0.2075,0.2088,0.130,-0.121,0.207,0.186,0.185,0.102,0.036,0.007,48,11,6,2,0.211,0.219,0.221,0.154,0.083,0.017,49,46,21,7
0.095,0.858,0.450,-0.79,0.151,-1,0.2175,0.2224,0.304,0.736,0.207,0.186,0.185,0.102,0.036,0.007,48,11,6,2,0.211,0.219,0.221,0.154,0.083,0.017,49,46,21,7
0.086,0.895,0.350,3.14,0.186,0,0.2251,0.2385,0.059,-0.486,0.207,0.186,0.185,0.102,0.036,0.007,48,11,6,2,0.211,0.219,0.221,0.154,0.083,0.017,49,46,21,7
0.103,0.891,0.601,0.2,0.291,1,0.2222,0.2444,0.224,0.180,0.207,0.186,0.185,0.102,0.036,0.007,48,11,6,2,0.211,0.219,0.221,0.154,0.083,0.017,49,46,21,7
0.080,0.887,0.521,1.69,0.290,0,0.2304,0.2609,0.129,-0.697,0.207,0.186,0.185,0.102,0.036,0.007,48,11,6,2,0.211,0.219,0.221,0.154,0.083,0.017,49,46,21,7
0.078,0.870,0.397,-0.52,0.062,0,0.2251,0.2633,0.360,0.341,0.207,0.186,0.185,0.102,0.036,0.007,48,11,6,2,0.211,0.219,0.221,0.154,0.083,0.017,49,46,21,7
0.078,0.917,0.542,0,0.000,0,0.2063,0.2547,0.323,0.166,0.207,0.186,0.185,0.102,0.036,0.007,48,11,6,2,0.211,0.219,0.221,0.154,0.083,0.017,49,46,21,7
0.078,0.852,0.378,3.14,0.186,0,0.1893,0.2497,0.169,-0.486,0.207,0.186,0.185,0.102,0.036,0.007,48,11,6,2,0.211,0.219,0.221,0.154,0.083,0.017,49,46,21,7
0.100,0.423,0.315,-1.14,0.131,0,0.1690,0.2427,0.293,0.987,0.207,0.186,0.185,0.102,0.036,0.007,48,11,6,2,0.211,0.219,0.221,0.154,0.083,0.017,49,46,21,7
0.081,0.402,0.280,0.85,0.046,0,0.1749,0.2595,0.419,0.06,0.207,0.186,0.185,0.102,0.036,0.007,48,11,6,2,0.211,0.219,0.221,0.154,0.083,0.017,49,46,21,7
0.085,0.461,0.456,-0.42,0.180,0,0.1780,0.2718,0.294,0.318,0.207,0.186,0.185,0.102,0.036,0.007,48,11,6,2,0.211,0.219,0.221,0.154,0.083,0.017,49,46,21,7
0.084,0.455,0.496,1.37,0.298,0,0.1849,0.2881,0.150,-0.510,0.207,0.186,0.185,0.102,0.036,0.007,48,11,6,2,0.211,0.219,0.221,0.154,0.083,0.017,49,46,21,7
0.129,0.419,0.694,-0.42,0.180,0,0.1950,0.3060,0.383,0.318,0.207,0.186,0.185,0.102,0.036,0.007,48,11,6,2,0.211,0.219,0.221,0.154,0.083,0.017,49,46,21,7
0.137,0.428,0.545,-1.19,0.219,1,0.2071,0.3264,0.413,0.586,0.207,0.186,0.185,0.102,0.036,0.007,48,11,6,2,0.211,0.219,0.221,0.154,0.083,0.017,49,46,21,7
0.112,0.855,0.463,1.69,0.290,0,0.2263,0.3519,0.109,-0.697,0.207,0.186,0.185,0.102,0.036,0.007,48,11,6,2,0.211,0.219,0.221,0.154,0.083,0.017,49,46,21,7
0.121,0.513,0.396,-0.42,0.180,0,0.2399,0.3694,0.413,0.318,0.207,0.186,0.185,0.102,0.036,0.007,48,11,6,2,0.211,0.219,0.221,0.154,0.083,0.017,49,46,21,7
0.111,0.880,0.313,-0.48,0.134,0,0.2565,0.3874,0.297,0.007,0.207,0.186,0.185,0.102,0.036,0.007,48,11,6,2,0.211,0.219,0.221,0.154,0.083,0.017,49,46,21,7
0.109,0.852,0.071,-1.14,0.131,0,0.2554,0.3907,0.158,0.987,0.207,0.186,0.185,0.102,0.036,0.007,48,11,6,2,0.211,0.219,0.221,0.154,0.083,0.017,49,46,21,7
0.106,0.388,0.206,1.42,0.221,0,0.2614,0.3978,0.183,-0.397,0.207,0.186,0.185,0.102,0.036,0.007,48,11,6,2,0.211,0.219,0.221,0.154,0.083,0.017,49,46,21,7
0.117,0.335,0.104,0.85,0.046,0,0.2760,0.4115,0.263,0.06,0.207,0.186,0.185,0.102,0.036,0.007,48,11,6,2,0.211,0.219,0.221,0.154,0.083,0.017,49,46,21,7
0.117,0.350,0.262,1.42,0.221,0,0.2929,0.4282,0.173,-0.397,0.207,0.186,0.185,0.102,0.036,0.007,48,11,6,2,0.211,0.219,0.221,0.154,0.083,0.017,49,46,21,7
0.116,0.326,0.234,1.99,0.186,0,0.3167,0.4504,0.090,-0.326,0.207,0.186,0.185,0.102,0.036,0.007,48,11,6,2,0.211,0.219,0.221,0.154,0.083,0.017,49,46,21,7
0.160,0.425,0.381,-1.19,0.219,1,0.3482,0.4791,0.354,0.586,0.207,0.186,0.185,0.102,0.036,0.007,48,11,6,2,0.211,0.219,0.221,0.154,0.083,0.017,49,46,21,7
0.140,0.469,0.398,0.2,0.291,1,0.3721,0.4977,0.386,0.180,0.207,0.186,0.185,0.102,0.036,0.007,48,11,6,2,0.211,0.219,0.221,0.154,0.083,0.017,49,46,21,7
0.119,0.875,0.186,-0.48,0.134,0,0.3827,0.5058,0.291,0.007,0.207,0.186,0.185,0.102,0.036,0.007,48,11,6,2,0.211,0.219,0.221,0.154,0.083,0.017,49,46,21,7
0.147,0.901,0.279,1.37,0.298,0,0.3789,0.5019,0.208,-0.510,0.207,0.186,0.185,0.102,0.036,0.007,48,11,6,2,0.211,0.219,0.221,0.154,0.083,0.017,49,46,21,7
0.151,0.438,0.158,-0.42,0.180,0,0.3755,0.4980,0.456,0.318,0.207,0.186,0.185,0.102,0.036,0.007,48,11,6,2,0.211,0.219,0.221,0.154,0.083,0.017,49,46,21,7
0.183,0.378,0.074,1.99,0.186,0,0.3913,0.5086,0.162,-0.326,0.207,0.186,0.185,0.102,0.036,0.007,48,11,6,2,0.211,0.219,0.221,0.154,0.083,0.017,49,46,21,7
0.158,0.339,0.053,-1.14,0.131,0,0.3880,0.5033,0.370,0.987,0.207,0.186,0.185,0.102,0.036,0.007,48,11,6,2,0.211,0.219,0.221,0.154,0.083,0.017,49,46,21,7
0.158,0.365,0.381,-0.52,0.062,0,0.3999,0.5077,0.462,0.341,0.207,0.186,0.185,0.102,0.036,0.007,48,11,6,2,0.211,0.219,0.221,0.154,0.083,0.017,49,46,21,7
0.192,0.314,0.176,0.85,0.046,0,0.4129,0.5133,0.293,0.06,0.207,0.186,0.185,0.102,0.036,0.007,48,11,6,2,0.211,0.219,0.221,0.154,0.083,0.017,49,46,21,7
0.177,0.363,0.194,-1.14,0.131,0,0.4307,0.5255,0.397,0.987,0.207,0.186,0.185,0.102,0.036,0.007,48,11,6,2,0.211,0.219,0.221,0.154,0.083,0.017,49,46,21,7
0.186,0.505,0.439,-1.19,0.219,1,0.4557,0.5419,0.525,0.586,0.207,0.186,0.185,0.102,0.036,0.007,48,11,6,2,0.211,0.219,0.221,0.154,0.083,0.017,49,46,21,7
0.146,0.923,0.598,-0.48,0.134,0,0.4887,0.5628,0.397,0.007,0.207,0.186,0.185,0.102,0.036,0.007,48,11,6,2,0.211,0.219,0.221,0.154,0.083,0.017,49,46,21,7
0.141,0.453,0.540,-0.52,0.062,0,0.5319,0.5912,0.411,0.341,0.207,0.186,0.185,0.102,0.036,0.007,48,11,6,2,0.211,0.219,0.221,0.154,0.083,0.017,49,46,21,7
0.159,0.851,0.643,0,0.000,0,0.5470,0.6011,0.333,0.166,0.207,0.186,0.185,0.102,0.036,0.007,48,11,6,2,0.211,0.219,0.221,0.154,0.083,0.017,49,46,21,7
0.171,0.378,0.382,1.99,0.186,0,0.5554,0.6064,0.169,-0.326,0.207,0.186,0.185,0.102,0.036,0.007,48,11,6,2,0.211,0.219,0.221,0.154,0.083,0.017,49,46,21,7
0.177,0.575,0.769,0.2,0.291,1,0.5560,0.6053,0.430,0.180,0.207,0.186,0.185,0.102,0.036,0.007,48,11,6,2,0.211,0.219,0.221,0.154,0.083,0.017,49,46,21,7
0.184,0.837,0.202,-0.79,0.151,-1,0.5454,0.5968,0.495,0.736,0.207,0.186,0.185,0.102,0.036,0.007,48,11,6,2,0.211,0.219,0.221,0.154,0.083,0.017,49,46,21,7
0.198,0.894,0.261,1.42,0.221,0,0.5111,0.5692,0.184,-0.397,0.207,0.186,0.185,0.102,0.036,0.007,48,11,6,2,0.211,0.219,0.221,0.154,0.083,0.017,49,46,21,7
0.185,0.877,0.402,-1.19,0.219,1,0.4744,0.5400,0.456,0.586,0.207,0.186,0.185,0.102,0.036,0.007,48,11,6,2,0.211,0.219,0.221,0.154,0.083,0.017,49,46,21,7
0.184,0.416,0.222,-1.14,0.131,0,0.4311,0.5032,0.427,0.987,0.207,0.186,0.185,0.102,0.036,0.007,48,11,6,2,0.211,0.219,0.221,0.154,0.083,0.017,49,46,21,7
0.199,0.832,0.369,-0.52,0.062,0,0.3760,0.4585,0.508,0.341,0.207,0.186,0.185,0.102,0.036,0.007,48,11,6,2,0.211,0.219,0.221,0.154,0.083,0.017,49,46,21,7
0.139,0.438,0.349,-1.1,0.105,-1,0.3130,0.4070,0.502,0.192,0.207,0.186,0.185,0.102,0.036,0.007,48,11,6,2,0.211,0.219,0.221,0.154,0.083,0.017,49,46,21,7
0.146,0.375,0.164,2.53,0.140,0,0.2587,0.3620,0.151,-0.121,0.207,0.186,0.185,0.102,0.036,0.007,48,11,6,2,0.211,0.219,0.221,0.154,0.083,0.017,49,46,21,7
0.138,0.426,0.193,-1.14,0.131,0,0.2201,0.3274,0.390,0.987,0.207,0.186,0.185,0.102,0.036,0.007,48,11,6,2,0.211,0.219,0.221,0.154,0.083,0.017,49,46,21,7
0.130,0.515,0.117,-0.42,0.180,0,0.1871,0.3003,0.347,0.318,0.207,0.186,0.185,0.102,0.036,0.007,48,11,6,2,0.211,0.219,0.221,0.154,0.083,0.017,49,46,21,7
0.138,0.416,0.003,2.53,0.140,0,0.1767,0.2862,0.031,-0.121,0.207,0.186,0.185,0.102,0.036,0.007,48,11,6,2,0.211,0.219,0.221,0.154,0.083,0.017,49,46,21,7
0.109,0.845,0.301,0.2,0.291,1,0.1635,0.2669,0.159,0.180,0.207,0.186,0.185,0.102,0.036,0.007,48,11,6,2,0.211,0.219,0.221,0.154,0.083,0.017,49,46,21,7
0.129,0.528,0.416,0.2,0.291,1,0.1478,0.2485,0.326,0.180,0.207,0.186,0.185,0.102,0.036,0.007,48,11,6,2,0.211,0.219,0.221,0.154,0.083,0.017,49,46,21,7
0.124,0.393,0.159,3.14,0.186,0,0.1313,0.2262,0.073,-0.486,0.207,0.186,0.185,0.102,0.036,0.007,48,11,6,2,0.211,0.219,0.221,0.154,0.083,0.017,49,46,21,7
0.102,0.394,0.001,1.99,0.186,0,0.1154,0.2039,0.027,-0.326,0.207,0.186,0.185,0.102,0.036,0.007,48,11,6,2,0.211,0.219,0.221,0.154,0.083,0.017,49,46,21,7
0.102,0.413,0.107,1.42,0.221,0,0.1043,0.1850,0.107,-0.397,0.207,0.186,0.185,0.102,0.036,0.007,48,11,6,2,0.211,0.219,0.221,0.154,0.083,0.017,49,46,21,7
0.097,0.834,0.442,-0.48,0.134,0,0.0819,0.1568,0.297,0.007,0.207,0.186,0.185,0.102,0.036,0.007,48,11,6,2,0.211,0.219,0.221,0.154,0.083,0.017,49,46,21,7
0.083,0.884,0.396,1.37,0.298,0,0.0615,0.1288,0.099,-0.510,0.207,0.186,0.185,0.102,0.036,0.007,48,11,6,2,0.211,0.219,0.221,0.154,0.083,0.017,49,46,21,7
0.087,0.341,0.002,1.99,0.186,0,0.0516,0.1121,0.072,-0.326,0.207,0.186,0.185,0.102,0.036,0.007,48,11,6,2,0.211,0.219,0.221,0.154,0.083,0.017,49,46,21,7
0.087,0.313,0.102,-1.1,0.105,-1,0.0522,0.1069,0.354,0.192,0.207,0.186,0.185,0.102,0.036,0.007,48,11,6,2,0.211,0.219,0.221,0.154,0.083,0.017,49,46,21,7
0.091,0.336,0.351,-0.52,0.062,0,0.0443,0.0947,0.316,0.341,0.207,0.186,0.185,0.102,0.036,0.007,48,11,6,2,0.211,0.219,0.221,0.154,0.083,0.017,49,46,21,7
0.073,0.339,0.019,1.69,0.290,0,0.0415,0.0888,0.148,-0.697,0.207,0.186,0.185,0.102,0.036,0.007,48,11,6,2,0.211,0.219,0.221,0.154,0.083,0.017,49,46,21,7
0.069,0.292,0.222,-1.1,0.105,-1,0.0397,0.0821,0.330,0.192,0.207,0.186,0.185,0.102,0.036,0.007,48,11,6,2,0.211,0.219,0.221,0.154,0.083,0.017,49,46,21,7
0.070,0.287,0.010,2.53,0.140,0,0.0425,0.0798,0.167,-0.121,0.207,0.186,0.185,0.102,0.036,0.007,48,11,6,2,0.211,0.219,0.221,0.154,0.083,0.017,49,46,21,7
0.077,0.319,0.370,0,0.000,0,0.0421,0.0750,0.180,0.166,0.207,0.186,0.185,0.102,0.036,0.007,48,11,6,2,0.211,0.219,0.221,0.154,0.083,0.017,49,46,21,7
0.069,0.313,0.112,-1.14,0.131,0,0.0417,0.0691,0.294,0.987,0.207,0.186,0.185,0.102,0.036,0.007,48,11,6,2,0.211,0.219,0.221,0.154,0.083,0.017,49,46,21,7
0.065,0.315,0.219,2.53,0.140,0,0.0459,0.0653,0.175,-0.121,0.207,0.186,0.185,0.102,0.036,0.007,48,11,6,2,0.211,0.219,0.221,0.154,0.083,0.017,49,46,21,7
0.077,0.329,0.067,1.69,0.290,0,0.0551,0.0697,0.131,-0.697,0.207,0.186,0.185,0.102,0.036,0.007,48,11,6,2,0.211,0.219,0.221,0.154,0.083,0.017,49,46,21,7
0.083,0.888,0.160,-0.52,0.062,0,0.0655,0.0740,0.263,0.341,0.207,0.186,0.185,0.102,0.036,0.007,48,11,6,2,0.211,0.219,0.221,0.154,0.083,0.017,49,46,21,7
0.087,0.344,0.090,-1.1,0.105,-1,0.0756,0.0773,0.320,0.192,0.207,0.186,0.185,0.102,0.036,0.007,48,11,6,2,0.211,0.219,0.221,0.154,0.083,0.017,49,46,21,7
0.087,0.316,0.024,0.85,0.046,0,0.0842,0.0822,0.296,0.06,0.207,0.186,0.185,0.102,0.036,0.007,48,11,6,2,0.211,0.219,0.221,0.154,0.083,0.017,49,46,21,7
0.084,0.861,0.123,-0.79,0.151,-1,0.0843,0.0781,0.332,0.736,0.207,0.186,0.185,0.102,0.036,0.007,48,11,6,2,0.211,0.219,0.221,0.154,0.083,0.017,49,46,21,7
0.103,0.906,0.001,3.14,0.186,0,0.0823,0.0753,0.081,-0.486,0.207,0.186,0.185,0.102,0.036,0.007,48,11,6,2,0.211,0.219,0.221,0.154,0.083,0.017,49,46,21,7
0.107,0.867,0.184,-0.52,0.062,0,0.0765,0.0706,0.154,0.341,0.207,0.186,0.185,0.102,0.036,0.007,48,11,6,2,0.211,0.219,0.221,0.154,0.083,0.017,49,46,21,7
0.088,0.836,0.467,0.22,0.230,0,0.0674,0.0613,0.250,0.303,0.207,0.186,0.185,0.102,0.036,0.007,48,11,6,2,0.211,0.219,0.221,0.154,0.083,0.017,49,46,21,7
0.082,0.860,0.334,1.37,0.298,0,0.0506,0.0460,0.186,-0.510,0.207,0.186,0.185,0.102,0.036,0.007,48,11,6,2,0.211,0.219,0.221,0.154,0.083,0.017,49,46,21,7
0.076,0.319,0.044,1.99,0.186,0,0.0362,0.0325,0.106,-0.326,0.207,0.186,0.185,0.102,0.036,0.007,48,11,6,2,0.211,0.219,0.221,0.154,0.083,0.017,49,46,21,7
0.076,0.833,0.240,1.99,0.186,0,0.0325,0.0279,0.114,-0.326,0.207,0.186,0.185,0.102,0.036,0.007,48,11,6,2,0.211,0.219,0.221,0.154,0.083,0.017,49,46,21,7
0.093,0.337,0.250,-1.14,0.131,0,0.0300,0.0254,0.285,0.987,0.207,0.186,0.185,0.102,0.036,0.007,48,11,6,2,0.211,0.219,0.221,0.154,0.083,0.017,49,46,21,7
0.071,0.398,0.376,0.2,0.291,1,0.0307,0.0252,0.447,0.180,0.207,0.186,0.185,0.102,0.036,0.007,48,11,6,2,0.211,0.219,0.221,0.154,0.083,0.017,49,46,21,7
0.062,0.317,0.028,-1.1,0.105,-1,0.0378,0.0287,0.468,0.192,0.207,0.186,0.185,0.102,0.036,0.007,48,11,6,2,0.211,0.219,0.221,0.154,0.083,0.017,49,46,21,7
0.059,0.347,0.096,0,0.000,0,0.0493,0.0345,0.210,0.166,0.207,0.186,0.185,0.102,0.036,0.007,48,11,6,2,0.211,0.219,0.221,0.154,0.083,0.017,49,46,21,7
0.092,0.338,0.035,2.53,0.140,0,0.0593,0.0389,0.099,-0.121,0.207,0.186,0.185,0.102,0.036,0.007,48,11,6,2,0.211,0.219,0.221,0.154,0.083,0.017,49,46,21,7
0.118,0.350,0.015,2.53,0.140,0,0.0713,0.0462,0.092,-0.121,0.207,0.186,0.185,0.102,0.036,0.007,48,11,6,2,0.211,0.219,0.221,0.154,0.083,0.017,49,46,21,7
0.112,0.895,0.189,1.69,0.290,0,0.0813,0.0520,0.033,-0.697,0.207,0.186,0.185,0.102,0.036,0.007,48,11,6,2,0.211,0.219,0.221,0.154,0.083,0.017,49,46,21,7
0.099,0.895,0.047,-0.08,0.108,0,0.0848,0.0545,0.099,0.059,0.207,0.186,0.185,0.102,0.036,0.007,48,11,6,2,0.211,0.219,0.221,0.154,0.083,0.017,49,46,21,7
0.107,0.912,0.269,1.37,0.298,0,0.0850,0.0550,0.065,-0.510,0.207,0.186,0.185,0.102,0.036,0.007,48,11,6,2,0.211,0.219,0.221,0.154,0.083,0.017,49,46,21,7
0.088,0.859,0.088,2.53,0.140,0,0.0784,0.0512,0.067,-0.121,0.207,0.186,0.185,0.102,0.036,0.007,48,11,6,2,0.211,0.219,0.221,0.154,0.083,0.017,49,46,21,7
0.072,0.877,0.140,2.53,0.140,0,0.0670,0.0442,0.074,-0.121,0.207,0.186,0.185,0.102,0.036,0.007,48,11,6,2,0.211,0.219,0.221,0.154,0.083,0.017,49,46,21,7
0.080,0.344,0.313,-0.79,0.151,-1,0.0526,0.0354,0.329,0.736,0.207,0.186,0.185,0.102,0.036,0.007,48,11,6,2,0.211,0.219,0.221,0.154,0.083,0.017,49,46,21,7
0.063,0.848,0.356,-0.48,0.134,0,0.0408,0.0288,0.382,0.007,0.207,0.186,0.185,0.102,0.036,0.007,48,11,6,2,0.211,0.219,0.221,0.154,0.083,0.017,49,46,21,7
0.058,0.957,0.263,-1.1,0.105,-1,0.0289,0.0216,0.457,0.192,0.207,0.186,0.185,0.102,0.036,0.007,48,11,6,2,0.211,0.219,0.221,0.154,0.083,0.017,49,46,21,7
0.059,0.930,0.401,-1.19,0.219,1,0.0221,0.0178,0.533,0.586,0.207,0.186,0.185,0.102,0.036,0.007,48,11,6,2,0.211,0.219,0.221,0.154,0.083,0.017,49,46,21,7
0.058,0.945,0.371,-1.19,0.219,1,0.0166,0.0145,0.434,0.586,0.207,0.186,0.185,0.102,0.036,0.007,48,11,6,2,0.211,0.219,0.221,0.154,0.083,0.017,49,46,21,7
0.055,0.961,0.388,2.53,0.140,0,0.0186,0.0157,0.106,-0.121,0.207,0.186,0.185,0.102,0.036,0.007,48,11,6,2,0.211,0.219,0.221,0.154,0.083,0.017,49,46,21,7
0.071,0.962,0.605,-0.08,0.108,0,0.0313,0.0229,0.257,0.059,0.207,0.186,0.185,0.102,0.036,0.007,48,11,6,2,0.211,0.219,0.221,0.154,0.083,0.017,49,46,21,7
0.071,0.896,0.458,-1.1,0.105,-1,0.0418,0.0294,0.293,0.192,0.207,0.186,0.185,0.102,0.036,0.007,48,11,6,2,0.211,0.219,0.221,0.154,0.083,0.017,49,46,21,7
0.080,0.905,0.176,1.69,0.290,0,0.0516,0.0355,0.104,-0.697,0.207,0.186,0.185,0.102,0.036,0.007,48,11,6,2,0.211,0.219,0.221,0.154,0.083,0.017,49,46,21,7
0.078,0.920,0.013,1.69,0.290,0,0.0596,0.0400,0.079,-0.697,0.207,0.186,0.185,0.102,0.036,0.007,48,11,6,2,0.211,0.219,0.221,0.154,0.083,0.017,49,46,21,7
0.080,0.914,0.209,-0.52,0.062,0,0.0629,0.0411,0.182,0.341,0.207,0.186,0.185,0.102,0.036,0.007,48,11,6,2,0.211,0.219,0.221,0.154,0.083,0.017,49,46,21,7
0.083,0.916,0.177,1.69,0.290,0,0.0632,0.0400,0.129,-0.697,0.207,0.186,0.185,0.102,0.036,0.007,48,11,6,2,0.211,0.219,0.221,0.154,0.083,0.017,49,46,21,7
0.103,0.919,0.230,1.37,0.298,0,0.0571,0.0357,0.142,-0.510,0.207,0.186,0.185,0.102,0.036,0.007,48,11,6,2,0.211,0.219,0.221,0.154,0.083,0.017,49,46,21,7
0.091,0.914,0.687,0.2,0.291,1,0.0504,0.0307,0.292,0.180,0.207,0.186,0.185,0.102,0.036,0.007,48,11,6,2,0.211,0.219,0.221,0.154,0.083,0.017,49,46,21,7
0.064,0.927,0.245,3.14,0.186,0,0.0450,0.0266,0.074,-0.486,0.207,0.186,0.185,0.102,0.036,0.007,48,11,6,2,0.211,0.219,0.221,0.154,0.083,0.017,49,46,21,7
0.043,0.904,0.458,-1.14,0.131,0,0.0364,0.0219,0.201,0.987,0.207,0.186,0.185,0.102,0.036,0.007,48,11,6,2,0.211,0.219,0.221,0.154,0.083,0.017,49,46,21,7
0.043,0.882,0.585,-0.52,0.062,0,0.0300,0.0173,0.178,0.341,0.207,0.186,0.185,0.102,0.036,0.007,48,11,6,2,0.211,0.219,0.221,0.154,0.083,0.017,49,46,21,7
0.045,0.858,0.545,-0.08,0.108,0,0.0262,0.0136,0.189,0.059,0.207,0.186,0.185,0.102,0.036,0.007,48,11,6,2,0.211,0.219,0.221,0.154,0.083,0.017,49,46,21,7
0.039,0.837,0.189,2.53,0.140,0,0.0263,0.0115,0.115,-0.121,0.207,0.186,0.185,0.102,0.036,0.007,48,11,6,2,0.211,0.219,0.221,0.154,0.083,0.017,49,46,21,7
0.048,0.877,0.239,3.14,0.186,0,0.0320,0.0124,0.157,-0.486,0.207,0.186,0.185,0.102,0.036,0.007,48,11,6,2,0.211,0.219,0.221,0.154,0.083,0.017,49,46,21,7
0.060,0.895,0.510,0,0.000,0,0.0386,0.0134,0.162,0.166,0.207,0.186,0.185,0.102,0.036,0.007,48,11,6,2,0.211,0.219,0.221,0.154,0.083,0.017,49,46,21,7
0.050,0.903,0.523,-0.48,0.134,0,0.0433,0.0145,0.276,0.007,0.207,0.186,0.185,0.102,0.036,0.007,48,11,6,2,0.211,0.219,0.221,0.154,0.083,0.017,49,46,21,7
0.062,0.925,0.504,-0.52,0.062,0,0.0467,0.0151,0.237,0.341,0.207,0.186,0.185,0.102,0.036,0.007,48,11,6,2,0.211,0.219,0.221,0.154,0.083,0.017,49,46,21,7
0.075,0.908,0.465,-0.48,0.134,0,0.0446,0.0140,0.219,0.007,0.207,0.186,0.185,0.102,0.036,0.007,48,11,6,2,0.211,0.219,0.221,0.154,0.083,0.017,49,46,21,7
0.064,0.918,0.843,1.37,0.298,0,0.0436,0.0136,0.143,-0.510,0.207,0.186,0.185,0.102,0.036,0.007,48,11,6,2,0.211,0.219,0.221,0.154,0.083,0.017,49,46,21,7
0.058,0.902,0.481,-0.48,0.134,0,0.0408,0.0122,0.238,0.007,0.207,0.186,0.185,0.102,0.036,0.007,48,11,6,2,0.211,0.219,0.221,0.154,0.083,0.017,49,46,21,7
0.061,0.928,0.227,1.99,0.186,0,0.0363,0.0102,0.111,-0.326,0.207,0.186,0.185,0.102,0.036,0.007,48,11,6,2,0.211,0.219,0.221,0.154,0.083,0.017,49,46,21,7
0.058,0.871,0.006,1.99,0.186,0,0.0322,0.0087,0.088,-0.326,0.207,0.186,0.185,0.102,0.036,0.007,48,11,6,2,0.211,0.219,0.221,0.154,0.083,0.017,49,46,21,7
0.058,0.849,0.557,-0.48,0.134,0,0.0302,0.0081,0.133,0.007,0.207,0.186,0.185,0.102,0.036,0.007,48,11,6,2,0.211,0.219,0.221,0.154,0.083,0.017,49,46,21,7
0.062,0.847,0.106,0.85,0.046,0,0.0297,0.0082,0.127,0.06,0.207,0.186,0.185,0.102,0.036,0.007,48,11,6,2,0.211,0.219,0.221,0.154,0.083,0.017,49,46,21,7
0.062,0.838,0.050,0.85,0.046,0,0.0262,0.0069,0.076,0.06,0.207,0.186,0.185,0.102,0.036,0.007,48,11,6,2,0.211,0.219,0.221,0.154,0.083,0.017,49,46,21,7
0.057,0.893,0.554,1.37,0.298,0,0.0262,0.0068,0.101,-0.510,0.207,0.186,0.185,0.102,0.036,0.007,48,11,6,2,0.211,0.219,0.221,0.154,0.083,0.017,49,46,21,7
0.068,0.852,0.009,2.53,0.140,0,0.0275,0.0071,0.069,-0.121,0.207,0.186,0.185,0.102,0.036,0.007,48,11,6,2,0.211,0.219,0.221,0.154,0.083,0.017,49,46,21,7
0.070,0.895,0.248,0.22,0.230,0,0.0241,0.0060,0.134,0.303,0.207,0.186,0.185,0.102,0.036,0.007,48,11,6,2,0.211,0.219,0.221,0.154,0.083,0.017,49,46,21,7
0.080,0.887,0.149,1.37,0.298,0,0.0218,0.0053,0.097,-0.510,0.207,0.186,0.185,0.102,0.036,0.007,48,11,6,2,0.211,0.219,0.221,0.154,0.083,0.017,49,46,21,7
0.090,0.878,0.417,1.37,0.298,0,0.0178,0.0040,0.116,-0.510,0.207,0.186,0.185,0.102,0.036,0.007,48,11,6,2,0.211,0.219,0.221,0.154,0.083,0.017,49,46,21,7
0.104,0.319,0.106,0.85,0.046,0,0.0144,0.0030,0.130,0.06,0.207,0.186,0.185,0.102,0.036,0.007,48,11,6,2,0.211,0.219,0.221,0.154,0.083,0.017,49,46,21,7
0.104,0.346,0.298,0.85,0.046,0,0.0121,0.0022,0.170,0.06,0.207,0.186,0.185,0.102,0.036,0.007,48,11,6,2,0.211,0.219,0.221,0.154,0.083,0.017,49,46,21,7
0.100,0.425,0.462,-0.08,0.108,0,0.0111,0.0019,0.202,0.059,0.207,0.186,0.185,0.102,0.036,0.007,48,11,6,2,0.211,0.219,0.221,0.154,0.083,0.017,49,46,21,7
0.118,0.452,0.397,-0.52,0.062,0,0.0093,0.0012,0.263,0.341,0.207,0.186,0.185,0.102,0.036,0.007,48,11,6,2,0.211,0.219,0.221,0.154,0.083,0.017,49,46,21,7
0.116,0.397,0.286,3.14,0.186,0,0.0089,0.0011,0.131,-0.486,0.207,0.186,0.185,0.102,0.036,0.007,48,11,6,2,0.211,0.219,0.221,0.154,0.083,0.017,49,46,21,7
0.113,0.359,0.332,-1.14,0.131,0,0.0076,0.0006,0.255,0.987,0.207,0.186,0.185,0.102,0.036,0.007,48,11,6,2,0.211,0.219,0.221,0.154,0.083,0.017,49,46,21,7
0.127,0.851,0.101,1.99,0.186,0,0.0083,0.0010,0.077,-0.326,0.207,0.186,0.185,0.102,0.036,0.007,48,11,6,2,0.211,0.219,0.221,0.154,0.083,0.017,49,46,21,7
0.127,0.402,0.404,0.22,0.230,0,0.0096,0.0016,0.136,0.303,0.207,0.186,0.185,0.102,0.036,0.007,48,11,6,2,0.211,0.219,0.221,0.154,0.083,0.017,49,46,21,7
0.127,0.353,0.243,-0.42,0.180,0,0.0111,0.0023,0.256,0.318,0.207,0.186,0.185,0.102,0.036,0.007,48,11,6,2,0.211,0.219,0.221,0.154,0.083,0.017,49,46,21,7
0.149,0.319,0.029,1.99,0.186,0,0.0118,0.0026,0.078,-0.326,0.207,0.186,0.185,0.102,0.036,0.007,48,11,6,2,0.211,0.219,0.221,0.154,0.083,0.017,49,46,21,7
0.173,0.304,0.002,3.14,0.186,0,0.0131,0.0033,0.052,-0.486,0.207,0.186,0.185,0.102,0.036,0.007,48,11,6,2,0.211,0.219,0.221,0.154,0.083,0.017,49,46,21,7
0.175,0.254,0.021,1.99,0.186,0,0.0144,0.0040,0.070,-0.326,0.207,0.186,0.185,0.102,0.036,0.007,48,11,6,2,0.211,0.219,0.221,0.154,0.083,0.017,49,46,21,7
0.145,0.294,0.006,-1.1,0.105,-1,0.0142,0.0041,0.161,0.192,0.207,0.186,0.185,0.102,0.036,0.007,48,11,6,2,0.211,0.219,0.221,0.154,0.083,0.017,49,46,21,7
0.146,0.288,0.001,1.99,0.186,0,0.0139,0.0043,0.034,-0.326,0.207,0.186,0.185,0.102,0.036,0.007,48,11,6,2,0.211,0.219,0.221,0.154,0.083,0.017,49,46,21,7
0.139,0.314,0.002,1.99,0.186,0,0.0126,0.0039,0.038,-0.326,0.207,0.186,0.185,0.102,0.036,0.007,48,11,6,2,0.211,0.219,0.221,0.154,0.083,0.017,49,46,21,7
0.147,0.331,0.001,3.14,0.186,0,0.0115,0.0035,0.084,-0.486,0.207,0.186,0.185,0.102,0.036,0.007,48,11,6,2,0.211,0.219,0.221,0.154,0.083,0.017,49,46,21,7
0.131,0.371,0.077,2.53,0.140,0,0.0103,0.0034,0.067,-0.121,0.207,0.186,0.185,0.102,0.036,0.007,48,11,6,2,0.211,0.219,0.221,0.154,0.083,0.017,49,46,21,7
0.137,0.900,0.023,0.85,0.046,0,0.0078,0.0023,0.036,0.06,0.207,0.186,0.185,0.102,0.036,0.007,48,11,6,2,0.211,0.219,0.221,0.154,0.083,0.017,49,46,21,7
0.128,0.931,0.324,0.22,0.230,0,0.0067,0.0017,0.138,0.303,0.207,0.186,0.185,0.102,0.036,0.007,48,11,6,2,0.211,0.219,0.221,0.154,0.083,0.017,49,46,21,7
0.107,0.899,0.340,-0.52,0.062,0,0.0081,0.0020,0.234,0.341,0.207,0.186,0.185,0.102,0.036,0.007,48,11,6,2,0.211,0.219,0.221,0.154,0.083,0.017,49,46,21,7
0.105,0.915,0.202,0.2,0.291,1,0.0097,0.0029,0.339,0.180,0.207,0.186,0.185,0.102,0.036,0.007,48,11,6,2,0.211,0.219,0.221,0.154,0.083,0.017,49,46,21,7
0.107,0.874,0.081,0,0.000,0,0.0097,0.0028,0.253,0.166,0.207,0.186,0.185,0.102,0.036,0.007,48,11,6,2,0.211,0.219,0.221,0.154,0.083,0.017,49,46,21,7
0.104,0.878,0.034,1.69,0.290,0,0.0130,0.0053,0.111,-0.697,0.207,0.186,0.185,0.102,0.036,0.007,48,11,6,2,0.211,0.219,0.221,0.154,0.083,0.017,49,46,21,7
0.091,0.856,0.133,-1.1,0.105,-1,0.0172,0.0086,0.240,0.192,0.207,0.186,0.185,0.102,0.036,0.007,48,11,6,2,0.211,0.219,0.221,0.154,0.083,0.017,49,46,21,7
0.095,0.385,0.125,2.53,0.140,0,0.0241,0.0146,0.068,-0.121,0.207,0.186,0.185,0.102,0.036,0.007,48,11,6,2,0.211,0.219,0.221,0.154,0.083,0.017,49,46,21,7
0.101,0.374,0.023,2.1,0.128,0,0.0296,0.0194,0.114,0.02,0.207,0.186,0.185,0.102,0.036,0.007,48,11,6,2,0.211,0.219,0.221,0.154,0.083,0.017,49,46,21,7
0.085,0.844,0.542,-0.48,0.134,0,0.0346,0.0245,0.184,0.007,0.207,0.186,0.185,0.102,0.036,0.007,48,11,6,2,0.211,0.219,0.221,0.154,0.083,0.017,49,46,21,7
0.085,0.320,0.058,1.42,0.221,0,0.0376,0.0282,0.046,-0.397,0.207,0.186,0.185,0.102,0.036,0.007,48,11,6,2,0.211,0.219,0.221,0.154,0.083,0.017,49,46,21,7
0.068,0.305,0.183,2.53,0.140,0,0.0365,0.0285,0.092,-0.121,0.207,0.186,0.185,0.102,0.036,0.007,48,11,6,2,0.211,0.219,0.221,0.154,0.083,0.017,49,46,21,7
0.061,0.310,0.094,-0.79,0.151,-1,0.0345,0.0274,0.243,0.736,0.207,0.186,0.185,0.102,0.036,0.007,48,11,6,2,0.211,0.219,0.221,0.154,0.083,0.017,49,46,21,7
0.058,0.303,0.013,3.14,0.186,0,0.0298,0.0247,0.094,-0.486,0.207,0.186,0.185,0.102,0.036,0.007,48,11,6,2,0.211,0.219,0.221,0.154,0.083,0.017,49,46,21,7
0.069,0.344,0.204,1.99,0.186,0,0.0256,0.0226,0.129,-0.326,0.207,0.186,0.185,0.102,0.036,0.007,48,11,6,2,0.211,0.219,0.221,0.154,0.083,0.017,49,46,21,7
0.055,0.848,0.358,-1.1,0.105,-1,0.0235,0.0221,0.318,0.192,0.207,0.186,0.185,0.102,0.036,0.007,48,11,6,2,0.211,0.219,0.221,0.154,0.083,0.017,49,46,21,7
0.069,0.839,0.241,-0.48,0.134,0,0.0244,0.0242,0.395,0.007,0.207,0.186,0.185,0.102,0.036,0.007,48,11,6,2,0.211,0.219,0.221,0.154,0.083,0.017,49,46,21,7
0.073,0.843,0.280,0.2,0.291,1,0.0263,0.0269,0.411,0.180,0.207,0.186,0.185,0.102,0.036,0.007,48,11,6,2,0.211,0.219,0.221,0.154,0.083,0.017,49,46,21,7
0.074,0.833,0.189,-0.52,0.062,0,0.0305,0.0319,0.300,0.341,0.207,0.186,0.185,0.102,0.036,0.007,48,11,6,2,0.211,0.219,0.221,0.154,0.083,0.017,49,46,21,7
0.069,0.883,0.086,1.69,0.290,0,0.0381,0.0399,0.087,-0.697,0.207,0.186,0.185,0.102,0.036,0.007,48,11,6,2,0.211,0.219,0.221,0.154,0.083,0.017,49,46,21,7
0.084,0.437,0.026,2.53,0.140,0,0.0466,0.0480,0.125,-0.121,0.207,0.186,0.185,0.102,0.036,0.007,48,11,6,2,0.211,0.219,0.221,0.154,0.083,0.017,49,46,21,7
0.087,0.474,0.099,-0.79,0.151,-1,0.0526,0.0545,0.364,0.736,0.207,0.186,0.185,0.102,0.036,0.007,48,11,6,2,0.211,0.219,0.221,0.154,0.083,0.017,49,46,21,7
0.086,0.877,0.029,-0.42,0.180,0,0.0531,0.0557,0.242,0.318,0.207,0.186,0.185,0.102,0.036,0.007,48,11,6,2,0.211,0.219,0.221,0.154,0.083,0.017,49,46,21,7
0.110,0.944,0.004,1.99,0.186,0,0.0506,0.0539,0.074,-0.326,0.207,0.186,0.185,0.102,0.036,0.007,48,11,6,2,0.211,0.219,0.221,0.154,0.083,0.017,49,46,21,7
0.101,0.872,0.468,-1.19,0.219,1,0.0442,0.0477,0.363,0.586,0.207,0.186,0.185,0.102,0.036,0.007,48,11,6,2,0.211,0.219,0.221,0.154,0.083,0.017,49,46,21,7
0.090,0.890,0.180,1.69,0.290,0,0.0368,0.0405,0.218,-0.697,0.207,0.186,0.185,0.102,0.036,0.007,48,11,6,2,0.211,0.219,0.221,0.154,0.083,0.017,49,46,21,7
0.077,0.906,0.416,0,0.000,0,0.0276,0.0311,0.224,0.166,0.207,0.186,0.185,0.102,0.036,0.007,48,11,6,2,0.211,0.219,0.221,0.154,0.083,0.017,49,46,21,7
0.081,0.879,0.349,0.85,0.046,0,0.0205,0.0243,0.249,0.06,0.207,0.186,0.185,0.102,0.036,0.007,48,11,6,2,0.211,0.219,0.221,0.154,0.083,0.017,49,46,21,7
0.066,0.889,0.350,0,0.000,0,0.0145,0.0178,0.382,0.166,0.207,0.186,0.185,0.102,0.036,0.007,48,11,6,2,0.211,0.219,0.221,0.154,0.083,0.017,49,46,21,7
0.042,0.898,0.467,-1.1,0.105,-1,0.0093,0.0122,0.338,0.192,0.207,0.186,0.185,0.102,0.036,0.007,48,11,6,2,0.211,0.219,0.221,0.154,0.083,0.017,49,46,21,7
0.052,0.881,0.632,0,0.000,0,0.0068,0.0078,0.204,0.166,0.207,0.186,0.185,0.102,0.036,0.007,48,11,6,2,0.211,0.219,0.221,0.154,0.083,0.017,49,46,21,7
0.046,0.857,0.575,0.22,0.230,0,0.0053,0.0054,0.203,0.303,0.207,0.186,0.185,0.102,0.036,0.007,48,11,6,2,0.211,0.219,0.221,0.154,0.083,0.017,49,46,21,7
0.054,0.843,0.091,1.99,0.186,0,0.0066,0.0064,0.047,-0.326,0.207,0.186,0.185,0.102,0.036,0.007,48,11,6,2,0.211,0.219,0.221,0.154,0.083,0.017,49,46,21,7
0.071,0.888,0.581,0.2,0.291,1,0.0104,0.0106,0.134,0.180,0.207,0.186,0.185,0.102,0.036,0.007,48,11,6,2,0.211,0.219,0.221,0.154,0.083,0.017,49,46,21,7
0.069,0.883,0.362,1.37,0.298,0,0.0145,0.0157,0.090,-0.510,0.207,0.186,0.185,0.102,0.036,0.007,48,11,6,2,0.211,0.219,0.221,0.154,0.083,0.017,49,46,21,7
0.069,0.894,0.400,1.37,0.298,0,0.0159,0.0178,0.104,-0.510,0.207,0.186,0.185,0.102,0.036,0.007,48,11,6,2,0.211,0.219,0.221,0.154,0.083,0.017,49,46,21,7
0.081,0.931,0.163,1.69,0.290,0,0.0176,0.0200,0.043,-0.697,0.207,0.186,0.185,0.102,0.036,0.007,48,11,6,2,0.211,0.219,0.221,0.154,0.083,0.017,49,46,21,7
0.084,0.931,0.518,1.37,0.298,0,0.0188,0.0220,0.106,-0.510,0.207,0.186,0.185,0.102,0.036,0.007,48,11,6,2,0.211,0.219,0.221,0.154,0.083,0.017,49,46,21,7
0.080,0.872,0.523,-0.48,0.134,0,0.0188,0.0224,0.185,0.007,0.207,0.186,0.185,0.102,0.036,0.007,48,11,6,2,0.211,0.219,0.221,0.154,0.083,0.017,49,46,21,7
0.079,0.885,0.384,1.76,0.409,0,0.0180,0.0223,0.162,-0.884,0.207,0.186,0.185,0.102,0.036,0.007,48,11,6,2,0.211,0.219,0.221,0.154,0.083,0.017,49,46,21,7
0.082,0.911,0.545,0.85,0.046,0,0.0155,0.0157,0.190,0.06,0.207,0.186,0.185,0.102,0.036,0.007,48,11,6,2,0.211,0.219,0.221,0.154,0.083,0.017,49,46,21,7
0.080,0.924,0.340,1.37,0.298,0,0.0129,0.0130,0.183,-0.510,0.207,0.186,0.185,0.102,0.036,0.007,48,11,6,2,0.211,0.219,0.221,0.154,0.083,0.017,49,46,21,7
0.075,0.431,0.368,-1.14,0.131,0,0.0098,0.0041,0.340,0.987,0.207,0.186,0.185,0.102,0.036,0.007,48,11,6,2,0.211,0.219,0.221,0.154,0.083,0.017,49,46,21,7
0.078,0.880,0.403,-1.19,0.219,1,0.0075,-0.0017,0.478,0.586,0.207,0.186,0.185,0.102,0.036,0.007,48,11,6,2,0.211,0.219,0.221,0.154,0.083,0.017,49,46,21,7
0.075,0.901,0.171,3.14,0.186,0,0.0052,-0.0077,0.152,-0.486,0.207,0.186,0.185,0.102,0.036,0.007,48,11,6,2,0.211,0.219,0.221,0.154,0.083,0.017,49,46,21,7
0.081,0.902,0.372,-1.19,0.219,1,0.0054,0.0012,0.444,0.586,0.207,0.186,0.185,0.102,0.036,0.007,48,11,6,2,0.211,0.219,0.221,0.154,0.083,0.017,49,46,21,7
0.089,0.838,0.305,-1.14,0.131,0,0.0067,0.0215,0.346,0.987,0.207,0.186,0.185,0.102,0.036,0.007,48,11,6,2,0.211,0.219,0.221,0.154,0.083,0.017,49,46,21,7
0.108,0.869,0.382,-0.52,0.062,0,0.0088,0.0607,0.314,0.341,0.207,0.186,0.185,0.102,0.036,0.007,48,11,6,2,0.211,0.219,0.221,0.154,0.083,0.017,49,46,21,7
0.121,0.431,0.354,-0.42,0.180,0,0.0114,0.1208,0.273,0.318,0.207,0.186,0.185,0.102,0.036,0.007,48,11,6,2,0.211,0.219,0.221,0.154,0.083,0.017,49,46,21,7
0.147,0.260,0.019,2.53,0.140,0,0.0141,0.2012,0.106,-0.121,0.207,0.186,0.185,0.102,0.036,0.007,48,11,6,2,0.211,0.219,0.221,0.154,0.083,0.017,49,46,21,7
0.234,0.238,0.050,0.85,0.046,0,0.0163,0.2975,0.109,0.06,0.207,0.186,0.185,0.102,0.036,0.007,48,11,6,2,0.211,0.219,0.221,0.154,0.083,0.017,49,46,21,7
0.238,0.227,0.008,1.99,0.186,0,0.0175,0.4012,0.159,-0.326,0.207,0.186,0.185,0.102,0.036,0.007,48,11,6,2,0.211,0.219,0.221,0.154,0.083,0.017,49,46,21,7
0.285,0.211,0.038,2.53,0.140,0,0.0172,0.4983,0.193,-0.121,0.207,0.186,0.185,0.102,0.036,0.007,48,11,6,2,0.211,0.219,0.221,0.154,0.083,0.017,49,46,21,7
0.315,0.223,0.181,1.42,0.221,0,0.0148,0.5691,0.236,-0.397,0.207,0.186,0.185,0.102,0.036,0.007,48,11,6,2,0.211,0.219,0.221,0.154,0.083,0.017,49,46,21,7
0.238,0.206,0.155,1.99,0.186,0,0.0097,0.5866,0.481,-0.326,0.207,0.186,0.185,0.102,0.036,0.007,48,11,6,2,0.211,0.219,0.221,0.154,0.083,0.017,49,46,21,7
