0.023,0.217,0.364,0,0.000,0,0.1728,0.7846,0.892,0.166,0.313,0.135,0.281,0.088,0.000,0.000,24,12,0,0,0.287,0.142,0.250,0.044,0.010,0.005,29,11,3,2
0.027,0.239,0.538,1.76,0.409,0,0.1514,0.7189,0.236,-0.884,0.313,0.135,0.281,0.088,0.000,0.000,24,12,0,0,0.287,0.142,0.250,0.044,0.010,0.005,29,11,3,2
0.031,0.205,0.380,-0.42,0.180,0,0.1337,0.6455,0.299,0.318,0.313,0.135,0.281,0.088,0.000,0.000,24,12,0,0,0.287,0.142,0.250,0.044,0.010,0.005,29,11,3,2
0.027,0.188,0.448,0.85,0.046,0,0.1240,0.5701,0.185,0.06,0.313,0.135,0.281,0.088,0.000,0.000,24,12,0,0,0.287,0.142,0.250,0.044,0.010,0.005,29,11,3,2
0.022,0.184,0.236,-0.79,0.151,-1,0.1239,0.4971,0.282,0.736,0.313,0.135,0.281,0.088,0.000,0.000,24,12,0,0,0.287,0.142,0.250,0.044,0.010,0.005,29,11,3,2
0.027,0.193,0.122,3.14,0.186,0,0.1335,0.4298,0.097,-0.486,0.313,0.135,0.281,0.088,0.000,0.000,24,12,0,0,0.287,0.142,0.250,0.044,0.010,0.005,29,11,3,2
0.030,0.191,0.139,2.53,0.140,0,0.1511,0.3701,0.108,-0.121,0.313,0.135,0.281,0.088,0.000,0.000,24,12,0,0,0.287,0.142,0.250,0.044,0.010,0.005,29,11,3,2
0.032,0.265,0.298,-0.08,0.108,0,0.1742,0.3193,0.191,0.059,0.313,0.135,0.281,0.088,0.000,0.000,24,12,0,0,0.287,0.142,0.250,0.044,0.010,0.005,29,11,3,2
0.035,0.257,0.107,-0.79,0.151,-1,0.1994,0.2779,0.189,0.736,0.313,0.135,0.281,0.088,0.000,0.000,24,12,0,0,0.287,0.142,0.250,0.044,0.010,0.005,29,11,3,2
0.036,0.261,0.392,1.69,0.290,0,0.2234,0.2454,0.086,-0.697,0.313,0.135,0.281,0.088,0.000,0.000,24,12,0,0,0.287,0.142,0.250,0.044,0.010,0.005,29,11,3,2
0.037,0.260,0.205,-0.52,0.062,0,0.2350,0.2176,0.231,0.341,0.313,0.135,0.281,0.088,0.000,0.000,24,12,0,0,0.287,0.142,0.250,0.044,0.010,0.005,29,11,3,2
0.035,0.241,0.071,1.99,0.186,0,0.2464,0.2007,0.142,-0.326,0.313,0.135,0.281,0.088,0.000,0.000,24,12,0,0,0.287,0.142,0.250,0.044,0.010,0.005,29,11,3,2
0.053,0.233,0.001,1.99,0.186,0,0.2495,0.1894,0.106,-0.326,0.313,0.135,0.281,0.088,0.000,0.000,24,12,0,0,0.287,0.142,0.250,0.044,0.010,0.005,29,11,3,2
0.054,0.227,0.207,-0.48,0.134,0,0.2478,0.1865,0.206,0.007,0.313,0.135,0.281,0.088,0.000,0.000,24,12,0,0,0.287,0.142,0.250,0.044,0.010,0.005,29,11,3,2
0.053,0.206,0.003,-0.79,0.151,-1,0.2340,0.1811,0.342,0.736,0.313,0.135,0.281,0.088,0.000,0.000,24,12,0,0,0.287,0.142,0.250,0.044,0.010,0.005,29,11,3,2
0.083,0.164,0.004,1.42,0.221,0,0.2085,0.1664,0.138,-0.397,0.313,0.135,0.281,0.088,0.000,0.000,24,12,0,0,0.287,0.142,0.250,0.044,0.010,0.005,29,11,3,2
0.087,0.160,0.005,2.53,0.140,0,0.1869,0.1542,0.111,-0.121,0.313,0.135,0.281,0.088,0.000,0.000,24,12,0,0,0.287,0.142,0.250,0.044,0.010,0.005,29,11,3,2
0.087,0.127,0.001,-1.1,0.105,-1,0.1758,0.1467,0.362,0.192,0.313,0.135,0.281,0.088,0.000,0.000,24,12,0,0,0.287,0.142,0.250,0.044,0.010,0.005,29,11,3,2
0.088,0.134,0.006,2.53,0.140,0,0.1797,0.1493,0.134,-0.121,0.313,0.135,0.281,0.088,0.000,0.000,24,12,0,0,0.287,0.142,0.250,0.044,0.010,0.005,29,11,3,2
0.111,0.164,0.130,-1.1,0.105,-1,0.2013,0.1609,0.271,0.192,0.313,0.135,0.281,0.088,0.000,0.000,24,12,0,0,0.287,0.142,0.250,0.044,0.010,0.005,29,11,3,2
0.140,0.163,0.106,-1.14,0.131,0,0.2483,0.1963,0.276,0.987,0.313,0.135,0.281,0.088,0.000,0.000,24,12,0,0,0.287,0.142,0.250,0.044,0.010,0.005,29,11,3,2
0.136,0.228,0.319,-0.42,0.180,0,0.3054,0.2414,0.450,0.318,0.313,0.135,0.281,0.088,0.000,0.000,24,12,0,0,0.287,0.142,0.250,0.044,0.010,0.005,29,11,3,2
0.143,0.198,0.106,0,0.000,0,0.3466,0.2742,0.108,0.166,0.313,0.135,0.281,0.088,0.000,0.000,24,12,0,0,0.287,0.142,0.250,0.044,0.010,0.005,29,11,3,2
0.138,0.229,0.172,3.14,0.186,0,0.3808,0.3029,0.059,-0.486,0.313,0.135,0.281,0.088,0.000,0.000,24,12,0,0,0.287,0.142,0.250,0.044,0.010,0.005,29,11,3,2
0.138,0.214,0.003,1.99,0.186,0,0.4115,0.3272,0.057,-0.326,0.313,0.135,0.281,0.088,0.000,0.000,24,12,0,0,0.287,0.142,0.250,0.044,0.010,0.005,29,11,3,2
0.160,0.357,0.360,-1.19,0.219,1,0.4320,0.3431,0.256,0.586,0.313,0.135,0.281,0.088,0.000,0.000,24,12,0,0,0.287,0.142,0.250,0.044,0.010,0.005,29,11,3,2
0.149,0.294,0.350,2.1,0.128,0,0.4360,0.3464,0.042,0.02,0.313,0.135,0.281,0.088,0.000,0.000,24,12,0,0,0.287,0.142,0.250,0.044,0.010,0.005,29,11,3,2
0.124,0.391,0.291,2.53,0.140,0,0.4163,0.3308,0.067,-0.121,0.313,0.135,0.281,0.088,0.000,0.000,24,12,0,0,0.287,0.142,0.250,0.044,0.010,0.005,29,11,3,2
0.132,0.376,0.555,-1.1,0.105,-1,0.3927,0.3120,0.190,0.192,0.313,0.135,0.281,0.088,0.000,0.000,24,12,0,0,0.287,0.142,0.250,0.044,0.010,0.005,29,11,3,2
0.135,0.430,0.537,0,0.000,0,0.3802,0.3005,0.217,0.166,0.313,0.135,0.281,0.088,0.000,0.000,24,12,0,0,0.287,0.142,0.250,0.044,0.010,0.005,29,11,3,2
0.134,0.540,0.842,0.2,0.291,1,0.3624,0.2855,0.362,0.180,0.313,0.135,0.281,0.088,0.000,0.000,24,12,0,0,0.287,0.142,0.250,0.044,0.010,0.005,29,11,3,2
0.172,0.472,0.642,0,0.000,0,0.3639,0.2890,0.220,0.166,0.313,0.135,0.281,0.088,0.000,0.000,24,12,0,0,0.287,0.142,0.250,0.044,0.010,0.005,29,11,3,2
0.185,0.449,0.749,-0.52,0.062,0,0.3793,0.3076,0.194,0.341,0.313,0.135,0.281,0.088,0.000,0.000,24,12,0,0,0.287,0.142,0.250,0.044,0.010,0.005,29,11,3,2
0.174,0.340,0.716,-1.1,0.105,-1,0.3960,0.3284,0.343,0.192,0.313,0.135,0.281,0.088,0.000,0.000,24,12,0,0,0.287,0.142,0.250,0.044,0.010,0.005,29,11,3,2
0.181,0.699,0.454,-0.48,0.134,0,0.4126,0.3502,0.222,0.007,0.313,0.135,0.281,0.088,0.000,0.000,24,12,0,0,0.287,0.142,0.250,0.044,0.010,0.005,29,11,3,2
0.185,0.347,0.566,-0.08,0.108,0,0.4278,0.3711,0.141,0.059,0.313,0.135,0.281,0.088,0.000,0.000,24,12,0,0,0.287,0.142,0.250,0.044,0.010,0.005,29,11,3,2
0.148,0.345,0.579,-0.42,0.180,0,0.4267,0.3798,0.214,0.318,0.313,0.135,0.281,0.088,0.000,0.000,24,12,0,0,0.287,0.142,0.250,0.044,0.010,0.005,29,11,3,2
0.129,0.245,0.610,1.69,0.290,0,0.4208,0.3806,0.101,-0.697,0.313,0.135,0.281,0.088,0.000,0.000,24,12,0,0,0.287,0.142,0.250,0.044,0.010,0.005,29,11,3,2
0.129,0.144,0.376,2.1,0.128,0,0.4189,0.3846,0.097,0.02,0.313,0.135,0.281,0.088,0.000,0.000,24,12,0,0,0.287,0.142,0.250,0.044,0.010,0.005,29,11,3,2
0.131,0.174,0.343,0,0.000,0,0.4090,0.3811,0.113,0.166,0.313,0.135,0.281,0.088,0.000,0.000,24,12,0,0,0.287,0.142,0.250,0.044,0.010,0.005,29,11,3,2
0.129,0.189,0.294,-1.14,0.131,0,0.3907,0.3695,0.209,0.987,0.313,0.135,0.281,0.088,0.000,0.000,24,12,0,0,0.287,0.142,0.250,0.044,0.010,0.005,29,11,3,2
0.134,0.262,0.665,-1.19,0.219,1,0.3587,0.3458,0.325,0.586,0.313,0.135,0.281,0.088,0.000,0.000,24,12,0,0,0.287,0.142,0.250,0.044,0.010,0.005,29,11,3,2
0.111,0.137,0.357,1.42,0.221,0,0.3269,0.3197,0.096,-0.397,0.313,0.135,0.281,0.088,0.000,0.000,24,12,0,0,0.287,0.142,0.250,0.044,0.010,0.005,29,11,3,2
0.110,0.191,0.228,-1.14,0.131,0,0.3135,0.3084,0.203,0.987,0.313,0.135,0.281,0.088,0.000,0.000,24,12,0,0,0.287,0.142,0.250,0.044,0.010,0.005,29,11,3,2
0.116,0.197,0.336,0,0.000,0,0.3135,0.3082,0.182,0.166,0.313,0.135,0.281,0.088,0.000,0.000,24,12,0,0,0.287,0.142,0.250,0.044,0.010,0.005,29,11,3,2
0.137,0.214,0.233,0,0.000,0,0.3029,0.3003,0.066,0.166,0.313,0.135,0.281,0.088,0.000,0.000,24,12,0,0,0.287,0.142,0.250,0.044,0.010,0.005,29,11,3,2
0.137,0.104,0.034,3.14,0.186,0,0.3083,0.3071,0.050,-0.486,0.313,0.135,0.281,0.088,0.000,0.000,24,12,0,0,0.287,0.142,0.250,0.044,0.010,0.005,29,11,3,2
0.135,0.161,0.212,1.37,0.298,0,0.3192,0.3188,0.059,-0.510,0.313,0.135,0.281,0.088,0.000,0.000,24,12,0,0,0.287,0.142,0.250,0.044,0.010,0.005,29,11,3,2
0.162,0.103,0.058,0.85,0.046,0,0.3262,0.3259,0.037,0.06,0.313,0.135,0.281,0.088,0.000,0.000,24,12,0,0,0.287,0.142,0.250,0.044,0.010,0.005,29,11,3,2
0.129,0.138,0.221,3.14,0.186,0,0.3276,0.3272,0.036,-0.486,0.313,0.135,0.281,0.088,0.000,0.000,24,12,0,0,0.287,0.142,0.250,0.044,0.010,0.005,29,11,3,2
0.129,0.241,0.127,0.85,0.046,0,0.3220,0.3244,0.036,0.06,0.313,0.135,0.281,0.088,0.000,0.000,24,12,0,0,0.287,0.142,0.250,0.044,0.010,0.005,29,11,3,2
0.134,0.325,0.612,0.22,0.230,0,0.3168,0.3219,0.142,0.303,0.313,0.135,0.281,0.088,0.000,0.000,24,12,0,0,0.287,0.142,0.250,0.044,0.010,0.005,29,11,3,2
0.134,0.435,0.711,-0.48,0.134,0,0.3042,0.3147,0.251,0.007,0.313,0.135,0.281,0.088,0.000,0.000,24,12,0,0,0.287,0.142,0.250,0.044,0.010,0.005,29,11,3,2
0.125,0.731,0.857,0.2,0.291,1,0.2867,0.3012,0.256,0.180,0.313,0.135,0.281,0.088,0.000,0.000,24,12,0,0,0.287,0.142,0.250,0.044,0.010,0.005,29,11,3,2
0.127,0.446,0.607,0,0.000,0,0.2685,0.2874,0.245,0.166,0.313,0.135,0.281,0.088,0.000,0.000,24,12,0,0,0.287,0.142,0.250,0.044,0.010,0.005,29,11,3,2
0.119,0.434,0.481,2.53,0.140,0,0.2607,0.2787,0.121,-0.121,0.313,0.135,0.281,0.088,0.000,0.000,24,12,0,0,0.287,0.142,0.250,0.044,0.010,0.005,29,11,3,2
0.144,0.417,0.679,-0.08,0.108,0,0.2724,0.2868,0.202,0.059,0.313,0.135,0.281,0.088,0.000,0.000,24,12,0,0,0.287,0.142,0.250,0.044,0.010,0.005,29,11,3,2
0.121,0.358,0.758,-0.08,0.108,0,0.3027,0.3106,0.147,0.059,0.313,0.135,0.281,0.088,0.000,0.000,24,12,0,0,0.287,0.142,0.250,0.044,0.010,0.005,29,11,3,2
0.135,0.241,0.499,1.99,0.186,0,0.3387,0.3399,0.118,-0.326,0.313,0.135,0.281,0.088,0.000,0.000,24,12,0,0,0.287,0.142,0.250,0.044,0.010,0.005,29,11,3,2
0.135,0.223,0.355,-0.79,0.151,-1,0.3725,0.3659,0.444,0.736,0.313,0.135,0.281,0.088,0.000,0.000,24,12,0,0,0.287,0.142,0.250,0.044,0.010,0.005,29,11,3,2
0.145,0.187,0.325,0,0.000,0,0.4012,0.3869,0.203,0.166,0.313,0.135,0.281,0.088,0.000,0.000,24,12,0,0,0.287,0.142,0.250,0.044,0.010,0.005,29,11,3,2
0.177,0.211,0.006,1.99,0.186,0,0.4240,0.4045,0.043,-0.326,0.313,0.135,0.281,0.088,0.000,0.000,24,12,0,0,0.287,0.142,0.250,0.044,0.010,0.005,29,11,3,2
0.169,0.283,0.474,-1.19,0.219,1,0.4379,0.4143,0.366,0.586,0.313,0.135,0.281,0.088,0.000,0.000,24,12,0,0,0.287,0.142,0.250,0.044,0.010,0.005,29,11,3,2
0.210,0.214,0.168,-0.42,0.180,0,0.4357,0.4123,0.359,0.318,0.313,0.135,0.281,0.088,0.000,0.000,24,12,0,0,0.287,0.142,0.250,0.044,0.010,0.005,29,11,3,2
0.203,0.224,0.019,3.14,0.186,0,0.4272,0.4051,0.054,-0.486,0.313,0.135,0.281,0.088,0.000,0.000,24,12,0,0,0.287,0.142,0.250,0.044,0.010,0.005,29,11,3,2
0.191,0.289,0.059,-0.08,0.108,0,0.4155,0.3964,0.126,0.059,0.313,0.135,0.281,0.088,0.000,0.000,24,12,0,0,0.287,0.142,0.250,0.044,0.010,0.005,29,11,3,2
0.200,0.311,0.474,-1.19,0.219,1,0.4158,0.3960,0.454,0.586,0.313,0.135,0.281,0.088,0.000,0.000,24,12,0,0,0.287,0.142,0.250,0.044,0.010,0.005,29,11,3,2
0.210,0.265,0.041,-0.79,0.151,-1,0.4112,0.3921,0.365,0.736,0.313,0.135,0.281,0.088,0.000,0.000,24,12,0,0,0.287,0.142,0.250,0.044,0.010,0.005,29,11,3,2
0.233,0.180,0.006,2.53,0.140,0,0.4214,0.3989,0.087,-0.121,0.313,0.135,0.281,0.088,0.000,0.000,24,12,0,0,0.287,0.142,0.250,0.044,0.010,0.005,29,11,3,2
0.238,0.168,0.098,0.85,0.046,0,0.4430,0.4133,0.259,0.06,0.313,0.135,0.281,0.088,0.000,0.000,24,12,0,0,0.287,0.142,0.250,0.044,0.010,0.005,29,11,3,2
0.274,0.235,0.411,-0.52,0.062,0,0.4773,0.4386,0.540,0.341,0.313,0.135,0.281,0.088,0.000,0.000,24,12,0,0,0.287,0.142,0.250,0.044,0.010,0.005,29,11,3,2
0.285,0.333,0.384,-1.19,0.219,1,0.5036,0.4562,0.496,0.586,0.313,0.135,0.281,0.088,0.000,0.000,24,12,0,0,0.287,0.142,0.250,0.044,0.010,0.005,29,11,3,2
0.298,0.250,0.311,0,0.000,0,0.5226,0.4661,0.256,0.166,0.313,0.135,0.281,0.088,0.000,0.000,24,12,0,0,0.287,0.142,0.250,0.044,0.010,0.005,29,11,3,2
0.260,0.283,0.428,0.22,0.230,0,0.5396,0.4715,0.273,0.303,0.313,0.135,0.281,0.088,0.000,0.000,24,12,0,0,0.287,0.142,0.250,0.044,0.010,0.005,29,11,3,2
0.259,0.181,0.411,2.53,0.140,0,0.5502,0.4749,0.123,-0.121,0.313,0.135,0.281,0.088,0.000,0.000,24,12,0,0,0.287,0.142,0.250,0.044,0.010,0.005,29,11,3,2
0.273,0.165,0.186,-1.14,0.131,0,0.5500,0.4710,0.159,0.987,0.313,0.135,0.281,0.088,0.000,0.000,24,12,0,0,0.287,0.142,0.250,0.044,0.010,0.005,29,11,3,2
0.284,0.149,0.449,-0.52,0.062,0,0.5330,0.4575,0.141,0.341,0.313,0.135,0.281,0.088,0.000,0.000,24,12,0,0,0.287,0.142,0.250,0.044,0.010,0.005,29,11,3,2
0.241,0.122,0.144,2.53,0.140,0,0.5056,0.4367,0.117,-0.121,0.313,0.135,0.281,0.088,0.000,0.000,24,12,0,0,0.287,0.142,0.250,0.044,0.010,0.005,29,11,3,2
0.293,0.213,0.737,0.22,0.230,0,0.4707,0.4124,0.198,0.303,0.313,0.135,0.281,0.088,0.000,0.000,24,12,0,0,0.287,0.142,0.250,0.044,0.010,0.005,29,11,3,2
0.297,0.201,0.585,0,0.000,0,0.4230,0.3797,0.115,0.166,0.313,0.135,0.281,0.088,0.000,0.000,24,12,0,0,0.287,0.142,0.250,0.044,0.010,0.005,29,11,3,2
0.253,0.185,0.441,-1.1,0.105,-1,0.3634,0.3372,0.206,0.192,0.313,0.135,0.281,0.088,0.000,0.000,24,12,0,0,0.287,0.142,0.250,0.044,0.010,0.005,29,11,3,2
0.204,0.251,0.803,0.22,0.230,0,0.3131,0.3018,0.182,0.303,0.313,0.135,0.281,0.088,0.000,0.000,24,12,0,0,0.287,0.142,0.250,0.044,0.010,0.005,29,11,3,2
0.204,0.233,0.495,-0.52,0.062,0,0.2641,0.2654,0.145,0.341,0.313,0.135,0.281,0.088,0.000,0.000,24,12,0,0,0.287,0.142,0.250,0.044,0.010,0.005,29,11,3,2
0.200,0.173,0.406,-0.52,0.062,0,0.2209,0.2306,0.132,0.341,0.313,0.135,0.281,0.088,0.000,0.000,24,12,0,0,0.287,0.142,0.250,0.044,0.010,0.005,29,11,3,2
0.132,0.152,0.142,-1.1,0.105,-1,0.1888,0.2035,0.161,0.192,0.313,0.135,0.281,0.088,0.000,0.000,24,12,0,0,0.287,0.142,0.250,0.044,0.010,0.005,29,11,3,2
0.132,0.120,0.374,1.42,0.221,0,0.1547,0.1745,0.112,-0.397,0.313,0.135,0.281,0.088,0.000,0.000,24,12,0,0,0.287,0.142,0.250,0.044,0.010,0.005,29,11,3,2
0.131,0.094,0.323,1.99,0.186,0,0.1377,0.1599,0.090,-0.326,0.313,0.135,0.281,0.088,0.000,0.000,24,12,0,0,0.287,0.142,0.250,0.044,0.010,0.005,29,11,3,2
0.127,0.151,0.378,0,0.000,0,0.1251,0.1487,0.101,0.166,0.313,0.135,0.281,0.088,0.000,0.000,24,12,0,0,0.287,0.142,0.250,0.044,0.010,0.005,29,11,3,2
0.132,0.105,0.303,2.1,0.128,0,0.1285,0.1524,0.054,0.02,0.313,0.135,0.281,0.088,0.000,0.000,24,12,0,0,0.287,0.142,0.250,0.044,0.010,0.005,29,11,3,2
0.102,0.103,0.399,0,0.000,0,0.1195,0.1460,0.081,0.166,0.313,0.135,0.281,0.088,0.000,0.000,24,12,0,0,0.287,0.142,0.250,0.044,0.010,0.005,29,11,3,2
0.096,0.110,0.272,1.69,0.290,0,0.1056,0.1343,0.060,-0.697,0.313,0.135,0.281,0.088,0.000,0.000,24,12,0,0,0.287,0.142,0.250,0.044,0.010,0.005,29,11,3,2
0.096,0.135,0.167,1.69,0.290,0,0.0981,0.1269,0.037,-0.697,0.313,0.135,0.281,0.088,0.000,0.000,24,12,0,0,0.287,0.142,0.250,0.044,0.010,0.005,29,11,3,2
0.093,0.202,0.574,-1.19,0.219,1,0.0888,0.1181,0.121,0.586,0.313,0.135,0.281,0.088,0.000,0.000,24,12,0,0,0.287,0.142,0.250,0.044,0.010,0.005,29,11,3,2
0.090,0.145,0.024,1.99,0.186,0,0.0829,0.1123,0.038,-0.326,0.313,0.135,0.281,0.088,0.000,0.000,24,12,0,0,0.287,0.142,0.250,0.044,0.010,0.005,29,11,3,2
0.076,0.247,0.454,1.76,0.409,0,0.0760,0.1085,0.076,-0.884,0.313,0.135,0.281,0.088,0.000,0.000,24,12,0,0,0.287,0.142,0.250,0.044,0.010,0.005,29,11,3,2
0.075,0.195,0.427,2.53,0.140,0,0.0748,0.1084,0.037,-0.121,0.313,0.135,0.281,0.088,0.000,0.000,24,12,0,0,0.287,0.142,0.250,0.044,0.010,0.005,29,11,3,2
0.075,0.271,0.564,-0.08,0.108,0,0.0806,0.1151,0.091,0.059,0.313,0.135,0.281,0.088,0.000,0.000,24,12,0,0,0.287,0.142,0.250,0.044,0.010,0.005,29,11,3,2
0.072,0.273,0.535,0,0.000,0,0.0960,0.1299,0.099,0.166,0.313,0.135,0.281,0.088,0.000,0.000,24,12,0,0,0.287,0.142,0.250,0.044,0.010,0.005,29,11,3,2
0.068,0.315,0.661,0.2,0.291,1,0.1084,0.1425,0.215,0.180,0.313,0.135,0.281,0.088,0.000,0.000,24,12,0,0,0.287,0.142,0.250,0.044,0.010,0.005,29,11,3,2
0.054,0.198,0.445,1.69,0.290,0,0.1360,0.1660,0.086,-0.697,0.313,0.135,0.281,0.088,0.000,0.000,24,12,0,0,0.287,0.142,0.250,0.044,0.010,0.005,29,11,3,2
0.050,0.190,0.581,-1.1,0.105,-1,0.1817,0.2040,0.279,0.192,0.313,0.135,0.281,0.088,0.000,0.000,24,12,0,0,0.287,0.142,0.250,0.044,0.010,0.005,29,11,3,2
0.062,0.181,0.449,-1.1,0.105,-1,0.2408,0.2495,0.335,0.192,0.313,0.135,0.281,0.088,0.000,0.000,24,12,0,0,0.287,0.142,0.250,0.044,0.010,0.005,29,11,3,2
0.073,0.157,0.551,1.42,0.221,0,0.2911,0.2881,0.245,-0.397,0.313,0.135,0.281,0.088,0.000,0.000,24,12,0,0,0.287,0.142,0.250,0.044,0.010,0.005,29,11,3,2
0.056,0.222,0.379,0,0.000,0,0.3370,0.3212,0.282,0.166,0.313,0.135,0.281,0.088,0.000,0.000,24,12,0,0,0.287,0.142,0.250,0.044,0.010,0.005,29,11,3,2
0.058,0.279,0.468,1.37,0.298,0,0.3859,0.3580,0.152,-0.510,0.313,0.135,0.281,0.088,0.000,0.000,24,12,0,0,0.287,0.142,0.250,0.044,0.010,0.005,29,11,3,2
0.086,0.184,0.425,-1.14,0.131,0,0.4248,0.3867,0.254,0.987,0.313,0.135,0.281,0.088,0.000,0.000,24,12,0,0,0.287,0.142,0.250,0.044,0.010,0.005,29,11,3,2
0.107,0.288,0.730,0.2,0.291,1,0.4636,0.4166,0.250,0.180,0.313,0.135,0.281,0.088,0.000,0.000,24,12,0,0,0.287,0.142,0.250,0.044,0.010,0.005,29,11,3,2
0.113,0.185,0.376,-1.14,0.131,0,0.4875,0.4328,0.258,0.987,0.313,0.135,0.281,0.088,0.000,0.000,24,12,0,0,0.287,0.142,0.250,0.044,0.010,0.005,29,11,3,2
0.111,0.213,0.475,-0.42,0.180,0,0.4964,0.4381,0.309,0.318,0.313,0.135,0.281,0.088,0.000,0.000,24,12,0,0,0.287,0.142,0.250,0.044,0.010,0.005,29,11,3,2
0.086,0.155,0.489,1.69,0.290,0,0.5004,0.4397,0.150,-0.697,0.313,0.135,0.281,0.088,0.000,0.000,24,12,0,0,0.287,0.142,0.250,0.044,0.010,0.005,29,11,3,2
0.089,0.120,0.220,-1.1,0.105,-1,0.5059,0.4425,0.284,0.192,0.313,0.135,0.281,0.088,0.000,0.000,24,12,0,0,0.287,0.142,0.250,0.044,0.010,0.005,29,11,3,2
0.093,0.108,0.164,0.85,0.046,0,0.5170,0.4512,0.308,0.06,0.313,0.135,0.281,0.088,0.000,0.000,24,12,0,0,0.287,0.142,0.250,0.044,0.010,0.005,29,11,3,2
0.099,0.101,0.440,-1.1,0.105,-1,0.5106,0.4484,0.470,0.192,0.313,0.135,0.281,0.088,0.000,0.000,24,12,0,0,0.287,0.142,0.250,0.044,0.010,0.005,29,11,3,2
0.097,0.129,0.572,-0.42,0.180,0,0.5054,0.4473,0.367,0.318,0.313,0.135,0.281,0.088,0.000,0.000,24,12,0,0,0.287,0.142,0.250,0.044,0.010,0.005,29,11,3,2
0.095,0.149,0.301,0,0.000,0,0.4921,0.4403,0.185,0.166,0.313,0.135,0.281,0.088,0.000,0.000,24,12,0,0,0.287,0.142,0.250,0.044,0.010,0.005,29,11,3,2
0.104,0.133,0.053,0.85,0.046,0,0.4806,0.4349,0.142,0.06,0.313,0.135,0.281,0.088,0.000,0.000,24,12,0,0,0.287,0.142,0.250,0.044,0.010,0.005,29,11,3,2
0.088,0.147,0.416,-1.19,0.219,1,0.4632,0.4248,0.415,0.586,0.313,0.135,0.281,0.088,0.000,0.000,24,12,0,0,0.287,0.142,0.250,0.044,0.010,0.005,29,11,3,2
0.089,0.106,0.065,0.85,0.046,0,0.4460,0.4156,0.108,0.06,0.313,0.135,0.281,0.088,0.000,0.000,24,12,0,0,0.287,0.142,0.250,0.044,0.010,0.005,29,11,3,2
0.100,0.107,0.025,2.53,0.140,0,0.4431,0.4173,0.075,-0.121,0.313,0.135,0.281,0.088,0.000,0.000,24,12,0,0,0.287,0.142,0.250,0.044,0.010,0.005,29,11,3,2
0.111,0.116,0.186,-0.79,0.151,-1,0.4562,0.4298,0.343,0.736,0.313,0.135,0.281,0.088,0.000,0.000,24,12,0,0,0.287,0.142,0.250,0.044,0.010,0.005,29,11,3,2
0.137,0.128,0.399,-0.48,0.134,0,0.4694,0.4425,0.366,0.007,0.313,0.135,0.281,0.088,0.000,0.000,24,12,0,0,0.287,0.142,0.250,0.044,0.010,0.005,29,11,3,2
0.150,0.137,0.044,0.85,0.046,0,0.4875,0.4584,0.171,0.06,0.313,0.135,0.281,0.088,0.000,0.000,24,12,0,0,0.287,0.142,0.250,0.044,0.010,0.005,29,11,3,2
0.159,0.180,0.216,0,0.000,0,0.4999,0.4709,0.220,0.166,0.313,0.135,0.281,0.088,0.000,0.000,24,12,0,0,0.287,0.142,0.250,0.044,0.010,0.005,29,11,3,2
0.166,0.101,0.342,0,0.000,0,0.5012,0.4761,0.086,0.166,0.313,0.135,0.281,0.088,0.000,0.000,24,12,0,0,0.287,0.142,0.250,0.044,0.010,0.005,29,11,3,2
0.141,0.088,0.271,2.53,0.140,0,0.4994,0.4805,0.101,-0.121,0.313,0.135,0.281,0.088,0.000,0.000,24,12,0,0,0.287,0.142,0.250,0.044,0.010,0.005,29,11,3,2
0.170,0.094,0.210,3.14,0.186,0,0.4801,0.4685,0.059,-0.486,0.313,0.135,0.281,0.088,0.000,0.000,24,12,0,0,0.287,0.142,0.250,0.044,0.010,0.005,29,11,3,2
0.169,0.174,0.224,-0.79,0.151,-1,0.4442,0.4442,0.139,0.736,0.313,0.135,0.281,0.088,0.000,0.000,24,12,0,0,0.287,0.142,0.250,0.044,0.010,0.005,29,11,3,2
0.138,0.151,0.404,1.42,0.221,0,0.3971,0.4103,0.086,-0.397,0.313,0.135,0.281,0.088,0.000,0.000,24,12,0,0,0.287,0.142,0.250,0.044,0.010,0.005,29,11,3,2
0.122,0.277,0.674,0.22,0.230,0,0.3362,0.3646,0.113,0.303,0.313,0.135,0.281,0.088,0.000,0.000,24,12,0,0,0.287,0.142,0.250,0.044,0.010,0.005,29,11,3,2
0.119,0.286,0.820,0.22,0.230,0,0.2939,0.3340,0.202,0.303,0.313,0.135,0.281,0.088,0.000,0.000,24,12,0,0,0.287,0.142,0.250,0.044,0.010,0.005,29,11,3,2
0.124,0.231,0.687,0,0.000,0,0.2540,0.3043,0.186,0.166,0.313,0.135,0.281,0.088,0.000,0.000,24,12,0,0,0.287,0.142,0.250,0.044,0.010,0.005,29,11,3,2
0.145,0.260,0.715,-0.52,0.062,0,0.2268,0.2822,0.224,0.341,0.313,0.135,0.281,0.088,0.000,0.000,24,12,0,0,0.287,0.142,0.250,0.044,0.010,0.005,29,11,3,2
0.144,0.270,0.814,0.22,0.230,0,0.2087,0.2652,0.236,0.303,0.313,0.135,0.281,0.088,0.000,0.000,24,12,0,0,0.287,0.142,0.250,0.044,0.010,0.005,29,11,3,2
0.116,0.153,0.485,0.85,0.046,0,0.2078,0.2599,0.133,0.06,0.313,0.135,0.281,0.088,0.000,0.000,24,12,0,0,0.287,0.142,0.250,0.044,0.010,0.005,29,11,3,2
0.096,0.167,0.364,-0.79,0.151,-1,0.2187,0.2622,0.239,0.736,0.313,0.135,0.281,0.088,0.000,0.000,24,12,0,0,0.287,0.142,0.250,0.044,0.010,0.005,29,11,3,2
0.119,0.194,0.643,-1.19,0.219,1,0.2376,0.2725,0.139,0.586,0.313,0.135,0.281,0.088,0.000,0.000,24,12,0,0,0.287,0.142,0.250,0.044,0.010,0.005,29,11,3,2
0.116,0.108,0.364,2.53,0.140,0,0.2562,0.2808,0.056,-0.121,0.313,0.135,0.281,0.088,0.000,0.000,24,12,0,0,0.287,0.142,0.250,0.044,0.010,0.005,29,11,3,2
0.141,0.099,0.006,2.53,0.140,0,0.2732,0.2889,0.044,-0.121,0.313,0.135,0.281,0.088,0.000,0.000,24,12,0,0,0.287,0.142,0.250,0.044,0.010,0.005,29,11,3,2
0.111,0.130,0.520,1.37,0.298,0,0.3007,0.3049,0.073,-0.510,0.313,0.135,0.281,0.088,0.000,0.000,24,12,0,0,0.287,0.142,0.250,0.044,0.010,0.005,29,11,3,2
0.099,0.089,0.003,3.14,0.186,0,0.3285,0.3211,0.033,-0.486,0.313,0.135,0.281,0.088,0.000,0.000,24,12,0,0,0.287,0.142,0.250,0.044,0.010,0.005,29,11,3,2
0.088,0.121,0.300,-0.48,0.134,0,0.3494,0.3344,0.098,0.007,0.313,0.135,0.281,0.088,0.000,0.000,24,12,0,0,0.287,0.142,0.250,0.044,0.010,0.005,29,11,3,2
0.070,0.141,0.271,1.99,0.186,0,0.3605,0.3405,0.057,-0.326,0.313,0.135,0.281,0.088,0.000,0.000,24,12,0,0,0.287,0.142,0.250,0.044,0.010,0.005,29,11,3,2
0.063,0.120,0.216,2.53,0.140,0,0.3536,0.3310,0.105,-0.121,0.313,0.135,0.281,0.088,0.000,0.000,24,12,0,0,0.287,0.142,0.250,0.044,0.010,0.005,29,11,3,2
0.056,0.150,0.324,-0.79,0.151,-1,0.3503,0.3211,0.317,0.736,0.313,0.135,0.281,0.088,0.000,0.000,24,12,0,0,0.287,0.142,0.250,0.044,0.010,0.005,29,11,3,2
0.054,0.188,0.284,-0.48,0.134,0,0.3498,0.3119,0.301,0.007,0.313,0.135,0.281,0.088,0.000,0.000,24,12,0,0,0.287,0.142,0.250,0.044,0.010,0.005,29,11,3,2
0.070,0.169,0.370,-1.19,0.219,1,0.3465,0.2987,0.393,0.586,0.313,0.135,0.281,0.088,0.000,0.000,24,12,0,0,0.287,0.142,0.250,0.044,0.010,0.005,29,11,3,2
0.045,0.142,0.165,-0.08,0.108,0,0.3350,0.2780,0.393,0.059,0.313,0.135,0.281,0.088,0.000,0.000,24,12,0,0,0.287,0.142,0.250,0.044,0.010,0.005,29,11,3,2
0.044,0.084,0.007,1.99,0.186,0,0.3350,0.2667,0.213,-0.326,0.313,0.135,0.281,0.088,0.000,0.000,24,12,0,0,0.287,0.142,0.250,0.044,0.010,0.005,29,11,3,2
0.044,0.075,0.018,-0.79,0.151,-1,0.3492,0.2662,0.423,0.736,0.313,0.135,0.281,0.088,0.000,0.000,24,12,0,0,0.287,0.142,0.250,0.044,0.010,0.005,29,11,3,2
0.048,0.066,0.025,-1.14,0.131,0,0.3714,0.2711,0.373,0.987,0.313,0.135,0.281,0.088,0.000,0.000,24,12,0,0,0.287,0.142,0.250,0.044,0.010,0.005,29,11,3,2
0.050,0.083,0.014,-1.1,0.105,-1,0.3974,0.2808,0.471,0.192,0.313,0.135,0.281,0.088,0.000,0.000,24,12,0,0,0.287,0.142,0.250,0.044,0.010,0.005,29,11,3,2
0.040,0.073,0.030,-0.79,0.151,-1,0.4174,0.2880,0.490,0.736,0.313,0.135,0.281,0.088,0.000,0.000,24,12,0,0,0.287,0.142,0.250,0.044,0.010,0.005,29,11,3,2
0.041,0.093,0.052,-1.1,0.105,-1,0.4405,0.3023,0.470,0.192,0.313,0.135,0.281,0.088,0.000,0.000,24,12,0,0,0.287,0.142,0.250,0.044,0.010,0.005,29,11,3,2
0.041,0.105,0.061,-1.1,0.105,-1,0.4544,0.3129,0.270,0.192,0.313,0.135,0.281,0.088,0.000,0.000,24,12,0,0,0.287,0.142,0.250,0.044,0.010,0.005,29,11,3,2
0.052,0.145,0.090,-0.42,0.180,0,0.4451,0.3066,0.248,0.318,0.313,0.135,0.281,0.088,0.000,0.000,24,12,0,0,0.287,0.142,0.250,0.044,0.010,0.005,29,11,3,2
0.078,0.206,0.499,0.2,0.291,1,0.4205,0.2877,0.263,0.180,0.313,0.135,0.281,0.088,0.000,0.000,24,12,0,0,0.287,0.142,0.250,0.044,0.010,0.005,29,11,3,2
0.051,0.160,0.108,1.69,0.290,0,0.3938,0.2650,0.060,-0.697,0.313,0.135,0.281,0.088,0.000,0.000,24,12,0,0,0.287,0.142,0.250,0.044,0.010,0.005,29,11,3,2
0.055,0.117,0.138,3.14,0.186,0,0.3675,0.2420,0.063,-0.486,0.313,0.135,0.281,0.088,0.000,0.000,24,12,0,0,0.287,0.142,0.250,0.044,0.010,0.005,29,11,3,2
0.055,0.168,0.028,2.53,0.140,0,0.3465,0.2247,0.065,-0.121,0.313,0.135,0.281,0.088,0.000,0.000,24,12,0,0,0.287,0.142,0.250,0.044,0.010,0.005,29,11,3,2
0.065,0.170,0.384,-1.1,0.105,-1,0.3173,0.2027,0.183,0.192,0.313,0.135,0.281,0.088,0.000,0.000,24,12,0,0,0.287,0.142,0.250,0.044,0.010,0.005,29,11,3,2
0.068,0.244,0.335,0,0.000,0,0.2715,0.1693,0.088,0.166,0.313,0.135,0.281,0.088,0.000,0.000,24,12,0,0,0.287,0.142,0.250,0.044,0.010,0.005,29,11,3,2
0.068,0.269,0.571,1.76,0.409,0,0.2307,0.1413,0.126,-0.884,0.313,0.135,0.281,0.088,0.000,0.000,24,12,0,0,0.287,0.142,0.250,0.044,0.010,0.005,29,11,3,2
0.105,0.242,0.245,0.85,0.046,0,0.1889,0.1138,0.121,0.06,0.313,0.135,0.281,0.088,0.000,0.000,24,12,0,0,0.287,0.142,0.250,0.044,0.010,0.005,29,11,3,2
0.090,0.243,0.362,0.85,0.046,0,0.1525,0.0902,0.167,0.06,0.313,0.135,0.281,0.088,0.000,0.000,24,12,0,0,0.287,0.142,0.250,0.044,0.010,0.005,29,11,3,2
0.093,0.256,0.522,0,0.000,0,0.1167,0.0688,0.150,0.166,0.313,0.135,0.281,0.088,0.000,0.000,24,12,0,0,0.287,0.142,0.250,0.044,0.010,0.005,29,11,3,2
0.094,0.285,0.572,-1.19,0.219,1,0.0815,0.0480,0.328,0.586,0.313,0.135,0.281,0.088,0.000,0.000,24,12,0,0,0.287,0.142,0.250,0.044,0.010,0.005,29,11,3,2
0.091,0.269,0.358,1.69,0.290,0,0.0655,0.0393,0.112,-0.697,0.313,0.135,0.281,0.088,0.000,0.000,24,12,0,0,0.287,0.142,0.250,0.044,0.010,0.005,29,11,3,2
0.111,0.267,0.393,0,0.000,0,0.0630,0.0375,0.226,0.166,0.313,0.135,0.281,0.088,0.000,0.000,24,12,0,0,0.287,0.142,0.250,0.044,0.010,0.005,29,11,3,2
0.114,0.250,0.365,1.99,0.186,0,0.0734,0.0412,0.106,-0.326,0.313,0.135,0.281,0.088,0.000,0.000,24,12,0,0,0.287,0.142,0.250,0.044,0.010,0.005,29,11,3,2
0.115,0.229,0.478,-1.1,0.105,-1,0.0778,0.0399,0.301,0.192,0.313,0.135,0.281,0.088,0.000,0.000,24,12,0,0,0.287,0.142,0.250,0.044,0.010,0.005,29,11,3,2
0.114,0.179,0.249,2.53,0.140,0,0.0932,0.0475,0.060,-0.121,0.313,0.135,0.281,0.088,0.000,0.000,24,12,0,0,0.287,0.142,0.250,0.044,0.010,0.005,29,11,3,2
0.112,0.208,0.453,-1.14,0.131,0,0.0976,0.0475,0.132,0.987,0.313,0.135,0.281,0.088,0.000,0.000,24,12,0,0,0.287,0.142,0.250,0.044,0.010,0.005,29,11,3,2
0.131,0.300,0.513,-1.19,0.219,1,0.0991,0.0474,0.259,0.586,0.313,0.135,0.281,0.088,0.000,0.000,24,12,0,0,0.287,0.142,0.250,0.044,0.010,0.005,29,11,3,2
0.136,0.244,0.402,1.69,0.290,0,0.0936,0.0423,0.059,-0.697,0.313,0.135,0.281,0.088,0.000,0.000,24,12,0,0,0.287,0.142,0.250,0.044,0.010,0.005,29,11,3,2
0.135,0.166,0.002,1.99,0.186,0,0.0971,0.0432,0.052,-0.326,0.313,0.135,0.281,0.088,0.000,0.000,24,12,0,0,0.287,0.142,0.250,0.044,0.010,0.005,29,11,3,2
0.135,0.158,0.231,3.14,0.186,0,0.1142,0.0516,0.061,-0.486,0.313,0.135,0.281,0.088,0.000,0.000,24,12,0,0,0.287,0.142,0.250,0.044,0.010,0.005,29,11,3,2
0.111,0.109,0.084,0.85,0.046,0,0.1429,0.0665,0.080,0.06,0.313,0.135,0.281,0.088,0.000,0.000,24,12,0,0,0.287,0.142,0.250,0.044,0.010,0.005,29,11,3,2
0.128,0.129,0.068,0.85,0.046,0,0.1685,0.0809,0.023,0.06,0.313,0.135,0.281,0.088,0.000,0.000,24,12,0,0,0.287,0.142,0.250,0.044,0.010,0.005,29,11,3,2
0.155,0.098,0.015,0.85,0.046,0,0.1791,0.0867,0.070,0.06,0.313,0.135,0.281,0.088,0.000,0.000,24,12,0,0,0.287,0.142,0.250,0.044,0.010,0.005,29,11,3,2
0.191,0.106,0.027,0.85,0.046,0,0.1868,0.0906,0.103,0.06,0.313,0.135,0.281,0.088,0.000,0.000,24,12,0,0,0.287,0.142,0.250,0.044,0.010,0.005,29,11,3,2
0.199,0.178,0.060,-0.08,0.108,0,0.1921,0.0927,0.079,0.059,0.313,0.135,0.281,0.088,0.000,0.000,24,12,0,0,0.287,0.142,0.250,0.044,0.010,0.005,29,11,3,2
0.241,0.147,0.002,2.53,0.140,0,0.1961,0.0910,0.050,-0.121,0.313,0.135,0.281,0.088,0.000,0.000,24,12,0,0,0.287,0.142,0.250,0.044,0.010,0.005,29,11,3,2
0.245,0.117,0.226,-0.79,0.151,-1,0.1944,0.0856,0.283,0.736,0.313,0.135,0.281,0.088,0.000,0.000,24,12,0,0,0.287,0.142,0.250,0.044,0.010,0.005,29,11,3,2
0.203,0.113,0.117,1.42,0.221,0,0.1904,0.0799,0.212,-0.397,0.313,0.135,0.281,0.088,0.000,0.000,24,12,0,0,0.287,0.142,0.250,0.044,0.010,0.005,29,11,3,2
0.235,0.130,0.239,1.99,0.186,0,0.1924,0.0762,0.156,-0.326,0.313,0.135,0.281,0.088,0.000,0.000,24,12,0,0,0.287,0.142,0.250,0.044,0.010,0.005,29,11,3,2
0.227,0.231,0.392,0,0.000,0,0.2105,0.0843,0.425,0.166,0.313,0.135,0.281,0.088,0.000,0.000,24,12,0,0,0.287,0.142,0.250,0.044,0.010,0.005,29,11,3,2
0.242,0.288,0.495,0,0.000,0,0.2419,0.1017,0.222,0.166,0.313,0.135,0.281,0.088,0.000,0.000,24,12,0,0,0.287,0.142,0.250,0.044,0.010,0.005,29,11,3,2
0.236,0.281,0.498,-1.14,0.131,0,0.2654,0.1141,0.354,0.987,0.313,0.135,0.281,0.088,0.000,0.000,24,12,0,0,0.287,0.142,0.250,0.044,0.010,0.005,29,11,3,2
0.245,0.407,0.764,-1.19,0.219,1,0.2991,0.1363,0.497,0.586,0.313,0.135,0.281,0.088,0.000,0.000,24,12,0,0,0.287,0.142,0.250,0.044,0.010,0.005,29,11,3,2
0.235,0.388,0.632,-1.19,0.219,1,0.3235,0.1550,0.345,0.586,0.313,0.135,0.281,0.088,0.000,0.000,24,12,0,0,0.287,0.142,0.250,0.044,0.010,0.005,29,11,3,2
0.235,0.211,0.089,0.85,0.046,0,0.3471,0.1768,0.078,0.06,0.313,0.135,0.281,0.088,0.000,0.000,24,12,0,0,0.287,0.142,0.250,0.044,0.010,0.005,29,11,3,2
0.239,0.269,0.545,-1.19,0.219,1,0.3509,0.1873,0.324,0.586,0.313,0.135,0.281,0.088,0.000,0.000,24,12,0,0,0.287,0.142,0.250,0.044,0.010,0.005,29,11,3,2
0.233,0.172,0.009,3.14,0.186,0,0.3475,0.1937,0.061,-0.486,0.313,0.135,0.281,0.088,0.000,0.000,24,12,0,0,0.287,0.142,0.250,0.044,0.010,0.005,29,11,3,2
0.279,0.177,0.209,2.53,0.140,0,0.3483,0.1990,0.102,-0.121,0.313,0.135,0.281,0.088,0.000,0.000,24,12,0,0,0.287,0.142,0.250,0.044,0.010,0.005,29,11,3,2
0.226,0.169,0.049,3.14,0.186,0,0.3552,0.2046,0.028,-0.486,0.313,0.135,0.281,0.088,0.000,0.000,24,12,0,0,0.287,0.142,0.250,0.044,0.010,0.005,29,11,3,2
0.228,0.110,0.139,-1.14,0.131,0,0.3568,0.2061,0.133,0.987,0.313,0.135,0.281,0.088,0.000,0.000,24,12,0,0,0.287,0.142,0.250,0.044,0.010,0.005,29,11,3,2
0.223,0.116,0.629,-0.52,0.062,0,0.3398,0.1928,0.124,0.341,0.313,0.135,0.281,0.088,0.000,0.000,24,12,0,0,0.287,0.142,0.250,0.044,0.010,0.005,29,11,3,2
0.213,0.082,0.483,3.14,0.186,0,0.3214,0.1771,0.121,-0.486,0.313,0.135,0.281,0.088,0.000,0.000,24,12,0,0,0.287,0.142,0.250,0.044,0.010,0.005,29,11,3,2
0.226,0.112,0.587,-0.52,0.062,0,0.3152,0.1742,0.152,0.341,0.313,0.135,0.281,0.088,0.000,0.000,24,12,0,0,0.287,0.142,0.250,0.044,0.010,0.005,29,11,3,2
0.193,0.079,0.677,-1.14,0.131,0,0.3168,0.1811,0.170,0.987,0.313,0.135,0.281,0.088,0.000,0.000,24,12,0,0,0.287,0.142,0.250,0.044,0.010,0.005,29,11,3,2
0.161,0.084,0.727,0.85,0.046,0,0.3145,0.1845,0.316,0.06,0.313,0.135,0.281,0.088,0.000,0.000,24,12,0,0,0.287,0.142,0.250,0.044,0.010,0.005,29,11,3,2
0.112,0.118,0.418,-0.42,0.180,0,0.3116,0.1905,0.234,0.318,0.313,0.135,0.281,0.088,0.000,0.000,24,12,0,0,0.287,0.142,0.250,0.044,0.010,0.005,29,11,3,2
0.086,0.088,0.002,3.14,0.186,0,0.3149,0.2021,0.039,-0.486,0.313,0.135,0.281,0.088,0.000,0.000,24,12,0,0,0.287,0.142,0.250,0.044,0.010,0.005,29,11,3,2
0.089,0.096,0.007,0.85,0.046,0,0.3297,0.2219,0.120,0.06,0.313,0.135,0.281,0.088,0.000,0.000,24,12,0,0,0.287,0.142,0.250,0.044,0.010,0.005,29,11,3,2
0.072,0.101,0.013,-0.79,0.151,-1,0.3533,0.2492,0.350,0.736,0.313,0.135,0.281,0.088,0.000,0.000,24,12,0,0,0.287,0.142,0.250,0.044,0.010,0.005,29,11,3,2
0.072,0.116,0.002,0.85,0.046,0,0.3644,0.2637,0.113,0.06,0.313,0.135,0.281,0.088,0.000,0.000,24,12,0,0,0.287,0.142,0.250,0.044,0.010,0.005,29,11,3,2
0.075,0.110,0.014,1.99,0.186,0,0.3656,0.2691,0.070,-0.326,0.313,0.135,0.281,0.088,0.000,0.000,24,12,0,0,0.287,0.142,0.250,0.044,0.010,0.005,29,11,3,2
0.068,0.141,0.316,-0.42,0.180,0,0.3638,0.2715,0.434,0.318,0.313,0.135,0.281,0.088,0.000,0.000,24,12,0,0,0.287,0.142,0.250,0.044,0.010,0.005,29,11,3,2
0.066,0.231,0.478,0,0.000,0,0.3690,0.2796,0.580,0.166,0.313,0.135,0.281,0.088,0.000,0.000,24,12,0,0,0.287,0.142,0.250,0.044,0.010,0.005,29,11,3,2
0.063,0.252,0.772,0.2,0.291,1,0.3605,0.2778,0.308,0.180,0.313,0.135,0.281,0.088,0.000,0.000,24,12,0,0,0.287,0.142,0.250,0.044,0.010,0.005,29,11,3,2
0.070,0.251,0.435,0,0.000,0,0.3505,0.2773,0.400,0.166,0.313,0.135,0.281,0.088,0.000,0.000,24,12,0,0,0.287,0.142,0.250,0.044,0.010,0.005,29,11,3,2
0.073,0.231,0.445,1.76,0.409,0,0.3478,0.2845,0.108,-0.884,0.313,0.135,0.281,0.088,0.000,0.000,24,12,0,0,0.287,0.142,0.250,0.044,0.010,0.005,29,11,3,2
0.076,0.108,0.351,-1.1,0.105,-1,0.3495,0.2962,0.282,0.192,0.313,0.135,0.281,0.088,0.000,0.000,24,12,0,0,0.287,0.142,0.250,0.044,0.010,0.005,29,11,3,2
0.079,0.122,0.392,0.85,0.046,0,0.3542,0.3122,0.116,0.06,0.313,0.135,0.281,0.088,0.000,0.000,24,12,0,0,0.287,0.142,0.250,0.044,0.010,0.005,29,11,3,2
0.076,0.143,0.133,-0.79,0.151,-1,0.3403,0.3121,0.281,0.736,0.313,0.135,0.281,0.088,0.000,0.000,24,12,0,0,0.287,0.142,0.250,0.044,0.010,0.005,29,11,3,2
0.094,0.134,0.065,3.14,0.186,0,0.3236,0.3074,0.083,-0.486,0.313,0.135,0.281,0.088,0.000,0.000,24,12,0,0,0.287,0.142,0.250,0.044,0.010,0.005,29,11,3,2
0.093,0.143,0.124,2.53,0.140,0,0.3222,0.3125,0.060,-0.121,0.313,0.135,0.281,0.088,0.000,0.000,24,12,0,0,0.287,0.142,0.250,0.044,0.010,0.005,29,11,3,2
0.090,0.155,0.364,-0.08,0.108,0,0.3343,0.3279,0.172,0.059,0.313,0.135,0.281,0.088,0.000,0.000,24,12,0,0,0.287,0.142,0.250,0.044,0.010,0.005,29,11,3,2
0.093,0.136,0.309,-1.1,0.105,-1,0.3394,0.3329,0.195,0.192,0.313,0.135,0.281,0.088,0.000,0.000,24,12,0,0,0.287,0.142,0.250,0.044,0.010,0.005,29,11,3,2
0.095,0.084,0.405,0.85,0.046,0,0.3414,0.3337,0.133,0.06,0.313,0.135,0.281,0.088,0.000,0.000,24,12,0,0,0.287,0.142,0.250,0.044,0.010,0.005,29,11,3,2
0.087,0.110,0.552,-0.52,0.062,0,0.3401,0.3320,0.218,0.341,0.313,0.135,0.281,0.088,0.000,0.000,24,12,0,0,0.287,0.142,0.250,0.044,0.010,0.005,29,11,3,2
0.069,0.076,0.341,1.42,0.221,0,0.3378,0.3308,0.186,-0.397,0.313,0.135,0.281,0.088,0.000,0.000,24,12,0,0,0.287,0.142,0.250,0.044,0.010,0.005,29,11,3,2
0.103,0.137,0.211,0.85,0.046,0,0.3395,0.3336,0.164,0.06,0.313,0.135,0.281,0.088,0.000,0.000,24,12,0,0,0.287,0.142,0.250,0.044,0.010,0.005,29,11,3,2
0.105,0.137,0.480,0,0.000,0,0.3356,0.3336,0.207,0.166,0.313,0.135,0.281,0.088,0.000,0.000,24,12,0,0,0.287,0.142,0.250,0.044,0.010,0.005,29,11,3,2
0.103,0.153,0.221,-0.42,0.180,0,0.3171,0.3243,0.206,0.318,0.313,0.135,0.281,0.088,0.000,0.000,24,12,0,0,0.287,0.142,0.250,0.044,0.010,0.005,29,11,3,2
0.157,0.110,0.065,1.99,0.186,0,0.2982,0.3154,0.111,-0.326,0.313,0.135,0.281,0.088,0.000,0.000,24,12,0,0,0.287,0.142,0.250,0.044,0.010,0.005,29,11,3,2
0.165,0.102,0.081,2.53,0.140,0,0.2852,0.3129,0.099,-0.121,0.313,0.135,0.281,0.088,0.000,0.000,24,12,0,0,0.287,0.142,0.250,0.044,0.010,0.005,29,11,3,2
0.165,0.112,0.142,-1.1,0.105,-1,0.2724,0.3093,0.277,0.192,0.313,0.135,0.281,0.088,0.000,0.000,24,12,0,0,0.287,0.142,0.250,0.044,0.010,0.005,29,11,3,2
0.166,0.102,0.131,2.53,0.140,0,0.2679,0.3110,0.088,-0.121,0.313,0.135,0.281,0.088,0.000,0.000,24,12,0,0,0.287,0.142,0.250,0.044,0.010,0.005,29,11,3,2
0.176,0.155,0.643,0.2,0.291,1,0.2722,0.3179,0.266,0.180,0.313,0.135,0.281,0.088,0.000,0.000,24,12,0,0,0.287,0.142,0.250,0.044,0.010,0.005,29,11,3,2
0.181,0.115,0.285,-1.14,0.131,0,0.2919,0.3330,0.273,0.987,0.313,0.135,0.281,0.088,0.000,0.000,24,12,0,0,0.287,0.142,0.250,0.044,0.010,0.005,29,11,3,2
0.176,0.109,0.262,-0.79,0.151,-1,0.3187,0.3523,0.462,0.736,0.313,0.135,0.281,0.088,0.000,0.000,24,12,0,0,0.287,0.142,0.250,0.044,0.010,0.005,29,11,3,2
0.178,0.133,0.116,0,0.000,0,0.3327,0.3608,0.134,0.166,0.313,0.135,0.281,0.088,0.000,0.000,24,12,0,0,0.287,0.142,0.250,0.044,0.010,0.005,29,11,3,2
0.170,0.199,0.192,3.14,0.186,0,0.3510,0.3738,0.072,-0.486,0.313,0.135,0.281,0.088,0.000,0.000,24,12,0,0,0.287,0.142,0.250,0.044,0.010,0.005,29,11,3,2
0.143,0.136,0.002,1.99,0.186,0,0.3824,0.3945,0.064,-0.326,0.313,0.135,0.281,0.088,0.000,0.000,24,12,0,0,0.287,0.142,0.250,0.044,0.010,0.005,29,11,3,2
0.140,0.227,0.309,-1.19,0.219,1,0.4222,0.4209,0.266,0.586,0.313,0.135,0.281,0.088,0.000,0.000,24,12,0,0,0.287,0.142,0.250,0.044,0.010,0.005,29,11,3,2
0.146,0.184,0.351,2.1,0.128,0,0.4562,0.4449,0.043,0.02,0.313,0.135,0.281,0.088,0.000,0.000,24,12,0,0,0.287,0.142,0.250,0.044,0.010,0.005,29,11,3,2
0.152,0.249,0.291,2.53,0.140,0,0.4702,0.4582,0.076,-0.121,0.313,0.135,0.281,0.088,0.000,0.000,24,12,0,0,0.287,0.142,0.250,0.044,0.010,0.005,29,11,3,2
0.161,0.242,0.550,-1.1,0.105,-1,0.4831,0.4703,0.205,0.192,0.313,0.135,0.281,0.088,0.000,0.000,24,12,0,0,0.287,0.142,0.250,0.044,0.010,0.005,29,11,3,2
0.164,0.265,0.534,0,0.000,0,0.5041,0.4881,0.194,0.166,0.313,0.135,0.281,0.088,0.000,0.000,24,12,0,0,0.287,0.142,0.250,0.044,0.010,0.005,29,11,3,2
0.152,0.414,0.841,0.2,0.291,1,0.5160,0.4985,0.331,0.180,0.313,0.135,0.281,0.088,0.000,0.000,24,12,0,0,0.287,0.142,0.250,0.044,0.010,0.005,29,11,3,2
0.193,0.293,0.644,0,0.000,0,0.5363,0.5139,0.184,0.166,0.313,0.135,0.281,0.088,0.000,0.000,24,12,0,0,0.287,0.142,0.250,0.044,0.010,0.005,29,11,3,2
0.241,0.259,0.789,-0.52,0.062,0,0.5591,0.5310,0.186,0.341,0.313,0.135,0.281,0.088,0.000,0.000,24,12,0,0,0.287,0.142,0.250,0.044,0.010,0.005,29,11,3,2
0.227,0.209,0.813,-1.1,0.105,-1,0.5763,0.5426,0.305,0.192,0.313,0.135,0.281,0.088,0.000,0.000,24,12,0,0,0.287,0.142,0.250,0.044,0.010,0.005,29,11,3,2
0.236,0.313,0.707,-0.48,0.134,0,0.5854,0.5500,0.211,0.007,0.313,0.135,0.281,0.088,0.000,0.000,24,12,0,0,0.287,0.142,0.250,0.044,0.010,0.005,29,11,3,2
0.242,0.275,0.666,-0.08,0.108,0,0.5914,0.5563,0.190,0.059,0.313,0.135,0.281,0.088,0.000,0.000,24,12,0,0,0.287,0.142,0.250,0.044,0.010,0.005,29,11,3,2
0.195,0.359,0.746,0.2,0.291,1,0.5836,0.5540,0.267,0.180,0.313,0.135,0.281,0.088,0.000,0.000,24,12,0,0,0.287,0.142,0.250,0.044,0.010,0.005,29,11,3,2
0.171,0.221,0.659,1.42,0.221,0,0.5729,0.5497,0.169,-0.397,0.313,0.135,0.281,0.088,0.000,0.000,24,12,0,0,0.287,0.142,0.250,0.044,0.010,0.005,29,11,3,2
0.172,0.187,0.601,0,0.000,0,0.5632,0.5465,0.237,0.166,0.313,0.135,0.281,0.088,0.000,0.000,24,12,0,0,0.287,0.142,0.250,0.044,0.010,0.005,29,11,3,2
0.175,0.210,0.501,0,0.000,0,0.5419,0.5356,0.154,0.166,0.313,0.135,0.281,0.088,0.000,0.000,24,12,0,0,0.287,0.142,0.250,0.044,0.010,0.005,29,11,3,2
0.172,0.217,0.366,-1.14,0.131,0,0.5124,0.5187,0.227,0.987,0.313,0.135,0.281,0.088,0.000,0.000,24,12,0,0,0.287,0.142,0.250,0.044,0.010,0.005,29,11,3,2
0.177,0.318,0.661,-1.19,0.219,1,0.4789,0.5002,0.345,0.586,0.313,0.135,0.281,0.088,0.000,0.000,24,12,0,0,0.287,0.142,0.250,0.044,0.010,0.005,29,11,3,2
0.149,0.159,0.382,1.42,0.221,0,0.4510,0.4835,0.085,-0.397,0.313,0.135,0.281,0.088,0.000,0.000,24,12,0,0,0.287,0.142,0.250,0.044,0.010,0.005,29,11,3,2
0.147,0.201,0.228,-1.14,0.131,0,0.4433,0.4783,0.196,0.987,0.313,0.135,0.281,0.088,0.000,0.000,24,12,0,0,0.287,0.142,0.250,0.044,0.010,0.005,29,11,3,2
0.156,0.148,0.338,0,0.000,0,0.4439,0.4785,0.153,0.166,0.313,0.135,0.281,0.088,0.000,0.000,24,12,0,0,0.287,0.142,0.250,0.044,0.010,0.005,29,11,3,2
0.182,0.165,0.234,0,0.000,0,0.4214,0.4642,0.053,0.166,0.313,0.135,0.281,0.088,0.000,0.000,24,12,0,0,0.287,0.142,0.250,0.044,0.010,0.005,29,11,3,2
0.182,0.070,0.033,3.14,0.186,0,0.4077,0.4560,0.047,-0.486,0.313,0.135,0.281,0.088,0.000,0.000,24,12,0,0,0.287,0.142,0.250,0.044,0.010,0.005,29,11,3,2
0.184,0.115,0.212,1.37,0.298,0,0.3959,0.4487,0.058,-0.510,0.313,0.135,0.281,0.088,0.000,0.000,24,12,0,0,0.287,0.142,0.250,0.044,0.010,0.005,29,11,3,2
0.173,0.068,0.058,0.85,0.046,0,0.3745,0.4352,0.035,0.06,0.313,0.135,0.281,0.088,0.000,0.000,24,12,0,0,0.287,0.142,0.250,0.044,0.010,0.005,29,11,3,2
0.140,0.092,0.218,3.14,0.186,0,0.3479,0.4156,0.035,-0.486,0.313,0.135,0.281,0.088,0.000,0.000,24,12,0,0,0.287,0.142,0.250,0.044,0.010,0.005,29,11,3,2
0.140,0.169,0.126,0.85,0.046,0,0.3174,0.3930,0.036,0.06,0.313,0.135,0.281,0.088,0.000,0.000,24,12,0,0,0.287,0.142,0.250,0.044,0.010,0.005,29,11,3,2
0.145,0.263,0.610,0.22,0.230,0,0.2930,0.3746,0.140,0.303,0.313,0.135,0.281,0.088,0.000,0.000,24,12,0,0,0.287,0.142,0.250,0.044,0.010,0.005,29,11,3,2
0.145,0.382,0.708,-0.48,0.134,0,0.2683,0.3567,0.238,0.007,0.313,0.135,0.281,0.088,0.000,0.000,24,12,0,0,0.287,0.142,0.250,0.044,0.010,0.005,29,11,3,2
0.135,0.528,0.851,0.2,0.291,1,0.2458,0.3384,0.252,0.180,0.313,0.135,0.281,0.088,0.000,0.000,24,12,0,0,0.287,0.142,0.250,0.044,0.010,0.005,29,11,3,2
0.138,0.385,0.606,0,0.000,0,0.2307,0.3260,0.276,0.166,0.313,0.135,0.281,0.088,0.000,0.000,24,12,0,0,0.287,0.142,0.250,0.044,0.010,0.005,29,11,3,2
0.129,0.329,0.486,2.53,0.140,0,0.2311,0.3219,0.115,-0.121,0.313,0.135,0.281,0.088,0.000,0.000,24,12,0,0,0.287,0.142,0.250,0.044,0.010,0.005,29,11,3,2
0.156,0.357,0.674,-0.08,0.108,0,0.2550,0.3373,0.207,0.059,0.313,0.135,0.281,0.088,0.000,0.000,24,12,0,0,0.287,0.142,0.250,0.044,0.010,0.005,29,11,3,2
0.131,0.307,0.748,-0.52,0.062,0,0.2913,0.3611,0.132,0.341,0.313,0.135,0.281,0.088,0.000,0.000,24,12,0,0,0.287,0.142,0.250,0.044,0.010,0.005,29,11,3,2
0.146,0.142,0.569,3.14,0.186,0,0.3290,0.3847,0.117,-0.486,0.313,0.135,0.281,0.088,0.000,0.000,24,12,0,0,0.287,0.142,0.250,0.044,0.010,0.005,29,11,3,2
0.146,0.149,0.442,-0.79,0.151,-1,0.3678,0.4083,0.446,0.736,0.313,0.135,0.281,0.088,0.000,0.000,24,12,0,0,0.287,0.142,0.250,0.044,0.010,0.005,29,11,3,2
0.157,0.108,0.353,0,0.000,0,0.4002,0.4277,0.180,0.166,0.313,0.135,0.281,0.088,0.000,0.000,24,12,0,0,0.287,0.142,0.250,0.044,0.010,0.005,29,11,3,2
0.191,0.127,0.015,1.99,0.186,0,0.4241,0.4417,0.046,-0.326,0.313,0.135,0.281,0.088,0.000,0.000,24,12,0,0,0.287,0.142,0.250,0.044,0.010,0.005,29,11,3,2
0.182,0.139,0.515,-1.19,0.219,1,0.4375,0.4463,0.359,0.586,0.313,0.135,0.281,0.088,0.000,0.000,24,12,0,0,0.287,0.142,0.250,0.044,0.010,0.005,29,11,3,2
0.226,0.111,0.178,-0.42,0.180,0,0.4331,0.4381,0.354,0.318,0.313,0.135,0.281,0.088,0.000,0.000,24,12,0,0,0.287,0.142,0.250,0.044,0.010,0.005,29,11,3,2
0.217,0.112,0.022,3.14,0.186,0,0.4211,0.4244,0.055,-0.486,0.313,0.135,0.281,0.088,0.000,0.000,24,12,0,0,0.287,0.142,0.250,0.044,0.010,0.005,29,11,3,2
0.205,0.150,0.056,-0.08,0.108,0,0.4074,0.4094,0.130,0.059,0.313,0.135,0.281,0.088,0.000,0.000,24,12,0,0,0.287,0.142,0.250,0.044,0.010,0.005,29,11,3,2
0.214,0.177,0.473,-1.19,0.219,1,0.4083,0.4033,0.453,0.586,0.313,0.135,0.281,0.088,0.000,0.000,24,12,0,0,0.287,0.142,0.250,0.044,0.010,0.005,29,11,3,2
0.224,0.167,0.043,-0.79,0.151,-1,0.4048,0.3940,0.352,0.736,0.313,0.135,0.281,0.088,0.000,0.000,24,12,0,0,0.287,0.142,0.250,0.044,0.010,0.005,29,11,3,2
0.228,0.122,0.007,2.53,0.140,0,0.4175,0.3957,0.093,-0.121,0.313,0.135,0.281,0.088,0.000,0.000,24,12,0,0,0.287,0.142,0.250,0.044,0.010,0.005,29,11,3,2
0.237,0.119,0.100,0.85,0.046,0,0.4440,0.4066,0.238,0.06,0.313,0.135,0.281,0.088,0.000,0.000,24,12,0,0,0.287,0.142,0.250,0.044,0.010,0.005,29,11,3,2
0.272,0.175,0.398,-0.52,0.062,0,0.4842,0.4299,0.519,0.341,0.313,0.135,0.281,0.088,0.000,0.000,24,12,0,0,0.287,0.142,0.250,0.044,0.010,0.005,29,11,3,2
0.284,0.265,0.370,-1.19,0.219,1,0.5156,0.4447,0.485,0.586,0.313,0.135,0.281,0.088,0.000,0.000,24,12,0,0,0.287,0.142,0.250,0.044,0.010,0.005,29,11,3,2
0.297,0.200,0.297,0,0.000,0,0.5382,0.4531,0.255,0.166,0.313,0.135,0.281,0.088,0.000,0.000,24,12,0,0,0.287,0.142,0.250,0.044,0.010,0.005,29,11,3,2
0.259,0.252,0.415,0.22,0.230,0,0.5552,0.4551,0.275,0.303,0.313,0.135,0.281,0.088,0.000,0.000,24,12,0,0,0.287,0.142,0.250,0.044,0.010,0.005,29,11,3,2
0.258,0.177,0.347,1.99,0.186,0,0.5667,0.4568,0.110,-0.326,0.313,0.135,0.281,0.088,0.000,0.000,24,12,0,0,0.287,0.142,0.250,0.044,0.010,0.005,29,11,3,2
0.272,0.109,0.168,-1.14,0.131,0,0.5663,0.4517,0.174,0.987,0.313,0.135,0.281,0.088,0.000,0.000,24,12,0,0,0.287,0.142,0.250,0.044,0.010,0.005,29,11,3,2
0.283,0.104,0.438,-0.52,0.062,0,0.5496,0.4375,0.172,0.341,0.313,0.135,0.281,0.088,0.000,0.000,24,12,0,0,0.287,0.142,0.250,0.044,0.010,0.005,29,11,3,2
0.240,0.092,0.153,2.53,0.140,0,0.5224,0.4154,0.118,-0.121,0.313,0.135,0.281,0.088,0.000,0.000,24,12,0,0,0.287,0.142,0.250,0.044,0.010,0.005,29,11,3,2
0.292,0.126,0.712,0.22,0.230,0,0.4881,0.3908,0.210,0.303,0.313,0.135,0.281,0.088,0.000,0.000,24,12,0,0,0.287,0.142,0.250,0.044,0.010,0.005,29,11,3,2
0.296,0.084,0.580,0,0.000,0,0.4408,0.3586,0.128,0.166,0.313,0.135,0.281,0.088,0.000,0.000,24,12,0,0,0.287,0.142,0.250,0.044,0.010,0.005,29,11,3,2
0.252,0.098,0.439,-1.1,0.105,-1,0.3814,0.3162,0.209,0.192,0.313,0.135,0.281,0.088,0.000,0.000,24,12,0,0,0.287,0.142,0.250,0.044,0.010,0.005,29,11,3,2
0.203,0.151,0.804,0.22,0.230,0,0.3326,0.2815,0.179,0.303,0.313,0.135,0.281,0.088,0.000,0.000,24,12,0,0,0.287,0.142,0.250,0.044,0.010,0.005,29,11,3,2
0.203,0.132,0.495,-0.52,0.062,0,0.2843,0.2460,0.145,0.341,0.313,0.135,0.281,0.088,0.000,0.000,24,12,0,0,0.287,0.142,0.250,0.044,0.010,0.005,29,11,3,2
0.199,0.129,0.407,-0.52,0.062,0,0.2421,0.2133,0.130,0.341,0.313,0.135,0.281,0.088,0.000,0.000,24,12,0,0,0.287,0.142,0.250,0.044,0.010,0.005,29,11,3,2
0.131,0.122,0.143,-1.1,0.105,-1,0.2126,0.1889,0.157,0.192,0.313,0.135,0.281,0.088,0.000,0.000,24,12,0,0,0.287,0.142,0.250,0.044,0.010,0.005,29,11,3,2
0.132,0.093,0.375,1.42,0.221,0,0.1796,0.1627,0.112,-0.397,0.313,0.135,0.281,0.088,0.000,0.000,24,12,0,0,0.287,0.142,0.250,0.044,0.010,0.005,29,11,3,2
0.131,0.087,0.323,1.99,0.186,0,0.1633,0.1502,0.090,-0.326,0.313,0.135,0.281,0.088,0.000,0.000,24,12,0,0,0.287,0.142,0.250,0.044,0.010,0.005,29,11,3,2
0.127,0.130,0.378,0,0.000,0,0.1515,0.1410,0.101,0.166,0.313,0.135,0.281,0.088,0.000,0.000,24,12,0,0,0.287,0.142,0.250,0.044,0.010,0.005,29,11,3,2
0.132,0.104,0.302,2.1,0.128,0,0.1552,0.1462,0.054,0.02,0.313,0.135,0.281,0.088,0.000,0.000,24,12,0,0,0.287,0.142,0.250,0.044,0.010,0.005,29,11,3,2
0.102,0.105,0.400,0,0.000,0,0.1452,0.1401,0.081,0.166,0.313,0.135,0.281,0.088,0.000,0.000,24,12,0,0,0.287,0.142,0.250,0.044,0.010,0.005,29,11,3,2
0.096,0.076,0.274,1.69,0.290,0,0.1284,0.1289,0.060,-0.697,0.313,0.135,0.281,0.088,0.000,0.000,24,12,0,0,0.287,0.142,0.250,0.044,0.010,0.005,29,11,3,2
0.096,0.104,0.167,1.69,0.290,0,0.1175,0.1204,0.037,-0.697,0.313,0.135,0.281,0.088,0.000,0.000,24,12,0,0,0.287,0.142,0.250,0.044,0.010,0.005,29,11,3,2
0.093,0.154,0.575,-1.19,0.219,1,0.1054,0.1108,0.121,0.586,0.313,0.135,0.281,0.088,0.000,0.000,24,12,0,0,0.287,0.142,0.250,0.044,0.010,0.005,29,11,3,2
0.090,0.104,0.023,1.99,0.186,0,0.0963,0.1050,0.038,-0.326,0.313,0.135,0.281,0.088,0.000,0.000,24,12,0,0,0.287,0.142,0.250,0.044,0.010,0.005,29,11,3,2
0.076,0.174,0.458,1.76,0.409,0,0.0894,0.1025,0.076,-0.884,0.313,0.135,0.281,0.088,0.000,0.000,24,12,0,0,0.287,0.142,0.250,0.044,0.010,0.005,29,11,3,2
0.075,0.134,0.424,2.53,0.140,0,0.0880,0.1034,0.037,-0.121,0.313,0.135,0.281,0.088,0.000,0.000,24,12,0,0,0.287,0.142,0.250,0.044,0.010,0.005,29,11,3,2
0.075,0.198,0.566,-0.08,0.108,0,0.0951,0.1110,0.091,0.059,0.313,0.135,0.281,0.088,0.000,0.000,24,12,0,0,0.287,0.142,0.250,0.044,0.010,0.005,29,11,3,2
0.072,0.178,0.535,0,0.000,0,0.1137,0.1269,0.099,0.166,0.313,0.135,0.281,0.088,0.000,0.000,24,12,0,0,0.287,0.142,0.250,0.044,0.010,0.005,29,11,3,2
0.068,0.220,0.661,0.2,0.291,1,0.1261,0.1395,0.215,0.180,0.313,0.135,0.281,0.088,0.000,0.000,24,12,0,0,0.287,0.142,0.250,0.044,0.010,0.005,29,11,3,2
0.054,0.102,0.439,1.69,0.290,0,0.1537,0.1629,0.086,-0.697,0.313,0.135,0.281,0.088,0.000,0.000,24,12,0,0,0.287,0.142,0.250,0.044,0.010,0.005,29,11,3,2
0.050,0.102,0.574,-1.1,0.105,-1,0.1981,0.1996,0.279,0.192,0.313,0.135,0.281,0.088,0.000,0.000,24,12,0,0,0.287,0.142,0.250,0.044,0.010,0.005,29,11,3,2
0.062,0.090,0.447,-1.1,0.105,-1,0.2569,0.2465,0.335,0.192,0.313,0.135,0.281,0.088,0.000,0.000,24,12,0,0,0.287,0.142,0.250,0.044,0.010,0.005,29,11,3,2
0.073,0.083,0.546,1.42,0.221,0,0.3082,0.2861,0.245,-0.397,0.313,0.135,0.281,0.088,0.000,0.000,24,12,0,0,0.287,0.142,0.250,0.044,0.010,0.005,29,11,3,2
0.056,0.101,0.378,0,0.000,0,0.3546,0.3202,0.282,0.166,0.313,0.135,0.281,0.088,0.000,0.000,24,12,0,0,0.287,0.142,0.250,0.044,0.010,0.005,29,11,3,2
0.058,0.134,0.469,1.37,0.298,0,0.4040,0.3579,0.152,-0.510,0.313,0.135,0.281,0.088,0.000,0.000,24,12,0,0,0.287,0.142,0.250,0.044,0.010,0.005,29,11,3,2
0.086,0.080,0.419,-1.14,0.131,0,0.4424,0.3862,0.254,0.987,0.313,0.135,0.281,0.088,0.000,0.000,24,12,0,0,0.287,0.142,0.250,0.044,0.010,0.005,29,11,3,2
0.072,0.157,0.728,0.2,0.291,1,0.4820,0.4163,0.243,0.180,0.313,0.135,0.281,0.088,0.000,0.000,24,12,0,0,0.287,0.142,0.250,0.044,0.010,0.005,29,11,3,2
0.076,0.097,0.370,-1.14,0.131,0,0.5058,0.4333,0.253,0.987,0.313,0.135,0.281,0.088,0.000,0.000,24,12,0,0,0.287,0.142,0.250,0.044,0.010,0.005,29,11,3,2
0.075,0.115,0.461,-0.42,0.180,0,0.5133,0.4390,0.301,0.318,0.313,0.135,0.281,0.088,0.000,0.000,24,12,0,0,0.287,0.142,0.250,0.044,0.010,0.005,29,11,3,2
0.090,0.092,0.485,1.69,0.290,0,0.5153,0.4393,0.142,-0.697,0.313,0.135,0.281,0.088,0.000,0.000,24,12,0,0,0.287,0.142,0.250,0.044,0.010,0.005,29,11,3,2
0.105,0.088,0.199,-1.1,0.105,-1,0.5169,0.4398,0.279,0.192,0.313,0.135,0.281,0.088,0.000,0.000,24,12,0,0,0.287,0.142,0.250,0.044,0.010,0.005,29,11,3,2
0.110,0.079,0.142,0.85,0.046,0,0.5219,0.4452,0.279,0.06,0.313,0.135,0.281,0.088,0.000,0.000,24,12,0,0,0.287,0.142,0.250,0.044,0.010,0.005,29,11,3,2
0.117,0.076,0.430,-1.1,0.105,-1,0.5095,0.4394,0.450,0.192,0.313,0.135,0.281,0.088,0.000,0.000,24,12,0,0,0.287,0.142,0.250,0.044,0.010,0.005,29,11,3,2
0.115,0.096,0.557,-0.42,0.180,0,0.4984,0.4350,0.349,0.318,0.313,0.135,0.281,0.088,0.000,0.000,24,12,0,0,0.287,0.142,0.250,0.044,0.010,0.005,29,11,3,2
0.109,0.117,0.293,0,0.000,0,0.4825,0.4250,0.182,0.166,0.313,0.135,0.281,0.088,0.000,0.000,24,12,0,0,0.287,0.142,0.250,0.044,0.010,0.005,29,11,3,2
0.120,0.096,0.095,0.85,0.046,0,0.4675,0.4143,0.153,0.06,0.313,0.135,0.281,0.088,0.000,0.000,24,12,0,0,0.287,0.142,0.250,0.044,0.010,0.005,29,11,3,2
0.102,0.123,0.324,-0.48,0.134,0,0.4456,0.3989,0.325,0.007,0.313,0.135,0.281,0.088,0.000,0.000,24,12,0,0,0.287,0.142,0.250,0.044,0.010,0.005,29,11,3,2
0.102,0.113,0.092,0.85,0.046,0,0.4247,0.3844,0.113,0.06,0.313,0.135,0.281,0.088,0.000,0.000,24,12,0,0,0.287,0.142,0.250,0.044,0.010,0.005,29,11,3,2
0.115,0.114,0.044,2.53,0.140,0,0.4181,0.3811,0.079,-0.121,0.313,0.135,0.281,0.088,0.000,0.000,24,12,0,0,0.287,0.142,0.250,0.044,0.010,0.005,29,11,3,2
0.127,0.156,0.487,-1.19,0.219,1,0.4325,0.3932,0.371,0.586,0.313,0.135,0.281,0.088,0.000,0.000,24,12,0,0,0.287,0.142,0.250,0.044,0.010,0.005,29,11,3,2
0.157,0.130,0.365,-1.1,0.105,-1,0.4509,0.4077,0.375,0.192,0.313,0.135,0.281,0.088,0.000,0.000,24,12,0,0,0.287,0.142,0.250,0.044,0.010,0.005,29,11,3,2
0.171,0.115,0.086,0.85,0.046,0,0.4772,0.4285,0.180,0.06,0.313,0.135,0.281,0.088,0.000,0.000,24,12,0,0,0.287,0.142,0.250,0.044,0.010,0.005,29,11,3,2
0.181,0.184,0.294,0,0.000,0,0.4969,0.4449,0.206,0.166,0.313,0.135,0.281,0.088,0.000,0.000,24,12,0,0,0.287,0.142,0.250,0.044,0.010,0.005,29,11,3,2
0.180,0.113,0.361,0,0.000,0,0.5027,0.4523,0.082,0.166,0.313,0.135,0.281,0.088,0.000,0.000,24,12,0,0,0.287,0.142,0.250,0.044,0.010,0.005,29,11,3,2
0.153,0.081,0.250,3.14,0.186,0,0.5047,0.4584,0.078,-0.486,0.313,0.135,0.281,0.088,0.000,0.000,24,12,0,0,0.287,0.142,0.250,0.044,0.010,0.005,29,11,3,2
0.184,0.074,0.220,3.14,0.186,0,0.4917,0.4521,0.058,-0.486,0.313,0.135,0.281,0.088,0.000,0.000,24,12,0,0,0.287,0.142,0.250,0.044,0.010,0.005,29,11,3,2
0.183,0.141,0.221,-0.79,0.151,-1,0.4628,0.4333,0.131,0.736,0.313,0.135,0.281,0.088,0.000,0.000,24,12,0,0,0.287,0.142,0.250,0.044,0.010,0.005,29,11,3,2
0.212,0.121,0.412,1.42,0.221,0,0.4189,0.4008,0.082,-0.397,0.313,0.135,0.281,0.088,0.000,0.000,24,12,0,0,0.287,0.142,0.250,0.044,0.010,0.005,29,11,3,2
0.191,0.301,0.654,0.22,0.230,0,0.3573,0.3518,0.101,0.303,0.313,0.135,0.281,0.088,0.000,0.000,24,12,0,0,0.287,0.142,0.250,0.044,0.010,0.005,29,11,3,2
0.186,0.307,0.802,0.22,0.230,0,0.3103,0.3145,0.209,0.303,0.313,0.135,0.281,0.088,0.000,0.000,24,12,0,0,0.287,0.142,0.250,0.044,0.010,0.005,29,11,3,2
0.130,0.274,0.665,0,0.000,0,0.2639,0.2770,0.189,0.166,0.313,0.135,0.281,0.088,0.000,0.000,24,12,0,0,0.287,0.142,0.250,0.044,0.010,0.005,29,11,3,2
0.134,0.314,0.738,-0.52,0.062,0,0.2305,0.2464,0.251,0.341,0.313,0.135,0.281,0.088,0.000,0.000,24,12,0,0,0.287,0.142,0.250,0.044,0.010,0.005,29,11,3,2
0.133,0.336,0.830,0.22,0.230,0,0.2088,0.2231,0.234,0.303,0.313,0.135,0.281,0.088,0.000,0.000,24,12,0,0,0.287,0.142,0.250,0.044,0.010,0.005,29,11,3,2
0.131,0.232,0.649,-0.08,0.108,0,0.2028,0.2101,0.194,0.059,0.313,0.135,0.281,0.088,0.000,0.000,24,12,0,0,0.287,0.142,0.250,0.044,0.010,0.005,29,11,3,2
0.109,0.170,0.441,-0.79,0.151,-1,0.2093,0.2068,0.226,0.736,0.313,0.135,0.281,0.088,0.000,0.000,24,12,0,0,0.287,0.142,0.250,0.044,0.010,0.005,29,11,3,2
0.138,0.251,0.649,-1.19,0.219,1,0.2230,0.2119,0.123,0.586,0.313,0.135,0.281,0.088,0.000,0.000,24,12,0,0,0.287,0.142,0.250,0.044,0.010,0.005,29,11,3,2
0.134,0.079,0.366,2.53,0.140,0,0.2389,0.2187,0.048,-0.121,0.313,0.135,0.281,0.088,0.000,0.000,24,12,0,0,0.287,0.142,0.250,0.044,0.010,0.005,29,11,3,2
0.163,0.072,0.007,2.53,0.140,0,0.2557,0.2274,0.049,-0.121,0.313,0.135,0.281,0.088,0.000,0.000,24,12,0,0,0.287,0.142,0.250,0.044,0.010,0.005,29,11,3,2
0.128,0.095,0.522,1.37,0.298,0,0.2843,0.2460,0.052,-0.510,0.313,0.135,0.281,0.088,0.000,0.000,24,12,0,0,0.287,0.142,0.250,0.044,0.010,0.005,29,11,3,2
0.115,0.069,0.006,3.14,0.186,0,0.3146,0.2655,0.025,-0.486,0.313,0.135,0.281,0.088,0.000,0.000,24,12,0,0,0.287,0.142,0.250,0.044,0.010,0.005,29,11,3,2
0.090,0.087,0.377,-0.48,0.134,0,0.3350,0.2774,0.073,0.007,0.313,0.135,0.281,0.088,0.000,0.000,24,12,0,0,0.287,0.142,0.250,0.044,0.010,0.005,29,11,3,2
0.071,0.076,0.298,1.99,0.186,0,0.3415,0.2795,0.059,-0.326,0.313,0.135,0.281,0.088,0.000,0.000,24,12,0,0,0.287,0.142,0.250,0.044,0.010,0.005,29,11,3,2
0.057,0.082,0.432,1.99,0.186,0,0.3257,0.2635,0.080,-0.326,0.313,0.135,0.281,0.088,0.000,0.000,24,12,0,0,0.287,0.142,0.250,0.044,0.010,0.005,29,11,3,2
0.050,0.083,0.476,0.85,0.046,0,0.3151,0.2494,0.131,0.06,0.313,0.135,0.281,0.088,0.000,0.000,24,12,0,0,0.287,0.142,0.250,0.044,0.010,0.005,29,11,3,2
0.051,0.163,0.424,-0.48,0.134,0,0.3091,0.2381,0.265,0.007,0.313,0.135,0.281,0.088,0.000,0.000,24,12,0,0,0.287,0.142,0.250,0.044,0.010,0.005,29,11,3,2
0.066,0.164,0.462,-1.19,0.219,1,0.3008,0.2239,0.350,0.586,0.313,0.135,0.281,0.088,0.000,0.000,24,12,0,0,0.287,0.142,0.250,0.044,0.010,0.005,29,11,3,2
0.043,0.134,0.354,-0.08,0.108,0,0.2805,0.1980,0.307,0.059,0.313,0.135,0.281,0.088,0.000,0.000,24,12,0,0,0.287,0.142,0.250,0.044,0.010,0.005,29,11,3,2
0.042,0.091,0.005,1.99,0.186,0,0.2708,0.1807,0.183,-0.326,0.313,0.135,0.281,0.088,0.000,0.000,24,12,0,0,0.287,0.142,0.250,0.044,0.010,0.005,29,11,3,2
0.042,0.090,0.110,-0.79,0.151,-1,0.2783,0.1765,0.393,0.736,0.313,0.135,0.281,0.088,0.000,0.000,24,12,0,0,0.287,0.142,0.250,0.044,0.010,0.005,29,11,3,2
0.045,0.087,0.110,-1.14,0.131,0,0.2987,0.1818,0.359,0.987,0.313,0.135,0.281,0.088,0.000,0.000,24,12,0,0,0.287,0.142,0.250,0.044,0.010,0.005,29,11,3,2
0.048,0.105,0.336,-0.48,0.134,0,0.3279,0.1965,0.409,0.007,0.313,0.135,0.281,0.088,0.000,0.000,24,12,0,0,0.287,0.142,0.250,0.044,0.010,0.005,29,11,3,2
0.038,0.091,0.204,-0.79,0.151,-1,0.3560,0.2116,0.478,0.736,0.313,0.135,0.281,0.088,0.000,0.000,24,12,0,0,0.287,0.142,0.250,0.044,0.010,0.005,29,11,3,2
0.039,0.118,0.400,-0.48,0.134,0,0.3895,0.2354,0.428,0.007,0.313,0.135,0.281,0.088,0.000,0.000,24,12,0,0,0.287,0.142,0.250,0.044,0.010,0.005,29,11,3,2
0.039,0.101,0.249,-1.1,0.105,-1,0.4143,0.2558,0.250,0.192,0.313,0.135,0.281,0.088,0.000,0.000,24,12,0,0,0.287,0.142,0.250,0.044,0.010,0.005,29,11,3,2
0.037,0.148,0.247,-0.42,0.180,0,0.4181,0.2618,0.230,0.318,0.313,0.135,0.281,0.088,0.000,0.000,24,12,0,0,0.287,0.142,0.250,0.044,0.010,0.005,29,11,3,2
0.056,0.170,0.591,0.2,0.291,1,0.4058,0.2547,0.246,0.180,0.313,0.135,0.281,0.088,0.000,0.000,24,12,0,0,0.287,0.142,0.250,0.044,0.010,0.005,29,11,3,2
0.036,0.126,0.160,1.69,0.290,0,0.3895,0.2431,0.063,-0.697,0.313,0.135,0.281,0.088,0.000,0.000,24,12,0,0,0.287,0.142,0.250,0.044,0.010,0.005,29,11,3,2
0.039,0.085,0.135,3.14,0.186,0,0.3707,0.2277,0.071,-0.486,0.313,0.135,0.281,0.088,0.000,0.000,24,12,0,0,0.287,0.142,0.250,0.044,0.010,0.005,29,11,3,2
0.039,0.134,0.028,2.53,0.140,0,0.3538,0.2136,0.061,-0.121,0.313,0.135,0.281,0.088,0.000,0.000,24,12,0,0,0.287,0.142,0.250,0.044,0.010,0.005,29,11,3,2
0.047,0.138,0.394,-1.1,0.105,-1,0.3252,0.1926,0.171,0.192,0.313,0.135,0.281,0.088,0.000,0.000,24,12,0,0,0.287,0.142,0.250,0.044,0.010,0.005,29,11,3,2
0.049,0.219,0.284,0,0.000,0,0.2772,0.1583,0.122,0.166,0.313,0.135,0.281,0.088,0.000,0.000,24,12,0,0,0.287,0.142,0.250,0.044,0.010,0.005,29,11,3,2
0.056,0.233,0.483,1.76,0.409,0,0.2329,0.1288,0.140,-0.884,0.313,0.135,0.281,0.088,0.000,0.000,24,12,0,0,0.287,0.142,0.250,0.044,0.010,0.005,29,11,3,2
0.087,0.160,0.102,0.85,0.046,0,0.1900,0.1026,0.107,0.06,0.313,0.135,0.281,0.088,0.000,0.000,24,12,0,0,0.287,0.142,0.250,0.044,0.010,0.005,29,11,3,2
0.084,0.189,0.221,0.85,0.046,0,0.1566,0.0841,0.144,0.06,0.313,0.135,0.281,0.088,0.000,0.000,24,12,0,0,0.287,0.142,0.250,0.044,0.010,0.005,29,11,3,2
0.087,0.168,0.386,-1.1,0.105,-1,0.1208,0.0652,0.288,0.192,0.313,0.135,0.281,0.088,0.000,0.000,24,12,0,0,0.287,0.142,0.250,0.044,0.010,0.005,29,11,3,2
0.088,0.205,0.499,-1.19,0.219,1,0.0850,0.0461,0.360,0.586,0.313,0.135,0.281,0.088,0.000,0.000,24,12,0,0,0.287,0.142,0.250,0.044,0.010,0.005,29,11,3,2
0.085,0.210,0.169,1.69,0.290,0,0.0681,0.0387,0.136,-0.697,0.313,0.135,0.281,0.088,0.000,0.000,24,12,0,0,0.287,0.142,0.250,0.044,0.010,0.005,29,11,3,2
0.104,0.198,0.242,0,0.000,0,0.0653,0.0384,0.288,0.166,0.313,0.135,0.281,0.088,0.000,0.000,24,12,0,0,0.287,0.142,0.250,0.044,0.010,0.005,29,11,3,2
0.108,0.155,0.250,1.99,0.186,0,0.0760,0.0435,0.124,-0.326,0.313,0.135,0.281,0.088,0.000,0.000,24,12,0,0,0.287,0.142,0.250,0.044,0.010,0.005,29,11,3,2
0.108,0.139,0.484,-1.1,0.105,-1,0.0813,0.0436,0.333,0.192,0.313,0.135,0.281,0.088,0.000,0.000,24,12,0,0,0.287,0.142,0.250,0.044,0.010,0.005,29,11,3,2
0.107,0.127,0.260,2.53,0.140,0,0.0984,0.0522,0.061,-0.121,0.313,0.135,0.281,0.088,0.000,0.000,24,12,0,0,0.287,0.142,0.250,0.044,0.010,0.005,29,11,3,2
0.105,0.144,0.460,-1.14,0.131,0,0.1032,0.0522,0.140,0.987,0.313,0.135,0.281,0.088,0.000,0.000,24,12,0,0,0.287,0.142,0.250,0.044,0.010,0.005,29,11,3,2
0.124,0.225,0.505,-1.19,0.219,1,0.1039,0.0527,0.267,0.586,0.313,0.135,0.281,0.088,0.000,0.000,24,12,0,0,0.287,0.142,0.250,0.044,0.010,0.005,29,11,3,2
0.128,0.193,0.396,1.69,0.290,0,0.0974,0.0476,0.060,-0.697,0.313,0.135,0.281,0.088,0.000,0.000,24,12,0,0,0.287,0.142,0.250,0.044,0.010,0.005,29,11,3,2
0.127,0.154,0.002,1.99,0.186,0,0.0998,0.0482,0.052,-0.326,0.313,0.135,0.281,0.088,0.000,0.000,24,12,0,0,0.287,0.142,0.250,0.044,0.010,0.005,29,11,3,2
0.135,0.099,0.220,3.14,0.186,0,0.1177,0.0579,0.061,-0.486,0.313,0.135,0.281,0.088,0.000,0.000,24,12,0,0,0.287,0.142,0.250,0.044,0.010,0.005,29,11,3,2
0.111,0.078,0.057,0.85,0.046,0,0.1471,0.0748,0.080,0.06,0.313,0.135,0.281,0.088,0.000,0.000,24,12,0,0,0.287,0.142,0.250,0.044,0.010,0.005,29,11,3,2
0.128,0.087,0.057,0.85,0.046,0,0.1732,0.0915,0.023,0.06,0.313,0.135,0.281,0.088,0.000,0.000,24,12,0,0,0.287,0.142,0.250,0.044,0.010,0.005,29,11,3,2
0.155,0.070,0.012,0.85,0.046,0,0.1855,0.0987,0.070,0.06,0.313,0.135,0.281,0.088,0.000,0.000,24,12,0,0,0.287,0.142,0.250,0.044,0.010,0.005,29,11,3,2
0.133,0.079,0.028,0.85,0.046,0,0.1958,0.1042,0.106,0.06,0.313,0.135,0.281,0.088,0.000,0.000,24,12,0,0,0.287,0.142,0.250,0.044,0.010,0.005,29,11,3,2
0.139,0.101,0.061,-0.08,0.108,0,0.2051,0.1073,0.083,0.059,0.313,0.135,0.281,0.088,0.000,0.000,24,12,0,0,0.287,0.142,0.250,0.044,0.010,0.005,29,11,3,2
0.171,0.069,0.002,2.53,0.140,0,0.2172,0.1099,0.046,-0.121,0.313,0.135,0.281,0.088,0.000,0.000,24,12,0,0,0.287,0.142,0.250,0.044,0.010,0.005,29,11,3,2
0.174,0.070,0.243,-0.79,0.151,-1,0.2189,0.1037,0.259,0.736,0.313,0.135,0.281,0.088,0.000,0.000,24,12,0,0,0.287,0.142,0.250,0.044,0.010,0.005,29,11,3,2
0.142,0.083,0.125,1.42,0.221,0,0.2164,0.0957,0.195,-0.397,0.313,0.135,0.281,0.088,0.000,0.000,24,12,0,0,0.287,0.142,0.250,0.044,0.010,0.005,29,11,3,2
0.170,0.084,0.267,1.99,0.186,0,0.2183,0.0872,0.136,-0.326,0.313,0.135,0.281,0.088,0.000,0.000,24,12,0,0,0.287,0.142,0.250,0.044,0.010,0.005,29,11,3,2
0.164,0.126,0.420,0,0.000,0,0.2401,0.0949,0.372,0.166,0.313,0.135,0.281,0.088,0.000,0.000,24,12,0,0,0.287,0.142,0.250,0.044,0.010,0.005,29,11,3,2
0.176,0.122,0.534,0,0.000,0,0.2798,0.1163,0.178,0.166,0.313,0.135,0.281,0.088,0.000,0.000,24,12,0,0,0.287,0.142,0.250,0.044,0.010,0.005,29,11,3,2
0.171,0.124,0.480,-1.14,0.131,0,0.3137,0.1354,0.319,0.987,0.313,0.135,0.281,0.088,0.000,0.000,24,12,0,0,0.287,0.142,0.250,0.044,0.010,0.005,29,11,3,2
0.162,0.186,0.762,-1.19,0.219,1,0.3593,0.1659,0.509,0.586,0.313,0.135,0.281,0.088,0.000,0.000,24,12,0,0,0.287,0.142,0.250,0.044,0.010,0.005,29,11,3,2
0.155,0.176,0.539,-0.48,0.134,0,0.3937,0.1933,0.301,0.007,0.313,0.135,0.281,0.088,0.000,0.000,24,12,0,0,0.287,0.142,0.250,0.044,0.010,0.005,29,11,3,2
0.147,0.135,0.025,0.85,0.046,0,0.4246,0.2233,0.089,0.06,0.313,0.135,0.281,0.088,0.000,0.000,24,12,0,0,0.287,0.142,0.250,0.044,0.010,0.005,29,11,3,2
0.150,0.130,0.443,-1.19,0.219,1,0.4308,0.2385,0.351,0.586,0.313,0.135,0.281,0.088,0.000,0.000,24,12,0,0,0.287,0.142,0.250,0.044,0.010,0.005,29,11,3,2
0.146,0.090,0.003,3.14,0.186,0,0.4269,0.2465,0.064,-0.486,0.313,0.135,0.281,0.088,0.000,0.000,24,12,0,0,0.287,0.142,0.250,0.044,0.010,0.005,29,11,3,2
0.178,0.102,0.071,2.53,0.140,0,0.4251,0.2524,0.110,-0.121,0.313,0.135,0.281,0.088,0.000,0.000,24,12,0,0,0.287,0.142,0.250,0.044,0.010,0.005,29,11,3,2
0.179,0.110,0.021,2.53,0.140,0,0.4269,0.2585,0.042,-0.121,0.313,0.135,0.281,0.088,0.000,0.000,24,12,0,0,0.287,0.142,0.250,0.044,0.010,0.005,29,11,3,2
0.181,0.107,0.147,-1.14,0.131,0,0.4192,0.2580,0.141,0.987,0.313,0.135,0.281,0.088,0.000,0.000,24,12,0,0,0.287,0.142,0.250,0.044,0.010,0.005,29,11,3,2
0.177,0.110,0.618,-0.52,0.062,0,0.3916,0.2414,0.160,0.341,0.313,0.135,0.281,0.088,0.000,0.000,24,12,0,0,0.287,0.142,0.250,0.044,0.010,0.005,29,11,3,2
0.180,0.089,0.368,3.14,0.186,0,0.3641,0.2224,0.135,-0.486,0.313,0.135,0.281,0.088,0.000,0.000,24,12,0,0,0.287,0.142,0.250,0.044,0.010,0.005,29,11,3,2
0.191,0.111,0.537,-0.08,0.108,0,0.3513,0.2167,0.192,0.059,0.313,0.135,0.281,0.088,0.000,0.000,24,12,0,0,0.287,0.142,0.250,0.044,0.010,0.005,29,11,3,2
0.162,0.095,0.473,-1.14,0.131,0,0.3498,0.2234,0.148,0.987,0.313,0.135,0.281,0.088,0.000,0.000,24,12,0,0,0.287,0.142,0.250,0.044,0.010,0.005,29,11,3,2
0.193,0.080,0.599,-1.14,0.131,0,0.3453,0.2283,0.309,0.987,0.313,0.135,0.281,0.088,0.000,0.000,24,12,0,0,0.287,0.142,0.250,0.044,0.010,0.005,29,11,3,2
0.135,0.107,0.478,-0.42,0.180,0,0.3367,0.2336,0.261,0.318,0.313,0.135,0.281,0.088,0.000,0.000,24,12,0,0,0.287,0.142,0.250,0.044,0.010,0.005,29,11,3,2
0.135,0.096,0.009,3.14,0.186,0,0.3255,0.2366,0.051,-0.486,0.313,0.135,0.281,0.088,0.000,0.000,24,12,0,0,0.287,0.142,0.250,0.044,0.010,0.005,29,11,3,2
0.139,0.110,0.059,2.53,0.140,0,0.3302,0.2538,0.079,-0.121,0.313,0.135,0.281,0.088,0.000,0.000,24,12,0,0,0.287,0.142,0.250,0.044,0.010,0.005,29,11,3,2
0.146,0.130,0.265,-0.52,0.062,0,0.3429,0.2775,0.178,0.341,0.313,0.135,0.281,0.088,0.000,0.000,24,12,0,0,0.287,0.142,0.250,0.044,0.010,0.005,29,11,3,2
0.143,0.153,0.056,0.85,0.046,0,0.3435,0.2887,0.100,0.06,0.313,0.135,0.281,0.088,0.000,0.000,24,12,0,0,0.287,0.142,0.250,0.044,0.010,0.005,29,11,3,2
0.149,0.173,0.083,1.99,0.186,0,0.3326,0.2895,0.070,-0.326,0.313,0.135,0.281,0.088,0.000,0.000,24,12,0,0,0.287,0.142,0.250,0.044,0.010,0.005,29,11,3,2
0.174,0.379,0.778,0.2,0.291,1,0.3203,0.2885,0.323,0.180,0.313,0.135,0.281,0.088,0.000,0.000,24,12,0,0,0.287,0.142,0.250,0.044,0.010,0.005,29,11,3,2
0.179,0.335,0.695,0,0.000,0,0.3116,0.2893,0.455,0.166,0.313,0.135,0.281,0.088,0.000,0.000,24,12,0,0,0.287,0.142,0.250,0.044,0.010,0.005,29,11,3,2
0.197,0.719,0.863,0.2,0.291,1,0.2908,0.2803,0.324,0.180,0.313,0.135,0.281,0.088,0.000,0.000,24,12,0,0,0.287,0.142,0.250,0.044,0.010,0.005,29,11,3,2
0.196,0.328,0.665,0,0.000,0,0.2743,0.2741,0.312,0.166,0.313,0.135,0.281,0.088,0.000,0.000,24,12,0,0,0.287,0.142,0.250,0.044,0.010,0.005,29,11,3,2
0.212,0.365,0.648,1.76,0.409,0,0.2707,0.2778,0.092,-0.884,0.313,0.135,0.281,0.088,0.000,0.000,24,12,0,0,0.287,0.142,0.250,0.044,0.010,0.005,29,11,3,2
0.228,0.406,0.678,-1.19,0.219,1,0.2789,0.2914,0.320,0.586,0.313,0.135,0.281,0.088,0.000,0.000,24,12,0,0,0.287,0.142,0.250,0.044,0.010,0.005,29,11,3,2
0.243,0.319,0.671,0.85,0.046,0,0.2961,0.3131,0.116,0.06,0.313,0.135,0.281,0.088,0.000,0.000,24,12,0,0,0.287,0.142,0.250,0.044,0.010,0.005,29,11,3,2
0.203,0.361,0.490,-0.52,0.062,0,0.2992,0.3227,0.103,0.341,0.313,0.135,0.281,0.088,0.000,0.000,24,12,0,0,0.287,0.142,0.250,0.044,0.010,0.005,29,11,3,2
0.193,0.301,0.296,3.14,0.186,0,0.3024,0.3280,0.087,-0.486,0.313,0.135,0.281,0.088,0.000,0.000,24,12,0,0,0.287,0.142,0.250,0.044,0.010,0.005,29,11,3,2
0.233,0.242,0.369,2.53,0.140,0,0.3210,0.3430,0.101,-0.121,0.313,0.135,0.281,0.088,0.000,0.000,24,12,0,0,0.287,0.142,0.250,0.044,0.010,0.005,29,11,3,2
0.242,0.386,0.609,-1.19,0.219,1,0.3481,0.3629,0.273,0.586,0.313,0.135,0.281,0.088,0.000,0.000,24,12,0,0,0.287,0.142,0.250,0.044,0.010,0.005,29,11,3,2
0.234,0.254,0.547,0.85,0.046,0,0.3683,0.3761,0.088,0.06,0.313,0.135,0.281,0.088,0.000,0.000,24,12,0,0,0.287,0.142,0.250,0.044,0.010,0.005,29,11,3,2
0.222,0.346,0.633,-0.52,0.062,0,0.3792,0.3810,0.199,0.341,0.313,0.135,0.281,0.088,0.000,0.000,24,12,0,0,0.287,0.142,0.250,0.044,0.010,0.005,29,11,3,2
0.206,0.263,0.779,-0.08,0.108,0,0.3800,0.3806,0.262,0.059,0.313,0.135,0.281,0.088,0.000,0.000,24,12,0,0,0.287,0.142,0.250,0.044,0.010,0.005,29,11,3,2
0.196,0.214,0.454,1.42,0.221,0,0.3775,0.3790,0.168,-0.397,0.313,0.135,0.281,0.088,0.000,0.000,24,12,0,0,0.287,0.142,0.250,0.044,0.010,0.005,29,11,3,2
0.275,0.246,0.489,-0.52,0.062,0,0.3775,0.3816,0.204,0.341,0.313,0.135,0.281,0.088,0.000,0.000,24,12,0,0,0.287,0.142,0.250,0.044,0.010,0.005,29,11,3,2
0.224,0.218,0.555,-0.52,0.062,0,0.3763,0.3840,0.345,0.341,0.313,0.135,0.281,0.088,0.000,0.000,24,12,0,0,0.287,0.142,0.250,0.044,0.010,0.005,29,11,3,2
0.222,0.151,0.262,-0.79,0.151,-1,0.3626,0.3781,0.306,0.736,0.313,0.135,0.281,0.088,0.000,0.000,24,12,0,0,0.287,0.142,0.250,0.044,0.010,0.005,29,11,3,2
0.256,0.100,0.011,1.99,0.186,0,0.3550,0.3784,0.090,-0.326,0.313,0.135,0.281,0.088,0.000,0.000,24,12,0,0,0.287,0.142,0.250,0.044,0.010,0.005,29,11,3,2
0.268,0.157,0.623,-1.19,0.219,1,0.3510,0.3826,0.410,0.586,0.313,0.135,0.281,0.088,0.000,0.000,24,12,0,0,0.287,0.142,0.250,0.044,0.010,0.005,29,11,3,2
0.268,0.215,0.637,0.2,0.291,1,0.3472,0.3853,0.428,0.180,0.313,0.135,0.281,0.088,0.000,0.000,24,12,0,0,0.287,0.142,0.250,0.044,0.010,0.005,29,11,3,2
0.215,0.082,0.297,2.53,0.140,0,0.3419,0.3847,0.154,-0.121,0.313,0.135,0.281,0.088,0.000,0.000,24,12,0,0,0.287,0.142,0.250,0.044,0.010,0.005,29,11,3,2
0.218,0.064,0.317,-1.1,0.105,-1,0.3519,0.3927,0.257,0.192,0.313,0.135,0.281,0.088,0.000,0.000,24,12,0,0,0.287,0.142,0.250,0.044,0.010,0.005,29,11,3,2
0.215,0.098,0.236,-1.14,0.131,0,0.3759,0.4093,0.320,0.987,0.313,0.135,0.281,0.088,0.000,0.000,24,12,0,0,0.287,0.142,0.250,0.044,0.010,0.005,29,11,3,2
0.229,0.160,0.416,-0.42,0.180,0,0.4030,0.4280,0.468,0.318,0.313,0.135,0.281,0.088,0.000,0.000,24,12,0,0,0.287,0.142,0.250,0.044,0.010,0.005,29,11,3,2
0.231,0.093,0.090,0,0.000,0,0.4124,0.4329,0.123,0.166,0.313,0.135,0.281,0.088,0.000,0.000,24,12,0,0,0.287,0.142,0.250,0.044,0.010,0.005,29,11,3,2
0.213,0.078,0.143,3.14,0.186,0,0.4196,0.4363,0.058,-0.486,0.313,0.135,0.281,0.088,0.000,0.000,24,12,0,0,0.287,0.142,0.250,0.044,0.010,0.005,29,11,3,2
0.175,0.079,0.003,1.99,0.186,0,0.4342,0.4455,0.060,-0.326,0.313,0.135,0.281,0.088,0.000,0.000,24,12,0,0,0.287,0.142,0.250,0.044,0.010,0.005,29,11,3,2
0.202,0.181,0.358,-1.19,0.219,1,0.4510,0.4557,0.249,0.586,0.313,0.135,0.281,0.088,0.000,0.000,24,12,0,0,0.287,0.142,0.250,0.044,0.010,0.005,29,11,3,2
0.197,0.132,0.349,2.1,0.128,0,0.4610,0.4637,0.037,0.02,0.313,0.135,0.281,0.088,0.000,0.000,24,12,0,0,0.287,0.142,0.250,0.044,0.010,0.005,29,11,3,2
0.134,0.225,0.287,2.53,0.140,0,0.4533,0.4627,0.068,-0.121,0.313,0.135,0.281,0.088,0.000,0.000,24,12,0,0,0.287,0.142,0.250,0.044,0.010,0.005,29,11,3,2
0.131,0.246,0.552,-1.1,0.105,-1,0.4495,0.4662,0.191,0.192,0.313,0.135,0.281,0.088,0.000,0.000,24,12,0,0,0.287,0.142,0.250,0.044,0.010,0.005,29,11,3,2
0.134,0.277,0.536,0,0.000,0,0.4533,0.4731,0.202,0.166,0.313,0.135,0.281,0.088,0.000,0.000,24,12,0,0,0.287,0.142,0.250,0.044,0.010,0.005,29,11,3,2
0.133,0.449,0.841,0.2,0.291,1,0.4544,0.4779,0.354,0.180,0.313,0.135,0.281,0.088,0.000,0.000,24,12,0,0,0.287,0.142,0.250,0.044,0.010,0.005,29,11,3,2
0.171,0.306,0.641,0,0.000,0,0.4678,0.4893,0.190,0.166,0.313,0.135,0.281,0.088,0.000,0.000,24,12,0,0,0.287,0.142,0.250,0.044,0.010,0.005,29,11,3,2
0.183,0.297,0.759,-0.52,0.062,0,0.4870,0.5033,0.185,0.341,0.313,0.135,0.281,0.088,0.000,0.000,24,12,0,0,0.287,0.142,0.250,0.044,0.010,0.005,29,11,3,2
0.172,0.240,0.735,-1.1,0.105,-1,0.5075,0.5171,0.318,0.192,0.313,0.135,0.281,0.088,0.000,0.000,24,12,0,0,0.287,0.142,0.250,0.044,0.010,0.005,29,11,3,2
0.180,0.298,0.554,-0.48,0.134,0,0.5235,0.5289,0.218,0.007,0.313,0.135,0.281,0.088,0.000,0.000,24,12,0,0,0.287,0.142,0.250,0.044,0.010,0.005,29,11,3,2
0.184,0.255,0.586,-0.08,0.108,0,0.5353,0.5382,0.197,0.059,0.313,0.135,0.281,0.088,0.000,0.000,24,12,0,0,0.287,0.142,0.250,0.044,0.010,0.005,29,11,3,2
0.147,0.231,0.638,-0.42,0.180,0,0.5223,0.5302,0.244,0.318,0.313,0.135,0.281,0.088,0.000,0.000,24,12,0,0,0.287,0.142,0.250,0.044,0.010,0.005,29,11,3,2
0.128,0.150,0.656,1.69,0.290,0,0.5137,0.5245,0.129,-0.697,0.313,0.135,0.281,0.088,0.000,0.000,24,12,0,0,0.287,0.142,0.250,0.044,0.010,0.005,29,11,3,2
0.128,0.130,0.541,0,0.000,0,0.5045,0.5186,0.230,0.166,0.313,0.135,0.281,0.088,0.000,0.000,24,12,0,0,0.287,0.142,0.250,0.044,0.010,0.005,29,11,3,2
0.130,0.161,0.396,0,0.000,0,0.4874,0.5088,0.149,0.166,0.313,0.135,0.281,0.088,0.000,0.000,24,12,0,0,0.287,0.142,0.250,0.044,0.010,0.005,29,11,3,2
0.128,0.177,0.315,-1.14,0.131,0,0.4586,0.4901,0.232,0.987,0.313,0.135,0.281,0.088,0.000,0.000,24,12,0,0,0.287,0.142,0.250,0.044,0.010,0.005,29,11,3,2
0.132,0.257,0.661,-1.19,0.219,1,0.4250,0.4675,0.339,0.586,0.313,0.135,0.281,0.088,0.000,0.000,24,12,0,0,0.287,0.142,0.250,0.044,0.010,0.005,29,11,3,2
0.110,0.137,0.381,1.42,0.221,0,0.3964,0.4467,0.086,-0.397,0.313,0.135,0.281,0.088,0.000,0.000,24,12,0,0,0.287,0.142,0.250,0.044,0.010,0.005,29,11,3,2
0.109,0.181,0.228,-1.14,0.131,0,0.3891,0.4395,0.200,0.987,0.313,0.135,0.281,0.088,0.000,0.000,24,12,0,0,0.287,0.142,0.250,0.044,0.010,0.005,29,11,3,2
0.115,0.145,0.337,0,0.000,0,0.3925,0.4393,0.165,0.166,0.313,0.135,0.281,0.088,0.000,0.000,24,12,0,0,0.287,0.142,0.250,0.044,0.010,0.005,29,11,3,2
0.136,0.167,0.232,0,0.000,0,0.3764,0.4270,0.055,0.166,0.313,0.135,0.281,0.088,0.000,0.000,24,12,0,0,0.287,0.142,0.250,0.044,0.010,0.005,29,11,3,2
0.136,0.074,0.032,3.14,0.186,0,0.3717,0.4238,0.046,-0.486,0.313,0.135,0.281,0.088,0.000,0.000,24,12,0,0,0.287,0.142,0.250,0.044,0.010,0.005,29,11,3,2
0.134,0.109,0.208,1.37,0.298,0,0.3708,0.4223,0.058,-0.510,0.313,0.135,0.281,0.088,0.000,0.000,24,12,0,0,0.287,0.142,0.250,0.044,0.010,0.005,29,11,3,2
0.160,0.069,0.057,0.85,0.046,0,0.3612,0.4147,0.035,0.06,0.313,0.135,0.281,0.088,0.000,0.000,24,12,0,0,0.287,0.142,0.250,0.044,0.010,0.005,29,11,3,2
0.129,0.069,0.219,3.14,0.186,0,0.3450,0.3995,0.036,-0.486,0.313,0.135,0.281,0.088,0.000,0.000,24,12,0,0,0.287,0.142,0.250,0.044,0.010,0.005,29,11,3,2
0.129,0.123,0.125,0.85,0.046,0,0.3228,0.3793,0.036,0.06,0.313,0.135,0.281,0.088,0.000,0.000,24,12,0,0,0.287,0.142,0.250,0.044,0.010,0.005,29,11,3,2
0.134,0.199,0.610,0.22,0.230,0,0.3043,0.3617,0.142,0.303,0.313,0.135,0.281,0.088,0.000,0.000,24,12,0,0,0.287,0.142,0.250,0.044,0.010,0.005,29,11,3,2
0.134,0.281,0.708,-0.48,0.134,0,0.2830,0.3424,0.251,0.007,0.313,0.135,0.281,0.088,0.000,0.000,24,12,0,0,0.287,0.142,0.250,0.044,0.010,0.005,29,11,3,2
0.124,0.462,0.852,0.2,0.291,1,0.2607,0.3222,0.263,0.180,0.313,0.135,0.281,0.088,0.000,0.000,24,12,0,0,0.287,0.142,0.250,0.044,0.010,0.005,29,11,3,2
0.126,0.283,0.551,0,0.000,0,0.2430,0.3059,0.250,0.166,0.313,0.135,0.281,0.088,0.000,0.000,24,12,0,0,0.287,0.142,0.250,0.044,0.010,0.005,29,11,3,2
0.118,0.224,0.422,2.53,0.140,0,0.2409,0.2991,0.113,-0.121,0.313,0.135,0.281,0.088,0.000,0.000,24,12,0,0,0.287,0.142,0.250,0.044,0.010,0.005,29,11,3,2
0.120,0.231,0.573,-0.08,0.108,0,0.2612,0.3101,0.202,0.059,0.313,0.135,0.281,0.088,0.000,0.000,24,12,0,0,0.287,0.142,0.250,0.044,0.010,0.005,29,11,3,2
0.100,0.241,0.602,-0.08,0.108,0,0.3004,0.3356,0.161,0.059,0.313,0.135,0.281,0.088,0.000,0.000,24,12,0,0,0.287,0.142,0.250,0.044,0.010,0.005,29,11,3,2
0.112,0.132,0.383,1.99,0.186,0,0.3385,0.3603,0.108,-0.326,0.313,0.135,0.281,0.088,0.000,0.000,24,12,0,0,0.287,0.142,0.250,0.044,0.010,0.005,29,11,3,2
0.112,0.137,0.234,-0.79,0.151,-1,0.3783,0.3856,0.419,0.736,0.313,0.135,0.281,0.088,0.000,0.000,24,12,0,0,0.287,0.142,0.250,0.044,0.010,0.005,29,11,3,2
0.121,0.124,0.314,0,0.000,0,0.4124,0.4067,0.240,0.166,0.313,0.135,0.281,0.088,0.000,0.000,24,12,0,0,0.287,0.142,0.250,0.044,0.010,0.005,29,11,3,2
0.149,0.136,0.030,1.99,0.186,0,0.4392,0.4241,0.056,-0.326,0.313,0.135,0.281,0.088,0.000,0.000,24,12,0,0,0.287,0.142,0.250,0.044,0.010,0.005,29,11,3,2
0.142,0.118,0.552,-1.19,0.219,1,0.4548,0.4323,0.363,0.586,0.313,0.135,0.281,0.088,0.000,0.000,24,12,0,0,0.287,0.142,0.250,0.044,0.010,0.005,29,11,3,2
0.177,0.097,0.216,-1.1,0.105,-1,0.4535,0.4286,0.331,0.192,0.313,0.135,0.281,0.088,0.000,0.000,24,12,0,0,0.287,0.142,0.250,0.044,0.010,0.005,29,11,3,2
0.171,0.113,0.055,3.14,0.186,0,0.4436,0.4201,0.063,-0.486,0.313,0.135,0.281,0.088,0.000,0.000,24,12,0,0,0.287,0.142,0.250,0.044,0.010,0.005,29,11,3,2
0.161,0.152,0.154,-0.08,0.108,0,0.4314,0.4098,0.141,0.059,0.313,0.135,0.281,0.088,0.000,0.000,24,12,0,0,0.287,0.142,0.250,0.044,0.010,0.005,29,11,3,2
0.169,0.197,0.635,0.2,0.291,1,0.4317,0.4068,0.345,0.180,0.313,0.135,0.281,0.088,0.000,0.000,24,12,0,0,0.287,0.142,0.250,0.044,0.010,0.005,29,11,3,2
0.177,0.159,0.104,-0.79,0.151,-1,0.4268,0.3990,0.351,0.736,0.313,0.135,0.281,0.088,0.000,0.000,24,12,0,0,0.287,0.142,0.250,0.044,0.010,0.005,29,11,3,2
0.198,0.112,0.014,2.53,0.140,0,0.4373,0.4010,0.085,-0.121,0.313,0.135,0.281,0.088,0.000,0.000,24,12,0,0,0.287,0.142,0.250,0.044,0.010,0.005,29,11,3,2
0.202,0.096,0.147,0.85,0.046,0,0.4618,0.4108,0.230,0.06,0.313,0.135,0.281,0.088,0.000,0.000,24,12,0,0,0.287,0.142,0.250,0.044,0.010,0.005,29,11,3,2
0.234,0.123,0.477,-0.52,0.062,0,0.5003,0.4321,0.520,0.341,0.313,0.135,0.281,0.088,0.000,0.000,24,12,0,0,0.287,0.142,0.250,0.044,0.010,0.005,29,11,3,2
0.244,0.212,0.404,-1.19,0.219,1,0.5298,0.4459,0.490,0.586,0.313,0.135,0.281,0.088,0.000,0.000,24,12,0,0,0.287,0.142,0.250,0.044,0.010,0.005,29,11,3,2
0.256,0.137,0.335,0,0.000,0,0.5513,0.4530,0.251,0.166,0.313,0.135,0.281,0.088,0.000,0.000,24,12,0,0,0.287,0.142,0.250,0.044,0.010,0.005,29,11,3,2
0.222,0.172,0.439,0.22,0.230,0,0.5692,0.4577,0.273,0.303,0.313,0.135,0.281,0.088,0.000,0.000,24,12,0,0,0.287,0.142,0.250,0.044,0.010,0.005,29,11,3,2
0.222,0.124,0.415,2.53,0.140,0,0.5803,0.4607,0.122,-0.121,0.313,0.135,0.281,0.088,0.000,0.000,24,12,0,0,0.287,0.142,0.250,0.044,0.010,0.005,29,11,3,2
0.236,0.129,0.189,-1.14,0.131,0,0.5799,0.4580,0.160,0.987,0.313,0.135,0.281,0.088,0.000,0.000,24,12,0,0,0.287,0.142,0.250,0.044,0.010,0.005,29,11,3,2
0.245,0.110,0.450,-0.52,0.062,0,0.5613,0.4449,0.142,0.341,0.313,0.135,0.281,0.088,0.000,0.000,24,12,0,0,0.287,0.142,0.250,0.044,0.010,0.005,29,11,3,2
0.241,0.099,0.142,2.53,0.140,0,0.5333,0.4255,0.117,-0.121,0.313,0.135,0.281,0.088,0.000,0.000,24,12,0,0,0.287,0.142,0.250,0.044,0.010,0.005,29,11,3,2
0.293,0.141,0.738,0.22,0.230,0,0.4976,0.4023,0.198,0.303,0.313,0.135,0.281,0.088,0.000,0.000,24,12,0,0,0.287,0.142,0.250,0.044,0.010,0.005,29,11,3,2
0.297,0.093,0.585,0,0.000,0,0.4477,0.3689,0.115,0.166,0.313,0.135,0.281,0.088,0.000,0.000,24,12,0,0,0.287,0.142,0.250,0.044,0.010,0.005,29,11,3,2
0.253,0.110,0.440,-1.1,0.105,-1,0.3849,0.3247,0.206,0.192,0.313,0.135,0.281,0.088,0.000,0.000,24,12,0,0,0.287,0.142,0.250,0.044,0.010,0.005,29,11,3,2
0.204,0.170,0.804,0.22,0.230,0,0.3315,0.2865,0.182,0.303,0.313,0.135,0.281,0.088,0.000,0.000,24,12,0,0,0.287,0.142,0.250,0.044,0.010,0.005,29,11,3,2
0.204,0.148,0.497,-0.52,0.062,0,0.2779,0.2467,0.145,0.341,0.313,0.135,0.281,0.088,0.000,0.000,24,12,0,0,0.287,0.142,0.250,0.044,0.010,0.005,29,11,3,2
0.200,0.145,0.410,-0.52,0.062,0,0.2307,0.2092,0.132,0.341,0.313,0.135,0.281,0.088,0.000,0.000,24,12,0,0,0.287,0.142,0.250,0.044,0.010,0.005,29,11,3,2
0.132,0.142,0.150,-1.1,0.105,-1,0.1952,0.1786,0.161,0.192,0.313,0.135,0.281,0.088,0.000,0.000,24,12,0,0,0.287,0.142,0.250,0.044,0.010,0.005,29,11,3,2
0.131,0.113,0.378,1.42,0.221,0,0.1568,0.1467,0.112,-0.397,0.313,0.135,0.281,0.088,0.000,0.000,24,12,0,0,0.287,0.142,0.250,0.044,0.010,0.005,29,11,3,2
0.131,0.089,0.335,1.99,0.186,0,0.1349,0.1283,0.086,-0.326,0.313,0.135,0.281,0.088,0.000,0.000,24,12,0,0,0.287,0.142,0.250,0.044,0.010,0.005,29,11,3,2
0.127,0.134,0.382,0,0.000,0,0.1190,0.1145,0.092,0.166,0.313,0.135,0.281,0.088,0.000,0.000,24,12,0,0,0.287,0.142,0.250,0.044,0.010,0.005,29,11,3,2
0.132,0.111,0.318,2.1,0.128,0,0.1201,0.1170,0.052,0.02,0.313,0.135,0.281,0.088,0.000,0.000,24,12,0,0,0.287,0.142,0.250,0.044,0.010,0.005,29,11,3,2
0.101,0.103,0.419,0,0.000,0,0.1103,0.1106,0.078,0.166,0.313,0.135,0.281,0.088,0.000,0.000,24,12,0,0,0.287,0.142,0.250,0.044,0.010,0.005,29,11,3,2
0.095,0.084,0.288,1.69,0.290,0,0.0960,0.1004,0.057,-0.697,0.313,0.135,0.281,0.088,0.000,0.000,24,12,0,0,0.287,0.142,0.250,0.044,0.010,0.005,29,11,3,2
0.095,0.115,0.170,1.69,0.290,0,0.0889,0.0950,0.035,-0.697,0.313,0.135,0.281,0.088,0.000,0.000,24,12,0,0,0.287,0.142,0.250,0.044,0.010,0.005,29,11,3,2
0.092,0.139,0.573,-1.19,0.219,1,0.0799,0.0877,0.119,0.586,0.313,0.135,0.281,0.088,0.000,0.000,24,12,0,0,0.287,0.142,0.250,0.044,0.010,0.005,29,11,3,2
0.089,0.086,0.027,1.99,0.186,0,0.0730,0.0830,0.044,-0.326,0.313,0.135,0.281,0.088,0.000,0.000,24,12,0,0,0.287,0.142,0.250,0.044,0.010,0.005,29,11,3,2
0.075,0.192,0.468,1.76,0.409,0,0.0650,0.0792,0.076,-0.884,0.313,0.135,0.281,0.088,0.000,0.000,24,12,0,0,0.287,0.142,0.250,0.044,0.010,0.005,29,11,3,2
0.075,0.117,0.428,1.99,0.186,0,0.0629,0.0787,0.042,-0.326,0.313,0.135,0.281,0.088,0.000,0.000,24,12,0,0,0.287,0.142,0.250,0.044,0.010,0.005,29,11,3,2
0.075,0.248,0.540,-0.08,0.108,0,0.0682,0.0832,0.098,0.059,0.313,0.135,0.281,0.088,0.000,0.000,24,12,0,0,0.287,0.142,0.250,0.044,0.010,0.005,29,11,3,2
0.072,0.209,0.515,0,0.000,0,0.0793,0.0903,0.122,0.166,0.313,0.135,0.281,0.088,0.000,0.000,24,12,0,0,0.287,0.142,0.250,0.044,0.010,0.005,29,11,3,2
0.057,0.251,0.631,0.2,0.291,1,0.0905,0.0997,0.215,0.180,0.313,0.135,0.281,0.088,0.000,0.000,24,12,0,0,0.287,0.142,0.250,0.044,0.010,0.005,29,11,3,2
0.045,0.133,0.414,1.69,0.290,0,0.1178,0.1209,0.085,-0.697,0.313,0.135,0.281,0.088,0.000,0.000,24,12,0,0,0.287,0.142,0.250,0.044,0.010,0.005,29,11,3,2
0.042,0.087,0.560,-1.1,0.105,-1,0.1612,0.1556,0.284,0.192,0.313,0.135,0.281,0.088,0.000,0.000,24,12,0,0,0.287,0.142,0.250,0.044,0.010,0.005,29,11,3,2
0.052,0.088,0.441,-1.1,0.105,-1,0.2150,0.1983,0.338,0.192,0.313,0.135,0.281,0.088,0.000,0.000,24,12,0,0,0.287,0.142,0.250,0.044,0.010,0.005,29,11,3,2
0.061,0.079,0.547,1.42,0.221,0,0.2625,0.2353,0.247,-0.397,0.313,0.135,0.281,0.088,0.000,0.000,24,12,0,0,0.287,0.142,0.250,0.044,0.010,0.005,29,11,3,2
0.047,0.123,0.385,0,0.000,0,0.3036,0.2662,0.297,0.166,0.313,0.135,0.281,0.088,0.000,0.000,24,12,0,0,0.287,0.142,0.250,0.044,0.010,0.005,29,11,3,2
0.048,0.172,0.439,1.37,0.298,0,0.3431,0.2973,0.144,-0.510,0.313,0.135,0.281,0.088,0.000,0.000,24,12,0,0,0.287,0.142,0.250,0.044,0.010,0.005,29,11,3,2
0.071,0.099,0.383,-1.14,0.131,0,0.3694,0.3158,0.258,0.987,0.313,0.135,0.281,0.088,0.000,0.000,24,12,0,0,0.287,0.142,0.250,0.044,0.010,0.005,29,11,3,2
0.071,0.161,0.685,0.2,0.291,1,0.3917,0.3324,0.255,0.180,0.313,0.135,0.281,0.088,0.000,0.000,24,12,0,0,0.287,0.142,0.250,0.044,0.010,0.005,29,11,3,2
0.076,0.089,0.313,-1.14,0.131,0,0.3979,0.3340,0.293,0.987,0.313,0.135,0.281,0.088,0.000,0.000,24,12,0,0,0.287,0.142,0.250,0.044,0.010,0.005,29,11,3,2
0.074,0.116,0.225,-0.79,0.151,-1,0.3890,0.3238,0.349,0.736,0.313,0.135,0.281,0.088,0.000,0.000,24,12,0,0,0.287,0.142,0.250,0.044,0.010,0.005,29,11,3,2
0.074,0.095,0.353,1.69,0.290,0,0.3770,0.3102,0.144,-0.697,0.313,0.135,0.281,0.088,0.000,0.000,24,12,0,0,0.287,0.142,0.250,0.044,0.010,0.005,29,11,3,2
0.091,0.103,0.114,-1.1,0.105,-1,0.3692,0.3001,0.279,0.192,0.313,0.135,0.281,0.088,0.000,0.000,24,12,0,0,0.287,0.142,0.250,0.044,0.010,0.005,29,11,3,2
0.095,0.115,0.077,0.85,0.046,0,0.3714,0.3003,0.291,0.06,0.313,0.135,0.281,0.088,0.000,0.000,24,12,0,0,0.287,0.142,0.250,0.044,0.010,0.005,29,11,3,2
0.101,0.141,0.314,-1.1,0.105,-1,0.3612,0.2940,0.443,0.192,0.313,0.135,0.281,0.088,0.000,0.000,24,12,0,0,0.287,0.142,0.250,0.044,0.010,0.005,29,11,3,2
0.099,0.163,0.488,-0.42,0.180,0,0.3550,0.2922,0.269,0.318,0.313,0.135,0.281,0.088,0.000,0.000,24,12,0,0,0.287,0.142,0.250,0.044,0.010,0.005,29,11,3,2
0.097,0.211,0.212,0,0.000,0,0.3457,0.2883,0.121,0.166,0.313,0.135,0.281,0.088,0.000,0.000,24,12,0,0,0.287,0.142,0.250,0.044,0.010,0.005,29,11,3,2
0.107,0.191,0.150,0.85,0.046,0,0.3308,0.2788,0.075,0.06,0.313,0.135,0.281,0.088,0.000,0.000,24,12,0,0,0.287,0.142,0.250,0.044,0.010,0.005,29,11,3,2
0.091,0.052,0.446,1.99,0.186,0,0.3125,0.2680,0.083,-0.326,0.313,0.135,0.281,0.088,0.000,0.000,24,12,0,0,0.287,0.142,0.250,0.044,0.010,0.005,29,11,3,2
0.091,0.065,0.258,0.85,0.046,0,0.2950,0.2573,0.060,0.06,0.313,0.135,0.281,0.088,0.000,0.000,24,12,0,0,0.287,0.142,0.250,0.044,0.010,0.005,29,11,3,2
0.102,0.106,0.262,2.53,0.140,0,0.2941,0.2605,0.055,-0.121,0.313,0.135,0.281,0.088,0.000,0.000,24,12,0,0,0.287,0.142,0.250,0.044,0.010,0.005,29,11,3,2
0.135,0.137,0.675,0.2,0.291,1,0.3027,0.2705,0.188,0.180,0.313,0.135,0.281,0.088,0.000,0.000,24,12,0,0,0.287,0.142,0.250,0.044,0.010,0.005,29,11,3,2
0.165,0.079,0.672,0.85,0.046,0,0.3157,0.2836,0.163,0.06,0.313,0.135,0.281,0.088,0.000,0.000,24,12,0,0,0.287,0.142,0.250,0.044,0.010,0.005,29,11,3,2
0.180,0.089,0.363,0.85,0.046,0,0.3386,0.3056,0.140,0.06,0.313,0.135,0.281,0.088,0.000,0.000,24,12,0,0,0.287,0.142,0.250,0.044,0.010,0.005,29,11,3,2
0.191,0.093,0.522,0,0.000,0,0.3606,0.3281,0.162,0.166,0.313,0.135,0.281,0.088,0.000,0.000,24,12,0,0,0.287,0.142,0.250,0.044,0.010,0.005,29,11,3,2
0.164,0.087,0.411,0,0.000,0,0.3742,0.3431,0.071,0.166,0.313,0.135,0.281,0.088,0.000,0.000,24,12,0,0,0.287,0.142,0.250,0.044,0.010,0.005,29,11,3,2
0.139,0.063,0.255,2.53,0.140,0,0.3868,0.3587,0.085,-0.121,0.313,0.135,0.281,0.088,0.000,0.000,24,12,0,0,0.287,0.142,0.250,0.044,0.010,0.005,29,11,3,2
0.167,0.066,0.226,3.14,0.186,0,0.3860,0.3624,0.053,-0.486,0.313,0.135,0.281,0.088,0.000,0.000,24,12,0,0,0.287,0.142,0.250,0.044,0.010,0.005,29,11,3,2
0.167,0.111,0.218,-0.79,0.151,-1,0.3699,0.3535,0.139,0.736,0.313,0.135,0.281,0.088,0.000,0.000,24,12,0,0,0.287,0.142,0.250,0.044,0.010,0.005,29,11,3,2
0.167,0.097,0.407,1.42,0.221,0,0.3461,0.3367,0.086,-0.397,0.313,0.135,0.281,0.088,0.000,0.000,24,12,0,0,0.287,0.142,0.250,0.044,0.010,0.005,29,11,3,2
0.149,0.258,0.660,0.22,0.230,0,0.3062,0.3060,0.119,0.303,0.313,0.135,0.281,0.088,0.000,0.000,24,12,0,0,0.287,0.142,0.250,0.044,0.010,0.005,29,11,3,2
0.146,0.218,0.759,0.22,0.230,0,0.2807,0.2892,0.238,0.303,0.313,0.135,0.281,0.088,0.000,0.000,24,12,0,0,0.287,0.142,0.250,0.044,0.010,0.005,29,11,3,2
0.119,0.181,0.498,0,0.000,0,0.2516,0.2688,0.222,0.166,0.313,0.135,0.281,0.088,0.000,0.000,24,12,0,0,0.287,0.142,0.250,0.044,0.010,0.005,29,11,3,2
0.118,0.167,0.477,-0.52,0.062,0,0.2286,0.2524,0.259,0.341,0.313,0.135,0.281,0.088,0.000,0.000,24,12,0,0,0.287,0.142,0.250,0.044,0.010,0.005,29,11,3,2
0.117,0.175,0.702,0.22,0.230,0,0.2124,0.2400,0.270,0.303,0.313,0.135,0.281,0.088,0.000,0.000,24,12,0,0,0.287,0.142,0.250,0.044,0.010,0.005,29,11,3,2
0.121,0.079,0.286,-0.79,0.151,-1,0.2037,0.2321,0.377,0.736,0.313,0.135,0.281,0.088,0.000,0.000,24,12,0,0,0.287,0.142,0.250,0.044,0.010,0.005,29,11,3,2
0.121,0.110,0.237,-0.79,0.151,-1,0.2030,0.2297,0.287,0.736,0.313,0.135,0.281,0.088,0.000,0.000,24,12,0,0,0.287,0.142,0.250,0.044,0.010,0.005,29,11,3,2
0.126,0.141,0.474,-1.19,0.219,1,0.2086,0.2308,0.140,0.586,0.313,0.135,0.281,0.088,0.000,0.000,24,12,0,0,0.287,0.142,0.250,0.044,0.010,0.005,29,11,3,2
0.123,0.072,0.254,2.53,0.140,0,0.2231,0.2381,0.055,-0.121,0.313,0.135,0.281,0.088,0.000,0.000,24,12,0,0,0.287,0.142,0.250,0.044,0.010,0.005,29,11,3,2
0.149,0.072,0.007,2.53,0.140,0,0.2331,0.2418,0.044,-0.121,0.313,0.135,0.281,0.088,0.000,0.000,24,12,0,0,0.287,0.142,0.250,0.044,0.010,0.005,29,11,3,2
0.117,0.083,0.511,1.37,0.298,0,0.2560,0.2551,0.055,-0.510,0.313,0.135,0.281,0.088,0.000,0.000,24,12,0,0,0.287,0.142,0.250,0.044,0.010,0.005,29,11,3,2
0.104,0.065,0.005,3.14,0.186,0,0.2826,0.2708,0.023,-0.486,0.313,0.135,0.281,0.088,0.000,0.000,24,12,0,0,0.287,0.142,0.250,0.044,0.010,0.005,29,11,3,2
0.082,0.083,0.374,-0.48,0.134,0,0.3040,0.2813,0.068,0.007,0.313,0.135,0.281,0.088,0.000,0.000,24,12,0,0,0.287,0.142,0.250,0.044,0.010,0.005,29,11,3,2
0.065,0.064,0.387,1.99,0.186,0,0.3121,0.2821,0.041,-0.326,0.313,0.135,0.281,0.088,0.000,0.000,24,12,0,0,0.287,0.142,0.250,0.044,0.010,0.005,29,11,3,2
0.066,0.078,0.315,2.53,0.140,0,0.2973,0.2648,0.071,-0.121,0.313,0.135,0.281,0.088,0.000,0.000,24,12,0,0,0.287,0.142,0.250,0.044,0.010,0.005,29,11,3,2
0.059,0.087,0.601,-0.52,0.062,0,0.2837,0.2471,0.115,0.341,0.313,0.135,0.281,0.088,0.000,0.000,24,12,0,0,0.287,0.142,0.250,0.044,0.010,0.005,29,11,3,2
0.071,0.121,0.385,0,0.000,0,0.2691,0.2285,0.134,0.166,0.313,0.135,0.281,0.088,0.000,0.000,24,12,0,0,0.287,0.142,0.250,0.044,0.010,0.005,29,11,3,2
0.091,0.121,0.279,1.42,0.221,0,0.2535,0.2092,0.120,-0.397,0.313,0.135,0.281,0.088,0.000,0.000,24,12,0,0,0.287,0.142,0.250,0.044,0.010,0.005,29,11,3,2
0.059,0.105,0.252,-0.08,0.108,0,0.2294,0.1822,0.230,0.059,0.313,0.135,0.281,0.088,0.000,0.000,24,12,0,0,0.287,0.142,0.250,0.044,0.010,0.005,29,11,3,2
0.058,0.067,0.065,1.99,0.186,0,0.2185,0.1681,0.153,-0.326,0.313,0.135,0.281,0.088,0.000,0.000,24,12,0,0,0.287,0.142,0.250,0.044,0.010,0.005,29,11,3,2
0.058,0.084,0.167,-0.79,0.151,-1,0.2215,0.1643,0.303,0.736,0.313,0.135,0.281,0.088,0.000,0.000,24,12,0,0,0.287,0.142,0.250,0.044,0.010,0.005,29,11,3,2
0.062,0.076,0.143,-1.14,0.131,0,0.2359,0.1689,0.296,0.987,0.313,0.135,0.281,0.088,0.000,0.000,24,12,0,0,0.287,0.142,0.250,0.044,0.010,0.005,29,11,3,2
0.065,0.105,0.293,-0.48,0.134,0,0.2586,0.1805,0.352,0.007,0.313,0.135,0.281,0.088,0.000,0.000,24,12,0,0,0.287,0.142,0.250,0.044,0.010,0.005,29,11,3,2
0.053,0.104,0.186,-0.79,0.151,-1,0.2802,0.1921,0.412,0.736,0.313,0.135,0.281,0.088,0.000,0.000,24,12,0,0,0.287,0.142,0.250,0.044,0.010,0.005,29,11,3,2
0.053,0.109,0.531,0.22,0.230,0,0.3041,0.2072,0.309,0.303,0.313,0.135,0.281,0.088,0.000,0.000,24,12,0,0,0.287,0.142,0.250,0.044,0.010,0.005,29,11,3,2
0.054,0.078,0.307,-1.1,0.105,-1,0.3252,0.2201,0.224,0.192,0.313,0.135,0.281,0.088,0.000,0.000,24,12,0,0,0.287,0.142,0.250,0.044,0.010,0.005,29,11,3,2
0.054,0.106,0.200,-0.42,0.180,0,0.3309,0.2220,0.181,0.318,0.313,0.135,0.281,0.088,0.000,0.000,24,12,0,0,0.287,0.142,0.250,0.044,0.010,0.005,29,11,3,2
0.066,0.146,0.525,0.2,0.291,1,0.3178,0.2097,0.243,0.180,0.313,0.135,0.281,0.088,0.000,0.000,24,12,0,0,0.287,0.142,0.250,0.044,0.010,0.005,29,11,3,2
0.051,0.075,0.150,1.69,0.290,0,0.2975,0.1928,0.068,-0.697,0.313,0.135,0.281,0.088,0.000,0.000,24,12,0,0,0.287,0.142,0.250,0.044,0.010,0.005,29,11,3,2
0.055,0.079,0.130,3.14,0.186,0,0.2706,0.1722,0.070,-0.486,0.313,0.135,0.281,0.088,0.000,0.000,24,12,0,0,0.287,0.142,0.250,0.044,0.010,0.005,29,11,3,2
0.055,0.127,0.027,2.53,0.140,0,0.2446,0.1540,0.062,-0.121,0.313,0.135,0.281,0.088,0.000,0.000,24,12,0,0,0.287,0.142,0.250,0.044,0.010,0.005,29,11,3,2
0.066,0.160,0.393,-1.1,0.105,-1,0.2099,0.1317,0.171,0.192,0.313,0.135,0.281,0.088,0.000,0.000,24,12,0,0,0.287,0.142,0.250,0.044,0.010,0.005,29,11,3,2
0.069,0.214,0.348,0,0.000,0,0.1603,0.0989,0.109,0.166,0.313,0.135,0.281,0.088,0.000,0.000,24,12,0,0,0.287,0.142,0.250,0.044,0.010,0.005,29,11,3,2
0.083,0.244,0.560,1.76,0.409,0,0.1207,0.0735,0.139,-0.884,0.313,0.135,0.281,0.088,0.000,0.000,24,12,0,0,0.287,0.142,0.250,0.044,0.010,0.005,29,11,3,2
0.126,0.147,0.177,0.85,0.046,0,0.0851,0.0512,0.113,0.06,0.313,0.135,0.281,0.088,0.000,0.000,24,12,0,0,0.287,0.142,0.250,0.044,0.010,0.005,29,11,3,2
0.097,0.183,0.302,0.85,0.046,0,0.0564,0.0332,0.125,0.06,0.313,0.135,0.281,0.088,0.000,0.000,24,12,0,0,0.287,0.142,0.250,0.044,0.010,0.005,29,11,3,2
0.101,0.213,0.555,-0.52,0.062,0,0.0336,0.0193,0.163,0.341,0.313,0.135,0.281,0.088,0.000,0.000,24,12,0,0,0.287,0.142,0.250,0.044,0.010,0.005,29,11,3,2
0.104,0.264,0.556,-1.19,0.219,1,0.0153,0.0081,0.373,0.586,0.313,0.135,0.281,0.088,0.000,0.000,24,12,0,0,0.287,0.142,0.250,0.044,0.010,0.005,29,11,3,2
0.101,0.234,0.345,1.69,0.290,0,0.0113,0.0063,0.114,-0.697,0.313,0.135,0.281,0.088,0.000,0.000,24,12,0,0,0.287,0.142,0.250,0.044,0.010,0.005,29,11,3,2
0.123,0.183,0.362,0,0.000,0,0.0165,0.0096,0.153,0.166,0.313,0.135,0.281,0.088,0.000,0.000,24,12,0,0,0.287,0.142,0.250,0.044,0.010,0.005,29,11,3,2
0.127,0.132,0.310,1.99,0.186,0,0.0263,0.0147,0.080,-0.326,0.313,0.135,0.281,0.088,0.000,0.000,24,12,0,0,0.287,0.142,0.250,0.044,0.010,0.005,29,11,3,2
0.127,0.113,0.387,-1.1,0.105,-1,0.0283,0.0142,0.229,0.192,0.313,0.135,0.281,0.088,0.000,0.000,24,12,0,0,0.287,0.142,0.250,0.044,0.010,0.005,29,11,3,2
0.126,0.101,0.207,2.53,0.140,0,0.0321,0.0152,0.035,-0.121,0.313,0.135,0.281,0.088,0.000,0.000,24,12,0,0,0.287,0.142,0.250,0.044,0.010,0.005,29,11,3,2
0.123,0.090,0.238,2.53,0.140,0,0.0321,0.0150,0.031,-0.121,0.313,0.135,0.281,0.088,0.000,0.000,24,12,0,0,0.287,0.142,0.250,0.044,0.010,0.005,29,11,3,2
0.145,0.135,0.357,-1.19,0.219,1,0.0316,0.0148,0.185,0.586,0.313,0.135,0.281,0.088,0.000,0.000,24,12,0,0,0.287,0.142,0.250,0.044,0.010,0.005,29,11,3,2
0.150,0.124,0.156,1.69,0.290,0,0.0301,0.0136,0.041,-0.697,0.313,0.135,0.281,0.088,0.000,0.000,24,12,0,0,0.287,0.142,0.250,0.044,0.010,0.005,29,11,3,2
0.148,0.097,0.002,1.99,0.186,0,0.0300,0.0131,0.037,-0.326,0.313,0.135,0.281,0.088,0.000,0.000,24,12,0,0,0.287,0.142,0.250,0.044,0.010,0.005,29,11,3,2
0.144,0.088,0.081,2.53,0.140,0,0.0367,0.0155,0.050,-0.121,0.313,0.135,0.281,0.088,0.000,0.000,24,12,0,0,0.287,0.142,0.250,0.044,0.010,0.005,29,11,3,2
0.119,0.096,0.055,0.85,0.046,0,0.0508,0.0212,0.097,0.06,0.313,0.135,0.281,0.088,0.000,0.000,24,12,0,0,0.287,0.142,0.250,0.044,0.010,0.005,29,11,3,2
0.138,0.105,0.045,0.85,0.046,0,0.0623,0.0285,0.033,0.06,0.313,0.135,0.281,0.088,0.000,0.000,24,12,0,0,0.287,0.142,0.250,0.044,0.010,0.005,29,11,3,2
0.166,0.087,0.007,0.85,0.046,0,0.0696,0.0333,0.080,0.06,0.313,0.135,0.281,0.088,0.000,0.000,24,12,0,0,0.287,0.142,0.250,0.044,0.010,0.005,29,11,3,2
0.203,0.084,0.019,0.85,0.046,0,0.0753,0.0350,0.113,0.06,0.313,0.135,0.281,0.088,0.000,0.000,24,12,0,0,0.287,0.142,0.250,0.044,0.010,0.005,29,11,3,2
0.212,0.126,0.054,-0.08,0.108,0,0.0815,0.0336,0.097,0.059,0.313,0.135,0.281,0.088,0.000,0.000,24,12,0,0,0.287,0.142,0.250,0.044,0.010,0.005,29,11,3,2
0.255,0.106,0.002,2.53,0.140,0,0.0914,0.0316,0.055,-0.121,0.313,0.135,0.281,0.088,0.000,0.000,24,12,0,0,0.287,0.142,0.250,0.044,0.010,0.005,29,11,3,2
0.250,0.108,0.230,-0.79,0.151,-1,0.0990,0.0275,0.291,0.736,0.313,0.135,0.281,0.088,0.000,0.000,24,12,0,0,0.287,0.142,0.250,0.044,0.010,0.005,29,11,3,2
0.207,0.087,0.123,1.42,0.221,0,0.1131,0.0323,0.212,-0.397,0.313,0.135,0.281,0.088,0.000,0.000,24,12,0,0,0.287,0.142,0.250,0.044,0.010,0.005,29,11,3,2
0.240,0.086,0.260,1.99,0.186,0,0.1234,0.0406,0.154,-0.326,0.313,0.135,0.281,0.088,0.000,0.000,24,12,0,0,0.287,0.142,0.250,0.044,0.010,0.005,29,11,3,2
0.232,0.134,0.408,0,0.000,0,0.1408,0.0636,0.424,0.166,0.313,0.135,0.281,0.088,0.000,0.000,24,12,0,0,0.287,0.142,0.250,0.044,0.010,0.005,29,11,3,2
0.236,0.135,0.500,0,0.000,0,0.1660,0.1041,0.242,0.166,0.313,0.135,0.281,0.088,0.000,0.000,24,12,0,0,0.287,0.142,0.250,0.044,0.010,0.005,29,11,3,2
0.238,0.137,0.494,-1.14,0.131,0,0.1891,0.1576,0.365,0.987,0.313,0.135,0.281,0.088,0.000,0.000,24,12,0,0,0.287,0.142,0.250,0.044,0.010,0.005,29,11,3,2
0.242,0.250,0.782,-1.19,0.219,1,0.2044,0.2214,0.491,0.586,0.313,0.135,0.281,0.088,0.000,0.000,24,12,0,0,0.287,0.142,0.250,0.044,0.010,0.005,29,11,3,2
0.245,0.215,0.650,-1.19,0.219,1,0.2090,0.2931,0.349,0.586,0.313,0.135,0.281,0.088,0.000,0.000,24,12,0,0,0.287,0.142,0.250,0.044,0.010,0.005,29,11,3,2
0.249,0.138,0.103,0.85,0.046,0,0.2027,0.3700,0.125,0.06,0.313,0.135,0.281,0.088,0.000,0.000,24,12,0,0,0.287,0.142,0.250,0.044,0.010,0.005,29,11,3,2
0.271,0.218,0.572,-1.19,0.219,1,0.1888,0.4500,0.371,0.586,0.313,0.135,0.281,0.088,0.000,0.000,24,12,0,0,0.287,0.142,0.250,0.044,0.010,0.005,29,11,3,2
0.279,0.145,0.005,3.14,0.186,0,0.1748,0.5312,0.130,-0.486,0.313,0.135,0.281,0.088,0.000,0.000,24,12,0,0,0.287,0.142,0.250,0.044,0.010,0.005,29,11,3,2
0.372,0.099,0.086,2.53,0.140,0,0.1741,0.6129,0.212,-0.121,0.313,0.135,0.281,0.088,0.000,0.000,24,12,0,0,0.287,0.142,0.250,0.044,0.010,0.005,29,11,3,2
0.374,0.067,0.058,3.14,0.186,0,0.2063,0.6955,0.118,-0.486,0.313,0.135,0.281,0.088,0.000,0.000,24,12,0,0,0.287,0.142,0.250,0.044,0.010,0.005,29,11,3,2
0.400,0.057,0.144,-1.14,0.131,0,0.2988,0.7811,0.614,0.987,0.313,0.135,0.281,0.088,0.000,0.000,24,12,0,0,0.287,0.142,0.250,0.044,0.010,0.005,29,11,3,2
