0.104,0.852,0.631,1.42,0.221,0,0.0126,0.5022,0.719,-0.397,0.149,0.127,0.056,0.004,0.000,0.000,8,1,0,0,0.165,0.168,0.092,0.040,0.032,0.024,22,9,8,6
0.107,0.880,0.648,-1.1,0.105,-1,0.0103,0.3560,0.482,0.192,0.149,0.127,0.056,0.004,0.000,0.000,8,1,0,0,0.165,0.168,0.092,0.040,0.032,0.024,22,9,8,6
0.111,0.869,0.801,0.2,0.291,1,0.0094,0.2444,0.436,0.180,0.149,0.127,0.056,0.004,0.000,0.000,8,1,0,0,0.165,0.168,0.092,0.040,0.032,0.024,22,9,8,6
0.118,0.885,0.791,0.2,0.291,1,0.0092,0.1614,0.396,0.180,0.149,0.127,0.056,0.004,0.000,0.000,8,1,0,0,0.165,0.168,0.092,0.040,0.032,0.024,22,9,8,6
0.122,0.911,0.535,-0.08,0.108,0,0.0094,0.1014,0.216,0.059,0.149,0.127,0.056,0.004,0.000,0.000,8,1,0,0,0.165,0.168,0.092,0.040,0.032,0.024,22,9,8,6
0.126,0.928,0.274,1.69,0.290,0,0.0097,0.0596,0.127,-0.697,0.149,0.127,0.056,0.004,0.000,0.000,8,1,0,0,0.165,0.168,0.092,0.040,0.032,0.024,22,9,8,6
0.124,0.881,0.037,1.99,0.186,0,0.0099,0.0319,0.124,-0.326,0.149,0.127,0.056,0.004,0.000,0.000,8,1,0,0,0.165,0.168,0.092,0.040,0.032,0.024,22,9,8,6
0.127,0.878,0.478,0.2,0.291,1,0.0100,0.0147,0.253,0.180,0.149,0.127,0.056,0.004,0.000,0.000,8,1,0,0,0.165,0.168,0.092,0.040,0.032,0.024,22,9,8,6
0.129,0.898,0.032,1.99,0.186,0,0.0098,0.0051,0.059,-0.326,0.149,0.127,0.056,0.004,0.000,0.000,8,1,0,0,0.165,0.168,0.092,0.040,0.032,0.024,22,9,8,6
0.131,0.884,0.246,1.37,0.298,0,0.0094,0.0006,0.091,-0.510,0.149,0.127,0.056,0.004,0.000,0.000,8,1,0,0,0.165,0.168,0.092,0.040,0.032,0.024,22,9,8,6
0.127,0.881,0.263,1.99,0.186,0,0.0087,-0.0013,0.101,-0.326,0.149,0.127,0.056,0.004,0.000,0.000,8,1,0,0,0.165,0.168,0.092,0.040,0.032,0.024,22,9,8,6
0.122,0.882,0.439,1.99,0.186,0,0.0083,-0.0021,0.128,-0.326,0.149,0.127,0.056,0.004,0.000,0.000,8,1,0,0,0.165,0.168,0.092,0.040,0.032,0.024,22,9,8,6
0.124,0.841,0.479,2.53,0.140,0,0.0081,0.0013,0.088,-0.121,0.149,0.127,0.056,0.004,0.000,0.000,8,1,0,0,0.165,0.168,0.092,0.040,0.032,0.024,22,9,8,6
0.147,0.855,0.423,0,0.000,0,0.0077,0.0020,0.140,0.166,0.149,0.127,0.056,0.004,0.000,0.000,8,1,0,0,0.165,0.168,0.092,0.040,0.032,0.024,22,9,8,6
0.136,0.293,0.308,0.85,0.046,0,0.0074,0.0018,0.121,0.06,0.149,0.127,0.056,0.004,0.000,0.000,8,1,0,0,0.165,0.168,0.092,0.040,0.032,0.024,22,9,8,6
0.144,0.839,0.345,0.85,0.046,0,0.0071,0.0009,0.104,0.06,0.149,0.127,0.056,0.004,0.000,0.000,8,1,0,0,0.165,0.168,0.092,0.040,0.032,0.024,22,9,8,6
0.172,0.837,0.346,3.14,0.186,0,0.0074,0.0010,0.101,-0.486,0.149,0.127,0.056,0.004,0.000,0.000,8,1,0,0,0.165,0.168,0.092,0.040,0.032,0.024,22,9,8,6
0.166,0.850,0.367,0.85,0.046,0,0.0074,0.0008,0.162,0.06,0.149,0.127,0.056,0.004,0.000,0.000,8,1,0,0,0.165,0.168,0.092,0.040,0.032,0.024,22,9,8,6
0.144,0.875,0.267,2.53,0.140,0,0.0083,0.0010,0.132,-0.121,0.149,0.127,0.056,0.004,0.000,0.000,8,1,0,0,0.165,0.168,0.092,0.040,0.032,0.024,22,9,8,6
0.144,0.883,0.194,0.85,0.046,0,0.0091,0.0011,0.087,0.06,0.149,0.127,0.056,0.004,0.000,0.000,8,1,0,0,0.165,0.168,0.092,0.040,0.032,0.024,22,9,8,6
0.164,0.860,0.108,-1.14,0.131,0,0.0091,0.0010,0.277,0.987,0.149,0.127,0.056,0.004,0.000,0.000,8,1,0,0,0.165,0.168,0.092,0.040,0.032,0.024,22,9,8,6
0.148,0.862,0.312,2.53,0.140,0,0.0092,0.0012,0.196,-0.121,0.149,0.127,0.056,0.004,0.000,0.000,8,1,0,0,0.165,0.168,0.092,0.040,0.032,0.024,22,9,8,6
0.123,0.877,0.317,3.14,0.186,0,0.0092,0.0013,0.139,-0.486,0.149,0.127,0.056,0.004,0.000,0.000,8,1,0,0,0.165,0.168,0.092,0.040,0.032,0.024,22,9,8,6
0.110,0.851,0.432,-1.19,0.219,1,0.0101,0.0019,0.307,0.586,0.149,0.127,0.056,0.004,0.000,0.000,8,1,0,0,0.165,0.168,0.092,0.040,0.032,0.024,22,9,8,6
0.113,0.833,0.247,-1.14,0.131,0,0.0107,0.0026,0.341,0.987,0.149,0.127,0.056,0.004,0.000,0.000,8,1,0,0,0.165,0.168,0.092,0.040,0.032,0.024,22,9,8,6
0.091,0.323,0.132,0.85,0.046,0,0.0109,0.0027,0.242,0.06,0.149,0.127,0.056,0.004,0.000,0.000,8,1,0,0,0.165,0.168,0.092,0.040,0.032,0.024,22,9,8,6
0.090,0.844,0.009,1.99,0.186,0,0.0123,0.0033,0.174,-0.326,0.149,0.127,0.056,0.004,0.000,0.000,8,1,0,0,0.165,0.168,0.092,0.040,0.032,0.024,22,9,8,6
0.095,0.340,0.307,-1.1,0.105,-1,0.0145,0.0048,0.341,0.192,0.149,0.127,0.056,0.004,0.000,0.000,8,1,0,0,0.165,0.168,0.092,0.040,0.032,0.024,22,9,8,6
0.099,0.869,0.429,1.37,0.298,0,0.0178,0.0069,0.217,-0.510,0.149,0.127,0.056,0.004,0.000,0.000,8,1,0,0,0.165,0.168,0.092,0.040,0.032,0.024,22,9,8,6
0.099,0.883,0.335,2.53,0.140,0,0.0203,0.0085,0.133,-0.121,0.149,0.127,0.056,0.004,0.000,0.000,8,1,0,0,0.165,0.168,0.092,0.040,0.032,0.024,22,9,8,6
0.103,0.906,0.418,0,0.000,0,0.0222,0.0101,0.151,0.166,0.149,0.127,0.056,0.004,0.000,0.000,8,1,0,0,0.165,0.168,0.092,0.040,0.032,0.024,22,9,8,6
0.134,0.902,0.540,1.37,0.298,0,0.0234,0.0113,0.191,-0.510,0.149,0.127,0.056,0.004,0.000,0.000,8,1,0,0,0.165,0.168,0.092,0.040,0.032,0.024,22,9,8,6
0.165,0.896,0.416,1.69,0.290,0,0.0212,0.0103,0.126,-0.697,0.149,0.127,0.056,0.004,0.000,0.000,8,1,0,0,0.165,0.168,0.092,0.040,0.032,0.024,22,9,8,6
0.151,0.892,0.539,1.37,0.298,0,0.0181,0.0087,0.160,-0.510,0.149,0.127,0.056,0.004,0.000,0.000,8,1,0,0,0.165,0.168,0.092,0.040,0.032,0.024,22,9,8,6
0.122,0.874,0.345,-0.52,0.062,0,0.0172,0.0087,0.270,0.341,0.149,0.127,0.056,0.004,0.000,0.000,8,1,0,0,0.165,0.168,0.092,0.040,0.032,0.024,22,9,8,6
0.127,0.866,0.095,-0.79,0.151,-1,0.0179,0.0103,0.330,0.736,0.149,0.127,0.056,0.004,0.000,0.000,8,1,0,0,0.165,0.168,0.092,0.040,0.032,0.024,22,9,8,6
0.127,0.880,0.176,1.99,0.186,0,0.0130,0.0073,0.222,-0.326,0.149,0.127,0.056,0.004,0.000,0.000,8,1,0,0,0.165,0.168,0.092,0.040,0.032,0.024,22,9,8,6
0.123,0.886,0.310,0,0.000,0,0.0153,0.0099,0.272,0.166,0.149,0.127,0.056,0.004,0.000,0.000,8,1,0,0,0.165,0.168,0.092,0.040,0.032,0.024,22,9,8,6
0.108,0.862,0.344,-0.52,0.062,0,0.0256,0.0189,0.431,0.341,0.149,0.127,0.056,0.004,0.000,0.000,8,1,0,0,0.165,0.168,0.092,0.040,0.032,0.024,22,9,8,6
0.116,0.886,0.359,1.99,0.186,0,0.0326,0.0245,0.283,-0.326,0.149,0.127,0.056,0.004,0.000,0.000,8,1,0,0,0.165,0.168,0.092,0.040,0.032,0.024,22,9,8,6
0.111,0.897,0.495,-0.52,0.062,0,0.0445,0.0341,0.283,0.341,0.149,0.127,0.056,0.004,0.000,0.000,8,1,0,0,0.165,0.168,0.092,0.040,0.032,0.024,22,9,8,6
0.111,0.869,0.565,-1.19,0.219,1,0.0600,0.0473,0.426,0.586,0.149,0.127,0.056,0.004,0.000,0.000,8,1,0,0,0.165,0.168,0.092,0.040,0.032,0.024,22,9,8,6
0.124,0.867,0.601,-1.19,0.219,1,0.0731,0.0594,0.388,0.586,0.149,0.127,0.056,0.004,0.000,0.000,8,1,0,0,0.165,0.168,0.092,0.040,0.032,0.024,22,9,8,6
0.150,0.898,0.389,1.37,0.298,0,0.0844,0.0718,0.151,-0.510,0.149,0.127,0.056,0.004,0.000,0.000,8,1,0,0,0.165,0.168,0.092,0.040,0.032,0.024,22,9,8,6
0.171,0.902,0.079,1.99,0.186,0,0.0906,0.0810,0.109,-0.326,0.149,0.127,0.056,0.004,0.000,0.000,8,1,0,0,0.165,0.168,0.092,0.040,0.032,0.024,22,9,8,6
0.135,0.893,0.176,2.53,0.140,0,0.0977,0.0923,0.158,-0.121,0.149,0.127,0.056,0.004,0.000,0.000,8,1,0,0,0.165,0.168,0.092,0.040,0.032,0.024,22,9,8,6
0.158,0.907,0.114,0.85,0.046,0,0.1019,0.1014,0.164,0.06,0.149,0.127,0.056,0.004,0.000,0.000,8,1,0,0,0.165,0.168,0.092,0.040,0.032,0.024,22,9,8,6
0.164,0.878,0.256,-1.1,0.105,-1,0.0961,0.1013,0.267,0.192,0.149,0.127,0.056,0.004,0.000,0.000,8,1,0,0,0.165,0.168,0.092,0.040,0.032,0.024,22,9,8,6
0.145,0.891,0.155,-0.48,0.134,0,0.0890,0.0992,0.316,0.007,0.149,0.127,0.056,0.004,0.000,0.000,8,1,0,0,0.165,0.168,0.092,0.040,0.032,0.024,22,9,8,6
0.169,0.894,0.273,-0.08,0.108,0,0.0787,0.0930,0.341,0.059,0.149,0.127,0.056,0.004,0.000,0.000,8,1,0,0,0.165,0.168,0.092,0.040,0.032,0.024,22,9,8,6
0.170,0.859,0.175,-1.1,0.105,-1,0.0690,0.0863,0.428,0.192,0.149,0.127,0.056,0.004,0.000,0.000,8,1,0,0,0.165,0.168,0.092,0.040,0.032,0.024,22,9,8,6
0.163,0.888,0.128,0,0.000,0,0.0625,0.0811,0.240,0.166,0.149,0.127,0.056,0.004,0.000,0.000,8,1,0,0,0.165,0.168,0.092,0.040,0.032,0.024,22,9,8,6
0.112,0.878,0.152,1.99,0.186,0,0.0715,0.0869,0.243,-0.326,0.149,0.127,0.056,0.004,0.000,0.000,8,1,0,0,0.165,0.168,0.092,0.040,0.032,0.024,22,9,8,6
0.088,0.861,0.232,0.85,0.046,0,0.0902,0.1010,0.309,0.06,0.149,0.127,0.056,0.004,0.000,0.000,8,1,0,0,0.165,0.168,0.092,0.040,0.032,0.024,22,9,8,6
0.096,0.881,0.202,0,0.000,0,0.1077,0.1148,0.321,0.166,0.149,0.127,0.056,0.004,0.000,0.000,8,1,0,0,0.165,0.168,0.092,0.040,0.032,0.024,22,9,8,6
0.093,0.893,0.512,1.69,0.290,0,0.1267,0.1305,0.181,-0.697,0.149,0.127,0.056,0.004,0.000,0.000,8,1,0,0,0.165,0.168,0.092,0.040,0.032,0.024,22,9,8,6
0.093,0.884,0.380,-1.14,0.131,0,0.1383,0.1395,0.302,0.987,0.149,0.127,0.056,0.004,0.000,0.000,8,1,0,0,0.165,0.168,0.092,0.040,0.032,0.024,22,9,8,6
0.089,0.864,0.612,0.2,0.291,1,0.1456,0.1461,0.403,0.180,0.149,0.127,0.056,0.004,0.000,0.000,8,1,0,0,0.165,0.168,0.092,0.040,0.032,0.024,22,9,8,6
0.090,0.896,0.695,1.37,0.298,0,0.1452,0.1465,0.200,-0.510,0.149,0.127,0.056,0.004,0.000,0.000,8,1,0,0,0.165,0.168,0.092,0.040,0.032,0.024,22,9,8,6
0.103,0.867,0.723,-1.19,0.219,1,0.1428,0.1476,0.354,0.586,0.149,0.127,0.056,0.004,0.000,0.000,8,1,0,0,0.165,0.168,0.092,0.040,0.032,0.024,22,9,8,6
0.106,0.872,0.632,2.53,0.140,0,0.1389,0.1477,0.211,-0.121,0.149,0.127,0.056,0.004,0.000,0.000,8,1,0,0,0.165,0.168,0.092,0.040,0.032,0.024,22,9,8,6
0.137,0.313,0.643,0.85,0.046,0,0.1332,0.1456,0.318,0.06,0.149,0.127,0.056,0.004,0.000,0.000,8,1,0,0,0.165,0.168,0.092,0.040,0.032,0.024,22,9,8,6
0.141,0.402,0.661,-0.48,0.134,0,0.1253,0.1404,0.285,0.007,0.149,0.127,0.056,0.004,0.000,0.000,8,1,0,0,0.165,0.168,0.092,0.040,0.032,0.024,22,9,8,6
0.148,0.350,0.565,3.14,0.186,0,0.1217,0.1377,0.109,-0.486,0.149,0.127,0.056,0.004,0.000,0.000,8,1,0,0,0.165,0.168,0.092,0.040,0.032,0.024,22,9,8,6
0.151,0.382,0.633,-0.42,0.180,0,0.1198,0.1352,0.407,0.318,0.149,0.127,0.056,0.004,0.000,0.000,8,1,0,0,0.165,0.168,0.092,0.040,0.032,0.024,22,9,8,6
0.152,0.374,0.748,-0.42,0.180,0,0.1137,0.1272,0.361,0.318,0.149,0.127,0.056,0.004,0.000,0.000,8,1,0,0,0.165,0.168,0.092,0.040,0.032,0.024,22,9,8,6
0.183,0.344,0.463,2.53,0.140,0,0.1076,0.1178,0.080,-0.121,0.149,0.127,0.056,0.004,0.000,0.000,8,1,0,0,0.165,0.168,0.092,0.040,0.032,0.024,22,9,8,6
0.191,0.392,0.653,-0.42,0.180,0,0.0945,0.1028,0.265,0.318,0.149,0.127,0.056,0.004,0.000,0.000,8,1,0,0,0.165,0.168,0.092,0.040,0.032,0.024,22,9,8,6
0.166,0.377,0.420,-0.42,0.180,0,0.0770,0.0847,0.430,0.318,0.149,0.127,0.056,0.004,0.000,0.000,8,1,0,0,0.165,0.168,0.092,0.040,0.032,0.024,22,9,8,6
0.154,0.416,0.544,-0.42,0.180,0,0.0514,0.0599,0.342,0.318,0.149,0.127,0.056,0.004,0.000,0.000,8,1,0,0,0.165,0.168,0.092,0.040,0.032,0.024,22,9,8,6
0.103,0.364,0.265,3.14,0.186,0,0.0288,0.0363,0.087,-0.486,0.149,0.127,0.056,0.004,0.000,0.000,8,1,0,0,0.165,0.168,0.092,0.040,0.032,0.024,22,9,8,6
0.103,0.395,0.552,-1.19,0.219,1,0.0150,0.0235,0.493,0.586,0.149,0.127,0.056,0.004,0.000,0.000,8,1,0,0,0.165,0.168,0.092,0.040,0.032,0.024,22,9,8,6
0.091,0.414,0.519,-0.52,0.062,0,0.0144,0.0254,0.476,0.341,0.149,0.127,0.056,0.004,0.000,0.000,8,1,0,0,0.165,0.168,0.092,0.040,0.032,0.024,22,9,8,6
0.103,0.426,0.568,-0.52,0.062,0,0.0179,0.0321,0.365,0.341,0.149,0.127,0.056,0.004,0.000,0.000,8,1,0,0,0.165,0.168,0.092,0.040,0.032,0.024,22,9,8,6
0.105,0.367,0.416,0,0.000,0,0.0198,0.0374,0.334,0.166,0.149,0.127,0.056,0.004,0.000,0.000,8,1,0,0,0.165,0.168,0.092,0.040,0.032,0.024,22,9,8,6
0.104,0.374,0.415,2.1,0.128,0,0.0295,0.0485,0.070,0.02,0.149,0.127,0.056,0.004,0.000,0.000,8,1,0,0,0.165,0.168,0.092,0.040,0.032,0.024,22,9,8,6
0.103,0.865,0.575,0.85,0.046,0,0.0303,0.0502,0.087,0.06,0.149,0.127,0.056,0.004,0.000,0.000,8,1,0,0,0.165,0.168,0.092,0.040,0.032,0.024,22,9,8,6
0.083,0.895,0.386,2.53,0.140,0,0.0299,0.0511,0.063,-0.121,0.149,0.127,0.056,0.004,0.000,0.000,8,1,0,0,0.165,0.168,0.092,0.040,0.032,0.024,22,9,8,6
0.082,0.900,0.600,1.37,0.298,0,0.0289,0.0499,0.102,-0.510,0.149,0.127,0.056,0.004,0.000,0.000,8,1,0,0,0.165,0.168,0.092,0.040,0.032,0.024,22,9,8,6
0.088,0.904,0.439,1.69,0.290,0,0.0255,0.0453,0.061,-0.697,0.149,0.127,0.056,0.004,0.000,0.000,8,1,0,0,0.165,0.168,0.092,0.040,0.032,0.024,22,9,8,6
0.074,0.902,0.416,1.69,0.290,0,0.0222,0.0400,0.076,-0.697,0.149,0.127,0.056,0.004,0.000,0.000,8,1,0,0,0.165,0.168,0.092,0.040,0.032,0.024,22,9,8,6
0.076,0.907,0.243,0.85,0.046,0,0.0181,0.0321,0.090,0.06,0.149,0.127,0.056,0.004,0.000,0.000,8,1,0,0,0.165,0.168,0.092,0.040,0.032,0.024,22,9,8,6
0.060,0.899,0.392,1.37,0.298,0,0.0147,0.0248,0.140,-0.510,0.149,0.127,0.056,0.004,0.000,0.000,8,1,0,0,0.165,0.168,0.092,0.040,0.032,0.024,22,9,8,6
0.055,0.875,0.296,-1.14,0.131,0,0.0067,0.0126,0.272,0.987,0.149,0.127,0.056,0.004,0.000,0.000,8,1,0,0,0.165,0.168,0.092,0.040,0.032,0.024,22,9,8,6
0.052,0.888,0.263,1.99,0.186,0,0.0041,0.0069,0.251,-0.326,0.149,0.127,0.056,0.004,0.000,0.000,8,1,0,0,0.165,0.168,0.092,0.040,0.032,0.024,22,9,8,6
0.049,0.856,0.481,-0.08,0.108,0,0.0021,0.0049,0.418,0.059,0.149,0.127,0.056,0.004,0.000,0.000,8,1,0,0,0.165,0.168,0.092,0.040,0.032,0.024,22,9,8,6
0.048,0.843,0.466,-1.1,0.105,-1,0.0048,0.0112,0.498,0.192,0.149,0.127,0.056,0.004,0.000,0.000,8,1,0,0,0.165,0.168,0.092,0.040,0.032,0.024,22,9,8,6
0.047,0.861,0.369,-0.79,0.151,-1,0.0118,0.0224,0.391,0.736,0.149,0.127,0.056,0.004,0.000,0.000,8,1,0,0,0.165,0.168,0.092,0.040,0.032,0.024,22,9,8,6
0.045,0.858,0.227,-1.14,0.131,0,0.0194,0.0308,0.335,0.987,0.149,0.127,0.056,0.004,0.000,0.000,8,1,0,0,0.165,0.168,0.092,0.040,0.032,0.024,22,9,8,6
0.051,0.293,0.285,2.1,0.128,0,0.0311,0.0445,0.102,0.02,0.149,0.127,0.056,0.004,0.000,0.000,8,1,0,0,0.165,0.168,0.092,0.040,0.032,0.024,22,9,8,6
0.061,0.880,0.191,1.69,0.290,0,0.0430,0.0576,0.095,-0.697,0.149,0.127,0.056,0.004,0.000,0.000,8,1,0,0,0.165,0.168,0.092,0.040,0.032,0.024,22,9,8,6
0.072,0.857,0.081,1.99,0.186,0,0.0610,0.0760,0.142,-0.326,0.149,0.127,0.056,0.004,0.000,0.000,8,1,0,0,0.165,0.168,0.092,0.040,0.032,0.024,22,9,8,6
0.070,0.869,0.189,2.53,0.140,0,0.0827,0.0970,0.127,-0.121,0.149,0.127,0.056,0.004,0.000,0.000,8,1,0,0,0.165,0.168,0.092,0.040,0.032,0.024,22,9,8,6
0.075,0.871,0.153,-1.1,0.105,-1,0.0997,0.1123,0.192,0.192,0.149,0.127,0.056,0.004,0.000,0.000,8,1,0,0,0.165,0.168,0.092,0.040,0.032,0.024,22,9,8,6
0.063,0.837,0.098,1.99,0.186,0,0.1044,0.1174,0.081,-0.326,0.149,0.127,0.056,0.004,0.000,0.000,8,1,0,0,0.165,0.168,0.092,0.040,0.032,0.024,22,9,8,6
0.062,0.856,0.237,-0.42,0.180,0,0.1014,0.1145,0.298,0.318,0.149,0.127,0.056,0.004,0.000,0.000,8,1,0,0,0.165,0.168,0.092,0.040,0.032,0.024,22,9,8,6
0.062,0.879,0.055,0.85,0.046,0,0.1022,0.1147,0.293,0.06,0.149,0.127,0.056,0.004,0.000,0.000,8,1,0,0,0.165,0.168,0.092,0.040,0.032,0.024,22,9,8,6
0.055,0.860,0.118,1.99,0.186,0,0.0997,0.1129,0.165,-0.326,0.149,0.127,0.056,0.004,0.000,0.000,8,1,0,0,0.165,0.168,0.092,0.040,0.032,0.024,22,9,8,6
0.065,0.316,0.038,-0.08,0.108,0,0.0950,0.1081,0.376,0.059,0.149,0.127,0.056,0.004,0.000,0.000,8,1,0,0,0.165,0.168,0.092,0.040,0.032,0.024,22,9,8,6
0.060,0.306,0.022,0,0.000,0,0.1014,0.1129,0.451,0.166,0.149,0.127,0.056,0.004,0.000,0.000,8,1,0,0,0.165,0.168,0.092,0.040,0.032,0.024,22,9,8,6
0.052,0.342,0.004,-0.42,0.180,0,0.1086,0.1183,0.399,0.318,0.149,0.127,0.056,0.004,0.000,0.000,8,1,0,0,0.165,0.168,0.092,0.040,0.032,0.024,22,9,8,6
0.065,0.849,0.020,-0.42,0.180,0,0.1107,0.1180,0.372,0.318,0.149,0.127,0.056,0.004,0.000,0.000,8,1,0,0,0.165,0.168,0.092,0.040,0.032,0.024,22,9,8,6
0.082,0.871,0.023,3.14,0.186,0,0.1281,0.1306,0.135,-0.486,0.149,0.127,0.056,0.004,0.000,0.000,8,1,0,0,0.165,0.168,0.092,0.040,0.032,0.024,22,9,8,6
0.072,0.849,0.145,-0.08,0.108,0,0.1481,0.1459,0.310,0.059,0.149,0.127,0.056,0.004,0.000,0.000,8,1,0,0,0.165,0.168,0.092,0.040,0.032,0.024,22,9,8,6
0.076,0.307,0.048,-0.79,0.151,-1,0.1701,0.1666,0.412,0.736,0.149,0.127,0.056,0.004,0.000,0.000,8,1,0,0,0.165,0.168,0.092,0.040,0.032,0.024,22,9,8,6
0.078,0.859,0.065,3.14,0.186,0,0.1900,0.1872,0.146,-0.486,0.149,0.127,0.056,0.004,0.000,0.000,8,1,0,0,0.165,0.168,0.092,0.040,0.032,0.024,22,9,8,6
0.077,0.323,0.378,-1.14,0.131,0,0.2029,0.1998,0.350,0.987,0.149,0.127,0.056,0.004,0.000,0.000,8,1,0,0,0.165,0.168,0.092,0.040,0.032,0.024,22,9,8,6
0.076,0.865,0.447,-0.48,0.134,0,0.2105,0.2088,0.277,0.007,0.149,0.127,0.056,0.004,0.000,0.000,8,1,0,0,0.165,0.168,0.092,0.040,0.032,0.024,22,9,8,6
0.078,0.873,0.223,-1.14,0.131,0,0.2044,0.2066,0.354,0.987,0.149,0.127,0.056,0.004,0.000,0.000,8,1,0,0,0.165,0.168,0.092,0.040,0.032,0.024,22,9,8,6
0.080,0.878,0.381,1.37,0.298,0,0.1998,0.2086,0.298,-0.510,0.149,0.127,0.056,0.004,0.000,0.000,8,1,0,0,0.165,0.168,0.092,0.040,0.032,0.024,22,9,8,6
0.076,0.868,0.574,1.37,0.298,0,0.1962,0.2088,0.278,-0.510,0.149,0.127,0.056,0.004,0.000,0.000,8,1,0,0,0.165,0.168,0.092,0.040,0.032,0.024,22,9,8,6
0.076,0.880,0.344,0,0.000,0,0.1947,0.2104,0.225,0.166,0.149,0.127,0.056,0.004,0.000,0.000,8,1,0,0,0.165,0.168,0.092,0.040,0.032,0.024,22,9,8,6
0.074,0.844,0.232,-1.19,0.219,1,0.1840,0.2035,0.464,0.586,0.149,0.127,0.056,0.004,0.000,0.000,8,1,0,0,0.165,0.168,0.092,0.040,0.032,0.024,22,9,8,6
0.074,0.868,0.251,1.37,0.298,0,0.1583,0.1823,0.282,-0.510,0.149,0.127,0.056,0.004,0.000,0.000,8,1,0,0,0.165,0.168,0.092,0.040,0.032,0.024,22,9,8,6
0.098,0.858,0.043,0.85,0.046,0,0.1430,0.1700,0.337,0.06,0.149,0.127,0.056,0.004,0.000,0.000,8,1,0,0,0.165,0.168,0.092,0.040,0.032,0.024,22,9,8,6
0.123,0.898,0.315,0,0.000,0,0.1427,0.1673,0.156,0.166,0.149,0.127,0.056,0.004,0.000,0.000,8,1,0,0,0.165,0.168,0.092,0.040,0.032,0.024,22,9,8,6
0.126,0.319,0.046,-1.14,0.131,0,0.1456,0.1652,0.380,0.987,0.149,0.127,0.056,0.004,0.000,0.000,8,1,0,0,0.165,0.168,0.092,0.040,0.032,0.024,22,9,8,6
0.134,0.842,0.135,1.99,0.186,0,0.1656,0.1760,0.321,-0.326,0.149,0.127,0.056,0.004,0.000,0.000,8,1,0,0,0.165,0.168,0.092,0.040,0.032,0.024,22,9,8,6
0.151,0.838,0.192,0,0.000,0,0.1826,0.1833,0.259,0.166,0.149,0.127,0.056,0.004,0.000,0.000,8,1,0,0,0.165,0.168,0.092,0.040,0.032,0.024,22,9,8,6
0.134,0.842,0.306,-0.42,0.180,0,0.1929,0.1853,0.315,0.318,0.149,0.127,0.056,0.004,0.000,0.000,8,1,0,0,0.165,0.168,0.092,0.040,0.032,0.024,22,9,8,6
0.153,0.864,0.360,3.14,0.186,0,0.1996,0.1854,0.145,-0.486,0.149,0.127,0.056,0.004,0.000,0.000,8,1,0,0,0.165,0.168,0.092,0.040,0.032,0.024,22,9,8,6
0.163,0.865,0.570,-0.42,0.180,0,0.2039,0.1855,0.280,0.318,0.149,0.127,0.056,0.004,0.000,0.000,8,1,0,0,0.165,0.168,0.092,0.040,0.032,0.024,22,9,8,6
0.156,0.873,0.649,-0.08,0.108,0,0.2076,0.1890,0.233,0.059,0.149,0.127,0.056,0.004,0.000,0.000,8,1,0,0,0.165,0.168,0.092,0.040,0.032,0.024,22,9,8,6
0.104,0.889,0.593,3.14,0.186,0,0.1985,0.1838,0.096,-0.486,0.149,0.127,0.056,0.004,0.000,0.000,8,1,0,0,0.165,0.168,0.092,0.040,0.032,0.024,22,9,8,6
0.118,0.846,0.619,-1.19,0.219,1,0.1834,0.1735,0.408,0.586,0.149,0.127,0.056,0.004,0.000,0.000,8,1,0,0,0.165,0.168,0.092,0.040,0.032,0.024,22,9,8,6
0.096,0.844,0.551,0,0.000,0,0.1646,0.1590,0.362,0.166,0.149,0.127,0.056,0.004,0.000,0.000,8,1,0,0,0.165,0.168,0.092,0.040,0.032,0.024,22,9,8,6
0.099,0.426,0.473,2.53,0.140,0,0.1397,0.1403,0.285,-0.121,0.149,0.127,0.056,0.004,0.000,0.000,8,1,0,0,0.165,0.168,0.092,0.040,0.032,0.024,22,9,8,6
0.100,0.838,0.459,0,0.000,0,0.1149,0.1219,0.141,0.166,0.149,0.127,0.056,0.004,0.000,0.000,8,1,0,0,0.165,0.168,0.092,0.040,0.032,0.024,22,9,8,6
0.100,0.409,0.333,-1.14,0.131,0,0.0961,0.1052,0.379,0.987,0.149,0.127,0.056,0.004,0.000,0.000,8,1,0,0,0.165,0.168,0.092,0.040,0.032,0.024,22,9,8,6
0.101,0.538,0.225,-0.48,0.134,0,0.0874,0.0954,0.556,0.007,0.149,0.127,0.056,0.004,0.000,0.000,8,1,0,0,0.165,0.168,0.092,0.040,0.032,0.024,22,9,8,6
0.105,0.887,0.114,0,0.000,0,0.0827,0.0872,0.151,0.166,0.149,0.127,0.056,0.004,0.000,0.000,8,1,0,0,0.165,0.168,0.092,0.040,0.032,0.024,22,9,8,6
0.115,0.882,0.048,-0.08,0.108,0,0.0668,0.0697,0.182,0.059,0.149,0.127,0.056,0.004,0.000,0.000,8,1,0,0,0.165,0.168,0.092,0.040,0.032,0.024,22,9,8,6
0.118,0.879,0.017,3.14,0.186,0,0.0530,0.0549,0.117,-0.486,0.149,0.127,0.056,0.004,0.000,0.000,8,1,0,0,0.165,0.168,0.092,0.040,0.032,0.024,22,9,8,6
0.127,0.860,0.250,1.69,0.290,0,0.0496,0.0485,0.114,-0.697,0.149,0.127,0.056,0.004,0.000,0.000,8,1,0,0,0.165,0.168,0.092,0.040,0.032,0.024,22,9,8,6
0.134,0.895,0.021,0.85,0.046,0,0.0441,0.0428,0.071,0.06,0.149,0.127,0.056,0.004,0.000,0.000,8,1,0,0,0.165,0.168,0.092,0.040,0.032,0.024,22,9,8,6
0.104,0.902,0.092,1.69,0.290,0,0.0443,0.0419,0.102,-0.697,0.149,0.127,0.056,0.004,0.000,0.000,8,1,0,0,0.165,0.168,0.092,0.040,0.032,0.024,22,9,8,6
0.102,0.900,0.261,-0.52,0.062,0,0.0448,0.0410,0.133,0.341,0.149,0.127,0.056,0.004,0.000,0.000,8,1,0,0,0.165,0.168,0.092,0.040,0.032,0.024,22,9,8,6
0.097,0.894,0.198,-1.1,0.105,-1,0.0454,0.0404,0.213,0.192,0.149,0.127,0.056,0.004,0.000,0.000,8,1,0,0,0.165,0.168,0.092,0.040,0.032,0.024,22,9,8,6
0.096,0.911,0.404,2.53,0.140,0,0.0364,0.0321,0.086,-0.121,0.149,0.127,0.056,0.004,0.000,0.000,8,1,0,0,0.165,0.168,0.092,0.040,0.032,0.024,22,9,8,6
0.097,0.914,0.185,2.1,0.128,0,0.0278,0.0252,0.063,0.02,0.149,0.127,0.056,0.004,0.000,0.000,8,1,0,0,0.165,0.168,0.092,0.040,0.032,0.024,22,9,8,6
0.115,0.914,0.479,2.53,0.140,0,0.0265,0.0251,0.118,-0.121,0.149,0.127,0.056,0.004,0.000,0.000,8,1,0,0,0.165,0.168,0.092,0.040,0.032,0.024,22,9,8,6
0.110,0.920,0.800,0.22,0.230,0,0.0215,0.0210,0.204,0.303,0.149,0.127,0.056,0.004,0.000,0.000,8,1,0,0,0.165,0.168,0.092,0.040,0.032,0.024,22,9,8,6
0.116,0.923,0.583,1.99,0.186,0,0.0197,0.0207,0.133,-0.326,0.149,0.127,0.056,0.004,0.000,0.000,8,1,0,0,0.165,0.168,0.092,0.040,0.032,0.024,22,9,8,6
0.125,0.905,0.467,0,0.000,0,0.0230,0.0234,0.285,0.166,0.149,0.127,0.056,0.004,0.000,0.000,8,1,0,0,0.165,0.168,0.092,0.040,0.032,0.024,22,9,8,6
0.158,0.902,0.526,2.1,0.128,0,0.0390,0.0370,0.118,0.02,0.149,0.127,0.056,0.004,0.000,0.000,8,1,0,0,0.165,0.168,0.092,0.040,0.032,0.024,22,9,8,6
0.129,0.855,0.432,-0.42,0.180,0,0.0562,0.0502,0.425,0.318,0.149,0.127,0.056,0.004,0.000,0.000,8,1,0,0,0.165,0.168,0.092,0.040,0.032,0.024,22,9,8,6
0.163,0.858,0.121,1.99,0.186,0,0.0820,0.0710,0.153,-0.326,0.149,0.127,0.056,0.004,0.000,0.000,8,1,0,0,0.165,0.168,0.092,0.040,0.032,0.024,22,9,8,6
0.149,0.303,0.071,-1.14,0.131,0,0.1022,0.0859,0.299,0.987,0.149,0.127,0.056,0.004,0.000,0.000,8,1,0,0,0.165,0.168,0.092,0.040,0.032,0.024,22,9,8,6
0.149,0.317,0.175,0.85,0.046,0,0.1200,0.0987,0.225,0.06,0.149,0.127,0.056,0.004,0.000,0.000,8,1,0,0,0.165,0.168,0.092,0.040,0.032,0.024,22,9,8,6
0.152,0.337,0.105,-0.42,0.180,0,0.1347,0.1083,0.267,0.318,0.149,0.127,0.056,0.004,0.000,0.000,8,1,0,0,0.165,0.168,0.092,0.040,0.032,0.024,22,9,8,6
0.147,0.269,0.025,2.53,0.140,0,0.1482,0.1169,0.083,-0.121,0.149,0.127,0.056,0.004,0.000,0.000,8,1,0,0,0.165,0.168,0.092,0.040,0.032,0.024,22,9,8,6
0.131,0.290,0.008,3.14,0.186,0,0.1697,0.1331,0.104,-0.486,0.149,0.127,0.056,0.004,0.000,0.000,8,1,0,0,0.165,0.168,0.092,0.040,0.032,0.024,22,9,8,6
0.123,0.305,0.008,2.53,0.140,0,0.1906,0.1513,0.120,-0.121,0.149,0.127,0.056,0.004,0.000,0.000,8,1,0,0,0.165,0.168,0.092,0.040,0.032,0.024,22,9,8,6
0.153,0.838,0.007,-0.52,0.062,0,0.2168,0.1741,0.153,0.341,0.149,0.127,0.056,0.004,0.000,0.000,8,1,0,0,0.165,0.168,0.092,0.040,0.032,0.024,22,9,8,6
0.153,0.354,0.058,-0.52,0.062,0,0.2376,0.1930,0.205,0.341,0.149,0.127,0.056,0.004,0.000,0.000,8,1,0,0,0.165,0.168,0.092,0.040,0.032,0.024,22,9,8,6
0.149,0.314,0.002,-0.79,0.151,-1,0.2471,0.2035,0.433,0.736,0.149,0.127,0.056,0.004,0.000,0.000,8,1,0,0,0.165,0.168,0.092,0.040,0.032,0.024,22,9,8,6
0.148,0.321,0.016,-0.52,0.062,0,0.2422,0.2023,0.356,0.341,0.149,0.127,0.056,0.004,0.000,0.000,8,1,0,0,0.165,0.168,0.092,0.040,0.032,0.024,22,9,8,6
0.148,0.832,0.033,-1.1,0.105,-1,0.2346,0.2015,0.287,0.192,0.149,0.127,0.056,0.004,0.000,0.000,8,1,0,0,0.165,0.168,0.092,0.040,0.032,0.024,22,9,8,6
0.165,0.271,0.084,-1.14,0.131,0,0.2352,0.2084,0.392,0.987,0.149,0.127,0.056,0.004,0.000,0.000,8,1,0,0,0.165,0.168,0.092,0.040,0.032,0.024,22,9,8,6
0.169,0.291,0.065,0,0.000,0,0.2334,0.2132,0.308,0.166,0.149,0.127,0.056,0.004,0.000,0.000,8,1,0,0,0.165,0.168,0.092,0.040,0.032,0.024,22,9,8,6
0.167,0.273,0.011,1.99,0.186,0,0.2289,0.2165,0.172,-0.326,0.149,0.127,0.056,0.004,0.000,0.000,8,1,0,0,0.165,0.168,0.092,0.040,0.032,0.024,22,9,8,6
0.172,0.317,0.418,1.37,0.298,0,0.2222,0.2169,0.203,-0.510,0.149,0.127,0.056,0.004,0.000,0.000,8,1,0,0,0.165,0.168,0.092,0.040,0.032,0.024,22,9,8,6
0.187,0.267,0.182,0.85,0.046,0,0.2184,0.2190,0.261,0.06,0.149,0.127,0.056,0.004,0.000,0.000,8,1,0,0,0.165,0.168,0.092,0.040,0.032,0.024,22,9,8,6
0.191,0.309,0.354,-1.19,0.219,1,0.2083,0.2119,0.423,0.586,0.149,0.127,0.056,0.004,0.000,0.000,8,1,0,0,0.165,0.168,0.092,0.040,0.032,0.024,22,9,8,6
0.191,0.306,0.108,0,0.000,0,0.1936,0.1988,0.325,0.166,0.149,0.127,0.056,0.004,0.000,0.000,8,1,0,0,0.165,0.168,0.092,0.040,0.032,0.024,22,9,8,6
0.178,0.284,0.216,0.85,0.046,0,0.1701,0.1760,0.221,0.06,0.149,0.127,0.056,0.004,0.000,0.000,8,1,0,0,0.165,0.168,0.092,0.040,0.032,0.024,22,9,8,6
0.193,0.290,0.300,-1.1,0.105,-1,0.1440,0.1507,0.315,0.192,0.149,0.127,0.056,0.004,0.000,0.000,8,1,0,0,0.165,0.168,0.092,0.040,0.032,0.024,22,9,8,6
0.186,0.272,0.194,1.99,0.186,0,0.1169,0.1260,0.150,-0.326,0.149,0.127,0.056,0.004,0.000,0.000,8,1,0,0,0.165,0.168,0.092,0.040,0.032,0.024,22,9,8,6
0.192,0.351,0.457,0.22,0.230,0,0.0874,0.0997,0.307,0.303,0.149,0.127,0.056,0.004,0.000,0.000,8,1,0,0,0.165,0.168,0.092,0.040,0.032,0.024,22,9,8,6
0.242,0.327,0.198,2.1,0.128,0,0.0705,0.0861,0.064,0.02,0.149,0.127,0.056,0.004,0.000,0.000,8,1,0,0,0.165,0.168,0.092,0.040,0.032,0.024,22,9,8,6
0.229,0.348,0.395,-1.14,0.131,0,0.0555,0.0751,0.184,0.987,0.149,0.127,0.056,0.004,0.000,0.000,8,1,0,0,0.165,0.168,0.092,0.040,0.032,0.024,22,9,8,6
0.234,0.345,0.597,2.1,0.128,0,0.0639,0.0849,0.130,0.02,0.149,0.127,0.056,0.004,0.000,0.000,8,1,0,0,0.165,0.168,0.092,0.040,0.032,0.024,22,9,8,6
0.263,0.837,0.815,0.22,0.230,0,0.0721,0.0936,0.298,0.303,0.149,0.127,0.056,0.004,0.000,0.000,8,1,0,0,0.165,0.168,0.092,0.040,0.032,0.024,22,9,8,6
0.262,0.377,0.718,0,0.000,0,0.0842,0.1052,0.155,0.166,0.149,0.127,0.056,0.004,0.000,0.000,8,1,0,0,0.165,0.168,0.092,0.040,0.032,0.024,22,9,8,6
0.217,0.865,0.469,-0.52,0.062,0,0.0764,0.0990,0.118,0.341,0.149,0.127,0.056,0.004,0.000,0.000,8,1,0,0,0.165,0.168,0.092,0.040,0.032,0.024,22,9,8,6
0.214,0.329,0.692,3.14,0.186,0,0.0727,0.0979,0.124,-0.486,0.149,0.127,0.056,0.004,0.000,0.000,8,1,0,0,0.165,0.168,0.092,0.040,0.032,0.024,22,9,8,6
0.222,0.852,0.452,1.37,0.298,0,0.0716,0.0983,0.211,-0.510,0.149,0.127,0.056,0.004,0.000,0.000,8,1,0,0,0.165,0.168,0.092,0.040,0.032,0.024,22,9,8,6
0.234,0.844,0.550,0.85,0.046,0,0.0831,0.1072,0.100,0.06,0.149,0.127,0.056,0.004,0.000,0.000,8,1,0,0,0.165,0.168,0.092,0.040,0.032,0.024,22,9,8,6
0.226,0.887,0.068,1.99,0.186,0,0.1047,0.1242,0.086,-0.326,0.149,0.127,0.056,0.004,0.000,0.000,8,1,0,0,0.165,0.168,0.092,0.040,0.032,0.024,22,9,8,6
0.214,0.835,0.495,-1.19,0.219,1,0.1330,0.1456,0.446,0.586,0.149,0.127,0.056,0.004,0.000,0.000,8,1,0,0,0.165,0.168,0.092,0.040,0.032,0.024,22,9,8,6
0.200,0.344,0.197,-1.1,0.105,-1,0.1745,0.1775,0.565,0.192,0.149,0.127,0.056,0.004,0.000,0.000,8,1,0,0,0.165,0.168,0.092,0.040,0.032,0.024,22,9,8,6
0.215,0.860,0.187,0,0.000,0,0.2057,0.1991,0.333,0.166,0.149,0.127,0.056,0.004,0.000,0.000,8,1,0,0,0.165,0.168,0.092,0.040,0.032,0.024,22,9,8,6
0.202,0.851,0.043,0,0.000,0,0.2303,0.2128,0.274,0.166,0.149,0.127,0.056,0.004,0.000,0.000,8,1,0,0,0.165,0.168,0.092,0.040,0.032,0.024,22,9,8,6
0.188,0.276,0.168,2.53,0.140,0,0.2462,0.2172,0.129,-0.121,0.149,0.127,0.056,0.004,0.000,0.000,8,1,0,0,0.165,0.168,0.092,0.040,0.032,0.024,22,9,8,6
0.177,0.295,0.207,2.53,0.140,0,0.2537,0.2128,0.136,-0.121,0.149,0.127,0.056,0.004,0.000,0.000,8,1,0,0,0.165,0.168,0.092,0.040,0.032,0.024,22,9,8,6
0.165,0.304,0.572,2.53,0.140,0,0.2574,0.2058,0.107,-0.121,0.149,0.127,0.056,0.004,0.000,0.000,8,1,0,0,0.165,0.168,0.092,0.040,0.032,0.024,22,9,8,6
0.169,0.843,0.694,-0.52,0.062,0,0.2509,0.1919,0.221,0.341,0.149,0.127,0.056,0.004,0.000,0.000,8,1,0,0,0.165,0.168,0.092,0.040,0.032,0.024,22,9,8,6
0.184,0.313,0.546,0,0.000,0,0.2414,0.1783,0.133,0.166,0.149,0.127,0.056,0.004,0.000,0.000,8,1,0,0,0.165,0.168,0.092,0.040,0.032,0.024,22,9,8,6
0.182,0.280,0.548,-1.14,0.131,0,0.2181,0.1528,0.451,0.987,0.149,0.127,0.056,0.004,0.000,0.000,8,1,0,0,0.165,0.168,0.092,0.040,0.032,0.024,22,9,8,6
0.176,0.262,0.379,0.85,0.046,0,0.2093,0.1440,0.305,0.06,0.149,0.127,0.056,0.004,0.000,0.000,8,1,0,0,0.165,0.168,0.092,0.040,0.032,0.024,22,9,8,6
0.128,0.250,0.425,-1.14,0.131,0,0.2117,0.1449,0.419,0.987,0.149,0.127,0.056,0.004,0.000,0.000,8,1,0,0,0.165,0.168,0.092,0.040,0.032,0.024,22,9,8,6
0.128,0.334,0.693,0.2,0.291,1,0.2387,0.1668,0.391,0.180,0.149,0.127,0.056,0.004,0.000,0.000,8,1,0,0,0.165,0.168,0.092,0.040,0.032,0.024,22,9,8,6
0.132,0.258,0.212,-1.14,0.131,0,0.2613,0.1858,0.400,0.987,0.149,0.127,0.056,0.004,0.000,0.000,8,1,0,0,0.165,0.168,0.092,0.040,0.032,0.024,22,9,8,6
0.136,0.252,0.020,1.99,0.186,0,0.2896,0.2121,0.123,-0.326,0.149,0.127,0.056,0.004,0.000,0.000,8,1,0,0,0.165,0.168,0.092,0.040,0.032,0.024,22,9,8,6
0.130,0.231,0.007,-1.14,0.131,0,0.3060,0.2289,0.171,0.987,0.149,0.127,0.056,0.004,0.000,0.000,8,1,0,0,0.165,0.168,0.092,0.040,0.032,0.024,22,9,8,6
0.132,0.196,0.087,3.14,0.186,0,0.3221,0.2458,0.080,-0.486,0.149,0.127,0.056,0.004,0.000,0.000,8,1,0,0,0.165,0.168,0.092,0.040,0.032,0.024,22,9,8,6
0.127,0.191,0.001,2.53,0.140,0,0.3229,0.2508,0.085,-0.121,0.149,0.127,0.056,0.004,0.000,0.000,8,1,0,0,0.165,0.168,0.092,0.040,0.032,0.024,22,9,8,6
0.118,0.235,0.126,3.14,0.186,0,0.3102,0.2434,0.061,-0.486,0.149,0.127,0.056,0.004,0.000,0.000,8,1,0,0,0.165,0.168,0.092,0.040,0.032,0.024,22,9,8,6
0.103,0.239,0.005,1.99,0.186,0,0.2912,0.2303,0.067,-0.326,0.149,0.127,0.056,0.004,0.000,0.000,8,1,0,0,0.165,0.168,0.092,0.040,0.032,0.024,22,9,8,6
0.108,0.234,0.109,-1.1,0.105,-1,0.2591,0.2045,0.101,0.192,0.149,0.127,0.056,0.004,0.000,0.000,8,1,0,0,0.165,0.168,0.092,0.040,0.032,0.024,22,9,8,6
0.108,0.274,0.278,1.37,0.298,0,0.2238,0.1760,0.156,-0.510,0.149,0.127,0.056,0.004,0.000,0.000,8,1,0,0,0.165,0.168,0.092,0.040,0.032,0.024,22,9,8,6
0.115,0.263,0.087,-1.1,0.105,-1,0.1843,0.1442,0.296,0.192,0.149,0.127,0.056,0.004,0.000,0.000,8,1,0,0,0.165,0.168,0.092,0.040,0.032,0.024,22,9,8,6
0.105,0.859,0.245,-0.52,0.062,0,0.1558,0.1219,0.260,0.341,0.149,0.127,0.056,0.004,0.000,0.000,8,1,0,0,0.165,0.168,0.092,0.040,0.032,0.024,22,9,8,6
0.093,0.277,0.112,-0.52,0.062,0,0.1471,0.1167,0.430,0.341,0.149,0.127,0.056,0.004,0.000,0.000,8,1,0,0,0.165,0.168,0.092,0.040,0.032,0.024,22,9,8,6
0.094,0.848,0.044,-0.08,0.108,0,0.1554,0.1276,0.416,0.059,0.149,0.127,0.056,0.004,0.000,0.000,8,1,0,0,0.165,0.168,0.092,0.040,0.032,0.024,22,9,8,6
0.094,0.903,0.006,0,0.000,0,0.1746,0.1486,0.213,0.166,0.149,0.127,0.056,0.004,0.000,0.000,8,1,0,0,0.165,0.168,0.092,0.040,0.032,0.024,22,9,8,6
0.086,0.879,0.030,-1.1,0.105,-1,0.1865,0.1642,0.227,0.192,0.149,0.127,0.056,0.004,0.000,0.000,8,1,0,0,0.165,0.168,0.092,0.040,0.032,0.024,22,9,8,6
0.070,0.266,0.001,3.14,0.186,0,0.1986,0.1822,0.106,-0.486,0.149,0.127,0.056,0.004,0.000,0.000,8,1,0,0,0.165,0.168,0.092,0.040,0.032,0.024,22,9,8,6
0.076,0.849,0.078,1.37,0.298,0,0.2075,0.1977,0.176,-0.510,0.149,0.127,0.056,0.004,0.000,0.000,8,1,0,0,0.165,0.168,0.092,0.040,0.032,0.024,22,9,8,6
0.077,0.835,0.004,0.85,0.046,0,0.2211,0.2157,0.113,0.06,0.149,0.127,0.056,0.004,0.000,0.000,8,1,0,0,0.165,0.168,0.092,0.040,0.032,0.024,22,9,8,6
0.082,0.868,0.100,2.53,0.140,0,0.2294,0.2262,0.115,-0.121,0.149,0.127,0.056,0.004,0.000,0.000,8,1,0,0,0.165,0.168,0.092,0.040,0.032,0.024,22,9,8,6
0.090,0.840,0.234,0,0.000,0,0.2265,0.2253,0.160,0.166,0.149,0.127,0.056,0.004,0.000,0.000,8,1,0,0,0.165,0.168,0.092,0.040,0.032,0.024,22,9,8,6
0.089,0.872,0.486,-0.08,0.108,0,0.2248,0.2237,0.261,0.059,0.149,0.127,0.056,0.004,0.000,0.000,8,1,0,0,0.165,0.168,0.092,0.040,0.032,0.024,22,9,8,6
0.088,0.833,0.736,-0.48,0.134,0,0.2291,0.2235,0.415,0.007,0.149,0.127,0.056,0.004,0.000,0.000,8,1,0,0,0.165,0.168,0.092,0.040,0.032,0.024,22,9,8,6
0.079,0.860,0.380,0.85,0.046,0,0.2455,0.2322,0.145,0.06,0.149,0.127,0.056,0.004,0.000,0.000,8,1,0,0,0.165,0.168,0.092,0.040,0.032,0.024,22,9,8,6
0.079,0.256,0.283,-1.14,0.131,0,0.2692,0.2480,0.297,0.987,0.149,0.127,0.056,0.004,0.000,0.000,8,1,0,0,0.165,0.168,0.092,0.040,0.032,0.024,22,9,8,6
0.074,0.270,0.535,1.37,0.298,0,0.2964,0.2700,0.238,-0.510,0.149,0.127,0.056,0.004,0.000,0.000,8,1,0,0,0.165,0.168,0.092,0.040,0.032,0.024,22,9,8,6
0.075,0.237,0.501,1.69,0.290,0,0.3232,0.2934,0.164,-0.697,0.149,0.127,0.056,0.004,0.000,0.000,8,1,0,0,0.165,0.168,0.092,0.040,0.032,0.024,22,9,8,6
0.073,0.257,0.385,-0.52,0.062,0,0.3563,0.3259,0.255,0.341,0.149,0.127,0.056,0.004,0.000,0.000,8,1,0,0,0.165,0.168,0.092,0.040,0.032,0.024,22,9,8,6
0.070,0.233,0.454,0.85,0.046,0,0.3766,0.3511,0.269,0.06,0.149,0.127,0.056,0.004,0.000,0.000,8,1,0,0,0.165,0.168,0.092,0.040,0.032,0.024,22,9,8,6
0.069,0.220,0.349,0,0.000,0,0.3867,0.3704,0.293,0.166,0.149,0.127,0.056,0.004,0.000,0.000,8,1,0,0,0.165,0.168,0.092,0.040,0.032,0.024,22,9,8,6
0.068,0.215,0.293,3.14,0.186,0,0.3856,0.3820,0.173,-0.486,0.149,0.127,0.056,0.004,0.000,0.000,8,1,0,0,0.165,0.168,0.092,0.040,0.032,0.024,22,9,8,6
0.059,0.185,0.370,-1.14,0.131,0,0.3805,0.3892,0.299,0.987,0.149,0.127,0.056,0.004,0.000,0.000,8,1,0,0,0.165,0.168,0.092,0.040,0.032,0.024,22,9,8,6
0.060,0.251,0.795,0.2,0.291,1,0.3726,0.3923,0.420,0.180,0.149,0.127,0.056,0.004,0.000,0.000,8,1,0,0,0.165,0.168,0.092,0.040,0.032,0.024,22,9,8,6
0.068,0.240,0.569,-0.08,0.108,0,0.3540,0.3854,0.372,0.059,0.149,0.127,0.056,0.004,0.000,0.000,8,1,0,0,0.165,0.168,0.092,0.040,0.032,0.024,22,9,8,6
0.071,0.241,0.518,-0.08,0.108,0,0.3389,0.3809,0.311,0.059,0.149,0.127,0.056,0.004,0.000,0.000,8,1,0,0,0.165,0.168,0.092,0.040,0.032,0.024,22,9,8,6
0.066,0.148,0.435,-1.14,0.131,0,0.3301,0.3808,0.359,0.987,0.149,0.127,0.056,0.004,0.000,0.000,8,1,0,0,0.165,0.168,0.092,0.040,0.032,0.024,22,9,8,6
0.078,0.185,0.519,-0.42,0.180,0,0.3364,0.3919,0.453,0.318,0.149,0.127,0.056,0.004,0.000,0.000,8,1,0,0,0.165,0.168,0.092,0.040,0.032,0.024,22,9,8,6
0.085,0.181,0.340,-1.1,0.105,-1,0.3598,0.4116,0.400,0.192,0.149,0.127,0.056,0.004,0.000,0.000,8,1,0,0,0.165,0.168,0.092,0.040,0.032,0.024,22,9,8,6
0.085,0.175,0.170,-0.48,0.134,0,0.3848,0.4315,0.314,0.007,0.149,0.127,0.056,0.004,0.000,0.000,8,1,0,0,0.165,0.168,0.092,0.040,0.032,0.024,22,9,8,6
0.084,0.175,0.007,1.99,0.186,0,0.4096,0.4533,0.200,-0.326,0.149,0.127,0.056,0.004,0.000,0.000,8,1,0,0,0.165,0.168,0.092,0.040,0.032,0.024,22,9,8,6
0.079,0.159,0.030,1.99,0.186,0,0.4258,0.4715,0.245,-0.326,0.149,0.127,0.056,0.004,0.000,0.000,8,1,0,0,0.165,0.168,0.092,0.040,0.032,0.024,22,9,8,6
0.068,0.247,0.570,1.37,0.298,0,0.4459,0.4905,0.224,-0.510,0.149,0.127,0.056,0.004,0.000,0.000,8,1,0,0,0.165,0.168,0.092,0.040,0.032,0.024,22,9,8,6
0.060,0.229,0.345,-1.1,0.105,-1,0.4558,0.4998,0.199,0.192,0.149,0.127,0.056,0.004,0.000,0.000,8,1,0,0,0.165,0.168,0.092,0.040,0.032,0.024,22,9,8,6
0.055,0.212,0.306,-1.14,0.131,0,0.4513,0.4968,0.283,0.987,0.149,0.127,0.056,0.004,0.000,0.000,8,1,0,0,0.165,0.168,0.092,0.040,0.032,0.024,22,9,8,6
0.061,0.250,0.751,0.2,0.291,1,0.4173,0.4740,0.419,0.180,0.149,0.127,0.056,0.004,0.000,0.000,8,1,0,0,0.165,0.168,0.092,0.040,0.032,0.024,22,9,8,6
0.066,0.258,0.690,1.37,0.298,0,0.3884,0.4587,0.176,-0.510,0.149,0.127,0.056,0.004,0.000,0.000,8,1,0,0,0.165,0.168,0.092,0.040,0.032,0.024,22,9,8,6
0.073,0.227,0.582,-0.52,0.062,0,0.3612,0.4485,0.243,0.341,0.149,0.127,0.056,0.004,0.000,0.000,8,1,0,0,0.165,0.168,0.092,0.040,0.032,0.024,22,9,8,6
0.064,0.245,0.711,1.37,0.298,0,0.3477,0.4499,0.219,-0.510,0.149,0.127,0.056,0.004,0.000,0.000,8,1,0,0,0.165,0.168,0.092,0.040,0.032,0.024,22,9,8,6
0.068,0.183,0.486,-0.52,0.062,0,0.3351,0.4616,0.271,0.341,0.149,0.127,0.056,0.004,0.000,0.000,8,1,0,0,0.165,0.168,0.092,0.040,0.032,0.024,22,9,8,6
0.078,0.172,0.347,2.53,0.140,0,0.3449,0.4929,0.190,-0.121,0.149,0.127,0.056,0.004,0.000,0.000,8,1,0,0,0.165,0.168,0.092,0.040,0.032,0.024,22,9,8,6
0.075,0.143,0.257,-1.14,0.131,0,0.3728,0.5466,0.356,0.987,0.149,0.127,0.056,0.004,0.000,0.000,8,1,0,0,0.165,0.168,0.092,0.040,0.032,0.024,22,9,8,6
0.072,0.196,0.668,-0.48,0.134,0,0.4002,0.6081,0.477,0.007,0.149,0.127,0.056,0.004,0.000,0.000,8,1,0,0,0.165,0.168,0.092,0.040,0.032,0.024,22,9,8,6
0.079,0.168,0.624,-0.48,0.134,0,0.4200,0.6712,0.319,0.007,0.149,0.127,0.056,0.004,0.000,0.000,8,1,0,0,0.165,0.168,0.092,0.040,0.032,0.024,22,9,8,6
0.079,0.121,0.401,-1.14,0.131,0,0.4283,0.7305,0.440,0.987,0.149,0.127,0.056,0.004,0.000,0.000,8,1,0,0,0.165,0.168,0.092,0.040,0.032,0.024,22,9,8,6
0.080,0.109,0.539,-0.52,0.062,0,0.4258,0.7821,0.451,0.341,0.149,0.127,0.056,0.004,0.000,0.000,8,1,0,0,0.165,0.168,0.092,0.040,0.032,0.024,22,9,8,6
0.072,0.062,0.432,2.1,0.128,0,0.4199,0.8251,0.201,0.02,0.149,0.127,0.056,0.004,0.000,0.000,8,1,0,0,0.165,0.168,0.092,0.040,0.032,0.024,22,9,8,6
0.081,0.076,0.487,-0.52,0.062,0,0.4260,0.8622,0.485,0.341,0.149,0.127,0.056,0.004,0.000,0.000,8,1,0,0,0.165,0.168,0.092,0.040,0.032,0.024,22,9,8,6
0.070,0.053,0.469,-0.48,0.134,0,0.4700,0.9010,0.572,0.007,0.149,0.127,0.056,0.004,0.000,0.000,8,1,0,0,0.165,0.168,0.092,0.040,0.032,0.024,22,9,8,6
0.080,0.060,0.298,0,0.000,0,0.5896,0.9545,0.857,0.166,0.149,0.127,0.056,0.004,0.000,0.000,8,1,0,0,0.165,0.168,0.092,0.040,0.032,0.024,22,9,8,6
