0.378,0.253,0.518,1.42,0.221,0,0.1412,0.7600,0.738,-0.397,0.270,0.145,0.171,0.110,0.027,0.000,23,14,5,0,0.248,0.178,0.207,0.087,0.037,0.027,24,9,7,5
0.366,0.221,0.365,1.99,0.186,0,0.2593,0.7761,0.289,-0.326,0.270,0.145,0.171,0.110,0.027,0.000,23,14,5,0,0.248,0.178,0.207,0.087,0.037,0.027,24,9,7,5
0.441,0.348,0.497,-1.19,0.219,1,0.2848,0.7331,0.421,0.586,0.270,0.145,0.171,0.110,0.027,0.000,23,14,5,0,0.248,0.178,0.207,0.087,0.037,0.027,24,9,7,5
0.508,0.213,0.196,3.14,0.186,0,0.2600,0.6557,0.176,-0.486,0.270,0.145,0.171,0.110,0.027,0.000,23,14,5,0,0.248,0.178,0.207,0.087,0.037,0.027,24,9,7,5
0.497,0.276,0.447,0,0.000,0,0.2160,0.5630,0.171,0.166,0.270,0.145,0.171,0.110,0.027,0.000,23,14,5,0,0.248,0.178,0.207,0.087,0.037,0.027,24,9,7,5
0.470,0.331,0.277,-0.52,0.062,0,0.1739,0.4692,0.222,0.341,0.270,0.145,0.171,0.110,0.027,0.000,23,14,5,0,0.248,0.178,0.207,0.087,0.037,0.027,24,9,7,5
0.447,0.370,0.955,0.22,0.230,0,0.1463,0.3841,0.282,0.303,0.270,0.145,0.171,0.110,0.027,0.000,23,14,5,0,0.248,0.178,0.207,0.087,0.037,0.027,24,9,7,5
0.430,0.326,0.434,2.53,0.140,0,0.1389,0.3136,0.126,-0.121,0.270,0.145,0.171,0.110,0.027,0.000,23,14,5,0,0.248,0.178,0.207,0.087,0.037,0.027,24,9,7,5
0.415,0.439,0.954,-0.52,0.062,0,0.1517,0.2606,0.209,0.341,0.270,0.145,0.171,0.110,0.027,0.000,23,14,5,0,0.248,0.178,0.207,0.087,0.037,0.027,24,9,7,5
0.414,0.383,0.777,1.42,0.221,0,0.1806,0.2254,0.264,-0.397,0.270,0.145,0.171,0.110,0.027,0.000,23,14,5,0,0.248,0.178,0.207,0.087,0.037,0.027,24,9,7,5
0.346,0.411,0.858,-0.52,0.062,0,0.2099,0.2022,0.308,0.341,0.270,0.145,0.171,0.110,0.027,0.000,23,14,5,0,0.248,0.178,0.207,0.087,0.037,0.027,24,9,7,5
0.286,0.363,0.754,0,0.000,0,0.2409,0.1925,0.234,0.166,0.270,0.145,0.171,0.110,0.027,0.000,23,14,5,0,0.248,0.178,0.207,0.087,0.037,0.027,24,9,7,5
0.288,0.460,0.484,-1.19,0.219,1,0.2739,0.1957,0.353,0.586,0.270,0.145,0.171,0.110,0.027,0.000,23,14,5,0,0.248,0.178,0.207,0.087,0.037,0.027,24,9,7,5
0.242,0.427,0.511,-1.19,0.219,1,0.2971,0.2030,0.369,0.586,0.270,0.145,0.171,0.110,0.027,0.000,23,14,5,0,0.248,0.178,0.207,0.087,0.037,0.027,24,9,7,5
0.258,0.202,0.494,1.42,0.221,0,0.3107,0.2118,0.112,-0.397,0.270,0.145,0.171,0.110,0.027,0.000,23,14,5,0,0.248,0.178,0.207,0.087,0.037,0.027,24,9,7,5
0.230,0.166,0.087,1.99,0.186,0,0.3201,0.2228,0.095,-0.326,0.270,0.145,0.171,0.110,0.027,0.000,23,14,5,0,0.248,0.178,0.207,0.087,0.037,0.027,24,9,7,5
0.224,0.132,0.077,1.99,0.186,0,0.3223,0.2305,0.156,-0.326,0.270,0.145,0.171,0.110,0.027,0.000,23,14,5,0,0.248,0.178,0.207,0.087,0.037,0.027,24,9,7,5
0.211,0.131,0.027,0.85,0.046,0,0.3122,0.2286,0.147,0.06,0.270,0.145,0.171,0.110,0.027,0.000,23,14,5,0,0.248,0.178,0.207,0.087,0.037,0.027,24,9,7,5
0.182,0.122,0.015,0.85,0.046,0,0.2952,0.2210,0.068,0.06,0.270,0.145,0.171,0.110,0.027,0.000,23,14,5,0,0.248,0.178,0.207,0.087,0.037,0.027,24,9,7,5
0.165,0.136,0.002,-0.52,0.062,0,0.2656,0.2040,0.110,0.341,0.270,0.145,0.171,0.110,0.027,0.000,23,14,5,0,0.248,0.178,0.207,0.087,0.037,0.027,24,9,7,5
0.132,0.110,0.003,-0.79,0.151,-1,0.2317,0.1854,0.406,0.736,0.270,0.145,0.171,0.110,0.027,0.000,23,14,5,0,0.248,0.178,0.207,0.087,0.037,0.027,24,9,7,5
0.131,0.117,0.129,-0.79,0.151,-1,0.1958,0.1644,0.346,0.736,0.270,0.145,0.171,0.110,0.027,0.000,23,14,5,0,0.248,0.178,0.207,0.087,0.037,0.027,24,9,7,5
0.125,0.098,0.003,0.85,0.046,0,0.1624,0.1439,0.082,0.06,0.270,0.145,0.171,0.110,0.027,0.000,23,14,5,0,0.248,0.178,0.207,0.087,0.037,0.027,24,9,7,5
0.090,0.110,0.055,0.85,0.046,0,0.1475,0.1375,0.271,0.06,0.270,0.145,0.171,0.110,0.027,0.000,23,14,5,0,0.248,0.178,0.207,0.087,0.037,0.027,24,9,7,5
0.068,0.169,0.052,-0.52,0.062,0,0.1413,0.1342,0.450,0.341,0.270,0.145,0.171,0.110,0.027,0.000,23,14,5,0,0.248,0.178,0.207,0.087,0.037,0.027,24,9,7,5
0.066,0.196,0.205,1.37,0.298,0,0.1551,0.1460,0.245,-0.510,0.270,0.145,0.171,0.110,0.027,0.000,23,14,5,0,0.248,0.178,0.207,0.087,0.037,0.027,24,9,7,5
0.067,0.206,0.105,0,0.000,0,0.1764,0.1614,0.237,0.166,0.270,0.145,0.171,0.110,0.027,0.000,23,14,5,0,0.248,0.178,0.207,0.087,0.037,0.027,24,9,7,5
0.064,0.220,0.025,0.85,0.046,0,0.2298,0.2008,0.174,0.06,0.270,0.145,0.171,0.110,0.027,0.000,23,14,5,0,0.248,0.178,0.207,0.087,0.037,0.027,24,9,7,5
0.062,0.268,0.236,-0.48,0.134,0,0.2780,0.2355,0.266,0.007,0.270,0.145,0.171,0.110,0.027,0.000,23,14,5,0,0.248,0.178,0.207,0.087,0.037,0.027,24,9,7,5
0.051,0.353,0.156,-0.08,0.108,0,0.3113,0.2614,0.093,0.059,0.270,0.145,0.171,0.110,0.027,0.000,23,14,5,0,0.248,0.178,0.207,0.087,0.037,0.027,24,9,7,5
0.046,0.283,0.053,1.69,0.290,0,0.3380,0.2846,0.064,-0.697,0.270,0.145,0.171,0.110,0.027,0.000,23,14,5,0,0.248,0.178,0.207,0.087,0.037,0.027,24,9,7,5
0.072,0.222,0.216,1.42,0.221,0,0.3467,0.2956,0.076,-0.397,0.270,0.145,0.171,0.110,0.027,0.000,23,14,5,0,0.248,0.178,0.207,0.087,0.037,0.027,24,9,7,5
0.093,0.163,0.052,3.14,0.186,0,0.3593,0.3103,0.062,-0.486,0.270,0.145,0.171,0.110,0.027,0.000,23,14,5,0,0.248,0.178,0.207,0.087,0.037,0.027,24,9,7,5
0.115,0.347,0.500,1.37,0.298,0,0.3621,0.3181,0.093,-0.510,0.270,0.145,0.171,0.110,0.027,0.000,23,14,5,0,0.248,0.178,0.207,0.087,0.037,0.027,24,9,7,5
0.120,0.330,0.314,-0.08,0.108,0,0.3629,0.3250,0.118,0.059,0.270,0.145,0.171,0.110,0.027,0.000,23,14,5,0,0.248,0.178,0.207,0.087,0.037,0.027,24,9,7,5
0.111,0.325,0.530,0,0.000,0,0.3626,0.3293,0.175,0.166,0.270,0.145,0.171,0.110,0.027,0.000,23,14,5,0,0.248,0.178,0.207,0.087,0.037,0.027,24,9,7,5
0.102,0.295,0.893,0.85,0.046,0,0.3577,0.3294,0.171,0.06,0.270,0.145,0.171,0.110,0.027,0.000,23,14,5,0,0.248,0.178,0.207,0.087,0.037,0.027,24,9,7,5
0.081,0.317,0.688,-1.14,0.131,0,0.3522,0.3269,0.314,0.987,0.270,0.145,0.171,0.110,0.027,0.000,23,14,5,0,0.248,0.178,0.207,0.087,0.037,0.027,24,9,7,5
0.080,0.413,0.992,-0.42,0.180,0,0.3522,0.3255,0.439,0.318,0.270,0.145,0.171,0.110,0.027,0.000,23,14,5,0,0.248,0.178,0.207,0.087,0.037,0.027,24,9,7,5
0.080,0.409,0.954,-0.48,0.134,0,0.3584,0.3252,0.393,0.007,0.270,0.145,0.171,0.110,0.027,0.000,23,14,5,0,0.248,0.178,0.207,0.087,0.037,0.027,24,9,7,5
0.082,0.373,0.955,-0.08,0.108,0,0.3739,0.3295,0.319,0.059,0.270,0.145,0.171,0.110,0.027,0.000,23,14,5,0,0.248,0.178,0.207,0.087,0.037,0.027,24,9,7,5
0.081,0.392,0.695,-1.19,0.219,1,0.4055,0.3456,0.429,0.586,0.270,0.145,0.171,0.110,0.027,0.000,23,14,5,0,0.248,0.178,0.207,0.087,0.037,0.027,24,9,7,5
0.078,0.735,0.704,0.2,0.291,1,0.4499,0.3710,0.370,0.180,0.270,0.145,0.171,0.110,0.027,0.000,23,14,5,0,0.248,0.178,0.207,0.087,0.037,0.027,24,9,7,5
0.082,0.310,0.639,-1.19,0.219,1,0.4931,0.3973,0.433,0.586,0.270,0.145,0.171,0.110,0.027,0.000,23,14,5,0,0.248,0.178,0.207,0.087,0.037,0.027,24,9,7,5
0.096,0.193,0.325,-0.52,0.062,0,0.5370,0.4257,0.218,0.341,0.270,0.145,0.171,0.110,0.027,0.000,23,14,5,0,0.248,0.178,0.207,0.087,0.037,0.027,24,9,7,5
0.098,0.125,0.165,3.14,0.186,0,0.5883,0.4632,0.093,-0.486,0.270,0.145,0.171,0.110,0.027,0.000,23,14,5,0,0.248,0.178,0.207,0.087,0.037,0.027,24,9,7,5
0.103,0.103,0.096,-0.79,0.151,-1,0.6134,0.4821,0.430,0.736,0.270,0.145,0.171,0.110,0.027,0.000,23,14,5,0,0.248,0.178,0.207,0.087,0.037,0.027,24,9,7,5
0.106,0.098,0.003,-0.79,0.151,-1,0.6202,0.4907,0.397,0.736,0.270,0.145,0.171,0.110,0.027,0.000,23,14,5,0,0.248,0.178,0.207,0.087,0.037,0.027,24,9,7,5
0.108,0.103,0.001,1.99,0.186,0,0.6033,0.4847,0.131,-0.326,0.270,0.145,0.171,0.110,0.027,0.000,23,14,5,0,0.248,0.178,0.207,0.087,0.037,0.027,24,9,7,5
0.112,0.168,0.066,-0.48,0.134,0,0.5714,0.4689,0.242,0.007,0.270,0.145,0.171,0.110,0.027,0.000,23,14,5,0,0.248,0.178,0.207,0.087,0.037,0.027,24,9,7,5
0.141,0.120,0.005,3.14,0.186,0,0.5470,0.4586,0.225,-0.486,0.270,0.145,0.171,0.110,0.027,0.000,23,14,5,0,0.248,0.178,0.207,0.087,0.037,0.027,24,9,7,5
0.151,0.173,0.002,-0.79,0.151,-1,0.5105,0.4369,0.425,0.736,0.270,0.145,0.171,0.110,0.027,0.000,23,14,5,0,0.248,0.178,0.207,0.087,0.037,0.027,24,9,7,5
0.120,0.216,0.002,0.85,0.046,0,0.4772,0.4131,0.195,0.06,0.270,0.145,0.171,0.110,0.027,0.000,23,14,5,0,0.248,0.178,0.207,0.087,0.037,0.027,24,9,7,5
0.094,0.315,0.068,0,0.000,0,0.4438,0.3845,0.177,0.166,0.270,0.145,0.171,0.110,0.027,0.000,23,14,5,0,0.248,0.178,0.207,0.087,0.037,0.027,24,9,7,5
0.060,0.740,0.323,0.2,0.291,1,0.4141,0.3580,0.340,0.180,0.270,0.145,0.171,0.110,0.027,0.000,23,14,5,0,0.248,0.178,0.207,0.087,0.037,0.027,24,9,7,5
0.056,0.378,0.060,-0.42,0.180,0,0.3991,0.3410,0.416,0.318,0.270,0.145,0.171,0.110,0.027,0.000,23,14,5,0,0.248,0.178,0.207,0.087,0.037,0.027,24,9,7,5
0.057,0.326,0.024,0.22,0.230,0,0.3830,0.3240,0.280,0.303,0.270,0.145,0.171,0.110,0.027,0.000,23,14,5,0,0.248,0.178,0.207,0.087,0.037,0.027,24,9,7,5
0.071,0.257,0.029,1.42,0.221,0,0.3724,0.3118,0.109,-0.397,0.270,0.145,0.171,0.110,0.027,0.000,23,14,5,0,0.248,0.178,0.207,0.087,0.037,0.027,24,9,7,5
0.095,0.381,0.062,-0.42,0.180,0,0.3631,0.3003,0.440,0.318,0.270,0.145,0.171,0.110,0.027,0.000,23,14,5,0,0.248,0.178,0.207,0.087,0.037,0.027,24,9,7,5
0.096,0.313,0.014,0.85,0.046,0,0.3558,0.2926,0.390,0.06,0.270,0.145,0.171,0.110,0.027,0.000,23,14,5,0,0.248,0.178,0.207,0.087,0.037,0.027,24,9,7,5
0.108,0.403,0.057,0.22,0.230,0,0.3384,0.2786,0.331,0.303,0.270,0.145,0.171,0.110,0.027,0.000,23,14,5,0,0.248,0.178,0.207,0.087,0.037,0.027,24,9,7,5
0.099,0.307,0.029,0,0.000,0,0.3115,0.2577,0.359,0.166,0.270,0.145,0.171,0.110,0.027,0.000,23,14,5,0,0.248,0.178,0.207,0.087,0.037,0.027,24,9,7,5
0.118,0.300,0.005,3.14,0.186,0,0.2806,0.2344,0.080,-0.486,0.270,0.145,0.171,0.110,0.027,0.000,23,14,5,0,0.248,0.178,0.207,0.087,0.037,0.027,24,9,7,5
0.115,0.706,0.054,-0.79,0.151,-1,0.2531,0.2121,0.351,0.736,0.270,0.145,0.171,0.110,0.027,0.000,23,14,5,0,0.248,0.178,0.207,0.087,0.037,0.027,24,9,7,5
0.095,0.795,0.062,-0.79,0.151,-1,0.2242,0.1847,0.271,0.736,0.270,0.145,0.171,0.110,0.027,0.000,23,14,5,0,0.248,0.178,0.207,0.087,0.037,0.027,24,9,7,5
0.089,0.819,0.083,3.14,0.186,0,0.1914,0.1543,0.053,-0.486,0.270,0.145,0.171,0.110,0.027,0.000,23,14,5,0,0.248,0.178,0.207,0.087,0.037,0.027,24,9,7,5
0.094,0.752,0.047,2.53,0.140,0,0.1619,0.1247,0.091,-0.121,0.270,0.145,0.171,0.110,0.027,0.000,23,14,5,0,0.248,0.178,0.207,0.087,0.037,0.027,24,9,7,5
0.074,0.801,0.006,2.53,0.140,0,0.1506,0.1080,0.108,-0.121,0.270,0.145,0.171,0.110,0.027,0.000,23,14,5,0,0.248,0.178,0.207,0.087,0.037,0.027,24,9,7,5
0.067,0.769,0.808,0.22,0.230,0,0.1564,0.1059,0.214,0.303,0.270,0.145,0.171,0.110,0.027,0.000,23,14,5,0,0.248,0.178,0.207,0.087,0.037,0.027,24,9,7,5
0.066,0.796,0.215,0.85,0.046,0,0.1635,0.1075,0.037,0.06,0.270,0.145,0.171,0.110,0.027,0.000,23,14,5,0,0.248,0.178,0.207,0.087,0.037,0.027,24,9,7,5
0.055,0.742,0.295,-1.14,0.131,0,0.1678,0.1074,0.166,0.987,0.270,0.145,0.171,0.110,0.027,0.000,23,14,5,0,0.248,0.178,0.207,0.087,0.037,0.027,24,9,7,5
0.050,0.736,0.886,1.37,0.298,0,0.1605,0.0984,0.134,-0.510,0.270,0.145,0.171,0.110,0.027,0.000,23,14,5,0,0.248,0.178,0.207,0.087,0.037,0.027,24,9,7,5
0.047,0.275,0.430,3.14,0.186,0,0.1546,0.0910,0.088,-0.486,0.270,0.145,0.171,0.110,0.027,0.000,23,14,5,0,0.248,0.178,0.207,0.087,0.037,0.027,24,9,7,5
0.046,0.256,0.330,3.14,0.186,0,0.1566,0.0886,0.053,-0.486,0.270,0.145,0.171,0.110,0.027,0.000,23,14,5,0,0.248,0.178,0.207,0.087,0.037,0.027,24,9,7,5
0.047,0.412,0.575,-0.48,0.134,0,0.1500,0.0817,0.176,0.007,0.270,0.145,0.171,0.110,0.027,0.000,23,14,5,0,0.248,0.178,0.207,0.087,0.037,0.027,24,9,7,5
0.061,0.347,0.328,3.14,0.186,0,0.1461,0.0788,0.082,-0.486,0.270,0.145,0.171,0.110,0.027,0.000,23,14,5,0,0.248,0.178,0.207,0.087,0.037,0.027,24,9,7,5
0.062,0.484,0.462,0,0.000,0,0.1306,0.0695,0.173,0.166,0.270,0.145,0.171,0.110,0.027,0.000,23,14,5,0,0.248,0.178,0.207,0.087,0.037,0.027,24,9,7,5
0.064,0.554,0.596,-0.48,0.134,0,0.1270,0.0681,0.283,0.007,0.270,0.145,0.171,0.110,0.027,0.000,23,14,5,0,0.248,0.178,0.207,0.087,0.037,0.027,24,9,7,5
0.064,0.537,0.370,-0.08,0.108,0,0.1190,0.0633,0.217,0.059,0.270,0.145,0.171,0.110,0.027,0.000,23,14,5,0,0.248,0.178,0.207,0.087,0.037,0.027,24,9,7,5
0.057,0.497,0.342,-0.08,0.108,0,0.1129,0.0597,0.283,0.059,0.270,0.145,0.171,0.110,0.027,0.000,23,14,5,0,0.248,0.178,0.207,0.087,0.037,0.027,24,9,7,5
0.046,0.465,0.440,-0.48,0.134,0,0.1055,0.0537,0.315,0.007,0.270,0.145,0.171,0.110,0.027,0.000,23,14,5,0,0.248,0.178,0.207,0.087,0.037,0.027,24,9,7,5
0.048,0.316,0.097,1.99,0.186,0,0.1080,0.0541,0.141,-0.326,0.270,0.145,0.171,0.110,0.027,0.000,23,14,5,0,0.248,0.178,0.207,0.087,0.037,0.027,24,9,7,5
0.056,0.342,0.091,-1.1,0.105,-1,0.1194,0.0590,0.335,0.192,0.270,0.145,0.171,0.110,0.027,0.000,23,14,5,0,0.248,0.178,0.207,0.087,0.037,0.027,24,9,7,5
0.058,0.356,0.393,-0.08,0.108,0,0.1344,0.0668,0.177,0.059,0.270,0.145,0.171,0.110,0.027,0.000,23,14,5,0,0.248,0.178,0.207,0.087,0.037,0.027,24,9,7,5
0.048,0.323,0.262,1.69,0.290,0,0.1531,0.0758,0.125,-0.697,0.270,0.145,0.171,0.110,0.027,0.000,23,14,5,0,0.248,0.178,0.207,0.087,0.037,0.027,24,9,7,5
0.056,0.344,0.060,-0.52,0.062,0,0.1761,0.0871,0.216,0.341,0.270,0.145,0.171,0.110,0.027,0.000,23,14,5,0,0.248,0.178,0.207,0.087,0.037,0.027,24,9,7,5
0.046,0.252,0.345,1.99,0.186,0,0.2057,0.1040,0.156,-0.326,0.270,0.145,0.171,0.110,0.027,0.000,23,14,5,0,0.248,0.178,0.207,0.087,0.037,0.027,24,9,7,5
0.047,0.243,0.162,0,0.000,0,0.2157,0.1086,0.134,0.166,0.270,0.145,0.171,0.110,0.027,0.000,23,14,5,0,0.248,0.178,0.207,0.087,0.037,0.027,24,9,7,5
0.053,0.157,0.033,2.53,0.140,0,0.2192,0.1125,0.088,-0.121,0.270,0.145,0.171,0.110,0.027,0.000,23,14,5,0,0.248,0.178,0.207,0.087,0.037,0.027,24,9,7,5
0.045,0.174,0.017,-1.1,0.105,-1,0.2076,0.1078,0.325,0.192,0.270,0.145,0.171,0.110,0.027,0.000,23,14,5,0,0.248,0.178,0.207,0.087,0.037,0.027,24,9,7,5
0.048,0.147,0.017,1.69,0.290,0,0.1973,0.1056,0.130,-0.697,0.270,0.145,0.171,0.110,0.027,0.000,23,14,5,0,0.248,0.178,0.207,0.087,0.037,0.027,24,9,7,5
0.056,0.112,0.005,1.99,0.186,0,0.1890,0.1039,0.089,-0.326,0.270,0.145,0.171,0.110,0.027,0.000,23,14,5,0,0.248,0.178,0.207,0.087,0.037,0.027,24,9,7,5
0.057,0.220,0.101,0.2,0.291,1,0.1836,0.1040,0.322,0.180,0.270,0.145,0.171,0.110,0.027,0.000,23,14,5,0,0.248,0.178,0.207,0.087,0.037,0.027,24,9,7,5
0.060,0.119,0.032,0.85,0.046,0,0.1760,0.1021,0.237,0.06,0.270,0.145,0.171,0.110,0.027,0.000,23,14,5,0,0.248,0.178,0.207,0.087,0.037,0.027,24,9,7,5
0.080,0.130,0.021,-0.79,0.151,-1,0.1563,0.0906,0.157,0.736,0.270,0.145,0.171,0.110,0.027,0.000,23,14,5,0,0.248,0.178,0.207,0.087,0.037,0.027,24,9,7,5
0.094,0.113,0.006,3.14,0.186,0,0.1508,0.0851,0.099,-0.486,0.270,0.145,0.171,0.110,0.027,0.000,23,14,5,0,0.248,0.178,0.207,0.087,0.037,0.027,24,9,7,5
0.089,0.170,0.046,-0.79,0.151,-1,0.1510,0.0845,0.429,0.736,0.270,0.145,0.171,0.110,0.027,0.000,23,14,5,0,0.248,0.178,0.207,0.087,0.037,0.027,24,9,7,5
0.089,0.334,0.068,0.2,0.291,1,0.1658,0.0968,0.385,0.180,0.270,0.145,0.171,0.110,0.027,0.000,23,14,5,0,0.248,0.178,0.207,0.087,0.037,0.027,24,9,7,5
0.087,0.212,0.002,-0.08,0.108,0,0.1838,0.1106,0.171,0.059,0.270,0.145,0.171,0.110,0.027,0.000,23,14,5,0,0.248,0.178,0.207,0.087,0.037,0.027,24,9,7,5
0.093,0.213,0.003,-0.79,0.151,-1,0.1988,0.1236,0.427,0.736,0.270,0.145,0.171,0.110,0.027,0.000,23,14,5,0,0.248,0.178,0.207,0.087,0.037,0.027,24,9,7,5
0.093,0.280,0.002,0.85,0.046,0,0.2217,0.1459,0.408,0.06,0.270,0.145,0.171,0.110,0.027,0.000,23,14,5,0,0.248,0.178,0.207,0.087,0.037,0.027,24,9,7,5
0.115,0.303,0.002,3.14,0.186,0,0.2517,0.1753,0.205,-0.486,0.270,0.145,0.171,0.110,0.027,0.000,23,14,5,0,0.248,0.178,0.207,0.087,0.037,0.027,24,9,7,5
0.117,0.410,0.050,0,0.000,0,0.2792,0.2045,0.301,0.166,0.270,0.145,0.171,0.110,0.027,0.000,23,14,5,0,0.248,0.178,0.207,0.087,0.037,0.027,24,9,7,5
0.120,0.306,0.003,0.85,0.046,0,0.3023,0.2301,0.170,0.06,0.270,0.145,0.171,0.110,0.027,0.000,23,14,5,0,0.248,0.178,0.207,0.087,0.037,0.027,24,9,7,5
0.120,0.473,0.149,-1.19,0.219,1,0.3207,0.2497,0.410,0.586,0.270,0.145,0.171,0.110,0.027,0.000,23,14,5,0,0.248,0.178,0.207,0.087,0.037,0.027,24,9,7,5
0.149,0.487,0.077,-0.42,0.180,0,0.3172,0.2525,0.258,0.318,0.270,0.145,0.171,0.110,0.027,0.000,23,14,5,0,0.248,0.178,0.207,0.087,0.037,0.027,24,9,7,5
0.154,0.429,0.022,1.99,0.186,0,0.2982,0.2417,0.075,-0.326,0.270,0.145,0.171,0.110,0.027,0.000,23,14,5,0,0.248,0.178,0.207,0.087,0.037,0.027,24,9,7,5
0.190,0.479,0.251,2.53,0.140,0,0.2688,0.2222,0.107,-0.121,0.270,0.145,0.171,0.110,0.027,0.000,23,14,5,0,0.248,0.178,0.207,0.087,0.037,0.027,24,9,7,5
0.183,0.403,0.028,1.99,0.186,0,0.2551,0.2145,0.122,-0.326,0.270,0.145,0.171,0.110,0.027,0.000,23,14,5,0,0.248,0.178,0.207,0.087,0.037,0.027,24,9,7,5
0.158,0.542,0.939,0.22,0.230,0,0.2437,0.2071,0.146,0.303,0.270,0.145,0.171,0.110,0.027,0.000,23,14,5,0,0.248,0.178,0.207,0.087,0.037,0.027,24,9,7,5
0.193,0.393,0.354,-1.14,0.131,0,0.2350,0.2004,0.216,0.987,0.270,0.145,0.171,0.110,0.027,0.000,23,14,5,0,0.248,0.178,0.207,0.087,0.037,0.027,24,9,7,5
0.195,0.407,0.528,0,0.000,0,0.2250,0.1911,0.221,0.166,0.270,0.145,0.171,0.110,0.027,0.000,23,14,5,0,0.248,0.178,0.207,0.087,0.037,0.027,24,9,7,5
0.199,0.372,0.539,0.85,0.046,0,0.2127,0.1790,0.134,0.06,0.270,0.145,0.171,0.110,0.027,0.000,23,14,5,0,0.248,0.178,0.207,0.087,0.037,0.027,24,9,7,5
0.202,0.466,0.553,0.22,0.230,0,0.2002,0.1662,0.223,0.303,0.270,0.145,0.171,0.110,0.027,0.000,23,14,5,0,0.248,0.178,0.207,0.087,0.037,0.027,24,9,7,5
0.195,0.362,0.579,2.53,0.140,0,0.1971,0.1639,0.117,-0.121,0.270,0.145,0.171,0.110,0.027,0.000,23,14,5,0,0.248,0.178,0.207,0.087,0.037,0.027,24,9,7,5
0.156,0.308,0.504,0,0.000,0,0.2079,0.1731,0.166,0.166,0.270,0.145,0.171,0.110,0.027,0.000,23,14,5,0,0.248,0.178,0.207,0.087,0.037,0.027,24,9,7,5
0.157,0.230,0.257,0.85,0.046,0,0.2181,0.1809,0.244,0.06,0.270,0.145,0.171,0.110,0.027,0.000,23,14,5,0,0.248,0.178,0.207,0.087,0.037,0.027,24,9,7,5
0.164,0.185,0.227,0,0.000,0,0.2194,0.1804,0.195,0.166,0.270,0.145,0.171,0.110,0.027,0.000,23,14,5,0,0.248,0.178,0.207,0.087,0.037,0.027,24,9,7,5
0.167,0.131,0.218,2.53,0.140,0,0.2204,0.1798,0.100,-0.121,0.270,0.145,0.171,0.110,0.027,0.000,23,14,5,0,0.248,0.178,0.207,0.087,0.037,0.027,24,9,7,5
0.167,0.193,0.133,-0.79,0.151,-1,0.2121,0.1724,0.270,0.736,0.270,0.145,0.171,0.110,0.027,0.000,23,14,5,0,0.248,0.178,0.207,0.087,0.037,0.027,24,9,7,5
0.133,0.219,0.035,0.85,0.046,0,0.2057,0.1684,0.257,0.06,0.270,0.145,0.171,0.110,0.027,0.000,23,14,5,0,0.248,0.178,0.207,0.087,0.037,0.027,24,9,7,5
0.114,0.258,0.013,0,0.000,0,0.1984,0.1633,0.145,0.166,0.270,0.145,0.171,0.110,0.027,0.000,23,14,5,0,0.248,0.178,0.207,0.087,0.037,0.027,24,9,7,5
0.111,0.216,0.006,1.99,0.186,0,0.1927,0.1573,0.047,-0.326,0.270,0.145,0.171,0.110,0.027,0.000,23,14,5,0,0.248,0.178,0.207,0.087,0.037,0.027,24,9,7,5
0.110,0.433,0.272,0.2,0.291,1,0.1945,0.1547,0.333,0.180,0.270,0.145,0.171,0.110,0.027,0.000,23,14,5,0,0.248,0.178,0.207,0.087,0.037,0.027,24,9,7,5
0.097,0.347,0.564,-0.42,0.180,0,0.1936,0.1477,0.248,0.318,0.270,0.145,0.171,0.110,0.027,0.000,23,14,5,0,0.248,0.178,0.207,0.087,0.037,0.027,24,9,7,5
0.101,0.268,0.006,3.14,0.186,0,0.1987,0.1446,0.066,-0.486,0.270,0.145,0.171,0.110,0.027,0.000,23,14,5,0,0.248,0.178,0.207,0.087,0.037,0.027,24,9,7,5
0.080,0.269,0.003,3.14,0.186,0,0.2157,0.1525,0.061,-0.486,0.270,0.145,0.171,0.110,0.027,0.000,23,14,5,0,0.248,0.178,0.207,0.087,0.037,0.027,24,9,7,5
0.077,0.499,0.324,0.2,0.291,1,0.2368,0.1643,0.430,0.180,0.270,0.145,0.171,0.110,0.027,0.000,23,14,5,0,0.248,0.178,0.207,0.087,0.037,0.027,24,9,7,5
0.064,0.350,0.063,0,0.000,0,0.2513,0.1712,0.193,0.166,0.270,0.145,0.171,0.110,0.027,0.000,23,14,5,0,0.248,0.178,0.207,0.087,0.037,0.027,24,9,7,5
0.064,0.288,0.002,1.99,0.186,0,0.2543,0.1678,0.075,-0.326,0.270,0.145,0.171,0.110,0.027,0.000,23,14,5,0,0.248,0.178,0.207,0.087,0.037,0.027,24,9,7,5
0.076,0.370,0.156,-0.48,0.134,0,0.2471,0.1566,0.291,0.007,0.270,0.145,0.171,0.110,0.027,0.000,23,14,5,0,0.248,0.178,0.207,0.087,0.037,0.027,24,9,7,5
0.074,0.265,0.003,-0.79,0.151,-1,0.2348,0.1438,0.367,0.736,0.270,0.145,0.171,0.110,0.027,0.000,23,14,5,0,0.248,0.178,0.207,0.087,0.037,0.027,24,9,7,5
0.073,0.253,0.003,2.53,0.140,0,0.2160,0.1283,0.162,-0.121,0.270,0.145,0.171,0.110,0.027,0.000,23,14,5,0,0.248,0.178,0.207,0.087,0.037,0.027,24,9,7,5
0.073,0.259,0.003,1.99,0.186,0,0.2042,0.1178,0.114,-0.326,0.270,0.145,0.171,0.110,0.027,0.000,23,14,5,0,0.248,0.178,0.207,0.087,0.037,0.027,24,9,7,5
0.056,0.314,0.001,-0.08,0.108,0,0.2049,0.1173,0.312,0.059,0.270,0.145,0.171,0.110,0.027,0.000,23,14,5,0,0.248,0.178,0.207,0.087,0.037,0.027,24,9,7,5
0.055,0.351,0.103,0.2,0.291,1,0.2208,0.1301,0.421,0.180,0.270,0.145,0.171,0.110,0.027,0.000,23,14,5,0,0.248,0.178,0.207,0.087,0.037,0.027,24,9,7,5
0.059,0.215,0.010,-0.79,0.151,-1,0.2426,0.1470,0.413,0.736,0.270,0.145,0.171,0.110,0.027,0.000,23,14,5,0,0.248,0.178,0.207,0.087,0.037,0.027,24,9,7,5
0.061,0.394,0.001,-0.42,0.180,0,0.2691,0.1676,0.385,0.318,0.270,0.145,0.171,0.110,0.027,0.000,23,14,5,0,0.248,0.178,0.207,0.087,0.037,0.027,24,9,7,5
0.060,0.388,0.060,-0.48,0.134,0,0.2919,0.1867,0.298,0.007,0.270,0.145,0.171,0.110,0.027,0.000,23,14,5,0,0.248,0.178,0.207,0.087,0.037,0.027,24,9,7,5
0.074,0.271,0.006,2.53,0.140,0,0.3229,0.2133,0.058,-0.121,0.270,0.145,0.171,0.110,0.027,0.000,23,14,5,0,0.248,0.178,0.207,0.087,0.037,0.027,24,9,7,5
0.076,0.378,0.038,-0.42,0.180,0,0.3506,0.2366,0.308,0.318,0.270,0.145,0.171,0.110,0.027,0.000,23,14,5,0,0.248,0.178,0.207,0.087,0.037,0.027,24,9,7,5
0.095,0.236,0.004,3.14,0.186,0,0.3723,0.2533,0.115,-0.486,0.270,0.145,0.171,0.110,0.027,0.000,23,14,5,0,0.248,0.178,0.207,0.087,0.037,0.027,24,9,7,5
0.095,0.237,0.049,0.85,0.046,0,0.3858,0.2615,0.050,0.06,0.270,0.145,0.171,0.110,0.027,0.000,23,14,5,0,0.248,0.178,0.207,0.087,0.037,0.027,24,9,7,5
0.097,0.302,0.023,1.99,0.186,0,0.3952,0.2639,0.056,-0.326,0.270,0.145,0.171,0.110,0.027,0.000,23,14,5,0,0.248,0.178,0.207,0.087,0.037,0.027,24,9,7,5
0.100,0.337,0.422,-0.79,0.151,-1,0.3931,0.2587,0.288,0.736,0.270,0.145,0.171,0.110,0.027,0.000,23,14,5,0,0.248,0.178,0.207,0.087,0.037,0.027,24,9,7,5
0.109,0.410,0.656,-0.08,0.108,0,0.3906,0.2529,0.153,0.059,0.270,0.145,0.171,0.110,0.027,0.000,23,14,5,0,0.248,0.178,0.207,0.087,0.037,0.027,24,9,7,5
0.100,0.323,0.541,1.42,0.221,0,0.3820,0.2422,0.082,-0.397,0.270,0.145,0.171,0.110,0.027,0.000,23,14,5,0,0.248,0.178,0.207,0.087,0.037,0.027,24,9,7,5
0.101,0.275,0.563,0.85,0.046,0,0.3627,0.2248,0.245,0.06,0.270,0.145,0.171,0.110,0.027,0.000,23,14,5,0,0.248,0.178,0.207,0.087,0.037,0.027,24,9,7,5
0.085,0.280,0.659,0,0.000,0,0.3380,0.2070,0.415,0.166,0.270,0.145,0.171,0.110,0.027,0.000,23,14,5,0,0.248,0.178,0.207,0.087,0.037,0.027,24,9,7,5
0.081,0.431,0.969,-1.19,0.219,1,0.3166,0.1965,0.477,0.586,0.270,0.145,0.171,0.110,0.027,0.000,23,14,5,0,0.248,0.178,0.207,0.087,0.037,0.027,24,9,7,5
0.081,0.337,0.950,0,0.000,0,0.2857,0.1822,0.301,0.166,0.270,0.145,0.171,0.110,0.027,0.000,23,14,5,0,0.248,0.178,0.207,0.087,0.037,0.027,24,9,7,5
0.084,0.380,0.958,-0.52,0.062,0,0.2602,0.1734,0.294,0.341,0.270,0.145,0.171,0.110,0.027,0.000,23,14,5,0,0.248,0.178,0.207,0.087,0.037,0.027,24,9,7,5
0.077,0.370,0.635,-0.79,0.151,-1,0.2389,0.1677,0.396,0.736,0.270,0.145,0.171,0.110,0.027,0.000,23,14,5,0,0.248,0.178,0.207,0.087,0.037,0.027,24,9,7,5
0.074,0.333,0.364,2.1,0.128,0,0.2264,0.1686,0.121,0.02,0.270,0.145,0.171,0.110,0.027,0.000,23,14,5,0,0.248,0.178,0.207,0.087,0.037,0.027,24,9,7,5
0.073,0.344,0.337,0,0.000,0,0.2080,0.1633,0.212,0.166,0.270,0.145,0.171,0.110,0.027,0.000,23,14,5,0,0.248,0.178,0.207,0.087,0.037,0.027,24,9,7,5
0.086,0.492,0.536,0.2,0.291,1,0.1948,0.1582,0.357,0.180,0.270,0.145,0.171,0.110,0.027,0.000,23,14,5,0,0.248,0.178,0.207,0.087,0.037,0.027,24,9,7,5
0.093,0.393,0.491,-0.08,0.108,0,0.1703,0.1411,0.162,0.059,0.270,0.145,0.171,0.110,0.027,0.000,23,14,5,0,0.248,0.178,0.207,0.087,0.037,0.027,24,9,7,5
0.089,0.274,0.439,1.69,0.290,0,0.1550,0.1290,0.075,-0.697,0.270,0.145,0.171,0.110,0.027,0.000,23,14,5,0,0.248,0.178,0.207,0.087,0.037,0.027,24,9,7,5
0.089,0.260,0.413,-0.79,0.151,-1,0.1441,0.1189,0.418,0.736,0.270,0.145,0.171,0.110,0.027,0.000,23,14,5,0,0.248,0.178,0.207,0.087,0.037,0.027,24,9,7,5
0.077,0.246,0.185,-0.79,0.151,-1,0.1356,0.1098,0.224,0.736,0.270,0.145,0.171,0.110,0.027,0.000,23,14,5,0,0.248,0.178,0.207,0.087,0.037,0.027,24,9,7,5
0.052,0.200,0.004,1.99,0.186,0,0.1241,0.0975,0.027,-0.326,0.270,0.145,0.171,0.110,0.027,0.000,23,14,5,0,0.248,0.178,0.207,0.087,0.037,0.027,24,9,7,5
0.048,0.212,0.108,0.85,0.046,0,0.1126,0.0854,0.083,0.06,0.270,0.145,0.171,0.110,0.027,0.000,23,14,5,0,0.248,0.178,0.207,0.087,0.037,0.027,24,9,7,5
0.058,0.336,0.059,1.37,0.298,0,0.0990,0.0736,0.229,-0.510,0.270,0.145,0.171,0.110,0.027,0.000,23,14,5,0,0.248,0.178,0.207,0.087,0.037,0.027,24,9,7,5
0.071,0.232,0.005,3.14,0.186,0,0.0882,0.0650,0.087,-0.486,0.270,0.145,0.171,0.110,0.027,0.000,23,14,5,0,0.248,0.178,0.207,0.087,0.037,0.027,24,9,7,5
0.073,0.253,0.006,3.14,0.186,0,0.0784,0.0566,0.038,-0.486,0.270,0.145,0.171,0.110,0.027,0.000,23,14,5,0,0.248,0.178,0.207,0.087,0.037,0.027,24,9,7,5
0.072,0.254,0.010,-1.1,0.105,-1,0.0683,0.0484,0.313,0.192,0.270,0.145,0.171,0.110,0.027,0.000,23,14,5,0,0.248,0.178,0.207,0.087,0.037,0.027,24,9,7,5
0.071,0.273,0.007,0,0.000,0,0.0546,0.0392,0.217,0.166,0.270,0.145,0.171,0.110,0.027,0.000,23,14,5,0,0.248,0.178,0.207,0.087,0.037,0.027,24,9,7,5
0.061,0.327,0.002,2.53,0.140,0,0.0386,0.0303,0.131,-0.121,0.270,0.145,0.171,0.110,0.027,0.000,23,14,5,0,0.248,0.178,0.207,0.087,0.037,0.027,24,9,7,5
0.072,0.293,0.013,0.85,0.046,0,0.0215,0.0199,0.180,0.06,0.270,0.145,0.171,0.110,0.027,0.000,23,14,5,0,0.248,0.178,0.207,0.087,0.037,0.027,24,9,7,5
0.084,0.450,0.210,1.37,0.298,0,0.0259,0.0183,0.232,-0.510,0.270,0.145,0.171,0.110,0.027,0.000,23,14,5,0,0.248,0.178,0.207,0.087,0.037,0.027,24,9,7,5
0.107,0.401,0.141,-0.48,0.134,0,0.0356,0.0192,0.317,0.007,0.270,0.145,0.171,0.110,0.027,0.000,23,14,5,0,0.248,0.178,0.207,0.087,0.037,0.027,24,9,7,5
0.115,0.434,0.042,-1.1,0.105,-1,0.0558,0.0226,0.407,0.192,0.270,0.145,0.171,0.110,0.027,0.000,23,14,5,0,0.248,0.178,0.207,0.087,0.037,0.027,24,9,7,5
0.109,0.500,0.431,-1.19,0.219,1,0.0792,0.0274,0.395,0.586,0.270,0.145,0.171,0.110,0.027,0.000,23,14,5,0,0.248,0.178,0.207,0.087,0.037,0.027,24,9,7,5
0.131,0.395,0.027,1.99,0.186,0,0.1102,0.0367,0.067,-0.326,0.270,0.145,0.171,0.110,0.027,0.000,23,14,5,0,0.248,0.178,0.207,0.087,0.037,0.027,24,9,7,5
0.129,0.481,0.327,-0.52,0.062,0,0.1320,0.0405,0.149,0.341,0.270,0.145,0.171,0.110,0.027,0.000,23,14,5,0,0.248,0.178,0.207,0.087,0.037,0.027,24,9,7,5
0.133,0.384,0.102,2.53,0.140,0,0.1571,0.0444,0.086,-0.121,0.270,0.145,0.171,0.110,0.027,0.000,23,14,5,0,0.248,0.178,0.207,0.087,0.037,0.027,24,9,7,5
0.141,0.444,0.259,2.1,0.128,0,0.1730,0.0465,0.046,0.02,0.270,0.145,0.171,0.110,0.027,0.000,23,14,5,0,0.248,0.178,0.207,0.087,0.037,0.027,24,9,7,5
0.123,0.402,0.101,1.69,0.290,0,0.1821,0.0481,0.060,-0.697,0.270,0.145,0.171,0.110,0.027,0.000,23,14,5,0,0.248,0.178,0.207,0.087,0.037,0.027,24,9,7,5
0.119,0.406,0.334,-1.1,0.105,-1,0.1800,0.0465,0.198,0.192,0.270,0.145,0.171,0.110,0.027,0.000,23,14,5,0,0.248,0.178,0.207,0.087,0.037,0.027,24,9,7,5
0.115,0.483,0.317,-0.08,0.108,0,0.1749,0.0436,0.128,0.059,0.270,0.145,0.171,0.110,0.027,0.000,23,14,5,0,0.248,0.178,0.207,0.087,0.037,0.027,24,9,7,5
0.129,0.383,0.158,2.1,0.128,0,0.1598,0.0375,0.066,0.02,0.270,0.145,0.171,0.110,0.027,0.000,23,14,5,0,0.248,0.178,0.207,0.087,0.037,0.027,24,9,7,5
0.129,0.516,0.880,0.22,0.230,0,0.1371,0.0295,0.214,0.303,0.270,0.145,0.171,0.110,0.027,0.000,23,14,5,0,0.248,0.178,0.207,0.087,0.037,0.027,24,9,7,5
0.129,0.393,0.159,-0.08,0.108,0,0.1346,0.0294,0.208,0.059,0.270,0.145,0.171,0.110,0.027,0.000,23,14,5,0,0.248,0.178,0.207,0.087,0.037,0.027,24,9,7,5
0.085,0.406,0.481,0.22,0.230,0,0.1394,0.0317,0.260,0.303,0.270,0.145,0.171,0.110,0.027,0.000,23,14,5,0,0.248,0.178,0.207,0.087,0.037,0.027,24,9,7,5
0.082,0.292,0.264,-1.1,0.105,-1,0.1455,0.0336,0.409,0.192,0.270,0.145,0.171,0.110,0.027,0.000,23,14,5,0,0.248,0.178,0.207,0.087,0.037,0.027,24,9,7,5
0.080,0.263,0.426,0.85,0.046,0,0.1559,0.0381,0.226,0.06,0.270,0.145,0.171,0.110,0.027,0.000,23,14,5,0,0.248,0.178,0.207,0.087,0.037,0.027,24,9,7,5
0.080,0.339,0.436,0,0.000,0,0.1743,0.0456,0.200,0.166,0.270,0.145,0.171,0.110,0.027,0.000,23,14,5,0,0.248,0.178,0.207,0.087,0.037,0.027,24,9,7,5
0.077,0.370,0.407,1.37,0.298,0,0.2017,0.0566,0.160,-0.510,0.270,0.145,0.171,0.110,0.027,0.000,23,14,5,0,0.248,0.178,0.207,0.087,0.037,0.027,24,9,7,5
0.076,0.278,0.373,-1.1,0.105,-1,0.2215,0.0665,0.251,0.192,0.270,0.145,0.171,0.110,0.027,0.000,23,14,5,0,0.248,0.178,0.207,0.087,0.037,0.027,24,9,7,5
0.064,0.279,0.149,3.14,0.186,0,0.2389,0.0768,0.089,-0.486,0.270,0.145,0.171,0.110,0.027,0.000,23,14,5,0,0.248,0.178,0.207,0.087,0.037,0.027,24,9,7,5
0.055,0.246,0.249,2.53,0.140,0,0.2378,0.0802,0.089,-0.121,0.270,0.145,0.171,0.110,0.027,0.000,23,14,5,0,0.248,0.178,0.207,0.087,0.037,0.027,24,9,7,5
0.051,0.326,0.338,-0.48,0.134,0,0.2271,0.0823,0.294,0.007,0.270,0.145,0.171,0.110,0.027,0.000,23,14,5,0,0.248,0.178,0.207,0.087,0.037,0.027,24,9,7,5
0.049,0.259,0.070,-1.1,0.105,-1,0.2000,0.0782,0.266,0.192,0.270,0.145,0.171,0.110,0.027,0.000,23,14,5,0,0.248,0.178,0.207,0.087,0.037,0.027,24,9,7,5
0.051,0.188,0.005,1.69,0.290,0,0.1706,0.0707,0.142,-0.697,0.270,0.145,0.171,0.110,0.027,0.000,23,14,5,0,0.248,0.178,0.207,0.087,0.037,0.027,24,9,7,5
0.046,0.137,0.051,-1.1,0.105,-1,0.1386,0.0635,0.432,0.192,0.270,0.145,0.171,0.110,0.027,0.000,23,14,5,0,0.248,0.178,0.207,0.087,0.037,0.027,24,9,7,5
0.049,0.153,0.062,0,0.000,0,0.1112,0.0586,0.239,0.166,0.270,0.145,0.171,0.110,0.027,0.000,23,14,5,0,0.248,0.178,0.207,0.087,0.037,0.027,24,9,7,5
0.048,0.133,0.004,2.53,0.140,0,0.0917,0.0566,0.104,-0.121,0.270,0.145,0.171,0.110,0.027,0.000,23,14,5,0,0.248,0.178,0.207,0.087,0.037,0.027,24,9,7,5
0.048,0.114,0.001,1.99,0.186,0,0.0868,0.0583,0.115,-0.326,0.270,0.145,0.171,0.110,0.027,0.000,23,14,5,0,0.248,0.178,0.207,0.087,0.037,0.027,24,9,7,5
0.057,0.130,0.004,-0.79,0.151,-1,0.0827,0.0596,0.470,0.736,0.270,0.145,0.171,0.110,0.027,0.000,23,14,5,0,0.248,0.178,0.207,0.087,0.037,0.027,24,9,7,5
0.059,0.143,0.002,-0.79,0.151,-1,0.0778,0.0602,0.262,0.736,0.270,0.145,0.171,0.110,0.027,0.000,23,14,5,0,0.248,0.178,0.207,0.087,0.037,0.027,24,9,7,5
0.076,0.156,0.001,1.69,0.290,0,0.0829,0.0612,0.054,-0.697,0.270,0.145,0.171,0.110,0.027,0.000,23,14,5,0,0.248,0.178,0.207,0.087,0.037,0.027,24,9,7,5
0.076,0.162,0.018,-1.1,0.105,-1,0.0834,0.0610,0.311,0.192,0.270,0.145,0.171,0.110,0.027,0.000,23,14,5,0,0.248,0.178,0.207,0.087,0.037,0.027,24,9,7,5
0.090,0.330,0.406,0.2,0.291,1,0.0813,0.0615,0.418,0.180,0.270,0.145,0.171,0.110,0.027,0.000,23,14,5,0,0.248,0.178,0.207,0.087,0.037,0.027,24,9,7,5
0.101,0.213,0.085,3.14,0.186,0,0.0729,0.0580,0.128,-0.486,0.270,0.145,0.171,0.110,0.027,0.000,23,14,5,0,0.248,0.178,0.207,0.087,0.037,0.027,24,9,7,5
0.119,0.252,0.071,3.14,0.186,0,0.0702,0.0574,0.124,-0.486,0.270,0.145,0.171,0.110,0.027,0.000,23,14,5,0,0.248,0.178,0.207,0.087,0.037,0.027,24,9,7,5
0.105,0.454,0.309,0,0.000,0,0.0772,0.0633,0.372,0.166,0.270,0.145,0.171,0.110,0.027,0.000,23,14,5,0,0.248,0.178,0.207,0.087,0.037,0.027,24,9,7,5
0.099,0.424,0.257,1.99,0.186,0,0.0922,0.0759,0.187,-0.326,0.270,0.145,0.171,0.110,0.027,0.000,23,14,5,0,0.248,0.178,0.207,0.087,0.037,0.027,24,9,7,5
0.104,0.475,0.166,0,0.000,0,0.1105,0.0894,0.201,0.166,0.270,0.145,0.171,0.110,0.027,0.000,23,14,5,0,0.248,0.178,0.207,0.087,0.037,0.027,24,9,7,5
0.130,0.724,0.401,0.2,0.291,1,0.1327,0.1088,0.330,0.180,0.270,0.145,0.171,0.110,0.027,0.000,23,14,5,0,0.248,0.178,0.207,0.087,0.037,0.027,24,9,7,5
0.135,0.532,0.019,1.99,0.186,0,0.1611,0.1333,0.100,-0.326,0.270,0.145,0.171,0.110,0.027,0.000,23,14,5,0,0.248,0.178,0.207,0.087,0.037,0.027,24,9,7,5
0.157,0.851,0.232,-1.19,0.219,1,0.1913,0.1608,0.244,0.586,0.270,0.145,0.171,0.110,0.027,0.000,23,14,5,0,0.248,0.178,0.207,0.087,0.037,0.027,24,9,7,5
0.195,0.483,0.006,2.53,0.140,0,0.2276,0.1936,0.075,-0.121,0.270,0.145,0.171,0.110,0.027,0.000,23,14,5,0,0.248,0.178,0.207,0.087,0.037,0.027,24,9,7,5
0.206,0.807,0.012,1.99,0.186,0,0.2566,0.2232,0.068,-0.326,0.270,0.145,0.171,0.110,0.027,0.000,23,14,5,0,0.248,0.178,0.207,0.087,0.037,0.027,24,9,7,5
0.208,0.824,0.368,0.22,0.230,0,0.2995,0.2630,0.152,0.303,0.270,0.145,0.171,0.110,0.027,0.000,23,14,5,0,0.248,0.178,0.207,0.087,0.037,0.027,24,9,7,5
0.220,0.758,0.037,3.14,0.186,0,0.3406,0.3017,0.052,-0.486,0.270,0.145,0.171,0.110,0.027,0.000,23,14,5,0,0.248,0.178,0.207,0.087,0.037,0.027,24,9,7,5
0.270,0.745,0.477,-0.48,0.134,0,0.3858,0.3415,0.194,0.007,0.270,0.145,0.171,0.110,0.027,0.000,23,14,5,0,0.248,0.178,0.207,0.087,0.037,0.027,24,9,7,5
0.257,0.504,0.439,-1.1,0.105,-1,0.4414,0.3861,0.289,0.192,0.270,0.145,0.171,0.110,0.027,0.000,23,14,5,0,0.248,0.178,0.207,0.087,0.037,0.027,24,9,7,5
0.266,0.698,0.368,-0.52,0.062,0,0.4814,0.4181,0.315,0.341,0.270,0.145,0.171,0.110,0.027,0.000,23,14,5,0,0.248,0.178,0.207,0.087,0.037,0.027,24,9,7,5
0.277,0.760,0.618,-1.19,0.219,1,0.5190,0.4453,0.515,0.586,0.270,0.145,0.171,0.110,0.027,0.000,23,14,5,0,0.248,0.178,0.207,0.087,0.037,0.027,24,9,7,5
0.226,0.712,0.501,-0.48,0.134,0,0.5513,0.4675,0.292,0.007,0.270,0.145,0.171,0.110,0.027,0.000,23,14,5,0,0.248,0.178,0.207,0.087,0.037,0.027,24,9,7,5
0.196,0.477,0.483,-1.14,0.131,0,0.5893,0.4933,0.361,0.987,0.270,0.145,0.171,0.110,0.027,0.000,23,14,5,0,0.248,0.178,0.207,0.087,0.037,0.027,24,9,7,5
0.156,0.718,0.635,0.2,0.291,1,0.6134,0.5114,0.522,0.180,0.270,0.145,0.171,0.110,0.027,0.000,23,14,5,0,0.248,0.178,0.207,0.087,0.037,0.027,24,9,7,5
0.159,0.502,0.595,0,0.000,0,0.6252,0.5217,0.258,0.166,0.270,0.145,0.171,0.110,0.027,0.000,23,14,5,0,0.248,0.178,0.207,0.087,0.037,0.027,24,9,7,5
0.133,0.523,0.718,-0.52,0.062,0,0.6391,0.5368,0.313,0.341,0.270,0.145,0.171,0.110,0.027,0.000,23,14,5,0,0.248,0.178,0.207,0.087,0.037,0.027,24,9,7,5
0.126,0.754,0.739,0.2,0.291,1,0.6361,0.5433,0.369,0.180,0.270,0.145,0.171,0.110,0.027,0.000,23,14,5,0,0.248,0.178,0.207,0.087,0.037,0.027,24,9,7,5
0.139,0.576,0.675,-1.19,0.219,1,0.6170,0.5385,0.432,0.586,0.270,0.145,0.171,0.110,0.027,0.000,23,14,5,0,0.248,0.178,0.207,0.087,0.037,0.027,24,9,7,5
0.159,0.492,0.931,-1.1,0.105,-1,0.5913,0.5312,0.333,0.192,0.270,0.145,0.171,0.110,0.027,0.000,23,14,5,0,0.248,0.178,0.207,0.087,0.037,0.027,24,9,7,5
0.168,0.724,0.946,0.2,0.291,1,0.5523,0.5127,0.348,0.180,0.270,0.145,0.171,0.110,0.027,0.000,23,14,5,0,0.248,0.178,0.207,0.087,0.037,0.027,24,9,7,5
0.133,0.568,0.923,0.22,0.230,0,0.5035,0.4852,0.247,0.303,0.270,0.145,0.171,0.110,0.027,0.000,23,14,5,0,0.248,0.178,0.207,0.087,0.037,0.027,24,9,7,5
0.108,0.521,0.301,-0.79,0.151,-1,0.4507,0.4497,0.387,0.736,0.270,0.145,0.171,0.110,0.027,0.000,23,14,5,0,0.248,0.178,0.207,0.087,0.037,0.027,24,9,7,5
0.128,0.594,0.307,-0.48,0.134,0,0.3779,0.3959,0.299,0.007,0.270,0.145,0.171,0.110,0.027,0.000,23,14,5,0,0.248,0.178,0.207,0.087,0.037,0.027,24,9,7,5
0.134,0.541,0.290,3.14,0.186,0,0.3109,0.3407,0.110,-0.486,0.270,0.145,0.171,0.110,0.027,0.000,23,14,5,0,0.248,0.178,0.207,0.087,0.037,0.027,24,9,7,5
0.109,0.640,0.441,0,0.000,0,0.2484,0.2885,0.163,0.166,0.270,0.145,0.171,0.110,0.027,0.000,23,14,5,0,0.248,0.178,0.207,0.087,0.037,0.027,24,9,7,5
0.095,0.587,0.455,1.69,0.290,0,0.2045,0.2504,0.131,-0.697,0.270,0.145,0.171,0.110,0.027,0.000,23,14,5,0,0.248,0.178,0.207,0.087,0.037,0.027,24,9,7,5
0.088,0.720,0.598,0,0.000,0,0.1734,0.2170,0.119,0.166,0.270,0.145,0.171,0.110,0.027,0.000,23,14,5,0,0.248,0.178,0.207,0.087,0.037,0.027,24,9,7,5
0.085,0.701,0.465,0.22,0.230,0,0.1457,0.1917,0.196,0.303,0.270,0.145,0.171,0.110,0.027,0.000,23,14,5,0,0.248,0.178,0.207,0.087,0.037,0.027,24,9,7,5
0.073,0.750,0.481,3.14,0.186,0,0.1256,0.1720,0.078,-0.486,0.270,0.145,0.171,0.110,0.027,0.000,23,14,5,0,0.248,0.178,0.207,0.087,0.037,0.027,24,9,7,5
0.082,0.762,0.557,0,0.000,0,0.1032,0.1514,0.062,0.166,0.270,0.145,0.171,0.110,0.027,0.000,23,14,5,0,0.248,0.178,0.207,0.087,0.037,0.027,24,9,7,5
0.075,0.722,0.381,1.69,0.290,0,0.0996,0.1493,0.106,-0.697,0.270,0.145,0.171,0.110,0.027,0.000,23,14,5,0,0.248,0.178,0.207,0.087,0.037,0.027,24,9,7,5
0.067,0.369,0.347,0.85,0.046,0,0.1042,0.1569,0.106,0.06,0.270,0.145,0.171,0.110,0.027,0.000,23,14,5,0,0.248,0.178,0.207,0.087,0.037,0.027,24,9,7,5
0.083,0.242,0.148,0.85,0.046,0,0.1132,0.1688,0.053,0.06,0.270,0.145,0.171,0.110,0.027,0.000,23,14,5,0,0.248,0.178,0.207,0.087,0.037,0.027,24,9,7,5
0.080,0.256,0.018,1.99,0.186,0,0.1252,0.1840,0.081,-0.326,0.270,0.145,0.171,0.110,0.027,0.000,23,14,5,0,0.248,0.178,0.207,0.087,0.037,0.027,24,9,7,5
0.078,0.359,0.186,-0.48,0.134,0,0.1205,0.1839,0.156,0.007,0.270,0.145,0.171,0.110,0.027,0.000,23,14,5,0,0.248,0.178,0.207,0.087,0.037,0.027,24,9,7,5
0.075,0.387,0.416,1.37,0.298,0,0.1183,0.1844,0.129,-0.510,0.270,0.145,0.171,0.110,0.027,0.000,23,14,5,0,0.248,0.178,0.207,0.087,0.037,0.027,24,9,7,5
0.087,0.282,0.138,3.14,0.186,0,0.1195,0.1871,0.065,-0.486,0.270,0.145,0.171,0.110,0.027,0.000,23,14,5,0,0.248,0.178,0.207,0.087,0.037,0.027,24,9,7,5
0.106,0.279,0.010,2.53,0.140,0,0.1328,0.1965,0.109,-0.121,0.270,0.145,0.171,0.110,0.027,0.000,23,14,5,0,0.248,0.178,0.207,0.087,0.037,0.027,24,9,7,5
0.097,0.306,0.236,0.22,0.230,0,0.1468,0.2059,0.316,0.303,0.270,0.145,0.171,0.110,0.027,0.000,23,14,5,0,0.248,0.178,0.207,0.087,0.037,0.027,24,9,7,5
0.099,0.305,0.143,0.22,0.230,0,0.1591,0.2119,0.154,0.303,0.270,0.145,0.171,0.110,0.027,0.000,23,14,5,0,0.248,0.178,0.207,0.087,0.037,0.027,24,9,7,5
0.078,0.189,0.018,-1.14,0.131,0,0.1657,0.2116,0.315,0.987,0.270,0.145,0.171,0.110,0.027,0.000,23,14,5,0,0.248,0.178,0.207,0.087,0.037,0.027,24,9,7,5
0.091,0.250,0.086,-0.42,0.180,0,0.1703,0.2083,0.442,0.318,0.270,0.145,0.171,0.110,0.027,0.000,23,14,5,0,0.248,0.178,0.207,0.087,0.037,0.027,24,9,7,5
0.086,0.159,0.008,1.99,0.186,0,0.1844,0.2157,0.191,-0.326,0.270,0.145,0.171,0.110,0.027,0.000,23,14,5,0,0.248,0.178,0.207,0.087,0.037,0.027,24,9,7,5
0.076,0.182,0.030,-0.79,0.151,-1,0.2130,0.2375,0.529,0.736,0.270,0.145,0.171,0.110,0.027,0.000,23,14,5,0,0.248,0.178,0.207,0.087,0.037,0.027,24,9,7,5
0.076,0.207,0.031,-1.1,0.105,-1,0.2546,0.2688,0.471,0.192,0.270,0.145,0.171,0.110,0.027,0.000,23,14,5,0,0.248,0.178,0.207,0.087,0.037,0.027,24,9,7,5
0.093,0.213,0.030,3.14,0.186,0,0.3022,0.3086,0.103,-0.486,0.270,0.145,0.171,0.110,0.027,0.000,23,14,5,0,0.248,0.178,0.207,0.087,0.037,0.027,24,9,7,5
0.084,0.382,0.042,-1.14,0.131,0,0.3342,0.3327,0.292,0.987,0.270,0.145,0.171,0.110,0.027,0.000,23,14,5,0,0.248,0.178,0.207,0.087,0.037,0.027,24,9,7,5
0.083,0.445,0.111,-1.19,0.219,1,0.3702,0.3568,0.470,0.586,0.270,0.145,0.171,0.110,0.027,0.000,23,14,5,0,0.248,0.178,0.207,0.087,0.037,0.027,24,9,7,5
0.103,0.254,0.104,3.14,0.186,0,0.4019,0.3787,0.136,-0.486,0.270,0.145,0.171,0.110,0.027,0.000,23,14,5,0,0.248,0.178,0.207,0.087,0.037,0.027,24,9,7,5
0.081,0.257,0.031,1.99,0.186,0,0.4351,0.4005,0.143,-0.326,0.270,0.145,0.171,0.110,0.027,0.000,23,14,5,0,0.248,0.178,0.207,0.087,0.037,0.027,24,9,7,5
0.063,0.311,0.893,-0.79,0.151,-1,0.4682,0.4242,0.475,0.736,0.270,0.145,0.171,0.110,0.027,0.000,23,14,5,0,0.248,0.178,0.207,0.087,0.037,0.027,24,9,7,5
0.083,0.318,0.305,-0.08,0.108,0,0.4944,0.4424,0.212,0.059,0.270,0.145,0.171,0.110,0.027,0.000,23,14,5,0,0.248,0.178,0.207,0.087,0.037,0.027,24,9,7,5
0.107,0.300,0.291,-1.14,0.131,0,0.4955,0.4422,0.304,0.987,0.270,0.145,0.171,0.110,0.027,0.000,23,14,5,0,0.248,0.178,0.207,0.087,0.037,0.027,24,9,7,5
0.103,0.391,0.405,1.37,0.298,0,0.4927,0.4407,0.214,-0.510,0.270,0.145,0.171,0.110,0.027,0.000,23,14,5,0,0.248,0.178,0.207,0.087,0.037,0.027,24,9,7,5
0.121,0.214,0.038,2.53,0.140,0,0.4963,0.4449,0.183,-0.121,0.270,0.145,0.171,0.110,0.027,0.000,23,14,5,0,0.248,0.178,0.207,0.087,0.037,0.027,24,9,7,5
0.112,0.255,0.039,0,0.000,0,0.5176,0.4637,0.230,0.166,0.270,0.145,0.171,0.110,0.027,0.000,23,14,5,0,0.248,0.178,0.207,0.087,0.037,0.027,24,9,7,5
0.142,0.240,0.019,-0.79,0.151,-1,0.5417,0.4860,0.452,0.736,0.270,0.145,0.171,0.110,0.027,0.000,23,14,5,0,0.248,0.178,0.207,0.087,0.037,0.027,24,9,7,5
0.159,0.235,0.006,-1.1,0.105,-1,0.5520,0.4980,0.392,0.192,0.270,0.145,0.171,0.110,0.027,0.000,23,14,5,0,0.248,0.178,0.207,0.087,0.037,0.027,24,9,7,5
0.105,0.393,0.055,-1.19,0.219,1,0.5436,0.4962,0.482,0.586,0.270,0.145,0.171,0.110,0.027,0.000,23,14,5,0,0.248,0.178,0.207,0.087,0.037,0.027,24,9,7,5
0.105,0.380,0.103,-0.48,0.134,0,0.5393,0.4939,0.486,0.007,0.270,0.145,0.171,0.110,0.027,0.000,23,14,5,0,0.248,0.178,0.207,0.087,0.037,0.027,24,9,7,5
0.106,0.365,0.009,-0.48,0.134,0,0.5338,0.4907,0.466,0.007,0.270,0.145,0.171,0.110,0.027,0.000,23,14,5,0,0.248,0.178,0.207,0.087,0.037,0.027,24,9,7,5
0.136,0.359,0.143,-1.19,0.219,1,0.5305,0.4897,0.567,0.586,0.270,0.145,0.171,0.110,0.027,0.000,23,14,5,0,0.248,0.178,0.207,0.087,0.037,0.027,24,9,7,5
0.142,0.366,0.288,-1.19,0.219,1,0.5305,0.4946,0.436,0.586,0.270,0.145,0.171,0.110,0.027,0.000,23,14,5,0,0.248,0.178,0.207,0.087,0.037,0.027,24,9,7,5
0.154,0.221,0.091,-1.14,0.131,0,0.5256,0.4957,0.332,0.987,0.270,0.145,0.171,0.110,0.027,0.000,23,14,5,0,0.248,0.178,0.207,0.087,0.037,0.027,24,9,7,5
0.172,0.255,0.085,-1.14,0.131,0,0.5210,0.4965,0.320,0.987,0.270,0.145,0.171,0.110,0.027,0.000,23,14,5,0,0.248,0.178,0.207,0.087,0.037,0.027,24,9,7,5
0.167,0.349,0.507,1.37,0.298,0,0.5233,0.5039,0.173,-0.510,0.270,0.145,0.171,0.110,0.027,0.000,23,14,5,0,0.248,0.178,0.207,0.087,0.037,0.027,24,9,7,5
0.172,0.284,0.304,-1.19,0.219,1,0.5125,0.5024,0.406,0.586,0.270,0.145,0.171,0.110,0.027,0.000,23,14,5,0,0.248,0.178,0.207,0.087,0.037,0.027,24,9,7,5
0.174,0.272,0.232,0.22,0.230,0,0.5134,0.5115,0.269,0.303,0.270,0.145,0.171,0.110,0.027,0.000,23,14,5,0,0.248,0.178,0.207,0.087,0.037,0.027,24,9,7,5
0.174,0.186,0.059,-0.79,0.151,-1,0.5018,0.5124,0.212,0.736,0.270,0.145,0.171,0.110,0.027,0.000,23,14,5,0,0.248,0.178,0.207,0.087,0.037,0.027,24,9,7,5
0.136,0.181,0.076,3.14,0.186,0,0.4827,0.5067,0.077,-0.486,0.270,0.145,0.171,0.110,0.027,0.000,23,14,5,0,0.248,0.178,0.207,0.087,0.037,0.027,24,9,7,5
0.155,0.182,0.075,0.85,0.046,0,0.4403,0.4830,0.106,0.06,0.270,0.145,0.171,0.110,0.027,0.000,23,14,5,0,0.248,0.178,0.207,0.087,0.037,0.027,24,9,7,5
0.180,0.288,0.037,1.42,0.221,0,0.3950,0.4559,0.175,-0.397,0.270,0.145,0.171,0.110,0.027,0.000,23,14,5,0,0.248,0.178,0.207,0.087,0.037,0.027,24,9,7,5
0.146,0.329,0.044,1.99,0.186,0,0.3485,0.4256,0.107,-0.326,0.270,0.145,0.171,0.110,0.027,0.000,23,14,5,0,0.248,0.178,0.207,0.087,0.037,0.027,24,9,7,5
0.096,0.452,0.553,0.2,0.291,1,0.3143,0.3993,0.266,0.180,0.270,0.145,0.171,0.110,0.027,0.000,23,14,5,0,0.248,0.178,0.207,0.087,0.037,0.027,24,9,7,5
0.125,0.308,0.093,0.85,0.046,0,0.2942,0.3768,0.178,0.06,0.270,0.145,0.171,0.110,0.027,0.000,23,14,5,0,0.248,0.178,0.207,0.087,0.037,0.027,24,9,7,5
0.128,0.405,0.233,-0.42,0.180,0,0.2696,0.3483,0.333,0.318,0.270,0.145,0.171,0.110,0.027,0.000,23,14,5,0,0.248,0.178,0.207,0.087,0.037,0.027,24,9,7,5
0.121,0.307,0.321,-0.52,0.062,0,0.2471,0.3232,0.349,0.341,0.270,0.145,0.171,0.110,0.027,0.000,23,14,5,0,0.248,0.178,0.207,0.087,0.037,0.027,24,9,7,5
0.098,0.292,0.430,1.69,0.290,0,0.2433,0.3137,0.123,-0.697,0.270,0.145,0.171,0.110,0.027,0.000,23,14,5,0,0.248,0.178,0.207,0.087,0.037,0.027,24,9,7,5
0.093,0.220,0.148,-1.1,0.105,-1,0.2569,0.3248,0.336,0.192,0.270,0.145,0.171,0.110,0.027,0.000,23,14,5,0,0.248,0.178,0.207,0.087,0.037,0.027,24,9,7,5
0.115,0.213,0.051,-1.1,0.105,-1,0.2878,0.3568,0.446,0.192,0.270,0.145,0.171,0.110,0.027,0.000,23,14,5,0,0.248,0.178,0.207,0.087,0.037,0.027,24,9,7,5
0.096,0.286,0.005,-0.42,0.180,0,0.3040,0.3951,0.391,0.318,0.270,0.145,0.171,0.110,0.027,0.000,23,14,5,0,0.248,0.178,0.207,0.087,0.037,0.027,24,9,7,5
0.093,0.165,0.005,1.99,0.186,0,0.3192,0.4447,0.084,-0.326,0.270,0.145,0.171,0.110,0.027,0.000,23,14,5,0,0.248,0.178,0.207,0.087,0.037,0.027,24,9,7,5
0.086,0.138,0.002,1.99,0.186,0,0.3400,0.5077,0.160,-0.326,0.270,0.145,0.171,0.110,0.027,0.000,23,14,5,0,0.248,0.178,0.207,0.087,0.037,0.027,24,9,7,5
0.083,0.202,0.002,-0.79,0.151,-1,0.3574,0.5736,0.521,0.736,0.270,0.145,0.171,0.110,0.027,0.000,23,14,5,0,0.248,0.178,0.207,0.087,0.037,0.027,24,9,7,5
0.076,0.238,0.103,-1.19,0.219,1,0.3695,0.6378,0.356,0.586,0.270,0.145,0.171,0.110,0.027,0.000,23,14,5,0,0.248,0.178,0.207,0.087,0.037,0.027,24,9,7,5
0.071,0.161,0.007,3.14,0.186,0,0.3749,0.6963,0.112,-0.486,0.270,0.145,0.171,0.110,0.027,0.000,23,14,5,0,0.248,0.178,0.207,0.087,0.037,0.027,24,9,7,5
0.070,0.263,0.198,-0.48,0.134,0,0.3737,0.7466,0.422,0.007,0.270,0.145,0.171,0.110,0.027,0.000,23,14,5,0,0.248,0.178,0.207,0.087,0.037,0.027,24,9,7,5
0.061,0.098,0.061,0.85,0.046,0,0.3671,0.7887,0.545,0.06,0.270,0.145,0.171,0.110,0.027,0.000,23,14,5,0,0.248,0.178,0.207,0.087,0.037,0.027,24,9,7,5
0.078,0.086,0.050,0,0.000,0,0.3584,0.8251,0.440,0.166,0.270,0.145,0.171,0.110,0.027,0.000,23,14,5,0,0.248,0.178,0.207,0.087,0.037,0.027,24,9,7,5
0.078,0.083,0.035,0.85,0.046,0,0.3526,0.8616,0.444,0.06,0.270,0.145,0.171,0.110,0.027,0.000,23,14,5,0,0.248,0.178,0.207,0.087,0.037,0.027,24,9,7,5
0.079,0.073,0.152,-0.79,0.151,-1,0.3571,0.9082,0.814,0.736,0.270,0.145,0.171,0.110,0.027,0.000,23,14,5,0,0.248,0.178,0.207,0.087,0.037,0.027,24,9,7,5
