0.348,0.334,0.395,1.42,0.221,0,0.1195,0.8314,0.625,-0.397,0.334,0.113,0.260,0.090,0.000,0.000,23,17,0,0,0.297,0.132,0.202,0.051,0.022,0.015,29,13,8,6
0.262,0.726,0.482,-0.52,0.062,0,0.2201,0.8092,0.368,0.341,0.334,0.113,0.260,0.090,0.000,0.000,23,17,0,0,0.297,0.132,0.202,0.051,0.022,0.015,29,13,8,6
0.189,0.737,0.482,3.14,0.186,0,0.2842,0.7838,0.173,-0.486,0.334,0.113,0.260,0.090,0.000,0.000,23,17,0,0,0.297,0.132,0.202,0.051,0.022,0.015,29,13,8,6
0.140,0.726,0.507,1.42,0.221,0,0.3170,0.7480,0.187,-0.397,0.334,0.113,0.260,0.090,0.000,0.000,23,17,0,0,0.297,0.132,0.202,0.051,0.022,0.015,29,13,8,6
0.136,0.721,0.558,0,0.000,0,0.3249,0.6992,0.179,0.166,0.334,0.113,0.260,0.090,0.000,0.000,23,17,0,0,0.297,0.132,0.202,0.051,0.022,0.015,29,13,8,6
0.107,0.820,0.752,0.2,0.291,1,0.3150,0.6385,0.283,0.180,0.334,0.113,0.260,0.090,0.000,0.000,23,17,0,0,0.297,0.132,0.202,0.051,0.022,0.015,29,13,8,6
0.113,0.713,0.398,3.14,0.186,0,0.2946,0.5699,0.082,-0.486,0.334,0.113,0.260,0.090,0.000,0.000,23,17,0,0,0.297,0.132,0.202,0.051,0.022,0.015,29,13,8,6
0.122,0.844,0.771,-1.19,0.219,1,0.2711,0.4991,0.340,0.586,0.334,0.113,0.260,0.090,0.000,0.000,23,17,0,0,0.297,0.132,0.202,0.051,0.022,0.015,29,13,8,6
0.124,0.781,0.544,1.42,0.221,0,0.2510,0.4328,0.137,-0.397,0.334,0.113,0.260,0.090,0.000,0.000,23,17,0,0,0.297,0.132,0.202,0.051,0.022,0.015,29,13,8,6
0.112,0.882,0.571,-0.52,0.062,0,0.2399,0.3779,0.212,0.341,0.334,0.113,0.260,0.090,0.000,0.000,23,17,0,0,0.297,0.132,0.202,0.051,0.022,0.015,29,13,8,6
0.120,0.825,0.307,2.53,0.140,0,0.2484,0.3497,0.126,-0.121,0.334,0.113,0.260,0.090,0.000,0.000,23,17,0,0,0.297,0.132,0.202,0.051,0.022,0.015,29,13,8,6
0.110,0.860,0.500,-0.48,0.134,0,0.2738,0.3426,0.290,0.007,0.334,0.113,0.260,0.090,0.000,0.000,23,17,0,0,0.297,0.132,0.202,0.051,0.022,0.015,29,13,8,6
0.085,0.774,0.343,-0.79,0.151,-1,0.3101,0.3534,0.313,0.736,0.334,0.113,0.260,0.090,0.000,0.000,23,17,0,0,0.297,0.132,0.202,0.051,0.022,0.015,29,13,8,6
0.091,0.777,0.267,-0.79,0.151,-1,0.3404,0.3706,0.466,0.736,0.334,0.113,0.260,0.090,0.000,0.000,23,17,0,0,0.297,0.132,0.202,0.051,0.022,0.015,29,13,8,6
0.083,0.758,0.408,-0.42,0.180,0,0.3630,0.3919,0.259,0.318,0.334,0.113,0.260,0.090,0.000,0.000,23,17,0,0,0.297,0.132,0.202,0.051,0.022,0.015,29,13,8,6
0.102,0.702,0.279,1.69,0.290,0,0.3918,0.4190,0.116,-0.697,0.334,0.113,0.260,0.090,0.000,0.000,23,17,0,0,0.297,0.132,0.202,0.051,0.022,0.015,29,13,8,6
0.094,0.745,0.256,0,0.000,0,0.4171,0.4437,0.215,0.166,0.334,0.113,0.260,0.090,0.000,0.000,23,17,0,0,0.297,0.132,0.202,0.051,0.022,0.015,29,13,8,6
0.095,0.792,0.309,-0.52,0.062,0,0.4306,0.4601,0.315,0.341,0.334,0.113,0.260,0.090,0.000,0.000,23,17,0,0,0.297,0.132,0.202,0.051,0.022,0.015,29,13,8,6
0.076,0.761,0.028,1.99,0.186,0,0.4377,0.4669,0.151,-0.326,0.334,0.113,0.260,0.090,0.000,0.000,23,17,0,0,0.297,0.132,0.202,0.051,0.022,0.015,29,13,8,6
0.077,0.817,0.512,1.37,0.298,0,0.4441,0.4719,0.177,-0.510,0.334,0.113,0.260,0.090,0.000,0.000,23,17,0,0,0.297,0.132,0.202,0.051,0.022,0.015,29,13,8,6
0.069,0.783,0.305,-0.52,0.062,0,0.4465,0.4769,0.306,0.341,0.334,0.113,0.260,0.090,0.000,0.000,23,17,0,0,0.297,0.132,0.202,0.051,0.022,0.015,29,13,8,6
0.066,0.352,0.247,-1.1,0.105,-1,0.4510,0.4847,0.368,0.192,0.334,0.113,0.260,0.090,0.000,0.000,23,17,0,0,0.297,0.132,0.202,0.051,0.022,0.015,29,13,8,6
0.079,0.343,0.154,-0.79,0.151,-1,0.4510,0.4900,0.435,0.736,0.334,0.113,0.260,0.090,0.000,0.000,23,17,0,0,0.297,0.132,0.202,0.051,0.022,0.015,29,13,8,6
0.094,0.781,0.534,0.2,0.291,1,0.4443,0.4888,0.406,0.180,0.334,0.113,0.260,0.090,0.000,0.000,23,17,0,0,0.297,0.132,0.202,0.051,0.022,0.015,29,13,8,6
0.143,0.321,0.201,-1.1,0.105,-1,0.4319,0.4833,0.378,0.192,0.334,0.113,0.260,0.090,0.000,0.000,23,17,0,0,0.297,0.132,0.202,0.051,0.022,0.015,29,13,8,6
0.181,0.812,0.455,-1.19,0.219,1,0.4324,0.4852,0.366,0.586,0.334,0.113,0.260,0.090,0.000,0.000,23,17,0,0,0.297,0.132,0.202,0.051,0.022,0.015,29,13,8,6
0.181,0.368,0.129,-1.14,0.131,0,0.4381,0.4880,0.391,0.987,0.334,0.113,0.260,0.090,0.000,0.000,23,17,0,0,0.297,0.132,0.202,0.051,0.022,0.015,29,13,8,6
0.146,0.374,0.273,1.99,0.186,0,0.4406,0.4867,0.244,-0.326,0.334,0.113,0.260,0.090,0.000,0.000,23,17,0,0,0.297,0.132,0.202,0.051,0.022,0.015,29,13,8,6
0.114,0.750,0.311,1.99,0.186,0,0.4565,0.4945,0.196,-0.326,0.334,0.113,0.260,0.090,0.000,0.000,23,17,0,0,0.297,0.132,0.202,0.051,0.022,0.015,29,13,8,6
0.102,0.790,0.500,-0.52,0.062,0,0.4804,0.5094,0.277,0.341,0.334,0.113,0.260,0.090,0.000,0.000,23,17,0,0,0.297,0.132,0.202,0.051,0.022,0.015,29,13,8,6
0.111,0.761,0.440,-1.14,0.131,0,0.4963,0.5178,0.430,0.987,0.334,0.113,0.260,0.090,0.000,0.000,23,17,0,0,0.297,0.132,0.202,0.051,0.022,0.015,29,13,8,6
0.089,0.825,0.638,-0.08,0.108,0,0.4906,0.5099,0.413,0.059,0.334,0.113,0.260,0.090,0.000,0.000,23,17,0,0,0.297,0.132,0.202,0.051,0.022,0.015,29,13,8,6
0.115,0.392,0.397,0.85,0.046,0,0.4783,0.4983,0.134,0.06,0.334,0.113,0.260,0.090,0.000,0.000,23,17,0,0,0.297,0.132,0.202,0.051,0.022,0.015,29,13,8,6
0.140,0.780,0.502,-0.42,0.180,0,0.4582,0.4829,0.354,0.318,0.334,0.113,0.260,0.090,0.000,0.000,23,17,0,0,0.297,0.132,0.202,0.051,0.022,0.015,29,13,8,6
0.136,0.770,0.594,-1.19,0.219,1,0.4318,0.4632,0.493,0.586,0.334,0.113,0.260,0.090,0.000,0.000,23,17,0,0,0.297,0.132,0.202,0.051,0.022,0.015,29,13,8,6
0.120,0.764,0.701,-1.19,0.219,1,0.3973,0.4388,0.318,0.586,0.334,0.113,0.260,0.090,0.000,0.000,23,17,0,0,0.297,0.132,0.202,0.051,0.022,0.015,29,13,8,6
0.096,0.316,0.313,1.69,0.290,0,0.3613,0.4121,0.075,-0.697,0.334,0.113,0.260,0.090,0.000,0.000,23,17,0,0,0.297,0.132,0.202,0.051,0.022,0.015,29,13,8,6
0.106,0.332,0.085,-0.79,0.151,-1,0.3287,0.3862,0.463,0.736,0.334,0.113,0.260,0.090,0.000,0.000,23,17,0,0,0.297,0.132,0.202,0.051,0.022,0.015,29,13,8,6
0.132,0.310,0.226,-0.79,0.151,-1,0.3085,0.3666,0.439,0.736,0.334,0.113,0.260,0.090,0.000,0.000,23,17,0,0,0.297,0.132,0.202,0.051,0.022,0.015,29,13,8,6
0.129,0.709,0.328,1.37,0.298,0,0.2925,0.3500,0.058,-0.510,0.334,0.113,0.260,0.090,0.000,0.000,23,17,0,0,0.297,0.132,0.202,0.051,0.022,0.015,29,13,8,6
0.120,0.766,0.261,-0.42,0.180,0,0.2831,0.3382,0.237,0.318,0.334,0.113,0.260,0.090,0.000,0.000,23,17,0,0,0.297,0.132,0.202,0.051,0.022,0.015,29,13,8,6
0.130,0.763,0.418,-0.48,0.134,0,0.2862,0.3356,0.488,0.007,0.334,0.113,0.260,0.090,0.000,0.000,23,17,0,0,0.297,0.132,0.202,0.051,0.022,0.015,29,13,8,6
0.112,0.803,0.465,-1.19,0.219,1,0.2781,0.3227,0.297,0.586,0.334,0.113,0.260,0.090,0.000,0.000,23,17,0,0,0.297,0.132,0.202,0.051,0.022,0.015,29,13,8,6
0.094,0.701,0.021,1.99,0.186,0,0.2869,0.3216,0.076,-0.326,0.334,0.113,0.260,0.090,0.000,0.000,23,17,0,0,0.297,0.132,0.202,0.051,0.022,0.015,29,13,8,6
0.079,0.767,0.375,0.85,0.046,0,0.3060,0.3281,0.354,0.06,0.334,0.113,0.260,0.090,0.000,0.000,23,17,0,0,0.297,0.132,0.202,0.051,0.022,0.015,29,13,8,6
0.064,0.864,0.608,-0.48,0.134,0,0.3228,0.3321,0.415,0.007,0.334,0.113,0.260,0.090,0.000,0.000,23,17,0,0,0.297,0.132,0.202,0.051,0.022,0.015,29,13,8,6
0.043,0.829,0.171,1.99,0.186,0,0.3481,0.3439,0.046,-0.326,0.334,0.113,0.260,0.090,0.000,0.000,23,17,0,0,0.297,0.132,0.202,0.051,0.022,0.015,29,13,8,6
0.042,0.851,0.575,-0.52,0.062,0,0.3752,0.3610,0.164,0.341,0.334,0.113,0.260,0.090,0.000,0.000,23,17,0,0,0.297,0.132,0.202,0.051,0.022,0.015,29,13,8,6
0.052,0.887,0.616,-1.19,0.219,1,0.3945,0.3733,0.421,0.586,0.334,0.113,0.260,0.090,0.000,0.000,23,17,0,0,0.297,0.132,0.202,0.051,0.022,0.015,29,13,8,6
0.069,0.847,0.137,3.14,0.186,0,0.3911,0.3669,0.113,-0.486,0.334,0.113,0.260,0.090,0.000,0.000,23,17,0,0,0.297,0.132,0.202,0.051,0.022,0.015,29,13,8,6
0.074,0.822,0.017,3.14,0.186,0,0.3888,0.3616,0.055,-0.486,0.334,0.113,0.260,0.090,0.000,0.000,23,17,0,0,0.297,0.132,0.202,0.051,0.022,0.015,29,13,8,6
0.052,0.865,0.464,0.2,0.291,1,0.3936,0.3639,0.324,0.180,0.334,0.113,0.260,0.090,0.000,0.000,23,17,0,0,0.297,0.132,0.202,0.051,0.022,0.015,29,13,8,6
0.060,0.822,0.155,-0.79,0.151,-1,0.3927,0.3611,0.406,0.736,0.334,0.113,0.260,0.090,0.000,0.000,23,17,0,0,0.297,0.132,0.202,0.051,0.022,0.015,29,13,8,6
0.038,0.798,0.381,-0.48,0.134,0,0.3848,0.3518,0.305,0.007,0.334,0.113,0.260,0.090,0.000,0.000,23,17,0,0,0.297,0.132,0.202,0.051,0.022,0.015,29,13,8,6
0.026,0.730,0.179,-0.79,0.151,-1,0.3873,0.3504,0.468,0.736,0.334,0.113,0.260,0.090,0.000,0.000,23,17,0,0,0.297,0.132,0.202,0.051,0.022,0.015,29,13,8,6
0.020,0.810,0.243,0,0.000,0,0.4032,0.3561,0.447,0.166,0.334,0.113,0.260,0.090,0.000,0.000,23,17,0,0,0.297,0.132,0.202,0.051,0.022,0.015,29,13,8,6
0.020,0.859,0.276,-0.48,0.134,0,0.4263,0.3622,0.384,0.007,0.334,0.113,0.260,0.090,0.000,0.000,23,17,0,0,0.297,0.132,0.202,0.051,0.022,0.015,29,13,8,6
0.021,0.793,0.421,-0.79,0.151,-1,0.4378,0.3591,0.452,0.736,0.334,0.113,0.260,0.090,0.000,0.000,23,17,0,0,0.297,0.132,0.202,0.051,0.022,0.015,29,13,8,6
0.020,0.785,0.249,2.53,0.140,0,0.4542,0.3619,0.240,-0.121,0.334,0.113,0.260,0.090,0.000,0.000,23,17,0,0,0.297,0.132,0.202,0.051,0.022,0.015,29,13,8,6
0.016,0.849,0.339,-0.52,0.062,0,0.4801,0.3735,0.254,0.341,0.334,0.113,0.260,0.090,0.000,0.000,23,17,0,0,0.297,0.132,0.202,0.051,0.022,0.015,29,13,8,6
0.016,0.776,0.322,-1.14,0.131,0,0.4848,0.3689,0.270,0.987,0.334,0.113,0.260,0.090,0.000,0.000,23,17,0,0,0.297,0.132,0.202,0.051,0.022,0.015,29,13,8,6
0.016,0.832,0.576,1.76,0.409,0,0.4740,0.3561,0.161,-0.884,0.334,0.113,0.260,0.090,0.000,0.000,23,17,0,0,0.297,0.132,0.202,0.051,0.022,0.015,29,13,8,6
0.013,0.841,0.347,-0.42,0.180,0,0.4537,0.3378,0.370,0.318,0.334,0.113,0.260,0.090,0.000,0.000,23,17,0,0,0.297,0.132,0.202,0.051,0.022,0.015,29,13,8,6
0.021,0.745,0.283,-0.79,0.151,-1,0.4230,0.3128,0.378,0.736,0.334,0.113,0.260,0.090,0.000,0.000,23,17,0,0,0.297,0.132,0.202,0.051,0.022,0.015,29,13,8,6
0.021,0.860,0.323,1.76,0.409,0,0.3791,0.2802,0.105,-0.884,0.334,0.113,0.260,0.090,0.000,0.000,23,17,0,0,0.297,0.132,0.202,0.051,0.022,0.015,29,13,8,6
0.027,0.829,0.246,-0.79,0.151,-1,0.3303,0.2467,0.265,0.736,0.334,0.113,0.260,0.090,0.000,0.000,23,17,0,0,0.297,0.132,0.202,0.051,0.022,0.015,29,13,8,6
0.026,0.891,0.442,-0.48,0.134,0,0.2856,0.2172,0.433,0.007,0.334,0.113,0.260,0.090,0.000,0.000,23,17,0,0,0.297,0.132,0.202,0.051,0.022,0.015,29,13,8,6
0.027,0.801,0.282,0,0.000,0,0.2326,0.1806,0.163,0.166,0.334,0.113,0.260,0.090,0.000,0.000,23,17,0,0,0.297,0.132,0.202,0.051,0.022,0.015,29,13,8,6
0.033,0.747,0.008,1.99,0.186,0,0.1907,0.1517,0.034,-0.326,0.334,0.113,0.260,0.090,0.000,0.000,23,17,0,0,0.297,0.132,0.202,0.051,0.022,0.015,29,13,8,6
0.033,0.886,0.688,0.2,0.291,1,0.1676,0.1374,0.258,0.180,0.334,0.113,0.260,0.090,0.000,0.000,23,17,0,0,0.297,0.132,0.202,0.051,0.022,0.015,29,13,8,6
0.025,0.836,0.381,-0.42,0.180,0,0.1486,0.1252,0.370,0.318,0.334,0.113,0.260,0.090,0.000,0.000,23,17,0,0,0.297,0.132,0.202,0.051,0.022,0.015,29,13,8,6
0.025,0.715,0.014,3.14,0.186,0,0.1282,0.1117,0.061,-0.486,0.334,0.113,0.260,0.090,0.000,0.000,23,17,0,0,0.297,0.132,0.202,0.051,0.022,0.015,29,13,8,6
0.038,0.758,0.109,1.37,0.298,0,0.1149,0.1017,0.048,-0.510,0.334,0.113,0.260,0.090,0.000,0.000,23,17,0,0,0.297,0.132,0.202,0.051,0.022,0.015,29,13,8,6
0.039,0.726,0.503,-1.19,0.219,1,0.1156,0.1030,0.292,0.586,0.334,0.113,0.260,0.090,0.000,0.000,23,17,0,0,0.297,0.132,0.202,0.051,0.022,0.015,29,13,8,6
0.050,0.689,0.126,-0.79,0.151,-1,0.1113,0.0990,0.334,0.736,0.334,0.113,0.260,0.090,0.000,0.000,23,17,0,0,0.297,0.132,0.202,0.051,0.022,0.015,29,13,8,6
0.074,0.736,0.190,1.42,0.221,0,0.1034,0.0930,0.047,-0.397,0.334,0.113,0.260,0.090,0.000,0.000,23,17,0,0,0.297,0.132,0.202,0.051,0.022,0.015,29,13,8,6
0.074,0.254,0.003,3.14,0.186,0,0.0919,0.0856,0.048,-0.486,0.334,0.113,0.260,0.090,0.000,0.000,23,17,0,0,0.297,0.132,0.202,0.051,0.022,0.015,29,13,8,6
0.091,0.706,0.332,1.37,0.298,0,0.1009,0.0950,0.169,-0.510,0.334,0.113,0.260,0.090,0.000,0.000,23,17,0,0,0.297,0.132,0.202,0.051,0.022,0.015,29,13,8,6
0.086,0.776,0.032,-1.1,0.105,-1,0.1220,0.1135,0.292,0.192,0.334,0.113,0.260,0.090,0.000,0.000,23,17,0,0,0.297,0.132,0.202,0.051,0.022,0.015,29,13,8,6
0.107,0.750,0.001,0.85,0.046,0,0.1380,0.1290,0.046,0.06,0.334,0.113,0.260,0.090,0.000,0.000,23,17,0,0,0.297,0.132,0.202,0.051,0.022,0.015,29,13,8,6
0.099,0.748,0.105,1.69,0.290,0,0.1464,0.1359,0.046,-0.697,0.334,0.113,0.260,0.090,0.000,0.000,23,17,0,0,0.297,0.132,0.202,0.051,0.022,0.015,29,13,8,6
0.107,0.773,0.063,-1.1,0.105,-1,0.1612,0.1472,0.321,0.192,0.334,0.113,0.260,0.090,0.000,0.000,23,17,0,0,0.297,0.132,0.202,0.051,0.022,0.015,29,13,8,6
0.089,0.290,0.003,0.85,0.046,0,0.1737,0.1557,0.282,0.06,0.334,0.113,0.260,0.090,0.000,0.000,23,17,0,0,0.297,0.132,0.202,0.051,0.022,0.015,29,13,8,6
0.100,0.739,0.005,1.99,0.186,0,0.1790,0.1591,0.103,-0.326,0.334,0.113,0.260,0.090,0.000,0.000,23,17,0,0,0.297,0.132,0.202,0.051,0.022,0.015,29,13,8,6
0.086,0.841,0.031,0,0.000,0,0.1870,0.1640,0.310,0.166,0.334,0.113,0.260,0.090,0.000,0.000,23,17,0,0,0.297,0.132,0.202,0.051,0.022,0.015,29,13,8,6
0.087,0.344,0.061,2.53,0.140,0,0.1918,0.1652,0.207,-0.121,0.334,0.113,0.260,0.090,0.000,0.000,23,17,0,0,0.297,0.132,0.202,0.051,0.022,0.015,29,13,8,6
0.084,0.725,0.026,-0.79,0.151,-1,0.1907,0.1594,0.430,0.736,0.334,0.113,0.260,0.090,0.000,0.000,23,17,0,0,0.297,0.132,0.202,0.051,0.022,0.015,29,13,8,6
0.088,0.403,0.126,1.42,0.221,0,0.1974,0.1602,0.105,-0.397,0.334,0.113,0.260,0.090,0.000,0.000,23,17,0,0,0.297,0.132,0.202,0.051,0.022,0.015,29,13,8,6
0.104,0.397,0.134,-1.14,0.131,0,0.1989,0.1543,0.217,0.987,0.334,0.113,0.260,0.090,0.000,0.000,23,17,0,0,0.297,0.132,0.202,0.051,0.022,0.015,29,13,8,6
0.108,0.739,0.551,-1.19,0.219,1,0.2115,0.1587,0.480,0.586,0.334,0.113,0.260,0.090,0.000,0.000,23,17,0,0,0.297,0.132,0.202,0.051,0.022,0.015,29,13,8,6
0.108,0.352,0.244,-1.1,0.105,-1,0.2272,0.1615,0.355,0.192,0.334,0.113,0.260,0.090,0.000,0.000,23,17,0,0,0.297,0.132,0.202,0.051,0.022,0.015,29,13,8,6
0.161,0.272,0.027,1.42,0.221,0,0.2540,0.1740,0.076,-0.397,0.334,0.113,0.260,0.090,0.000,0.000,23,17,0,0,0.297,0.132,0.202,0.051,0.022,0.015,29,13,8,6
0.168,0.724,0.383,-0.79,0.151,-1,0.2850,0.1897,0.220,0.736,0.334,0.113,0.260,0.090,0.000,0.000,23,17,0,0,0.297,0.132,0.202,0.051,0.022,0.015,29,13,8,6
0.162,0.765,0.074,2.53,0.140,0,0.3132,0.2053,0.137,-0.121,0.334,0.113,0.260,0.090,0.000,0.000,23,17,0,0,0.297,0.132,0.202,0.051,0.022,0.015,29,13,8,6
0.164,0.827,0.701,0.22,0.230,0,0.3223,0.2083,0.200,0.303,0.334,0.113,0.260,0.090,0.000,0.000,23,17,0,0,0.297,0.132,0.202,0.051,0.022,0.015,29,13,8,6
0.153,0.776,0.467,1.69,0.290,0,0.3415,0.2189,0.064,-0.697,0.334,0.113,0.260,0.090,0.000,0.000,23,17,0,0,0.297,0.132,0.202,0.051,0.022,0.015,29,13,8,6
0.125,0.758,0.415,0.85,0.046,0,0.3581,0.2279,0.149,0.06,0.334,0.113,0.260,0.090,0.000,0.000,23,17,0,0,0.297,0.132,0.202,0.051,0.022,0.015,29,13,8,6
0.137,0.773,0.660,0,0.000,0,0.3703,0.2345,0.165,0.166,0.334,0.113,0.260,0.090,0.000,0.000,23,17,0,0,0.297,0.132,0.202,0.051,0.022,0.015,29,13,8,6
0.138,0.801,0.638,-0.52,0.062,0,0.3584,0.2231,0.175,0.341,0.334,0.113,0.260,0.090,0.000,0.000,23,17,0,0,0.297,0.132,0.202,0.051,0.022,0.015,29,13,8,6
0.139,0.751,0.323,1.99,0.186,0,0.3378,0.2064,0.117,-0.326,0.334,0.113,0.260,0.090,0.000,0.000,23,17,0,0,0.297,0.132,0.202,0.051,0.022,0.015,29,13,8,6
0.112,0.754,0.412,0.85,0.046,0,0.3110,0.1856,0.170,0.06,0.334,0.113,0.260,0.090,0.000,0.000,23,17,0,0,0.297,0.132,0.202,0.051,0.022,0.015,29,13,8,6
0.112,0.809,0.713,-1.19,0.219,1,0.2736,0.1587,0.400,0.586,0.334,0.113,0.260,0.090,0.000,0.000,23,17,0,0,0.297,0.132,0.202,0.051,0.022,0.015,29,13,8,6
0.108,0.732,0.317,0.85,0.046,0,0.2352,0.1340,0.213,0.06,0.334,0.113,0.260,0.090,0.000,0.000,23,17,0,0,0.297,0.132,0.202,0.051,0.022,0.015,29,13,8,6
0.109,0.751,0.382,-0.42,0.180,0,0.1941,0.1067,0.277,0.318,0.334,0.113,0.260,0.090,0.000,0.000,23,17,0,0,0.297,0.132,0.202,0.051,0.022,0.015,29,13,8,6
0.109,0.297,0.322,0.85,0.046,0,0.1673,0.0890,0.249,0.06,0.334,0.113,0.260,0.090,0.000,0.000,23,17,0,0,0.297,0.132,0.202,0.051,0.022,0.015,29,13,8,6
0.099,0.762,0.368,-0.08,0.108,0,0.1562,0.0836,0.333,0.059,0.334,0.113,0.260,0.090,0.000,0.000,23,17,0,0,0.297,0.132,0.202,0.051,0.022,0.015,29,13,8,6
0.120,0.356,0.112,-0.79,0.151,-1,0.1484,0.0769,0.427,0.736,0.334,0.113,0.260,0.090,0.000,0.000,23,17,0,0,0.297,0.132,0.202,0.051,0.022,0.015,29,13,8,6
0.148,0.721,0.353,1.37,0.298,0,0.1640,0.0876,0.165,-0.510,0.334,0.113,0.260,0.090,0.000,0.000,23,17,0,0,0.297,0.132,0.202,0.051,0.022,0.015,29,13,8,6
0.123,0.706,0.113,-0.52,0.062,0,0.1873,0.0998,0.286,0.341,0.334,0.113,0.260,0.090,0.000,0.000,23,17,0,0,0.297,0.132,0.202,0.051,0.022,0.015,29,13,8,6
0.112,0.413,0.073,-1.1,0.105,-1,0.2124,0.1115,0.388,0.192,0.334,0.113,0.260,0.090,0.000,0.000,23,17,0,0,0.297,0.132,0.202,0.051,0.022,0.015,29,13,8,6
0.092,0.290,0.002,1.99,0.186,0,0.2347,0.1225,0.111,-0.326,0.334,0.113,0.260,0.090,0.000,0.000,23,17,0,0,0.297,0.132,0.202,0.051,0.022,0.015,29,13,8,6
0.087,0.366,0.235,-1.1,0.105,-1,0.2567,0.1344,0.218,0.192,0.334,0.113,0.260,0.090,0.000,0.000,23,17,0,0,0.297,0.132,0.202,0.051,0.022,0.015,29,13,8,6
0.068,0.429,0.018,0.85,0.046,0,0.2653,0.1389,0.077,0.06,0.334,0.113,0.260,0.090,0.000,0.000,23,17,0,0,0.297,0.132,0.202,0.051,0.022,0.015,29,13,8,6
0.085,0.694,0.130,1.69,0.290,0,0.2625,0.1374,0.072,-0.697,0.334,0.113,0.260,0.090,0.000,0.000,23,17,0,0,0.297,0.132,0.202,0.051,0.022,0.015,29,13,8,6
0.109,0.397,0.005,2.53,0.140,0,0.2513,0.1309,0.071,-0.121,0.334,0.113,0.260,0.090,0.000,0.000,23,17,0,0,0.297,0.132,0.202,0.051,0.022,0.015,29,13,8,6
0.109,0.423,0.143,3.14,0.186,0,0.2415,0.1255,0.074,-0.486,0.334,0.113,0.260,0.090,0.000,0.000,23,17,0,0,0.297,0.132,0.202,0.051,0.022,0.015,29,13,8,6
0.141,0.514,0.136,2.53,0.140,0,0.2175,0.1133,0.079,-0.121,0.334,0.113,0.260,0.090,0.000,0.000,23,17,0,0,0.297,0.132,0.202,0.051,0.022,0.015,29,13,8,6
0.165,0.793,0.419,-1.19,0.219,1,0.1914,0.1009,0.256,0.586,0.334,0.113,0.260,0.090,0.000,0.000,23,17,0,0,0.297,0.132,0.202,0.051,0.022,0.015,29,13,8,6
0.183,0.689,0.442,-0.48,0.134,0,0.1727,0.0933,0.306,0.007,0.334,0.113,0.260,0.090,0.000,0.000,23,17,0,0,0.297,0.132,0.202,0.051,0.022,0.015,29,13,8,6
0.146,0.515,0.254,-1.1,0.105,-1,0.1609,0.0881,0.371,0.192,0.334,0.113,0.260,0.090,0.000,0.000,23,17,0,0,0.297,0.132,0.202,0.051,0.022,0.015,29,13,8,6
0.146,0.501,0.064,-0.79,0.151,-1,0.1470,0.0799,0.547,0.736,0.334,0.113,0.260,0.090,0.000,0.000,23,17,0,0,0.297,0.132,0.202,0.051,0.022,0.015,29,13,8,6
0.147,0.505,0.041,-1.1,0.105,-1,0.1384,0.0722,0.325,0.192,0.334,0.113,0.260,0.090,0.000,0.000,23,17,0,0,0.297,0.132,0.202,0.051,0.022,0.015,29,13,8,6
0.152,0.464,0.001,3.14,0.186,0,0.1546,0.0779,0.115,-0.486,0.334,0.113,0.260,0.090,0.000,0.000,23,17,0,0,0.297,0.132,0.202,0.051,0.022,0.015,29,13,8,6
0.129,0.830,0.377,-1.19,0.219,1,0.1775,0.0876,0.518,0.586,0.334,0.113,0.260,0.090,0.000,0.000,23,17,0,0,0.297,0.132,0.202,0.051,0.022,0.015,29,13,8,6
0.132,0.808,0.442,-1.19,0.219,1,0.2069,0.1025,0.444,0.586,0.334,0.113,0.260,0.090,0.000,0.000,23,17,0,0,0.297,0.132,0.202,0.051,0.022,0.015,29,13,8,6
0.132,0.485,0.218,2.53,0.140,0,0.2317,0.1155,0.078,-0.121,0.334,0.113,0.260,0.090,0.000,0.000,23,17,0,0,0.297,0.132,0.202,0.051,0.022,0.015,29,13,8,6
0.139,0.860,0.580,-1.19,0.219,1,0.2484,0.1259,0.333,0.586,0.334,0.113,0.260,0.090,0.000,0.000,23,17,0,0,0.297,0.132,0.202,0.051,0.022,0.015,29,13,8,6
0.134,0.777,0.421,-1.14,0.131,0,0.2498,0.1286,0.340,0.987,0.334,0.113,0.260,0.090,0.000,0.000,23,17,0,0,0.297,0.132,0.202,0.051,0.022,0.015,29,13,8,6
0.113,0.521,0.263,2.53,0.140,0,0.2303,0.1207,0.092,-0.121,0.334,0.113,0.260,0.090,0.000,0.000,23,17,0,0,0.297,0.132,0.202,0.051,0.022,0.015,29,13,8,6
0.130,0.720,0.315,1.69,0.290,0,0.2116,0.1148,0.069,-0.697,0.334,0.113,0.260,0.090,0.000,0.000,23,17,0,0,0.297,0.132,0.202,0.051,0.022,0.015,29,13,8,6
0.111,0.716,0.206,-1.1,0.105,-1,0.1927,0.1104,0.382,0.192,0.334,0.113,0.260,0.090,0.000,0.000,23,17,0,0,0.297,0.132,0.202,0.051,0.022,0.015,29,13,8,6
0.130,0.707,0.057,0.85,0.046,0,0.1673,0.1015,0.124,0.06,0.334,0.113,0.260,0.090,0.000,0.000,23,17,0,0,0.297,0.132,0.202,0.051,0.022,0.015,29,13,8,6
0.136,0.743,0.003,1.99,0.186,0,0.1359,0.0855,0.052,-0.326,0.334,0.113,0.260,0.090,0.000,0.000,23,17,0,0,0.297,0.132,0.202,0.051,0.022,0.015,29,13,8,6
0.146,0.896,0.421,-0.48,0.134,0,0.1213,0.0786,0.187,0.007,0.334,0.113,0.260,0.090,0.000,0.000,23,17,0,0,0.297,0.132,0.202,0.051,0.022,0.015,29,13,8,6
0.100,0.892,0.545,-0.48,0.134,0,0.1115,0.0742,0.328,0.007,0.334,0.113,0.260,0.090,0.000,0.000,23,17,0,0,0.297,0.132,0.202,0.051,0.022,0.015,29,13,8,6
0.077,0.786,0.033,1.99,0.186,0,0.1174,0.0799,0.063,-0.326,0.334,0.113,0.260,0.090,0.000,0.000,23,17,0,0,0.297,0.132,0.202,0.051,0.022,0.015,29,13,8,6
0.075,0.836,0.014,2.1,0.128,0,0.1381,0.0960,0.036,0.02,0.334,0.113,0.260,0.090,0.000,0.000,23,17,0,0,0.297,0.132,0.202,0.051,0.022,0.015,29,13,8,6
0.053,0.863,0.464,-0.42,0.180,0,0.1598,0.1126,0.315,0.318,0.334,0.113,0.260,0.090,0.000,0.000,23,17,0,0,0.297,0.132,0.202,0.051,0.022,0.015,29,13,8,6
0.053,0.858,0.533,0.2,0.291,1,0.1687,0.1188,0.252,0.180,0.334,0.113,0.260,0.090,0.000,0.000,23,17,0,0,0.297,0.132,0.202,0.051,0.022,0.015,29,13,8,6
0.051,0.773,0.094,3.14,0.186,0,0.1637,0.1134,0.052,-0.486,0.334,0.113,0.260,0.090,0.000,0.000,23,17,0,0,0.297,0.132,0.202,0.051,0.022,0.015,29,13,8,6
0.060,0.811,0.337,1.69,0.290,0,0.1667,0.1139,0.074,-0.697,0.334,0.113,0.260,0.090,0.000,0.000,23,17,0,0,0.297,0.132,0.202,0.051,0.022,0.015,29,13,8,6
0.061,0.829,0.320,-0.08,0.108,0,0.1854,0.1307,0.267,0.059,0.334,0.113,0.260,0.090,0.000,0.000,23,17,0,0,0.297,0.132,0.202,0.051,0.022,0.015,29,13,8,6
0.062,0.737,0.260,0.85,0.046,0,0.2142,0.1565,0.145,0.06,0.334,0.113,0.260,0.090,0.000,0.000,23,17,0,0,0.297,0.132,0.202,0.051,0.022,0.015,29,13,8,6
0.060,0.782,0.358,-0.52,0.062,0,0.2323,0.1772,0.191,0.341,0.334,0.113,0.260,0.090,0.000,0.000,23,17,0,0,0.297,0.132,0.202,0.051,0.022,0.015,29,13,8,6
0.060,0.795,0.378,-0.48,0.134,0,0.2437,0.1940,0.279,0.007,0.334,0.113,0.260,0.090,0.000,0.000,23,17,0,0,0.297,0.132,0.202,0.051,0.022,0.015,29,13,8,6
0.069,0.780,0.251,-0.42,0.180,0,0.2449,0.2032,0.309,0.318,0.334,0.113,0.260,0.090,0.000,0.000,23,17,0,0,0.297,0.132,0.202,0.051,0.022,0.015,29,13,8,6
0.073,0.429,0.006,3.14,0.186,0,0.2366,0.2053,0.128,-0.486,0.334,0.113,0.260,0.090,0.000,0.000,23,17,0,0,0.297,0.132,0.202,0.051,0.022,0.015,29,13,8,6
0.073,0.547,0.357,1.37,0.298,0,0.2391,0.2143,0.148,-0.510,0.334,0.113,0.260,0.090,0.000,0.000,23,17,0,0,0.297,0.132,0.202,0.051,0.022,0.015,29,13,8,6
0.076,0.377,0.097,-1.14,0.131,0,0.2707,0.2451,0.234,0.987,0.334,0.113,0.260,0.090,0.000,0.000,23,17,0,0,0.297,0.132,0.202,0.051,0.022,0.015,29,13,8,6
0.071,0.341,0.110,-1.1,0.105,-1,0.3093,0.2783,0.271,0.192,0.334,0.113,0.260,0.090,0.000,0.000,23,17,0,0,0.297,0.132,0.202,0.051,0.022,0.015,29,13,8,6
0.074,0.353,0.213,-1.14,0.131,0,0.3230,0.2890,0.229,0.987,0.334,0.113,0.260,0.090,0.000,0.000,23,17,0,0,0.297,0.132,0.202,0.051,0.022,0.015,29,13,8,6
0.086,0.374,0.202,3.14,0.186,0,0.3433,0.3064,0.164,-0.486,0.334,0.113,0.260,0.090,0.000,0.000,23,17,0,0,0.297,0.132,0.202,0.051,0.022,0.015,29,13,8,6
0.086,0.428,0.308,0,0.000,0,0.3588,0.3206,0.190,0.166,0.334,0.113,0.260,0.090,0.000,0.000,23,17,0,0,0.297,0.132,0.202,0.051,0.022,0.015,29,13,8,6
0.082,0.414,0.394,3.14,0.186,0,0.3733,0.3364,0.107,-0.486,0.334,0.113,0.260,0.090,0.000,0.000,23,17,0,0,0.297,0.132,0.202,0.051,0.022,0.015,29,13,8,6
0.075,0.779,0.587,-0.48,0.134,0,0.3735,0.3422,0.204,0.007,0.334,0.113,0.260,0.090,0.000,0.000,23,17,0,0,0.297,0.132,0.202,0.051,0.022,0.015,29,13,8,6
0.089,0.720,0.321,-1.14,0.131,0,0.3702,0.3471,0.188,0.987,0.334,0.113,0.260,0.090,0.000,0.000,23,17,0,0,0.297,0.132,0.202,0.051,0.022,0.015,29,13,8,6
0.075,0.824,0.485,-0.52,0.062,0,0.3507,0.3375,0.233,0.341,0.334,0.113,0.260,0.090,0.000,0.000,23,17,0,0,0.297,0.132,0.202,0.051,0.022,0.015,29,13,8,6
0.079,0.820,0.666,0.2,0.291,1,0.3140,0.3107,0.235,0.180,0.334,0.113,0.260,0.090,0.000,0.000,23,17,0,0,0.297,0.132,0.202,0.051,0.022,0.015,29,13,8,6
0.092,0.715,0.238,1.99,0.186,0,0.2766,0.2824,0.102,-0.326,0.334,0.113,0.260,0.090,0.000,0.000,23,17,0,0,0.297,0.132,0.202,0.051,0.022,0.015,29,13,8,6
0.096,0.339,0.408,3.14,0.186,0,0.2611,0.2738,0.131,-0.486,0.334,0.113,0.260,0.090,0.000,0.000,23,17,0,0,0.297,0.132,0.202,0.051,0.022,0.015,29,13,8,6
0.125,0.402,0.443,0,0.000,0,0.2584,0.2757,0.153,0.166,0.334,0.113,0.260,0.090,0.000,0.000,23,17,0,0,0.297,0.132,0.202,0.051,0.022,0.015,29,13,8,6
0.125,0.734,0.482,-0.08,0.108,0,0.2585,0.2818,0.120,0.059,0.334,0.113,0.260,0.090,0.000,0.000,23,17,0,0,0.297,0.132,0.202,0.051,0.022,0.015,29,13,8,6
0.131,0.312,0.339,-1.14,0.131,0,0.2524,0.2801,0.182,0.987,0.334,0.113,0.260,0.090,0.000,0.000,23,17,0,0,0.297,0.132,0.202,0.051,0.022,0.015,29,13,8,6
0.134,0.301,0.401,-1.1,0.105,-1,0.2402,0.2731,0.369,0.192,0.334,0.113,0.260,0.090,0.000,0.000,23,17,0,0,0.297,0.132,0.202,0.051,0.022,0.015,29,13,8,6
0.137,0.717,0.218,-1.1,0.105,-1,0.2215,0.2593,0.210,0.192,0.334,0.113,0.260,0.090,0.000,0.000,23,17,0,0,0.297,0.132,0.202,0.051,0.022,0.015,29,13,8,6
0.162,0.297,0.004,1.99,0.186,0,0.2048,0.2462,0.047,-0.326,0.334,0.113,0.260,0.090,0.000,0.000,23,17,0,0,0.297,0.132,0.202,0.051,0.022,0.015,29,13,8,6
0.162,0.277,0.224,1.69,0.290,0,0.2107,0.2508,0.100,-0.697,0.334,0.113,0.260,0.090,0.000,0.000,23,17,0,0,0.297,0.132,0.202,0.051,0.022,0.015,29,13,8,6
0.155,0.284,0.103,0,0.000,0,0.2241,0.2617,0.224,0.166,0.334,0.113,0.260,0.090,0.000,0.000,23,17,0,0,0.297,0.132,0.202,0.051,0.022,0.015,29,13,8,6
0.122,0.283,0.181,1.42,0.221,0,0.2275,0.2611,0.112,-0.397,0.334,0.113,0.260,0.090,0.000,0.000,23,17,0,0,0.297,0.132,0.202,0.051,0.022,0.015,29,13,8,6
0.123,0.276,0.010,1.99,0.186,0,0.2236,0.2550,0.057,-0.326,0.334,0.113,0.260,0.090,0.000,0.000,23,17,0,0,0.297,0.132,0.202,0.051,0.022,0.015,29,13,8,6
0.120,0.377,0.432,-1.19,0.219,1,0.2195,0.2492,0.360,0.586,0.334,0.113,0.260,0.090,0.000,0.000,23,17,0,0,0.297,0.132,0.202,0.051,0.022,0.015,29,13,8,6
0.119,0.339,0.343,-1.1,0.105,-1,0.2129,0.2437,0.405,0.192,0.334,0.113,0.260,0.090,0.000,0.000,23,17,0,0,0.297,0.132,0.202,0.051,0.022,0.015,29,13,8,6
0.130,0.368,0.178,0,0.000,0,0.1918,0.2266,0.173,0.166,0.334,0.113,0.260,0.090,0.000,0.000,23,17,0,0,0.297,0.132,0.202,0.051,0.022,0.015,29,13,8,6
0.143,0.310,0.244,1.42,0.221,0,0.1800,0.2183,0.129,-0.397,0.334,0.113,0.260,0.090,0.000,0.000,23,17,0,0,0.297,0.132,0.202,0.051,0.022,0.015,29,13,8,6
0.145,0.297,0.190,2.53,0.140,0,0.1676,0.2097,0.144,-0.121,0.334,0.113,0.260,0.090,0.000,0.000,23,17,0,0,0.297,0.132,0.202,0.051,0.022,0.015,29,13,8,6
0.150,0.291,0.094,0.85,0.046,0,0.1582,0.2001,0.228,0.06,0.334,0.113,0.260,0.090,0.000,0.000,23,17,0,0,0.297,0.132,0.202,0.051,0.022,0.015,29,13,8,6
0.143,0.308,0.326,-1.1,0.105,-1,0.1608,0.1993,0.213,0.192,0.334,0.113,0.260,0.090,0.000,0.000,23,17,0,0,0.297,0.132,0.202,0.051,0.022,0.015,29,13,8,6
0.181,0.253,0.003,2.53,0.140,0,0.1694,0.2048,0.070,-0.121,0.334,0.113,0.260,0.090,0.000,0.000,23,17,0,0,0.297,0.132,0.202,0.051,0.022,0.015,29,13,8,6
0.216,0.336,0.295,-0.79,0.151,-1,0.1913,0.2210,0.254,0.736,0.334,0.113,0.260,0.090,0.000,0.000,23,17,0,0,0.297,0.132,0.202,0.051,0.022,0.015,29,13,8,6
0.199,0.356,0.092,0.85,0.046,0,0.2261,0.2474,0.157,0.06,0.334,0.113,0.260,0.090,0.000,0.000,23,17,0,0,0.297,0.132,0.202,0.051,0.022,0.015,29,13,8,6
0.200,0.475,0.348,-0.08,0.108,0,0.2449,0.2602,0.133,0.059,0.334,0.113,0.260,0.090,0.000,0.000,23,17,0,0,0.297,0.132,0.202,0.051,0.022,0.015,29,13,8,6
0.163,0.380,0.022,0.85,0.046,0,0.2509,0.2646,0.065,0.06,0.334,0.113,0.260,0.090,0.000,0.000,23,17,0,0,0.297,0.132,0.202,0.051,0.022,0.015,29,13,8,6
0.163,0.433,0.286,1.42,0.221,0,0.2512,0.2629,0.112,-0.397,0.334,0.113,0.260,0.090,0.000,0.000,23,17,0,0,0.297,0.132,0.202,0.051,0.022,0.015,29,13,8,6
0.166,0.526,0.385,-0.52,0.062,0,0.2446,0.2547,0.196,0.341,0.334,0.113,0.260,0.090,0.000,0.000,23,17,0,0,0.297,0.132,0.202,0.051,0.022,0.015,29,13,8,6
0.143,0.346,0.041,3.14,0.186,0,0.2358,0.2441,0.112,-0.486,0.334,0.113,0.260,0.090,0.000,0.000,23,17,0,0,0.297,0.132,0.202,0.051,0.022,0.015,29,13,8,6
0.117,0.353,0.025,1.99,0.186,0,0.2285,0.2360,0.111,-0.326,0.334,0.113,0.260,0.090,0.000,0.000,23,17,0,0,0.297,0.132,0.202,0.051,0.022,0.015,29,13,8,6
0.115,0.734,0.229,-0.08,0.108,0,0.2379,0.2424,0.242,0.059,0.334,0.113,0.260,0.090,0.000,0.000,23,17,0,0,0.297,0.132,0.202,0.051,0.022,0.015,29,13,8,6
0.123,0.691,0.413,-0.52,0.062,0,0.2485,0.2505,0.303,0.341,0.334,0.113,0.260,0.090,0.000,0.000,23,17,0,0,0.297,0.132,0.202,0.051,0.022,0.015,29,13,8,6
0.100,0.810,0.448,-1.19,0.219,1,0.2583,0.2583,0.346,0.586,0.334,0.113,0.260,0.090,0.000,0.000,23,17,0,0,0.297,0.132,0.202,0.051,0.022,0.015,29,13,8,6
0.100,0.747,0.225,-1.14,0.131,0,0.2625,0.2621,0.322,0.987,0.334,0.113,0.260,0.090,0.000,0.000,23,17,0,0,0.297,0.132,0.202,0.051,0.022,0.015,29,13,8,6
0.099,0.382,0.203,2.53,0.140,0,0.2598,0.2605,0.202,-0.121,0.334,0.113,0.260,0.090,0.000,0.000,23,17,0,0,0.297,0.132,0.202,0.051,0.022,0.015,29,13,8,6
0.108,0.712,0.189,1.99,0.186,0,0.2583,0.2596,0.155,-0.326,0.334,0.113,0.260,0.090,0.000,0.000,23,17,0,0,0.297,0.132,0.202,0.051,0.022,0.015,29,13,8,6
0.103,0.735,0.417,-1.14,0.131,0,0.2750,0.2726,0.262,0.987,0.334,0.113,0.260,0.090,0.000,0.000,23,17,0,0,0.297,0.132,0.202,0.051,0.022,0.015,29,13,8,6
0.123,0.807,0.752,0.2,0.291,1,0.2992,0.2889,0.274,0.180,0.334,0.113,0.260,0.090,0.000,0.000,23,17,0,0,0.297,0.132,0.202,0.051,0.022,0.015,29,13,8,6
0.114,0.354,0.612,1.37,0.298,0,0.3216,0.3048,0.274,-0.510,0.334,0.113,0.260,0.090,0.000,0.000,23,17,0,0,0.297,0.132,0.202,0.051,0.022,0.015,29,13,8,6
0.144,0.267,0.202,-0.79,0.151,-1,0.3364,0.3152,0.406,0.736,0.334,0.113,0.260,0.090,0.000,0.000,23,17,0,0,0.297,0.132,0.202,0.051,0.022,0.015,29,13,8,6
0.140,0.259,0.212,1.99,0.186,0,0.3657,0.3387,0.143,-0.326,0.334,0.113,0.260,0.090,0.000,0.000,23,17,0,0,0.297,0.132,0.202,0.051,0.022,0.015,29,13,8,6
0.121,0.195,0.404,0,0.000,0,0.3924,0.3606,0.170,0.166,0.334,0.113,0.260,0.090,0.000,0.000,23,17,0,0,0.297,0.132,0.202,0.051,0.022,0.015,29,13,8,6
0.110,0.250,0.161,-0.79,0.151,-1,0.4124,0.3782,0.498,0.736,0.334,0.113,0.260,0.090,0.000,0.000,23,17,0,0,0.297,0.132,0.202,0.051,0.022,0.015,29,13,8,6
0.093,0.236,0.005,-0.79,0.151,-1,0.4161,0.3841,0.427,0.736,0.334,0.113,0.260,0.090,0.000,0.000,23,17,0,0,0.297,0.132,0.202,0.051,0.022,0.015,29,13,8,6
0.080,0.219,0.006,1.99,0.186,0,0.4092,0.3832,0.057,-0.326,0.334,0.113,0.260,0.090,0.000,0.000,23,17,0,0,0.297,0.132,0.202,0.051,0.022,0.015,29,13,8,6
0.084,0.792,0.600,0.2,0.291,1,0.4062,0.3841,0.283,0.180,0.334,0.113,0.260,0.090,0.000,0.000,23,17,0,0,0.297,0.132,0.202,0.051,0.022,0.015,29,13,8,6
0.071,0.265,0.049,-1.1,0.105,-1,0.4146,0.3919,0.473,0.192,0.334,0.113,0.260,0.090,0.000,0.000,23,17,0,0,0.297,0.132,0.202,0.051,0.022,0.015,29,13,8,6
0.078,0.698,0.157,-1.19,0.219,1,0.4112,0.3884,0.358,0.586,0.334,0.113,0.260,0.090,0.000,0.000,23,17,0,0,0.297,0.132,0.202,0.051,0.022,0.015,29,13,8,6
0.074,0.273,0.001,3.14,0.186,0,0.4145,0.3902,0.095,-0.486,0.334,0.113,0.260,0.090,0.000,0.000,23,17,0,0,0.297,0.132,0.202,0.051,0.022,0.015,29,13,8,6
0.088,0.811,0.330,-1.19,0.219,1,0.4169,0.3917,0.484,0.586,0.334,0.113,0.260,0.090,0.000,0.000,23,17,0,0,0.297,0.132,0.202,0.051,0.022,0.015,29,13,8,6
0.110,0.764,0.338,-0.42,0.180,0,0.4217,0.3955,0.536,0.318,0.334,0.113,0.260,0.090,0.000,0.000,23,17,0,0,0.297,0.132,0.202,0.051,0.022,0.015,29,13,8,6
0.136,0.705,0.419,-0.79,0.151,-1,0.4173,0.3922,0.302,0.736,0.334,0.113,0.260,0.090,0.000,0.000,23,17,0,0,0.297,0.132,0.202,0.051,0.022,0.015,29,13,8,6
0.164,0.800,0.320,-1.14,0.131,0,0.3919,0.3730,0.369,0.987,0.334,0.113,0.260,0.090,0.000,0.000,23,17,0,0,0.297,0.132,0.202,0.051,0.022,0.015,29,13,8,6
0.166,0.819,0.722,-0.52,0.062,0,0.3607,0.3516,0.375,0.341,0.334,0.113,0.260,0.090,0.000,0.000,23,17,0,0,0.297,0.132,0.202,0.051,0.022,0.015,29,13,8,6
0.181,0.783,0.583,1.69,0.290,0,0.3429,0.3406,0.140,-0.697,0.334,0.113,0.260,0.090,0.000,0.000,23,17,0,0,0.297,0.132,0.202,0.051,0.022,0.015,29,13,8,6
0.155,0.880,0.526,-0.52,0.062,0,0.3321,0.3354,0.307,0.341,0.334,0.113,0.260,0.090,0.000,0.000,23,17,0,0,0.297,0.132,0.202,0.051,0.022,0.015,29,13,8,6
0.183,0.847,0.643,-0.48,0.134,0,0.3126,0.3223,0.286,0.007,0.334,0.113,0.260,0.090,0.000,0.000,23,17,0,0,0.297,0.132,0.202,0.051,0.022,0.015,29,13,8,6
0.191,0.829,0.567,1.42,0.221,0,0.2860,0.3018,0.137,-0.397,0.334,0.113,0.260,0.090,0.000,0.000,23,17,0,0,0.297,0.132,0.202,0.051,0.022,0.015,29,13,8,6
0.153,0.825,0.424,2.53,0.140,0,0.2660,0.2860,0.227,-0.121,0.334,0.113,0.260,0.090,0.000,0.000,23,17,0,0,0.297,0.132,0.202,0.051,0.022,0.015,29,13,8,6
0.191,0.821,0.640,-0.52,0.062,0,0.2446,0.2654,0.237,0.341,0.334,0.113,0.260,0.090,0.000,0.000,23,17,0,0,0.297,0.132,0.202,0.051,0.022,0.015,29,13,8,6
0.151,0.771,0.406,0.85,0.046,0,0.2389,0.2574,0.090,0.06,0.334,0.113,0.260,0.090,0.000,0.000,23,17,0,0,0.297,0.132,0.202,0.051,0.022,0.015,29,13,8,6
0.129,0.864,0.689,-1.19,0.219,1,0.2218,0.2376,0.282,0.586,0.334,0.113,0.260,0.090,0.000,0.000,23,17,0,0,0.297,0.132,0.202,0.051,0.022,0.015,29,13,8,6
0.150,0.855,0.745,-1.19,0.219,1,0.2011,0.2169,0.422,0.586,0.334,0.113,0.260,0.090,0.000,0.000,23,17,0,0,0.297,0.132,0.202,0.051,0.022,0.015,29,13,8,6
0.157,0.794,0.641,1.69,0.290,0,0.1950,0.2075,0.100,-0.697,0.334,0.113,0.260,0.090,0.000,0.000,23,17,0,0,0.297,0.132,0.202,0.051,0.022,0.015,29,13,8,6
0.143,0.836,0.449,1.37,0.298,0,0.2085,0.2125,0.107,-0.510,0.334,0.113,0.260,0.090,0.000,0.000,23,17,0,0,0.297,0.132,0.202,0.051,0.022,0.015,29,13,8,6
0.210,0.793,0.552,-0.48,0.134,0,0.2325,0.2244,0.293,0.007,0.334,0.113,0.260,0.090,0.000,0.000,23,17,0,0,0.297,0.132,0.202,0.051,0.022,0.015,29,13,8,6
0.166,0.816,0.652,-1.19,0.219,1,0.2545,0.2348,0.396,0.586,0.334,0.113,0.260,0.090,0.000,0.000,23,17,0,0,0.297,0.132,0.202,0.051,0.022,0.015,29,13,8,6
0.197,0.435,0.172,0.85,0.046,0,0.2650,0.2377,0.120,0.06,0.334,0.113,0.260,0.090,0.000,0.000,23,17,0,0,0.297,0.132,0.202,0.051,0.022,0.015,29,13,8,6
0.191,0.415,0.002,3.14,0.186,0,0.2771,0.2414,0.104,-0.486,0.334,0.113,0.260,0.090,0.000,0.000,23,17,0,0,0.297,0.132,0.202,0.051,0.022,0.015,29,13,8,6
0.158,0.802,0.355,-1.19,0.219,1,0.2860,0.2415,0.518,0.586,0.334,0.113,0.260,0.090,0.000,0.000,23,17,0,0,0.297,0.132,0.202,0.051,0.022,0.015,29,13,8,6
0.150,0.472,0.044,-1.1,0.105,-1,0.2884,0.2360,0.367,0.192,0.334,0.113,0.260,0.090,0.000,0.000,23,17,0,0,0.297,0.132,0.202,0.051,0.022,0.015,29,13,8,6
0.149,0.707,0.103,1.69,0.290,0,0.2883,0.2293,0.112,-0.697,0.334,0.113,0.260,0.090,0.000,0.000,23,17,0,0,0.297,0.132,0.202,0.051,0.022,0.015,29,13,8,6
0.127,0.767,0.215,-0.08,0.108,0,0.2770,0.2116,0.386,0.059,0.334,0.113,0.260,0.090,0.000,0.000,23,17,0,0,0.297,0.132,0.202,0.051,0.022,0.015,29,13,8,6
0.103,0.412,0.176,0.85,0.046,0,0.2867,0.2110,0.307,0.06,0.334,0.113,0.260,0.090,0.000,0.000,23,17,0,0,0.297,0.132,0.202,0.051,0.022,0.015,29,13,8,6
0.154,0.393,0.276,-1.14,0.131,0,0.2948,0.2088,0.380,0.987,0.334,0.113,0.260,0.090,0.000,0.000,23,17,0,0,0.297,0.132,0.202,0.051,0.022,0.015,29,13,8,6
0.163,0.462,0.612,-1.19,0.219,1,0.3087,0.2114,0.508,0.586,0.334,0.113,0.260,0.090,0.000,0.000,23,17,0,0,0.297,0.132,0.202,0.051,0.022,0.015,29,13,8,6
0.203,0.385,0.263,-0.79,0.151,-1,0.3223,0.2140,0.490,0.736,0.334,0.113,0.260,0.090,0.000,0.000,23,17,0,0,0.297,0.132,0.202,0.051,0.022,0.015,29,13,8,6
0.163,0.401,0.116,0,0.000,0,0.3465,0.2243,0.336,0.166,0.334,0.113,0.260,0.090,0.000,0.000,23,17,0,0,0.297,0.132,0.202,0.051,0.022,0.015,29,13,8,6
0.168,0.359,0.078,0.85,0.046,0,0.3749,0.2412,0.208,0.06,0.334,0.113,0.260,0.090,0.000,0.000,23,17,0,0,0.297,0.132,0.202,0.051,0.022,0.015,29,13,8,6
0.178,0.451,0.064,-0.79,0.151,-1,0.3843,0.2428,0.367,0.736,0.334,0.113,0.260,0.090,0.000,0.000,23,17,0,0,0.297,0.132,0.202,0.051,0.022,0.015,29,13,8,6
0.139,0.456,0.151,2.53,0.140,0,0.3868,0.2415,0.136,-0.121,0.334,0.113,0.260,0.090,0.000,0.000,23,17,0,0,0.297,0.132,0.202,0.051,0.022,0.015,29,13,8,6
0.141,0.472,0.151,2.53,0.140,0,0.3771,0.2336,0.118,-0.121,0.334,0.113,0.260,0.090,0.000,0.000,23,17,0,0,0.297,0.132,0.202,0.051,0.022,0.015,29,13,8,6
0.164,0.744,0.537,-0.52,0.062,0,0.3562,0.2185,0.211,0.341,0.334,0.113,0.260,0.090,0.000,0.000,23,17,0,0,0.297,0.132,0.202,0.051,0.022,0.015,29,13,8,6
0.143,0.701,0.253,2.53,0.140,0,0.3309,0.2013,0.064,-0.121,0.334,0.113,0.260,0.090,0.000,0.000,23,17,0,0,0.297,0.132,0.202,0.051,0.022,0.015,29,13,8,6
0.148,0.872,0.672,-1.19,0.219,1,0.3009,0.1816,0.218,0.586,0.334,0.113,0.260,0.090,0.000,0.000,23,17,0,0,0.297,0.132,0.202,0.051,0.022,0.015,29,13,8,6
0.154,0.811,0.716,-0.08,0.108,0,0.2584,0.1540,0.141,0.059,0.334,0.113,0.260,0.090,0.000,0.000,23,17,0,0,0.297,0.132,0.202,0.051,0.022,0.015,29,13,8,6
0.130,0.811,0.739,0.22,0.230,0,0.2090,0.1197,0.158,0.303,0.334,0.113,0.260,0.090,0.000,0.000,23,17,0,0,0.297,0.132,0.202,0.051,0.022,0.015,29,13,8,6
0.161,0.751,0.331,3.14,0.186,0,0.1765,0.0979,0.080,-0.486,0.334,0.113,0.260,0.090,0.000,0.000,23,17,0,0,0.297,0.132,0.202,0.051,0.022,0.015,29,13,8,6
0.158,0.742,0.447,1.42,0.221,0,0.1633,0.0898,0.106,-0.397,0.334,0.113,0.260,0.090,0.000,0.000,23,17,0,0,0.297,0.132,0.202,0.051,0.022,0.015,29,13,8,6
0.163,0.773,0.739,0.2,0.291,1,0.1599,0.0886,0.220,0.180,0.334,0.113,0.260,0.090,0.000,0.000,23,17,0,0,0.297,0.132,0.202,0.051,0.022,0.015,29,13,8,6
0.163,0.446,0.595,-1.14,0.131,0,0.1549,0.0859,0.120,0.987,0.334,0.113,0.260,0.090,0.000,0.000,23,17,0,0,0.297,0.132,0.202,0.051,0.022,0.015,29,13,8,6
0.133,0.365,0.280,3.14,0.186,0,0.1612,0.0912,0.053,-0.486,0.334,0.113,0.260,0.090,0.000,0.000,23,17,0,0,0.297,0.132,0.202,0.051,0.022,0.015,29,13,8,6
0.110,0.385,0.457,-1.1,0.105,-1,0.1563,0.0882,0.165,0.192,0.334,0.113,0.260,0.090,0.000,0.000,23,17,0,0,0.297,0.132,0.202,0.051,0.022,0.015,29,13,8,6
0.088,0.380,0.261,1.69,0.290,0,0.1582,0.0910,0.084,-0.697,0.334,0.113,0.260,0.090,0.000,0.000,23,17,0,0,0.297,0.132,0.202,0.051,0.022,0.015,29,13,8,6
0.088,0.361,0.135,1.42,0.221,0,0.1535,0.0898,0.085,-0.397,0.334,0.113,0.260,0.090,0.000,0.000,23,17,0,0,0.297,0.132,0.202,0.051,0.022,0.015,29,13,8,6
0.062,0.303,0.003,1.99,0.186,0,0.1561,0.0936,0.065,-0.326,0.334,0.113,0.260,0.090,0.000,0.000,23,17,0,0,0.297,0.132,0.202,0.051,0.022,0.015,29,13,8,6
0.069,0.319,0.148,1.42,0.221,0,0.1565,0.0977,0.151,-0.397,0.334,0.113,0.260,0.090,0.000,0.000,23,17,0,0,0.297,0.132,0.202,0.051,0.022,0.015,29,13,8,6
0.052,0.315,0.300,0,0.000,0,0.1523,0.0987,0.133,0.166,0.334,0.113,0.260,0.090,0.000,0.000,23,17,0,0,0.297,0.132,0.202,0.051,0.022,0.015,29,13,8,6
0.051,0.298,0.192,1.99,0.186,0,0.1507,0.0994,0.049,-0.326,0.334,0.113,0.260,0.090,0.000,0.000,23,17,0,0,0.297,0.132,0.202,0.051,0.022,0.015,29,13,8,6
0.050,0.736,0.649,0.2,0.291,1,0.1468,0.0940,0.212,0.180,0.334,0.113,0.260,0.090,0.000,0.000,23,17,0,0,0.297,0.132,0.202,0.051,0.022,0.015,29,13,8,6
0.048,0.279,0.242,-0.79,0.151,-1,0.1642,0.1054,0.357,0.736,0.334,0.113,0.260,0.090,0.000,0.000,23,17,0,0,0.297,0.132,0.202,0.051,0.022,0.015,29,13,8,6
0.054,0.280,0.190,-0.79,0.151,-1,0.1778,0.1130,0.182,0.736,0.334,0.113,0.260,0.090,0.000,0.000,23,17,0,0,0.297,0.132,0.202,0.051,0.022,0.015,29,13,8,6
0.055,0.328,0.113,1.69,0.290,0,0.2010,0.1271,0.051,-0.697,0.334,0.113,0.260,0.090,0.000,0.000,23,17,0,0,0.297,0.132,0.202,0.051,0.022,0.015,29,13,8,6
0.061,0.743,0.436,-0.48,0.134,0,0.2340,0.1497,0.300,0.007,0.334,0.113,0.260,0.090,0.000,0.000,23,17,0,0,0.297,0.132,0.202,0.051,0.022,0.015,29,13,8,6
0.075,0.306,0.004,1.99,0.186,0,0.2730,0.1783,0.144,-0.326,0.334,0.113,0.260,0.090,0.000,0.000,23,17,0,0,0.297,0.132,0.202,0.051,0.022,0.015,29,13,8,6
0.069,0.424,0.537,1.37,0.298,0,0.3033,0.2001,0.148,-0.510,0.334,0.113,0.260,0.090,0.000,0.000,23,17,0,0,0.297,0.132,0.202,0.051,0.022,0.015,29,13,8,6
0.071,0.350,0.361,-0.52,0.062,0,0.3314,0.2206,0.193,0.341,0.334,0.113,0.260,0.090,0.000,0.000,23,17,0,0,0.297,0.132,0.202,0.051,0.022,0.015,29,13,8,6
0.064,0.316,0.303,-0.79,0.151,-1,0.3500,0.2327,0.463,0.736,0.334,0.113,0.260,0.090,0.000,0.000,23,17,0,0,0.297,0.132,0.202,0.051,0.022,0.015,29,13,8,6
0.061,0.332,0.221,-1.1,0.105,-1,0.3498,0.2310,0.340,0.192,0.334,0.113,0.260,0.090,0.000,0.000,23,17,0,0,0.297,0.132,0.202,0.051,0.022,0.015,29,13,8,6
0.064,0.332,0.215,0,0.000,0,0.3438,0.2267,0.179,0.166,0.334,0.113,0.260,0.090,0.000,0.000,23,17,0,0,0.297,0.132,0.202,0.051,0.022,0.015,29,13,8,6
0.061,0.329,0.184,0.85,0.046,0,0.3338,0.2192,0.234,0.06,0.334,0.113,0.260,0.090,0.000,0.000,23,17,0,0,0.297,0.132,0.202,0.051,0.022,0.015,29,13,8,6
0.075,0.742,0.600,0.22,0.230,0,0.3244,0.2118,0.299,0.303,0.334,0.113,0.260,0.090,0.000,0.000,23,17,0,0,0.297,0.132,0.202,0.051,0.022,0.015,29,13,8,6
0.097,0.711,0.454,1.99,0.186,0,0.3194,0.2104,0.117,-0.326,0.334,0.113,0.260,0.090,0.000,0.000,23,17,0,0,0.297,0.132,0.202,0.051,0.022,0.015,29,13,8,6
0.096,0.803,0.647,-0.52,0.062,0,0.3194,0.2106,0.205,0.341,0.334,0.113,0.260,0.090,0.000,0.000,23,17,0,0,0.297,0.132,0.202,0.051,0.022,0.015,29,13,8,6
0.140,0.748,0.603,0.85,0.046,0,0.3373,0.2272,0.153,0.06,0.334,0.113,0.260,0.090,0.000,0.000,23,17,0,0,0.297,0.132,0.202,0.051,0.022,0.015,29,13,8,6
0.120,0.780,0.581,-1.14,0.131,0,0.3608,0.2465,0.301,0.987,0.334,0.113,0.260,0.090,0.000,0.000,23,17,0,0,0.297,0.132,0.202,0.051,0.022,0.015,29,13,8,6
0.133,0.766,0.682,0,0.000,0,0.3801,0.2619,0.163,0.166,0.334,0.113,0.260,0.090,0.000,0.000,23,17,0,0,0.297,0.132,0.202,0.051,0.022,0.015,29,13,8,6
0.126,0.832,0.559,-0.08,0.108,0,0.3932,0.2695,0.090,0.059,0.334,0.113,0.260,0.090,0.000,0.000,23,17,0,0,0.297,0.132,0.202,0.051,0.022,0.015,29,13,8,6
0.147,0.750,0.361,3.14,0.186,0,0.4102,0.2839,0.051,-0.486,0.334,0.113,0.260,0.090,0.000,0.000,23,17,0,0,0.297,0.132,0.202,0.051,0.022,0.015,29,13,8,6
0.126,0.840,0.747,0.2,0.291,1,0.4057,0.2813,0.247,0.180,0.334,0.113,0.260,0.090,0.000,0.000,23,17,0,0,0.297,0.132,0.202,0.051,0.022,0.015,29,13,8,6
0.100,0.359,0.186,1.99,0.186,0,0.3959,0.2770,0.085,-0.326,0.334,0.113,0.260,0.090,0.000,0.000,23,17,0,0,0.297,0.132,0.202,0.051,0.022,0.015,29,13,8,6
0.096,0.320,0.236,1.99,0.186,0,0.3891,0.2743,0.076,-0.326,0.334,0.113,0.260,0.090,0.000,0.000,23,17,0,0,0.297,0.132,0.202,0.051,0.022,0.015,29,13,8,6
0.087,0.421,0.614,0.2,0.291,1,0.3903,0.2802,0.269,0.180,0.334,0.113,0.260,0.090,0.000,0.000,23,17,0,0,0.297,0.132,0.202,0.051,0.022,0.015,29,13,8,6
0.088,0.264,0.201,-0.79,0.151,-1,0.3778,0.2749,0.367,0.736,0.334,0.113,0.260,0.090,0.000,0.000,23,17,0,0,0.297,0.132,0.202,0.051,0.022,0.015,29,13,8,6
0.087,0.765,0.364,-1.19,0.219,1,0.3611,0.2657,0.381,0.586,0.334,0.113,0.260,0.090,0.000,0.000,23,17,0,0,0.297,0.132,0.202,0.051,0.022,0.015,29,13,8,6
0.085,0.718,0.137,-0.48,0.134,0,0.3383,0.2494,0.424,0.007,0.334,0.113,0.260,0.090,0.000,0.000,23,17,0,0,0.297,0.132,0.202,0.051,0.022,0.015,29,13,8,6
0.072,0.348,0.002,1.99,0.186,0,0.3132,0.2303,0.300,-0.326,0.334,0.113,0.260,0.090,0.000,0.000,23,17,0,0,0.297,0.132,0.202,0.051,0.022,0.015,29,13,8,6
0.074,0.360,0.055,1.99,0.186,0,0.2995,0.2221,0.213,-0.326,0.334,0.113,0.260,0.090,0.000,0.000,23,17,0,0,0.297,0.132,0.202,0.051,0.022,0.015,29,13,8,6
0.078,0.255,0.107,-1.14,0.131,0,0.2943,0.2213,0.331,0.987,0.334,0.113,0.260,0.090,0.000,0.000,23,17,0,0,0.297,0.132,0.202,0.051,0.022,0.015,29,13,8,6
0.071,0.326,0.069,-0.79,0.151,-1,0.3051,0.2332,0.545,0.736,0.334,0.113,0.260,0.090,0.000,0.000,23,17,0,0,0.297,0.132,0.202,0.051,0.022,0.015,29,13,8,6
0.057,0.332,0.136,-0.79,0.151,-1,0.3129,0.2437,0.443,0.736,0.334,0.113,0.260,0.090,0.000,0.000,23,17,0,0,0.297,0.132,0.202,0.051,0.022,0.015,29,13,8,6
0.055,0.724,0.254,-0.42,0.180,0,0.3236,0.2590,0.163,0.318,0.334,0.113,0.260,0.090,0.000,0.000,23,17,0,0,0.297,0.132,0.202,0.051,0.022,0.015,29,13,8,6
0.056,0.285,0.041,3.14,0.186,0,0.3454,0.2863,0.108,-0.486,0.334,0.113,0.260,0.090,0.000,0.000,23,17,0,0,0.297,0.132,0.202,0.051,0.022,0.015,29,13,8,6
0.056,0.312,0.257,0.85,0.046,0,0.3648,0.3094,0.316,0.06,0.334,0.113,0.260,0.090,0.000,0.000,23,17,0,0,0.297,0.132,0.202,0.051,0.022,0.015,29,13,8,6
0.074,0.782,0.515,0.2,0.291,1,0.3799,0.3299,0.286,0.180,0.334,0.113,0.260,0.090,0.000,0.000,23,17,0,0,0.297,0.132,0.202,0.051,0.022,0.015,29,13,8,6
0.074,0.323,0.027,3.14,0.186,0,0.3817,0.3376,0.033,-0.486,0.334,0.113,0.260,0.090,0.000,0.000,23,17,0,0,0.297,0.132,0.202,0.051,0.022,0.015,29,13,8,6
0.091,0.767,0.283,-0.79,0.151,-1,0.3693,0.3343,0.218,0.736,0.334,0.113,0.260,0.090,0.000,0.000,23,17,0,0,0.297,0.132,0.202,0.051,0.022,0.015,29,13,8,6
0.075,0.834,0.381,-0.52,0.062,0,0.3491,0.3242,0.353,0.341,0.334,0.113,0.260,0.090,0.000,0.000,23,17,0,0,0.297,0.132,0.202,0.051,0.022,0.015,29,13,8,6
0.061,0.703,0.053,2.53,0.140,0,0.3240,0.3097,0.131,-0.121,0.334,0.113,0.260,0.090,0.000,0.000,23,17,0,0,0.297,0.132,0.202,0.051,0.022,0.015,29,13,8,6
0.063,0.826,0.233,1.37,0.298,0,0.3055,0.2970,0.114,-0.510,0.334,0.113,0.260,0.090,0.000,0.000,23,17,0,0,0.297,0.132,0.202,0.051,0.022,0.015,29,13,8,6
0.085,0.850,0.391,-0.48,0.134,0,0.3050,0.2985,0.299,0.007,0.334,0.113,0.260,0.090,0.000,0.000,23,17,0,0,0.297,0.132,0.202,0.051,0.022,0.015,29,13,8,6
0.105,0.841,0.471,-0.42,0.180,0,0.3100,0.3030,0.369,0.318,0.334,0.113,0.260,0.090,0.000,0.000,23,17,0,0,0.297,0.132,0.202,0.051,0.022,0.015,29,13,8,6
0.088,0.787,0.262,0.85,0.046,0,0.3149,0.3077,0.145,0.06,0.334,0.113,0.260,0.090,0.000,0.000,23,17,0,0,0.297,0.132,0.202,0.051,0.022,0.015,29,13,8,6
0.097,0.698,0.327,1.42,0.221,0,0.3221,0.3137,0.125,-0.397,0.334,0.113,0.260,0.090,0.000,0.000,23,17,0,0,0.297,0.132,0.202,0.051,0.022,0.015,29,13,8,6
0.120,0.769,0.498,-0.52,0.062,0,0.3524,0.3359,0.302,0.341,0.334,0.113,0.260,0.090,0.000,0.000,23,17,0,0,0.297,0.132,0.202,0.051,0.022,0.015,29,13,8,6
0.143,0.854,0.519,-1.19,0.219,1,0.3960,0.3681,0.435,0.586,0.334,0.113,0.260,0.090,0.000,0.000,23,17,0,0,0.297,0.132,0.202,0.051,0.022,0.015,29,13,8,6
0.119,0.848,0.689,0.2,0.291,1,0.4404,0.4041,0.223,0.180,0.334,0.113,0.260,0.090,0.000,0.000,23,17,0,0,0.297,0.132,0.202,0.051,0.022,0.015,29,13,8,6
0.156,0.369,0.385,1.69,0.290,0,0.4908,0.4450,0.107,-0.697,0.334,0.113,0.260,0.090,0.000,0.000,23,17,0,0,0.297,0.132,0.202,0.051,0.022,0.015,29,13,8,6
0.143,0.312,0.311,-0.79,0.151,-1,0.5227,0.4708,0.400,0.736,0.334,0.113,0.260,0.090,0.000,0.000,23,17,0,0,0.297,0.132,0.202,0.051,0.022,0.015,29,13,8,6
0.117,0.318,0.084,1.99,0.186,0,0.5553,0.4969,0.174,-0.326,0.334,0.113,0.260,0.090,0.000,0.000,23,17,0,0,0.297,0.132,0.202,0.051,0.022,0.015,29,13,8,6
0.136,0.708,0.532,0.22,0.230,0,0.5637,0.5059,0.148,0.303,0.334,0.113,0.260,0.090,0.000,0.000,23,17,0,0,0.297,0.132,0.202,0.051,0.022,0.015,29,13,8,6
0.153,0.209,0.173,0.85,0.046,0,0.5759,0.5157,0.272,0.06,0.334,0.113,0.260,0.090,0.000,0.000,23,17,0,0,0.297,0.132,0.202,0.051,0.022,0.015,29,13,8,6
0.142,0.238,0.134,-0.79,0.151,-1,0.5806,0.5216,0.420,0.736,0.334,0.113,0.260,0.090,0.000,0.000,23,17,0,0,0.297,0.132,0.202,0.051,0.022,0.015,29,13,8,6
0.148,0.207,0.553,0.22,0.230,0,0.5703,0.5178,0.211,0.303,0.334,0.113,0.260,0.090,0.000,0.000,23,17,0,0,0.297,0.132,0.202,0.051,0.022,0.015,29,13,8,6
0.137,0.265,0.744,-1.19,0.219,1,0.5576,0.5129,0.331,0.586,0.334,0.113,0.260,0.090,0.000,0.000,23,17,0,0,0.297,0.132,0.202,0.051,0.022,0.015,29,13,8,6
0.131,0.289,0.508,-1.19,0.219,1,0.5542,0.5149,0.471,0.586,0.334,0.113,0.260,0.090,0.000,0.000,23,17,0,0,0.297,0.132,0.202,0.051,0.022,0.015,29,13,8,6
0.131,0.189,0.110,-0.79,0.151,-1,0.5464,0.5120,0.434,0.736,0.334,0.113,0.260,0.090,0.000,0.000,23,17,0,0,0.297,0.132,0.202,0.051,0.022,0.015,29,13,8,6
0.127,0.217,0.516,0.22,0.230,0,0.5506,0.5154,0.312,0.303,0.334,0.113,0.260,0.090,0.000,0.000,23,17,0,0,0.297,0.132,0.202,0.051,0.022,0.015,29,13,8,6
0.159,0.209,0.112,-1.1,0.105,-1,0.5657,0.5249,0.445,0.192,0.334,0.113,0.260,0.090,0.000,0.000,23,17,0,0,0.297,0.132,0.202,0.051,0.022,0.015,29,13,8,6
0.192,0.226,0.061,-0.79,0.151,-1,0.5744,0.5283,0.511,0.736,0.334,0.113,0.260,0.090,0.000,0.000,23,17,0,0,0.297,0.132,0.202,0.051,0.022,0.015,29,13,8,6
0.186,0.278,0.138,1.42,0.221,0,0.5778,0.5305,0.220,-0.397,0.334,0.113,0.260,0.090,0.000,0.000,23,17,0,0,0.297,0.132,0.202,0.051,0.022,0.015,29,13,8,6
0.143,0.271,0.363,-1.14,0.131,0,0.5618,0.5189,0.327,0.987,0.334,0.113,0.260,0.090,0.000,0.000,23,17,0,0,0.297,0.132,0.202,0.051,0.022,0.015,29,13,8,6
0.142,0.809,0.569,1.37,0.298,0,0.5540,0.5129,0.234,-0.510,0.334,0.113,0.260,0.090,0.000,0.000,23,17,0,0,0.297,0.132,0.202,0.051,0.022,0.015,29,13,8,6
0.174,0.797,0.463,-0.52,0.062,0,0.5346,0.4963,0.461,0.341,0.334,0.113,0.260,0.090,0.000,0.000,23,17,0,0,0.297,0.132,0.202,0.051,0.022,0.015,29,13,8,6
0.199,0.767,0.345,-1.1,0.105,-1,0.5032,0.4719,0.322,0.192,0.334,0.113,0.260,0.090,0.000,0.000,23,17,0,0,0.297,0.132,0.202,0.051,0.022,0.015,29,13,8,6
0.159,0.737,0.161,0.85,0.046,0,0.4648,0.4422,0.057,0.06,0.334,0.113,0.260,0.090,0.000,0.000,23,17,0,0,0.297,0.132,0.202,0.051,0.022,0.015,29,13,8,6
0.134,0.854,0.471,-1.19,0.219,1,0.4212,0.4100,0.388,0.586,0.334,0.113,0.260,0.090,0.000,0.000,23,17,0,0,0.297,0.132,0.202,0.051,0.022,0.015,29,13,8,6
0.134,0.767,0.024,0.85,0.046,0,0.3824,0.3790,0.298,0.06,0.334,0.113,0.260,0.090,0.000,0.000,23,17,0,0,0.297,0.132,0.202,0.051,0.022,0.015,29,13,8,6
0.125,0.762,0.032,1.42,0.221,0,0.3453,0.3498,0.066,-0.397,0.334,0.113,0.260,0.090,0.000,0.000,23,17,0,0,0.297,0.132,0.202,0.051,0.022,0.015,29,13,8,6
0.132,0.287,0.004,1.99,0.186,0,0.3315,0.3344,0.119,-0.326,0.334,0.113,0.260,0.090,0.000,0.000,23,17,0,0,0.297,0.132,0.202,0.051,0.022,0.015,29,13,8,6
0.161,0.737,0.151,-1.1,0.105,-1,0.3142,0.3151,0.407,0.192,0.334,0.113,0.260,0.090,0.000,0.000,23,17,0,0,0.297,0.132,0.202,0.051,0.022,0.015,29,13,8,6
0.150,0.702,0.016,-0.79,0.151,-1,0.3053,0.3042,0.209,0.736,0.334,0.113,0.260,0.090,0.000,0.000,23,17,0,0,0.297,0.132,0.202,0.051,0.022,0.015,29,13,8,6
0.163,0.207,0.003,2.53,0.140,0,0.2951,0.2926,0.045,-0.121,0.334,0.113,0.260,0.090,0.000,0.000,23,17,0,0,0.297,0.132,0.202,0.051,0.022,0.015,29,13,8,6
0.181,0.242,0.061,0.85,0.046,0,0.2850,0.2801,0.219,0.06,0.334,0.113,0.260,0.090,0.000,0.000,23,17,0,0,0.297,0.132,0.202,0.051,0.022,0.015,29,13,8,6
0.165,0.755,0.185,-1.19,0.219,1,0.2810,0.2706,0.437,0.586,0.334,0.113,0.260,0.090,0.000,0.000,23,17,0,0,0.297,0.132,0.202,0.051,0.022,0.015,29,13,8,6
0.177,0.254,0.275,3.14,0.186,0,0.2838,0.2632,0.051,-0.486,0.334,0.113,0.260,0.090,0.000,0.000,23,17,0,0,0.297,0.132,0.202,0.051,0.022,0.015,29,13,8,6
0.172,0.809,0.640,0.2,0.291,1,0.2836,0.2511,0.303,0.180,0.334,0.113,0.260,0.090,0.000,0.000,23,17,0,0,0.297,0.132,0.202,0.051,0.022,0.015,29,13,8,6
0.115,0.364,0.122,-0.79,0.151,-1,0.2841,0.2395,0.555,0.736,0.334,0.113,0.260,0.090,0.000,0.000,23,17,0,0,0.297,0.132,0.202,0.051,0.022,0.015,29,13,8,6
0.096,0.736,0.192,1.99,0.186,0,0.2939,0.2369,0.149,-0.326,0.334,0.113,0.260,0.090,0.000,0.000,23,17,0,0,0.297,0.132,0.202,0.051,0.022,0.015,29,13,8,6
0.092,0.429,0.246,0,0.000,0,0.3029,0.2350,0.205,0.166,0.334,0.113,0.260,0.090,0.000,0.000,23,17,0,0,0.297,0.132,0.202,0.051,0.022,0.015,29,13,8,6
0.075,0.416,0.290,2.53,0.140,0,0.3214,0.2426,0.168,-0.121,0.334,0.113,0.260,0.090,0.000,0.000,23,17,0,0,0.297,0.132,0.202,0.051,0.022,0.015,29,13,8,6
0.065,0.822,0.540,-0.42,0.180,0,0.3319,0.2440,0.373,0.318,0.334,0.113,0.260,0.090,0.000,0.000,23,17,0,0,0.297,0.132,0.202,0.051,0.022,0.015,29,13,8,6
0.082,0.804,0.818,0.2,0.291,1,0.3434,0.2492,0.220,0.180,0.334,0.113,0.260,0.090,0.000,0.000,23,17,0,0,0.297,0.132,0.202,0.051,0.022,0.015,29,13,8,6
0.102,0.496,0.456,2.53,0.140,0,0.3423,0.2458,0.105,-0.121,0.334,0.113,0.260,0.090,0.000,0.000,23,17,0,0,0.297,0.132,0.202,0.051,0.022,0.015,29,13,8,6
0.126,0.705,0.560,-0.08,0.108,0,0.3345,0.2385,0.237,0.059,0.334,0.113,0.260,0.090,0.000,0.000,23,17,0,0,0.297,0.132,0.202,0.051,0.022,0.015,29,13,8,6
0.101,0.773,0.772,0.2,0.291,1,0.3322,0.2366,0.259,0.180,0.334,0.113,0.260,0.090,0.000,0.000,23,17,0,0,0.297,0.132,0.202,0.051,0.022,0.015,29,13,8,6
0.071,0.314,0.335,3.14,0.186,0,0.3318,0.2370,0.110,-0.486,0.334,0.113,0.260,0.090,0.000,0.000,23,17,0,0,0.297,0.132,0.202,0.051,0.022,0.015,29,13,8,6
0.065,0.717,0.173,-0.79,0.151,-1,0.3337,0.2377,0.362,0.736,0.334,0.113,0.260,0.090,0.000,0.000,23,17,0,0,0.297,0.132,0.202,0.051,0.022,0.015,29,13,8,6
0.068,0.793,0.491,-0.48,0.134,0,0.3392,0.2388,0.287,0.007,0.334,0.113,0.260,0.090,0.000,0.000,23,17,0,0,0.297,0.132,0.202,0.051,0.022,0.015,29,13,8,6
0.068,0.312,0.139,1.99,0.186,0,0.3434,0.2377,0.116,-0.326,0.334,0.113,0.260,0.090,0.000,0.000,23,17,0,0,0.297,0.132,0.202,0.051,0.022,0.015,29,13,8,6
0.056,0.738,0.177,-0.79,0.151,-1,0.3495,0.2394,0.481,0.736,0.334,0.113,0.260,0.090,0.000,0.000,23,17,0,0,0.297,0.132,0.202,0.051,0.022,0.015,29,13,8,6
0.059,0.820,0.316,-0.48,0.134,0,0.3631,0.2477,0.353,0.007,0.334,0.113,0.260,0.090,0.000,0.000,23,17,0,0,0.297,0.132,0.202,0.051,0.022,0.015,29,13,8,6
0.064,0.263,0.245,0.85,0.046,0,0.3750,0.2543,0.054,0.06,0.334,0.113,0.260,0.090,0.000,0.000,23,17,0,0,0.297,0.132,0.202,0.051,0.022,0.015,29,13,8,6
0.061,0.855,0.435,-1.19,0.219,1,0.3847,0.2583,0.408,0.586,0.334,0.113,0.260,0.090,0.000,0.000,23,17,0,0,0.297,0.132,0.202,0.051,0.022,0.015,29,13,8,6
0.049,0.869,0.421,-1.19,0.219,1,0.3950,0.2637,0.460,0.586,0.334,0.113,0.260,0.090,0.000,0.000,23,17,0,0,0.297,0.132,0.202,0.051,0.022,0.015,29,13,8,6
0.065,0.742,0.288,1.99,0.186,0,0.4032,0.2702,0.100,-0.326,0.334,0.113,0.260,0.090,0.000,0.000,23,17,0,0,0.297,0.132,0.202,0.051,0.022,0.015,29,13,8,6
0.064,0.847,0.536,1.76,0.409,0,0.4087,0.2764,0.081,-0.884,0.334,0.113,0.260,0.090,0.000,0.000,23,17,0,0,0.297,0.132,0.202,0.051,0.022,0.015,29,13,8,6
0.055,0.771,0.369,-1.1,0.105,-1,0.4143,0.2850,0.439,0.192,0.334,0.113,0.260,0.090,0.000,0.000,23,17,0,0,0.297,0.132,0.202,0.051,0.022,0.015,29,13,8,6
0.067,0.792,0.455,-0.48,0.134,0,0.4163,0.2922,0.283,0.007,0.334,0.113,0.260,0.090,0.000,0.000,23,17,0,0,0.297,0.132,0.202,0.051,0.022,0.015,29,13,8,6
0.084,0.336,0.074,0.85,0.046,0,0.3949,0.2832,0.093,0.06,0.334,0.113,0.260,0.090,0.000,0.000,23,17,0,0,0.297,0.132,0.202,0.051,0.022,0.015,29,13,8,6
0.086,0.765,0.326,-0.48,0.134,0,0.3724,0.2748,0.278,0.007,0.334,0.113,0.260,0.090,0.000,0.000,23,17,0,0,0.297,0.132,0.202,0.051,0.022,0.015,29,13,8,6
0.094,0.785,0.285,-0.52,0.062,0,0.3435,0.2603,0.289,0.341,0.334,0.113,0.260,0.090,0.000,0.000,23,17,0,0,0.297,0.132,0.202,0.051,0.022,0.015,29,13,8,6
0.111,0.742,0.190,1.42,0.221,0,0.3112,0.2412,0.145,-0.397,0.334,0.113,0.260,0.090,0.000,0.000,23,17,0,0,0.297,0.132,0.202,0.051,0.022,0.015,29,13,8,6
0.137,0.340,0.056,1.99,0.186,0,0.3022,0.2382,0.107,-0.326,0.334,0.113,0.260,0.090,0.000,0.000,23,17,0,0,0.297,0.132,0.202,0.051,0.022,0.015,29,13,8,6
0.111,0.715,0.228,-0.79,0.151,-1,0.3053,0.2439,0.457,0.736,0.334,0.113,0.260,0.090,0.000,0.000,23,17,0,0,0.297,0.132,0.202,0.051,0.022,0.015,29,13,8,6
0.090,0.848,0.662,-1.19,0.219,1,0.3213,0.2588,0.447,0.586,0.334,0.113,0.260,0.090,0.000,0.000,23,17,0,0,0.297,0.132,0.202,0.051,0.022,0.015,29,13,8,6
0.076,0.861,0.547,0,0.000,0,0.3380,0.2732,0.226,0.166,0.334,0.113,0.260,0.090,0.000,0.000,23,17,0,0,0.297,0.132,0.202,0.051,0.022,0.015,29,13,8,6
0.090,0.858,0.796,-0.48,0.134,0,0.3420,0.2757,0.329,0.007,0.334,0.113,0.260,0.090,0.000,0.000,23,17,0,0,0.297,0.132,0.202,0.051,0.022,0.015,29,13,8,6
0.093,0.848,0.543,3.14,0.186,0,0.3441,0.2793,0.075,-0.486,0.334,0.113,0.260,0.090,0.000,0.000,23,17,0,0,0.297,0.132,0.202,0.051,0.022,0.015,29,13,8,6
0.118,0.858,0.778,-0.52,0.062,0,0.3503,0.2907,0.250,0.341,0.334,0.113,0.260,0.090,0.000,0.000,23,17,0,0,0.297,0.132,0.202,0.051,0.022,0.015,29,13,8,6
0.145,0.862,0.641,0,0.000,0,0.3461,0.2956,0.196,0.166,0.334,0.113,0.260,0.090,0.000,0.000,23,17,0,0,0.297,0.132,0.202,0.051,0.022,0.015,29,13,8,6
0.142,0.887,0.620,1.37,0.298,0,0.3305,0.2911,0.085,-0.510,0.334,0.113,0.260,0.090,0.000,0.000,23,17,0,0,0.297,0.132,0.202,0.051,0.022,0.015,29,13,8,6
0.140,0.876,0.361,1.99,0.186,0,0.3142,0.2865,0.095,-0.326,0.334,0.113,0.260,0.090,0.000,0.000,23,17,0,0,0.297,0.132,0.202,0.051,0.022,0.015,29,13,8,6
0.166,0.879,0.702,-1.19,0.219,1,0.2949,0.2792,0.418,0.586,0.334,0.113,0.260,0.090,0.000,0.000,23,17,0,0,0.297,0.132,0.202,0.051,0.022,0.015,29,13,8,6
0.137,0.826,0.287,0.85,0.046,0,0.2854,0.2787,0.092,0.06,0.334,0.113,0.260,0.090,0.000,0.000,23,17,0,0,0.297,0.132,0.202,0.051,0.022,0.015,29,13,8,6
0.203,0.808,0.125,0.85,0.046,0,0.2895,0.2870,0.047,0.06,0.334,0.113,0.260,0.090,0.000,0.000,23,17,0,0,0.297,0.132,0.202,0.051,0.022,0.015,29,13,8,6
0.142,0.851,0.662,-0.48,0.134,0,0.3017,0.2972,0.362,0.007,0.334,0.113,0.260,0.090,0.000,0.000,23,17,0,0,0.297,0.132,0.202,0.051,0.022,0.015,29,13,8,6
0.139,0.791,0.203,-0.79,0.151,-1,0.3017,0.2963,0.306,0.736,0.334,0.113,0.260,0.090,0.000,0.000,23,17,0,0,0.297,0.132,0.202,0.051,0.022,0.015,29,13,8,6
0.199,0.776,0.001,1.99,0.186,0,0.3138,0.3040,0.060,-0.326,0.334,0.113,0.260,0.090,0.000,0.000,23,17,0,0,0.297,0.132,0.202,0.051,0.022,0.015,29,13,8,6
0.168,0.817,0.713,0.22,0.230,0,0.3325,0.3170,0.175,0.303,0.334,0.113,0.260,0.090,0.000,0.000,23,17,0,0,0.297,0.132,0.202,0.051,0.022,0.015,29,13,8,6
0.154,0.853,0.576,-1.19,0.219,1,0.3509,0.3289,0.487,0.586,0.334,0.113,0.260,0.090,0.000,0.000,23,17,0,0,0.297,0.132,0.202,0.051,0.022,0.015,29,13,8,6
0.146,0.345,0.373,1.69,0.290,0,0.3715,0.3416,0.146,-0.697,0.334,0.113,0.260,0.090,0.000,0.000,23,17,0,0,0.297,0.132,0.202,0.051,0.022,0.015,29,13,8,6
0.162,0.279,0.101,1.42,0.221,0,0.3948,0.3571,0.099,-0.397,0.334,0.113,0.260,0.090,0.000,0.000,23,17,0,0,0.297,0.132,0.202,0.051,0.022,0.015,29,13,8,6
0.168,0.389,0.431,-1.19,0.219,1,0.4341,0.3862,0.486,0.586,0.334,0.113,0.260,0.090,0.000,0.000,23,17,0,0,0.297,0.132,0.202,0.051,0.022,0.015,29,13,8,6
0.131,0.291,0.144,-0.79,0.151,-1,0.4622,0.4082,0.502,0.736,0.334,0.113,0.260,0.090,0.000,0.000,23,17,0,0,0.297,0.132,0.202,0.051,0.022,0.015,29,13,8,6
0.106,0.742,0.347,-1.19,0.219,1,0.4754,0.4174,0.401,0.586,0.334,0.113,0.260,0.090,0.000,0.000,23,17,0,0,0.297,0.132,0.202,0.051,0.022,0.015,29,13,8,6
0.105,0.346,0.144,-0.48,0.134,0,0.4727,0.4155,0.493,0.007,0.334,0.113,0.260,0.090,0.000,0.000,23,17,0,0,0.297,0.132,0.202,0.051,0.022,0.015,29,13,8,6
0.131,0.248,0.016,1.99,0.186,0,0.4680,0.4129,0.243,-0.326,0.334,0.113,0.260,0.090,0.000,0.000,23,17,0,0,0.297,0.132,0.202,0.051,0.022,0.015,29,13,8,6
0.153,0.401,0.288,-1.19,0.219,1,0.4790,0.4208,0.505,0.586,0.334,0.113,0.260,0.090,0.000,0.000,23,17,0,0,0.297,0.132,0.202,0.051,0.022,0.015,29,13,8,6
0.188,0.237,0.111,-0.79,0.151,-1,0.4944,0.4291,0.420,0.736,0.334,0.113,0.260,0.090,0.000,0.000,23,17,0,0,0.297,0.132,0.202,0.051,0.022,0.015,29,13,8,6
0.168,0.247,0.037,-1.1,0.105,-1,0.5102,0.4344,0.442,0.192,0.334,0.113,0.260,0.090,0.000,0.000,23,17,0,0,0.297,0.132,0.202,0.051,0.022,0.015,29,13,8,6
0.134,0.231,0.012,-1.1,0.105,-1,0.5330,0.4446,0.480,0.192,0.334,0.113,0.260,0.090,0.000,0.000,23,17,0,0,0.297,0.132,0.202,0.051,0.022,0.015,29,13,8,6
0.169,0.223,0.005,1.99,0.186,0,0.5577,0.4579,0.212,-0.326,0.334,0.113,0.260,0.090,0.000,0.000,23,17,0,0,0.297,0.132,0.202,0.051,0.022,0.015,29,13,8,6
0.156,0.366,0.426,0.2,0.291,1,0.5702,0.4630,0.345,0.180,0.334,0.113,0.260,0.090,0.000,0.000,23,17,0,0,0.297,0.132,0.202,0.051,0.022,0.015,29,13,8,6
0.156,0.236,0.155,-1.14,0.131,0,0.5751,0.4653,0.434,0.987,0.334,0.113,0.260,0.090,0.000,0.000,23,17,0,0,0.297,0.132,0.202,0.051,0.022,0.015,29,13,8,6
0.192,0.295,0.240,-0.79,0.151,-1,0.5620,0.4563,0.466,0.736,0.334,0.113,0.260,0.090,0.000,0.000,23,17,0,0,0.297,0.132,0.202,0.051,0.022,0.015,29,13,8,6
0.141,0.278,0.246,1.99,0.186,0,0.5348,0.4391,0.159,-0.326,0.334,0.113,0.260,0.090,0.000,0.000,23,17,0,0,0.297,0.132,0.202,0.051,0.022,0.015,29,13,8,6
0.166,0.732,0.392,-0.52,0.062,0,0.4999,0.4208,0.332,0.341,0.334,0.113,0.260,0.090,0.000,0.000,23,17,0,0,0.297,0.132,0.202,0.051,0.022,0.015,29,13,8,6
0.163,0.390,0.316,-1.1,0.105,-1,0.4679,0.4080,0.487,0.192,0.334,0.113,0.260,0.090,0.000,0.000,23,17,0,0,0.297,0.132,0.202,0.051,0.022,0.015,29,13,8,6
0.132,0.837,0.545,-1.19,0.219,1,0.4203,0.3823,0.468,0.586,0.334,0.113,0.260,0.090,0.000,0.000,23,17,0,0,0.297,0.132,0.202,0.051,0.022,0.015,29,13,8,6
0.155,0.842,0.642,-0.08,0.108,0,0.3627,0.3449,0.399,0.059,0.334,0.113,0.260,0.090,0.000,0.000,23,17,0,0,0.297,0.132,0.202,0.051,0.022,0.015,29,13,8,6
0.169,0.762,0.361,3.14,0.186,0,0.3307,0.3243,0.172,-0.486,0.334,0.113,0.260,0.090,0.000,0.000,23,17,0,0,0.297,0.132,0.202,0.051,0.022,0.015,29,13,8,6
0.175,0.848,0.737,-0.52,0.062,0,0.3097,0.3101,0.219,0.341,0.334,0.113,0.260,0.090,0.000,0.000,23,17,0,0,0.297,0.132,0.202,0.051,0.022,0.015,29,13,8,6
0.123,0.834,0.597,-1.14,0.131,0,0.2931,0.2967,0.331,0.987,0.334,0.113,0.260,0.090,0.000,0.000,23,17,0,0,0.297,0.132,0.202,0.051,0.022,0.015,29,13,8,6
0.121,0.870,0.731,-1.19,0.219,1,0.2724,0.2791,0.429,0.586,0.334,0.113,0.260,0.090,0.000,0.000,23,17,0,0,0.297,0.132,0.202,0.051,0.022,0.015,29,13,8,6
0.127,0.848,0.611,0,0.000,0,0.2459,0.2563,0.078,0.166,0.334,0.113,0.260,0.090,0.000,0.000,23,17,0,0,0.297,0.132,0.202,0.051,0.022,0.015,29,13,8,6
0.156,0.875,0.543,1.37,0.298,0,0.2303,0.2438,0.073,-0.510,0.334,0.113,0.260,0.090,0.000,0.000,23,17,0,0,0.297,0.132,0.202,0.051,0.022,0.015,29,13,8,6
0.165,0.794,0.159,0.85,0.046,0,0.2182,0.2346,0.127,0.06,0.334,0.113,0.260,0.090,0.000,0.000,23,17,0,0,0.297,0.132,0.202,0.051,0.022,0.015,29,13,8,6
0.151,0.432,0.282,3.14,0.186,0,0.2132,0.2300,0.053,-0.486,0.334,0.113,0.260,0.090,0.000,0.000,23,17,0,0,0.297,0.132,0.202,0.051,0.022,0.015,29,13,8,6
0.141,0.726,0.005,1.99,0.186,0,0.2117,0.2286,0.023,-0.326,0.334,0.113,0.260,0.090,0.000,0.000,23,17,0,0,0.297,0.132,0.202,0.051,0.022,0.015,29,13,8,6
0.120,0.806,0.376,-0.42,0.180,0,0.2074,0.2226,0.131,0.318,0.334,0.113,0.260,0.090,0.000,0.000,23,17,0,0,0.297,0.132,0.202,0.051,0.022,0.015,29,13,8,6
0.131,0.718,0.352,-0.52,0.062,0,0.1936,0.2068,0.116,0.341,0.334,0.113,0.260,0.090,0.000,0.000,23,17,0,0,0.297,0.132,0.202,0.051,0.022,0.015,29,13,8,6
0.135,0.732,0.084,1.99,0.186,0,0.1717,0.1844,0.043,-0.326,0.334,0.113,0.260,0.090,0.000,0.000,23,17,0,0,0.297,0.132,0.202,0.051,0.022,0.015,29,13,8,6
0.129,0.829,0.510,1.76,0.409,0,0.1581,0.1671,0.116,-0.884,0.334,0.113,0.260,0.090,0.000,0.000,23,17,0,0,0.297,0.132,0.202,0.051,0.022,0.015,29,13,8,6
0.135,0.708,0.382,0,0.000,0,0.1541,0.1532,0.189,0.166,0.334,0.113,0.260,0.090,0.000,0.000,23,17,0,0,0.297,0.132,0.202,0.051,0.022,0.015,29,13,8,6
0.104,0.813,0.385,0.85,0.046,0,0.1590,0.1450,0.131,0.06,0.334,0.113,0.260,0.090,0.000,0.000,23,17,0,0,0.297,0.132,0.202,0.051,0.022,0.015,29,13,8,6
0.101,0.787,0.425,0.85,0.046,0,0.1674,0.1395,0.102,0.06,0.334,0.113,0.260,0.090,0.000,0.000,23,17,0,0,0.297,0.132,0.202,0.051,0.022,0.015,29,13,8,6
0.108,0.787,0.610,-0.52,0.062,0,0.1821,0.1381,0.221,0.341,0.334,0.113,0.260,0.090,0.000,0.000,23,17,0,0,0.297,0.132,0.202,0.051,0.022,0.015,29,13,8,6
0.087,0.739,0.556,-1.1,0.105,-1,0.2045,0.1434,0.299,0.192,0.334,0.113,0.260,0.090,0.000,0.000,23,17,0,0,0.297,0.132,0.202,0.051,0.022,0.015,29,13,8,6
0.094,0.826,0.626,1.37,0.298,0,0.2389,0.1598,0.123,-0.510,0.334,0.113,0.260,0.090,0.000,0.000,23,17,0,0,0.297,0.132,0.202,0.051,0.022,0.015,29,13,8,6
0.090,0.788,0.643,-0.52,0.062,0,0.2793,0.1835,0.173,0.341,0.334,0.113,0.260,0.090,0.000,0.000,23,17,0,0,0.297,0.132,0.202,0.051,0.022,0.015,29,13,8,6
0.093,0.616,0.779,0.2,0.291,1,0.3327,0.2207,0.332,0.180,0.334,0.113,0.260,0.090,0.000,0.000,23,17,0,0,0.297,0.132,0.202,0.051,0.022,0.015,29,13,8,6
0.071,0.729,0.373,0.85,0.046,0,0.3687,0.2457,0.118,0.06,0.334,0.113,0.260,0.090,0.000,0.000,23,17,0,0,0.297,0.132,0.202,0.051,0.022,0.015,29,13,8,6
0.068,0.374,0.436,0.85,0.046,0,0.3874,0.2586,0.098,0.06,0.334,0.113,0.260,0.090,0.000,0.000,23,17,0,0,0.297,0.132,0.202,0.051,0.022,0.015,29,13,8,6
0.102,0.396,0.299,0.85,0.046,0,0.3990,0.2696,0.199,0.06,0.334,0.113,0.260,0.090,0.000,0.000,23,17,0,0,0.297,0.132,0.202,0.051,0.022,0.015,29,13,8,6
0.100,0.751,0.345,-0.08,0.108,0,0.3978,0.2695,0.314,0.059,0.334,0.113,0.260,0.090,0.000,0.000,23,17,0,0,0.297,0.132,0.202,0.051,0.022,0.015,29,13,8,6
0.099,0.295,0.101,1.99,0.186,0,0.3941,0.2686,0.071,-0.326,0.334,0.113,0.260,0.090,0.000,0.000,23,17,0,0,0.297,0.132,0.202,0.051,0.022,0.015,29,13,8,6
0.104,0.328,0.317,-0.08,0.108,0,0.3880,0.2642,0.238,0.059,0.334,0.113,0.260,0.090,0.000,0.000,23,17,0,0,0.297,0.132,0.202,0.051,0.022,0.015,29,13,8,6
0.099,0.280,0.139,-0.79,0.151,-1,0.3956,0.2682,0.437,0.736,0.334,0.113,0.260,0.090,0.000,0.000,23,17,0,0,0.297,0.132,0.202,0.051,0.022,0.015,29,13,8,6
0.103,0.378,0.143,-0.52,0.062,0,0.3989,0.2676,0.299,0.341,0.334,0.113,0.260,0.090,0.000,0.000,23,17,0,0,0.297,0.132,0.202,0.051,0.022,0.015,29,13,8,6
0.098,0.402,0.188,-0.08,0.108,0,0.3846,0.2529,0.288,0.059,0.334,0.113,0.260,0.090,0.000,0.000,23,17,0,0,0.297,0.132,0.202,0.051,0.022,0.015,29,13,8,6
0.116,0.239,0.006,2.53,0.140,0,0.3800,0.2500,0.169,-0.121,0.334,0.113,0.260,0.090,0.000,0.000,23,17,0,0,0.297,0.132,0.202,0.051,0.022,0.015,29,13,8,6
0.116,0.345,0.185,-0.79,0.151,-1,0.3797,0.2546,0.290,0.736,0.334,0.113,0.260,0.090,0.000,0.000,23,17,0,0,0.297,0.132,0.202,0.051,0.022,0.015,29,13,8,6
0.121,0.414,0.304,-1.14,0.131,0,0.3809,0.2651,0.333,0.987,0.334,0.113,0.260,0.090,0.000,0.000,23,17,0,0,0.297,0.132,0.202,0.051,0.022,0.015,29,13,8,6
0.121,0.481,0.393,0,0.000,0,0.3623,0.2615,0.203,0.166,0.334,0.113,0.260,0.090,0.000,0.000,23,17,0,0,0.297,0.132,0.202,0.051,0.022,0.015,29,13,8,6
0.099,0.394,0.327,1.99,0.186,0,0.3341,0.2524,0.087,-0.326,0.334,0.113,0.260,0.090,0.000,0.000,23,17,0,0,0.297,0.132,0.202,0.051,0.022,0.015,29,13,8,6
0.086,0.435,0.265,2.53,0.140,0,0.3029,0.2427,0.121,-0.121,0.334,0.113,0.260,0.090,0.000,0.000,23,17,0,0,0.297,0.132,0.202,0.051,0.022,0.015,29,13,8,6
0.090,0.770,0.551,-0.52,0.062,0,0.2679,0.2279,0.218,0.341,0.334,0.113,0.260,0.090,0.000,0.000,23,17,0,0,0.297,0.132,0.202,0.051,0.022,0.015,29,13,8,6
0.091,0.778,0.241,0.85,0.046,0,0.2298,0.2078,0.082,0.06,0.334,0.113,0.260,0.090,0.000,0.000,23,17,0,0,0.297,0.132,0.202,0.051,0.022,0.015,29,13,8,6
0.115,0.760,0.062,2.53,0.140,0,0.2044,0.1954,0.085,-0.121,0.334,0.113,0.260,0.090,0.000,0.000,23,17,0,0,0.297,0.132,0.202,0.051,0.022,0.015,29,13,8,6
0.136,0.790,0.548,-0.48,0.134,0,0.1846,0.1844,0.212,0.007,0.334,0.113,0.260,0.090,0.000,0.000,23,17,0,0,0.297,0.132,0.202,0.051,0.022,0.015,29,13,8,6
0.142,0.782,0.614,-1.19,0.219,1,0.1733,0.1767,0.290,0.586,0.334,0.113,0.260,0.090,0.000,0.000,23,17,0,0,0.297,0.132,0.202,0.051,0.022,0.015,29,13,8,6
0.149,0.783,0.208,1.42,0.221,0,0.1732,0.1762,0.056,-0.397,0.334,0.113,0.260,0.090,0.000,0.000,23,17,0,0,0.297,0.132,0.202,0.051,0.022,0.015,29,13,8,6
0.173,0.762,0.475,-0.52,0.062,0,0.1802,0.1782,0.101,0.341,0.334,0.113,0.260,0.090,0.000,0.000,23,17,0,0,0.297,0.132,0.202,0.051,0.022,0.015,29,13,8,6
0.155,0.706,0.167,0.85,0.046,0,0.1879,0.1807,0.142,0.06,0.334,0.113,0.260,0.090,0.000,0.000,23,17,0,0,0.297,0.132,0.202,0.051,0.022,0.015,29,13,8,6
0.124,0.743,0.311,1.69,0.290,0,0.2107,0.1951,0.084,-0.697,0.334,0.113,0.260,0.090,0.000,0.000,23,17,0,0,0.297,0.132,0.202,0.051,0.022,0.015,29,13,8,6
0.130,0.787,0.434,1.69,0.290,0,0.2521,0.2258,0.062,-0.697,0.334,0.113,0.260,0.090,0.000,0.000,23,17,0,0,0.297,0.132,0.202,0.051,0.022,0.015,29,13,8,6
0.130,0.793,0.258,1.42,0.221,0,0.3017,0.2657,0.150,-0.397,0.334,0.113,0.260,0.090,0.000,0.000,23,17,0,0,0.297,0.132,0.202,0.051,0.022,0.015,29,13,8,6
0.118,0.767,0.271,-1.1,0.105,-1,0.3417,0.2980,0.245,0.192,0.334,0.113,0.260,0.090,0.000,0.000,23,17,0,0,0.297,0.132,0.202,0.051,0.022,0.015,29,13,8,6
0.112,0.771,0.095,2.1,0.128,0,0.3692,0.3227,0.076,0.02,0.334,0.113,0.260,0.090,0.000,0.000,23,17,0,0,0.297,0.132,0.202,0.051,0.022,0.015,29,13,8,6
0.107,0.845,0.591,-1.19,0.219,1,0.3794,0.3346,0.386,0.586,0.334,0.113,0.260,0.090,0.000,0.000,23,17,0,0,0.297,0.132,0.202,0.051,0.022,0.015,29,13,8,6
0.121,0.707,0.185,1.99,0.186,0,0.3898,0.3483,0.126,-0.326,0.334,0.113,0.260,0.090,0.000,0.000,23,17,0,0,0.297,0.132,0.202,0.051,0.022,0.015,29,13,8,6
0.094,0.383,0.303,-0.52,0.062,0,0.3944,0.3543,0.201,0.341,0.334,0.113,0.260,0.090,0.000,0.000,23,17,0,0,0.297,0.132,0.202,0.051,0.022,0.015,29,13,8,6
0.073,0.333,0.548,-1.14,0.131,0,0.4052,0.3626,0.379,0.987,0.334,0.113,0.260,0.090,0.000,0.000,23,17,0,0,0.297,0.132,0.202,0.051,0.022,0.015,29,13,8,6
0.087,0.725,0.635,-0.48,0.134,0,0.4222,0.3744,0.425,0.007,0.334,0.113,0.260,0.090,0.000,0.000,23,17,0,0,0.297,0.132,0.202,0.051,0.022,0.015,29,13,8,6
0.087,0.344,0.335,-0.79,0.151,-1,0.4409,0.3846,0.450,0.736,0.334,0.113,0.260,0.090,0.000,0.000,23,17,0,0,0.297,0.132,0.202,0.051,0.022,0.015,29,13,8,6
0.108,0.768,0.703,0.2,0.291,1,0.4652,0.3984,0.448,0.180,0.334,0.113,0.260,0.090,0.000,0.000,23,17,0,0,0.297,0.132,0.202,0.051,0.022,0.015,29,13,8,6
0.161,0.280,0.388,0.85,0.046,0,0.4943,0.4150,0.316,0.06,0.334,0.113,0.260,0.090,0.000,0.000,23,17,0,0,0.297,0.132,0.202,0.051,0.022,0.015,29,13,8,6
0.162,0.310,0.367,-0.08,0.108,0,0.5210,0.4305,0.336,0.059,0.334,0.113,0.260,0.090,0.000,0.000,23,17,0,0,0.297,0.132,0.202,0.051,0.022,0.015,29,13,8,6
0.206,0.276,0.256,-1.14,0.131,0,0.5454,0.4464,0.416,0.987,0.334,0.113,0.260,0.090,0.000,0.000,23,17,0,0,0.297,0.132,0.202,0.051,0.022,0.015,29,13,8,6
0.196,0.251,0.409,-1.1,0.105,-1,0.5583,0.4557,0.336,0.192,0.334,0.113,0.260,0.090,0.000,0.000,23,17,0,0,0.297,0.132,0.202,0.051,0.022,0.015,29,13,8,6
0.160,0.329,0.121,-1.14,0.131,0,0.5503,0.4483,0.392,0.987,0.334,0.113,0.260,0.090,0.000,0.000,23,17,0,0,0.297,0.132,0.202,0.051,0.022,0.015,29,13,8,6
0.160,0.366,0.403,-1.1,0.105,-1,0.5152,0.4198,0.433,0.192,0.334,0.113,0.260,0.090,0.000,0.000,23,17,0,0,0.297,0.132,0.202,0.051,0.022,0.015,29,13,8,6
0.156,0.707,0.381,1.69,0.290,0,0.4679,0.3849,0.125,-0.697,0.334,0.113,0.260,0.090,0.000,0.000,23,17,0,0,0.297,0.132,0.202,0.051,0.022,0.015,29,13,8,6
0.159,0.869,0.613,-1.19,0.219,1,0.4142,0.3457,0.470,0.586,0.334,0.113,0.260,0.090,0.000,0.000,23,17,0,0,0.297,0.132,0.202,0.051,0.022,0.015,29,13,8,6
0.193,0.747,0.428,2.53,0.140,0,0.3720,0.3181,0.202,-0.121,0.334,0.113,0.260,0.090,0.000,0.000,23,17,0,0,0.297,0.132,0.202,0.051,0.022,0.015,29,13,8,6
0.225,0.852,0.644,0,0.000,0,0.3252,0.2849,0.218,0.166,0.334,0.113,0.260,0.090,0.000,0.000,23,17,0,0,0.297,0.132,0.202,0.051,0.022,0.015,29,13,8,6
0.183,0.869,0.807,-1.19,0.219,1,0.2762,0.2515,0.356,0.586,0.334,0.113,0.260,0.090,0.000,0.000,23,17,0,0,0.297,0.132,0.202,0.051,0.022,0.015,29,13,8,6
0.178,0.889,0.692,-0.52,0.062,0,0.2247,0.2134,0.179,0.341,0.334,0.113,0.260,0.090,0.000,0.000,23,17,0,0,0.297,0.132,0.202,0.051,0.022,0.015,29,13,8,6
0.226,0.899,0.711,-1.19,0.219,1,0.1780,0.1753,0.270,0.586,0.334,0.113,0.260,0.090,0.000,0.000,23,17,0,0,0.297,0.132,0.202,0.051,0.022,0.015,29,13,8,6
0.227,0.829,0.324,3.14,0.186,0,0.1445,0.1473,0.045,-0.486,0.334,0.113,0.260,0.090,0.000,0.000,23,17,0,0,0.297,0.132,0.202,0.051,0.022,0.015,29,13,8,6
0.235,0.837,0.093,1.99,0.186,0,0.1394,0.1406,0.042,-0.326,0.334,0.113,0.260,0.090,0.000,0.000,23,17,0,0,0.297,0.132,0.202,0.051,0.022,0.015,29,13,8,6
0.245,0.713,0.062,2.53,0.140,0,0.1518,0.1476,0.064,-0.121,0.334,0.113,0.260,0.090,0.000,0.000,23,17,0,0,0.297,0.132,0.202,0.051,0.022,0.015,29,13,8,6
0.245,0.772,0.380,0,0.000,0,0.1645,0.1543,0.054,0.166,0.334,0.113,0.260,0.090,0.000,0.000,23,17,0,0,0.297,0.132,0.202,0.051,0.022,0.015,29,13,8,6
0.278,0.354,0.214,3.14,0.186,0,0.1789,0.1646,0.023,-0.486,0.334,0.113,0.260,0.090,0.000,0.000,23,17,0,0,0.297,0.132,0.202,0.051,0.022,0.015,29,13,8,6
0.222,0.365,0.056,1.42,0.221,0,0.1864,0.1693,0.039,-0.397,0.334,0.113,0.260,0.090,0.000,0.000,23,17,0,0,0.297,0.132,0.202,0.051,0.022,0.015,29,13,8,6
0.231,0.729,0.272,-0.42,0.180,0,0.1851,0.1671,0.179,0.318,0.334,0.113,0.260,0.090,0.000,0.000,23,17,0,0,0.297,0.132,0.202,0.051,0.022,0.015,29,13,8,6
0.273,0.325,0.076,1.69,0.290,0,0.1793,0.1630,0.051,-0.697,0.334,0.113,0.260,0.090,0.000,0.000,23,17,0,0,0.297,0.132,0.202,0.051,0.022,0.015,29,13,8,6
0.223,0.299,0.002,3.14,0.186,0,0.1761,0.1634,0.036,-0.486,0.334,0.113,0.260,0.090,0.000,0.000,23,17,0,0,0.297,0.132,0.202,0.051,0.022,0.015,29,13,8,6
0.151,0.729,0.187,-1.19,0.219,1,0.1821,0.1699,0.341,0.586,0.334,0.113,0.260,0.090,0.000,0.000,23,17,0,0,0.297,0.132,0.202,0.051,0.022,0.015,29,13,8,6
0.128,0.791,0.001,-1.1,0.105,-1,0.1844,0.1731,0.318,0.192,0.334,0.113,0.260,0.090,0.000,0.000,23,17,0,0,0.297,0.132,0.202,0.051,0.022,0.015,29,13,8,6
0.140,0.726,0.001,2.53,0.140,0,0.1823,0.1713,0.136,-0.121,0.334,0.113,0.260,0.090,0.000,0.000,23,17,0,0,0.297,0.132,0.202,0.051,0.022,0.015,29,13,8,6
0.120,0.700,0.002,0.85,0.046,0,0.1852,0.1725,0.250,0.06,0.334,0.113,0.260,0.090,0.000,0.000,23,17,0,0,0.297,0.132,0.202,0.051,0.022,0.015,29,13,8,6
0.114,0.393,0.056,-1.1,0.105,-1,0.2126,0.1939,0.257,0.192,0.334,0.113,0.260,0.090,0.000,0.000,23,17,0,0,0.297,0.132,0.202,0.051,0.022,0.015,29,13,8,6
0.138,0.735,0.141,-1.14,0.131,0,0.2457,0.2169,0.322,0.987,0.334,0.113,0.260,0.090,0.000,0.000,23,17,0,0,0.297,0.132,0.202,0.051,0.022,0.015,29,13,8,6
0.142,0.742,0.415,-0.08,0.108,0,0.2815,0.2415,0.287,0.059,0.334,0.113,0.260,0.090,0.000,0.000,23,17,0,0,0.297,0.132,0.202,0.051,0.022,0.015,29,13,8,6
0.136,0.735,0.445,-0.52,0.062,0,0.3161,0.2627,0.159,0.341,0.334,0.113,0.260,0.090,0.000,0.000,23,17,0,0,0.297,0.132,0.202,0.051,0.022,0.015,29,13,8,6
0.146,0.859,0.624,-1.19,0.219,1,0.3412,0.2745,0.327,0.586,0.334,0.113,0.260,0.090,0.000,0.000,23,17,0,0,0.297,0.132,0.202,0.051,0.022,0.015,29,13,8,6
0.150,0.759,0.333,3.14,0.186,0,0.3537,0.2777,0.108,-0.486,0.334,0.113,0.260,0.090,0.000,0.000,23,17,0,0,0.297,0.132,0.202,0.051,0.022,0.015,29,13,8,6
0.164,0.791,0.698,1.76,0.409,0,0.3670,0.2828,0.100,-0.884,0.334,0.113,0.260,0.090,0.000,0.000,23,17,0,0,0.297,0.132,0.202,0.051,0.022,0.015,29,13,8,6
0.164,0.752,0.402,1.42,0.221,0,0.3808,0.2941,0.099,-0.397,0.334,0.113,0.260,0.090,0.000,0.000,23,17,0,0,0.297,0.132,0.202,0.051,0.022,0.015,29,13,8,6
0.166,0.817,0.727,0.22,0.230,0,0.3852,0.2997,0.212,0.303,0.334,0.113,0.260,0.090,0.000,0.000,23,17,0,0,0.297,0.132,0.202,0.051,0.022,0.015,29,13,8,6
0.167,0.790,0.623,-0.48,0.134,0,0.3712,0.2934,0.147,0.007,0.334,0.113,0.260,0.090,0.000,0.000,23,17,0,0,0.297,0.132,0.202,0.051,0.022,0.015,29,13,8,6
0.167,0.763,0.408,-0.08,0.108,0,0.3402,0.2748,0.084,0.059,0.334,0.113,0.260,0.090,0.000,0.000,23,17,0,0,0.297,0.132,0.202,0.051,0.022,0.015,29,13,8,6
0.170,0.822,0.670,-1.19,0.219,1,0.3027,0.2516,0.336,0.586,0.334,0.113,0.260,0.090,0.000,0.000,23,17,0,0,0.297,0.132,0.202,0.051,0.022,0.015,29,13,8,6
0.172,0.765,0.423,0.85,0.046,0,0.2693,0.2307,0.165,0.06,0.334,0.113,0.260,0.090,0.000,0.000,23,17,0,0,0.297,0.132,0.202,0.051,0.022,0.015,29,13,8,6
0.219,0.359,0.312,1.99,0.186,0,0.2513,0.2207,0.074,-0.326,0.334,0.113,0.260,0.090,0.000,0.000,23,17,0,0,0.297,0.132,0.202,0.051,0.022,0.015,29,13,8,6
0.208,0.720,0.279,1.42,0.221,0,0.2613,0.2318,0.128,-0.397,0.334,0.113,0.260,0.090,0.000,0.000,23,17,0,0,0.297,0.132,0.202,0.051,0.022,0.015,29,13,8,6
0.141,0.784,0.551,-0.48,0.134,0,0.2850,0.2528,0.380,0.007,0.334,0.113,0.260,0.090,0.000,0.000,23,17,0,0,0.297,0.132,0.202,0.051,0.022,0.015,29,13,8,6
0.149,0.751,0.699,0.22,0.230,0,0.3037,0.2654,0.242,0.303,0.334,0.113,0.260,0.090,0.000,0.000,23,17,0,0,0.297,0.132,0.202,0.051,0.022,0.015,29,13,8,6
0.220,0.839,0.658,-1.19,0.219,1,0.3249,0.2790,0.206,0.586,0.334,0.113,0.260,0.090,0.000,0.000,23,17,0,0,0.297,0.132,0.202,0.051,0.022,0.015,29,13,8,6
0.182,0.366,0.298,3.14,0.186,0,0.3564,0.3018,0.095,-0.486,0.334,0.113,0.260,0.090,0.000,0.000,23,17,0,0,0.297,0.132,0.202,0.051,0.022,0.015,29,13,8,6
0.146,0.722,0.316,0.85,0.046,0,0.3841,0.3201,0.233,0.06,0.334,0.113,0.260,0.090,0.000,0.000,23,17,0,0,0.297,0.132,0.202,0.051,0.022,0.015,29,13,8,6
0.171,0.700,0.125,0.85,0.046,0,0.4067,0.3345,0.087,0.06,0.334,0.113,0.260,0.090,0.000,0.000,23,17,0,0,0.297,0.132,0.202,0.051,0.022,0.015,29,13,8,6
0.153,0.340,0.271,3.14,0.186,0,0.4270,0.3471,0.054,-0.486,0.334,0.113,0.260,0.090,0.000,0.000,23,17,0,0,0.297,0.132,0.202,0.051,0.022,0.015,29,13,8,6
0.119,0.824,0.371,-0.42,0.180,0,0.4374,0.3528,0.243,0.318,0.334,0.113,0.260,0.090,0.000,0.000,23,17,0,0,0.297,0.132,0.202,0.051,0.022,0.015,29,13,8,6
0.096,0.821,0.633,-1.19,0.219,1,0.4373,0.3507,0.365,0.586,0.334,0.113,0.260,0.090,0.000,0.000,23,17,0,0,0.297,0.132,0.202,0.051,0.022,0.015,29,13,8,6
0.092,0.364,0.066,1.99,0.186,0,0.4321,0.3459,0.082,-0.326,0.334,0.113,0.260,0.090,0.000,0.000,23,17,0,0,0.297,0.132,0.202,0.051,0.022,0.015,29,13,8,6
0.088,0.357,0.120,-0.79,0.151,-1,0.4328,0.3502,0.277,0.736,0.334,0.113,0.260,0.090,0.000,0.000,23,17,0,0,0.297,0.132,0.202,0.051,0.022,0.015,29,13,8,6
0.084,0.848,0.679,0.2,0.291,1,0.4416,0.3607,0.427,0.180,0.334,0.113,0.260,0.090,0.000,0.000,23,17,0,0,0.297,0.132,0.202,0.051,0.022,0.015,29,13,8,6
0.083,0.788,0.509,-0.52,0.062,0,0.4351,0.3625,0.337,0.341,0.334,0.113,0.260,0.090,0.000,0.000,23,17,0,0,0.297,0.132,0.202,0.051,0.022,0.015,29,13,8,6
0.066,0.778,0.334,-0.48,0.134,0,0.4332,0.3648,0.380,0.007,0.334,0.113,0.260,0.090,0.000,0.000,23,17,0,0,0.297,0.132,0.202,0.051,0.022,0.015,29,13,8,6
0.067,0.782,0.496,-0.48,0.134,0,0.4344,0.3673,0.474,0.007,0.334,0.113,0.260,0.090,0.000,0.000,23,17,0,0,0.297,0.132,0.202,0.051,0.022,0.015,29,13,8,6
0.071,0.691,0.234,2.53,0.140,0,0.4418,0.3744,0.193,-0.121,0.334,0.113,0.260,0.090,0.000,0.000,23,17,0,0,0.297,0.132,0.202,0.051,0.022,0.015,29,13,8,6
0.074,0.751,0.451,-0.48,0.134,0,0.4613,0.3875,0.367,0.007,0.334,0.113,0.260,0.090,0.000,0.000,23,17,0,0,0.297,0.132,0.202,0.051,0.022,0.015,29,13,8,6
0.095,0.278,0.181,-1.1,0.105,-1,0.5004,0.4149,0.344,0.192,0.334,0.113,0.260,0.090,0.000,0.000,23,17,0,0,0.297,0.132,0.202,0.051,0.022,0.015,29,13,8,6
0.100,0.259,0.156,-0.79,0.151,-1,0.5341,0.4384,0.499,0.736,0.334,0.113,0.260,0.090,0.000,0.000,23,17,0,0,0.297,0.132,0.202,0.051,0.022,0.015,29,13,8,6
0.065,0.255,0.384,-0.08,0.108,0,0.5581,0.4524,0.224,0.059,0.334,0.113,0.260,0.090,0.000,0.000,23,17,0,0,0.297,0.132,0.202,0.051,0.022,0.015,29,13,8,6
0.055,0.180,0.001,1.99,0.186,0,0.5680,0.4595,0.058,-0.326,0.334,0.113,0.260,0.090,0.000,0.000,23,17,0,0,0.297,0.132,0.202,0.051,0.022,0.015,29,13,8,6
0.067,0.246,0.002,-0.79,0.151,-1,0.5656,0.4595,0.368,0.736,0.334,0.113,0.260,0.090,0.000,0.000,23,17,0,0,0.297,0.132,0.202,0.051,0.022,0.015,29,13,8,6
0.068,0.344,0.105,-0.52,0.062,0,0.5496,0.4520,0.283,0.341,0.334,0.113,0.260,0.090,0.000,0.000,23,17,0,0,0.297,0.132,0.202,0.051,0.022,0.015,29,13,8,6
0.052,0.273,0.007,2.53,0.140,0,0.5147,0.4354,0.101,-0.121,0.334,0.113,0.260,0.090,0.000,0.000,23,17,0,0,0.297,0.132,0.202,0.051,0.022,0.015,29,13,8,6
0.055,0.253,0.007,1.99,0.186,0,0.4689,0.4129,0.137,-0.326,0.334,0.113,0.260,0.090,0.000,0.000,23,17,0,0,0.297,0.132,0.202,0.051,0.022,0.015,29,13,8,6
0.065,0.397,0.187,-0.52,0.062,0,0.4203,0.3898,0.352,0.341,0.334,0.113,0.260,0.090,0.000,0.000,23,17,0,0,0.297,0.132,0.202,0.051,0.022,0.015,29,13,8,6
0.069,0.418,0.566,-0.52,0.062,0,0.3720,0.3684,0.365,0.341,0.334,0.113,0.260,0.090,0.000,0.000,23,17,0,0,0.297,0.132,0.202,0.051,0.022,0.015,29,13,8,6
0.073,0.722,0.663,-1.19,0.219,1,0.3176,0.3404,0.454,0.586,0.334,0.113,0.260,0.090,0.000,0.000,23,17,0,0,0.297,0.132,0.202,0.051,0.022,0.015,29,13,8,6
0.095,0.392,0.567,0,0.000,0,0.2773,0.3200,0.298,0.166,0.334,0.113,0.260,0.090,0.000,0.000,23,17,0,0,0.297,0.132,0.202,0.051,0.022,0.015,29,13,8,6
0.104,0.785,0.286,-0.79,0.151,-1,0.2565,0.3116,0.430,0.736,0.334,0.113,0.260,0.090,0.000,0.000,23,17,0,0,0.297,0.132,0.202,0.051,0.022,0.015,29,13,8,6
0.110,0.792,0.655,-0.48,0.134,0,0.2380,0.3046,0.376,0.007,0.334,0.113,0.260,0.090,0.000,0.000,23,17,0,0,0.297,0.132,0.202,0.051,0.022,0.015,29,13,8,6
0.105,0.737,0.135,1.99,0.186,0,0.2386,0.3073,0.066,-0.326,0.334,0.113,0.260,0.090,0.000,0.000,23,17,0,0,0.297,0.132,0.202,0.051,0.022,0.015,29,13,8,6
0.159,0.794,0.357,-0.52,0.062,0,0.2607,0.3229,0.215,0.341,0.334,0.113,0.260,0.090,0.000,0.000,23,17,0,0,0.297,0.132,0.202,0.051,0.022,0.015,29,13,8,6
0.146,0.701,0.217,-0.79,0.151,-1,0.2913,0.3447,0.324,0.736,0.334,0.113,0.260,0.090,0.000,0.000,23,17,0,0,0.297,0.132,0.202,0.051,0.022,0.015,29,13,8,6
0.119,0.753,0.466,1.37,0.298,0,0.3259,0.3694,0.136,-0.510,0.334,0.113,0.260,0.090,0.000,0.000,23,17,0,0,0.297,0.132,0.202,0.051,0.022,0.015,29,13,8,6
0.122,0.446,0.155,1.99,0.186,0,0.3654,0.3977,0.080,-0.326,0.334,0.113,0.260,0.090,0.000,0.000,23,17,0,0,0.297,0.132,0.202,0.051,0.022,0.015,29,13,8,6
0.121,0.480,0.434,-0.52,0.062,0,0.3938,0.4174,0.217,0.341,0.334,0.113,0.260,0.090,0.000,0.000,23,17,0,0,0.297,0.132,0.202,0.051,0.022,0.015,29,13,8,6
0.093,0.727,0.536,1.37,0.298,0,0.4115,0.4289,0.192,-0.510,0.334,0.113,0.260,0.090,0.000,0.000,23,17,0,0,0.297,0.132,0.202,0.051,0.022,0.015,29,13,8,6
0.080,0.800,0.677,-1.19,0.219,1,0.3985,0.4213,0.319,0.586,0.334,0.113,0.260,0.090,0.000,0.000,23,17,0,0,0.297,0.132,0.202,0.051,0.022,0.015,29,13,8,6
0.082,0.534,0.657,1.37,0.298,0,0.3921,0.4174,0.194,-0.510,0.334,0.113,0.260,0.090,0.000,0.000,23,17,0,0,0.297,0.132,0.202,0.051,0.022,0.015,29,13,8,6
0.090,0.395,0.309,0.85,0.046,0,0.3866,0.4145,0.198,0.06,0.334,0.113,0.260,0.090,0.000,0.000,23,17,0,0,0.297,0.132,0.202,0.051,0.022,0.015,29,13,8,6
0.101,0.514,0.499,-0.08,0.108,0,0.3765,0.4058,0.234,0.059,0.334,0.113,0.260,0.090,0.000,0.000,23,17,0,0,0.297,0.132,0.202,0.051,0.022,0.015,29,13,8,6
0.102,0.436,0.726,-1.19,0.219,1,0.3741,0.4022,0.433,0.586,0.334,0.113,0.260,0.090,0.000,0.000,23,17,0,0,0.297,0.132,0.202,0.051,0.022,0.015,29,13,8,6
0.102,0.292,0.486,-1.1,0.105,-1,0.3853,0.4069,0.434,0.192,0.334,0.113,0.260,0.090,0.000,0.000,23,17,0,0,0.297,0.132,0.202,0.051,0.022,0.015,29,13,8,6
0.119,0.313,0.372,-0.79,0.151,-1,0.4069,0.4173,0.469,0.736,0.334,0.113,0.260,0.090,0.000,0.000,23,17,0,0,0.297,0.132,0.202,0.051,0.022,0.015,29,13,8,6
0.109,0.317,0.461,0,0.000,0,0.4300,0.4259,0.355,0.166,0.334,0.113,0.260,0.090,0.000,0.000,23,17,0,0,0.297,0.132,0.202,0.051,0.022,0.015,29,13,8,6
0.092,0.722,0.778,0.2,0.291,1,0.4688,0.4440,0.338,0.180,0.334,0.113,0.260,0.090,0.000,0.000,23,17,0,0,0.297,0.132,0.202,0.051,0.022,0.015,29,13,8,6
0.072,0.357,0.442,-0.79,0.151,-1,0.5135,0.4653,0.417,0.736,0.334,0.113,0.260,0.090,0.000,0.000,23,17,0,0,0.297,0.132,0.202,0.051,0.022,0.015,29,13,8,6
0.101,0.488,0.662,0.22,0.230,0,0.5498,0.4801,0.285,0.303,0.334,0.113,0.260,0.090,0.000,0.000,23,17,0,0,0.297,0.132,0.202,0.051,0.022,0.015,29,13,8,6
0.068,0.750,0.760,0.2,0.291,1,0.5720,0.4862,0.309,0.180,0.334,0.113,0.260,0.090,0.000,0.000,23,17,0,0,0.297,0.132,0.202,0.051,0.022,0.015,29,13,8,6
0.077,0.517,0.671,1.37,0.298,0,0.5881,0.4906,0.142,-0.510,0.334,0.113,0.260,0.090,0.000,0.000,23,17,0,0,0.297,0.132,0.202,0.051,0.022,0.015,29,13,8,6
0.095,0.419,0.603,-0.08,0.108,0,0.5974,0.4937,0.288,0.059,0.334,0.113,0.260,0.090,0.000,0.000,23,17,0,0,0.297,0.132,0.202,0.051,0.022,0.015,29,13,8,6
0.081,0.299,0.525,0.85,0.046,0,0.5946,0.4927,0.170,0.06,0.334,0.113,0.260,0.090,0.000,0.000,23,17,0,0,0.297,0.132,0.202,0.051,0.022,0.015,29,13,8,6
0.081,0.364,0.712,-0.52,0.062,0,0.5755,0.4830,0.197,0.341,0.334,0.113,0.260,0.090,0.000,0.000,23,17,0,0,0.297,0.132,0.202,0.051,0.022,0.015,29,13,8,6
0.075,0.370,0.647,-0.08,0.108,0,0.5628,0.4799,0.253,0.059,0.334,0.113,0.260,0.090,0.000,0.000,23,17,0,0,0.297,0.132,0.202,0.051,0.022,0.015,29,13,8,6
0.090,0.366,0.515,-0.79,0.151,-1,0.5459,0.4745,0.502,0.736,0.334,0.113,0.260,0.090,0.000,0.000,23,17,0,0,0.297,0.132,0.202,0.051,0.022,0.015,29,13,8,6
0.085,0.756,0.586,-0.48,0.134,0,0.5172,0.4621,0.317,0.007,0.334,0.113,0.260,0.090,0.000,0.000,23,17,0,0,0.297,0.132,0.202,0.051,0.022,0.015,29,13,8,6
0.085,0.343,0.595,1.69,0.290,0,0.4963,0.4521,0.074,-0.697,0.334,0.113,0.260,0.090,0.000,0.000,23,17,0,0,0.297,0.132,0.202,0.051,0.022,0.015,29,13,8,6
0.109,0.806,0.556,-1.19,0.219,1,0.4810,0.4448,0.545,0.586,0.334,0.113,0.260,0.090,0.000,0.000,23,17,0,0,0.297,0.132,0.202,0.051,0.022,0.015,29,13,8,6
0.104,0.326,0.488,-0.48,0.134,0,0.4844,0.4466,0.411,0.007,0.334,0.113,0.260,0.090,0.000,0.000,23,17,0,0,0.297,0.132,0.202,0.051,0.022,0.015,29,13,8,6
0.096,0.171,0.365,2.53,0.140,0,0.4890,0.4492,0.062,-0.121,0.334,0.113,0.260,0.090,0.000,0.000,23,17,0,0,0.297,0.132,0.202,0.051,0.022,0.015,29,13,8,6
0.108,0.330,0.705,-1.19,0.219,1,0.4852,0.4441,0.381,0.586,0.334,0.113,0.260,0.090,0.000,0.000,23,17,0,0,0.297,0.132,0.202,0.051,0.022,0.015,29,13,8,6
0.114,0.208,0.190,-0.79,0.151,-1,0.4844,0.4404,0.492,0.736,0.334,0.113,0.260,0.090,0.000,0.000,23,17,0,0,0.297,0.132,0.202,0.051,0.022,0.015,29,13,8,6
0.140,0.329,0.466,-1.19,0.219,1,0.4712,0.4269,0.338,0.586,0.334,0.113,0.260,0.090,0.000,0.000,23,17,0,0,0.297,0.132,0.202,0.051,0.022,0.015,29,13,8,6
0.126,0.316,0.476,1.37,0.298,0,0.4556,0.4120,0.055,-0.510,0.334,0.113,0.260,0.090,0.000,0.000,23,17,0,0,0.297,0.132,0.202,0.051,0.022,0.015,29,13,8,6
0.108,0.325,0.394,-0.42,0.180,0,0.4341,0.3927,0.353,0.318,0.334,0.113,0.260,0.090,0.000,0.000,23,17,0,0,0.297,0.132,0.202,0.051,0.022,0.015,29,13,8,6
0.130,0.369,0.348,-0.42,0.180,0,0.4148,0.3768,0.480,0.318,0.334,0.113,0.260,0.090,0.000,0.000,23,17,0,0,0.297,0.132,0.202,0.051,0.022,0.015,29,13,8,6
0.152,0.272,0.262,1.42,0.221,0,0.3932,0.3606,0.176,-0.397,0.334,0.113,0.260,0.090,0.000,0.000,23,17,0,0,0.297,0.132,0.202,0.051,0.022,0.015,29,13,8,6
0.183,0.722,0.667,0.2,0.291,1,0.3708,0.3451,0.337,0.180,0.334,0.113,0.260,0.090,0.000,0.000,23,17,0,0,0.297,0.132,0.202,0.051,0.022,0.015,29,13,8,6
0.144,0.370,0.432,0,0.000,0,0.3565,0.3364,0.353,0.166,0.334,0.113,0.260,0.090,0.000,0.000,23,17,0,0,0.297,0.132,0.202,0.051,0.022,0.015,29,13,8,6
0.140,0.419,0.314,-1.1,0.105,-1,0.3474,0.3322,0.305,0.192,0.334,0.113,0.260,0.090,0.000,0.000,23,17,0,0,0.297,0.132,0.202,0.051,0.022,0.015,29,13,8,6
0.172,0.718,0.176,0.85,0.046,0,0.3350,0.3233,0.246,0.06,0.334,0.113,0.260,0.090,0.000,0.000,23,17,0,0,0.297,0.132,0.202,0.051,0.022,0.015,29,13,8,6
0.135,0.360,0.217,1.99,0.186,0,0.3312,0.3184,0.117,-0.326,0.334,0.113,0.260,0.090,0.000,0.000,23,17,0,0,0.297,0.132,0.202,0.051,0.022,0.015,29,13,8,6
0.200,0.718,0.470,-1.19,0.219,1,0.3319,0.3133,0.246,0.586,0.334,0.113,0.260,0.090,0.000,0.000,23,17,0,0,0.297,0.132,0.202,0.051,0.022,0.015,29,13,8,6
0.163,0.330,0.367,-0.08,0.108,0,0.3317,0.3044,0.302,0.059,0.334,0.113,0.260,0.090,0.000,0.000,23,17,0,0,0.297,0.132,0.202,0.051,0.022,0.015,29,13,8,6
0.182,0.268,0.102,-0.79,0.151,-1,0.3241,0.2880,0.370,0.736,0.334,0.113,0.260,0.090,0.000,0.000,23,17,0,0,0.297,0.132,0.202,0.051,0.022,0.015,29,13,8,6
0.155,0.209,0.001,3.14,0.186,0,0.3201,0.2748,0.073,-0.486,0.334,0.113,0.260,0.090,0.000,0.000,23,17,0,0,0.297,0.132,0.202,0.051,0.022,0.015,29,13,8,6
0.161,0.227,0.008,1.99,0.186,0,0.3250,0.2667,0.092,-0.326,0.334,0.113,0.260,0.090,0.000,0.000,23,17,0,0,0.297,0.132,0.202,0.051,0.022,0.015,29,13,8,6
0.147,0.264,0.001,0.85,0.046,0,0.3347,0.2669,0.378,0.06,0.334,0.113,0.260,0.090,0.000,0.000,23,17,0,0,0.297,0.132,0.202,0.051,0.022,0.015,29,13,8,6
0.137,0.231,0.009,-1.1,0.105,-1,0.3422,0.2696,0.292,0.192,0.334,0.113,0.260,0.090,0.000,0.000,23,17,0,0,0.297,0.132,0.202,0.051,0.022,0.015,29,13,8,6
0.109,0.173,0.053,1.69,0.290,0,0.3569,0.2811,0.039,-0.697,0.334,0.113,0.260,0.090,0.000,0.000,23,17,0,0,0.297,0.132,0.202,0.051,0.022,0.015,29,13,8,6
0.110,0.286,0.522,-1.19,0.219,1,0.3606,0.2825,0.367,0.586,0.334,0.113,0.260,0.090,0.000,0.000,23,17,0,0,0.297,0.132,0.202,0.051,0.022,0.015,29,13,8,6
0.115,0.175,0.155,-1.1,0.105,-1,0.3664,0.2851,0.512,0.192,0.334,0.113,0.260,0.090,0.000,0.000,23,17,0,0,0.297,0.132,0.202,0.051,0.022,0.015,29,13,8,6
0.115,0.315,0.366,-1.19,0.219,1,0.3631,0.2797,0.362,0.586,0.334,0.113,0.260,0.090,0.000,0.000,23,17,0,0,0.297,0.132,0.202,0.051,0.022,0.015,29,13,8,6
0.115,0.146,0.003,1.99,0.186,0,0.3615,0.2722,0.102,-0.326,0.334,0.113,0.260,0.090,0.000,0.000,23,17,0,0,0.297,0.132,0.202,0.051,0.022,0.015,29,13,8,6
0.117,0.131,0.029,0.85,0.046,0,0.3572,0.2597,0.333,0.06,0.334,0.113,0.260,0.090,0.000,0.000,23,17,0,0,0.297,0.132,0.202,0.051,0.022,0.015,29,13,8,6
0.140,0.156,0.001,-0.79,0.151,-1,0.3550,0.2470,0.563,0.736,0.334,0.113,0.260,0.090,0.000,0.000,23,17,0,0,0.297,0.132,0.202,0.051,0.022,0.015,29,13,8,6
0.143,0.134,0.002,0.85,0.046,0,0.3500,0.2297,0.265,0.06,0.334,0.113,0.260,0.090,0.000,0.000,23,17,0,0,0.297,0.132,0.202,0.051,0.022,0.015,29,13,8,6
0.145,0.166,0.183,-0.08,0.108,0,0.3492,0.2177,0.270,0.059,0.334,0.113,0.260,0.090,0.000,0.000,23,17,0,0,0.297,0.132,0.202,0.051,0.022,0.015,29,13,8,6
0.118,0.125,0.172,-1.1,0.105,-1,0.3534,0.2101,0.401,0.192,0.334,0.113,0.260,0.090,0.000,0.000,23,17,0,0,0.297,0.132,0.202,0.051,0.022,0.015,29,13,8,6
0.122,0.141,0.116,-0.79,0.151,-1,0.3646,0.2118,0.425,0.736,0.334,0.113,0.260,0.090,0.000,0.000,23,17,0,0,0.297,0.132,0.202,0.051,0.022,0.015,29,13,8,6
0.181,0.235,0.311,-0.42,0.180,0,0.3864,0.2256,0.463,0.318,0.334,0.113,0.260,0.090,0.000,0.000,23,17,0,0,0.297,0.132,0.202,0.051,0.022,0.015,29,13,8,6
0.155,0.216,0.281,-0.52,0.062,0,0.4105,0.2438,0.150,0.341,0.334,0.113,0.260,0.090,0.000,0.000,23,17,0,0,0.297,0.132,0.202,0.051,0.022,0.015,29,13,8,6
0.196,0.135,0.002,1.99,0.186,0,0.4309,0.2629,0.037,-0.326,0.334,0.113,0.260,0.090,0.000,0.000,23,17,0,0,0.297,0.132,0.202,0.051,0.022,0.015,29,13,8,6
0.155,0.226,0.479,-1.19,0.219,1,0.4423,0.2756,0.415,0.586,0.334,0.113,0.260,0.090,0.000,0.000,23,17,0,0,0.297,0.132,0.202,0.051,0.022,0.015,29,13,8,6
0.127,0.260,0.144,-0.42,0.180,0,0.4400,0.2756,0.378,0.318,0.334,0.113,0.260,0.090,0.000,0.000,23,17,0,0,0.297,0.132,0.202,0.051,0.022,0.015,29,13,8,6
0.113,0.176,0.003,3.14,0.186,0,0.4253,0.2649,0.033,-0.486,0.334,0.113,0.260,0.090,0.000,0.000,23,17,0,0,0.297,0.132,0.202,0.051,0.022,0.015,29,13,8,6
0.144,0.183,0.001,2.53,0.140,0,0.4065,0.2498,0.082,-0.121,0.334,0.113,0.260,0.090,0.000,0.000,23,17,0,0,0.297,0.132,0.202,0.051,0.022,0.015,29,13,8,6
0.140,0.194,0.032,0.85,0.046,0,0.3850,0.2324,0.428,0.06,0.334,0.113,0.260,0.090,0.000,0.000,23,17,0,0,0.297,0.132,0.202,0.051,0.022,0.015,29,13,8,6
0.146,0.159,0.000,-0.79,0.151,-1,0.3540,0.2037,0.323,0.736,0.334,0.113,0.260,0.090,0.000,0.000,23,17,0,0,0.297,0.132,0.202,0.051,0.022,0.015,29,13,8,6
0.153,0.157,0.002,1.99,0.186,0,0.3255,0.1748,0.049,-0.326,0.334,0.113,0.260,0.090,0.000,0.000,23,17,0,0,0.297,0.132,0.202,0.051,0.022,0.015,29,13,8,6
0.224,0.316,0.374,-1.19,0.219,1,0.2966,0.1463,0.426,0.586,0.334,0.113,0.260,0.090,0.000,0.000,23,17,0,0,0.297,0.132,0.202,0.051,0.022,0.015,29,13,8,6
0.235,0.293,0.479,-0.52,0.062,0,0.2859,0.1361,0.441,0.341,0.334,0.113,0.260,0.090,0.000,0.000,23,17,0,0,0.297,0.132,0.202,0.051,0.022,0.015,29,13,8,6
0.219,0.700,0.605,-1.19,0.219,1,0.2853,0.1356,0.449,0.586,0.334,0.113,0.260,0.090,0.000,0.000,23,17,0,0,0.297,0.132,0.202,0.051,0.022,0.015,29,13,8,6
0.223,0.376,0.290,-1.1,0.105,-1,0.3015,0.1524,0.365,0.192,0.334,0.113,0.260,0.090,0.000,0.000,23,17,0,0,0.297,0.132,0.202,0.051,0.022,0.015,29,13,8,6
0.183,0.320,0.391,-0.79,0.151,-1,0.3186,0.1721,0.227,0.736,0.334,0.113,0.260,0.090,0.000,0.000,23,17,0,0,0.297,0.132,0.202,0.051,0.022,0.015,29,13,8,6
0.180,0.711,0.589,1.37,0.298,0,0.3376,0.1965,0.124,-0.510,0.334,0.113,0.260,0.090,0.000,0.000,23,17,0,0,0.297,0.132,0.202,0.051,0.022,0.015,29,13,8,6
0.176,0.841,0.676,0.2,0.291,1,0.3498,0.2150,0.248,0.180,0.334,0.113,0.260,0.090,0.000,0.000,23,17,0,0,0.297,0.132,0.202,0.051,0.022,0.015,29,13,8,6
0.171,0.463,0.186,3.14,0.186,0,0.3558,0.2290,0.095,-0.486,0.334,0.113,0.260,0.090,0.000,0.000,23,17,0,0,0.297,0.132,0.202,0.051,0.022,0.015,29,13,8,6
0.169,0.444,0.145,1.99,0.186,0,0.3562,0.2369,0.090,-0.326,0.334,0.113,0.260,0.090,0.000,0.000,23,17,0,0,0.297,0.132,0.202,0.051,0.022,0.015,29,13,8,6
0.203,0.708,0.420,0.85,0.046,0,0.3535,0.2427,0.139,0.06,0.334,0.113,0.260,0.090,0.000,0.000,23,17,0,0,0.297,0.132,0.202,0.051,0.022,0.015,29,13,8,6
0.208,0.750,0.768,-1.19,0.219,1,0.3401,0.2380,0.441,0.586,0.334,0.113,0.260,0.090,0.000,0.000,23,17,0,0,0.297,0.132,0.202,0.051,0.022,0.015,29,13,8,6
0.170,0.752,0.589,0,0.000,0,0.3280,0.2303,0.224,0.166,0.334,0.113,0.260,0.090,0.000,0.000,23,17,0,0,0.297,0.132,0.202,0.051,0.022,0.015,29,13,8,6
0.198,0.829,0.551,-0.42,0.180,0,0.3173,0.2224,0.265,0.318,0.334,0.113,0.260,0.090,0.000,0.000,23,17,0,0,0.297,0.132,0.202,0.051,0.022,0.015,29,13,8,6
0.154,0.790,0.580,0,0.000,0,0.3007,0.2086,0.303,0.166,0.334,0.113,0.260,0.090,0.000,0.000,23,17,0,0,0.297,0.132,0.202,0.051,0.022,0.015,29,13,8,6
0.168,0.439,0.446,1.99,0.186,0,0.2929,0.2023,0.081,-0.326,0.334,0.113,0.260,0.090,0.000,0.000,23,17,0,0,0.297,0.132,0.202,0.051,0.022,0.015,29,13,8,6
0.212,0.799,0.398,-0.08,0.108,0,0.3041,0.2151,0.168,0.059,0.334,0.113,0.260,0.090,0.000,0.000,23,17,0,0,0.297,0.132,0.202,0.051,0.022,0.015,29,13,8,6
0.235,0.477,0.662,-0.08,0.108,0,0.3237,0.2399,0.156,0.059,0.334,0.113,0.260,0.090,0.000,0.000,23,17,0,0,0.297,0.132,0.202,0.051,0.022,0.015,29,13,8,6
0.237,0.411,0.458,-0.42,0.180,0,0.3317,0.2560,0.206,0.318,0.334,0.113,0.260,0.090,0.000,0.000,23,17,0,0,0.297,0.132,0.202,0.051,0.022,0.015,29,13,8,6
0.253,0.359,0.299,1.99,0.186,0,0.3355,0.2692,0.068,-0.326,0.334,0.113,0.260,0.090,0.000,0.000,23,17,0,0,0.297,0.132,0.202,0.051,0.022,0.015,29,13,8,6
0.215,0.358,0.178,1.99,0.186,0,0.3437,0.2883,0.125,-0.326,0.334,0.113,0.260,0.090,0.000,0.000,23,17,0,0,0.297,0.132,0.202,0.051,0.022,0.015,29,13,8,6
0.177,0.447,0.419,0,0.000,0,0.3453,0.2985,0.226,0.166,0.334,0.113,0.260,0.090,0.000,0.000,23,17,0,0,0.297,0.132,0.202,0.051,0.022,0.015,29,13,8,6
0.177,0.412,0.459,1.99,0.186,0,0.3426,0.3024,0.086,-0.326,0.334,0.113,0.260,0.090,0.000,0.000,23,17,0,0,0.297,0.132,0.202,0.051,0.022,0.015,29,13,8,6
0.181,0.794,0.761,-1.19,0.219,1,0.3382,0.3019,0.351,0.586,0.334,0.113,0.260,0.090,0.000,0.000,23,17,0,0,0.297,0.132,0.202,0.051,0.022,0.015,29,13,8,6
0.187,0.806,0.746,-0.08,0.108,0,0.3374,0.3030,0.243,0.059,0.334,0.113,0.260,0.090,0.000,0.000,23,17,0,0,0.297,0.132,0.202,0.051,0.022,0.015,29,13,8,6
0.151,0.843,0.798,-0.52,0.062,0,0.3354,0.3002,0.238,0.341,0.334,0.113,0.260,0.090,0.000,0.000,23,17,0,0,0.297,0.132,0.202,0.051,0.022,0.015,29,13,8,6
0.124,0.820,0.944,-0.52,0.062,0,0.3374,0.2996,0.247,0.341,0.334,0.113,0.260,0.090,0.000,0.000,23,17,0,0,0.297,0.132,0.202,0.051,0.022,0.015,29,13,8,6
0.124,0.768,0.611,2.53,0.140,0,0.3457,0.3049,0.147,-0.121,0.334,0.113,0.260,0.090,0.000,0.000,23,17,0,0,0.297,0.132,0.202,0.051,0.022,0.015,29,13,8,6
0.136,0.853,0.717,-0.52,0.062,0,0.3647,0.3222,0.330,0.341,0.334,0.113,0.260,0.090,0.000,0.000,23,17,0,0,0.297,0.132,0.202,0.051,0.022,0.015,29,13,8,6
0.114,0.792,0.540,-0.52,0.062,0,0.3873,0.3441,0.204,0.341,0.334,0.113,0.260,0.090,0.000,0.000,23,17,0,0,0.297,0.132,0.202,0.051,0.022,0.015,29,13,8,6
0.121,0.343,0.131,1.69,0.290,0,0.4075,0.3652,0.065,-0.697,0.334,0.113,0.260,0.090,0.000,0.000,23,17,0,0,0.297,0.132,0.202,0.051,0.022,0.015,29,13,8,6
0.119,0.297,0.175,-0.79,0.151,-1,0.4315,0.3870,0.371,0.736,0.334,0.113,0.260,0.090,0.000,0.000,23,17,0,0,0.297,0.132,0.202,0.051,0.022,0.015,29,13,8,6
0.144,0.369,0.419,-1.19,0.219,1,0.4555,0.4080,0.461,0.586,0.334,0.113,0.260,0.090,0.000,0.000,23,17,0,0,0.297,0.132,0.202,0.051,0.022,0.015,29,13,8,6
0.151,0.272,0.013,1.42,0.221,0,0.4729,0.4210,0.075,-0.397,0.334,0.113,0.260,0.090,0.000,0.000,23,17,0,0,0.297,0.132,0.202,0.051,0.022,0.015,29,13,8,6
0.119,0.150,0.002,2.53,0.140,0,0.4930,0.4377,0.100,-0.121,0.334,0.113,0.260,0.090,0.000,0.000,23,17,0,0,0.297,0.132,0.202,0.051,0.022,0.015,29,13,8,6
0.102,0.150,0.001,-0.79,0.151,-1,0.5134,0.4542,0.464,0.736,0.334,0.113,0.260,0.090,0.000,0.000,23,17,0,0,0.297,0.132,0.202,0.051,0.022,0.015,29,13,8,6
0.101,0.169,0.003,-0.79,0.151,-1,0.5257,0.4631,0.397,0.736,0.334,0.113,0.260,0.090,0.000,0.000,23,17,0,0,0.297,0.132,0.202,0.051,0.022,0.015,29,13,8,6
0.092,0.199,0.076,-0.08,0.108,0,0.5258,0.4617,0.099,0.059,0.334,0.113,0.260,0.090,0.000,0.000,23,17,0,0,0.297,0.132,0.202,0.051,0.022,0.015,29,13,8,6
0.088,0.294,0.604,0.2,0.291,1,0.5208,0.4571,0.306,0.180,0.334,0.113,0.260,0.090,0.000,0.000,23,17,0,0,0.297,0.132,0.202,0.051,0.022,0.015,29,13,8,6
0.081,0.245,0.098,-0.79,0.151,-1,0.5178,0.4566,0.536,0.736,0.334,0.113,0.260,0.090,0.000,0.000,23,17,0,0,0.297,0.132,0.202,0.051,0.022,0.015,29,13,8,6
0.096,0.288,0.250,-0.52,0.062,0,0.5100,0.4569,0.317,0.341,0.334,0.113,0.260,0.090,0.000,0.000,23,17,0,0,0.297,0.132,0.202,0.051,0.022,0.015,29,13,8,6
0.114,0.250,0.075,3.14,0.186,0,0.5036,0.4659,0.089,-0.486,0.334,0.113,0.260,0.090,0.000,0.000,23,17,0,0,0.297,0.132,0.202,0.051,0.022,0.015,29,13,8,6
0.171,0.794,0.519,-1.19,0.219,1,0.5052,0.4897,0.470,0.586,0.334,0.113,0.260,0.090,0.000,0.000,23,17,0,0,0.297,0.132,0.202,0.051,0.022,0.015,29,13,8,6
0.138,0.399,0.298,-0.52,0.062,0,0.5122,0.5227,0.458,0.341,0.334,0.113,0.260,0.090,0.000,0.000,23,17,0,0,0.297,0.132,0.202,0.051,0.022,0.015,29,13,8,6
0.131,0.744,0.466,-0.42,0.180,0,0.5185,0.5659,0.378,0.318,0.334,0.113,0.260,0.090,0.000,0.000,23,17,0,0,0.297,0.132,0.202,0.051,0.022,0.015,29,13,8,6
0.129,0.301,0.208,-0.79,0.151,-1,0.5193,0.6140,0.382,0.736,0.334,0.113,0.260,0.090,0.000,0.000,23,17,0,0,0.297,0.132,0.202,0.051,0.022,0.015,29,13,8,6
0.162,0.424,0.781,0.2,0.291,1,0.5119,0.6636,0.380,0.180,0.334,0.113,0.260,0.090,0.000,0.000,23,17,0,0,0.297,0.132,0.202,0.051,0.022,0.015,29,13,8,6
0.207,0.450,0.416,-0.42,0.180,0,0.4951,0.7120,0.307,0.318,0.334,0.113,0.260,0.090,0.000,0.000,23,17,0,0,0.297,0.132,0.202,0.051,0.022,0.015,29,13,8,6
0.223,0.359,0.641,-0.08,0.108,0,0.4704,0.7570,0.341,0.059,0.334,0.113,0.260,0.090,0.000,0.000,23,17,0,0,0.297,0.132,0.202,0.051,0.022,0.015,29,13,8,6
0.217,0.248,0.260,3.14,0.186,0,0.4425,0.7976,0.238,-0.486,0.334,0.113,0.260,0.090,0.000,0.000,23,17,0,0,0.297,0.132,0.202,0.051,0.022,0.015,29,13,8,6
0.292,0.344,0.575,-1.19,0.219,1,0.4205,0.8350,0.477,0.586,0.334,0.113,0.260,0.090,0.000,0.000,23,17,0,0,0.297,0.132,0.202,0.051,0.022,0.015,29,13,8,6
0.283,0.220,0.148,3.14,0.186,0,0.4185,0.8721,0.254,-0.486,0.334,0.113,0.260,0.090,0.000,0.000,23,17,0,0,0.297,0.132,0.202,0.051,0.022,0.015,29,13,8,6
0.307,0.274,0.577,-1.19,0.219,1,0.4563,0.9148,0.700,0.586,0.334,0.113,0.260,0.090,0.000,0.000,23,17,0,0,0.297,0.132,0.202,0.051,0.022,0.015,29,13,8,6
