0.161,0.049,0.455,1.42,0.221,0,0.1480,0.7380,0.649,-0.397,0.255,0.089,0.075,0.013,0.000,0.000,8,3,0,0,0.248,0.112,0.058,0.046,0.025,0.008,7,6,4,1
0.155,0.049,0.330,-1.1,0.105,-1,0.0669,0.6259,0.463,0.192,0.255,0.089,0.075,0.013,0.000,0.000,8,3,0,0,0.248,0.112,0.058,0.046,0.025,0.008,7,6,4,1
0.165,0.047,0.261,2.53,0.140,0,0.0791,0.5717,0.293,-0.121,0.255,0.089,0.075,0.013,0.000,0.000,8,3,0,0,0.248,0.112,0.058,0.046,0.025,0.008,7,6,4,1
0.222,0.051,0.184,0.85,0.046,0,0.1343,0.5420,0.337,0.06,0.255,0.089,0.075,0.013,0.000,0.000,8,3,0,0,0.248,0.112,0.058,0.046,0.025,0.008,7,6,4,1
0.232,0.061,0.566,0,0.000,0,0.1975,0.5145,0.303,0.166,0.255,0.089,0.075,0.013,0.000,0.000,8,3,0,0,0.248,0.112,0.058,0.046,0.025,0.008,7,6,4,1
0.187,0.072,0.518,1.99,0.186,0,0.2471,0.4766,0.163,-0.326,0.255,0.089,0.075,0.013,0.000,0.000,8,3,0,0,0.248,0.112,0.058,0.046,0.025,0.008,7,6,4,1
0.179,0.088,0.710,-0.08,0.108,0,0.2722,0.4238,0.326,0.059,0.255,0.089,0.075,0.013,0.000,0.000,8,3,0,0,0.248,0.112,0.058,0.046,0.025,0.008,7,6,4,1
0.171,0.102,0.641,-1.1,0.105,-1,0.2709,0.3575,0.338,0.192,0.255,0.089,0.075,0.013,0.000,0.000,8,3,0,0,0.248,0.112,0.058,0.046,0.025,0.008,7,6,4,1
0.172,0.110,0.667,2.1,0.128,0,0.2480,0.2837,0.135,0.02,0.255,0.089,0.075,0.013,0.000,0.000,8,3,0,0,0.248,0.112,0.058,0.046,0.025,0.008,7,6,4,1
0.141,0.121,0.573,0,0.000,0,0.2124,0.2111,0.258,0.166,0.255,0.089,0.075,0.013,0.000,0.000,8,3,0,0,0.248,0.112,0.058,0.046,0.025,0.008,7,6,4,1
0.127,0.112,0.649,1.99,0.186,0,0.1882,0.1603,0.189,-0.326,0.255,0.089,0.075,0.013,0.000,0.000,8,3,0,0,0.248,0.112,0.058,0.046,0.025,0.008,7,6,4,1
0.119,0.187,0.606,3.14,0.186,0,0.1755,0.1287,0.120,-0.486,0.255,0.089,0.075,0.013,0.000,0.000,8,3,0,0,0.248,0.112,0.058,0.046,0.025,0.008,7,6,4,1
0.119,0.362,0.818,0.2,0.291,1,0.1771,0.1209,0.329,0.180,0.255,0.089,0.075,0.013,0.000,0.000,8,3,0,0,0.248,0.112,0.058,0.046,0.025,0.008,7,6,4,1
0.097,0.376,0.605,-1.19,0.219,1,0.1900,0.1314,0.409,0.586,0.255,0.089,0.075,0.013,0.000,0.000,8,3,0,0,0.248,0.112,0.058,0.046,0.025,0.008,7,6,4,1
0.120,0.328,0.624,-0.52,0.062,0,0.2063,0.1505,0.319,0.341,0.255,0.089,0.075,0.013,0.000,0.000,8,3,0,0,0.248,0.112,0.058,0.046,0.025,0.008,7,6,4,1
0.126,0.322,0.594,-0.48,0.134,0,0.2224,0.1739,0.384,0.007,0.255,0.089,0.075,0.013,0.000,0.000,8,3,0,0,0.248,0.112,0.058,0.046,0.025,0.008,7,6,4,1
0.123,0.266,0.698,-0.42,0.180,0,0.2321,0.1918,0.397,0.318,0.255,0.089,0.075,0.013,0.000,0.000,8,3,0,0,0.248,0.112,0.058,0.046,0.025,0.008,7,6,4,1
0.134,0.224,0.335,-1.1,0.105,-1,0.2316,0.2013,0.347,0.192,0.255,0.089,0.075,0.013,0.000,0.000,8,3,0,0,0.248,0.112,0.058,0.046,0.025,0.008,7,6,4,1
0.115,0.206,0.451,0.85,0.046,0,0.2167,0.1972,0.172,0.06,0.255,0.089,0.075,0.013,0.000,0.000,8,3,0,0,0.248,0.112,0.058,0.046,0.025,0.008,7,6,4,1
0.092,0.256,0.361,1.69,0.290,0,0.1952,0.1859,0.206,-0.697,0.255,0.089,0.075,0.013,0.000,0.000,8,3,0,0,0.248,0.112,0.058,0.046,0.025,0.008,7,6,4,1
0.088,0.323,0.261,1.37,0.298,0,0.1708,0.1746,0.299,-0.510,0.255,0.089,0.075,0.013,0.000,0.000,8,3,0,0,0.248,0.112,0.058,0.046,0.025,0.008,7,6,4,1
0.088,0.221,0.090,3.14,0.186,0,0.1545,0.1670,0.126,-0.486,0.255,0.089,0.075,0.013,0.000,0.000,8,3,0,0,0.248,0.112,0.058,0.046,0.025,0.008,7,6,4,1
0.091,0.313,0.138,-1.1,0.105,-1,0.1447,0.1623,0.236,0.192,0.255,0.089,0.075,0.013,0.000,0.000,8,3,0,0,0.248,0.112,0.058,0.046,0.025,0.008,7,6,4,1
0.084,0.327,0.123,-0.79,0.151,-1,0.1355,0.1558,0.430,0.736,0.255,0.089,0.075,0.013,0.000,0.000,8,3,0,0,0.248,0.112,0.058,0.046,0.025,0.008,7,6,4,1
0.068,0.385,0.318,-1.19,0.219,1,0.1254,0.1470,0.468,0.586,0.255,0.089,0.075,0.013,0.000,0.000,8,3,0,0,0.248,0.112,0.058,0.046,0.025,0.008,7,6,4,1
0.068,0.369,0.128,0.22,0.230,0,0.1252,0.1465,0.273,0.303,0.255,0.089,0.075,0.013,0.000,0.000,8,3,0,0,0.248,0.112,0.058,0.046,0.025,0.008,7,6,4,1
0.082,0.373,0.156,-0.42,0.180,0,0.1302,0.1514,0.333,0.318,0.255,0.089,0.075,0.013,0.000,0.000,8,3,0,0,0.248,0.112,0.058,0.046,0.025,0.008,7,6,4,1
0.087,0.787,0.264,0.2,0.291,1,0.1384,0.1591,0.270,0.180,0.255,0.089,0.075,0.013,0.000,0.000,8,3,0,0,0.248,0.112,0.058,0.046,0.025,0.008,7,6,4,1
0.097,0.383,0.061,1.69,0.290,0,0.1555,0.1751,0.056,-0.697,0.255,0.089,0.075,0.013,0.000,0.000,8,3,0,0,0.248,0.112,0.058,0.046,0.025,0.008,7,6,4,1
0.097,0.749,0.029,1.69,0.290,0,0.1868,0.2023,0.074,-0.697,0.255,0.089,0.075,0.013,0.000,0.000,8,3,0,0,0.248,0.112,0.058,0.046,0.025,0.008,7,6,4,1
0.121,0.349,0.052,3.14,0.186,0,0.2357,0.2449,0.071,-0.486,0.255,0.089,0.075,0.013,0.000,0.000,8,3,0,0,0.248,0.112,0.058,0.046,0.025,0.008,7,6,4,1
0.138,0.401,0.125,2.53,0.140,0,0.2911,0.2933,0.048,-0.121,0.255,0.089,0.075,0.013,0.000,0.000,8,3,0,0,0.248,0.112,0.058,0.046,0.025,0.008,7,6,4,1
0.115,0.349,0.126,0.85,0.046,0,0.3329,0.3314,0.044,0.06,0.255,0.089,0.075,0.013,0.000,0.000,8,3,0,0,0.248,0.112,0.058,0.046,0.025,0.008,7,6,4,1
0.098,0.308,0.542,-1.1,0.105,-1,0.3505,0.3488,0.171,0.192,0.255,0.089,0.075,0.013,0.000,0.000,8,3,0,0,0.248,0.112,0.058,0.046,0.025,0.008,7,6,4,1
0.121,0.347,0.462,0,0.000,0,0.3523,0.3524,0.168,0.166,0.255,0.089,0.075,0.013,0.000,0.000,8,3,0,0,0.248,0.112,0.058,0.046,0.025,0.008,7,6,4,1
0.102,0.326,0.668,1.42,0.221,0,0.3430,0.3473,0.200,-0.397,0.255,0.089,0.075,0.013,0.000,0.000,8,3,0,0,0.248,0.112,0.058,0.046,0.025,0.008,7,6,4,1
0.099,0.361,0.681,0,0.000,0,0.3241,0.3304,0.198,0.166,0.255,0.089,0.075,0.013,0.000,0.000,8,3,0,0,0.248,0.112,0.058,0.046,0.025,0.008,7,6,4,1
0.102,0.341,0.651,0,0.000,0,0.3113,0.3168,0.223,0.166,0.255,0.089,0.075,0.013,0.000,0.000,8,3,0,0,0.248,0.112,0.058,0.046,0.025,0.008,7,6,4,1
0.099,0.361,0.738,0.22,0.230,0,0.3144,0.3151,0.326,0.303,0.255,0.089,0.075,0.013,0.000,0.000,8,3,0,0,0.248,0.112,0.058,0.046,0.025,0.008,7,6,4,1
0.120,0.338,0.530,0.85,0.046,0,0.3356,0.3263,0.301,0.06,0.255,0.089,0.075,0.013,0.000,0.000,8,3,0,0,0.248,0.112,0.058,0.046,0.025,0.008,7,6,4,1
0.139,0.321,0.296,0,0.000,0,0.3669,0.3464,0.257,0.166,0.255,0.089,0.075,0.013,0.000,0.000,8,3,0,0,0.248,0.112,0.058,0.046,0.025,0.008,7,6,4,1
0.153,0.264,0.348,0,0.000,0,0.3987,0.3672,0.207,0.166,0.255,0.089,0.075,0.013,0.000,0.000,8,3,0,0,0.248,0.112,0.058,0.046,0.025,0.008,7,6,4,1
0.149,0.229,0.199,-0.79,0.151,-1,0.4253,0.3855,0.445,0.736,0.255,0.089,0.075,0.013,0.000,0.000,8,3,0,0,0.248,0.112,0.058,0.046,0.025,0.008,7,6,4,1
0.154,0.214,0.096,-0.79,0.151,-1,0.4397,0.3948,0.392,0.736,0.255,0.089,0.075,0.013,0.000,0.000,8,3,0,0,0.248,0.112,0.058,0.046,0.025,0.008,7,6,4,1
0.155,0.184,0.003,0.85,0.046,0,0.4372,0.3922,0.084,0.06,0.255,0.089,0.075,0.013,0.000,0.000,8,3,0,0,0.248,0.112,0.058,0.046,0.025,0.008,7,6,4,1
0.136,0.250,0.095,-0.52,0.062,0,0.4246,0.3835,0.143,0.341,0.255,0.089,0.075,0.013,0.000,0.000,8,3,0,0,0.248,0.112,0.058,0.046,0.025,0.008,7,6,4,1
0.130,0.352,0.330,0.2,0.291,1,0.3975,0.3644,0.424,0.180,0.255,0.089,0.075,0.013,0.000,0.000,8,3,0,0,0.248,0.112,0.058,0.046,0.025,0.008,7,6,4,1
0.104,0.184,0.091,1.99,0.186,0,0.3661,0.3409,0.208,-0.326,0.255,0.089,0.075,0.013,0.000,0.000,8,3,0,0,0.248,0.112,0.058,0.046,0.025,0.008,7,6,4,1
0.097,0.162,0.002,0.85,0.046,0,0.3392,0.3205,0.056,0.06,0.255,0.089,0.075,0.013,0.000,0.000,8,3,0,0,0.248,0.112,0.058,0.046,0.025,0.008,7,6,4,1
0.097,0.178,0.025,2.53,0.140,0,0.3187,0.3027,0.127,-0.121,0.255,0.089,0.075,0.013,0.000,0.000,8,3,0,0,0.248,0.112,0.058,0.046,0.025,0.008,7,6,4,1
0.096,0.190,0.221,-1.1,0.105,-1,0.3010,0.2859,0.399,0.192,0.255,0.089,0.075,0.013,0.000,0.000,8,3,0,0,0.248,0.112,0.058,0.046,0.025,0.008,7,6,4,1
0.076,0.177,0.099,0.22,0.230,0,0.2790,0.2646,0.234,0.303,0.255,0.089,0.075,0.013,0.000,0.000,8,3,0,0,0.248,0.112,0.058,0.046,0.025,0.008,7,6,4,1
0.071,0.091,0.001,3.14,0.186,0,0.2617,0.2481,0.032,-0.486,0.255,0.089,0.075,0.013,0.000,0.000,8,3,0,0,0.248,0.112,0.058,0.046,0.025,0.008,7,6,4,1
0.088,0.213,0.117,0.2,0.291,1,0.2548,0.2423,0.324,0.180,0.255,0.089,0.075,0.013,0.000,0.000,8,3,0,0,0.248,0.112,0.058,0.046,0.025,0.008,7,6,4,1
0.104,0.133,0.108,-0.42,0.180,0,0.2546,0.2421,0.486,0.318,0.255,0.089,0.075,0.013,0.000,0.000,8,3,0,0,0.248,0.112,0.058,0.046,0.025,0.008,7,6,4,1
0.111,0.129,0.024,1.37,0.298,0,0.2536,0.2410,0.171,-0.510,0.255,0.089,0.075,0.013,0.000,0.000,8,3,0,0,0.248,0.112,0.058,0.046,0.025,0.008,7,6,4,1
0.102,0.088,0.002,1.99,0.186,0,0.2549,0.2417,0.077,-0.326,0.255,0.089,0.075,0.013,0.000,0.000,8,3,0,0,0.248,0.112,0.058,0.046,0.025,0.008,7,6,4,1
0.093,0.094,0.003,-0.79,0.151,-1,0.2672,0.2511,0.441,0.736,0.255,0.089,0.075,0.013,0.000,0.000,8,3,0,0,0.248,0.112,0.058,0.046,0.025,0.008,7,6,4,1
0.094,0.095,0.002,-0.08,0.108,0,0.2844,0.2657,0.400,0.059,0.255,0.089,0.075,0.013,0.000,0.000,8,3,0,0,0.248,0.112,0.058,0.046,0.025,0.008,7,6,4,1
0.089,0.121,0.002,0.22,0.230,0,0.2890,0.2699,0.200,0.303,0.255,0.089,0.075,0.013,0.000,0.000,8,3,0,0,0.248,0.112,0.058,0.046,0.025,0.008,7,6,4,1
0.088,0.080,0.001,1.99,0.186,0,0.2933,0.2756,0.149,-0.326,0.255,0.089,0.075,0.013,0.000,0.000,8,3,0,0,0.248,0.112,0.058,0.046,0.025,0.008,7,6,4,1
0.091,0.084,0.001,-0.79,0.151,-1,0.2876,0.2734,0.555,0.736,0.255,0.089,0.075,0.013,0.000,0.000,8,3,0,0,0.248,0.112,0.058,0.046,0.025,0.008,7,6,4,1
0.089,0.096,0.002,-1.1,0.105,-1,0.2704,0.2607,0.437,0.192,0.255,0.089,0.075,0.013,0.000,0.000,8,3,0,0,0.248,0.112,0.058,0.046,0.025,0.008,7,6,4,1
0.088,0.096,0.005,1.99,0.186,0,0.2458,0.2414,0.171,-0.326,0.255,0.089,0.075,0.013,0.000,0.000,8,3,0,0,0.248,0.112,0.058,0.046,0.025,0.008,7,6,4,1
0.085,0.165,0.005,-0.42,0.180,0,0.2273,0.2282,0.488,0.318,0.255,0.089,0.075,0.013,0.000,0.000,8,3,0,0,0.248,0.112,0.058,0.046,0.025,0.008,7,6,4,1
0.072,0.162,0.072,0.22,0.230,0,0.2229,0.2264,0.486,0.303,0.255,0.089,0.075,0.013,0.000,0.000,8,3,0,0,0.248,0.112,0.058,0.046,0.025,0.008,7,6,4,1
0.080,0.167,0.040,-1.1,0.105,-1,0.2209,0.2265,0.365,0.192,0.255,0.089,0.075,0.013,0.000,0.000,8,3,0,0,0.248,0.112,0.058,0.046,0.025,0.008,7,6,4,1
0.081,0.171,0.011,-1.14,0.131,0,0.2194,0.2233,0.273,0.987,0.255,0.089,0.075,0.013,0.000,0.000,8,3,0,0,0.248,0.112,0.058,0.046,0.025,0.008,7,6,4,1
0.101,0.165,0.136,2.53,0.140,0,0.2171,0.2175,0.127,-0.121,0.255,0.089,0.075,0.013,0.000,0.000,8,3,0,0,0.248,0.112,0.058,0.046,0.025,0.008,7,6,4,1
0.090,0.233,0.208,-0.08,0.108,0,0.2099,0.2055,0.274,0.059,0.255,0.089,0.075,0.013,0.000,0.000,8,3,0,0,0.248,0.112,0.058,0.046,0.025,0.008,7,6,4,1
0.090,0.150,0.005,1.99,0.186,0,0.2036,0.1943,0.152,-0.326,0.255,0.089,0.075,0.013,0.000,0.000,8,3,0,0,0.248,0.112,0.058,0.046,0.025,0.008,7,6,4,1
0.091,0.157,0.002,1.99,0.186,0,0.2001,0.1880,0.090,-0.326,0.255,0.089,0.075,0.013,0.000,0.000,8,3,0,0,0.248,0.112,0.058,0.046,0.025,0.008,7,6,4,1
0.109,0.267,0.197,0.2,0.291,1,0.2051,0.1896,0.299,0.180,0.255,0.089,0.075,0.013,0.000,0.000,8,3,0,0,0.248,0.112,0.058,0.046,0.025,0.008,7,6,4,1
0.113,0.228,0.066,-0.42,0.180,0,0.2006,0.1835,0.324,0.318,0.255,0.089,0.075,0.013,0.000,0.000,8,3,0,0,0.248,0.112,0.058,0.046,0.025,0.008,7,6,4,1
0.093,0.159,0.004,0.85,0.046,0,0.1831,0.1646,0.078,0.06,0.255,0.089,0.075,0.013,0.000,0.000,8,3,0,0,0.248,0.112,0.058,0.046,0.025,0.008,7,6,4,1
0.093,0.153,0.036,1.69,0.290,0,0.1769,0.1562,0.127,-0.697,0.255,0.089,0.075,0.013,0.000,0.000,8,3,0,0,0.248,0.112,0.058,0.046,0.025,0.008,7,6,4,1
0.083,0.143,0.118,1.99,0.186,0,0.1816,0.1578,0.294,-0.326,0.255,0.089,0.075,0.013,0.000,0.000,8,3,0,0,0.248,0.112,0.058,0.046,0.025,0.008,7,6,4,1
0.090,0.181,0.057,0.85,0.046,0,0.1962,0.1663,0.327,0.06,0.255,0.089,0.075,0.013,0.000,0.000,8,3,0,0,0.248,0.112,0.058,0.046,0.025,0.008,7,6,4,1
0.092,0.185,0.004,0.85,0.046,0,0.2190,0.1827,0.178,0.06,0.255,0.089,0.075,0.013,0.000,0.000,8,3,0,0,0.248,0.112,0.058,0.046,0.025,0.008,7,6,4,1
0.077,0.244,0.115,-0.48,0.134,0,0.2402,0.1989,0.226,0.007,0.255,0.089,0.075,0.013,0.000,0.000,8,3,0,0,0.248,0.112,0.058,0.046,0.025,0.008,7,6,4,1
0.086,0.263,0.068,0.22,0.230,0,0.2625,0.2164,0.341,0.303,0.255,0.089,0.075,0.013,0.000,0.000,8,3,0,0,0.248,0.112,0.058,0.046,0.025,0.008,7,6,4,1
0.086,0.179,0.001,0.85,0.046,0,0.2747,0.2241,0.264,0.06,0.255,0.089,0.075,0.013,0.000,0.000,8,3,0,0,0.248,0.112,0.058,0.046,0.025,0.008,7,6,4,1
0.090,0.164,0.001,3.14,0.186,0,0.3005,0.2425,0.142,-0.486,0.255,0.089,0.075,0.013,0.000,0.000,8,3,0,0,0.248,0.112,0.058,0.046,0.025,0.008,7,6,4,1
0.087,0.131,0.049,2.53,0.140,0,0.3474,0.2783,0.152,-0.121,0.255,0.089,0.075,0.013,0.000,0.000,8,3,0,0,0.248,0.112,0.058,0.046,0.025,0.008,7,6,4,1
0.087,0.146,0.004,-0.79,0.151,-1,0.3996,0.3171,0.354,0.736,0.255,0.089,0.075,0.013,0.000,0.000,8,3,0,0,0.248,0.112,0.058,0.046,0.025,0.008,7,6,4,1
0.090,0.177,0.006,-0.42,0.180,0,0.4480,0.3506,0.351,0.318,0.255,0.089,0.075,0.013,0.000,0.000,8,3,0,0,0.248,0.112,0.058,0.046,0.025,0.008,7,6,4,1
0.112,0.176,0.006,-0.42,0.180,0,0.4853,0.3727,0.284,0.318,0.255,0.089,0.075,0.013,0.000,0.000,8,3,0,0,0.248,0.112,0.058,0.046,0.025,0.008,7,6,4,1
0.107,0.244,0.141,0.2,0.291,1,0.5091,0.3847,0.383,0.180,0.255,0.089,0.075,0.013,0.000,0.000,8,3,0,0,0.248,0.112,0.058,0.046,0.025,0.008,7,6,4,1
0.101,0.177,0.065,-0.42,0.180,0,0.5212,0.3921,0.441,0.318,0.255,0.089,0.075,0.013,0.000,0.000,8,3,0,0,0.248,0.112,0.058,0.046,0.025,0.008,7,6,4,1
0.101,0.170,0.104,-0.48,0.134,0,0.5149,0.3890,0.337,0.007,0.255,0.089,0.075,0.013,0.000,0.000,8,3,0,0,0.248,0.112,0.058,0.046,0.025,0.008,7,6,4,1
0.119,0.185,0.070,-0.52,0.062,0,0.4987,0.3801,0.301,0.341,0.255,0.089,0.075,0.013,0.000,0.000,8,3,0,0,0.248,0.112,0.058,0.046,0.025,0.008,7,6,4,1
0.111,0.147,0.023,0.85,0.046,0,0.4696,0.3639,0.351,0.06,0.255,0.089,0.075,0.013,0.000,0.000,8,3,0,0,0.248,0.112,0.058,0.046,0.025,0.008,7,6,4,1
0.108,0.304,0.211,0.2,0.291,1,0.4268,0.3334,0.414,0.180,0.255,0.089,0.075,0.013,0.000,0.000,8,3,0,0,0.248,0.112,0.058,0.046,0.025,0.008,7,6,4,1
0.110,0.211,0.095,0.85,0.046,0,0.3812,0.3033,0.357,0.06,0.255,0.089,0.075,0.013,0.000,0.000,8,3,0,0,0.248,0.112,0.058,0.046,0.025,0.008,7,6,4,1
0.109,0.213,0.286,-1.1,0.105,-1,0.3463,0.2804,0.434,0.192,0.255,0.089,0.075,0.013,0.000,0.000,8,3,0,0,0.248,0.112,0.058,0.046,0.025,0.008,7,6,4,1
0.129,0.228,0.185,1.42,0.221,0,0.3389,0.2769,0.254,-0.397,0.255,0.089,0.075,0.013,0.000,0.000,8,3,0,0,0.248,0.112,0.058,0.046,0.025,0.008,7,6,4,1
0.109,0.304,0.268,0,0.000,0,0.3442,0.2810,0.271,0.166,0.255,0.089,0.075,0.013,0.000,0.000,8,3,0,0,0.248,0.112,0.058,0.046,0.025,0.008,7,6,4,1
0.139,0.327,0.226,-0.08,0.108,0,0.3489,0.2846,0.177,0.059,0.255,0.089,0.075,0.013,0.000,0.000,8,3,0,0,0.248,0.112,0.058,0.046,0.025,0.008,7,6,4,1
0.136,0.368,0.140,-0.08,0.108,0,0.3485,0.2839,0.191,0.059,0.255,0.089,0.075,0.013,0.000,0.000,8,3,0,0,0.248,0.112,0.058,0.046,0.025,0.008,7,6,4,1
0.135,0.368,0.028,0.85,0.046,0,0.3338,0.2724,0.047,0.06,0.255,0.089,0.075,0.013,0.000,0.000,8,3,0,0,0.248,0.112,0.058,0.046,0.025,0.008,7,6,4,1
0.165,0.320,0.008,2.53,0.140,0,0.3087,0.2539,0.030,-0.121,0.255,0.089,0.075,0.013,0.000,0.000,8,3,0,0,0.248,0.112,0.058,0.046,0.025,0.008,7,6,4,1
0.158,0.326,0.002,2.53,0.140,0,0.2767,0.2319,0.054,-0.121,0.255,0.089,0.075,0.013,0.000,0.000,8,3,0,0,0.248,0.112,0.058,0.046,0.025,0.008,7,6,4,1
0.110,0.268,0.001,3.14,0.186,0,0.2419,0.2084,0.066,-0.486,0.255,0.089,0.075,0.013,0.000,0.000,8,3,0,0,0.248,0.112,0.058,0.046,0.025,0.008,7,6,4,1
0.109,0.305,0.009,1.99,0.186,0,0.2060,0.1827,0.034,-0.326,0.255,0.089,0.075,0.013,0.000,0.000,8,3,0,0,0.248,0.112,0.058,0.046,0.025,0.008,7,6,4,1
0.109,0.234,0.004,1.99,0.186,0,0.1787,0.1617,0.043,-0.326,0.255,0.089,0.075,0.013,0.000,0.000,8,3,0,0,0.248,0.112,0.058,0.046,0.025,0.008,7,6,4,1
0.121,0.206,0.169,-1.1,0.105,-1,0.1538,0.1428,0.183,0.192,0.255,0.089,0.075,0.013,0.000,0.000,8,3,0,0,0.248,0.112,0.058,0.046,0.025,0.008,7,6,4,1
0.116,0.277,0.243,-0.79,0.151,-1,0.1388,0.1323,0.414,0.736,0.255,0.089,0.075,0.013,0.000,0.000,8,3,0,0,0.248,0.112,0.058,0.046,0.025,0.008,7,6,4,1
0.116,0.780,0.312,-1.19,0.219,1,0.1281,0.1257,0.506,0.586,0.255,0.089,0.075,0.013,0.000,0.000,8,3,0,0,0.248,0.112,0.058,0.046,0.025,0.008,7,6,4,1
0.118,0.346,0.110,0,0.000,0,0.1253,0.1243,0.330,0.166,0.255,0.089,0.075,0.013,0.000,0.000,8,3,0,0,0.248,0.112,0.058,0.046,0.025,0.008,7,6,4,1
0.130,0.294,0.063,-1.1,0.105,-1,0.1293,0.1272,0.315,0.192,0.255,0.089,0.075,0.013,0.000,0.000,8,3,0,0,0.248,0.112,0.058,0.046,0.025,0.008,7,6,4,1
0.134,0.700,0.308,0.2,0.291,1,0.1333,0.1283,0.385,0.180,0.255,0.089,0.075,0.013,0.000,0.000,8,3,0,0,0.248,0.112,0.058,0.046,0.025,0.008,7,6,4,1
0.131,0.269,0.017,0.85,0.046,0,0.1420,0.1348,0.217,0.06,0.255,0.089,0.075,0.013,0.000,0.000,8,3,0,0,0.248,0.112,0.058,0.046,0.025,0.008,7,6,4,1
0.117,0.473,0.213,1.76,0.409,0,0.1566,0.1446,0.131,-0.884,0.255,0.089,0.075,0.013,0.000,0.000,8,3,0,0,0.248,0.112,0.058,0.046,0.025,0.008,7,6,4,1
0.124,0.360,0.012,2.1,0.128,0,0.1731,0.1556,0.070,0.02,0.255,0.089,0.075,0.013,0.000,0.000,8,3,0,0,0.248,0.112,0.058,0.046,0.025,0.008,7,6,4,1
0.086,0.431,0.088,0.85,0.046,0,0.1937,0.1673,0.228,0.06,0.255,0.089,0.075,0.013,0.000,0.000,8,3,0,0,0.248,0.112,0.058,0.046,0.025,0.008,7,6,4,1
0.090,0.559,0.409,0.22,0.230,0,0.2061,0.1733,0.265,0.303,0.255,0.089,0.075,0.013,0.000,0.000,8,3,0,0,0.248,0.112,0.058,0.046,0.025,0.008,7,6,4,1
0.117,0.485,0.114,2.53,0.140,0,0.2081,0.1718,0.133,-0.121,0.255,0.089,0.075,0.013,0.000,0.000,8,3,0,0,0.248,0.112,0.058,0.046,0.025,0.008,7,6,4,1
0.137,0.529,0.302,0,0.000,0,0.1999,0.1634,0.265,0.166,0.255,0.089,0.075,0.013,0.000,0.000,8,3,0,0,0.248,0.112,0.058,0.046,0.025,0.008,7,6,4,1
0.107,0.516,0.367,-1.1,0.105,-1,0.1907,0.1553,0.347,0.192,0.255,0.089,0.075,0.013,0.000,0.000,8,3,0,0,0.248,0.112,0.058,0.046,0.025,0.008,7,6,4,1
0.105,0.462,0.281,-0.52,0.062,0,0.1733,0.1398,0.325,0.341,0.255,0.089,0.075,0.013,0.000,0.000,8,3,0,0,0.248,0.112,0.058,0.046,0.025,0.008,7,6,4,1
0.105,0.776,0.439,0.2,0.291,1,0.1607,0.1290,0.371,0.180,0.255,0.089,0.075,0.013,0.000,0.000,8,3,0,0,0.248,0.112,0.058,0.046,0.025,0.008,7,6,4,1
0.098,0.436,0.091,3.14,0.186,0,0.1677,0.1313,0.127,-0.486,0.255,0.089,0.075,0.013,0.000,0.000,8,3,0,0,0.248,0.112,0.058,0.046,0.025,0.008,7,6,4,1
0.095,0.733,0.188,1.37,0.298,0,0.1949,0.1479,0.229,-0.510,0.255,0.089,0.075,0.013,0.000,0.000,8,3,0,0,0.248,0.112,0.058,0.046,0.025,0.008,7,6,4,1
0.131,0.781,0.448,0.2,0.291,1,0.2288,0.1697,0.400,0.180,0.255,0.089,0.075,0.013,0.000,0.000,8,3,0,0,0.248,0.112,0.058,0.046,0.025,0.008,7,6,4,1
0.134,0.717,0.272,1.76,0.409,0,0.2642,0.1939,0.159,-0.884,0.255,0.089,0.075,0.013,0.000,0.000,8,3,0,0,0.248,0.112,0.058,0.046,0.025,0.008,7,6,4,1
0.128,0.712,0.721,0.2,0.291,1,0.2869,0.2088,0.265,0.180,0.255,0.089,0.075,0.013,0.000,0.000,8,3,0,0,0.248,0.112,0.058,0.046,0.025,0.008,7,6,4,1
0.128,0.361,0.642,-1.19,0.219,1,0.2991,0.2156,0.412,0.586,0.255,0.089,0.075,0.013,0.000,0.000,8,3,0,0,0.248,0.112,0.058,0.046,0.025,0.008,7,6,4,1
0.121,0.203,0.262,-1.1,0.105,-1,0.2988,0.2147,0.460,0.192,0.255,0.089,0.075,0.013,0.000,0.000,8,3,0,0,0.248,0.112,0.058,0.046,0.025,0.008,7,6,4,1
0.082,0.357,0.218,-0.42,0.180,0,0.2820,0.2021,0.311,0.318,0.255,0.089,0.075,0.013,0.000,0.000,8,3,0,0,0.248,0.112,0.058,0.046,0.025,0.008,7,6,4,1
0.083,0.212,0.298,1.99,0.186,0,0.2582,0.1846,0.145,-0.326,0.255,0.089,0.075,0.013,0.000,0.000,8,3,0,0,0.248,0.112,0.058,0.046,0.025,0.008,7,6,4,1
0.079,0.310,0.408,-0.42,0.180,0,0.2409,0.1714,0.455,0.318,0.255,0.089,0.075,0.013,0.000,0.000,8,3,0,0,0.248,0.112,0.058,0.046,0.025,0.008,7,6,4,1
0.074,0.251,0.251,-0.42,0.180,0,0.2281,0.1624,0.456,0.318,0.255,0.089,0.075,0.013,0.000,0.000,8,3,0,0,0.248,0.112,0.058,0.046,0.025,0.008,7,6,4,1
0.076,0.182,0.238,3.14,0.186,0,0.2328,0.1652,0.147,-0.486,0.255,0.089,0.075,0.013,0.000,0.000,8,3,0,0,0.248,0.112,0.058,0.046,0.025,0.008,7,6,4,1
0.086,0.251,0.182,-0.08,0.108,0,0.2444,0.1735,0.295,0.059,0.255,0.089,0.075,0.013,0.000,0.000,8,3,0,0,0.248,0.112,0.058,0.046,0.025,0.008,7,6,4,1
0.080,0.254,0.373,-0.52,0.062,0,0.2604,0.1855,0.410,0.341,0.255,0.089,0.075,0.013,0.000,0.000,8,3,0,0,0.248,0.112,0.058,0.046,0.025,0.008,7,6,4,1
0.115,0.257,0.350,-1.1,0.105,-1,0.2697,0.1949,0.413,0.192,0.255,0.089,0.075,0.013,0.000,0.000,8,3,0,0,0.248,0.112,0.058,0.046,0.025,0.008,7,6,4,1
0.113,0.304,0.402,0.22,0.230,0,0.2753,0.2015,0.275,0.303,0.255,0.089,0.075,0.013,0.000,0.000,8,3,0,0,0.248,0.112,0.058,0.046,0.025,0.008,7,6,4,1
0.096,0.336,0.362,-0.08,0.108,0,0.2604,0.1922,0.341,0.059,0.255,0.089,0.075,0.013,0.000,0.000,8,3,0,0,0.248,0.112,0.058,0.046,0.025,0.008,7,6,4,1
0.099,0.355,0.319,1.76,0.409,0,0.2401,0.1816,0.161,-0.884,0.255,0.089,0.075,0.013,0.000,0.000,8,3,0,0,0.248,0.112,0.058,0.046,0.025,0.008,7,6,4,1
0.098,0.176,0.118,3.14,0.186,0,0.2160,0.1658,0.091,-0.486,0.255,0.089,0.075,0.013,0.000,0.000,8,3,0,0,0.248,0.112,0.058,0.046,0.025,0.008,7,6,4,1
0.096,0.155,0.232,0.85,0.046,0,0.2093,0.1612,0.162,0.06,0.255,0.089,0.075,0.013,0.000,0.000,8,3,0,0,0.248,0.112,0.058,0.046,0.025,0.008,7,6,4,1
0.080,0.282,0.084,-0.42,0.180,0,0.2117,0.1626,0.291,0.318,0.255,0.089,0.075,0.013,0.000,0.000,8,3,0,0,0.248,0.112,0.058,0.046,0.025,0.008,7,6,4,1
0.080,0.189,0.005,0.85,0.046,0,0.2075,0.1592,0.053,0.06,0.255,0.089,0.075,0.013,0.000,0.000,8,3,0,0,0.248,0.112,0.058,0.046,0.025,0.008,7,6,4,1
0.083,0.155,0.118,2.53,0.140,0,0.2054,0.1569,0.156,-0.121,0.255,0.089,0.075,0.013,0.000,0.000,8,3,0,0,0.248,0.112,0.058,0.046,0.025,0.008,7,6,4,1
0.091,0.251,0.264,-0.42,0.180,0,0.2181,0.1674,0.440,0.318,0.255,0.089,0.075,0.013,0.000,0.000,8,3,0,0,0.248,0.112,0.058,0.046,0.025,0.008,7,6,4,1
0.083,0.166,0.035,1.99,0.186,0,0.2383,0.1867,0.216,-0.326,0.255,0.089,0.075,0.013,0.000,0.000,8,3,0,0,0.248,0.112,0.058,0.046,0.025,0.008,7,6,4,1
0.093,0.202,0.077,0,0.000,0,0.2471,0.1957,0.227,0.166,0.255,0.089,0.075,0.013,0.000,0.000,8,3,0,0,0.248,0.112,0.058,0.046,0.025,0.008,7,6,4,1
0.083,0.362,0.165,-0.52,0.062,0,0.2513,0.2027,0.352,0.341,0.255,0.089,0.075,0.013,0.000,0.000,8,3,0,0,0.248,0.112,0.058,0.046,0.025,0.008,7,6,4,1
0.059,0.270,0.010,1.99,0.186,0,0.2594,0.2133,0.192,-0.326,0.255,0.089,0.075,0.013,0.000,0.000,8,3,0,0,0.248,0.112,0.058,0.046,0.025,0.008,7,6,4,1
0.091,0.323,0.204,-0.08,0.108,0,0.2652,0.2220,0.248,0.059,0.255,0.089,0.075,0.013,0.000,0.000,8,3,0,0,0.248,0.112,0.058,0.046,0.025,0.008,7,6,4,1
0.100,0.205,0.234,3.14,0.186,0,0.2745,0.2319,0.123,-0.486,0.255,0.089,0.075,0.013,0.000,0.000,8,3,0,0,0.248,0.112,0.058,0.046,0.025,0.008,7,6,4,1
0.099,0.182,0.194,-0.79,0.151,-1,0.2737,0.2315,0.412,0.736,0.255,0.089,0.075,0.013,0.000,0.000,8,3,0,0,0.248,0.112,0.058,0.046,0.025,0.008,7,6,4,1
0.102,0.247,0.432,-0.42,0.180,0,0.2708,0.2255,0.346,0.318,0.255,0.089,0.075,0.013,0.000,0.000,8,3,0,0,0.248,0.112,0.058,0.046,0.025,0.008,7,6,4,1
0.107,0.150,0.074,0.85,0.046,0,0.2610,0.2142,0.140,0.06,0.255,0.089,0.075,0.013,0.000,0.000,8,3,0,0,0.248,0.112,0.058,0.046,0.025,0.008,7,6,4,1
0.104,0.292,0.436,0.2,0.291,1,0.2537,0.2034,0.450,0.180,0.255,0.089,0.075,0.013,0.000,0.000,8,3,0,0,0.248,0.112,0.058,0.046,0.025,0.008,7,6,4,1
0.110,0.251,0.250,-0.42,0.180,0,0.2463,0.1928,0.547,0.318,0.255,0.089,0.075,0.013,0.000,0.000,8,3,0,0,0.248,0.112,0.058,0.046,0.025,0.008,7,6,4,1
0.110,0.314,0.349,0.22,0.230,0,0.2504,0.1934,0.331,0.303,0.255,0.089,0.075,0.013,0.000,0.000,8,3,0,0,0.248,0.112,0.058,0.046,0.025,0.008,7,6,4,1
0.110,0.206,0.231,-1.14,0.131,0,0.2500,0.1919,0.318,0.987,0.255,0.089,0.075,0.013,0.000,0.000,8,3,0,0,0.248,0.112,0.058,0.046,0.025,0.008,7,6,4,1
0.109,0.381,0.478,1.76,0.409,0,0.2740,0.2102,0.155,-0.884,0.255,0.089,0.075,0.013,0.000,0.000,8,3,0,0,0.248,0.112,0.058,0.046,0.025,0.008,7,6,4,1
0.089,0.688,0.565,0.2,0.291,1,0.3012,0.2311,0.337,0.180,0.255,0.089,0.075,0.013,0.000,0.000,8,3,0,0,0.248,0.112,0.058,0.046,0.025,0.008,7,6,4,1
0.090,0.378,0.682,0.22,0.230,0,0.3153,0.2427,0.280,0.303,0.255,0.089,0.075,0.013,0.000,0.000,8,3,0,0,0.248,0.112,0.058,0.046,0.025,0.008,7,6,4,1
0.092,0.232,0.604,2.53,0.140,0,0.3181,0.2475,0.089,-0.121,0.255,0.089,0.075,0.013,0.000,0.000,8,3,0,0,0.248,0.112,0.058,0.046,0.025,0.008,7,6,4,1
0.119,0.312,0.549,1.99,0.186,0,0.3139,0.2492,0.092,-0.326,0.255,0.089,0.075,0.013,0.000,0.000,8,3,0,0,0.248,0.112,0.058,0.046,0.025,0.008,7,6,4,1
0.119,0.364,0.839,-0.52,0.062,0,0.3102,0.2537,0.228,0.341,0.255,0.089,0.075,0.013,0.000,0.000,8,3,0,0,0.248,0.112,0.058,0.046,0.025,0.008,7,6,4,1
0.115,0.400,0.891,-0.42,0.180,0,0.2908,0.2439,0.341,0.318,0.255,0.089,0.075,0.013,0.000,0.000,8,3,0,0,0.248,0.112,0.058,0.046,0.025,0.008,7,6,4,1
0.106,0.275,0.429,2.1,0.128,0,0.2578,0.2218,0.114,0.02,0.255,0.089,0.075,0.013,0.000,0.000,8,3,0,0,0.248,0.112,0.058,0.046,0.025,0.008,7,6,4,1
0.107,0.260,0.290,1.99,0.186,0,0.2209,0.1960,0.214,-0.326,0.255,0.089,0.075,0.013,0.000,0.000,8,3,0,0,0.248,0.112,0.058,0.046,0.025,0.008,7,6,4,1
0.097,0.270,0.294,0,0.000,0,0.1937,0.1778,0.431,0.166,0.255,0.089,0.075,0.013,0.000,0.000,8,3,0,0,0.248,0.112,0.058,0.046,0.025,0.008,7,6,4,1
0.097,0.399,0.464,0.2,0.291,1,0.1802,0.1704,0.442,0.180,0.255,0.089,0.075,0.013,0.000,0.000,8,3,0,0,0.248,0.112,0.058,0.046,0.025,0.008,7,6,4,1
0.136,0.300,0.043,-0.79,0.151,-1,0.1706,0.1655,0.504,0.736,0.255,0.089,0.075,0.013,0.000,0.000,8,3,0,0,0.248,0.112,0.058,0.046,0.025,0.008,7,6,4,1
0.126,0.183,0.052,-1.1,0.105,-1,0.1786,0.1755,0.413,0.192,0.255,0.089,0.075,0.013,0.000,0.000,8,3,0,0,0.248,0.112,0.058,0.046,0.025,0.008,7,6,4,1
0.117,0.173,0.027,1.99,0.186,0,0.2038,0.2010,0.156,-0.326,0.255,0.089,0.075,0.013,0.000,0.000,8,3,0,0,0.248,0.112,0.058,0.046,0.025,0.008,7,6,4,1
0.095,0.245,0.051,-0.52,0.062,0,0.2463,0.2434,0.407,0.341,0.255,0.089,0.075,0.013,0.000,0.000,8,3,0,0,0.248,0.112,0.058,0.046,0.025,0.008,7,6,4,1
0.091,0.217,0.110,-0.42,0.180,0,0.2937,0.2900,0.469,0.318,0.255,0.089,0.075,0.013,0.000,0.000,8,3,0,0,0.248,0.112,0.058,0.046,0.025,0.008,7,6,4,1
0.088,0.132,0.064,3.14,0.186,0,0.3300,0.3252,0.164,-0.486,0.255,0.089,0.075,0.013,0.000,0.000,8,3,0,0,0.248,0.112,0.058,0.046,0.025,0.008,7,6,4,1
0.088,0.132,0.201,-1.1,0.105,-1,0.3391,0.3369,0.364,0.192,0.255,0.089,0.075,0.013,0.000,0.000,8,3,0,0,0.248,0.112,0.058,0.046,0.025,0.008,7,6,4,1
0.088,0.114,0.089,3.14,0.186,0,0.3469,0.3475,0.160,-0.486,0.255,0.089,0.075,0.013,0.000,0.000,8,3,0,0,0.248,0.112,0.058,0.046,0.025,0.008,7,6,4,1
0.088,0.169,0.102,-0.42,0.180,0,0.3356,0.3408,0.407,0.318,0.255,0.089,0.075,0.013,0.000,0.000,8,3,0,0,0.248,0.112,0.058,0.046,0.025,0.008,7,6,4,1
0.086,0.122,0.082,-1.14,0.131,0,0.3141,0.3234,0.373,0.987,0.255,0.089,0.075,0.013,0.000,0.000,8,3,0,0,0.248,0.112,0.058,0.046,0.025,0.008,7,6,4,1
0.082,0.128,0.004,3.14,0.186,0,0.2700,0.2844,0.193,-0.486,0.255,0.089,0.075,0.013,0.000,0.000,8,3,0,0,0.248,0.112,0.058,0.046,0.025,0.008,7,6,4,1
0.105,0.136,0.037,-1.1,0.105,-1,0.2226,0.2416,0.431,0.192,0.255,0.089,0.075,0.013,0.000,0.000,8,3,0,0,0.248,0.112,0.058,0.046,0.025,0.008,7,6,4,1
0.115,0.141,0.001,1.99,0.186,0,0.2025,0.2244,0.235,-0.326,0.255,0.089,0.075,0.013,0.000,0.000,8,3,0,0,0.248,0.112,0.058,0.046,0.025,0.008,7,6,4,1
0.111,0.175,0.034,-0.79,0.151,-1,0.1937,0.2164,0.449,0.736,0.255,0.089,0.075,0.013,0.000,0.000,8,3,0,0,0.248,0.112,0.058,0.046,0.025,0.008,7,6,4,1
0.107,0.193,0.036,-1.14,0.131,0,0.1908,0.2124,0.439,0.987,0.255,0.089,0.075,0.013,0.000,0.000,8,3,0,0,0.248,0.112,0.058,0.046,0.025,0.008,7,6,4,1
0.111,0.169,0.022,0,0.000,0,0.1962,0.2133,0.369,0.166,0.255,0.089,0.075,0.013,0.000,0.000,8,3,0,0,0.248,0.112,0.058,0.046,0.025,0.008,7,6,4,1
0.108,0.174,0.008,-1.1,0.105,-1,0.2217,0.2317,0.300,0.192,0.255,0.089,0.075,0.013,0.000,0.000,8,3,0,0,0.248,0.112,0.058,0.046,0.025,0.008,7,6,4,1
0.091,0.264,0.074,0.2,0.291,1,0.2488,0.2512,0.251,0.180,0.255,0.089,0.075,0.013,0.000,0.000,8,3,0,0,0.248,0.112,0.058,0.046,0.025,0.008,7,6,4,1
0.076,0.241,0.003,1.99,0.186,0,0.2705,0.2655,0.106,-0.326,0.255,0.089,0.075,0.013,0.000,0.000,8,3,0,0,0.248,0.112,0.058,0.046,0.025,0.008,7,6,4,1
0.078,0.306,0.066,1.99,0.186,0,0.2871,0.2768,0.135,-0.326,0.255,0.089,0.075,0.013,0.000,0.000,8,3,0,0,0.248,0.112,0.058,0.046,0.025,0.008,7,6,4,1
0.077,0.279,0.017,1.99,0.186,0,0.2976,0.2829,0.130,-0.326,0.255,0.089,0.075,0.013,0.000,0.000,8,3,0,0,0.248,0.112,0.058,0.046,0.025,0.008,7,6,4,1
0.076,0.254,0.065,2.1,0.128,0,0.3023,0.2860,0.082,0.02,0.255,0.089,0.075,0.013,0.000,0.000,8,3,0,0,0.248,0.112,0.058,0.046,0.025,0.008,7,6,4,1
0.076,0.330,0.447,-0.52,0.062,0,0.2987,0.2824,0.181,0.341,0.255,0.089,0.075,0.013,0.000,0.000,8,3,0,0,0.248,0.112,0.058,0.046,0.025,0.008,7,6,4,1
0.077,0.207,0.608,-1.1,0.105,-1,0.2693,0.2543,0.371,0.192,0.255,0.089,0.075,0.013,0.000,0.000,8,3,0,0,0.248,0.112,0.058,0.046,0.025,0.008,7,6,4,1
0.092,0.253,0.411,0,0.000,0,0.2141,0.2027,0.268,0.166,0.255,0.089,0.075,0.013,0.000,0.000,8,3,0,0,0.248,0.112,0.058,0.046,0.025,0.008,7,6,4,1
0.102,0.197,0.101,1.99,0.186,0,0.1708,0.1651,0.141,-0.326,0.255,0.089,0.075,0.013,0.000,0.000,8,3,0,0,0.248,0.112,0.058,0.046,0.025,0.008,7,6,4,1
0.097,0.204,0.285,-0.08,0.108,0,0.1356,0.1378,0.284,0.059,0.255,0.089,0.075,0.013,0.000,0.000,8,3,0,0,0.248,0.112,0.058,0.046,0.025,0.008,7,6,4,1
0.090,0.140,0.225,-0.79,0.151,-1,0.1219,0.1311,0.510,0.736,0.255,0.089,0.075,0.013,0.000,0.000,8,3,0,0,0.248,0.112,0.058,0.046,0.025,0.008,7,6,4,1
0.086,0.153,0.180,-0.79,0.151,-1,0.1056,0.1218,0.475,0.736,0.255,0.089,0.075,0.013,0.000,0.000,8,3,0,0,0.248,0.112,0.058,0.046,0.025,0.008,7,6,4,1
0.091,0.099,0.036,1.99,0.186,0,0.1097,0.1288,0.130,-0.326,0.255,0.089,0.075,0.013,0.000,0.000,8,3,0,0,0.248,0.112,0.058,0.046,0.025,0.008,7,6,4,1
0.074,0.126,0.186,-0.08,0.108,0,0.1413,0.1613,0.262,0.059,0.255,0.089,0.075,0.013,0.000,0.000,8,3,0,0,0.248,0.112,0.058,0.046,0.025,0.008,7,6,4,1
0.071,0.113,0.137,-1.1,0.105,-1,0.1843,0.2032,0.470,0.192,0.255,0.089,0.075,0.013,0.000,0.000,8,3,0,0,0.248,0.112,0.058,0.046,0.025,0.008,7,6,4,1
0.058,0.136,0.048,-1.1,0.105,-1,0.2283,0.2440,0.357,0.192,0.255,0.089,0.075,0.013,0.000,0.000,8,3,0,0,0.248,0.112,0.058,0.046,0.025,0.008,7,6,4,1
0.055,0.137,0.003,2.53,0.140,0,0.2630,0.2704,0.092,-0.121,0.255,0.089,0.075,0.013,0.000,0.000,8,3,0,0,0.248,0.112,0.058,0.046,0.025,0.008,7,6,4,1
0.055,0.125,0.001,3.14,0.186,0,0.2870,0.2830,0.083,-0.486,0.255,0.089,0.075,0.013,0.000,0.000,8,3,0,0,0.248,0.112,0.058,0.046,0.025,0.008,7,6,4,1
0.068,0.182,0.004,-0.52,0.062,0,0.2945,0.2780,0.253,0.341,0.255,0.089,0.075,0.013,0.000,0.000,8,3,0,0,0.248,0.112,0.058,0.046,0.025,0.008,7,6,4,1
0.069,0.155,0.001,3.14,0.186,0,0.2859,0.2584,0.104,-0.486,0.255,0.089,0.075,0.013,0.000,0.000,8,3,0,0,0.248,0.112,0.058,0.046,0.025,0.008,7,6,4,1
0.073,0.216,0.008,1.37,0.298,0,0.2595,0.2251,0.159,-0.510,0.255,0.089,0.075,0.013,0.000,0.000,8,3,0,0,0.248,0.112,0.058,0.046,0.025,0.008,7,6,4,1
0.091,0.199,0.002,1.99,0.186,0,0.2324,0.1955,0.131,-0.326,0.255,0.089,0.075,0.013,0.000,0.000,8,3,0,0,0.248,0.112,0.058,0.046,0.025,0.008,7,6,4,1
0.112,0.243,0.098,-0.52,0.062,0,0.2061,0.1683,0.322,0.341,0.255,0.089,0.075,0.013,0.000,0.000,8,3,0,0,0.248,0.112,0.058,0.046,0.025,0.008,7,6,4,1
0.112,0.221,0.021,-0.79,0.151,-1,0.1851,0.1478,0.291,0.736,0.255,0.089,0.075,0.013,0.000,0.000,8,3,0,0,0.248,0.112,0.058,0.046,0.025,0.008,7,6,4,1
0.118,0.274,0.112,-1.14,0.131,0,0.1620,0.1260,0.449,0.987,0.255,0.089,0.075,0.013,0.000,0.000,8,3,0,0,0.248,0.112,0.058,0.046,0.025,0.008,7,6,4,1
0.118,0.278,0.159,-0.48,0.134,0,0.1409,0.1024,0.378,0.007,0.255,0.089,0.075,0.013,0.000,0.000,8,3,0,0,0.248,0.112,0.058,0.046,0.025,0.008,7,6,4,1
0.124,0.187,0.111,2.53,0.140,0,0.1391,0.0944,0.100,-0.121,0.255,0.089,0.075,0.013,0.000,0.000,8,3,0,0,0.248,0.112,0.058,0.046,0.025,0.008,7,6,4,1
0.124,0.314,0.167,-0.42,0.180,0,0.1588,0.1041,0.422,0.318,0.255,0.089,0.075,0.013,0.000,0.000,8,3,0,0,0.248,0.112,0.058,0.046,0.025,0.008,7,6,4,1
0.157,0.295,0.213,-1.19,0.219,1,0.2119,0.1419,0.480,0.586,0.255,0.089,0.075,0.013,0.000,0.000,8,3,0,0,0.248,0.112,0.058,0.046,0.025,0.008,7,6,4,1
0.142,0.182,0.002,0.85,0.046,0,0.2654,0.1783,0.067,0.06,0.255,0.089,0.075,0.013,0.000,0.000,8,3,0,0,0.248,0.112,0.058,0.046,0.025,0.008,7,6,4,1
0.156,0.139,0.001,0.85,0.046,0,0.3229,0.2161,0.053,0.06,0.255,0.089,0.075,0.013,0.000,0.000,8,3,0,0,0.248,0.112,0.058,0.046,0.025,0.008,7,6,4,1
0.177,0.154,0.032,0.85,0.046,0,0.3808,0.2556,0.334,0.06,0.255,0.089,0.075,0.013,0.000,0.000,8,3,0,0,0.248,0.112,0.058,0.046,0.025,0.008,7,6,4,1
0.181,0.153,0.009,0.85,0.046,0,0.4305,0.2900,0.250,0.06,0.255,0.089,0.075,0.013,0.000,0.000,8,3,0,0,0.248,0.112,0.058,0.046,0.025,0.008,7,6,4,1
0.179,0.106,0.002,1.99,0.186,0,0.4655,0.3142,0.068,-0.326,0.255,0.089,0.075,0.013,0.000,0.000,8,3,0,0,0.248,0.112,0.058,0.046,0.025,0.008,7,6,4,1
0.208,0.111,0.003,2.53,0.140,0,0.4785,0.3227,0.105,-0.121,0.255,0.089,0.075,0.013,0.000,0.000,8,3,0,0,0.248,0.112,0.058,0.046,0.025,0.008,7,6,4,1
0.186,0.132,0.001,-1.1,0.105,-1,0.4726,0.3189,0.387,0.192,0.255,0.089,0.075,0.013,0.000,0.000,8,3,0,0,0.248,0.112,0.058,0.046,0.025,0.008,7,6,4,1
0.217,0.121,0.003,0.85,0.046,0,0.4486,0.3006,0.150,0.06,0.255,0.089,0.075,0.013,0.000,0.000,8,3,0,0,0.248,0.112,0.058,0.046,0.025,0.008,7,6,4,1
0.207,0.140,0.006,0.85,0.046,0,0.4048,0.2649,0.080,0.06,0.255,0.089,0.075,0.013,0.000,0.000,8,3,0,0,0.248,0.112,0.058,0.046,0.025,0.008,7,6,4,1
0.213,0.258,0.260,-1.19,0.219,1,0.3530,0.2235,0.462,0.586,0.255,0.089,0.075,0.013,0.000,0.000,8,3,0,0,0.248,0.112,0.058,0.046,0.025,0.008,7,6,4,1
0.175,0.254,0.121,-0.08,0.108,0,0.3098,0.1918,0.513,0.059,0.255,0.089,0.075,0.013,0.000,0.000,8,3,0,0,0.248,0.112,0.058,0.046,0.025,0.008,7,6,4,1
0.175,0.322,0.310,0.22,0.230,0,0.2756,0.1700,0.376,0.303,0.255,0.089,0.075,0.013,0.000,0.000,8,3,0,0,0.248,0.112,0.058,0.046,0.025,0.008,7,6,4,1
0.170,0.315,0.276,0,0.000,0,0.2533,0.1657,0.469,0.166,0.255,0.089,0.075,0.013,0.000,0.000,8,3,0,0,0.248,0.112,0.058,0.046,0.025,0.008,7,6,4,1
0.177,0.353,0.182,0,0.000,0,0.2386,0.1753,0.346,0.166,0.255,0.089,0.075,0.013,0.000,0.000,8,3,0,0,0.248,0.112,0.058,0.046,0.025,0.008,7,6,4,1
0.176,0.763,0.390,0.2,0.291,1,0.2354,0.2045,0.460,0.180,0.255,0.089,0.075,0.013,0.000,0.000,8,3,0,0,0.248,0.112,0.058,0.046,0.025,0.008,7,6,4,1
0.177,0.329,0.462,-1.1,0.105,-1,0.2387,0.2500,0.452,0.192,0.255,0.089,0.075,0.013,0.000,0.000,8,3,0,0,0.248,0.112,0.058,0.046,0.025,0.008,7,6,4,1
0.178,0.435,0.393,-0.48,0.134,0,0.2522,0.3157,0.377,0.007,0.255,0.089,0.075,0.013,0.000,0.000,8,3,0,0,0.248,0.112,0.058,0.046,0.025,0.008,7,6,4,1
0.186,0.318,0.051,2.53,0.140,0,0.2628,0.3884,0.076,-0.121,0.255,0.089,0.075,0.013,0.000,0.000,8,3,0,0,0.248,0.112,0.058,0.046,0.025,0.008,7,6,4,1
0.186,0.448,0.181,-0.08,0.108,0,0.2649,0.4617,0.164,0.059,0.255,0.089,0.075,0.013,0.000,0.000,8,3,0,0,0.248,0.112,0.058,0.046,0.025,0.008,7,6,4,1
0.186,0.278,0.013,2.53,0.140,0,0.2540,0.5296,0.070,-0.121,0.255,0.089,0.075,0.013,0.000,0.000,8,3,0,0,0.248,0.112,0.058,0.046,0.025,0.008,7,6,4,1
0.141,0.265,0.012,2.53,0.140,0,0.2282,0.5877,0.093,-0.121,0.255,0.089,0.075,0.013,0.000,0.000,8,3,0,0,0.248,0.112,0.058,0.046,0.025,0.008,7,6,4,1
0.150,0.262,0.016,2.53,0.140,0,0.1888,0.6340,0.096,-0.121,0.255,0.089,0.075,0.013,0.000,0.000,8,3,0,0,0.248,0.112,0.058,0.046,0.025,0.008,7,6,4,1
0.133,0.208,0.026,3.14,0.186,0,0.1414,0.6697,0.119,-0.486,0.255,0.089,0.075,0.013,0.000,0.000,8,3,0,0,0.248,0.112,0.058,0.046,0.025,0.008,7,6,4,1
0.126,0.211,0.311,-0.52,0.062,0,0.0967,0.6999,0.210,0.341,0.255,0.089,0.075,0.013,0.000,0.000,8,3,0,0,0.248,0.112,0.058,0.046,0.025,0.008,7,6,4,1
0.118,0.058,0.224,2.53,0.140,0,0.0719,0.7348,0.566,-0.121,0.255,0.089,0.075,0.013,0.000,0.000,8,3,0,0,0.248,0.112,0.058,0.046,0.025,0.008,7,6,4,1
