0.113,0.086,0.650,1.42,0.221,0,0.5466,0.9513,0.691,-0.397,0.205,0.133,0.070,0.024,0.000,0.000,15,9,0,0,0.229,0.189,0.221,0.072,0.038,0.014,35,20,8,6
0.116,0.102,0.423,0.85,0.046,0,0.4696,0.9146,0.505,0.06,0.205,0.133,0.070,0.024,0.000,0.000,15,9,0,0,0.229,0.189,0.221,0.072,0.038,0.014,35,20,8,6
0.120,0.105,0.322,0,0.000,0,0.4384,0.8770,0.357,0.166,0.205,0.133,0.070,0.024,0.000,0.000,15,9,0,0,0.229,0.189,0.221,0.072,0.038,0.014,35,20,8,6
0.131,0.121,0.163,-1.1,0.105,-1,0.4338,0.8361,0.354,0.192,0.205,0.133,0.070,0.024,0.000,0.000,15,9,0,0,0.229,0.189,0.221,0.072,0.038,0.014,35,20,8,6
0.100,0.151,0.230,-0.08,0.108,0,0.4411,0.7908,0.354,0.059,0.205,0.133,0.070,0.024,0.000,0.000,15,9,0,0,0.229,0.189,0.221,0.072,0.038,0.014,35,20,8,6
0.106,0.155,0.160,0.22,0.230,0,0.4497,0.7409,0.338,0.303,0.205,0.133,0.070,0.024,0.000,0.000,15,9,0,0,0.229,0.189,0.221,0.072,0.038,0.014,35,20,8,6
0.102,0.130,0.057,2.1,0.128,0,0.4528,0.6868,0.121,0.02,0.205,0.133,0.070,0.024,0.000,0.000,15,9,0,0,0.229,0.189,0.221,0.072,0.038,0.014,35,20,8,6
0.105,0.137,0.017,-1.14,0.131,0,0.4463,0.6297,0.313,0.987,0.205,0.133,0.070,0.024,0.000,0.000,15,9,0,0,0.229,0.189,0.221,0.072,0.038,0.014,35,20,8,6
0.071,0.144,0.074,0.85,0.046,0,0.4289,0.5712,0.304,0.06,0.205,0.133,0.070,0.024,0.000,0.000,15,9,0,0,0.229,0.189,0.221,0.072,0.038,0.014,35,20,8,6
0.059,0.188,0.061,-0.79,0.151,-1,0.4013,0.5132,0.346,0.736,0.205,0.133,0.070,0.024,0.000,0.000,15,9,0,0,0.229,0.189,0.221,0.072,0.038,0.014,35,20,8,6
0.062,0.200,0.093,-1.14,0.131,0,0.3601,0.4553,0.279,0.987,0.205,0.133,0.070,0.024,0.000,0.000,15,9,0,0,0.229,0.189,0.221,0.072,0.038,0.014,35,20,8,6
0.059,0.256,0.229,1.99,0.186,0,0.3204,0.4025,0.166,-0.326,0.205,0.133,0.070,0.024,0.000,0.000,15,9,0,0,0.229,0.189,0.221,0.072,0.038,0.014,35,20,8,6
0.061,0.286,0.286,0.85,0.046,0,0.2838,0.3585,0.248,0.06,0.205,0.133,0.070,0.024,0.000,0.000,15,9,0,0,0.229,0.189,0.221,0.072,0.038,0.014,35,20,8,6
0.061,0.389,0.637,0.2,0.291,1,0.2588,0.3292,0.386,0.180,0.205,0.133,0.070,0.024,0.000,0.000,15,9,0,0,0.229,0.189,0.221,0.072,0.038,0.014,35,20,8,6
0.063,0.282,0.408,-0.79,0.151,-1,0.2435,0.3117,0.385,0.736,0.205,0.133,0.070,0.024,0.000,0.000,15,9,0,0,0.229,0.189,0.221,0.072,0.038,0.014,35,20,8,6
0.066,0.328,0.625,0,0.000,0,0.2306,0.2987,0.334,0.166,0.205,0.133,0.070,0.024,0.000,0.000,15,9,0,0,0.229,0.189,0.221,0.072,0.038,0.014,35,20,8,6
0.058,0.388,0.468,-0.08,0.108,0,0.2211,0.2912,0.200,0.059,0.205,0.133,0.070,0.024,0.000,0.000,15,9,0,0,0.229,0.189,0.221,0.072,0.038,0.014,35,20,8,6
0.061,0.266,0.067,1.99,0.186,0,0.2163,0.2844,0.046,-0.326,0.205,0.133,0.070,0.024,0.000,0.000,15,9,0,0,0.229,0.189,0.221,0.072,0.038,0.014,35,20,8,6
0.068,0.340,0.464,1.76,0.409,0,0.2290,0.2897,0.106,-0.884,0.205,0.133,0.070,0.024,0.000,0.000,15,9,0,0,0.229,0.189,0.221,0.072,0.038,0.014,35,20,8,6
0.084,0.227,0.182,-0.79,0.151,-1,0.2460,0.2965,0.387,0.736,0.205,0.133,0.070,0.024,0.000,0.000,15,9,0,0,0.229,0.189,0.221,0.072,0.038,0.014,35,20,8,6
0.084,0.210,0.004,0.85,0.046,0,0.2560,0.3009,0.042,0.06,0.205,0.133,0.070,0.024,0.000,0.000,15,9,0,0,0.229,0.189,0.221,0.072,0.038,0.014,35,20,8,6
0.084,0.222,0.001,1.99,0.186,0,0.2500,0.2901,0.016,-0.326,0.205,0.133,0.070,0.024,0.000,0.000,15,9,0,0,0.229,0.189,0.221,0.072,0.038,0.014,35,20,8,6
0.084,0.312,0.399,0.2,0.291,1,0.2372,0.2728,0.300,0.180,0.205,0.133,0.070,0.024,0.000,0.000,15,9,0,0,0.229,0.189,0.221,0.072,0.038,0.014,35,20,8,6
0.105,0.236,0.003,0.85,0.046,0,0.2148,0.2467,0.349,0.06,0.205,0.133,0.070,0.024,0.000,0.000,15,9,0,0,0.229,0.189,0.221,0.072,0.038,0.014,35,20,8,6
0.100,0.266,0.002,1.99,0.186,0,0.1868,0.2158,0.068,-0.326,0.205,0.133,0.070,0.024,0.000,0.000,15,9,0,0,0.229,0.189,0.221,0.072,0.038,0.014,35,20,8,6
0.118,0.329,0.003,1.99,0.186,0,0.1671,0.1919,0.097,-0.326,0.205,0.133,0.070,0.024,0.000,0.000,15,9,0,0,0.229,0.189,0.221,0.072,0.038,0.014,35,20,8,6
0.115,0.382,0.011,-1.14,0.131,0,0.1629,0.1798,0.502,0.987,0.205,0.133,0.070,0.024,0.000,0.000,15,9,0,0,0.229,0.189,0.221,0.072,0.038,0.014,35,20,8,6
0.124,0.462,0.106,0.22,0.230,0,0.1660,0.1767,0.395,0.303,0.205,0.133,0.070,0.024,0.000,0.000,15,9,0,0,0.229,0.189,0.221,0.072,0.038,0.014,35,20,8,6
0.101,0.413,0.210,-0.52,0.062,0,0.1707,0.1750,0.255,0.341,0.205,0.133,0.070,0.024,0.000,0.000,15,9,0,0,0.229,0.189,0.221,0.072,0.038,0.014,35,20,8,6
0.179,0.440,0.269,-1.19,0.219,1,0.1866,0.1834,0.431,0.586,0.205,0.133,0.070,0.024,0.000,0.000,15,9,0,0,0.229,0.189,0.221,0.072,0.038,0.014,35,20,8,6
0.216,0.328,0.013,-0.79,0.151,-1,0.2161,0.2042,0.545,0.736,0.205,0.133,0.070,0.024,0.000,0.000,15,9,0,0,0.229,0.189,0.221,0.072,0.038,0.014,35,20,8,6
0.178,0.360,0.008,-1.1,0.105,-1,0.2500,0.2297,0.372,0.192,0.205,0.133,0.070,0.024,0.000,0.000,15,9,0,0,0.229,0.189,0.221,0.072,0.038,0.014,35,20,8,6
0.185,0.369,0.004,1.99,0.186,0,0.2779,0.2508,0.118,-0.326,0.205,0.133,0.070,0.024,0.000,0.000,15,9,0,0,0.229,0.189,0.221,0.072,0.038,0.014,35,20,8,6
0.187,0.486,0.341,-1.19,0.219,1,0.2924,0.2592,0.395,0.586,0.205,0.133,0.070,0.024,0.000,0.000,15,9,0,0,0.229,0.189,0.221,0.072,0.038,0.014,35,20,8,6
0.186,0.401,0.007,1.99,0.186,0,0.3000,0.2611,0.303,-0.326,0.205,0.133,0.070,0.024,0.000,0.000,15,9,0,0,0.229,0.189,0.221,0.072,0.038,0.014,35,20,8,6
0.187,0.390,0.235,-1.1,0.105,-1,0.2811,0.2417,0.339,0.192,0.205,0.133,0.070,0.024,0.000,0.000,15,9,0,0,0.229,0.189,0.221,0.072,0.038,0.014,35,20,8,6
0.180,0.383,0.195,1.99,0.186,0,0.2585,0.2213,0.156,-0.326,0.205,0.133,0.070,0.024,0.000,0.000,15,9,0,0,0.229,0.189,0.221,0.072,0.038,0.014,35,20,8,6
0.186,0.390,0.316,0,0.000,0,0.2364,0.2000,0.330,0.166,0.205,0.133,0.070,0.024,0.000,0.000,15,9,0,0,0.229,0.189,0.221,0.072,0.038,0.014,35,20,8,6
0.174,0.402,0.117,-0.79,0.151,-1,0.2196,0.1825,0.425,0.736,0.205,0.133,0.070,0.024,0.000,0.000,15,9,0,0,0.229,0.189,0.221,0.072,0.038,0.014,35,20,8,6
0.161,0.496,0.314,-1.19,0.219,1,0.1906,0.1536,0.404,0.586,0.205,0.133,0.070,0.024,0.000,0.000,15,9,0,0,0.229,0.189,0.221,0.072,0.038,0.014,35,20,8,6
0.136,0.379,0.003,2.53,0.140,0,0.1694,0.1324,0.089,-0.121,0.205,0.133,0.070,0.024,0.000,0.000,15,9,0,0,0.229,0.189,0.221,0.072,0.038,0.014,35,20,8,6
0.166,0.447,0.032,-0.79,0.151,-1,0.1559,0.1193,0.305,0.736,0.205,0.133,0.070,0.024,0.000,0.000,15,9,0,0,0.229,0.189,0.221,0.072,0.038,0.014,35,20,8,6
0.164,0.596,0.260,0.2,0.291,1,0.1462,0.1132,0.382,0.180,0.205,0.133,0.070,0.024,0.000,0.000,15,9,0,0,0.229,0.189,0.221,0.072,0.038,0.014,35,20,8,6
0.136,0.481,0.085,-0.52,0.062,0,0.1347,0.1064,0.142,0.341,0.205,0.133,0.070,0.024,0.000,0.000,15,9,0,0,0.229,0.189,0.221,0.072,0.038,0.014,35,20,8,6
0.109,0.866,0.011,2.53,0.140,0,0.1278,0.1060,0.058,-0.121,0.205,0.133,0.070,0.024,0.000,0.000,15,9,0,0,0.229,0.189,0.221,0.072,0.038,0.014,35,20,8,6
0.090,0.480,0.001,2.53,0.140,0,0.1297,0.1115,0.107,-0.121,0.205,0.133,0.070,0.024,0.000,0.000,15,9,0,0,0.229,0.189,0.221,0.072,0.038,0.014,35,20,8,6
0.083,0.574,0.002,-0.08,0.108,0,0.1261,0.1115,0.236,0.059,0.205,0.133,0.070,0.024,0.000,0.000,15,9,0,0,0.229,0.189,0.221,0.072,0.038,0.014,35,20,8,6
0.068,0.513,0.002,1.99,0.186,0,0.1249,0.1137,0.033,-0.326,0.205,0.133,0.070,0.024,0.000,0.000,15,9,0,0,0.229,0.189,0.221,0.072,0.038,0.014,35,20,8,6
0.068,0.486,0.002,1.99,0.186,0,0.1241,0.1144,0.048,-0.326,0.205,0.133,0.070,0.024,0.000,0.000,15,9,0,0,0.229,0.189,0.221,0.072,0.038,0.014,35,20,8,6
0.087,0.538,0.141,-0.42,0.180,0,0.1248,0.1160,0.277,0.318,0.205,0.133,0.070,0.024,0.000,0.000,15,9,0,0,0.229,0.189,0.221,0.072,0.038,0.014,35,20,8,6
0.072,0.833,0.104,0.2,0.291,1,0.1185,0.1127,0.275,0.180,0.205,0.133,0.070,0.024,0.000,0.000,15,9,0,0,0.229,0.189,0.221,0.072,0.038,0.014,35,20,8,6
0.069,0.459,0.003,0.85,0.046,0,0.1093,0.1066,0.040,0.06,0.205,0.133,0.070,0.024,0.000,0.000,15,9,0,0,0.229,0.189,0.221,0.072,0.038,0.014,35,20,8,6
0.069,0.873,0.003,-0.08,0.108,0,0.1109,0.1101,0.144,0.059,0.205,0.133,0.070,0.024,0.000,0.000,15,9,0,0,0.229,0.189,0.221,0.072,0.038,0.014,35,20,8,6
0.069,0.466,0.127,-0.79,0.151,-1,0.1139,0.1168,0.360,0.736,0.205,0.133,0.070,0.024,0.000,0.000,15,9,0,0,0.229,0.189,0.221,0.072,0.038,0.014,35,20,8,6
0.065,0.475,0.014,1.99,0.186,0,0.1173,0.1260,0.144,-0.326,0.205,0.133,0.070,0.024,0.000,0.000,15,9,0,0,0.229,0.189,0.221,0.072,0.038,0.014,35,20,8,6
0.063,0.489,0.152,1.69,0.290,0,0.1248,0.1390,0.081,-0.697,0.205,0.133,0.070,0.024,0.000,0.000,15,9,0,0,0.229,0.189,0.221,0.072,0.038,0.014,35,20,8,6
0.066,0.573,0.493,1.37,0.298,0,0.1415,0.1583,0.223,-0.510,0.205,0.133,0.070,0.024,0.000,0.000,15,9,0,0,0.229,0.189,0.221,0.072,0.038,0.014,35,20,8,6
0.073,0.441,0.310,-0.79,0.151,-1,0.1575,0.1745,0.383,0.736,0.205,0.133,0.070,0.024,0.000,0.000,15,9,0,0,0.229,0.189,0.221,0.072,0.038,0.014,35,20,8,6
0.059,0.493,0.343,0,0.000,0,0.1661,0.1819,0.275,0.166,0.205,0.133,0.070,0.024,0.000,0.000,15,9,0,0,0.229,0.189,0.221,0.072,0.038,0.014,35,20,8,6
0.060,0.651,0.522,0.2,0.291,1,0.1597,0.1758,0.281,0.180,0.205,0.133,0.070,0.024,0.000,0.000,15,9,0,0,0.229,0.189,0.221,0.072,0.038,0.014,35,20,8,6
0.060,0.667,0.596,0.2,0.291,1,0.1559,0.1712,0.333,0.180,0.205,0.133,0.070,0.024,0.000,0.000,15,9,0,0,0.229,0.189,0.221,0.072,0.038,0.014,35,20,8,6
0.058,0.466,0.385,-1.1,0.105,-1,0.1447,0.1609,0.370,0.192,0.205,0.133,0.070,0.024,0.000,0.000,15,9,0,0,0.229,0.189,0.221,0.072,0.038,0.014,35,20,8,6
0.055,0.364,0.310,-0.79,0.151,-1,0.1257,0.1448,0.345,0.736,0.205,0.133,0.070,0.024,0.000,0.000,15,9,0,0,0.229,0.189,0.221,0.072,0.038,0.014,35,20,8,6
0.051,0.390,0.423,2.1,0.128,0,0.1086,0.1257,0.095,0.02,0.205,0.133,0.070,0.024,0.000,0.000,15,9,0,0,0.229,0.189,0.221,0.072,0.038,0.014,35,20,8,6
0.067,0.285,0.110,1.99,0.186,0,0.0985,0.1128,0.152,-0.326,0.205,0.133,0.070,0.024,0.000,0.000,15,9,0,0,0.229,0.189,0.221,0.072,0.038,0.014,35,20,8,6
0.046,0.384,0.104,-0.42,0.180,0,0.1057,0.1113,0.410,0.318,0.205,0.133,0.070,0.024,0.000,0.000,15,9,0,0,0.229,0.189,0.221,0.072,0.038,0.014,35,20,8,6
0.045,0.390,0.055,-0.52,0.062,0,0.1193,0.1155,0.215,0.341,0.205,0.133,0.070,0.024,0.000,0.000,15,9,0,0,0.229,0.189,0.221,0.072,0.038,0.014,35,20,8,6
0.064,0.347,0.059,-0.52,0.062,0,0.1325,0.1224,0.134,0.341,0.205,0.133,0.070,0.024,0.000,0.000,15,9,0,0,0.229,0.189,0.221,0.072,0.038,0.014,35,20,8,6
0.079,0.263,0.014,-0.79,0.151,-1,0.1449,0.1278,0.326,0.736,0.205,0.133,0.070,0.024,0.000,0.000,15,9,0,0,0.229,0.189,0.221,0.072,0.038,0.014,35,20,8,6
0.065,0.240,0.002,2.53,0.140,0,0.1481,0.1247,0.125,-0.121,0.205,0.133,0.070,0.024,0.000,0.000,15,9,0,0,0.229,0.189,0.221,0.072,0.038,0.014,35,20,8,6
0.059,0.307,0.001,3.14,0.186,0,0.1508,0.1214,0.077,-0.486,0.205,0.133,0.070,0.024,0.000,0.000,15,9,0,0,0.229,0.189,0.221,0.072,0.038,0.014,35,20,8,6
0.058,0.356,0.004,1.99,0.186,0,0.1537,0.1182,0.094,-0.326,0.205,0.133,0.070,0.024,0.000,0.000,15,9,0,0,0.229,0.189,0.221,0.072,0.038,0.014,35,20,8,6
0.057,0.376,0.044,-1.1,0.105,-1,0.1552,0.1109,0.258,0.192,0.205,0.133,0.070,0.024,0.000,0.000,15,9,0,0,0.229,0.189,0.221,0.072,0.038,0.014,35,20,8,6
0.048,0.894,0.206,1.37,0.298,0,0.1576,0.1056,0.149,-0.510,0.205,0.133,0.070,0.024,0.000,0.000,15,9,0,0,0.229,0.189,0.221,0.072,0.038,0.014,35,20,8,6
0.045,0.905,0.096,-0.52,0.062,0,0.1532,0.0964,0.129,0.341,0.205,0.133,0.070,0.024,0.000,0.000,15,9,0,0,0.229,0.189,0.221,0.072,0.038,0.014,35,20,8,6
0.043,0.894,0.419,1.76,0.409,0,0.1612,0.0974,0.142,-0.884,0.205,0.133,0.070,0.024,0.000,0.000,15,9,0,0,0.229,0.189,0.221,0.072,0.038,0.014,35,20,8,6
0.045,0.847,0.134,-0.79,0.151,-1,0.1725,0.1003,0.440,0.736,0.205,0.133,0.070,0.024,0.000,0.000,15,9,0,0,0.229,0.189,0.221,0.072,0.038,0.014,35,20,8,6
0.041,0.945,0.414,-1.19,0.219,1,0.1787,0.1003,0.366,0.586,0.205,0.133,0.070,0.024,0.000,0.000,15,9,0,0,0.229,0.189,0.221,0.072,0.038,0.014,35,20,8,6
0.049,0.953,0.061,1.99,0.186,0,0.1906,0.1057,0.114,-0.326,0.205,0.133,0.070,0.024,0.000,0.000,15,9,0,0,0.229,0.189,0.221,0.072,0.038,0.014,35,20,8,6
0.058,0.939,0.607,-0.48,0.134,0,0.2000,0.1118,0.371,0.007,0.205,0.133,0.070,0.024,0.000,0.000,15,9,0,0,0.229,0.189,0.221,0.072,0.038,0.014,35,20,8,6
0.039,0.947,0.579,-0.08,0.108,0,0.2131,0.1206,0.410,0.059,0.205,0.133,0.070,0.024,0.000,0.000,15,9,0,0,0.229,0.189,0.221,0.072,0.038,0.014,35,20,8,6
0.042,0.968,0.730,0,0.000,0,0.2203,0.1250,0.279,0.166,0.205,0.133,0.070,0.024,0.000,0.000,15,9,0,0,0.229,0.189,0.221,0.072,0.038,0.014,35,20,8,6
0.044,0.910,0.475,-0.08,0.108,0,0.2247,0.1252,0.332,0.059,0.205,0.133,0.070,0.024,0.000,0.000,15,9,0,0,0.229,0.189,0.221,0.072,0.038,0.014,35,20,8,6
0.046,0.902,0.636,1.76,0.409,0,0.2350,0.1263,0.138,-0.884,0.205,0.133,0.070,0.024,0.000,0.000,15,9,0,0,0.229,0.189,0.221,0.072,0.038,0.014,35,20,8,6
0.046,0.851,0.595,-0.42,0.180,0,0.2378,0.1235,0.463,0.318,0.205,0.133,0.070,0.024,0.000,0.000,15,9,0,0,0.229,0.189,0.221,0.072,0.038,0.014,35,20,8,6
0.044,0.865,0.371,-1.1,0.105,-1,0.2243,0.1110,0.353,0.192,0.205,0.133,0.070,0.024,0.000,0.000,15,9,0,0,0.229,0.189,0.221,0.072,0.038,0.014,35,20,8,6
0.063,0.875,0.128,2.53,0.140,0,0.2050,0.0962,0.149,-0.121,0.205,0.133,0.070,0.024,0.000,0.000,15,9,0,0,0.229,0.189,0.221,0.072,0.038,0.014,35,20,8,6
0.080,0.860,0.297,-1.1,0.105,-1,0.1779,0.0782,0.308,0.192,0.205,0.133,0.070,0.024,0.000,0.000,15,9,0,0,0.229,0.189,0.221,0.072,0.038,0.014,35,20,8,6
0.066,0.589,0.431,-1.19,0.219,1,0.1465,0.0603,0.488,0.586,0.205,0.133,0.070,0.024,0.000,0.000,15,9,0,0,0.229,0.189,0.221,0.072,0.038,0.014,35,20,8,6
0.066,0.837,0.229,-1.1,0.105,-1,0.1140,0.0442,0.313,0.192,0.205,0.133,0.070,0.024,0.000,0.000,15,9,0,0,0.229,0.189,0.221,0.072,0.038,0.014,35,20,8,6
0.078,0.891,0.159,1.76,0.409,0,0.0921,0.0347,0.101,-0.884,0.205,0.133,0.070,0.024,0.000,0.000,15,9,0,0,0.229,0.189,0.221,0.072,0.038,0.014,35,20,8,6
0.102,0.895,0.591,0.2,0.291,1,0.0735,0.0281,0.314,0.180,0.205,0.133,0.070,0.024,0.000,0.000,15,9,0,0,0.229,0.189,0.221,0.072,0.038,0.014,35,20,8,6
0.101,0.922,0.457,0.2,0.291,1,0.0514,0.0180,0.202,0.180,0.205,0.133,0.070,0.024,0.000,0.000,15,9,0,0,0.229,0.189,0.221,0.072,0.038,0.014,35,20,8,6
0.106,0.853,0.004,2.53,0.140,0,0.0362,0.0119,0.035,-0.121,0.205,0.133,0.070,0.024,0.000,0.000,15,9,0,0,0.229,0.189,0.221,0.072,0.038,0.014,35,20,8,6
0.156,0.887,0.411,1.37,0.298,0,0.0259,0.0074,0.109,-0.510,0.205,0.133,0.070,0.024,0.000,0.000,15,9,0,0,0.229,0.189,0.221,0.072,0.038,0.014,35,20,8,6
0.160,0.472,0.107,0.85,0.046,0,0.0222,0.0062,0.102,0.06,0.205,0.133,0.070,0.024,0.000,0.000,15,9,0,0,0.229,0.189,0.221,0.072,0.038,0.014,35,20,8,6
0.171,0.452,0.094,3.14,0.186,0,0.0194,0.0047,0.048,-0.486,0.205,0.133,0.070,0.024,0.000,0.000,15,9,0,0,0.229,0.189,0.221,0.072,0.038,0.014,35,20,8,6
0.166,0.448,0.080,0,0.000,0,0.0140,0.0013,0.065,0.166,0.205,0.133,0.070,0.024,0.000,0.000,15,9,0,0,0.229,0.189,0.221,0.072,0.038,0.014,35,20,8,6
0.173,0.458,0.137,2.1,0.128,0,0.0156,0.0015,0.051,0.02,0.205,0.133,0.070,0.024,0.000,0.000,15,9,0,0,0.229,0.189,0.221,0.072,0.038,0.014,35,20,8,6
0.135,0.832,0.001,1.99,0.186,0,0.0141,0.0012,0.058,-0.326,0.205,0.133,0.070,0.024,0.000,0.000,15,9,0,0,0.229,0.189,0.221,0.072,0.038,0.014,35,20,8,6
0.115,0.866,0.016,1.99,0.186,0,0.0182,0.0024,0.052,-0.326,0.205,0.133,0.070,0.024,0.000,0.000,15,9,0,0,0.229,0.189,0.221,0.072,0.038,0.014,35,20,8,6
0.158,0.404,0.258,-1.19,0.219,1,0.0251,0.0036,0.213,0.586,0.205,0.133,0.070,0.024,0.000,0.000,15,9,0,0,0.229,0.189,0.221,0.072,0.038,0.014,35,20,8,6
0.153,0.409,0.001,0.85,0.046,0,0.0295,0.0040,0.040,0.06,0.205,0.133,0.070,0.024,0.000,0.000,15,9,0,0,0.229,0.189,0.221,0.072,0.038,0.014,35,20,8,6
0.125,0.357,0.004,1.99,0.186,0,0.0318,0.0042,0.055,-0.326,0.205,0.133,0.070,0.024,0.000,0.000,15,9,0,0,0.229,0.189,0.221,0.072,0.038,0.014,35,20,8,6
0.119,0.336,0.005,2.1,0.128,0,0.0389,0.0047,0.071,0.02,0.205,0.133,0.070,0.024,0.000,0.000,15,9,0,0,0.229,0.189,0.221,0.072,0.038,0.014,35,20,8,6
0.134,0.341,0.022,1.99,0.186,0,0.0489,0.0051,0.118,-0.326,0.205,0.133,0.070,0.024,0.000,0.000,15,9,0,0,0.229,0.189,0.221,0.072,0.038,0.014,35,20,8,6
0.134,0.369,0.032,2.1,0.128,0,0.0616,0.0058,0.063,0.02,0.205,0.133,0.070,0.024,0.000,0.000,15,9,0,0,0.229,0.189,0.221,0.072,0.038,0.014,35,20,8,6
0.138,0.854,0.407,-0.42,0.180,0,0.0668,0.0056,0.268,0.318,0.205,0.133,0.070,0.024,0.000,0.000,15,9,0,0,0.229,0.189,0.221,0.072,0.038,0.014,35,20,8,6
0.136,0.351,0.332,0.85,0.046,0,0.0707,0.0055,0.102,0.06,0.205,0.133,0.070,0.024,0.000,0.000,15,9,0,0,0.229,0.189,0.221,0.072,0.038,0.014,35,20,8,6
0.131,0.329,0.341,-1.14,0.131,0,0.0727,0.0049,0.270,0.987,0.205,0.133,0.070,0.024,0.000,0.000,15,9,0,0,0.229,0.189,0.221,0.072,0.038,0.014,35,20,8,6
0.137,0.303,0.610,-0.79,0.151,-1,0.0810,0.0049,0.487,0.736,0.205,0.133,0.070,0.024,0.000,0.000,15,9,0,0,0.229,0.189,0.221,0.072,0.038,0.014,35,20,8,6
0.138,0.307,0.418,-1.1,0.105,-1,0.0880,0.0046,0.273,0.192,0.205,0.133,0.070,0.024,0.000,0.000,15,9,0,0,0.229,0.189,0.221,0.072,0.038,0.014,35,20,8,6
0.114,0.300,0.312,0.85,0.046,0,0.1005,0.0052,0.163,0.06,0.205,0.133,0.070,0.024,0.000,0.000,15,9,0,0,0.229,0.189,0.221,0.072,0.038,0.014,35,20,8,6
0.109,0.437,0.480,-0.48,0.134,0,0.1167,0.0064,0.406,0.007,0.205,0.133,0.070,0.024,0.000,0.000,15,9,0,0,0.229,0.189,0.221,0.072,0.038,0.014,35,20,8,6
0.114,0.378,0.389,-0.08,0.108,0,0.1367,0.0080,0.157,0.059,0.205,0.133,0.070,0.024,0.000,0.000,15,9,0,0,0.229,0.189,0.221,0.072,0.038,0.014,35,20,8,6
0.113,0.352,0.012,2.53,0.140,0,0.1563,0.0096,0.055,-0.121,0.205,0.133,0.070,0.024,0.000,0.000,15,9,0,0,0.229,0.189,0.221,0.072,0.038,0.014,35,20,8,6
0.113,0.282,0.014,0.85,0.046,0,0.1723,0.0110,0.119,0.06,0.205,0.133,0.070,0.024,0.000,0.000,15,9,0,0,0.229,0.189,0.221,0.072,0.038,0.014,35,20,8,6
0.110,0.299,0.010,0.85,0.046,0,0.1777,0.0116,0.143,0.06,0.205,0.133,0.070,0.024,0.000,0.000,15,9,0,0,0.229,0.189,0.221,0.072,0.038,0.014,35,20,8,6
0.118,0.462,0.003,0.85,0.046,0,0.1750,0.0116,0.029,0.06,0.205,0.133,0.070,0.024,0.000,0.000,15,9,0,0,0.229,0.189,0.221,0.072,0.038,0.014,35,20,8,6
0.120,0.456,0.002,1.99,0.186,0,0.1649,0.0112,0.030,-0.326,0.205,0.133,0.070,0.024,0.000,0.000,15,9,0,0,0.229,0.189,0.221,0.072,0.038,0.014,35,20,8,6
0.126,0.893,0.159,0.2,0.291,1,0.1438,0.0098,0.241,0.180,0.205,0.133,0.070,0.024,0.000,0.000,15,9,0,0,0.229,0.189,0.221,0.072,0.038,0.014,35,20,8,6
0.155,0.834,0.011,2.53,0.140,0,0.1125,0.0075,0.069,-0.121,0.205,0.133,0.070,0.024,0.000,0.000,15,9,0,0,0.229,0.189,0.221,0.072,0.038,0.014,35,20,8,6
0.157,0.836,0.010,2.1,0.128,0,0.0834,0.0053,0.049,0.02,0.205,0.133,0.070,0.024,0.000,0.000,15,9,0,0,0.229,0.189,0.221,0.072,0.038,0.014,35,20,8,6
0.155,0.411,0.089,-1.1,0.105,-1,0.0596,0.0036,0.236,0.192,0.205,0.133,0.070,0.024,0.000,0.000,15,9,0,0,0.229,0.189,0.221,0.072,0.038,0.014,35,20,8,6
0.185,0.399,0.148,1.42,0.221,0,0.0445,0.0027,0.109,-0.397,0.205,0.133,0.070,0.024,0.000,0.000,15,9,0,0,0.229,0.189,0.221,0.072,0.038,0.014,35,20,8,6
0.187,0.483,0.122,0,0.000,0,0.0308,0.0016,0.106,0.166,0.205,0.133,0.070,0.024,0.000,0.000,15,9,0,0,0.229,0.189,0.221,0.072,0.038,0.014,35,20,8,6
0.183,0.462,0.068,1.99,0.186,0,0.0246,0.0016,0.091,-0.326,0.205,0.133,0.070,0.024,0.000,0.000,15,9,0,0,0.229,0.189,0.221,0.072,0.038,0.014,35,20,8,6
0.181,0.463,0.095,1.99,0.186,0,0.0215,0.0018,0.088,-0.326,0.205,0.133,0.070,0.024,0.000,0.000,15,9,0,0,0.229,0.189,0.221,0.072,0.038,0.014,35,20,8,6
0.179,0.413,0.186,1.42,0.221,0,0.0250,0.0028,0.094,-0.397,0.205,0.133,0.070,0.024,0.000,0.000,15,9,0,0,0.229,0.189,0.221,0.072,0.038,0.014,35,20,8,6
0.217,0.402,0.345,0,0.000,0,0.0244,0.0030,0.069,0.166,0.205,0.133,0.070,0.024,0.000,0.000,15,9,0,0,0.229,0.189,0.221,0.072,0.038,0.014,35,20,8,6
0.218,0.354,0.226,0.85,0.046,0,0.0243,0.0036,0.055,0.06,0.205,0.133,0.070,0.024,0.000,0.000,15,9,0,0,0.229,0.189,0.221,0.072,0.038,0.014,35,20,8,6
0.211,0.339,0.045,0.85,0.046,0,0.0210,0.0035,0.098,0.06,0.205,0.133,0.070,0.024,0.000,0.000,15,9,0,0,0.229,0.189,0.221,0.072,0.038,0.014,35,20,8,6
0.212,0.342,0.019,3.14,0.186,0,0.0196,0.0038,0.066,-0.486,0.205,0.133,0.070,0.024,0.000,0.000,15,9,0,0,0.229,0.189,0.221,0.072,0.038,0.014,35,20,8,6
0.202,0.346,0.002,1.99,0.186,0,0.0200,0.0045,0.071,-0.326,0.205,0.133,0.070,0.024,0.000,0.000,15,9,0,0,0.229,0.189,0.221,0.072,0.038,0.014,35,20,8,6
0.209,0.369,0.002,0,0.000,0,0.0239,0.0074,0.115,0.166,0.205,0.133,0.070,0.024,0.000,0.000,15,9,0,0,0.229,0.189,0.221,0.072,0.038,0.014,35,20,8,6
0.195,0.310,0.001,-1.1,0.105,-1,0.0251,0.0082,0.226,0.192,0.205,0.133,0.070,0.024,0.000,0.000,15,9,0,0,0.229,0.189,0.221,0.072,0.038,0.014,35,20,8,6
0.183,0.307,0.005,3.14,0.186,0,0.0224,0.0069,0.043,-0.486,0.205,0.133,0.070,0.024,0.000,0.000,15,9,0,0,0.229,0.189,0.221,0.072,0.038,0.014,35,20,8,6
0.196,0.294,0.003,1.99,0.186,0,0.0210,0.0061,0.053,-0.326,0.205,0.133,0.070,0.024,0.000,0.000,15,9,0,0,0.229,0.189,0.221,0.072,0.038,0.014,35,20,8,6
0.196,0.300,0.003,1.99,0.186,0,0.0289,0.0136,0.133,-0.326,0.205,0.133,0.070,0.024,0.000,0.000,15,9,0,0,0.229,0.189,0.221,0.072,0.038,0.014,35,20,8,6
0.181,0.424,0.260,-1.19,0.219,1,0.0363,0.0199,0.242,0.586,0.205,0.133,0.070,0.024,0.000,0.000,15,9,0,0,0.229,0.189,0.221,0.072,0.038,0.014,35,20,8,6
0.181,0.343,0.007,2.53,0.140,0,0.0523,0.0344,0.019,-0.121,0.205,0.133,0.070,0.024,0.000,0.000,15,9,0,0,0.229,0.189,0.221,0.072,0.038,0.014,35,20,8,6
0.219,0.302,0.004,0.85,0.046,0,0.0656,0.0447,0.056,0.06,0.205,0.133,0.070,0.024,0.000,0.000,15,9,0,0,0.229,0.189,0.221,0.072,0.038,0.014,35,20,8,6
0.226,0.300,0.009,0.85,0.046,0,0.0831,0.0621,0.162,0.06,0.205,0.133,0.070,0.024,0.000,0.000,15,9,0,0,0.229,0.189,0.221,0.072,0.038,0.014,35,20,8,6
0.222,0.313,0.010,3.14,0.186,0,0.1016,0.0824,0.077,-0.486,0.205,0.133,0.070,0.024,0.000,0.000,15,9,0,0,0.229,0.189,0.221,0.072,0.038,0.014,35,20,8,6
0.224,0.333,0.008,1.99,0.186,0,0.1180,0.1016,0.042,-0.326,0.205,0.133,0.070,0.024,0.000,0.000,15,9,0,0,0.229,0.189,0.221,0.072,0.038,0.014,35,20,8,6
0.227,0.443,0.091,-0.42,0.180,0,0.1508,0.1342,0.197,0.318,0.205,0.133,0.070,0.024,0.000,0.000,15,9,0,0,0.229,0.189,0.221,0.072,0.038,0.014,35,20,8,6
0.239,0.459,0.346,-0.08,0.108,0,0.1903,0.1736,0.264,0.059,0.205,0.133,0.070,0.024,0.000,0.000,15,9,0,0,0.229,0.189,0.221,0.072,0.038,0.014,35,20,8,6
0.255,0.501,0.287,0.22,0.230,0,0.2246,0.2112,0.206,0.303,0.205,0.133,0.070,0.024,0.000,0.000,15,9,0,0,0.229,0.189,0.221,0.072,0.038,0.014,35,20,8,6
0.255,0.389,0.038,1.99,0.186,0,0.2594,0.2520,0.124,-0.326,0.205,0.133,0.070,0.024,0.000,0.000,15,9,0,0,0.229,0.189,0.221,0.072,0.038,0.014,35,20,8,6
0.247,0.422,0.179,-1.14,0.131,0,0.3002,0.2992,0.405,0.987,0.205,0.133,0.070,0.024,0.000,0.000,15,9,0,0,0.229,0.189,0.221,0.072,0.038,0.014,35,20,8,6
0.169,0.467,0.309,0,0.000,0,0.3487,0.3537,0.442,0.166,0.205,0.133,0.070,0.024,0.000,0.000,15,9,0,0,0.229,0.189,0.221,0.072,0.038,0.014,35,20,8,6
0.164,0.524,0.343,-1.19,0.219,1,0.3932,0.4053,0.484,0.586,0.205,0.133,0.070,0.024,0.000,0.000,15,9,0,0,0.229,0.189,0.221,0.072,0.038,0.014,35,20,8,6
0.156,0.438,0.472,0.2,0.291,1,0.4394,0.4601,0.370,0.180,0.205,0.133,0.070,0.024,0.000,0.000,15,9,0,0,0.229,0.189,0.221,0.072,0.038,0.014,35,20,8,6
0.160,0.319,0.306,-1.14,0.131,0,0.4800,0.5089,0.330,0.987,0.205,0.133,0.070,0.024,0.000,0.000,15,9,0,0,0.229,0.189,0.221,0.072,0.038,0.014,35,20,8,6
0.156,0.318,0.280,0.85,0.046,0,0.5058,0.5460,0.424,0.06,0.205,0.133,0.070,0.024,0.000,0.000,15,9,0,0,0.229,0.189,0.221,0.072,0.038,0.014,35,20,8,6
0.192,0.457,0.658,0.2,0.291,1,0.5256,0.5746,0.457,0.180,0.205,0.133,0.070,0.024,0.000,0.000,15,9,0,0,0.229,0.189,0.221,0.072,0.038,0.014,35,20,8,6
0.239,0.315,0.447,0,0.000,0,0.5569,0.6114,0.328,0.166,0.205,0.133,0.070,0.024,0.000,0.000,15,9,0,0,0.229,0.189,0.221,0.072,0.038,0.014,35,20,8,6
0.250,0.367,0.347,-0.52,0.062,0,0.5765,0.6340,0.371,0.341,0.205,0.133,0.070,0.024,0.000,0.000,15,9,0,0,0.229,0.189,0.221,0.072,0.038,0.014,35,20,8,6
0.244,0.245,0.463,1.99,0.186,0,0.5866,0.6499,0.199,-0.326,0.205,0.133,0.070,0.024,0.000,0.000,15,9,0,0,0.229,0.189,0.221,0.072,0.038,0.014,35,20,8,6
0.246,0.240,0.468,-1.14,0.131,0,0.5846,0.6540,0.365,0.987,0.205,0.133,0.070,0.024,0.000,0.000,15,9,0,0,0.229,0.189,0.221,0.072,0.038,0.014,35,20,8,6
0.247,0.242,0.378,-0.79,0.151,-1,0.5761,0.6564,0.537,0.736,0.205,0.133,0.070,0.024,0.000,0.000,15,9,0,0,0.229,0.189,0.221,0.072,0.038,0.014,35,20,8,6
0.258,0.296,0.507,-0.42,0.180,0,0.5544,0.6470,0.371,0.318,0.205,0.133,0.070,0.024,0.000,0.000,15,9,0,0,0.229,0.189,0.221,0.072,0.038,0.014,35,20,8,6
0.218,0.274,0.488,-1.14,0.131,0,0.5192,0.6284,0.418,0.987,0.205,0.133,0.070,0.024,0.000,0.000,15,9,0,0,0.229,0.189,0.221,0.072,0.038,0.014,35,20,8,6
0.209,0.314,0.539,2.1,0.128,0,0.4939,0.6149,0.176,0.02,0.205,0.133,0.070,0.024,0.000,0.000,15,9,0,0,0.229,0.189,0.221,0.072,0.038,0.014,35,20,8,6
0.213,0.379,0.573,-0.08,0.108,0,0.4648,0.5971,0.297,0.059,0.205,0.133,0.070,0.024,0.000,0.000,15,9,0,0,0.229,0.189,0.221,0.072,0.038,0.014,35,20,8,6
0.204,0.453,0.656,-1.19,0.219,1,0.4426,0.5851,0.476,0.586,0.205,0.133,0.070,0.024,0.000,0.000,15,9,0,0,0.229,0.189,0.221,0.072,0.038,0.014,35,20,8,6
0.190,0.457,0.775,-1.19,0.219,1,0.4119,0.5672,0.408,0.586,0.205,0.133,0.070,0.024,0.000,0.000,15,9,0,0,0.229,0.189,0.221,0.072,0.038,0.014,35,20,8,6
0.186,0.347,0.533,0.85,0.046,0,0.3836,0.5476,0.207,0.06,0.205,0.133,0.070,0.024,0.000,0.000,15,9,0,0,0.229,0.189,0.221,0.072,0.038,0.014,35,20,8,6
0.216,0.424,0.658,0.2,0.291,1,0.3723,0.5398,0.363,0.180,0.205,0.133,0.070,0.024,0.000,0.000,15,9,0,0,0.229,0.189,0.221,0.072,0.038,0.014,35,20,8,6
0.216,0.307,0.329,0.85,0.046,0,0.3659,0.5337,0.364,0.06,0.205,0.133,0.070,0.024,0.000,0.000,15,9,0,0,0.229,0.189,0.221,0.072,0.038,0.014,35,20,8,6
0.187,0.337,0.054,-1.1,0.105,-1,0.3650,0.5314,0.438,0.192,0.205,0.133,0.070,0.024,0.000,0.000,15,9,0,0,0.229,0.189,0.221,0.072,0.038,0.014,35,20,8,6
0.270,0.351,0.079,0.22,0.230,0,0.3620,0.5265,0.314,0.303,0.205,0.133,0.070,0.024,0.000,0.000,15,9,0,0,0.229,0.189,0.221,0.072,0.038,0.014,35,20,8,6
0.266,0.336,0.044,0,0.000,0,0.3428,0.5095,0.329,0.166,0.205,0.133,0.070,0.024,0.000,0.000,15,9,0,0,0.229,0.189,0.221,0.072,0.038,0.014,35,20,8,6
0.277,0.281,0.003,1.99,0.186,0,0.3307,0.4968,0.180,-0.326,0.205,0.133,0.070,0.024,0.000,0.000,15,9,0,0,0.229,0.189,0.221,0.072,0.038,0.014,35,20,8,6
0.260,0.244,0.088,3.14,0.186,0,0.3343,0.4954,0.113,-0.486,0.205,0.133,0.070,0.024,0.000,0.000,15,9,0,0,0.229,0.189,0.221,0.072,0.038,0.014,35,20,8,6
0.280,0.218,0.071,-1.14,0.131,0,0.3369,0.4897,0.324,0.987,0.205,0.133,0.070,0.024,0.000,0.000,15,9,0,0,0.229,0.189,0.221,0.072,0.038,0.014,35,20,8,6
0.233,0.236,0.003,-1.1,0.105,-1,0.3409,0.4861,0.400,0.192,0.205,0.133,0.070,0.024,0.000,0.000,15,9,0,0,0.229,0.189,0.221,0.072,0.038,0.014,35,20,8,6
0.205,0.217,0.005,2.53,0.140,0,0.3414,0.4816,0.203,-0.121,0.205,0.133,0.070,0.024,0.000,0.000,15,9,0,0,0.229,0.189,0.221,0.072,0.038,0.014,35,20,8,6
0.211,0.352,0.015,-1.19,0.219,1,0.3387,0.4775,0.408,0.586,0.205,0.133,0.070,0.024,0.000,0.000,15,9,0,0,0.229,0.189,0.221,0.072,0.038,0.014,35,20,8,6
0.195,0.215,0.003,1.99,0.186,0,0.3318,0.4678,0.158,-0.326,0.205,0.133,0.070,0.024,0.000,0.000,15,9,0,0,0.229,0.189,0.221,0.072,0.038,0.014,35,20,8,6
0.204,0.309,0.001,-0.79,0.151,-1,0.3237,0.4566,0.387,0.736,0.205,0.133,0.070,0.024,0.000,0.000,15,9,0,0,0.229,0.189,0.221,0.072,0.038,0.014,35,20,8,6
0.210,0.435,0.246,-1.19,0.219,1,0.3241,0.4485,0.479,0.586,0.205,0.133,0.070,0.024,0.000,0.000,15,9,0,0,0.229,0.189,0.221,0.072,0.038,0.014,35,20,8,6
0.191,0.445,0.061,-0.08,0.108,0,0.3237,0.4402,0.301,0.059,0.205,0.133,0.070,0.024,0.000,0.000,15,9,0,0,0.229,0.189,0.221,0.072,0.038,0.014,35,20,8,6
0.200,0.421,0.019,2.53,0.140,0,0.3347,0.4402,0.161,-0.121,0.205,0.133,0.070,0.024,0.000,0.000,15,9,0,0,0.229,0.189,0.221,0.072,0.038,0.014,35,20,8,6
0.168,0.439,0.070,-1.14,0.131,0,0.3323,0.4288,0.337,0.987,0.205,0.133,0.070,0.024,0.000,0.000,15,9,0,0,0.229,0.189,0.221,0.072,0.038,0.014,35,20,8,6
0.179,0.939,0.579,0.2,0.291,1,0.3261,0.4131,0.405,0.180,0.205,0.133,0.070,0.024,0.000,0.000,15,9,0,0,0.229,0.189,0.221,0.072,0.038,0.014,35,20,8,6
0.154,0.840,0.108,1.99,0.186,0,0.3108,0.3888,0.170,-0.326,0.205,0.133,0.070,0.024,0.000,0.000,15,9,0,0,0.229,0.189,0.221,0.072,0.038,0.014,35,20,8,6
0.155,0.839,0.130,0.22,0.230,0,0.2987,0.3691,0.277,0.303,0.205,0.133,0.070,0.024,0.000,0.000,15,9,0,0,0.229,0.189,0.221,0.072,0.038,0.014,35,20,8,6
0.128,0.657,0.498,0.2,0.291,1,0.2968,0.3593,0.333,0.180,0.205,0.133,0.070,0.024,0.000,0.000,15,9,0,0,0.229,0.189,0.221,0.072,0.038,0.014,35,20,8,6
0.103,0.595,0.200,-1.14,0.131,0,0.2945,0.3528,0.374,0.987,0.205,0.133,0.070,0.024,0.000,0.000,15,9,0,0,0.229,0.189,0.221,0.072,0.038,0.014,35,20,8,6
0.103,0.876,0.540,-0.52,0.062,0,0.2831,0.3411,0.212,0.341,0.205,0.133,0.070,0.024,0.000,0.000,15,9,0,0,0.229,0.189,0.221,0.072,0.038,0.014,35,20,8,6
0.121,0.512,0.317,1.99,0.186,0,0.2717,0.3289,0.097,-0.326,0.205,0.133,0.070,0.024,0.000,0.000,15,9,0,0,0.229,0.189,0.221,0.072,0.038,0.014,35,20,8,6
0.100,0.675,0.390,-0.42,0.180,0,0.2636,0.3199,0.378,0.318,0.205,0.133,0.070,0.024,0.000,0.000,15,9,0,0,0.229,0.189,0.221,0.072,0.038,0.014,35,20,8,6
0.109,0.874,0.220,0.22,0.230,0,0.2616,0.3157,0.282,0.303,0.205,0.133,0.070,0.024,0.000,0.000,15,9,0,0,0.229,0.189,0.221,0.072,0.038,0.014,35,20,8,6
0.104,0.605,0.064,1.69,0.290,0,0.2601,0.3090,0.063,-0.697,0.205,0.133,0.070,0.024,0.000,0.000,15,9,0,0,0.229,0.189,0.221,0.072,0.038,0.014,35,20,8,6
0.109,0.661,0.120,0.2,0.291,1,0.2451,0.2910,0.247,0.180,0.205,0.133,0.070,0.024,0.000,0.000,15,9,0,0,0.229,0.189,0.221,0.072,0.038,0.014,35,20,8,6
0.102,0.431,0.008,-0.79,0.151,-1,0.2345,0.2778,0.437,0.736,0.205,0.133,0.070,0.024,0.000,0.000,15,9,0,0,0.229,0.189,0.221,0.072,0.038,0.014,35,20,8,6
0.102,0.562,0.007,-0.42,0.180,0,0.2060,0.2474,0.270,0.318,0.205,0.133,0.070,0.024,0.000,0.000,15,9,0,0,0.229,0.189,0.221,0.072,0.038,0.014,35,20,8,6
0.119,0.567,0.010,1.69,0.290,0,0.1749,0.2132,0.072,-0.697,0.205,0.133,0.070,0.024,0.000,0.000,15,9,0,0,0.229,0.189,0.221,0.072,0.038,0.014,35,20,8,6
0.116,0.517,0.005,1.99,0.186,0,0.1568,0.1884,0.203,-0.326,0.205,0.133,0.070,0.024,0.000,0.000,15,9,0,0,0.229,0.189,0.221,0.072,0.038,0.014,35,20,8,6
0.122,0.508,0.007,2.53,0.140,0,0.1496,0.1750,0.203,-0.121,0.205,0.133,0.070,0.024,0.000,0.000,15,9,0,0,0.229,0.189,0.221,0.072,0.038,0.014,35,20,8,6
0.117,0.842,0.009,-1.14,0.131,0,0.1411,0.1614,0.291,0.987,0.205,0.133,0.070,0.024,0.000,0.000,15,9,0,0,0.229,0.189,0.221,0.072,0.038,0.014,35,20,8,6
0.112,0.712,0.052,0,0.000,0,0.1409,0.1556,0.350,0.166,0.205,0.133,0.070,0.024,0.000,0.000,15,9,0,0,0.229,0.189,0.221,0.072,0.038,0.014,35,20,8,6
0.125,0.755,0.147,0.2,0.291,1,0.1406,0.1506,0.243,0.180,0.205,0.133,0.070,0.024,0.000,0.000,15,9,0,0,0.229,0.189,0.221,0.072,0.038,0.014,35,20,8,6
0.080,0.693,0.128,-1.14,0.131,0,0.1367,0.1403,0.207,0.987,0.205,0.133,0.070,0.024,0.000,0.000,15,9,0,0,0.229,0.189,0.221,0.072,0.038,0.014,35,20,8,6
0.093,0.834,0.012,2.53,0.140,0,0.1339,0.1332,0.109,-0.121,0.205,0.133,0.070,0.024,0.000,0.000,15,9,0,0,0.229,0.189,0.221,0.072,0.038,0.014,35,20,8,6
0.092,0.843,0.048,3.14,0.186,0,0.1406,0.1348,0.094,-0.486,0.205,0.133,0.070,0.024,0.000,0.000,15,9,0,0,0.229,0.189,0.221,0.072,0.038,0.014,35,20,8,6
0.118,0.898,0.024,1.99,0.186,0,0.1535,0.1426,0.066,-0.326,0.205,0.133,0.070,0.024,0.000,0.000,15,9,0,0,0.229,0.189,0.221,0.072,0.038,0.014,35,20,8,6
0.118,0.867,0.295,-1.19,0.219,1,0.1647,0.1487,0.347,0.586,0.205,0.133,0.070,0.024,0.000,0.000,15,9,0,0,0.229,0.189,0.221,0.072,0.038,0.014,35,20,8,6
0.175,0.893,0.357,0,0.000,0,0.1610,0.1421,0.122,0.166,0.205,0.133,0.070,0.024,0.000,0.000,15,9,0,0,0.229,0.189,0.221,0.072,0.038,0.014,35,20,8,6
0.124,0.858,0.053,2.53,0.140,0,0.1549,0.1341,0.124,-0.121,0.205,0.133,0.070,0.024,0.000,0.000,15,9,0,0,0.229,0.189,0.221,0.072,0.038,0.014,35,20,8,6
0.130,0.837,0.051,0.85,0.046,0,0.1515,0.1306,0.179,0.06,0.205,0.133,0.070,0.024,0.000,0.000,15,9,0,0,0.229,0.189,0.221,0.072,0.038,0.014,35,20,8,6
0.135,0.852,0.279,-1.1,0.105,-1,0.1401,0.1206,0.309,0.192,0.205,0.133,0.070,0.024,0.000,0.000,15,9,0,0,0.229,0.189,0.221,0.072,0.038,0.014,35,20,8,6
0.108,0.876,0.356,0.22,0.230,0,0.1263,0.1091,0.196,0.303,0.205,0.133,0.070,0.024,0.000,0.000,15,9,0,0,0.229,0.189,0.221,0.072,0.038,0.014,35,20,8,6
0.093,0.889,0.438,1.76,0.409,0,0.1199,0.1041,0.140,-0.884,0.205,0.133,0.070,0.024,0.000,0.000,15,9,0,0,0.229,0.189,0.221,0.072,0.038,0.014,35,20,8,6
0.095,0.832,0.387,-1.14,0.131,0,0.1016,0.0887,0.280,0.987,0.205,0.133,0.070,0.024,0.000,0.000,15,9,0,0,0.229,0.189,0.221,0.072,0.038,0.014,35,20,8,6
0.091,0.865,0.329,2.1,0.128,0,0.0940,0.0820,0.143,0.02,0.205,0.133,0.070,0.024,0.000,0.000,15,9,0,0,0.229,0.189,0.221,0.072,0.038,0.014,35,20,8,6
0.076,0.482,0.500,1.42,0.221,0,0.0872,0.0760,0.118,-0.397,0.205,0.133,0.070,0.024,0.000,0.000,15,9,0,0,0.229,0.189,0.221,0.072,0.038,0.014,35,20,8,6
0.074,0.854,0.609,-0.42,0.180,0,0.0975,0.0834,0.257,0.318,0.205,0.133,0.070,0.024,0.000,0.000,15,9,0,0,0.229,0.189,0.221,0.072,0.038,0.014,35,20,8,6
0.060,0.558,0.559,-1.19,0.219,1,0.1029,0.0876,0.455,0.586,0.205,0.133,0.070,0.024,0.000,0.000,15,9,0,0,0.229,0.189,0.221,0.072,0.038,0.014,35,20,8,6
0.060,0.610,0.399,1.76,0.409,0,0.1131,0.0948,0.115,-0.884,0.205,0.133,0.070,0.024,0.000,0.000,15,9,0,0,0.229,0.189,0.221,0.072,0.038,0.014,35,20,8,6
0.061,0.489,0.382,-0.52,0.062,0,0.1140,0.0927,0.098,0.341,0.205,0.133,0.070,0.024,0.000,0.000,15,9,0,0,0.229,0.189,0.221,0.072,0.038,0.014,35,20,8,6
0.064,0.428,0.278,1.99,0.186,0,0.1215,0.0945,0.154,-0.326,0.205,0.133,0.070,0.024,0.000,0.000,15,9,0,0,0.229,0.189,0.221,0.072,0.038,0.014,35,20,8,6
0.063,0.422,0.203,-0.79,0.151,-1,0.1123,0.0855,0.384,0.736,0.205,0.133,0.070,0.024,0.000,0.000,15,9,0,0,0.229,0.189,0.221,0.072,0.038,0.014,35,20,8,6
0.058,0.873,0.514,1.37,0.298,0,0.1113,0.0839,0.088,-0.510,0.205,0.133,0.070,0.024,0.000,0.000,15,9,0,0,0.229,0.189,0.221,0.072,0.038,0.014,35,20,8,6
0.082,0.401,0.003,3.14,0.186,0,0.1139,0.0861,0.046,-0.486,0.205,0.133,0.070,0.024,0.000,0.000,15,9,0,0,0.229,0.189,0.221,0.072,0.038,0.014,35,20,8,6
0.086,0.402,0.026,-0.42,0.180,0,0.1252,0.0948,0.314,0.318,0.205,0.133,0.070,0.024,0.000,0.000,15,9,0,0,0.229,0.189,0.221,0.072,0.038,0.014,35,20,8,6
0.067,0.358,0.036,-0.79,0.151,-1,0.1322,0.1000,0.337,0.736,0.205,0.133,0.070,0.024,0.000,0.000,15,9,0,0,0.229,0.189,0.221,0.072,0.038,0.014,35,20,8,6
0.064,0.375,0.160,3.14,0.186,0,0.1266,0.0930,0.086,-0.486,0.205,0.133,0.070,0.024,0.000,0.000,15,9,0,0,0.229,0.189,0.221,0.072,0.038,0.014,35,20,8,6
0.068,0.410,0.021,0.85,0.046,0,0.1318,0.0958,0.234,0.06,0.205,0.133,0.070,0.024,0.000,0.000,15,9,0,0,0.229,0.189,0.221,0.072,0.038,0.014,35,20,8,6
0.057,0.450,0.090,0,0.000,0,0.1520,0.1095,0.398,0.166,0.205,0.133,0.070,0.024,0.000,0.000,15,9,0,0,0.229,0.189,0.221,0.072,0.038,0.014,35,20,8,6
0.088,0.403,0.090,2.1,0.128,0,0.1759,0.1252,0.138,0.02,0.205,0.133,0.070,0.024,0.000,0.000,15,9,0,0,0.229,0.189,0.221,0.072,0.038,0.014,35,20,8,6
0.074,0.542,0.263,0.2,0.291,1,0.1945,0.1355,0.354,0.180,0.205,0.133,0.070,0.024,0.000,0.000,15,9,0,0,0.229,0.189,0.221,0.072,0.038,0.014,35,20,8,6
0.070,0.864,0.183,-0.08,0.108,0,0.2239,0.1550,0.318,0.059,0.205,0.133,0.070,0.024,0.000,0.000,15,9,0,0,0.229,0.189,0.221,0.072,0.038,0.014,35,20,8,6
0.083,0.898,0.030,2.53,0.140,0,0.2603,0.1802,0.089,-0.121,0.205,0.133,0.070,0.024,0.000,0.000,15,9,0,0,0.229,0.189,0.221,0.072,0.038,0.014,35,20,8,6
0.076,0.867,0.268,-1.14,0.131,0,0.2846,0.1963,0.250,0.987,0.205,0.133,0.070,0.024,0.000,0.000,15,9,0,0,0.229,0.189,0.221,0.072,0.038,0.014,35,20,8,6
0.063,0.878,0.015,2.53,0.140,0,0.3221,0.2230,0.131,-0.121,0.205,0.133,0.070,0.024,0.000,0.000,15,9,0,0,0.229,0.189,0.221,0.072,0.038,0.014,35,20,8,6
0.044,0.445,0.381,-0.79,0.151,-1,0.3437,0.2381,0.313,0.736,0.205,0.133,0.070,0.024,0.000,0.000,15,9,0,0,0.229,0.189,0.221,0.072,0.038,0.014,35,20,8,6
0.058,0.832,0.232,2.53,0.140,0,0.3569,0.2471,0.142,-0.121,0.205,0.133,0.070,0.024,0.000,0.000,15,9,0,0,0.229,0.189,0.221,0.072,0.038,0.014,35,20,8,6
0.057,0.875,0.296,0,0.000,0,0.3628,0.2500,0.196,0.166,0.205,0.133,0.070,0.024,0.000,0.000,15,9,0,0,0.229,0.189,0.221,0.072,0.038,0.014,35,20,8,6
0.054,0.860,0.453,-0.52,0.062,0,0.3771,0.2586,0.243,0.341,0.205,0.133,0.070,0.024,0.000,0.000,15,9,0,0,0.229,0.189,0.221,0.072,0.038,0.014,35,20,8,6
0.053,0.890,0.468,0.2,0.291,1,0.3748,0.2542,0.381,0.180,0.205,0.133,0.070,0.024,0.000,0.000,15,9,0,0,0.229,0.189,0.221,0.072,0.038,0.014,35,20,8,6
0.053,0.901,0.501,1.37,0.298,0,0.3723,0.2506,0.186,-0.510,0.205,0.133,0.070,0.024,0.000,0.000,15,9,0,0,0.229,0.189,0.221,0.072,0.038,0.014,35,20,8,6
0.048,0.386,0.477,-0.08,0.108,0,0.3678,0.2476,0.270,0.059,0.205,0.133,0.070,0.024,0.000,0.000,15,9,0,0,0.229,0.189,0.221,0.072,0.038,0.014,35,20,8,6
0.051,0.302,0.644,-1.1,0.105,-1,0.3767,0.2540,0.361,0.192,0.205,0.133,0.070,0.024,0.000,0.000,15,9,0,0,0.229,0.189,0.221,0.072,0.038,0.014,35,20,8,6
0.043,0.253,0.585,-0.79,0.151,-1,0.3793,0.2558,0.490,0.736,0.205,0.133,0.070,0.024,0.000,0.000,15,9,0,0,0.229,0.189,0.221,0.072,0.038,0.014,35,20,8,6
0.036,0.237,0.388,-0.79,0.151,-1,0.3603,0.2414,0.421,0.736,0.205,0.133,0.070,0.024,0.000,0.000,15,9,0,0,0.229,0.189,0.221,0.072,0.038,0.014,35,20,8,6
0.029,0.318,0.432,1.76,0.409,0,0.3409,0.2295,0.087,-0.884,0.205,0.133,0.070,0.024,0.000,0.000,15,9,0,0,0.229,0.189,0.221,0.072,0.038,0.014,35,20,8,6
0.035,0.331,0.394,-0.52,0.062,0,0.3219,0.2168,0.203,0.341,0.205,0.133,0.070,0.024,0.000,0.000,15,9,0,0,0.229,0.189,0.221,0.072,0.038,0.014,35,20,8,6
0.037,0.405,0.612,-0.42,0.180,0,0.3012,0.2042,0.355,0.318,0.205,0.133,0.070,0.024,0.000,0.000,15,9,0,0,0.229,0.189,0.221,0.072,0.038,0.014,35,20,8,6
0.046,0.426,0.390,-0.08,0.108,0,0.2607,0.1750,0.121,0.059,0.205,0.133,0.070,0.024,0.000,0.000,15,9,0,0,0.229,0.189,0.221,0.072,0.038,0.014,35,20,8,6
0.039,0.363,0.332,1.99,0.186,0,0.2321,0.1570,0.085,-0.326,0.205,0.133,0.070,0.024,0.000,0.000,15,9,0,0,0.229,0.189,0.221,0.072,0.038,0.014,35,20,8,6
0.036,0.424,0.403,1.42,0.221,0,0.2044,0.1407,0.223,-0.397,0.205,0.133,0.070,0.024,0.000,0.000,15,9,0,0,0.229,0.189,0.221,0.072,0.038,0.014,35,20,8,6
0.041,0.496,0.510,-0.08,0.108,0,0.1895,0.1316,0.222,0.059,0.205,0.133,0.070,0.024,0.000,0.000,15,9,0,0,0.229,0.189,0.221,0.072,0.038,0.014,35,20,8,6
0.036,0.429,0.219,2.53,0.140,0,0.1958,0.1387,0.051,-0.121,0.205,0.133,0.070,0.024,0.000,0.000,15,9,0,0,0.229,0.189,0.221,0.072,0.038,0.014,35,20,8,6
0.030,0.528,0.338,-0.48,0.134,0,0.2028,0.1462,0.191,0.007,0.205,0.133,0.070,0.024,0.000,0.000,15,9,0,0,0.229,0.189,0.221,0.072,0.038,0.014,35,20,8,6
0.036,0.439,0.380,-0.79,0.151,-1,0.2116,0.1545,0.349,0.736,0.205,0.133,0.070,0.024,0.000,0.000,15,9,0,0,0.229,0.189,0.221,0.072,0.038,0.014,35,20,8,6
0.047,0.493,0.287,1.69,0.290,0,0.2134,0.1569,0.113,-0.697,0.205,0.133,0.070,0.024,0.000,0.000,15,9,0,0,0.229,0.189,0.221,0.072,0.038,0.014,35,20,8,6
0.066,0.885,0.003,3.14,0.186,0,0.2177,0.1606,0.063,-0.486,0.205,0.133,0.070,0.024,0.000,0.000,15,9,0,0,0.229,0.189,0.221,0.072,0.038,0.014,35,20,8,6
0.063,0.510,0.233,-0.52,0.062,0,0.2190,0.1604,0.207,0.341,0.205,0.133,0.070,0.024,0.000,0.000,15,9,0,0,0.229,0.189,0.221,0.072,0.038,0.014,35,20,8,6
0.066,0.542,0.542,-1.19,0.219,1,0.2148,0.1563,0.377,0.586,0.205,0.133,0.070,0.024,0.000,0.000,15,9,0,0,0.229,0.189,0.221,0.072,0.038,0.014,35,20,8,6
0.062,0.832,0.316,1.37,0.298,0,0.2010,0.1452,0.110,-0.510,0.205,0.133,0.070,0.024,0.000,0.000,15,9,0,0,0.229,0.189,0.221,0.072,0.038,0.014,35,20,8,6
0.062,0.853,0.083,3.14,0.186,0,0.1840,0.1305,0.085,-0.486,0.205,0.133,0.070,0.024,0.000,0.000,15,9,0,0,0.229,0.189,0.221,0.072,0.038,0.014,35,20,8,6
0.060,0.343,0.222,2.53,0.140,0,0.1763,0.1242,0.156,-0.121,0.205,0.133,0.070,0.024,0.000,0.000,15,9,0,0,0.229,0.189,0.221,0.072,0.038,0.014,35,20,8,6
0.061,0.391,0.150,-0.48,0.134,0,0.1690,0.1199,0.313,0.007,0.205,0.133,0.070,0.024,0.000,0.000,15,9,0,0,0.229,0.189,0.221,0.072,0.038,0.014,35,20,8,6
0.066,0.346,0.028,-0.79,0.151,-1,0.1574,0.1129,0.252,0.736,0.205,0.133,0.070,0.024,0.000,0.000,15,9,0,0,0.229,0.189,0.221,0.072,0.038,0.014,35,20,8,6
0.075,0.360,0.061,-1.14,0.131,0,0.1513,0.1096,0.317,0.987,0.205,0.133,0.070,0.024,0.000,0.000,15,9,0,0,0.229,0.189,0.221,0.072,0.038,0.014,35,20,8,6
0.093,0.528,0.292,0.2,0.291,1,0.1624,0.1221,0.402,0.180,0.205,0.133,0.070,0.024,0.000,0.000,15,9,0,0,0.229,0.189,0.221,0.072,0.038,0.014,35,20,8,6
0.093,0.408,0.132,-1.1,0.105,-1,0.1712,0.1331,0.317,0.192,0.205,0.133,0.070,0.024,0.000,0.000,15,9,0,0,0.229,0.189,0.221,0.072,0.038,0.014,35,20,8,6
0.091,0.388,0.027,2.53,0.140,0,0.1850,0.1504,0.155,-0.121,0.205,0.133,0.070,0.024,0.000,0.000,15,9,0,0,0.229,0.189,0.221,0.072,0.038,0.014,35,20,8,6
0.084,0.393,0.015,0,0.000,0,0.2034,0.1714,0.186,0.166,0.205,0.133,0.070,0.024,0.000,0.000,15,9,0,0,0.229,0.189,0.221,0.072,0.038,0.014,35,20,8,6
0.065,0.479,0.344,1.37,0.298,0,0.2314,0.1986,0.181,-0.510,0.205,0.133,0.070,0.024,0.000,0.000,15,9,0,0,0.229,0.189,0.221,0.072,0.038,0.014,35,20,8,6
0.070,0.424,0.007,1.99,0.186,0,0.2621,0.2266,0.130,-0.326,0.205,0.133,0.070,0.024,0.000,0.000,15,9,0,0,0.229,0.189,0.221,0.072,0.038,0.014,35,20,8,6
0.058,0.416,0.045,0.85,0.046,0,0.2917,0.2524,0.130,0.06,0.205,0.133,0.070,0.024,0.000,0.000,15,9,0,0,0.229,0.189,0.221,0.072,0.038,0.014,35,20,8,6
0.058,0.843,0.106,-0.42,0.180,0,0.3058,0.2640,0.208,0.318,0.205,0.133,0.070,0.024,0.000,0.000,15,9,0,0,0.229,0.189,0.221,0.072,0.038,0.014,35,20,8,6
0.086,0.490,0.201,0.22,0.230,0,0.2985,0.2582,0.227,0.303,0.205,0.133,0.070,0.024,0.000,0.000,15,9,0,0,0.229,0.189,0.221,0.072,0.038,0.014,35,20,8,6
0.103,0.476,0.170,-0.42,0.180,0,0.2801,0.2428,0.268,0.318,0.205,0.133,0.070,0.024,0.000,0.000,15,9,0,0,0.229,0.189,0.221,0.072,0.038,0.014,35,20,8,6
0.103,0.330,0.007,1.99,0.186,0,0.2609,0.2272,0.108,-0.326,0.205,0.133,0.070,0.024,0.000,0.000,15,9,0,0,0.229,0.189,0.221,0.072,0.038,0.014,35,20,8,6
0.097,0.303,0.012,1.69,0.290,0,0.2506,0.2227,0.133,-0.697,0.205,0.133,0.070,0.024,0.000,0.000,15,9,0,0,0.229,0.189,0.221,0.072,0.038,0.014,35,20,8,6
0.106,0.213,0.017,-1.1,0.105,-1,0.2410,0.2236,0.462,0.192,0.205,0.133,0.070,0.024,0.000,0.000,15,9,0,0,0.229,0.189,0.221,0.072,0.038,0.014,35,20,8,6
0.103,0.255,0.014,-0.42,0.180,0,0.2289,0.2232,0.336,0.318,0.205,0.133,0.070,0.024,0.000,0.000,15,9,0,0,0.229,0.189,0.221,0.072,0.038,0.014,35,20,8,6
0.097,0.279,0.005,3.14,0.186,0,0.2219,0.2293,0.089,-0.486,0.205,0.133,0.070,0.024,0.000,0.000,15,9,0,0,0.229,0.189,0.221,0.072,0.038,0.014,35,20,8,6
0.104,0.286,0.011,-1.14,0.131,0,0.2166,0.2392,0.399,0.987,0.205,0.133,0.070,0.024,0.000,0.000,15,9,0,0,0.229,0.189,0.221,0.072,0.038,0.014,35,20,8,6
0.093,0.308,0.001,-0.79,0.151,-1,0.2130,0.2506,0.534,0.736,0.205,0.133,0.070,0.024,0.000,0.000,15,9,0,0,0.229,0.189,0.221,0.072,0.038,0.014,35,20,8,6
0.096,0.335,0.003,1.99,0.186,0,0.2065,0.2563,0.147,-0.326,0.205,0.133,0.070,0.024,0.000,0.000,15,9,0,0,0.229,0.189,0.221,0.072,0.038,0.014,35,20,8,6
0.104,0.357,0.007,-1.19,0.219,1,0.1999,0.2606,0.409,0.586,0.205,0.133,0.070,0.024,0.000,0.000,15,9,0,0,0.229,0.189,0.221,0.072,0.038,0.014,35,20,8,6
0.096,0.377,0.021,-0.42,0.180,0,0.2114,0.2776,0.494,0.318,0.205,0.133,0.070,0.024,0.000,0.000,15,9,0,0,0.229,0.189,0.221,0.072,0.038,0.014,35,20,8,6
0.102,0.387,0.002,-1.1,0.105,-1,0.2182,0.2902,0.433,0.192,0.205,0.133,0.070,0.024,0.000,0.000,15,9,0,0,0.229,0.189,0.221,0.072,0.038,0.014,35,20,8,6
0.098,0.345,0.003,3.14,0.186,0,0.2405,0.3120,0.107,-0.486,0.205,0.133,0.070,0.024,0.000,0.000,15,9,0,0,0.229,0.189,0.221,0.072,0.038,0.014,35,20,8,6
0.122,0.378,0.105,-0.52,0.062,0,0.2701,0.3403,0.393,0.341,0.205,0.133,0.070,0.024,0.000,0.000,15,9,0,0,0.229,0.189,0.221,0.072,0.038,0.014,35,20,8,6
0.103,0.352,0.050,3.14,0.186,0,0.3107,0.3798,0.102,-0.486,0.205,0.133,0.070,0.024,0.000,0.000,15,9,0,0,0.229,0.189,0.221,0.072,0.038,0.014,35,20,8,6
0.086,0.361,0.076,-1.14,0.131,0,0.3530,0.4212,0.267,0.987,0.205,0.133,0.070,0.024,0.000,0.000,15,9,0,0,0.229,0.189,0.221,0.072,0.038,0.014,35,20,8,6
0.072,0.340,0.105,-1.1,0.105,-1,0.3908,0.4584,0.284,0.192,0.205,0.133,0.070,0.024,0.000,0.000,15,9,0,0,0.229,0.189,0.221,0.072,0.038,0.014,35,20,8,6
0.061,0.360,0.164,1.37,0.298,0,0.4048,0.4750,0.148,-0.510,0.205,0.133,0.070,0.024,0.000,0.000,15,9,0,0,0.229,0.189,0.221,0.072,0.038,0.014,35,20,8,6
0.073,0.276,0.017,2.1,0.128,0,0.3985,0.4731,0.090,0.02,0.205,0.133,0.070,0.024,0.000,0.000,15,9,0,0,0.229,0.189,0.221,0.072,0.038,0.014,35,20,8,6
0.070,0.326,0.165,-0.52,0.062,0,0.3753,0.4561,0.250,0.341,0.205,0.133,0.070,0.024,0.000,0.000,15,9,0,0,0.229,0.189,0.221,0.072,0.038,0.014,35,20,8,6
0.054,0.234,0.013,1.99,0.186,0,0.3427,0.4324,0.160,-0.326,0.205,0.133,0.070,0.024,0.000,0.000,15,9,0,0,0.229,0.189,0.221,0.072,0.038,0.014,35,20,8,6
0.047,0.268,0.014,0,0.000,0,0.3002,0.4036,0.317,0.166,0.205,0.133,0.070,0.024,0.000,0.000,15,9,0,0,0.229,0.189,0.221,0.072,0.038,0.014,35,20,8,6
0.049,0.228,0.012,-1.1,0.105,-1,0.2706,0.3852,0.441,0.192,0.205,0.133,0.070,0.024,0.000,0.000,15,9,0,0,0.229,0.189,0.221,0.072,0.038,0.014,35,20,8,6
0.034,0.182,0.005,0,0.000,0,0.2413,0.3663,0.318,0.166,0.205,0.133,0.070,0.024,0.000,0.000,15,9,0,0,0.229,0.189,0.221,0.072,0.038,0.014,35,20,8,6
0.026,0.160,0.002,-0.79,0.151,-1,0.2197,0.3531,0.462,0.736,0.205,0.133,0.070,0.024,0.000,0.000,15,9,0,0,0.229,0.189,0.221,0.072,0.038,0.014,35,20,8,6
0.027,0.152,0.052,-0.79,0.151,-1,0.2265,0.3632,0.399,0.736,0.205,0.133,0.070,0.024,0.000,0.000,15,9,0,0,0.229,0.189,0.221,0.072,0.038,0.014,35,20,8,6
0.027,0.190,0.004,-0.79,0.151,-1,0.2429,0.3788,0.303,0.736,0.205,0.133,0.070,0.024,0.000,0.000,15,9,0,0,0.229,0.189,0.221,0.072,0.038,0.014,35,20,8,6
0.028,0.210,0.221,-0.79,0.151,-1,0.2665,0.4000,0.293,0.736,0.205,0.133,0.070,0.024,0.000,0.000,15,9,0,0,0.229,0.189,0.221,0.072,0.038,0.014,35,20,8,6
0.032,0.267,0.083,3.14,0.186,0,0.3058,0.4345,0.083,-0.486,0.205,0.133,0.070,0.024,0.000,0.000,15,9,0,0,0.229,0.189,0.221,0.072,0.038,0.014,35,20,8,6
0.029,0.346,0.609,-0.08,0.108,0,0.3327,0.4583,0.155,0.059,0.205,0.133,0.070,0.024,0.000,0.000,15,9,0,0,0.229,0.189,0.221,0.072,0.038,0.014,35,20,8,6
0.027,0.338,0.223,3.14,0.186,0,0.3611,0.4805,0.048,-0.486,0.205,0.133,0.070,0.024,0.000,0.000,15,9,0,0,0.229,0.189,0.221,0.072,0.038,0.014,35,20,8,6
0.029,0.457,0.601,-0.48,0.134,0,0.3674,0.4845,0.165,0.007,0.205,0.133,0.070,0.024,0.000,0.000,15,9,0,0,0.229,0.189,0.221,0.072,0.038,0.014,35,20,8,6
0.027,0.413,0.061,0.85,0.046,0,0.3562,0.4778,0.145,0.06,0.205,0.133,0.070,0.024,0.000,0.000,15,9,0,0,0.229,0.189,0.221,0.072,0.038,0.014,35,20,8,6
0.028,0.583,0.502,1.76,0.409,0,0.3295,0.4576,0.137,-0.884,0.205,0.133,0.070,0.024,0.000,0.000,15,9,0,0,0.229,0.189,0.221,0.072,0.038,0.014,35,20,8,6
0.029,0.939,0.355,1.69,0.290,0,0.3170,0.4465,0.108,-0.697,0.205,0.133,0.070,0.024,0.000,0.000,15,9,0,0,0.229,0.189,0.221,0.072,0.038,0.014,35,20,8,6
0.035,0.966,0.308,0,0.000,0,0.3127,0.4415,0.118,0.166,0.205,0.133,0.070,0.024,0.000,0.000,15,9,0,0,0.229,0.189,0.221,0.072,0.038,0.014,35,20,8,6
0.042,0.900,0.586,-1.14,0.131,0,0.3078,0.4342,0.307,0.987,0.205,0.133,0.070,0.024,0.000,0.000,15,9,0,0,0.229,0.189,0.221,0.072,0.038,0.014,35,20,8,6
0.050,0.923,0.582,-0.42,0.180,0,0.3063,0.4335,0.419,0.318,0.205,0.133,0.070,0.024,0.000,0.000,15,9,0,0,0.229,0.189,0.221,0.072,0.038,0.014,35,20,8,6
0.060,0.931,0.508,0,0.000,0,0.3087,0.4370,0.172,0.166,0.205,0.133,0.070,0.024,0.000,0.000,15,9,0,0,0.229,0.189,0.221,0.072,0.038,0.014,35,20,8,6
0.060,0.515,0.399,-0.08,0.108,0,0.3078,0.4407,0.268,0.059,0.205,0.133,0.070,0.024,0.000,0.000,15,9,0,0,0.229,0.189,0.221,0.072,0.038,0.014,35,20,8,6
0.053,0.455,0.535,3.14,0.186,0,0.3206,0.4575,0.138,-0.486,0.205,0.133,0.070,0.024,0.000,0.000,15,9,0,0,0.229,0.189,0.221,0.072,0.038,0.014,35,20,8,6
0.044,0.832,0.501,-0.52,0.062,0,0.3251,0.4643,0.221,0.341,0.205,0.133,0.070,0.024,0.000,0.000,15,9,0,0,0.229,0.189,0.221,0.072,0.038,0.014,35,20,8,6
0.052,0.465,0.315,-1.14,0.131,0,0.3258,0.4630,0.267,0.987,0.205,0.133,0.070,0.024,0.000,0.000,15,9,0,0,0.229,0.189,0.221,0.072,0.038,0.014,35,20,8,6
0.052,0.469,0.227,1.99,0.186,0,0.3295,0.4617,0.197,-0.326,0.205,0.133,0.070,0.024,0.000,0.000,15,9,0,0,0.229,0.189,0.221,0.072,0.038,0.014,35,20,8,6
0.074,0.472,0.703,0.22,0.230,0,0.3248,0.4486,0.279,0.303,0.205,0.133,0.070,0.024,0.000,0.000,15,9,0,0,0.229,0.189,0.221,0.072,0.038,0.014,35,20,8,6
0.091,0.915,0.497,-0.42,0.180,0,0.3222,0.4386,0.421,0.318,0.205,0.133,0.070,0.024,0.000,0.000,15,9,0,0,0.229,0.189,0.221,0.072,0.038,0.014,35,20,8,6
0.093,0.941,0.230,-1.1,0.105,-1,0.3177,0.4281,0.296,0.192,0.205,0.133,0.070,0.024,0.000,0.000,15,9,0,0,0.229,0.189,0.221,0.072,0.038,0.014,35,20,8,6
0.099,0.458,0.174,-1.14,0.131,0,0.3092,0.4154,0.341,0.987,0.205,0.133,0.070,0.024,0.000,0.000,15,9,0,0,0.229,0.189,0.221,0.072,0.038,0.014,35,20,8,6
0.107,0.892,0.372,-0.42,0.180,0,0.2997,0.4028,0.328,0.318,0.205,0.133,0.070,0.024,0.000,0.000,15,9,0,0,0.229,0.189,0.221,0.072,0.038,0.014,35,20,8,6
0.130,0.872,0.408,-0.42,0.180,0,0.2760,0.3809,0.190,0.318,0.205,0.133,0.070,0.024,0.000,0.000,15,9,0,0,0.229,0.189,0.221,0.072,0.038,0.014,35,20,8,6
0.122,0.597,0.327,-0.48,0.134,0,0.2398,0.3549,0.244,0.007,0.205,0.133,0.070,0.024,0.000,0.000,15,9,0,0,0.229,0.189,0.221,0.072,0.038,0.014,35,20,8,6
0.122,0.517,0.128,1.69,0.290,0,0.1952,0.3236,0.080,-0.697,0.205,0.133,0.070,0.024,0.000,0.000,15,9,0,0,0.229,0.189,0.221,0.072,0.038,0.014,35,20,8,6
0.120,0.500,0.192,1.99,0.186,0,0.1576,0.2979,0.068,-0.326,0.205,0.133,0.070,0.024,0.000,0.000,15,9,0,0,0.229,0.189,0.221,0.072,0.038,0.014,35,20,8,6
0.125,0.446,0.094,2.53,0.140,0,0.1406,0.2874,0.054,-0.121,0.205,0.133,0.070,0.024,0.000,0.000,15,9,0,0,0.229,0.189,0.221,0.072,0.038,0.014,35,20,8,6
0.112,0.651,0.419,-0.42,0.180,0,0.1271,0.2752,0.195,0.318,0.205,0.133,0.070,0.024,0.000,0.000,15,9,0,0,0.229,0.189,0.221,0.072,0.038,0.014,35,20,8,6
0.110,0.884,0.094,2.53,0.140,0,0.1175,0.2675,0.073,-0.121,0.205,0.133,0.070,0.024,0.000,0.000,15,9,0,0,0.229,0.189,0.221,0.072,0.038,0.014,35,20,8,6
0.109,0.879,0.322,1.42,0.221,0,0.1090,0.2557,0.118,-0.397,0.205,0.133,0.070,0.024,0.000,0.000,15,9,0,0,0.229,0.189,0.221,0.072,0.038,0.014,35,20,8,6
0.109,0.844,0.491,0,0.000,0,0.1078,0.2507,0.243,0.166,0.205,0.133,0.070,0.024,0.000,0.000,15,9,0,0,0.229,0.189,0.221,0.072,0.038,0.014,35,20,8,6
0.093,0.787,0.541,0.2,0.291,1,0.1052,0.2451,0.313,0.180,0.205,0.133,0.070,0.024,0.000,0.000,15,9,0,0,0.229,0.189,0.221,0.072,0.038,0.014,35,20,8,6
0.101,0.789,0.582,-1.19,0.219,1,0.0942,0.2351,0.326,0.586,0.205,0.133,0.070,0.024,0.000,0.000,15,9,0,0,0.229,0.189,0.221,0.072,0.038,0.014,35,20,8,6
0.107,0.919,0.461,1.37,0.298,0,0.0889,0.2301,0.131,-0.510,0.205,0.133,0.070,0.024,0.000,0.000,15,9,0,0,0.229,0.189,0.221,0.072,0.038,0.014,35,20,8,6
0.127,0.919,0.254,3.14,0.186,0,0.0917,0.2332,0.054,-0.486,0.205,0.133,0.070,0.024,0.000,0.000,15,9,0,0,0.229,0.189,0.221,0.072,0.038,0.014,35,20,8,6
0.152,0.908,0.379,0.2,0.291,1,0.1047,0.2477,0.273,0.180,0.205,0.133,0.070,0.024,0.000,0.000,15,9,0,0,0.229,0.189,0.221,0.072,0.038,0.014,35,20,8,6
0.137,0.934,0.096,1.99,0.186,0,0.1292,0.2757,0.079,-0.326,0.205,0.133,0.070,0.024,0.000,0.000,15,9,0,0,0.229,0.189,0.221,0.072,0.038,0.014,35,20,8,6
0.131,0.934,0.309,1.37,0.298,0,0.1485,0.3007,0.110,-0.510,0.205,0.133,0.070,0.024,0.000,0.000,15,9,0,0,0.229,0.189,0.221,0.072,0.038,0.014,35,20,8,6
0.145,0.894,0.150,-0.52,0.062,0,0.1677,0.3294,0.119,0.341,0.205,0.133,0.070,0.024,0.000,0.000,15,9,0,0,0.229,0.189,0.221,0.072,0.038,0.014,35,20,8,6
0.139,0.846,0.103,-1.14,0.131,0,0.1818,0.3521,0.268,0.987,0.205,0.133,0.070,0.024,0.000,0.000,15,9,0,0,0.229,0.189,0.221,0.072,0.038,0.014,35,20,8,6
0.127,0.862,0.165,-0.42,0.180,0,0.1805,0.3592,0.429,0.318,0.205,0.133,0.070,0.024,0.000,0.000,15,9,0,0,0.229,0.189,0.221,0.072,0.038,0.014,35,20,8,6
0.134,0.966,0.173,-0.79,0.151,-1,0.1816,0.3656,0.410,0.736,0.205,0.133,0.070,0.024,0.000,0.000,15,9,0,0,0.229,0.189,0.221,0.072,0.038,0.014,35,20,8,6
0.128,0.921,0.245,-0.52,0.062,0,0.1848,0.3695,0.300,0.341,0.205,0.133,0.070,0.024,0.000,0.000,15,9,0,0,0.229,0.189,0.221,0.072,0.038,0.014,35,20,8,6
0.103,0.855,0.064,0,0.000,0,0.1996,0.3801,0.249,0.166,0.205,0.133,0.070,0.024,0.000,0.000,15,9,0,0,0.229,0.189,0.221,0.072,0.038,0.014,35,20,8,6
0.124,0.485,0.005,0.85,0.046,0,0.2259,0.3956,0.231,0.06,0.205,0.133,0.070,0.024,0.000,0.000,15,9,0,0,0.229,0.189,0.221,0.072,0.038,0.014,35,20,8,6
0.107,0.856,0.002,1.99,0.186,0,0.2567,0.4151,0.165,-0.326,0.205,0.133,0.070,0.024,0.000,0.000,15,9,0,0,0.229,0.189,0.221,0.072,0.038,0.014,35,20,8,6
0.098,0.903,0.408,1.37,0.298,0,0.2936,0.4403,0.140,-0.510,0.205,0.133,0.070,0.024,0.000,0.000,15,9,0,0,0.229,0.189,0.221,0.072,0.038,0.014,35,20,8,6
0.104,0.438,0.056,-1.14,0.131,0,0.3217,0.4545,0.237,0.987,0.205,0.133,0.070,0.024,0.000,0.000,15,9,0,0,0.229,0.189,0.221,0.072,0.038,0.014,35,20,8,6
0.113,0.846,0.127,0.22,0.230,0,0.3561,0.4747,0.240,0.303,0.205,0.133,0.070,0.024,0.000,0.000,15,9,0,0,0.229,0.189,0.221,0.072,0.038,0.014,35,20,8,6
0.107,0.373,0.271,-1.1,0.105,-1,0.3702,0.4785,0.214,0.192,0.205,0.133,0.070,0.024,0.000,0.000,15,9,0,0,0.229,0.189,0.221,0.072,0.038,0.014,35,20,8,6
0.108,0.369,0.529,-0.08,0.108,0,0.3636,0.4658,0.188,0.059,0.205,0.133,0.070,0.024,0.000,0.000,15,9,0,0,0.229,0.189,0.221,0.072,0.038,0.014,35,20,8,6
0.111,0.432,0.494,0.22,0.230,0,0.3538,0.4500,0.215,0.303,0.205,0.133,0.070,0.024,0.000,0.000,15,9,0,0,0.229,0.189,0.221,0.072,0.038,0.014,35,20,8,6
0.111,0.357,0.361,1.99,0.186,0,0.3453,0.4344,0.126,-0.326,0.205,0.133,0.070,0.024,0.000,0.000,15,9,0,0,0.229,0.189,0.221,0.072,0.038,0.014,35,20,8,6
0.089,0.369,0.073,1.99,0.186,0,0.3450,0.4259,0.096,-0.326,0.205,0.133,0.070,0.024,0.000,0.000,15,9,0,0,0.229,0.189,0.221,0.072,0.038,0.014,35,20,8,6
0.084,0.515,0.382,0.22,0.230,0,0.3638,0.4318,0.215,0.303,0.205,0.133,0.070,0.024,0.000,0.000,15,9,0,0,0.229,0.189,0.221,0.072,0.038,0.014,35,20,8,6
0.080,0.558,0.193,-0.48,0.134,0,0.3850,0.4410,0.264,0.007,0.205,0.133,0.070,0.024,0.000,0.000,15,9,0,0,0.229,0.189,0.221,0.072,0.038,0.014,35,20,8,6
0.080,0.922,0.148,-0.08,0.108,0,0.4035,0.4504,0.189,0.059,0.205,0.133,0.070,0.024,0.000,0.000,15,9,0,0,0.229,0.189,0.221,0.072,0.038,0.014,35,20,8,6
0.072,0.857,0.087,-0.52,0.062,0,0.4173,0.4583,0.272,0.341,0.205,0.133,0.070,0.024,0.000,0.000,15,9,0,0,0.229,0.189,0.221,0.072,0.038,0.014,35,20,8,6
0.095,0.550,0.443,-0.42,0.180,0,0.4052,0.4446,0.347,0.318,0.205,0.133,0.070,0.024,0.000,0.000,15,9,0,0,0.229,0.189,0.221,0.072,0.038,0.014,35,20,8,6
0.072,0.423,0.090,2.53,0.140,0,0.3918,0.4274,0.175,-0.121,0.205,0.133,0.070,0.024,0.000,0.000,15,9,0,0,0.229,0.189,0.221,0.072,0.038,0.014,35,20,8,6
0.072,0.398,0.041,-1.1,0.105,-1,0.3761,0.4095,0.336,0.192,0.205,0.133,0.070,0.024,0.000,0.000,15,9,0,0,0.229,0.189,0.221,0.072,0.038,0.014,35,20,8,6
0.095,0.292,0.009,2.53,0.140,0,0.3641,0.3961,0.177,-0.121,0.205,0.133,0.070,0.024,0.000,0.000,15,9,0,0,0.229,0.189,0.221,0.072,0.038,0.014,35,20,8,6
0.072,0.329,0.003,-0.79,0.151,-1,0.3487,0.3774,0.536,0.736,0.205,0.133,0.070,0.024,0.000,0.000,15,9,0,0,0.229,0.189,0.221,0.072,0.038,0.014,35,20,8,6
0.073,0.362,0.061,-0.48,0.134,0,0.3373,0.3626,0.291,0.007,0.205,0.133,0.070,0.024,0.000,0.000,15,9,0,0,0.229,0.189,0.221,0.072,0.038,0.014,35,20,8,6
0.092,0.328,0.002,-1.14,0.131,0,0.3279,0.3486,0.422,0.987,0.205,0.133,0.070,0.024,0.000,0.000,15,9,0,0,0.229,0.189,0.221,0.072,0.038,0.014,35,20,8,6
0.086,0.366,0.006,-1.1,0.105,-1,0.3164,0.3315,0.424,0.192,0.205,0.133,0.070,0.024,0.000,0.000,15,9,0,0,0.229,0.189,0.221,0.072,0.038,0.014,35,20,8,6
0.097,0.285,0.006,1.99,0.186,0,0.3058,0.3134,0.172,-0.326,0.205,0.133,0.070,0.024,0.000,0.000,15,9,0,0,0.229,0.189,0.221,0.072,0.038,0.014,35,20,8,6
0.084,0.352,0.003,-0.79,0.151,-1,0.2762,0.2803,0.567,0.736,0.205,0.133,0.070,0.024,0.000,0.000,15,9,0,0,0.229,0.189,0.221,0.072,0.038,0.014,35,20,8,6
0.079,0.492,0.232,-1.19,0.219,1,0.2330,0.2360,0.478,0.586,0.205,0.133,0.070,0.024,0.000,0.000,15,9,0,0,0.229,0.189,0.221,0.072,0.038,0.014,35,20,8,6
0.086,0.872,0.419,1.69,0.290,0,0.1894,0.1938,0.083,-0.697,0.205,0.133,0.070,0.024,0.000,0.000,15,9,0,0,0.229,0.189,0.221,0.072,0.038,0.014,35,20,8,6
0.089,0.841,0.014,-1.14,0.131,0,0.1440,0.1518,0.319,0.987,0.205,0.133,0.070,0.024,0.000,0.000,15,9,0,0,0.229,0.189,0.221,0.072,0.038,0.014,35,20,8,6
0.090,0.854,0.184,-1.19,0.219,1,0.1014,0.1111,0.550,0.586,0.205,0.133,0.070,0.024,0.000,0.000,15,9,0,0,0.229,0.189,0.221,0.072,0.038,0.014,35,20,8,6
0.090,0.865,0.237,1.69,0.290,0,0.0806,0.0887,0.152,-0.697,0.205,0.133,0.070,0.024,0.000,0.000,15,9,0,0,0.229,0.189,0.221,0.072,0.038,0.014,35,20,8,6
0.116,0.475,0.012,0.85,0.046,0,0.0728,0.0781,0.180,0.06,0.205,0.133,0.070,0.024,0.000,0.000,15,9,0,0,0.229,0.189,0.221,0.072,0.038,0.014,35,20,8,6
0.131,0.856,0.108,-1.19,0.219,1,0.0682,0.0700,0.498,0.586,0.205,0.133,0.070,0.024,0.000,0.000,15,9,0,0,0.229,0.189,0.221,0.072,0.038,0.014,35,20,8,6
0.140,0.860,0.003,0.85,0.046,0,0.0656,0.0663,0.183,0.06,0.205,0.133,0.070,0.024,0.000,0.000,15,9,0,0,0.229,0.189,0.221,0.072,0.038,0.014,35,20,8,6
0.119,0.849,0.003,-1.14,0.131,0,0.0542,0.0549,0.219,0.987,0.205,0.133,0.070,0.024,0.000,0.000,15,9,0,0,0.229,0.189,0.221,0.072,0.038,0.014,35,20,8,6
0.117,0.925,0.016,1.69,0.290,0,0.0453,0.0435,0.103,-0.697,0.205,0.133,0.070,0.024,0.000,0.000,15,9,0,0,0.229,0.189,0.221,0.072,0.038,0.014,35,20,8,6
0.142,0.877,0.024,1.99,0.186,0,0.0405,0.0367,0.085,-0.326,0.205,0.133,0.070,0.024,0.000,0.000,15,9,0,0,0.229,0.189,0.221,0.072,0.038,0.014,35,20,8,6
0.094,0.506,0.287,-0.52,0.062,0,0.0356,0.0300,0.122,0.341,0.205,0.133,0.070,0.024,0.000,0.000,15,9,0,0,0.229,0.189,0.221,0.072,0.038,0.014,35,20,8,6
0.112,0.500,0.007,2.1,0.128,0,0.0265,0.0193,0.051,0.02,0.205,0.133,0.070,0.024,0.000,0.000,15,9,0,0,0.229,0.189,0.221,0.072,0.038,0.014,35,20,8,6
0.112,0.516,0.280,3.14,0.186,0,0.0208,0.0117,0.085,-0.486,0.205,0.133,0.070,0.024,0.000,0.000,15,9,0,0,0.229,0.189,0.221,0.072,0.038,0.014,35,20,8,6
0.090,0.854,0.031,1.99,0.186,0,0.0164,0.0067,0.077,-0.326,0.205,0.133,0.070,0.024,0.000,0.000,15,9,0,0,0.229,0.189,0.221,0.072,0.038,0.014,35,20,8,6
0.136,0.862,0.289,-0.52,0.062,0,0.0149,0.0054,0.162,0.341,0.205,0.133,0.070,0.024,0.000,0.000,15,9,0,0,0.229,0.189,0.221,0.072,0.038,0.014,35,20,8,6
0.120,0.533,0.216,-1.14,0.131,0,0.0138,0.0043,0.304,0.987,0.205,0.133,0.070,0.024,0.000,0.000,15,9,0,0,0.229,0.189,0.221,0.072,0.038,0.014,35,20,8,6
0.066,0.854,0.171,0,0.000,0,0.0141,0.0051,0.265,0.166,0.205,0.133,0.070,0.024,0.000,0.000,15,9,0,0,0.229,0.189,0.221,0.072,0.038,0.014,35,20,8,6
0.071,0.849,0.095,-0.79,0.151,-1,0.0138,0.0054,0.215,0.736,0.205,0.133,0.070,0.024,0.000,0.000,15,9,0,0,0.229,0.189,0.221,0.072,0.038,0.014,35,20,8,6
0.066,0.499,0.051,3.14,0.186,0,0.0116,0.0033,0.067,-0.486,0.205,0.133,0.070,0.024,0.000,0.000,15,9,0,0,0.229,0.189,0.221,0.072,0.038,0.014,35,20,8,6
0.081,0.855,0.031,1.99,0.186,0,0.0104,0.0018,0.077,-0.326,0.205,0.133,0.070,0.024,0.000,0.000,15,9,0,0,0.229,0.189,0.221,0.072,0.038,0.014,35,20,8,6
0.084,0.882,0.150,1.69,0.290,0,0.0110,0.0014,0.097,-0.697,0.205,0.133,0.070,0.024,0.000,0.000,15,9,0,0,0.229,0.189,0.221,0.072,0.038,0.014,35,20,8,6
0.081,0.907,0.060,3.14,0.186,0,0.0117,0.0012,0.051,-0.486,0.205,0.133,0.070,0.024,0.000,0.000,15,9,0,0,0.229,0.189,0.221,0.072,0.038,0.014,35,20,8,6
0.078,0.866,0.335,-1.14,0.131,0,0.0124,0.0010,0.086,0.987,0.205,0.133,0.070,0.024,0.000,0.000,15,9,0,0,0.229,0.189,0.221,0.072,0.038,0.014,35,20,8,6
0.076,0.854,0.520,2.53,0.140,0,0.0139,0.0015,0.079,-0.121,0.205,0.133,0.070,0.024,0.000,0.000,15,9,0,0,0.229,0.189,0.221,0.072,0.038,0.014,35,20,8,6
0.076,0.855,0.553,-1.19,0.219,1,0.0136,0.0013,0.264,0.586,0.205,0.133,0.070,0.024,0.000,0.000,15,9,0,0,0.229,0.189,0.221,0.072,0.038,0.014,35,20,8,6
0.076,0.880,0.432,1.37,0.298,0,0.0127,0.0011,0.098,-0.510,0.205,0.133,0.070,0.024,0.000,0.000,15,9,0,0,0.229,0.189,0.221,0.072,0.038,0.014,35,20,8,6
0.065,0.874,0.229,1.76,0.409,0,0.0115,0.0010,0.138,-0.884,0.205,0.133,0.070,0.024,0.000,0.000,15,9,0,0,0.229,0.189,0.221,0.072,0.038,0.014,35,20,8,6
0.068,0.870,0.427,0.22,0.230,0,0.0099,0.0007,0.160,0.303,0.205,0.133,0.070,0.024,0.000,0.000,15,9,0,0,0.229,0.189,0.221,0.072,0.038,0.014,35,20,8,6
0.084,0.901,0.304,1.37,0.298,0,0.0085,0.0006,0.113,-0.510,0.205,0.133,0.070,0.024,0.000,0.000,15,9,0,0,0.229,0.189,0.221,0.072,0.038,0.014,35,20,8,6
0.091,0.887,0.112,2.53,0.140,0,0.0072,0.0005,0.052,-0.121,0.205,0.133,0.070,0.024,0.000,0.000,15,9,0,0,0.229,0.189,0.221,0.072,0.038,0.014,35,20,8,6
0.074,0.876,0.285,0.2,0.291,1,0.0061,0.0009,0.258,0.180,0.205,0.133,0.070,0.024,0.000,0.000,15,9,0,0,0.229,0.189,0.221,0.072,0.038,0.014,35,20,8,6
0.062,0.882,0.100,0.85,0.046,0,0.0054,0.0017,0.135,0.06,0.205,0.133,0.070,0.024,0.000,0.000,15,9,0,0,0.229,0.189,0.221,0.072,0.038,0.014,35,20,8,6
0.043,0.861,0.056,1.99,0.186,0,0.0056,0.0008,0.112,-0.326,0.205,0.133,0.070,0.024,0.000,0.000,15,9,0,0,0.229,0.189,0.221,0.072,0.038,0.014,35,20,8,6
0.048,0.850,0.337,-1.1,0.105,-1,0.0058,-0.0000,0.231,0.192,0.205,0.133,0.070,0.024,0.000,0.000,15,9,0,0,0.229,0.189,0.221,0.072,0.038,0.014,35,20,8,6
0.044,0.447,0.078,1.99,0.186,0,0.0060,0.0023,0.171,-0.326,0.205,0.133,0.070,0.024,0.000,0.000,15,9,0,0,0.229,0.189,0.221,0.072,0.038,0.014,35,20,8,6
0.032,0.858,0.267,-0.52,0.062,0,0.0057,0.0032,0.224,0.341,0.205,0.133,0.070,0.024,0.000,0.000,15,9,0,0,0.229,0.189,0.221,0.072,0.038,0.014,35,20,8,6
0.033,0.867,0.041,1.69,0.290,0,0.0055,0.0041,0.118,-0.697,0.205,0.133,0.070,0.024,0.000,0.000,15,9,0,0,0.229,0.189,0.221,0.072,0.038,0.014,35,20,8,6
0.050,0.851,0.467,-0.52,0.062,0,0.0053,0.0065,0.172,0.341,0.205,0.133,0.070,0.024,0.000,0.000,15,9,0,0,0.229,0.189,0.221,0.072,0.038,0.014,35,20,8,6
0.041,0.862,0.300,2.53,0.140,0,0.0054,0.0129,0.093,-0.121,0.205,0.133,0.070,0.024,0.000,0.000,15,9,0,0,0.229,0.189,0.221,0.072,0.038,0.014,35,20,8,6
0.045,0.863,0.545,-0.52,0.062,0,0.0055,0.0277,0.160,0.341,0.205,0.133,0.070,0.024,0.000,0.000,15,9,0,0,0.229,0.189,0.221,0.072,0.038,0.014,35,20,8,6
0.040,0.872,0.455,1.69,0.290,0,0.0058,0.0567,0.153,-0.697,0.205,0.133,0.070,0.024,0.000,0.000,15,9,0,0,0.229,0.189,0.221,0.072,0.038,0.014,35,20,8,6
0.034,0.855,0.685,1.76,0.409,0,0.0059,0.1080,0.239,-0.884,0.205,0.133,0.070,0.024,0.000,0.000,15,9,0,0,0.229,0.189,0.221,0.072,0.038,0.014,35,20,8,6
0.029,0.874,0.645,1.76,0.409,0,0.0055,0.1920,0.235,-0.884,0.205,0.133,0.070,0.024,0.000,0.000,15,9,0,0,0.229,0.189,0.221,0.072,0.038,0.014,35,20,8,6
0.025,0.303,0.459,-0.52,0.062,0,0.0042,0.3219,0.670,0.341,0.205,0.133,0.070,0.024,0.000,0.000,15,9,0,0,0.229,0.189,0.221,0.072,0.038,0.014,35,20,8,6
