0.077,0.091,0.619,1.42,0.221,0,0.4047,0.7889,0.723,-0.397,0.348,0.306,0.383,0.314,0.265,0.225,172,144,134,73,0.302,0.280,0.296,0.277,0.241,0.158,140,133,119,51
0.078,0.097,0.285,0.85,0.046,0,0.3436,0.7097,0.500,0.06,0.348,0.306,0.383,0.314,0.265,0.225,172,144,134,73,0.302,0.280,0.296,0.277,0.241,0.158,140,133,119,51
0.083,0.116,0.215,-0.52,0.062,0,0.3245,0.6390,0.473,0.341,0.348,0.306,0.383,0.314,0.265,0.225,172,144,134,73,0.302,0.280,0.296,0.277,0.241,0.158,140,133,119,51
0.082,0.095,0.039,0,0.000,0,0.3345,0.5751,0.284,0.166,0.348,0.306,0.383,0.314,0.265,0.225,172,144,134,73,0.302,0.280,0.296,0.277,0.241,0.158,140,133,119,51
0.118,0.133,0.010,-1.1,0.105,-1,0.3622,0.5167,0.298,0.192,0.348,0.306,0.383,0.314,0.265,0.225,172,144,134,73,0.302,0.280,0.296,0.277,0.241,0.158,140,133,119,51
0.127,0.140,0.007,1.99,0.186,0,0.3984,0.4629,0.170,-0.326,0.348,0.306,0.383,0.314,0.265,0.225,172,144,134,73,0.302,0.280,0.296,0.277,0.241,0.158,140,133,119,51
0.166,0.317,0.455,1.37,0.298,0,0.4354,0.4129,0.253,-0.510,0.348,0.306,0.383,0.314,0.265,0.225,172,144,134,73,0.302,0.280,0.296,0.277,0.241,0.158,140,133,119,51
0.138,0.204,0.100,-0.79,0.151,-1,0.4674,0.3664,0.273,0.736,0.348,0.306,0.383,0.314,0.265,0.225,172,144,134,73,0.302,0.280,0.296,0.277,0.241,0.158,140,133,119,51
0.175,0.128,0.074,2.53,0.140,0,0.4901,0.3232,0.073,-0.121,0.348,0.306,0.383,0.314,0.265,0.225,172,144,134,73,0.302,0.280,0.296,0.277,0.241,0.158,140,133,119,51
0.215,0.179,0.278,-0.79,0.151,-1,0.5010,0.2831,0.288,0.736,0.348,0.306,0.383,0.314,0.265,0.225,172,144,134,73,0.302,0.280,0.296,0.277,0.241,0.158,140,133,119,51
0.216,0.322,0.519,0.2,0.291,1,0.4967,0.2454,0.331,0.180,0.348,0.306,0.383,0.314,0.265,0.225,172,144,134,73,0.302,0.280,0.296,0.277,0.241,0.158,140,133,119,51
0.251,0.260,0.152,3.14,0.186,0,0.4793,0.2118,0.092,-0.486,0.348,0.306,0.383,0.314,0.265,0.225,172,144,134,73,0.302,0.280,0.296,0.277,0.241,0.158,140,133,119,51
0.180,0.250,0.261,2.53,0.140,0,0.4515,0.1817,0.106,-0.121,0.348,0.306,0.383,0.314,0.265,0.225,172,144,134,73,0.302,0.280,0.296,0.277,0.241,0.158,140,133,119,51
0.142,0.346,0.298,-1.1,0.105,-1,0.4257,0.1613,0.319,0.192,0.348,0.306,0.383,0.314,0.265,0.225,172,144,134,73,0.302,0.280,0.296,0.277,0.241,0.158,140,133,119,51
0.124,0.725,0.498,-1.19,0.219,1,0.3976,0.1445,0.447,0.586,0.348,0.306,0.383,0.314,0.265,0.225,172,144,134,73,0.302,0.280,0.296,0.277,0.241,0.158,140,133,119,51
0.129,0.855,0.744,0.2,0.291,1,0.3674,0.1284,0.319,0.180,0.348,0.306,0.383,0.314,0.265,0.225,172,144,134,73,0.302,0.280,0.296,0.277,0.241,0.158,140,133,119,51
0.126,0.837,0.627,-1.19,0.219,1,0.3425,0.1159,0.474,0.586,0.348,0.306,0.383,0.314,0.265,0.225,172,144,134,73,0.302,0.280,0.296,0.277,0.241,0.158,140,133,119,51
0.146,0.769,0.596,-0.48,0.134,0,0.3254,0.1074,0.503,0.007,0.348,0.306,0.383,0.314,0.265,0.225,172,144,134,73,0.302,0.280,0.296,0.277,0.241,0.158,140,133,119,51
0.125,0.807,0.713,-1.19,0.219,1,0.3190,0.1036,0.489,0.586,0.348,0.306,0.383,0.314,0.265,0.225,172,144,134,73,0.302,0.280,0.296,0.277,0.241,0.158,140,133,119,51
0.154,0.821,0.612,-1.19,0.219,1,0.3185,0.1026,0.537,0.586,0.348,0.306,0.383,0.314,0.265,0.225,172,144,134,73,0.302,0.280,0.296,0.277,0.241,0.158,140,133,119,51
0.190,0.731,0.360,0,0.000,0,0.3319,0.1149,0.318,0.166,0.348,0.306,0.383,0.314,0.265,0.225,172,144,134,73,0.302,0.280,0.296,0.277,0.241,0.158,140,133,119,51
0.165,0.769,0.331,-1.19,0.219,1,0.3448,0.1280,0.294,0.586,0.348,0.306,0.383,0.314,0.265,0.225,172,144,134,73,0.302,0.280,0.296,0.277,0.241,0.158,140,133,119,51
0.172,0.785,0.410,1.76,0.409,0,0.3582,0.1421,0.097,-0.884,0.348,0.306,0.383,0.314,0.265,0.225,172,144,134,73,0.302,0.280,0.296,0.277,0.241,0.158,140,133,119,51
0.180,0.400,0.585,-0.79,0.151,-1,0.3610,0.1492,0.242,0.736,0.348,0.306,0.383,0.314,0.265,0.225,172,144,134,73,0.302,0.280,0.296,0.277,0.241,0.158,140,133,119,51
0.178,0.779,0.461,1.37,0.298,0,0.3639,0.1589,0.067,-0.510,0.348,0.306,0.383,0.314,0.265,0.225,172,144,134,73,0.302,0.280,0.296,0.277,0.241,0.158,140,133,119,51
0.119,0.713,0.521,1.99,0.186,0,0.3547,0.1620,0.041,-0.326,0.348,0.306,0.383,0.314,0.265,0.225,172,144,134,73,0.302,0.280,0.296,0.277,0.241,0.158,140,133,119,51
0.110,0.726,0.151,3.14,0.186,0,0.3472,0.1668,0.047,-0.486,0.348,0.306,0.383,0.314,0.265,0.225,172,144,134,73,0.302,0.280,0.296,0.277,0.241,0.158,140,133,119,51
0.084,0.816,0.631,0.2,0.291,1,0.3297,0.1654,0.215,0.180,0.348,0.306,0.383,0.314,0.265,0.225,172,144,134,73,0.302,0.280,0.296,0.277,0.241,0.158,140,133,119,51
0.068,0.844,0.628,1.76,0.409,0,0.3147,0.1632,0.057,-0.884,0.348,0.306,0.383,0.314,0.265,0.225,172,144,134,73,0.302,0.280,0.296,0.277,0.241,0.158,140,133,119,51
0.043,0.828,0.857,-1.19,0.219,1,0.2995,0.1579,0.277,0.586,0.348,0.306,0.383,0.314,0.265,0.225,172,144,134,73,0.302,0.280,0.296,0.277,0.241,0.158,140,133,119,51
0.033,0.482,0.517,0,0.000,0,0.2933,0.1529,0.263,0.166,0.348,0.306,0.383,0.314,0.265,0.225,172,144,134,73,0.302,0.280,0.296,0.277,0.241,0.158,140,133,119,51
0.025,0.707,0.589,1.37,0.298,0,0.2935,0.1465,0.232,-0.510,0.348,0.306,0.383,0.314,0.265,0.225,172,144,134,73,0.302,0.280,0.296,0.277,0.241,0.158,140,133,119,51
0.022,0.475,0.181,0,0.000,0,0.3062,0.1454,0.265,0.166,0.348,0.306,0.383,0.314,0.265,0.225,172,144,134,73,0.302,0.280,0.296,0.277,0.241,0.158,140,133,119,51
0.035,0.488,0.384,-0.52,0.062,0,0.3368,0.1586,0.231,0.341,0.348,0.306,0.383,0.314,0.265,0.225,172,144,134,73,0.302,0.280,0.296,0.277,0.241,0.158,140,133,119,51
0.044,0.455,0.444,-0.08,0.108,0,0.3696,0.1750,0.344,0.059,0.348,0.306,0.383,0.314,0.265,0.225,172,144,134,73,0.302,0.280,0.296,0.277,0.241,0.158,140,133,119,51
0.049,0.369,0.251,-0.79,0.151,-1,0.3971,0.1918,0.429,0.736,0.348,0.306,0.383,0.314,0.265,0.225,172,144,134,73,0.302,0.280,0.296,0.277,0.241,0.158,140,133,119,51
0.053,0.326,0.397,-1.1,0.105,-1,0.4242,0.2142,0.329,0.192,0.348,0.306,0.383,0.314,0.265,0.225,172,144,134,73,0.302,0.280,0.296,0.277,0.241,0.158,140,133,119,51
0.056,0.384,0.457,-0.08,0.108,0,0.4375,0.2329,0.267,0.059,0.348,0.306,0.383,0.314,0.265,0.225,172,144,134,73,0.302,0.280,0.296,0.277,0.241,0.158,140,133,119,51
0.043,0.418,0.392,1.76,0.409,0,0.4457,0.2511,0.206,-0.884,0.348,0.306,0.383,0.314,0.265,0.225,172,144,134,73,0.302,0.280,0.296,0.277,0.241,0.158,140,133,119,51
0.052,0.323,0.181,-0.79,0.151,-1,0.4510,0.2691,0.317,0.736,0.348,0.306,0.383,0.314,0.265,0.225,172,144,134,73,0.302,0.280,0.296,0.277,0.241,0.158,140,133,119,51
0.033,0.242,0.134,-1.14,0.131,0,0.4515,0.2836,0.243,0.987,0.348,0.306,0.383,0.314,0.265,0.225,172,144,134,73,0.302,0.280,0.296,0.277,0.241,0.158,140,133,119,51
0.032,0.293,0.131,-0.79,0.151,-1,0.4408,0.2848,0.379,0.736,0.348,0.306,0.383,0.314,0.265,0.225,172,144,134,73,0.302,0.280,0.296,0.277,0.241,0.158,140,133,119,51
0.034,0.329,0.150,0.22,0.230,0,0.4272,0.2778,0.215,0.303,0.348,0.306,0.383,0.314,0.265,0.225,172,144,134,73,0.302,0.280,0.296,0.277,0.241,0.158,140,133,119,51
0.027,0.301,0.114,0.22,0.230,0,0.4043,0.2606,0.118,0.303,0.348,0.306,0.383,0.314,0.265,0.225,172,144,134,73,0.302,0.280,0.296,0.277,0.241,0.158,140,133,119,51
0.021,0.178,0.009,1.99,0.186,0,0.3880,0.2466,0.101,-0.326,0.348,0.306,0.383,0.314,0.265,0.225,172,144,134,73,0.302,0.280,0.296,0.277,0.241,0.158,140,133,119,51
0.018,0.153,0.079,1.99,0.186,0,0.3794,0.2354,0.164,-0.326,0.348,0.306,0.383,0.314,0.265,0.225,172,144,134,73,0.302,0.280,0.296,0.277,0.241,0.158,140,133,119,51
0.023,0.208,0.134,0.22,0.230,0,0.3729,0.2267,0.184,0.303,0.348,0.306,0.383,0.314,0.265,0.225,172,144,134,73,0.302,0.280,0.296,0.277,0.241,0.158,140,133,119,51
0.024,0.124,0.037,2.1,0.128,0,0.3774,0.2282,0.033,0.02,0.348,0.306,0.383,0.314,0.265,0.225,172,144,134,73,0.302,0.280,0.296,0.277,0.241,0.158,140,133,119,51
0.028,0.133,0.053,-0.79,0.151,-1,0.3865,0.2340,0.292,0.736,0.348,0.306,0.383,0.314,0.265,0.225,172,144,134,73,0.302,0.280,0.296,0.277,0.241,0.158,140,133,119,51
0.043,0.135,0.001,-0.79,0.151,-1,0.3883,0.2350,0.299,0.736,0.348,0.306,0.383,0.314,0.265,0.225,172,144,134,73,0.302,0.280,0.296,0.277,0.241,0.158,140,133,119,51
0.057,0.149,0.004,1.69,0.290,0,0.3882,0.2362,0.070,-0.697,0.348,0.306,0.383,0.314,0.265,0.225,172,144,134,73,0.302,0.280,0.296,0.277,0.241,0.158,140,133,119,51
0.074,0.140,0.004,3.14,0.186,0,0.3974,0.2502,0.063,-0.486,0.348,0.306,0.383,0.314,0.265,0.225,172,144,134,73,0.302,0.280,0.296,0.277,0.241,0.158,140,133,119,51
0.088,0.152,0.002,-1.1,0.105,-1,0.4052,0.2659,0.352,0.192,0.348,0.306,0.383,0.314,0.265,0.225,172,144,134,73,0.302,0.280,0.296,0.277,0.241,0.158,140,133,119,51
0.102,0.130,0.001,-0.79,0.151,-1,0.4044,0.2779,0.308,0.736,0.348,0.306,0.383,0.314,0.265,0.225,172,144,134,73,0.302,0.280,0.296,0.277,0.241,0.158,140,133,119,51
0.099,0.156,0.073,1.69,0.290,0,0.4027,0.2929,0.096,-0.697,0.348,0.306,0.383,0.314,0.265,0.225,172,144,134,73,0.302,0.280,0.296,0.277,0.241,0.158,140,133,119,51
0.097,0.296,0.113,-0.48,0.134,0,0.4027,0.3104,0.303,0.007,0.348,0.306,0.383,0.314,0.265,0.225,172,144,134,73,0.302,0.280,0.296,0.277,0.241,0.158,140,133,119,51
0.121,0.264,0.062,0,0.000,0,0.4133,0.3346,0.356,0.166,0.348,0.306,0.383,0.314,0.265,0.225,172,144,134,73,0.302,0.280,0.296,0.277,0.241,0.158,140,133,119,51
0.119,0.240,0.017,1.99,0.186,0,0.4299,0.3624,0.194,-0.326,0.348,0.306,0.383,0.314,0.265,0.225,172,144,134,73,0.302,0.280,0.296,0.277,0.241,0.158,140,133,119,51
0.118,0.755,0.124,0.22,0.230,0,0.4637,0.3999,0.269,0.303,0.348,0.306,0.383,0.314,0.265,0.225,172,144,134,73,0.302,0.280,0.296,0.277,0.241,0.158,140,133,119,51
0.177,0.706,0.306,1.42,0.221,0,0.5118,0.4415,0.223,-0.397,0.348,0.306,0.383,0.314,0.265,0.225,172,144,134,73,0.302,0.280,0.296,0.277,0.241,0.158,140,133,119,51
0.207,0.732,0.407,-0.52,0.062,0,0.5589,0.4761,0.261,0.341,0.348,0.306,0.383,0.314,0.265,0.225,172,144,134,73,0.302,0.280,0.296,0.277,0.241,0.158,140,133,119,51
0.256,0.794,0.436,-1.19,0.219,1,0.6069,0.5091,0.439,0.586,0.348,0.306,0.383,0.314,0.265,0.225,172,144,134,73,0.302,0.280,0.296,0.277,0.241,0.158,140,133,119,51
0.272,0.259,0.431,-1.1,0.105,-1,0.6470,0.5387,0.370,0.192,0.348,0.306,0.383,0.314,0.265,0.225,172,144,134,73,0.302,0.280,0.296,0.277,0.241,0.158,140,133,119,51
0.270,0.775,0.810,-1.19,0.219,1,0.6783,0.5618,0.417,0.586,0.348,0.306,0.383,0.314,0.265,0.225,172,144,134,73,0.302,0.280,0.296,0.277,0.241,0.158,140,133,119,51
0.331,0.816,0.685,0.2,0.291,1,0.7016,0.5811,0.325,0.180,0.348,0.306,0.383,0.314,0.265,0.225,172,144,134,73,0.302,0.280,0.296,0.277,0.241,0.158,140,133,119,51
0.439,0.292,0.446,3.14,0.186,0,0.7158,0.5983,0.163,-0.486,0.348,0.306,0.383,0.314,0.265,0.225,172,144,134,73,0.302,0.280,0.296,0.277,0.241,0.158,140,133,119,51
0.485,0.780,0.576,-1.19,0.219,1,0.7155,0.6084,0.446,0.586,0.348,0.306,0.383,0.314,0.265,0.225,172,144,134,73,0.302,0.280,0.296,0.277,0.241,0.158,140,133,119,51
0.478,0.738,0.613,-0.52,0.062,0,0.7212,0.6217,0.366,0.341,0.348,0.306,0.383,0.314,0.265,0.225,172,144,134,73,0.302,0.280,0.296,0.277,0.241,0.158,140,133,119,51
0.490,0.701,0.660,0,0.000,0,0.7158,0.6288,0.301,0.166,0.348,0.306,0.383,0.314,0.265,0.225,172,144,134,73,0.302,0.280,0.296,0.277,0.241,0.158,140,133,119,51
0.459,0.827,0.590,-1.19,0.219,1,0.7096,0.6354,0.472,0.586,0.348,0.306,0.383,0.314,0.265,0.225,172,144,134,73,0.302,0.280,0.296,0.277,0.241,0.158,140,133,119,51
0.461,0.817,0.700,-0.42,0.180,0,0.7175,0.6491,0.379,0.318,0.348,0.306,0.383,0.314,0.265,0.225,172,144,134,73,0.302,0.280,0.296,0.277,0.241,0.158,140,133,119,51
0.458,0.761,0.670,-0.52,0.062,0,0.7313,0.6653,0.334,0.341,0.348,0.306,0.383,0.314,0.265,0.225,172,144,134,73,0.302,0.280,0.296,0.277,0.241,0.158,140,133,119,51
0.404,0.801,0.696,-0.52,0.062,0,0.7413,0.6775,0.278,0.341,0.348,0.306,0.383,0.314,0.265,0.225,172,144,134,73,0.302,0.280,0.296,0.277,0.241,0.158,140,133,119,51
0.402,0.802,0.522,-0.08,0.108,0,0.7551,0.6893,0.262,0.059,0.348,0.306,0.383,0.314,0.265,0.225,172,144,134,73,0.302,0.280,0.296,0.277,0.241,0.158,140,133,119,51
0.359,0.797,0.648,-0.52,0.062,0,0.7687,0.7010,0.190,0.341,0.348,0.306,0.383,0.314,0.265,0.225,172,144,134,73,0.302,0.280,0.296,0.277,0.241,0.158,140,133,119,51
0.349,0.818,0.553,-1.19,0.219,1,0.7654,0.7023,0.373,0.586,0.348,0.306,0.383,0.314,0.265,0.225,172,144,134,73,0.302,0.280,0.296,0.277,0.241,0.158,140,133,119,51
0.304,0.441,0.012,1.99,0.186,0,0.7599,0.7029,0.130,-0.326,0.348,0.306,0.383,0.314,0.265,0.225,172,144,134,73,0.302,0.280,0.296,0.277,0.241,0.158,140,133,119,51
0.304,0.345,0.174,1.99,0.186,0,0.7579,0.7070,0.114,-0.326,0.348,0.306,0.383,0.314,0.265,0.225,172,144,134,73,0.302,0.280,0.296,0.277,0.241,0.158,140,133,119,51
0.291,0.735,0.308,0.2,0.291,1,0.7522,0.7089,0.364,0.180,0.348,0.306,0.383,0.314,0.265,0.225,172,144,134,73,0.302,0.280,0.296,0.277,0.241,0.158,140,133,119,51
0.298,0.365,0.035,-1.1,0.105,-1,0.7477,0.7097,0.303,0.192,0.348,0.306,0.383,0.314,0.265,0.225,172,144,134,73,0.302,0.280,0.296,0.277,0.241,0.158,140,133,119,51
0.265,0.407,0.197,-0.52,0.062,0,0.7411,0.7095,0.294,0.341,0.348,0.306,0.383,0.314,0.265,0.225,172,144,134,73,0.302,0.280,0.296,0.277,0.241,0.158,140,133,119,51
0.281,0.467,0.454,0.2,0.291,1,0.7398,0.7117,0.513,0.180,0.348,0.306,0.383,0.314,0.265,0.225,172,144,134,73,0.302,0.280,0.296,0.277,0.241,0.158,140,133,119,51
0.260,0.357,0.279,0,0.000,0,0.7472,0.7170,0.215,0.166,0.348,0.306,0.383,0.314,0.265,0.225,172,144,134,73,0.302,0.280,0.296,0.277,0.241,0.158,140,133,119,51
0.260,0.334,0.166,-1.14,0.131,0,0.7589,0.7241,0.337,0.987,0.348,0.306,0.383,0.314,0.265,0.225,172,144,134,73,0.302,0.280,0.296,0.277,0.241,0.158,140,133,119,51
0.262,0.406,0.143,-0.52,0.062,0,0.7754,0.7359,0.326,0.341,0.348,0.306,0.383,0.314,0.265,0.225,172,144,134,73,0.302,0.280,0.296,0.277,0.241,0.158,140,133,119,51
0.241,0.271,0.071,2.53,0.140,0,0.8025,0.7529,0.169,-0.121,0.348,0.306,0.383,0.314,0.265,0.225,172,144,134,73,0.302,0.280,0.296,0.277,0.241,0.158,140,133,119,51
0.203,0.328,0.045,-0.79,0.151,-1,0.8277,0.7712,0.429,0.736,0.348,0.306,0.383,0.314,0.265,0.225,172,144,134,73,0.302,0.280,0.296,0.277,0.241,0.158,140,133,119,51
0.247,0.450,0.609,-1.19,0.219,1,0.8487,0.7863,0.386,0.586,0.348,0.306,0.383,0.314,0.265,0.225,172,144,134,73,0.302,0.280,0.296,0.277,0.241,0.158,140,133,119,51
0.258,0.293,0.329,1.99,0.186,0,0.8669,0.7989,0.114,-0.326,0.348,0.306,0.383,0.314,0.265,0.225,172,144,134,73,0.302,0.280,0.296,0.277,0.241,0.158,140,133,119,51
0.299,0.334,0.457,-0.52,0.062,0,0.8781,0.8067,0.256,0.341,0.348,0.306,0.383,0.314,0.265,0.225,172,144,134,73,0.302,0.280,0.296,0.277,0.241,0.158,140,133,119,51
0.313,0.308,0.546,0.22,0.230,0,0.8880,0.8139,0.346,0.303,0.348,0.306,0.383,0.314,0.265,0.225,172,144,134,73,0.302,0.280,0.296,0.277,0.241,0.158,140,133,119,51
0.289,0.405,0.657,0.2,0.291,1,0.8938,0.8195,0.294,0.180,0.348,0.306,0.383,0.314,0.265,0.225,172,144,134,73,0.302,0.280,0.296,0.277,0.241,0.158,140,133,119,51
0.292,0.254,0.461,-1.14,0.131,0,0.8904,0.8202,0.339,0.987,0.348,0.306,0.383,0.314,0.265,0.225,172,144,134,73,0.302,0.280,0.296,0.277,0.241,0.158,140,133,119,51
0.304,0.270,0.451,-0.52,0.062,0,0.8814,0.8187,0.453,0.341,0.348,0.306,0.383,0.314,0.265,0.225,172,144,134,73,0.302,0.280,0.296,0.277,0.241,0.158,140,133,119,51
0.369,0.209,0.402,-1.1,0.105,-1,0.8744,0.8216,0.354,0.192,0.348,0.306,0.383,0.314,0.265,0.225,172,144,134,73,0.302,0.280,0.296,0.277,0.241,0.158,140,133,119,51
0.366,0.226,0.361,-1.14,0.131,0,0.8721,0.8304,0.476,0.987,0.348,0.306,0.383,0.314,0.265,0.225,172,144,134,73,0.302,0.280,0.296,0.277,0.241,0.158,140,133,119,51
0.424,0.256,0.431,0,0.000,0,0.8785,0.8465,0.431,0.166,0.348,0.306,0.383,0.314,0.265,0.225,172,144,134,73,0.302,0.280,0.296,0.277,0.241,0.158,140,133,119,51
0.492,0.323,0.637,-1.19,0.219,1,0.8838,0.8600,0.494,0.586,0.348,0.306,0.383,0.314,0.265,0.225,172,144,134,73,0.302,0.280,0.296,0.277,0.241,0.158,140,133,119,51
0.425,0.265,0.576,-0.52,0.062,0,0.8879,0.8704,0.424,0.341,0.348,0.306,0.383,0.314,0.265,0.225,172,144,134,73,0.302,0.280,0.296,0.277,0.241,0.158,140,133,119,51
0.381,0.326,0.637,-1.19,0.219,1,0.8927,0.8778,0.562,0.586,0.348,0.306,0.383,0.314,0.265,0.225,172,144,134,73,0.302,0.280,0.296,0.277,0.241,0.158,140,133,119,51
0.356,0.302,0.600,0,0.000,0,0.8919,0.8785,0.334,0.166,0.348,0.306,0.383,0.314,0.265,0.225,172,144,134,73,0.302,0.280,0.296,0.277,0.241,0.158,140,133,119,51
0.327,0.396,0.651,-0.08,0.108,0,0.8943,0.8769,0.373,0.059,0.348,0.306,0.383,0.314,0.265,0.225,172,144,134,73,0.302,0.280,0.296,0.277,0.241,0.158,140,133,119,51
0.316,0.682,0.677,-0.52,0.062,0,0.8953,0.8752,0.362,0.341,0.348,0.306,0.383,0.314,0.265,0.225,172,144,134,73,0.302,0.280,0.296,0.277,0.241,0.158,140,133,119,51
0.329,0.702,0.686,0.22,0.230,0,0.8909,0.8705,0.341,0.303,0.348,0.306,0.383,0.314,0.265,0.225,172,144,134,73,0.302,0.280,0.296,0.277,0.241,0.158,140,133,119,51
0.371,0.718,0.714,-1.19,0.219,1,0.8853,0.8659,0.367,0.586,0.348,0.306,0.383,0.314,0.265,0.225,172,144,134,73,0.302,0.280,0.296,0.277,0.241,0.158,140,133,119,51
0.370,0.698,0.769,0.2,0.291,1,0.8741,0.8584,0.292,0.180,0.348,0.306,0.383,0.314,0.265,0.225,172,144,134,73,0.302,0.280,0.296,0.277,0.241,0.158,140,133,119,51
0.441,0.343,0.673,-1.19,0.219,1,0.8575,0.8495,0.407,0.586,0.348,0.306,0.383,0.314,0.265,0.225,172,144,134,73,0.302,0.280,0.296,0.277,0.241,0.158,140,133,119,51
0.495,0.351,0.719,0.2,0.291,1,0.8381,0.8379,0.382,0.180,0.348,0.306,0.383,0.314,0.265,0.225,172,144,134,73,0.302,0.280,0.296,0.277,0.241,0.158,140,133,119,51
0.441,0.181,0.254,3.14,0.186,0,0.8264,0.8320,0.159,-0.486,0.348,0.306,0.383,0.314,0.265,0.225,172,144,134,73,0.302,0.280,0.296,0.277,0.241,0.158,140,133,119,51
0.395,0.262,0.343,-0.48,0.134,0,0.8166,0.8262,0.332,0.007,0.348,0.306,0.383,0.314,0.265,0.225,172,144,134,73,0.302,0.280,0.296,0.277,0.241,0.158,140,133,119,51
0.352,0.183,0.004,-1.14,0.131,0,0.8109,0.8229,0.271,0.987,0.348,0.306,0.383,0.314,0.265,0.225,172,144,134,73,0.302,0.280,0.296,0.277,0.241,0.158,140,133,119,51
0.352,0.158,0.016,-1.14,0.131,0,0.7994,0.8113,0.397,0.987,0.348,0.306,0.383,0.314,0.265,0.225,172,144,134,73,0.302,0.280,0.296,0.277,0.241,0.158,140,133,119,51
0.423,0.153,0.048,1.99,0.186,0,0.7906,0.7999,0.261,-0.326,0.348,0.306,0.383,0.314,0.265,0.225,172,144,134,73,0.302,0.280,0.296,0.277,0.241,0.158,140,133,119,51
0.397,0.158,0.159,0.85,0.046,0,0.7906,0.7940,0.376,0.06,0.348,0.306,0.383,0.314,0.265,0.225,172,144,134,73,0.302,0.280,0.296,0.277,0.241,0.158,140,133,119,51
0.391,0.266,0.578,-1.19,0.219,1,0.8038,0.7933,0.482,0.586,0.348,0.306,0.383,0.314,0.265,0.225,172,144,134,73,0.302,0.280,0.296,0.277,0.241,0.158,140,133,119,51
0.348,0.199,0.517,-1.14,0.131,0,0.8136,0.7895,0.339,0.987,0.348,0.306,0.383,0.314,0.265,0.225,172,144,134,73,0.302,0.280,0.296,0.277,0.241,0.158,140,133,119,51
0.343,0.367,0.631,-1.19,0.219,1,0.8265,0.7863,0.505,0.586,0.348,0.306,0.383,0.314,0.265,0.225,172,144,134,73,0.302,0.280,0.296,0.277,0.241,0.158,140,133,119,51
0.295,0.408,0.547,-1.19,0.219,1,0.8318,0.7778,0.518,0.586,0.348,0.306,0.383,0.314,0.265,0.225,172,144,134,73,0.302,0.280,0.296,0.277,0.241,0.158,140,133,119,51
0.277,0.261,0.631,0,0.000,0,0.8381,0.7717,0.342,0.166,0.348,0.306,0.383,0.314,0.265,0.225,172,144,134,73,0.302,0.280,0.296,0.277,0.241,0.158,140,133,119,51
0.292,0.373,0.528,1.37,0.298,0,0.8471,0.7656,0.261,-0.510,0.348,0.306,0.383,0.314,0.265,0.225,172,144,134,73,0.302,0.280,0.296,0.277,0.241,0.158,140,133,119,51
0.333,0.401,0.519,-0.52,0.062,0,0.8508,0.7598,0.411,0.341,0.348,0.306,0.383,0.314,0.265,0.225,172,144,134,73,0.302,0.280,0.296,0.277,0.241,0.158,140,133,119,51
0.332,0.365,0.337,0,0.000,0,0.8537,0.7570,0.287,0.166,0.348,0.306,0.383,0.314,0.265,0.225,172,144,134,73,0.302,0.280,0.296,0.277,0.241,0.158,140,133,119,51
0.400,0.699,0.539,-1.19,0.219,1,0.8417,0.7470,0.451,0.586,0.348,0.306,0.383,0.314,0.265,0.225,172,144,134,73,0.302,0.280,0.296,0.277,0.241,0.158,140,133,119,51
0.388,0.352,0.114,-1.14,0.131,0,0.8177,0.7299,0.360,0.987,0.348,0.306,0.383,0.314,0.265,0.225,172,144,134,73,0.302,0.280,0.296,0.277,0.241,0.158,140,133,119,51
0.387,0.420,0.230,-0.52,0.062,0,0.7893,0.7092,0.314,0.341,0.348,0.306,0.383,0.314,0.265,0.225,172,144,134,73,0.302,0.280,0.296,0.277,0.241,0.158,140,133,119,51
0.343,0.406,0.327,-0.52,0.062,0,0.7666,0.6917,0.343,0.341,0.348,0.306,0.383,0.314,0.265,0.225,172,144,134,73,0.302,0.280,0.296,0.277,0.241,0.158,140,133,119,51
0.326,0.348,0.026,0,0.000,0,0.7503,0.6771,0.345,0.166,0.348,0.306,0.383,0.314,0.265,0.225,172,144,134,73,0.302,0.280,0.296,0.277,0.241,0.158,140,133,119,51
0.284,0.345,0.032,0,0.000,0,0.7493,0.6696,0.254,0.166,0.348,0.306,0.383,0.314,0.265,0.225,172,144,134,73,0.302,0.280,0.296,0.277,0.241,0.158,140,133,119,51
0.227,0.301,0.009,-1.1,0.105,-1,0.7632,0.6732,0.341,0.192,0.348,0.306,0.383,0.314,0.265,0.225,172,144,134,73,0.302,0.280,0.296,0.277,0.241,0.158,140,133,119,51
0.213,0.760,0.312,0.2,0.291,1,0.7698,0.6720,0.340,0.180,0.348,0.306,0.383,0.314,0.265,0.225,172,144,134,73,0.302,0.280,0.296,0.277,0.241,0.158,140,133,119,51
0.226,0.342,0.100,0.85,0.046,0,0.7789,0.6742,0.161,0.06,0.348,0.306,0.383,0.314,0.265,0.225,172,144,134,73,0.302,0.280,0.296,0.277,0.241,0.158,140,133,119,51
0.226,0.444,0.291,-0.08,0.108,0,0.7868,0.6774,0.243,0.059,0.348,0.306,0.383,0.314,0.265,0.225,172,144,134,73,0.302,0.280,0.296,0.277,0.241,0.158,140,133,119,51
0.226,0.759,0.350,-1.19,0.219,1,0.7964,0.6848,0.320,0.586,0.348,0.306,0.383,0.314,0.265,0.225,172,144,134,73,0.302,0.280,0.296,0.277,0.241,0.158,140,133,119,51
0.186,0.723,0.407,-0.08,0.108,0,0.7916,0.6860,0.224,0.059,0.348,0.306,0.383,0.314,0.265,0.225,172,144,134,73,0.302,0.280,0.296,0.277,0.241,0.158,140,133,119,51
0.188,0.366,0.221,2.53,0.140,0,0.7738,0.6790,0.106,-0.121,0.348,0.306,0.383,0.314,0.265,0.225,172,144,134,73,0.302,0.280,0.296,0.277,0.241,0.158,140,133,119,51
0.175,0.412,0.466,-0.52,0.062,0,0.7368,0.6637,0.186,0.341,0.348,0.306,0.383,0.314,0.265,0.225,172,144,134,73,0.302,0.280,0.296,0.277,0.241,0.158,140,133,119,51
0.174,0.688,0.437,1.37,0.298,0,0.7038,0.6510,0.178,-0.510,0.348,0.306,0.383,0.314,0.265,0.225,172,144,134,73,0.302,0.280,0.296,0.277,0.241,0.158,140,133,119,51
0.163,0.772,0.630,0.2,0.291,1,0.6718,0.6370,0.300,0.180,0.348,0.306,0.383,0.314,0.265,0.225,172,144,134,73,0.302,0.280,0.296,0.277,0.241,0.158,140,133,119,51
0.160,0.408,0.586,-0.08,0.108,0,0.6537,0.6297,0.204,0.059,0.348,0.306,0.383,0.314,0.265,0.225,172,144,134,73,0.302,0.280,0.296,0.277,0.241,0.158,140,133,119,51
0.202,0.321,0.451,-0.08,0.108,0,0.6476,0.6267,0.207,0.059,0.348,0.306,0.383,0.314,0.265,0.225,172,144,134,73,0.302,0.280,0.296,0.277,0.241,0.158,140,133,119,51
0.237,0.280,0.315,-1.14,0.131,0,0.6447,0.6265,0.286,0.987,0.348,0.306,0.383,0.314,0.265,0.225,172,144,134,73,0.302,0.280,0.296,0.277,0.241,0.158,140,133,119,51
0.246,0.291,0.368,-0.52,0.062,0,0.6504,0.6291,0.354,0.341,0.348,0.306,0.383,0.314,0.265,0.225,172,144,134,73,0.302,0.280,0.296,0.277,0.241,0.158,140,133,119,51
0.250,0.188,0.206,0,0.000,0,0.6617,0.6336,0.195,0.166,0.348,0.306,0.383,0.314,0.265,0.225,172,144,134,73,0.302,0.280,0.296,0.277,0.241,0.158,140,133,119,51
0.178,0.143,0.056,1.99,0.186,0,0.6840,0.6461,0.135,-0.326,0.348,0.306,0.383,0.314,0.265,0.225,172,144,134,73,0.302,0.280,0.296,0.277,0.241,0.158,140,133,119,51
0.190,0.175,0.178,-0.42,0.180,0,0.7087,0.6603,0.276,0.318,0.348,0.306,0.383,0.314,0.265,0.225,172,144,134,73,0.302,0.280,0.296,0.277,0.241,0.158,140,133,119,51
0.197,0.132,0.075,3.14,0.186,0,0.7411,0.6775,0.122,-0.486,0.348,0.306,0.383,0.314,0.265,0.225,172,144,134,73,0.302,0.280,0.296,0.277,0.241,0.158,140,133,119,51
0.155,0.172,0.101,1.42,0.221,0,0.7677,0.6926,0.172,-0.397,0.348,0.306,0.383,0.314,0.265,0.225,172,144,134,73,0.302,0.280,0.296,0.277,0.241,0.158,140,133,119,51
0.148,0.144,0.101,-1.14,0.131,0,0.7846,0.7037,0.247,0.987,0.348,0.306,0.383,0.314,0.265,0.225,172,144,134,73,0.302,0.280,0.296,0.277,0.241,0.158,140,133,119,51
0.145,0.155,0.184,1.99,0.186,0,0.7940,0.7099,0.130,-0.326,0.348,0.306,0.383,0.314,0.265,0.225,172,144,134,73,0.302,0.280,0.296,0.277,0.241,0.158,140,133,119,51
0.147,0.241,0.464,-1.19,0.219,1,0.7952,0.7094,0.344,0.586,0.348,0.306,0.383,0.314,0.265,0.225,172,144,134,73,0.302,0.280,0.296,0.277,0.241,0.158,140,133,119,51
0.155,0.219,0.395,-1.19,0.219,1,0.7951,0.7127,0.384,0.586,0.348,0.306,0.383,0.314,0.265,0.225,172,144,134,73,0.302,0.280,0.296,0.277,0.241,0.158,140,133,119,51
0.165,0.164,0.456,-0.52,0.062,0,0.7971,0.7183,0.233,0.341,0.348,0.306,0.383,0.314,0.265,0.225,172,144,134,73,0.302,0.280,0.296,0.277,0.241,0.158,140,133,119,51
0.165,0.188,0.212,-0.42,0.180,0,0.8011,0.7232,0.382,0.318,0.348,0.306,0.383,0.314,0.265,0.225,172,144,134,73,0.302,0.280,0.296,0.277,0.241,0.158,140,133,119,51
0.133,0.237,0.274,-0.48,0.134,0,0.8056,0.7299,0.395,0.007,0.348,0.306,0.383,0.314,0.265,0.225,172,144,134,73,0.302,0.280,0.296,0.277,0.241,0.158,140,133,119,51
0.164,0.160,0.026,0,0.000,0,0.8139,0.7378,0.238,0.166,0.348,0.306,0.383,0.314,0.265,0.225,172,144,134,73,0.302,0.280,0.296,0.277,0.241,0.158,140,133,119,51
0.163,0.128,0.038,1.42,0.221,0,0.8270,0.7475,0.219,-0.397,0.348,0.306,0.383,0.314,0.265,0.225,172,144,134,73,0.302,0.280,0.296,0.277,0.241,0.158,140,133,119,51
0.137,0.129,0.068,-0.79,0.151,-1,0.8486,0.7608,0.435,0.736,0.348,0.306,0.383,0.314,0.265,0.225,172,144,134,73,0.302,0.280,0.296,0.277,0.241,0.158,140,133,119,51
0.136,0.164,0.013,-0.48,0.134,0,0.8640,0.7687,0.425,0.007,0.348,0.306,0.383,0.314,0.265,0.225,172,144,134,73,0.302,0.280,0.296,0.277,0.241,0.158,140,133,119,51
0.152,0.124,0.009,0,0.000,0,0.8717,0.7696,0.274,0.166,0.348,0.306,0.383,0.314,0.265,0.225,172,144,134,73,0.302,0.280,0.296,0.277,0.241,0.158,140,133,119,51
0.127,0.140,0.005,-1.1,0.105,-1,0.8694,0.7627,0.424,0.192,0.348,0.306,0.383,0.314,0.265,0.225,172,144,134,73,0.302,0.280,0.296,0.277,0.241,0.158,140,133,119,51
0.104,0.121,0.002,0.85,0.046,0,0.8654,0.7560,0.357,0.06,0.348,0.306,0.383,0.314,0.265,0.225,172,144,134,73,0.302,0.280,0.296,0.277,0.241,0.158,140,133,119,51
0.070,0.129,0.003,0,0.000,0,0.8601,0.7498,0.273,0.166,0.348,0.306,0.383,0.314,0.265,0.225,172,144,134,73,0.302,0.280,0.296,0.277,0.241,0.158,140,133,119,51
0.068,0.156,0.082,-0.52,0.062,0,0.8615,0.7508,0.304,0.341,0.348,0.306,0.383,0.314,0.265,0.225,172,144,134,73,0.302,0.280,0.296,0.277,0.241,0.158,140,133,119,51
0.074,0.139,0.050,-0.79,0.151,-1,0.8663,0.7549,0.418,0.736,0.348,0.306,0.383,0.314,0.265,0.225,172,144,134,73,0.302,0.280,0.296,0.277,0.241,0.158,140,133,119,51
0.095,0.171,0.146,-1.19,0.219,1,0.8679,0.7580,0.441,0.586,0.348,0.306,0.383,0.314,0.265,0.225,172,144,134,73,0.302,0.280,0.296,0.277,0.241,0.158,140,133,119,51
0.090,0.129,0.005,-1.1,0.105,-1,0.8696,0.7623,0.242,0.192,0.348,0.306,0.383,0.314,0.265,0.225,172,144,134,73,0.302,0.280,0.296,0.277,0.241,0.158,140,133,119,51
0.082,0.158,0.004,-0.79,0.151,-1,0.8695,0.7666,0.308,0.736,0.348,0.306,0.383,0.314,0.265,0.225,172,144,134,73,0.302,0.280,0.296,0.277,0.241,0.158,140,133,119,51
0.104,0.310,0.080,0.2,0.291,1,0.8654,0.7673,0.367,0.180,0.348,0.306,0.383,0.314,0.265,0.225,172,144,134,73,0.302,0.280,0.296,0.277,0.241,0.158,140,133,119,51
0.122,0.258,0.010,0.22,0.230,0,0.8577,0.7649,0.222,0.303,0.348,0.306,0.383,0.314,0.265,0.225,172,144,134,73,0.302,0.280,0.296,0.277,0.241,0.158,140,133,119,51
0.115,0.203,0.075,1.69,0.290,0,0.8478,0.7593,0.120,-0.697,0.348,0.306,0.383,0.314,0.265,0.225,172,144,134,73,0.302,0.280,0.296,0.277,0.241,0.158,140,133,119,51
0.119,0.209,0.387,0,0.000,0,0.8354,0.7477,0.245,0.166,0.348,0.306,0.383,0.314,0.265,0.225,172,144,134,73,0.302,0.280,0.296,0.277,0.241,0.158,140,133,119,51
0.100,0.268,0.405,-0.48,0.134,0,0.8281,0.7364,0.381,0.007,0.348,0.306,0.383,0.314,0.265,0.225,172,144,134,73,0.302,0.280,0.296,0.277,0.241,0.158,140,133,119,51
0.094,0.275,0.498,0,0.000,0,0.8149,0.7209,0.220,0.166,0.348,0.306,0.383,0.314,0.265,0.225,172,144,134,73,0.302,0.280,0.296,0.277,0.241,0.158,140,133,119,51
0.096,0.278,0.419,-0.52,0.062,0,0.7983,0.7011,0.279,0.341,0.348,0.306,0.383,0.314,0.265,0.225,172,144,134,73,0.302,0.280,0.296,0.277,0.241,0.158,140,133,119,51
0.118,0.306,0.528,0.22,0.230,0,0.7956,0.6935,0.272,0.303,0.348,0.306,0.383,0.314,0.265,0.225,172,144,134,73,0.302,0.280,0.296,0.277,0.241,0.158,140,133,119,51
0.097,0.306,0.381,-0.42,0.180,0,0.7987,0.6917,0.209,0.318,0.348,0.306,0.383,0.314,0.265,0.225,172,144,134,73,0.302,0.280,0.296,0.277,0.241,0.158,140,133,119,51
0.082,0.238,0.380,-1.14,0.131,0,0.8057,0.6926,0.274,0.987,0.348,0.306,0.383,0.314,0.265,0.225,172,144,134,73,0.302,0.280,0.296,0.277,0.241,0.158,140,133,119,51
0.098,0.216,0.422,0,0.000,0,0.8102,0.6929,0.230,0.166,0.348,0.306,0.383,0.314,0.265,0.225,172,144,134,73,0.302,0.280,0.296,0.277,0.241,0.158,140,133,119,51
0.090,0.152,0.327,1.99,0.186,0,0.8102,0.6928,0.142,-0.326,0.348,0.306,0.383,0.314,0.265,0.225,172,144,134,73,0.302,0.280,0.296,0.277,0.241,0.158,140,133,119,51
0.088,0.159,0.096,-1.1,0.105,-1,0.8080,0.6921,0.264,0.192,0.348,0.306,0.383,0.314,0.265,0.225,172,144,134,73,0.302,0.280,0.296,0.277,0.241,0.158,140,133,119,51
0.109,0.163,0.094,1.99,0.186,0,0.8066,0.6917,0.110,-0.326,0.348,0.306,0.383,0.314,0.265,0.225,172,144,134,73,0.302,0.280,0.296,0.277,0.241,0.158,140,133,119,51
0.087,0.206,0.156,-0.48,0.134,0,0.7971,0.6851,0.271,0.007,0.348,0.306,0.383,0.314,0.265,0.225,172,144,134,73,0.302,0.280,0.296,0.277,0.241,0.158,140,133,119,51
0.106,0.176,0.008,-1.1,0.105,-1,0.7861,0.6752,0.337,0.192,0.348,0.306,0.383,0.314,0.265,0.225,172,144,134,73,0.302,0.280,0.296,0.277,0.241,0.158,140,133,119,51
0.099,0.186,0.073,0.22,0.230,0,0.7582,0.6509,0.237,0.303,0.348,0.306,0.383,0.314,0.265,0.225,172,144,134,73,0.302,0.280,0.296,0.277,0.241,0.158,140,133,119,51
0.094,0.146,0.029,2.53,0.140,0,0.7249,0.6214,0.198,-0.121,0.348,0.306,0.383,0.314,0.265,0.225,172,144,134,73,0.302,0.280,0.296,0.277,0.241,0.158,140,133,119,51
0.074,0.160,0.075,0,0.000,0,0.6865,0.5880,0.236,0.166,0.348,0.306,0.383,0.314,0.265,0.225,172,144,134,73,0.302,0.280,0.296,0.277,0.241,0.158,140,133,119,51
0.082,0.157,0.114,-0.79,0.151,-1,0.6624,0.5625,0.370,0.736,0.348,0.306,0.383,0.314,0.265,0.225,172,144,134,73,0.302,0.280,0.296,0.277,0.241,0.158,140,133,119,51
0.087,0.176,0.242,-0.42,0.180,0,0.6418,0.5406,0.363,0.318,0.348,0.306,0.383,0.314,0.265,0.225,172,144,134,73,0.302,0.280,0.296,0.277,0.241,0.158,140,133,119,51
0.081,0.145,0.143,-1.1,0.105,-1,0.6262,0.5206,0.307,0.192,0.348,0.306,0.383,0.314,0.265,0.225,172,144,134,73,0.302,0.280,0.296,0.277,0.241,0.158,140,133,119,51
0.081,0.143,0.175,1.42,0.221,0,0.6240,0.5105,0.170,-0.397,0.348,0.306,0.383,0.314,0.265,0.225,172,144,134,73,0.302,0.280,0.296,0.277,0.241,0.158,140,133,119,51
0.084,0.153,0.316,0,0.000,0,0.6277,0.5094,0.250,0.166,0.348,0.306,0.383,0.314,0.265,0.225,172,144,134,73,0.302,0.280,0.296,0.277,0.241,0.158,140,133,119,51
0.069,0.133,0.170,-0.79,0.151,-1,0.6287,0.5087,0.353,0.736,0.348,0.306,0.383,0.314,0.265,0.225,172,144,134,73,0.302,0.280,0.296,0.277,0.241,0.158,140,133,119,51
0.069,0.129,0.458,2.1,0.128,0,0.6310,0.5106,0.090,0.02,0.348,0.306,0.383,0.314,0.265,0.225,172,144,134,73,0.302,0.280,0.296,0.277,0.241,0.158,140,133,119,51
0.073,0.164,0.337,-1.1,0.105,-1,0.6238,0.5037,0.250,0.192,0.348,0.306,0.383,0.314,0.265,0.225,172,144,134,73,0.302,0.280,0.296,0.277,0.241,0.158,140,133,119,51
0.068,0.170,0.545,2.53,0.140,0,0.6153,0.4972,0.132,-0.121,0.348,0.306,0.383,0.314,0.265,0.225,172,144,134,73,0.302,0.280,0.296,0.277,0.241,0.158,140,133,119,51
0.069,0.252,0.655,-0.48,0.134,0,0.5982,0.4812,0.241,0.007,0.348,0.306,0.383,0.314,0.265,0.225,172,144,134,73,0.302,0.280,0.296,0.277,0.241,0.158,140,133,119,51
0.071,0.235,0.697,0.22,0.230,0,0.5697,0.4566,0.153,0.303,0.348,0.306,0.383,0.314,0.265,0.225,172,144,134,73,0.302,0.280,0.296,0.277,0.241,0.158,140,133,119,51
0.089,0.199,0.315,0.85,0.046,0,0.5445,0.4339,0.137,0.06,0.348,0.306,0.383,0.314,0.265,0.225,172,144,134,73,0.302,0.280,0.296,0.277,0.241,0.158,140,133,119,51
0.091,0.203,0.225,-0.08,0.108,0,0.5209,0.4105,0.191,0.059,0.348,0.306,0.383,0.314,0.265,0.225,172,144,134,73,0.302,0.280,0.296,0.277,0.241,0.158,140,133,119,51
0.090,0.187,0.030,1.99,0.186,0,0.5074,0.3929,0.088,-0.326,0.348,0.306,0.383,0.314,0.265,0.225,172,144,134,73,0.302,0.280,0.296,0.277,0.241,0.158,140,133,119,51
0.073,0.168,0.005,0.85,0.046,0,0.5011,0.3794,0.168,0.06,0.348,0.306,0.383,0.314,0.265,0.225,172,144,134,73,0.302,0.280,0.296,0.277,0.241,0.158,140,133,119,51
0.073,0.175,0.050,-0.79,0.151,-1,0.5014,0.3726,0.393,0.736,0.348,0.306,0.383,0.314,0.265,0.225,172,144,134,73,0.302,0.280,0.296,0.277,0.241,0.158,140,133,119,51
0.092,0.279,0.211,-0.48,0.134,0,0.5016,0.3664,0.257,0.007,0.348,0.306,0.383,0.314,0.265,0.225,172,144,134,73,0.302,0.280,0.296,0.277,0.241,0.158,140,133,119,51
0.089,0.230,0.129,0,0.000,0,0.4965,0.3596,0.182,0.166,0.348,0.306,0.383,0.314,0.265,0.225,172,144,134,73,0.302,0.280,0.296,0.277,0.241,0.158,140,133,119,51
0.078,0.210,0.216,1.99,0.186,0,0.5002,0.3608,0.137,-0.326,0.348,0.306,0.383,0.314,0.265,0.225,172,144,134,73,0.302,0.280,0.296,0.277,0.241,0.158,140,133,119,51
0.077,0.233,0.220,0,0.000,0,0.5092,0.3696,0.137,0.166,0.348,0.306,0.383,0.314,0.265,0.225,172,144,134,73,0.302,0.280,0.296,0.277,0.241,0.158,140,133,119,51
0.099,0.275,0.438,-0.52,0.062,0,0.5171,0.3788,0.189,0.341,0.348,0.306,0.383,0.314,0.265,0.225,172,144,134,73,0.302,0.280,0.296,0.277,0.241,0.158,140,133,119,51
0.097,0.275,0.395,0.85,0.046,0,0.5172,0.3827,0.113,0.06,0.348,0.306,0.383,0.314,0.265,0.225,172,144,134,73,0.302,0.280,0.296,0.277,0.241,0.158,140,133,119,51
0.092,0.225,0.205,1.99,0.186,0,0.5182,0.3888,0.091,-0.326,0.348,0.306,0.383,0.314,0.265,0.225,172,144,134,73,0.302,0.280,0.296,0.277,0.241,0.158,140,133,119,51
0.097,0.329,0.206,-0.08,0.108,0,0.5207,0.3963,0.214,0.059,0.348,0.306,0.383,0.314,0.265,0.225,172,144,134,73,0.302,0.280,0.296,0.277,0.241,0.158,140,133,119,51
0.121,0.342,0.345,-0.48,0.134,0,0.5173,0.3974,0.323,0.007,0.348,0.306,0.383,0.314,0.265,0.225,172,144,134,73,0.302,0.280,0.296,0.277,0.241,0.158,140,133,119,51
0.125,0.280,0.128,0,0.000,0,0.5111,0.3923,0.177,0.166,0.348,0.306,0.383,0.314,0.265,0.225,172,144,134,73,0.302,0.280,0.296,0.277,0.241,0.158,140,133,119,51
0.187,0.273,0.117,0,0.000,0,0.5078,0.3888,0.230,0.166,0.348,0.306,0.383,0.314,0.265,0.225,172,144,134,73,0.302,0.280,0.296,0.277,0.241,0.158,140,133,119,51
0.216,0.280,0.027,1.99,0.186,0,0.5137,0.3891,0.128,-0.326,0.348,0.306,0.383,0.314,0.265,0.225,172,144,134,73,0.302,0.280,0.296,0.277,0.241,0.158,140,133,119,51
0.176,0.687,0.080,-0.48,0.134,0,0.5194,0.3887,0.264,0.007,0.348,0.306,0.383,0.314,0.265,0.225,172,144,134,73,0.302,0.280,0.296,0.277,0.241,0.158,140,133,119,51
0.178,0.360,0.019,1.99,0.186,0,0.5253,0.3898,0.124,-0.326,0.348,0.306,0.383,0.314,0.265,0.225,172,144,134,73,0.302,0.280,0.296,0.277,0.241,0.158,140,133,119,51
0.143,0.822,0.388,0.22,0.230,0,0.5174,0.3808,0.249,0.303,0.348,0.306,0.383,0.314,0.265,0.225,172,144,134,73,0.302,0.280,0.296,0.277,0.241,0.158,140,133,119,51
0.168,0.813,0.276,-0.52,0.062,0,0.5150,0.3776,0.211,0.341,0.348,0.306,0.383,0.314,0.265,0.225,172,144,134,73,0.302,0.280,0.296,0.277,0.241,0.158,140,133,119,51
0.161,0.729,0.398,-1.14,0.131,0,0.4952,0.3601,0.274,0.987,0.348,0.306,0.383,0.314,0.265,0.225,172,144,134,73,0.302,0.280,0.296,0.277,0.241,0.158,140,133,119,51
0.145,0.291,0.423,2.53,0.140,0,0.4839,0.3519,0.174,-0.121,0.348,0.306,0.383,0.314,0.265,0.225,172,144,134,73,0.302,0.280,0.296,0.277,0.241,0.158,140,133,119,51
0.152,0.757,0.493,-1.19,0.219,1,0.4650,0.3367,0.376,0.586,0.348,0.306,0.383,0.314,0.265,0.225,172,144,134,73,0.302,0.280,0.296,0.277,0.241,0.158,140,133,119,51
0.148,0.750,0.428,0.2,0.291,1,0.4476,0.3246,0.400,0.180,0.348,0.306,0.383,0.314,0.265,0.225,172,144,134,73,0.302,0.280,0.296,0.277,0.241,0.158,140,133,119,51
0.140,0.699,0.519,-1.19,0.219,1,0.4224,0.3068,0.358,0.586,0.348,0.306,0.383,0.314,0.265,0.225,172,144,134,73,0.302,0.280,0.296,0.277,0.241,0.158,140,133,119,51
0.168,0.208,0.381,1.99,0.186,0,0.4010,0.2920,0.172,-0.326,0.348,0.306,0.383,0.314,0.265,0.225,172,144,134,73,0.302,0.280,0.296,0.277,0.241,0.158,140,133,119,51
0.175,0.197,0.415,-0.79,0.151,-1,0.3832,0.2788,0.442,0.736,0.348,0.306,0.383,0.314,0.265,0.225,172,144,134,73,0.302,0.280,0.296,0.277,0.241,0.158,140,133,119,51
0.203,0.187,0.301,0.85,0.046,0,0.3689,0.2694,0.377,0.06,0.348,0.306,0.383,0.314,0.265,0.225,172,144,134,73,0.302,0.280,0.296,0.277,0.241,0.158,140,133,119,51
0.211,0.252,0.426,-0.79,0.151,-1,0.3531,0.2583,0.371,0.736,0.348,0.306,0.383,0.314,0.265,0.225,172,144,134,73,0.302,0.280,0.296,0.277,0.241,0.158,140,133,119,51
0.179,0.257,0.562,-1.19,0.219,1,0.3389,0.2462,0.380,0.586,0.348,0.306,0.383,0.314,0.265,0.225,172,144,134,73,0.302,0.280,0.296,0.277,0.241,0.158,140,133,119,51
0.179,0.211,0.242,-1.1,0.105,-1,0.3290,0.2345,0.365,0.192,0.348,0.306,0.383,0.314,0.265,0.225,172,144,134,73,0.302,0.280,0.296,0.277,0.241,0.158,140,133,119,51
0.186,0.329,0.368,1.37,0.298,0,0.3166,0.2179,0.200,-0.510,0.348,0.306,0.383,0.314,0.265,0.225,172,144,134,73,0.302,0.280,0.296,0.277,0.241,0.158,140,133,119,51
0.193,0.223,0.373,2.53,0.140,0,0.3132,0.2089,0.219,-0.121,0.348,0.306,0.383,0.314,0.265,0.225,172,144,134,73,0.302,0.280,0.296,0.277,0.241,0.158,140,133,119,51
0.153,0.712,0.342,1.69,0.290,0,0.3277,0.2153,0.136,-0.697,0.348,0.306,0.383,0.314,0.265,0.225,172,144,134,73,0.302,0.280,0.296,0.277,0.241,0.158,140,133,119,51
0.125,0.278,0.268,-1.1,0.105,-1,0.3388,0.2226,0.264,0.192,0.348,0.306,0.383,0.314,0.265,0.225,172,144,134,73,0.302,0.280,0.296,0.277,0.241,0.158,140,133,119,51
0.082,0.866,0.547,-1.19,0.219,1,0.3527,0.2355,0.382,0.586,0.348,0.306,0.383,0.314,0.265,0.225,172,144,134,73,0.302,0.280,0.296,0.277,0.241,0.158,140,133,119,51
0.087,0.881,0.624,0.2,0.291,1,0.3496,0.2366,0.297,0.180,0.348,0.306,0.383,0.314,0.265,0.225,172,144,134,73,0.302,0.280,0.296,0.277,0.241,0.158,140,133,119,51
0.090,0.815,0.154,1.99,0.186,0,0.3512,0.2445,0.110,-0.326,0.348,0.306,0.383,0.314,0.265,0.225,172,144,134,73,0.302,0.280,0.296,0.277,0.241,0.158,140,133,119,51
0.092,0.889,0.640,0.2,0.291,1,0.3386,0.2416,0.295,0.180,0.348,0.306,0.383,0.314,0.265,0.225,172,144,134,73,0.302,0.280,0.296,0.277,0.241,0.158,140,133,119,51
0.118,0.886,0.374,1.37,0.298,0,0.3263,0.2387,0.164,-0.510,0.348,0.306,0.383,0.314,0.265,0.225,172,144,134,73,0.302,0.280,0.296,0.277,0.241,0.158,140,133,119,51
0.078,0.842,0.543,-0.52,0.062,0,0.3005,0.2212,0.135,0.341,0.348,0.306,0.383,0.314,0.265,0.225,172,144,134,73,0.302,0.280,0.296,0.277,0.241,0.158,140,133,119,51
0.084,0.825,0.167,2.53,0.140,0,0.2828,0.2101,0.121,-0.121,0.348,0.306,0.383,0.314,0.265,0.225,172,144,134,73,0.302,0.280,0.296,0.277,0.241,0.158,140,133,119,51
0.091,0.895,0.597,0.2,0.291,1,0.2572,0.1898,0.357,0.180,0.348,0.306,0.383,0.314,0.265,0.225,172,144,134,73,0.302,0.280,0.296,0.277,0.241,0.158,140,133,119,51
0.089,0.872,0.233,-0.42,0.180,0,0.2490,0.1820,0.324,0.318,0.348,0.306,0.383,0.314,0.265,0.225,172,144,134,73,0.302,0.280,0.296,0.277,0.241,0.158,140,133,119,51
0.108,0.850,0.277,-0.48,0.134,0,0.2523,0.1798,0.283,0.007,0.348,0.306,0.383,0.314,0.265,0.225,172,144,134,73,0.302,0.280,0.296,0.277,0.241,0.158,140,133,119,51
0.113,0.822,0.100,-0.79,0.151,-1,0.2629,0.1856,0.383,0.736,0.348,0.306,0.383,0.314,0.265,0.225,172,144,134,73,0.302,0.280,0.296,0.277,0.241,0.158,140,133,119,51
0.094,0.836,0.296,-0.52,0.062,0,0.2778,0.1973,0.361,0.341,0.348,0.306,0.383,0.314,0.265,0.225,172,144,134,73,0.302,0.280,0.296,0.277,0.241,0.158,140,133,119,51
0.113,0.841,0.062,-0.48,0.134,0,0.2955,0.2139,0.306,0.007,0.348,0.306,0.383,0.314,0.265,0.225,172,144,134,73,0.302,0.280,0.296,0.277,0.241,0.158,140,133,119,51
0.092,0.736,0.110,2.1,0.128,0,0.3201,0.2355,0.112,0.02,0.348,0.306,0.383,0.314,0.265,0.225,172,144,134,73,0.302,0.280,0.296,0.277,0.241,0.158,140,133,119,51
0.072,0.818,0.310,0.2,0.291,1,0.3352,0.2498,0.327,0.180,0.348,0.306,0.383,0.314,0.265,0.225,172,144,134,73,0.302,0.280,0.296,0.277,0.241,0.158,140,133,119,51
0.082,0.338,0.138,1.69,0.290,0,0.3515,0.2656,0.076,-0.697,0.348,0.306,0.383,0.314,0.265,0.225,172,144,134,73,0.302,0.280,0.296,0.277,0.241,0.158,140,133,119,51
0.064,0.800,0.226,0.2,0.291,1,0.3547,0.2731,0.227,0.180,0.348,0.306,0.383,0.314,0.265,0.225,172,144,134,73,0.302,0.280,0.296,0.277,0.241,0.158,140,133,119,51
0.060,0.339,0.115,-1.1,0.105,-1,0.3394,0.2688,0.237,0.192,0.348,0.306,0.383,0.314,0.265,0.225,172,144,134,73,0.302,0.280,0.296,0.277,0.241,0.158,140,133,119,51
0.062,0.284,0.016,3.14,0.186,0,0.3056,0.2492,0.063,-0.486,0.348,0.306,0.383,0.314,0.265,0.225,172,144,134,73,0.302,0.280,0.296,0.277,0.241,0.158,140,133,119,51
0.063,0.269,0.118,2.53,0.140,0,0.2547,0.2151,0.116,-0.121,0.348,0.306,0.383,0.314,0.265,0.225,172,144,134,73,0.302,0.280,0.296,0.277,0.241,0.158,140,133,119,51
0.075,0.275,0.109,2.53,0.140,0,0.2108,0.1857,0.110,-0.121,0.348,0.306,0.383,0.314,0.265,0.225,172,144,134,73,0.302,0.280,0.296,0.277,0.241,0.158,140,133,119,51
0.092,0.722,0.398,0.2,0.291,1,0.1715,0.1602,0.238,0.180,0.348,0.306,0.383,0.314,0.265,0.225,172,144,134,73,0.302,0.280,0.296,0.277,0.241,0.158,140,133,119,51
0.092,0.413,0.366,-1.19,0.219,1,0.1485,0.1462,0.324,0.586,0.348,0.306,0.383,0.314,0.265,0.225,172,144,134,73,0.302,0.280,0.296,0.277,0.241,0.158,140,133,119,51
0.114,0.332,0.333,-0.79,0.151,-1,0.1448,0.1454,0.415,0.736,0.348,0.306,0.383,0.314,0.265,0.225,172,144,134,73,0.302,0.280,0.296,0.277,0.241,0.158,140,133,119,51
0.108,0.440,0.233,-0.79,0.151,-1,0.1655,0.1647,0.437,0.736,0.348,0.306,0.383,0.314,0.265,0.225,172,144,134,73,0.302,0.280,0.296,0.277,0.241,0.158,140,133,119,51
0.098,0.414,0.242,0,0.000,0,0.1924,0.1875,0.291,0.166,0.348,0.306,0.383,0.314,0.265,0.225,172,144,134,73,0.302,0.280,0.296,0.277,0.241,0.158,140,133,119,51
0.126,0.446,0.052,1.69,0.290,0,0.2362,0.2233,0.081,-0.697,0.348,0.306,0.383,0.314,0.265,0.225,172,144,134,73,0.302,0.280,0.296,0.277,0.241,0.158,140,133,119,51
0.116,0.337,0.002,-0.08,0.108,0,0.2885,0.2637,0.169,0.059,0.348,0.306,0.383,0.314,0.265,0.225,172,144,134,73,0.302,0.280,0.296,0.277,0.241,0.158,140,133,119,51
0.102,0.318,0.128,0.22,0.230,0,0.3395,0.3030,0.134,0.303,0.348,0.306,0.383,0.314,0.265,0.225,172,144,134,73,0.302,0.280,0.296,0.277,0.241,0.158,140,133,119,51
0.088,0.226,0.005,3.14,0.186,0,0.3720,0.3300,0.056,-0.486,0.348,0.306,0.383,0.314,0.265,0.225,172,144,134,73,0.302,0.280,0.296,0.277,0.241,0.158,140,133,119,51
0.089,0.261,0.106,1.99,0.186,0,0.3842,0.3411,0.061,-0.326,0.348,0.306,0.383,0.314,0.265,0.225,172,144,134,73,0.302,0.280,0.296,0.277,0.241,0.158,140,133,119,51
0.088,0.273,0.177,1.99,0.186,0,0.3961,0.3525,0.069,-0.326,0.348,0.306,0.383,0.314,0.265,0.225,172,144,134,73,0.302,0.280,0.296,0.277,0.241,0.158,140,133,119,51
0.081,0.501,0.459,-0.52,0.062,0,0.3976,0.3558,0.090,0.341,0.348,0.306,0.383,0.314,0.265,0.225,172,144,134,73,0.302,0.280,0.296,0.277,0.241,0.158,140,133,119,51
0.061,0.452,0.545,-0.52,0.062,0,0.3918,0.3523,0.109,0.341,0.348,0.306,0.383,0.314,0.265,0.225,172,144,134,73,0.302,0.280,0.296,0.277,0.241,0.158,140,133,119,51
0.061,0.703,0.582,-0.42,0.180,0,0.3698,0.3371,0.260,0.318,0.348,0.306,0.383,0.314,0.265,0.225,172,144,134,73,0.302,0.280,0.296,0.277,0.241,0.158,140,133,119,51
0.074,0.460,0.550,-0.08,0.108,0,0.3558,0.3298,0.236,0.059,0.348,0.306,0.383,0.314,0.265,0.225,172,144,134,73,0.302,0.280,0.296,0.277,0.241,0.158,140,133,119,51
0.076,0.376,0.669,-0.52,0.062,0,0.3523,0.3306,0.296,0.341,0.348,0.306,0.383,0.314,0.265,0.225,172,144,134,73,0.302,0.280,0.296,0.277,0.241,0.158,140,133,119,51
0.115,0.319,0.617,-1.1,0.105,-1,0.3592,0.3382,0.393,0.192,0.348,0.306,0.383,0.314,0.265,0.225,172,144,134,73,0.302,0.280,0.296,0.277,0.241,0.158,140,133,119,51
0.099,0.373,0.645,-0.48,0.134,0,0.3803,0.3550,0.309,0.007,0.348,0.306,0.383,0.314,0.265,0.225,172,144,134,73,0.302,0.280,0.296,0.277,0.241,0.158,140,133,119,51
0.092,0.400,0.599,-0.48,0.134,0,0.4032,0.3714,0.334,0.007,0.348,0.306,0.383,0.314,0.265,0.225,172,144,134,73,0.302,0.280,0.296,0.277,0.241,0.158,140,133,119,51
0.098,0.312,0.524,0.85,0.046,0,0.4212,0.3825,0.383,0.06,0.348,0.306,0.383,0.314,0.265,0.225,172,144,134,73,0.302,0.280,0.296,0.277,0.241,0.158,140,133,119,51
0.102,0.291,0.294,1.99,0.186,0,0.4352,0.3867,0.144,-0.326,0.348,0.306,0.383,0.314,0.265,0.225,172,144,134,73,0.302,0.280,0.296,0.277,0.241,0.158,140,133,119,51
0.103,0.287,0.513,-0.08,0.108,0,0.4416,0.3832,0.143,0.059,0.348,0.306,0.383,0.314,0.265,0.225,172,144,134,73,0.302,0.280,0.296,0.277,0.241,0.158,140,133,119,51
0.098,0.193,0.324,-1.14,0.131,0,0.4326,0.3657,0.370,0.987,0.348,0.306,0.383,0.314,0.265,0.225,172,144,134,73,0.302,0.280,0.296,0.277,0.241,0.158,140,133,119,51
0.096,0.187,0.156,-0.79,0.151,-1,0.3933,0.3221,0.441,0.736,0.348,0.306,0.383,0.314,0.265,0.225,172,144,134,73,0.302,0.280,0.296,0.277,0.241,0.158,140,133,119,51
0.083,0.113,0.010,3.14,0.186,0,0.3527,0.2783,0.045,-0.486,0.348,0.306,0.383,0.314,0.265,0.225,172,144,134,73,0.302,0.280,0.296,0.277,0.241,0.158,140,133,119,51
0.088,0.126,0.004,1.42,0.221,0,0.3276,0.2509,0.048,-0.397,0.348,0.306,0.383,0.314,0.265,0.225,172,144,134,73,0.302,0.280,0.296,0.277,0.241,0.158,140,133,119,51
0.084,0.204,0.055,-1.19,0.219,1,0.3092,0.2324,0.438,0.586,0.348,0.306,0.383,0.314,0.265,0.225,172,144,134,73,0.302,0.280,0.296,0.277,0.241,0.158,140,133,119,51
0.083,0.121,0.015,-0.79,0.151,-1,0.2948,0.2197,0.268,0.736,0.348,0.306,0.383,0.314,0.265,0.225,172,144,134,73,0.302,0.280,0.296,0.277,0.241,0.158,140,133,119,51
0.095,0.120,0.002,2.53,0.140,0,0.2939,0.2214,0.025,-0.121,0.348,0.306,0.383,0.314,0.265,0.225,172,144,134,73,0.302,0.280,0.296,0.277,0.241,0.158,140,133,119,51
0.108,0.269,0.090,0.2,0.291,1,0.2950,0.2262,0.168,0.180,0.348,0.306,0.383,0.314,0.265,0.225,172,144,134,73,0.302,0.280,0.296,0.277,0.241,0.158,140,133,119,51
0.113,0.287,0.137,0.2,0.291,1,0.2945,0.2293,0.373,0.180,0.348,0.306,0.383,0.314,0.265,0.225,172,144,134,73,0.302,0.280,0.296,0.277,0.241,0.158,140,133,119,51
0.140,0.180,0.002,0.85,0.046,0,0.2748,0.2162,0.146,0.06,0.348,0.306,0.383,0.314,0.265,0.225,172,144,134,73,0.302,0.280,0.296,0.277,0.241,0.158,140,133,119,51
0.147,0.173,0.004,1.99,0.186,0,0.2435,0.1928,0.050,-0.326,0.348,0.306,0.383,0.314,0.265,0.225,172,144,134,73,0.302,0.280,0.296,0.277,0.241,0.158,140,133,119,51
0.153,0.187,0.013,2.1,0.128,0,0.2111,0.1673,0.130,0.02,0.348,0.306,0.383,0.314,0.265,0.225,172,144,134,73,0.302,0.280,0.296,0.277,0.241,0.158,140,133,119,51
0.184,0.229,0.004,-0.48,0.134,0,0.1751,0.1364,0.420,0.007,0.348,0.306,0.383,0.314,0.265,0.225,172,144,134,73,0.302,0.280,0.296,0.277,0.241,0.158,140,133,119,51
0.188,0.218,0.004,0.85,0.046,0,0.1413,0.1056,0.148,0.06,0.348,0.306,0.383,0.314,0.265,0.225,172,144,134,73,0.302,0.280,0.296,0.277,0.241,0.158,140,133,119,51
0.189,0.232,0.003,0.85,0.046,0,0.1105,0.0775,0.171,0.06,0.348,0.306,0.383,0.314,0.265,0.225,172,144,134,73,0.302,0.280,0.296,0.277,0.241,0.158,140,133,119,51
0.155,0.295,0.069,-0.08,0.108,0,0.0850,0.0560,0.268,0.059,0.348,0.306,0.383,0.314,0.265,0.225,172,144,134,73,0.302,0.280,0.296,0.277,0.241,0.158,140,133,119,51
0.188,0.270,0.050,-1.1,0.105,-1,0.0711,0.0453,0.402,0.192,0.348,0.306,0.383,0.314,0.265,0.225,172,144,134,73,0.302,0.280,0.296,0.277,0.241,0.158,140,133,119,51
0.192,0.307,0.027,-1.1,0.105,-1,0.0680,0.0448,0.364,0.192,0.348,0.306,0.383,0.314,0.265,0.225,172,144,134,73,0.302,0.280,0.296,0.277,0.241,0.158,140,133,119,51
0.194,0.333,0.017,-0.52,0.062,0,0.0739,0.0523,0.157,0.341,0.348,0.306,0.383,0.314,0.265,0.225,172,144,134,73,0.302,0.280,0.296,0.277,0.241,0.158,140,133,119,51
0.187,0.300,0.127,-1.19,0.219,1,0.0683,0.0498,0.166,0.586,0.348,0.306,0.383,0.314,0.265,0.225,172,144,134,73,0.302,0.280,0.296,0.277,0.241,0.158,140,133,119,51
0.155,0.197,0.001,1.99,0.186,0,0.0581,0.0440,0.088,-0.326,0.348,0.306,0.383,0.314,0.265,0.225,172,144,134,73,0.302,0.280,0.296,0.277,0.241,0.158,140,133,119,51
0.161,0.153,0.003,1.99,0.186,0,0.0496,0.0402,0.080,-0.326,0.348,0.306,0.383,0.314,0.265,0.225,172,144,134,73,0.302,0.280,0.296,0.277,0.241,0.158,140,133,119,51
0.164,0.184,0.004,1.99,0.186,0,0.0467,0.0403,0.064,-0.326,0.348,0.306,0.383,0.314,0.265,0.225,172,144,134,73,0.302,0.280,0.296,0.277,0.241,0.158,140,133,119,51
0.195,0.190,0.012,1.99,0.186,0,0.0448,0.0405,0.053,-0.326,0.348,0.306,0.383,0.314,0.265,0.225,172,144,134,73,0.302,0.280,0.296,0.277,0.241,0.158,140,133,119,51
0.193,0.236,0.374,-0.52,0.062,0,0.0395,0.0371,0.085,0.341,0.348,0.306,0.383,0.314,0.265,0.225,172,144,134,73,0.302,0.280,0.296,0.277,0.241,0.158,140,133,119,51
0.185,0.191,0.577,0.85,0.046,0,0.0334,0.0325,0.071,0.06,0.348,0.306,0.383,0.314,0.265,0.225,172,144,134,73,0.302,0.280,0.296,0.277,0.241,0.158,140,133,119,51
0.174,0.198,0.649,2.53,0.140,0,0.0309,0.0295,0.108,-0.121,0.348,0.306,0.383,0.314,0.265,0.225,172,144,134,73,0.302,0.280,0.296,0.277,0.241,0.158,140,133,119,51
0.190,0.295,0.503,0,0.000,0,0.0262,0.0243,0.104,0.166,0.348,0.306,0.383,0.314,0.265,0.225,172,144,134,73,0.302,0.280,0.296,0.277,0.241,0.158,140,133,119,51
0.177,0.372,0.424,-0.52,0.062,0,0.0191,0.0178,0.084,0.341,0.348,0.306,0.383,0.314,0.265,0.225,172,144,134,73,0.302,0.280,0.296,0.277,0.241,0.158,140,133,119,51
0.168,0.245,0.430,2.53,0.140,0,0.0119,0.0113,0.070,-0.121,0.348,0.306,0.383,0.314,0.265,0.225,172,144,134,73,0.302,0.280,0.296,0.277,0.241,0.158,140,133,119,51
0.134,0.287,0.425,1.69,0.290,0,0.0084,0.0075,0.110,-0.697,0.348,0.306,0.383,0.314,0.265,0.225,172,144,134,73,0.302,0.280,0.296,0.277,0.241,0.158,140,133,119,51
0.137,0.246,0.279,2.1,0.128,0,0.0104,0.0087,0.055,0.02,0.348,0.306,0.383,0.314,0.265,0.225,172,144,134,73,0.302,0.280,0.296,0.277,0.241,0.158,140,133,119,51
0.143,0.301,0.567,-0.52,0.062,0,0.0138,0.0121,0.146,0.341,0.348,0.306,0.383,0.314,0.265,0.225,172,144,134,73,0.302,0.280,0.296,0.277,0.241,0.158,140,133,119,51
0.143,0.304,0.462,0,0.000,0,0.0169,0.0153,0.185,0.166,0.348,0.306,0.383,0.314,0.265,0.225,172,144,134,73,0.302,0.280,0.296,0.277,0.241,0.158,140,133,119,51
0.151,0.305,0.420,1.99,0.186,0,0.0160,0.0165,0.171,-0.326,0.348,0.306,0.383,0.314,0.265,0.225,172,144,134,73,0.302,0.280,0.296,0.277,0.241,0.158,140,133,119,51
0.151,0.297,0.598,-1.1,0.105,-1,0.0104,0.0148,0.183,0.192,0.348,0.306,0.383,0.314,0.265,0.225,172,144,134,73,0.302,0.280,0.296,0.277,0.241,0.158,140,133,119,51
0.144,0.490,0.572,1.37,0.298,0,0.0183,0.0231,0.101,-0.510,0.348,0.306,0.383,0.314,0.265,0.225,172,144,134,73,0.302,0.280,0.296,0.277,0.241,0.158,140,133,119,51
0.149,0.482,0.594,-0.52,0.062,0,0.0312,0.0342,0.126,0.341,0.348,0.306,0.383,0.314,0.265,0.225,172,144,134,73,0.302,0.280,0.296,0.277,0.241,0.158,140,133,119,51
0.152,0.477,0.314,1.37,0.298,0,0.0515,0.0498,0.153,-0.510,0.348,0.306,0.383,0.314,0.265,0.225,172,144,134,73,0.302,0.280,0.296,0.277,0.241,0.158,140,133,119,51
0.178,0.273,0.104,1.99,0.186,0,0.0686,0.0621,0.054,-0.326,0.348,0.306,0.383,0.314,0.265,0.225,172,144,134,73,0.302,0.280,0.296,0.277,0.241,0.158,140,133,119,51
0.146,0.234,0.041,3.14,0.186,0,0.0967,0.0824,0.096,-0.486,0.348,0.306,0.383,0.314,0.265,0.225,172,144,134,73,0.302,0.280,0.296,0.277,0.241,0.158,140,133,119,51
0.184,0.219,0.020,0,0.000,0,0.1254,0.1036,0.136,0.166,0.348,0.306,0.383,0.314,0.265,0.225,172,144,134,73,0.302,0.280,0.296,0.277,0.241,0.158,140,133,119,51
0.171,0.435,0.035,0.2,0.291,1,0.1424,0.1150,0.238,0.180,0.348,0.306,0.383,0.314,0.265,0.225,172,144,134,73,0.302,0.280,0.296,0.277,0.241,0.158,140,133,119,51
0.169,0.265,0.002,1.99,0.186,0,0.1533,0.1198,0.086,-0.326,0.348,0.306,0.383,0.314,0.265,0.225,172,144,134,73,0.302,0.280,0.296,0.277,0.241,0.158,140,133,119,51
0.162,0.684,0.290,-0.52,0.062,0,0.1675,0.1272,0.218,0.341,0.348,0.306,0.383,0.314,0.265,0.225,172,144,134,73,0.302,0.280,0.296,0.277,0.241,0.158,140,133,119,51
0.164,0.724,0.128,-0.52,0.062,0,0.1858,0.1381,0.329,0.341,0.348,0.306,0.383,0.314,0.265,0.225,172,144,134,73,0.302,0.280,0.296,0.277,0.241,0.158,140,133,119,51
0.140,0.761,0.014,-1.1,0.105,-1,0.1946,0.1408,0.368,0.192,0.348,0.306,0.383,0.314,0.265,0.225,172,144,134,73,0.302,0.280,0.296,0.277,0.241,0.158,140,133,119,51
0.157,0.849,0.263,0.2,0.291,1,0.2046,0.1433,0.342,0.180,0.348,0.306,0.383,0.314,0.265,0.225,172,144,134,73,0.302,0.280,0.296,0.277,0.241,0.158,140,133,119,51
0.146,0.852,0.311,0.2,0.291,1,0.2211,0.1515,0.371,0.180,0.348,0.306,0.383,0.314,0.265,0.225,172,144,134,73,0.302,0.280,0.296,0.277,0.241,0.158,140,133,119,51
0.169,0.817,0.162,-1.19,0.219,1,0.2385,0.1618,0.452,0.586,0.348,0.306,0.383,0.314,0.265,0.225,172,144,134,73,0.302,0.280,0.296,0.277,0.241,0.158,140,133,119,51
0.163,0.309,0.006,-0.79,0.151,-1,0.2603,0.1770,0.306,0.736,0.348,0.306,0.383,0.314,0.265,0.225,172,144,134,73,0.302,0.280,0.296,0.277,0.241,0.158,140,133,119,51
0.139,0.341,0.014,-0.52,0.062,0,0.2762,0.1891,0.122,0.341,0.348,0.306,0.383,0.314,0.265,0.225,172,144,134,73,0.302,0.280,0.296,0.277,0.241,0.158,140,133,119,51
0.136,0.717,0.150,-0.08,0.108,0,0.2740,0.1898,0.338,0.059,0.348,0.306,0.383,0.314,0.265,0.225,172,144,134,73,0.302,0.280,0.296,0.277,0.241,0.158,140,133,119,51
0.162,0.738,0.284,0.2,0.291,1,0.2509,0.1759,0.348,0.180,0.348,0.306,0.383,0.314,0.265,0.225,172,144,134,73,0.302,0.280,0.296,0.277,0.241,0.158,140,133,119,51
0.163,0.231,0.004,3.14,0.186,0,0.2235,0.1604,0.043,-0.486,0.348,0.306,0.383,0.314,0.265,0.225,172,144,134,73,0.302,0.280,0.296,0.277,0.241,0.158,140,133,119,51
0.129,0.217,0.019,0.85,0.046,0,0.1877,0.1393,0.077,0.06,0.348,0.306,0.383,0.314,0.265,0.225,172,144,134,73,0.302,0.280,0.296,0.277,0.241,0.158,140,133,119,51
0.120,0.309,0.202,-0.79,0.151,-1,0.1507,0.1167,0.419,0.736,0.348,0.306,0.383,0.314,0.265,0.225,172,144,134,73,0.302,0.280,0.296,0.277,0.241,0.158,140,133,119,51
0.121,0.284,0.052,0.85,0.046,0,0.1085,0.0886,0.104,0.06,0.348,0.306,0.383,0.314,0.265,0.225,172,144,134,73,0.302,0.280,0.296,0.277,0.241,0.158,140,133,119,51
0.095,0.265,0.002,3.14,0.186,0,0.0828,0.0716,0.019,-0.486,0.348,0.306,0.383,0.314,0.265,0.225,172,144,134,73,0.302,0.280,0.296,0.277,0.241,0.158,140,133,119,51
0.114,0.703,0.444,0.2,0.291,1,0.0659,0.0609,0.272,0.180,0.348,0.306,0.383,0.314,0.265,0.225,172,144,134,73,0.302,0.280,0.296,0.277,0.241,0.158,140,133,119,51
0.114,0.364,0.139,-1.1,0.105,-1,0.0486,0.0483,0.404,0.192,0.348,0.306,0.383,0.314,0.265,0.225,172,144,134,73,0.302,0.280,0.296,0.277,0.241,0.158,140,133,119,51
0.134,0.341,0.014,1.69,0.290,0,0.0330,0.0336,0.033,-0.697,0.348,0.306,0.383,0.314,0.265,0.225,172,144,134,73,0.302,0.280,0.296,0.277,0.241,0.158,140,133,119,51
0.124,0.300,0.002,2.53,0.140,0,0.0277,0.0271,0.047,-0.121,0.348,0.306,0.383,0.314,0.265,0.225,172,144,134,73,0.302,0.280,0.296,0.277,0.241,0.158,140,133,119,51
0.131,0.693,0.425,-1.19,0.219,1,0.0307,0.0280,0.408,0.586,0.348,0.306,0.383,0.314,0.265,0.225,172,144,134,73,0.302,0.280,0.296,0.277,0.241,0.158,140,133,119,51
0.126,0.406,0.051,0.85,0.046,0,0.0244,0.0217,0.164,0.06,0.348,0.306,0.383,0.314,0.265,0.225,172,144,134,73,0.302,0.280,0.296,0.277,0.241,0.158,140,133,119,51
0.130,0.414,0.004,1.69,0.290,0,0.0204,0.0170,0.050,-0.697,0.348,0.306,0.383,0.314,0.265,0.225,172,144,134,73,0.302,0.280,0.296,0.277,0.241,0.158,140,133,119,51
0.126,0.426,0.007,3.14,0.186,0,0.0201,0.0160,0.138,-0.486,0.348,0.306,0.383,0.314,0.265,0.225,172,144,134,73,0.302,0.280,0.296,0.277,0.241,0.158,140,133,119,51
0.131,0.468,0.051,-0.42,0.180,0,0.0186,0.0143,0.427,0.318,0.348,0.306,0.383,0.314,0.265,0.225,172,144,134,73,0.302,0.280,0.296,0.277,0.241,0.158,140,133,119,51
0.133,0.463,0.001,1.69,0.290,0,0.0196,0.0153,0.118,-0.697,0.348,0.306,0.383,0.314,0.265,0.225,172,144,134,73,0.302,0.280,0.296,0.277,0.241,0.158,140,133,119,51
0.130,0.706,0.075,-1.19,0.219,1,0.0206,0.0167,0.414,0.586,0.348,0.306,0.383,0.314,0.265,0.225,172,144,134,73,0.302,0.280,0.296,0.277,0.241,0.158,140,133,119,51
0.126,0.709,0.194,-1.19,0.219,1,0.0262,0.0206,0.317,0.586,0.348,0.306,0.383,0.314,0.265,0.225,172,144,134,73,0.302,0.280,0.296,0.277,0.241,0.158,140,133,119,51
0.130,0.500,0.087,-1.14,0.131,0,0.0255,0.0201,0.171,0.987,0.348,0.306,0.383,0.314,0.265,0.225,172,144,134,73,0.302,0.280,0.296,0.277,0.241,0.158,140,133,119,51
0.160,0.266,0.065,3.14,0.186,0,0.0259,0.0198,0.062,-0.486,0.348,0.306,0.383,0.314,0.265,0.225,172,144,134,73,0.302,0.280,0.296,0.277,0.241,0.158,140,133,119,51
0.159,0.327,0.007,2.53,0.140,0,0.0291,0.0200,0.089,-0.121,0.348,0.306,0.383,0.314,0.265,0.225,172,144,134,73,0.302,0.280,0.296,0.277,0.241,0.158,140,133,119,51
0.132,0.333,0.008,2.53,0.140,0,0.0342,0.0208,0.054,-0.121,0.348,0.306,0.383,0.314,0.265,0.225,172,144,134,73,0.302,0.280,0.296,0.277,0.241,0.158,140,133,119,51
0.132,0.333,0.067,0.85,0.046,0,0.0384,0.0206,0.044,0.06,0.348,0.306,0.383,0.314,0.265,0.225,172,144,134,73,0.302,0.280,0.296,0.277,0.241,0.158,140,133,119,51
0.167,0.301,0.027,3.14,0.186,0,0.0419,0.0204,0.046,-0.486,0.348,0.306,0.383,0.314,0.265,0.225,172,144,134,73,0.302,0.280,0.296,0.277,0.241,0.158,140,133,119,51
0.167,0.463,0.445,-0.48,0.134,0,0.0446,0.0205,0.189,0.007,0.348,0.306,0.383,0.314,0.265,0.225,172,144,134,73,0.302,0.280,0.296,0.277,0.241,0.158,140,133,119,51
0.171,0.448,0.385,0,0.000,0,0.0466,0.0213,0.059,0.166,0.348,0.306,0.383,0.314,0.265,0.225,172,144,134,73,0.302,0.280,0.296,0.277,0.241,0.158,140,133,119,51
0.196,0.379,0.349,-1.14,0.131,0,0.0438,0.0190,0.214,0.987,0.348,0.306,0.383,0.314,0.265,0.225,172,144,134,73,0.302,0.280,0.296,0.277,0.241,0.158,140,133,119,51
0.160,0.390,0.140,0.85,0.046,0,0.0384,0.0151,0.140,0.06,0.348,0.306,0.383,0.314,0.265,0.225,172,144,134,73,0.302,0.280,0.296,0.277,0.241,0.158,140,133,119,51
0.134,0.280,0.436,1.99,0.186,0,0.0328,0.0121,0.117,-0.326,0.348,0.306,0.383,0.314,0.265,0.225,172,144,134,73,0.302,0.280,0.296,0.277,0.241,0.158,140,133,119,51
0.134,0.263,0.443,0,0.000,0,0.0263,0.0092,0.166,0.166,0.348,0.306,0.383,0.314,0.265,0.225,172,144,134,73,0.302,0.280,0.296,0.277,0.241,0.158,140,133,119,51
0.134,0.211,0.247,1.99,0.186,0,0.0214,0.0080,0.131,-0.326,0.348,0.306,0.383,0.314,0.265,0.225,172,144,134,73,0.302,0.280,0.296,0.277,0.241,0.158,140,133,119,51
0.134,0.211,0.174,0,0.000,0,0.0188,0.0082,0.169,0.166,0.348,0.306,0.383,0.314,0.265,0.225,172,144,134,73,0.302,0.280,0.296,0.277,0.241,0.158,140,133,119,51
0.093,0.151,0.006,0.85,0.046,0,0.0199,0.0108,0.116,0.06,0.348,0.306,0.383,0.314,0.265,0.225,172,144,134,73,0.302,0.280,0.296,0.277,0.241,0.158,140,133,119,51
0.093,0.195,0.078,-0.52,0.062,0,0.0200,0.0120,0.141,0.341,0.348,0.306,0.383,0.314,0.265,0.225,172,144,134,73,0.302,0.280,0.296,0.277,0.241,0.158,140,133,119,51
0.100,0.187,0.006,3.14,0.186,0,0.0193,0.0115,0.092,-0.486,0.348,0.306,0.383,0.314,0.265,0.225,172,144,134,73,0.302,0.280,0.296,0.277,0.241,0.158,140,133,119,51
0.096,0.162,0.001,1.99,0.186,0,0.0228,0.0131,0.063,-0.326,0.348,0.306,0.383,0.314,0.265,0.225,172,144,134,73,0.302,0.280,0.296,0.277,0.241,0.158,140,133,119,51
0.117,0.207,0.042,-1.14,0.131,0,0.0219,0.0138,0.141,0.987,0.348,0.306,0.383,0.314,0.265,0.225,172,144,134,73,0.302,0.280,0.296,0.277,0.241,0.158,140,133,119,51
0.123,0.189,0.009,1.99,0.186,0,0.0201,0.0140,0.090,-0.326,0.348,0.306,0.383,0.314,0.265,0.225,172,144,134,73,0.302,0.280,0.296,0.277,0.241,0.158,140,133,119,51
0.085,0.179,0.053,2.1,0.128,0,0.0184,0.0137,0.055,0.02,0.348,0.306,0.383,0.314,0.265,0.225,172,144,134,73,0.302,0.280,0.296,0.277,0.241,0.158,140,133,119,51
0.069,0.190,0.425,-1.1,0.105,-1,0.0172,0.0140,0.182,0.192,0.348,0.306,0.383,0.314,0.265,0.225,172,144,134,73,0.302,0.280,0.296,0.277,0.241,0.158,140,133,119,51
0.066,0.170,0.241,3.14,0.186,0,0.0172,0.0155,0.057,-0.486,0.348,0.306,0.383,0.314,0.265,0.225,172,144,134,73,0.302,0.280,0.296,0.277,0.241,0.158,140,133,119,51
0.063,0.178,0.050,2.53,0.140,0,0.0165,0.0164,0.092,-0.121,0.348,0.306,0.383,0.314,0.265,0.225,172,144,134,73,0.302,0.280,0.296,0.277,0.241,0.158,140,133,119,51
0.058,0.346,0.110,1.76,0.409,0,0.0169,0.0181,0.119,-0.884,0.348,0.306,0.383,0.314,0.265,0.225,172,144,134,73,0.302,0.280,0.296,0.277,0.241,0.158,140,133,119,51
0.051,0.324,0.007,0.85,0.046,0,0.0187,0.0213,0.156,0.06,0.348,0.306,0.383,0.314,0.265,0.225,172,144,134,73,0.302,0.280,0.296,0.277,0.241,0.158,140,133,119,51
0.049,0.374,0.242,-0.52,0.062,0,0.0179,0.0211,0.163,0.341,0.348,0.306,0.383,0.314,0.265,0.225,172,144,134,73,0.302,0.280,0.296,0.277,0.241,0.158,140,133,119,51
0.048,0.292,0.363,-0.79,0.151,-1,0.0183,0.0229,0.271,0.736,0.348,0.306,0.383,0.314,0.265,0.225,172,144,134,73,0.302,0.280,0.296,0.277,0.241,0.158,140,133,119,51
0.047,0.372,0.541,-1.19,0.219,1,0.0187,0.0242,0.344,0.586,0.348,0.306,0.383,0.314,0.265,0.225,172,144,134,73,0.302,0.280,0.296,0.277,0.241,0.158,140,133,119,51
0.051,0.286,0.063,0.85,0.046,0,0.0188,0.0250,0.183,0.06,0.348,0.306,0.383,0.314,0.265,0.225,172,144,134,73,0.302,0.280,0.296,0.277,0.241,0.158,140,133,119,51
0.051,0.351,0.441,1.76,0.409,0,0.0269,0.0316,0.166,-0.884,0.348,0.306,0.383,0.314,0.265,0.225,172,144,134,73,0.302,0.280,0.296,0.277,0.241,0.158,140,133,119,51
0.047,0.318,0.105,1.69,0.290,0,0.0384,0.0409,0.143,-0.697,0.348,0.306,0.383,0.314,0.265,0.225,172,144,134,73,0.302,0.280,0.296,0.277,0.241,0.158,140,133,119,51
0.047,0.385,0.502,-0.42,0.180,0,0.0554,0.0539,0.379,0.318,0.348,0.306,0.383,0.314,0.265,0.225,172,144,134,73,0.302,0.280,0.296,0.277,0.241,0.158,140,133,119,51
0.048,0.372,0.244,-0.08,0.108,0,0.0720,0.0653,0.135,0.059,0.348,0.306,0.383,0.314,0.265,0.225,172,144,134,73,0.302,0.280,0.296,0.277,0.241,0.158,140,133,119,51
0.049,0.304,0.345,-1.14,0.131,0,0.0759,0.0666,0.212,0.987,0.348,0.306,0.383,0.314,0.265,0.225,172,144,134,73,0.302,0.280,0.296,0.277,0.241,0.158,140,133,119,51
0.075,0.415,0.452,1.37,0.298,0,0.0773,0.0663,0.207,-0.510,0.348,0.306,0.383,0.314,0.265,0.225,172,144,134,73,0.302,0.280,0.296,0.277,0.241,0.158,140,133,119,51
0.078,0.376,0.386,0.85,0.046,0,0.0799,0.0671,0.127,0.06,0.348,0.306,0.383,0.314,0.265,0.225,172,144,134,73,0.302,0.280,0.296,0.277,0.241,0.158,140,133,119,51
0.078,0.412,0.353,-0.08,0.108,0,0.0813,0.0670,0.161,0.059,0.348,0.306,0.383,0.314,0.265,0.225,172,144,134,73,0.302,0.280,0.296,0.277,0.241,0.158,140,133,119,51
0.086,0.283,0.337,3.14,0.186,0,0.0796,0.0647,0.071,-0.486,0.348,0.306,0.383,0.314,0.265,0.225,172,144,134,73,0.302,0.280,0.296,0.277,0.241,0.158,140,133,119,51
0.065,0.477,0.493,0.2,0.291,1,0.0748,0.0605,0.247,0.180,0.348,0.306,0.383,0.314,0.265,0.225,172,144,134,73,0.302,0.280,0.296,0.277,0.241,0.158,140,133,119,51
0.053,0.335,0.616,1.99,0.186,0,0.0712,0.0581,0.065,-0.326,0.348,0.306,0.383,0.314,0.265,0.225,172,144,134,73,0.302,0.280,0.296,0.277,0.241,0.158,140,133,119,51
0.074,0.442,0.430,-0.08,0.108,0,0.0665,0.0548,0.152,0.059,0.348,0.306,0.383,0.314,0.265,0.225,172,144,134,73,0.302,0.280,0.296,0.277,0.241,0.158,140,133,119,51
0.088,0.367,0.381,-1.14,0.131,0,0.0644,0.0545,0.249,0.987,0.348,0.306,0.383,0.314,0.265,0.225,172,144,134,73,0.302,0.280,0.296,0.277,0.241,0.158,140,133,119,51
0.089,0.307,0.372,0.85,0.046,0,0.0602,0.0520,0.301,0.06,0.348,0.306,0.383,0.314,0.265,0.225,172,144,134,73,0.302,0.280,0.296,0.277,0.241,0.158,140,133,119,51
0.093,0.310,0.340,0,0.000,0,0.0537,0.0460,0.254,0.166,0.348,0.306,0.383,0.314,0.265,0.225,172,144,134,73,0.302,0.280,0.296,0.277,0.241,0.158,140,133,119,51
0.099,0.279,0.323,2.1,0.128,0,0.0503,0.0441,0.100,0.02,0.348,0.306,0.383,0.314,0.265,0.225,172,144,134,73,0.302,0.280,0.296,0.277,0.241,0.158,140,133,119,51
0.111,0.369,0.266,-0.52,0.062,0,0.0459,0.0413,0.215,0.341,0.348,0.306,0.383,0.314,0.265,0.225,172,144,134,73,0.302,0.280,0.296,0.277,0.241,0.158,140,133,119,51
0.111,0.397,0.616,-0.52,0.062,0,0.0386,0.0372,0.225,0.341,0.348,0.306,0.383,0.314,0.265,0.225,172,144,134,73,0.302,0.280,0.296,0.277,0.241,0.158,140,133,119,51
0.117,0.496,0.644,1.37,0.298,0,0.0346,0.0354,0.180,-0.510,0.348,0.306,0.383,0.314,0.265,0.225,172,144,134,73,0.302,0.280,0.296,0.277,0.241,0.158,140,133,119,51
0.120,0.388,0.414,-0.08,0.108,0,0.0314,0.0343,0.210,0.059,0.348,0.306,0.383,0.314,0.265,0.225,172,144,134,73,0.302,0.280,0.296,0.277,0.241,0.158,140,133,119,51
0.098,0.367,0.177,1.69,0.290,0,0.0348,0.0373,0.070,-0.697,0.348,0.306,0.383,0.314,0.265,0.225,172,144,134,73,0.302,0.280,0.296,0.277,0.241,0.158,140,133,119,51
0.080,0.273,0.607,-1.14,0.131,0,0.0401,0.0410,0.149,0.987,0.348,0.306,0.383,0.314,0.265,0.225,172,144,134,73,0.302,0.280,0.296,0.277,0.241,0.158,140,133,119,51
0.088,0.289,0.763,-0.42,0.180,0,0.0362,0.0380,0.205,0.318,0.348,0.306,0.383,0.314,0.265,0.225,172,144,134,73,0.302,0.280,0.296,0.277,0.241,0.158,140,133,119,51
0.091,0.198,0.590,3.14,0.186,0,0.0301,0.0329,0.091,-0.486,0.348,0.306,0.383,0.314,0.265,0.225,172,144,134,73,0.302,0.280,0.296,0.277,0.241,0.158,140,133,119,51
0.074,0.213,0.651,1.99,0.186,0,0.0249,0.0279,0.082,-0.326,0.348,0.306,0.383,0.314,0.265,0.225,172,144,134,73,0.302,0.280,0.296,0.277,0.241,0.158,140,133,119,51
0.075,0.240,0.943,0,0.000,0,0.0211,0.0240,0.098,0.166,0.348,0.306,0.383,0.314,0.265,0.225,172,144,134,73,0.302,0.280,0.296,0.277,0.241,0.158,140,133,119,51
0.074,0.183,0.747,2.53,0.140,0,0.0163,0.0196,0.075,-0.121,0.348,0.306,0.383,0.314,0.265,0.225,172,144,134,73,0.302,0.280,0.296,0.277,0.241,0.158,140,133,119,51
0.073,0.200,0.660,0.85,0.046,0,0.0119,0.0156,0.091,0.06,0.348,0.306,0.383,0.314,0.265,0.225,172,144,134,73,0.302,0.280,0.296,0.277,0.241,0.158,140,133,119,51
0.087,0.175,0.646,1.99,0.186,0,0.0126,0.0161,0.077,-0.326,0.348,0.306,0.383,0.314,0.265,0.225,172,144,134,73,0.302,0.280,0.296,0.277,0.241,0.158,140,133,119,51
0.097,0.217,0.035,0.85,0.046,0,0.0155,0.0181,0.091,0.06,0.348,0.306,0.383,0.314,0.265,0.225,172,144,134,73,0.302,0.280,0.296,0.277,0.241,0.158,140,133,119,51
0.097,0.277,0.161,-0.48,0.134,0,0.0204,0.0225,0.202,0.007,0.348,0.306,0.383,0.314,0.265,0.225,172,144,134,73,0.302,0.280,0.296,0.277,0.241,0.158,140,133,119,51
0.119,0.227,0.048,-0.79,0.151,-1,0.0220,0.0237,0.148,0.736,0.348,0.306,0.383,0.314,0.265,0.225,172,144,134,73,0.302,0.280,0.296,0.277,0.241,0.158,140,133,119,51
0.121,0.219,0.036,1.42,0.221,0,0.0240,0.0249,0.054,-0.397,0.348,0.306,0.383,0.314,0.265,0.225,172,144,134,73,0.302,0.280,0.296,0.277,0.241,0.158,140,133,119,51
0.101,0.191,0.026,1.99,0.186,0,0.0284,0.0274,0.113,-0.326,0.348,0.306,0.383,0.314,0.265,0.225,172,144,134,73,0.302,0.280,0.296,0.277,0.241,0.158,140,133,119,51
0.105,0.295,0.308,1.69,0.290,0,0.0340,0.0306,0.172,-0.697,0.348,0.306,0.383,0.314,0.265,0.225,172,144,134,73,0.302,0.280,0.296,0.277,0.241,0.158,140,133,119,51
0.108,0.268,0.203,2.1,0.128,0,0.0411,0.0364,0.111,0.02,0.348,0.306,0.383,0.314,0.265,0.225,172,144,134,73,0.302,0.280,0.296,0.277,0.241,0.158,140,133,119,51
0.112,0.289,0.127,0,0.000,0,0.0483,0.0426,0.181,0.166,0.348,0.306,0.383,0.314,0.265,0.225,172,144,134,73,0.302,0.280,0.296,0.277,0.241,0.158,140,133,119,51
0.116,0.730,0.419,0.2,0.291,1,0.0555,0.0502,0.296,0.180,0.348,0.306,0.383,0.314,0.265,0.225,172,144,134,73,0.302,0.280,0.296,0.277,0.241,0.158,140,133,119,51
0.118,0.696,0.521,-1.19,0.219,1,0.0572,0.0519,0.349,0.586,0.348,0.306,0.383,0.314,0.265,0.225,172,144,134,73,0.302,0.280,0.296,0.277,0.241,0.158,140,133,119,51
0.118,0.414,0.333,1.99,0.186,0,0.0555,0.0506,0.109,-0.326,0.348,0.306,0.383,0.314,0.265,0.225,172,144,134,73,0.302,0.280,0.296,0.277,0.241,0.158,140,133,119,51
0.117,0.719,0.412,-0.08,0.108,0,0.0503,0.0471,0.208,0.059,0.348,0.306,0.383,0.314,0.265,0.225,172,144,134,73,0.302,0.280,0.296,0.277,0.241,0.158,140,133,119,51
0.145,0.698,0.143,0.85,0.046,0,0.0485,0.0482,0.143,0.06,0.348,0.306,0.383,0.314,0.265,0.225,172,144,134,73,0.302,0.280,0.296,0.277,0.241,0.158,140,133,119,51
0.170,0.764,0.250,-0.42,0.180,0,0.0468,0.0490,0.287,0.318,0.348,0.306,0.383,0.314,0.265,0.225,172,144,134,73,0.302,0.280,0.296,0.277,0.241,0.158,140,133,119,51
0.164,0.343,0.145,-0.79,0.151,-1,0.0474,0.0517,0.278,0.736,0.348,0.306,0.383,0.314,0.265,0.225,172,144,134,73,0.302,0.280,0.296,0.277,0.241,0.158,140,133,119,51
0.137,0.320,0.004,0.85,0.046,0,0.0450,0.0516,0.144,0.06,0.348,0.306,0.383,0.314,0.265,0.225,172,144,134,73,0.302,0.280,0.296,0.277,0.241,0.158,140,133,119,51
0.115,0.314,0.069,2.1,0.128,0,0.0461,0.0554,0.118,0.02,0.348,0.306,0.383,0.314,0.265,0.225,172,144,134,73,0.302,0.280,0.296,0.277,0.241,0.158,140,133,119,51
0.107,0.431,0.032,-0.52,0.062,0,0.0523,0.0644,0.302,0.341,0.348,0.306,0.383,0.314,0.265,0.225,172,144,134,73,0.302,0.280,0.296,0.277,0.241,0.158,140,133,119,51
0.099,0.771,0.143,0.2,0.291,1,0.0620,0.0770,0.354,0.180,0.348,0.306,0.383,0.314,0.265,0.225,172,144,134,73,0.302,0.280,0.296,0.277,0.241,0.158,140,133,119,51
0.091,0.463,0.088,0,0.000,0,0.0674,0.0843,0.206,0.166,0.348,0.306,0.383,0.314,0.265,0.225,172,144,134,73,0.302,0.280,0.296,0.277,0.241,0.158,140,133,119,51
0.059,0.425,0.055,1.99,0.186,0,0.0699,0.0895,0.135,-0.326,0.348,0.306,0.383,0.314,0.265,0.225,172,144,134,73,0.302,0.280,0.296,0.277,0.241,0.158,140,133,119,51
0.063,0.357,0.034,2.53,0.140,0,0.0699,0.0923,0.120,-0.121,0.348,0.306,0.383,0.314,0.265,0.225,172,144,134,73,0.302,0.280,0.296,0.277,0.241,0.158,140,133,119,51
0.064,0.419,0.576,-0.52,0.062,0,0.0670,0.0910,0.160,0.341,0.348,0.306,0.383,0.314,0.265,0.225,172,144,134,73,0.302,0.280,0.296,0.277,0.241,0.158,140,133,119,51
0.051,0.400,0.279,-0.42,0.180,0,0.0601,0.0849,0.181,0.318,0.348,0.306,0.383,0.314,0.265,0.225,172,144,134,73,0.302,0.280,0.296,0.277,0.241,0.158,140,133,119,51
0.053,0.310,0.068,2.53,0.140,0,0.0510,0.0753,0.087,-0.121,0.348,0.306,0.383,0.314,0.265,0.225,172,144,134,73,0.302,0.280,0.296,0.277,0.241,0.158,140,133,119,51
0.069,0.281,0.018,1.69,0.290,0,0.0422,0.0656,0.095,-0.697,0.348,0.306,0.383,0.314,0.265,0.225,172,144,134,73,0.302,0.280,0.296,0.277,0.241,0.158,140,133,119,51
0.068,0.373,0.002,1.76,0.409,0,0.0410,0.0646,0.140,-0.884,0.348,0.306,0.383,0.314,0.265,0.225,172,144,134,73,0.302,0.280,0.296,0.277,0.241,0.158,140,133,119,51
0.069,0.294,0.004,-1.14,0.131,0,0.0410,0.0623,0.164,0.987,0.348,0.306,0.383,0.314,0.265,0.225,172,144,134,73,0.302,0.280,0.296,0.277,0.241,0.158,140,133,119,51
0.065,0.329,0.007,-0.08,0.108,0,0.0394,0.0577,0.200,0.059,0.348,0.306,0.383,0.314,0.265,0.225,172,144,134,73,0.302,0.280,0.296,0.277,0.241,0.158,140,133,119,51
0.079,0.351,0.001,-0.08,0.108,0,0.0330,0.0497,0.297,0.059,0.348,0.306,0.383,0.314,0.265,0.225,172,144,134,73,0.302,0.280,0.296,0.277,0.241,0.158,140,133,119,51
0.062,0.267,0.000,1.69,0.290,0,0.0353,0.0534,0.156,-0.697,0.348,0.306,0.383,0.314,0.265,0.225,172,144,134,73,0.302,0.280,0.296,0.277,0.241,0.158,140,133,119,51
0.065,0.254,0.037,-0.52,0.062,0,0.0426,0.0629,0.166,0.341,0.348,0.306,0.383,0.314,0.265,0.225,172,144,134,73,0.302,0.280,0.296,0.277,0.241,0.158,140,133,119,51
0.065,0.277,0.000,-0.42,0.180,0,0.0549,0.0779,0.360,0.318,0.348,0.306,0.383,0.314,0.265,0.225,172,144,134,73,0.302,0.280,0.296,0.277,0.241,0.158,140,133,119,51
0.065,0.205,0.004,-0.79,0.151,-1,0.0591,0.0844,0.285,0.736,0.348,0.306,0.383,0.314,0.265,0.225,172,144,134,73,0.302,0.280,0.296,0.277,0.241,0.158,140,133,119,51
0.070,0.165,0.001,2.53,0.140,0,0.0604,0.0875,0.042,-0.121,0.348,0.306,0.383,0.314,0.265,0.225,172,144,134,73,0.302,0.280,0.296,0.277,0.241,0.158,140,133,119,51
0.074,0.155,0.037,1.42,0.221,0,0.0585,0.0866,0.138,-0.397,0.348,0.306,0.383,0.314,0.265,0.225,172,144,134,73,0.302,0.280,0.296,0.277,0.241,0.158,140,133,119,51
0.091,0.149,0.001,1.99,0.186,0,0.0605,0.0885,0.167,-0.326,0.348,0.306,0.383,0.314,0.265,0.225,172,144,134,73,0.302,0.280,0.296,0.277,0.241,0.158,140,133,119,51
0.131,0.244,0.048,0.2,0.291,1,0.0604,0.0856,0.197,0.180,0.348,0.306,0.383,0.314,0.265,0.225,172,144,134,73,0.302,0.280,0.296,0.277,0.241,0.158,140,133,119,51
0.137,0.133,0.001,2.53,0.140,0,0.0620,0.0844,0.040,-0.121,0.348,0.306,0.383,0.314,0.265,0.225,172,144,134,73,0.302,0.280,0.296,0.277,0.241,0.158,140,133,119,51
0.143,0.207,0.084,-1.19,0.219,1,0.0619,0.0812,0.327,0.586,0.348,0.306,0.383,0.314,0.265,0.225,172,144,134,73,0.302,0.280,0.296,0.277,0.241,0.158,140,133,119,51
0.123,0.166,0.001,-0.79,0.151,-1,0.0606,0.0772,0.317,0.736,0.348,0.306,0.383,0.314,0.265,0.225,172,144,134,73,0.302,0.280,0.296,0.277,0.241,0.158,140,133,119,51
0.122,0.208,0.023,1.42,0.221,0,0.0581,0.0717,0.098,-0.397,0.348,0.306,0.383,0.314,0.265,0.225,172,144,134,73,0.302,0.280,0.296,0.277,0.241,0.158,140,133,119,51
0.122,0.279,0.002,0.85,0.046,0,0.0542,0.0658,0.158,0.06,0.348,0.306,0.383,0.314,0.265,0.225,172,144,134,73,0.302,0.280,0.296,0.277,0.241,0.158,140,133,119,51
0.155,0.325,0.100,-0.52,0.062,0,0.0488,0.0599,0.333,0.341,0.348,0.306,0.383,0.314,0.265,0.225,172,144,134,73,0.302,0.280,0.296,0.277,0.241,0.158,140,133,119,51
0.193,0.219,0.144,2.1,0.128,0,0.0470,0.0592,0.096,0.02,0.348,0.306,0.383,0.314,0.265,0.225,172,144,134,73,0.302,0.280,0.296,0.277,0.241,0.158,140,133,119,51
0.192,0.243,0.349,-0.52,0.062,0,0.0466,0.0593,0.140,0.341,0.348,0.306,0.383,0.314,0.265,0.225,172,144,134,73,0.302,0.280,0.296,0.277,0.241,0.158,140,133,119,51
0.185,0.151,0.449,0.85,0.046,0,0.0440,0.0569,0.153,0.06,0.348,0.306,0.383,0.314,0.265,0.225,172,144,134,73,0.302,0.280,0.296,0.277,0.241,0.158,140,133,119,51
0.192,0.138,0.432,2.53,0.140,0,0.0355,0.0479,0.123,-0.121,0.348,0.306,0.383,0.314,0.265,0.225,172,144,134,73,0.302,0.280,0.296,0.277,0.241,0.158,140,133,119,51
0.195,0.189,0.258,2.53,0.140,0,0.0270,0.0389,0.115,-0.121,0.348,0.306,0.383,0.314,0.265,0.225,172,144,134,73,0.302,0.280,0.296,0.277,0.241,0.158,140,133,119,51
0.163,0.188,0.499,1.99,0.186,0,0.0230,0.0345,0.098,-0.326,0.348,0.306,0.383,0.314,0.265,0.225,172,144,134,73,0.302,0.280,0.296,0.277,0.241,0.158,140,133,119,51
0.131,0.310,0.316,-0.79,0.151,-1,0.0242,0.0349,0.291,0.736,0.348,0.306,0.383,0.314,0.265,0.225,172,144,134,73,0.302,0.280,0.296,0.277,0.241,0.158,140,133,119,51
0.196,0.336,0.039,-0.79,0.151,-1,0.0238,0.0336,0.268,0.736,0.348,0.306,0.383,0.314,0.265,0.225,172,144,134,73,0.302,0.280,0.296,0.277,0.241,0.158,140,133,119,51
0.197,0.374,0.260,-0.52,0.062,0,0.0195,0.0289,0.079,0.341,0.348,0.306,0.383,0.314,0.265,0.225,172,144,134,73,0.302,0.280,0.296,0.277,0.241,0.158,140,133,119,51
0.196,0.699,0.594,-1.19,0.219,1,0.0105,0.0196,0.294,0.586,0.348,0.306,0.383,0.314,0.265,0.225,172,144,134,73,0.302,0.280,0.296,0.277,0.241,0.158,140,133,119,51
0.187,0.396,0.252,2.1,0.128,0,0.0094,0.0162,0.146,0.02,0.348,0.306,0.383,0.314,0.265,0.225,172,144,134,73,0.302,0.280,0.296,0.277,0.241,0.158,140,133,119,51
0.150,0.308,0.123,1.99,0.186,0,0.0148,0.0193,0.097,-0.326,0.348,0.306,0.383,0.314,0.265,0.225,172,144,134,73,0.302,0.280,0.296,0.277,0.241,0.158,140,133,119,51
0.137,0.289,0.279,2.53,0.140,0,0.0260,0.0286,0.039,-0.121,0.348,0.306,0.383,0.314,0.265,0.225,172,144,134,73,0.302,0.280,0.296,0.277,0.241,0.158,140,133,119,51
0.137,0.750,0.502,0.2,0.291,1,0.0375,0.0393,0.236,0.180,0.348,0.306,0.383,0.314,0.265,0.225,172,144,134,73,0.302,0.280,0.296,0.277,0.241,0.158,140,133,119,51
0.116,0.388,0.260,-0.52,0.062,0,0.0468,0.0482,0.235,0.341,0.348,0.306,0.383,0.314,0.265,0.225,172,144,134,73,0.302,0.280,0.296,0.277,0.241,0.158,140,133,119,51
0.094,0.247,0.045,1.69,0.290,0,0.0499,0.0512,0.071,-0.697,0.348,0.306,0.383,0.314,0.265,0.225,172,144,134,73,0.302,0.280,0.296,0.277,0.241,0.158,140,133,119,51
0.118,0.168,0.007,1.99,0.186,0,0.0514,0.0530,0.054,-0.326,0.348,0.306,0.383,0.314,0.265,0.225,172,144,134,73,0.302,0.280,0.296,0.277,0.241,0.158,140,133,119,51
0.118,0.283,0.157,-1.19,0.219,1,0.0533,0.0561,0.380,0.586,0.348,0.306,0.383,0.314,0.265,0.225,172,144,134,73,0.302,0.280,0.296,0.277,0.241,0.158,140,133,119,51
0.148,0.256,0.003,-0.52,0.062,0,0.0526,0.0563,0.223,0.341,0.348,0.306,0.383,0.314,0.265,0.225,172,144,134,73,0.302,0.280,0.296,0.277,0.241,0.158,140,133,119,51
0.140,0.172,0.000,2.53,0.140,0,0.0469,0.0517,0.121,-0.121,0.348,0.306,0.383,0.314,0.265,0.225,172,144,134,73,0.302,0.280,0.296,0.277,0.241,0.158,140,133,119,51
0.118,0.151,0.001,1.99,0.186,0,0.0401,0.0456,0.124,-0.326,0.348,0.306,0.383,0.314,0.265,0.225,172,144,134,73,0.302,0.280,0.296,0.277,0.241,0.158,140,133,119,51
0.114,0.161,0.001,-0.79,0.151,-1,0.0347,0.0405,0.516,0.736,0.348,0.306,0.383,0.314,0.265,0.225,172,144,134,73,0.302,0.280,0.296,0.277,0.241,0.158,140,133,119,51
0.142,0.197,0.001,-1.1,0.105,-1,0.0288,0.0340,0.346,0.192,0.348,0.306,0.383,0.314,0.265,0.225,172,144,134,73,0.302,0.280,0.296,0.277,0.241,0.158,140,133,119,51
0.137,0.213,0.003,2.53,0.140,0,0.0275,0.0324,0.126,-0.121,0.348,0.306,0.383,0.314,0.265,0.225,172,144,134,73,0.302,0.280,0.296,0.277,0.241,0.158,140,133,119,51
0.132,0.266,0.064,-0.48,0.134,0,0.0325,0.0364,0.351,0.007,0.348,0.306,0.383,0.314,0.265,0.225,172,144,134,73,0.302,0.280,0.296,0.277,0.241,0.158,140,133,119,51
0.086,0.243,0.002,-0.79,0.151,-1,0.0436,0.0452,0.438,0.736,0.348,0.306,0.383,0.314,0.265,0.225,172,144,134,73,0.302,0.280,0.296,0.277,0.241,0.158,140,133,119,51
0.111,0.316,0.051,-1.19,0.219,1,0.0532,0.0528,0.412,0.586,0.348,0.306,0.383,0.314,0.265,0.225,172,144,134,73,0.302,0.280,0.296,0.277,0.241,0.158,140,133,119,51
0.117,0.206,0.007,-0.79,0.151,-1,0.0636,0.0610,0.127,0.736,0.348,0.306,0.383,0.314,0.265,0.225,172,144,134,73,0.302,0.280,0.296,0.277,0.241,0.158,140,133,119,51
0.099,0.193,0.031,2.1,0.128,0,0.0759,0.0694,0.090,0.02,0.348,0.306,0.383,0.314,0.265,0.225,172,144,134,73,0.302,0.280,0.296,0.277,0.241,0.158,140,133,119,51
0.117,0.197,0.001,1.99,0.186,0,0.0876,0.0783,0.233,-0.326,0.348,0.306,0.383,0.314,0.265,0.225,172,144,134,73,0.302,0.280,0.296,0.277,0.241,0.158,140,133,119,51
0.119,0.195,0.002,1.42,0.221,0,0.0975,0.0874,0.127,-0.397,0.348,0.306,0.383,0.314,0.265,0.225,172,144,134,73,0.302,0.280,0.296,0.277,0.241,0.158,140,133,119,51
0.119,0.230,0.025,1.99,0.186,0,0.1031,0.0941,0.043,-0.326,0.348,0.306,0.383,0.314,0.265,0.225,172,144,134,73,0.302,0.280,0.296,0.277,0.241,0.158,140,133,119,51
0.140,0.360,0.223,-1.19,0.219,1,0.1009,0.0937,0.259,0.586,0.348,0.306,0.383,0.314,0.265,0.225,172,144,134,73,0.302,0.280,0.296,0.277,0.241,0.158,140,133,119,51
0.153,0.403,0.073,-0.42,0.180,0,0.0875,0.0831,0.225,0.318,0.348,0.306,0.383,0.314,0.265,0.225,172,144,134,73,0.302,0.280,0.296,0.277,0.241,0.158,140,133,119,51
0.152,0.294,0.055,1.99,0.186,0,0.0695,0.0677,0.072,-0.326,0.348,0.306,0.383,0.314,0.265,0.225,172,144,134,73,0.302,0.280,0.296,0.277,0.241,0.158,140,133,119,51
0.149,0.415,0.223,1.76,0.409,0,0.0539,0.0557,0.096,-0.884,0.348,0.306,0.383,0.314,0.265,0.225,172,144,134,73,0.302,0.280,0.296,0.277,0.241,0.158,140,133,119,51
0.189,0.402,0.267,-0.52,0.062,0,0.0404,0.0458,0.231,0.341,0.348,0.306,0.383,0.314,0.265,0.225,172,144,134,73,0.302,0.280,0.296,0.277,0.241,0.158,140,133,119,51
0.138,0.366,0.326,-0.52,0.062,0,0.0287,0.0390,0.284,0.341,0.348,0.306,0.383,0.314,0.265,0.225,172,144,134,73,0.302,0.280,0.296,0.277,0.241,0.158,140,133,119,51
0.167,0.458,0.357,-0.52,0.062,0,0.0205,0.0324,0.297,0.341,0.348,0.306,0.383,0.314,0.265,0.225,172,144,134,73,0.302,0.280,0.296,0.277,0.241,0.158,140,133,119,51
0.158,0.752,0.349,-1.19,0.219,1,0.0192,0.0299,0.476,0.586,0.348,0.306,0.383,0.314,0.265,0.225,172,144,134,73,0.302,0.280,0.296,0.277,0.241,0.158,140,133,119,51
0.153,0.412,0.283,0,0.000,0,0.0206,0.0278,0.192,0.166,0.348,0.306,0.383,0.314,0.265,0.225,172,144,134,73,0.302,0.280,0.296,0.277,0.241,0.158,140,133,119,51
0.180,0.331,0.243,1.99,0.186,0,0.0249,0.0291,0.097,-0.326,0.348,0.306,0.383,0.314,0.265,0.225,172,144,134,73,0.302,0.280,0.296,0.277,0.241,0.158,140,133,119,51
0.176,0.353,0.507,-1.1,0.105,-1,0.0296,0.0324,0.315,0.192,0.348,0.306,0.383,0.314,0.265,0.225,172,144,134,73,0.302,0.280,0.296,0.277,0.241,0.158,140,133,119,51
0.129,0.368,0.378,-0.52,0.062,0,0.0334,0.0413,0.194,0.341,0.348,0.306,0.383,0.314,0.265,0.225,172,144,134,73,0.302,0.280,0.296,0.277,0.241,0.158,140,133,119,51
0.108,0.272,0.247,1.99,0.186,0,0.0323,0.0439,0.065,-0.326,0.348,0.306,0.383,0.314,0.265,0.225,172,144,134,73,0.302,0.280,0.296,0.277,0.241,0.158,140,133,119,51
0.109,0.297,0.186,1.69,0.290,0,0.0313,0.0513,0.083,-0.697,0.348,0.306,0.383,0.314,0.265,0.225,172,144,134,73,0.302,0.280,0.296,0.277,0.241,0.158,140,133,119,51
0.156,0.303,0.470,-0.52,0.062,0,0.0284,0.0685,0.325,0.341,0.348,0.306,0.383,0.314,0.265,0.225,172,144,134,73,0.302,0.280,0.296,0.277,0.241,0.158,140,133,119,51
0.147,0.406,0.753,1.37,0.298,0,0.0259,0.0931,0.193,-0.510,0.348,0.306,0.383,0.314,0.265,0.225,172,144,134,73,0.302,0.280,0.296,0.277,0.241,0.158,140,133,119,51
0.138,0.270,0.334,1.99,0.186,0,0.0231,0.1262,0.093,-0.326,0.348,0.306,0.383,0.314,0.265,0.225,172,144,134,73,0.302,0.280,0.296,0.277,0.241,0.158,140,133,119,51
0.128,0.306,0.397,-0.42,0.180,0,0.0199,0.1684,0.312,0.318,0.348,0.306,0.383,0.314,0.265,0.225,172,144,134,73,0.302,0.280,0.296,0.277,0.241,0.158,140,133,119,51
0.095,0.243,0.420,-1.1,0.105,-1,0.0168,0.2198,0.451,0.192,0.348,0.306,0.383,0.314,0.265,0.225,172,144,134,73,0.302,0.280,0.296,0.277,0.241,0.158,140,133,119,51
0.088,0.280,0.368,-1.19,0.219,1,0.0138,0.2798,0.339,0.586,0.348,0.306,0.383,0.314,0.265,0.225,172,144,134,73,0.302,0.280,0.296,0.277,0.241,0.158,140,133,119,51
0.085,0.179,0.023,3.14,0.186,0,0.0113,0.3477,0.178,-0.486,0.348,0.306,0.383,0.314,0.265,0.225,172,144,134,73,0.302,0.280,0.296,0.277,0.241,0.158,140,133,119,51
0.086,0.125,0.103,1.37,0.298,0,0.0094,0.4221,0.307,-0.510,0.348,0.306,0.383,0.314,0.265,0.225,172,144,134,73,0.302,0.280,0.296,0.277,0.241,0.158,140,133,119,51
0.074,0.117,0.055,-0.79,0.151,-1,0.0085,0.5008,0.523,0.736,0.348,0.306,0.383,0.314,0.265,0.225,172,144,134,73,0.302,0.280,0.296,0.277,0.241,0.158,140,133,119,51
0.069,0.111,0.115,2.53,0.140,0,0.0089,0.5813,0.570,-0.121,0.348,0.306,0.383,0.314,0.265,0.225,172,144,134,73,0.302,0.280,0.296,0.277,0.241,0.158,140,133,119,51
