0.176,0.219,0.472,1.42,0.221,0,0.5623,0.9417,0.754,-0.397,0.207,0.159,0.127,0.059,0.038,0.011,31,18,14,4,0.193,0.190,0.100,0.070,0.054,0.041,23,16,12,9
0.124,0.259,0.460,2.53,0.140,0,0.5356,0.8977,0.396,-0.121,0.207,0.159,0.127,0.059,0.038,0.011,31,18,14,4,0.193,0.190,0.100,0.070,0.054,0.041,23,16,12,9
0.117,0.690,0.389,-0.42,0.180,0,0.5177,0.8568,0.442,0.318,0.207,0.159,0.127,0.059,0.038,0.011,31,18,14,4,0.193,0.190,0.100,0.070,0.054,0.041,23,16,12,9
0.090,0.262,0.274,0.85,0.046,0,0.5055,0.8146,0.298,0.06,0.207,0.159,0.127,0.059,0.038,0.011,31,18,14,4,0.193,0.190,0.100,0.070,0.054,0.041,23,16,12,9
0.127,0.372,0.536,-0.52,0.062,0,0.4967,0.7690,0.256,0.341,0.207,0.159,0.127,0.059,0.038,0.011,31,18,14,4,0.193,0.190,0.100,0.070,0.054,0.041,23,16,12,9
0.124,0.329,0.427,1.42,0.221,0,0.4893,0.7192,0.275,-0.397,0.207,0.159,0.127,0.059,0.038,0.011,31,18,14,4,0.193,0.190,0.100,0.070,0.054,0.041,23,16,12,9
0.121,0.779,0.569,0.2,0.291,1,0.4819,0.6663,0.477,0.180,0.207,0.159,0.127,0.059,0.038,0.011,31,18,14,4,0.193,0.190,0.100,0.070,0.054,0.041,23,16,12,9
0.158,0.333,0.523,-0.52,0.062,0,0.4737,0.6121,0.279,0.341,0.207,0.159,0.127,0.059,0.038,0.011,31,18,14,4,0.193,0.190,0.100,0.070,0.054,0.041,23,16,12,9
0.158,0.324,0.505,-1.14,0.131,0,0.4638,0.5591,0.422,0.987,0.207,0.159,0.127,0.059,0.038,0.011,31,18,14,4,0.193,0.190,0.100,0.070,0.054,0.041,23,16,12,9
0.129,0.753,0.545,-0.48,0.134,0,0.4522,0.5100,0.444,0.007,0.207,0.159,0.127,0.059,0.038,0.011,31,18,14,4,0.193,0.190,0.100,0.070,0.054,0.041,23,16,12,9
0.125,0.283,0.539,1.42,0.221,0,0.4427,0.4707,0.217,-0.397,0.207,0.159,0.127,0.059,0.038,0.011,31,18,14,4,0.193,0.190,0.100,0.070,0.054,0.041,23,16,12,9
0.099,0.334,0.213,-0.79,0.151,-1,0.4314,0.4422,0.494,0.736,0.207,0.159,0.127,0.059,0.038,0.011,31,18,14,4,0.193,0.190,0.100,0.070,0.054,0.041,23,16,12,9
0.088,0.365,0.365,-0.08,0.108,0,0.4078,0.4202,0.390,0.059,0.207,0.159,0.127,0.059,0.038,0.011,31,18,14,4,0.193,0.190,0.100,0.070,0.054,0.041,23,16,12,9
0.087,0.276,0.446,1.69,0.290,0,0.3917,0.4043,0.142,-0.697,0.207,0.159,0.127,0.059,0.038,0.011,31,18,14,4,0.193,0.190,0.100,0.070,0.054,0.041,23,16,12,9
0.085,0.332,0.468,-1.19,0.219,1,0.3723,0.3922,0.416,0.586,0.207,0.159,0.127,0.059,0.038,0.011,31,18,14,4,0.193,0.190,0.100,0.070,0.054,0.041,23,16,12,9
0.082,0.262,0.196,-0.42,0.180,0,0.3660,0.3896,0.455,0.318,0.207,0.159,0.127,0.059,0.038,0.011,31,18,14,4,0.193,0.190,0.100,0.070,0.054,0.041,23,16,12,9
0.063,0.276,0.174,-0.42,0.180,0,0.3521,0.3803,0.377,0.318,0.207,0.159,0.127,0.059,0.038,0.011,31,18,14,4,0.193,0.190,0.100,0.070,0.054,0.041,23,16,12,9
0.049,0.351,0.143,-1.19,0.219,1,0.3350,0.3659,0.390,0.586,0.207,0.159,0.127,0.059,0.038,0.011,31,18,14,4,0.193,0.190,0.100,0.070,0.054,0.041,23,16,12,9
0.046,0.187,0.005,2.53,0.140,0,0.3285,0.3581,0.173,-0.121,0.207,0.159,0.127,0.059,0.038,0.011,31,18,14,4,0.193,0.190,0.100,0.070,0.054,0.041,23,16,12,9
0.049,0.231,0.038,-0.79,0.151,-1,0.3208,0.3508,0.427,0.736,0.207,0.159,0.127,0.059,0.038,0.011,31,18,14,4,0.193,0.190,0.100,0.070,0.054,0.041,23,16,12,9
0.062,0.265,0.034,-1.1,0.105,-1,0.3021,0.3390,0.322,0.192,0.207,0.159,0.127,0.059,0.038,0.011,31,18,14,4,0.193,0.190,0.100,0.070,0.054,0.041,23,16,12,9
0.061,0.242,0.142,1.69,0.290,0,0.2820,0.3244,0.083,-0.697,0.207,0.159,0.127,0.059,0.038,0.011,31,18,14,4,0.193,0.190,0.100,0.070,0.054,0.041,23,16,12,9
0.073,0.329,0.063,1.37,0.298,0,0.2589,0.3062,0.208,-0.510,0.207,0.159,0.127,0.059,0.038,0.011,31,18,14,4,0.193,0.190,0.100,0.070,0.054,0.041,23,16,12,9
0.063,0.275,0.084,-1.1,0.105,-1,0.2334,0.2871,0.357,0.192,0.207,0.159,0.127,0.059,0.038,0.011,31,18,14,4,0.193,0.190,0.100,0.070,0.054,0.041,23,16,12,9
0.077,0.248,0.088,3.14,0.186,0,0.2098,0.2687,0.130,-0.486,0.207,0.159,0.127,0.059,0.038,0.011,31,18,14,4,0.193,0.190,0.100,0.070,0.054,0.041,23,16,12,9
0.060,0.241,0.150,0,0.000,0,0.1827,0.2459,0.208,0.166,0.207,0.159,0.127,0.059,0.038,0.011,31,18,14,4,0.193,0.190,0.100,0.070,0.054,0.041,23,16,12,9
0.062,0.339,0.171,-0.79,0.151,-1,0.1590,0.2249,0.456,0.736,0.207,0.159,0.127,0.059,0.038,0.011,31,18,14,4,0.193,0.190,0.100,0.070,0.054,0.041,23,16,12,9
0.081,0.433,0.130,-0.79,0.151,-1,0.1260,0.1950,0.466,0.736,0.207,0.159,0.127,0.059,0.038,0.011,31,18,14,4,0.193,0.190,0.100,0.070,0.054,0.041,23,16,12,9
0.081,0.387,0.484,1.99,0.186,0,0.1117,0.1787,0.178,-0.326,0.207,0.159,0.127,0.059,0.038,0.011,31,18,14,4,0.193,0.190,0.100,0.070,0.054,0.041,23,16,12,9
0.083,0.709,0.754,0,0.000,0,0.1122,0.1768,0.308,0.166,0.207,0.159,0.127,0.059,0.038,0.011,31,18,14,4,0.193,0.190,0.100,0.070,0.054,0.041,23,16,12,9
0.107,0.730,0.813,-0.52,0.062,0,0.1389,0.1977,0.407,0.341,0.207,0.159,0.127,0.059,0.038,0.011,31,18,14,4,0.193,0.190,0.100,0.070,0.054,0.041,23,16,12,9
0.090,0.592,0.883,0,0.000,0,0.1695,0.2209,0.218,0.166,0.207,0.159,0.127,0.059,0.038,0.011,31,18,14,4,0.193,0.190,0.100,0.070,0.054,0.041,23,16,12,9
0.136,0.759,0.769,-0.42,0.180,0,0.1995,0.2457,0.147,0.318,0.207,0.159,0.127,0.059,0.038,0.011,31,18,14,4,0.193,0.190,0.100,0.070,0.054,0.041,23,16,12,9
0.160,0.830,0.780,1.69,0.290,0,0.2342,0.2718,0.129,-0.697,0.207,0.159,0.127,0.059,0.038,0.011,31,18,14,4,0.193,0.190,0.100,0.070,0.054,0.041,23,16,12,9
0.158,0.778,0.621,0.85,0.046,0,0.2564,0.2867,0.202,0.06,0.207,0.159,0.127,0.059,0.038,0.011,31,18,14,4,0.193,0.190,0.100,0.070,0.054,0.041,23,16,12,9
0.165,0.805,0.614,3.14,0.186,0,0.2749,0.2984,0.068,-0.486,0.207,0.159,0.127,0.059,0.038,0.011,31,18,14,4,0.193,0.190,0.100,0.070,0.054,0.041,23,16,12,9
0.161,0.811,0.443,2.53,0.140,0,0.2800,0.2998,0.056,-0.121,0.207,0.159,0.127,0.059,0.038,0.011,31,18,14,4,0.193,0.190,0.100,0.070,0.054,0.041,23,16,12,9
0.161,0.864,0.435,-1.19,0.219,1,0.2707,0.2896,0.316,0.586,0.207,0.159,0.127,0.059,0.038,0.011,31,18,14,4,0.193,0.190,0.100,0.070,0.054,0.041,23,16,12,9
0.175,0.860,0.462,-1.19,0.219,1,0.2456,0.2663,0.318,0.586,0.207,0.159,0.127,0.059,0.038,0.011,31,18,14,4,0.193,0.190,0.100,0.070,0.054,0.041,23,16,12,9
0.177,0.761,0.171,2.1,0.128,0,0.2045,0.2313,0.080,0.02,0.207,0.159,0.127,0.059,0.038,0.011,31,18,14,4,0.193,0.190,0.100,0.070,0.054,0.041,23,16,12,9
0.175,0.850,0.516,0.2,0.291,1,0.1632,0.1956,0.367,0.180,0.207,0.159,0.127,0.059,0.038,0.011,31,18,14,4,0.193,0.190,0.100,0.070,0.054,0.041,23,16,12,9
0.203,0.768,0.442,-0.79,0.151,-1,0.1374,0.1741,0.486,0.736,0.207,0.159,0.127,0.059,0.038,0.011,31,18,14,4,0.193,0.190,0.100,0.070,0.054,0.041,23,16,12,9
0.167,0.845,0.647,-1.19,0.219,1,0.1235,0.1630,0.448,0.586,0.207,0.159,0.127,0.059,0.038,0.011,31,18,14,4,0.193,0.190,0.100,0.070,0.054,0.041,23,16,12,9
0.168,0.851,0.343,-0.52,0.062,0,0.1204,0.1598,0.352,0.341,0.207,0.159,0.127,0.059,0.038,0.011,31,18,14,4,0.193,0.190,0.100,0.070,0.054,0.041,23,16,12,9
0.243,0.869,0.407,-0.08,0.108,0,0.1373,0.1731,0.400,0.059,0.207,0.159,0.127,0.059,0.038,0.011,31,18,14,4,0.193,0.190,0.100,0.070,0.054,0.041,23,16,12,9
0.289,0.789,0.224,0,0.000,0,0.1564,0.1887,0.213,0.166,0.207,0.159,0.127,0.059,0.038,0.011,31,18,14,4,0.193,0.190,0.100,0.070,0.054,0.041,23,16,12,9
0.304,0.810,0.225,1.99,0.186,0,0.1837,0.2109,0.193,-0.326,0.207,0.159,0.127,0.059,0.038,0.011,31,18,14,4,0.193,0.190,0.100,0.070,0.054,0.041,23,16,12,9
0.296,0.821,0.365,-0.79,0.151,-1,0.2149,0.2367,0.479,0.736,0.207,0.159,0.127,0.059,0.038,0.011,31,18,14,4,0.193,0.190,0.100,0.070,0.054,0.041,23,16,12,9
0.259,0.836,0.298,1.37,0.298,0,0.2646,0.2797,0.196,-0.510,0.207,0.159,0.127,0.059,0.038,0.011,31,18,14,4,0.193,0.190,0.100,0.070,0.054,0.041,23,16,12,9
0.222,0.774,0.350,0.85,0.046,0,0.2996,0.3105,0.042,0.06,0.207,0.159,0.127,0.059,0.038,0.011,31,18,14,4,0.193,0.190,0.100,0.070,0.054,0.041,23,16,12,9
0.218,0.759,0.044,0.85,0.046,0,0.3234,0.3311,0.185,0.06,0.207,0.159,0.127,0.059,0.038,0.011,31,18,14,4,0.193,0.190,0.100,0.070,0.054,0.041,23,16,12,9
0.220,0.845,0.530,-1.19,0.219,1,0.3149,0.3263,0.413,0.586,0.207,0.159,0.127,0.059,0.038,0.011,31,18,14,4,0.193,0.190,0.100,0.070,0.054,0.041,23,16,12,9
0.271,0.802,0.560,1.69,0.290,0,0.3006,0.3160,0.091,-0.697,0.207,0.159,0.127,0.059,0.038,0.011,31,18,14,4,0.193,0.190,0.100,0.070,0.054,0.041,23,16,12,9
0.233,0.742,0.386,3.14,0.186,0,0.2844,0.3066,0.084,-0.486,0.207,0.159,0.127,0.059,0.038,0.011,31,18,14,4,0.193,0.190,0.100,0.070,0.054,0.041,23,16,12,9
0.227,0.851,0.444,-1.19,0.219,1,0.2707,0.2975,0.478,0.586,0.207,0.159,0.127,0.059,0.038,0.011,31,18,14,4,0.193,0.190,0.100,0.070,0.054,0.041,23,16,12,9
0.237,0.857,0.664,-1.19,0.219,1,0.2557,0.2874,0.459,0.586,0.207,0.159,0.127,0.059,0.038,0.011,31,18,14,4,0.193,0.190,0.100,0.070,0.054,0.041,23,16,12,9
0.239,0.880,0.559,0.2,0.291,1,0.2457,0.2803,0.259,0.180,0.207,0.159,0.127,0.059,0.038,0.011,31,18,14,4,0.193,0.190,0.100,0.070,0.054,0.041,23,16,12,9
0.248,0.837,0.375,-0.42,0.180,0,0.2367,0.2711,0.358,0.318,0.207,0.159,0.127,0.059,0.038,0.011,31,18,14,4,0.193,0.190,0.100,0.070,0.054,0.041,23,16,12,9
0.248,0.838,0.431,-0.52,0.062,0,0.2437,0.2718,0.381,0.341,0.207,0.159,0.127,0.059,0.038,0.011,31,18,14,4,0.193,0.190,0.100,0.070,0.054,0.041,23,16,12,9
0.230,0.893,0.409,0.2,0.291,1,0.2736,0.2896,0.391,0.180,0.207,0.159,0.127,0.059,0.038,0.011,31,18,14,4,0.193,0.190,0.100,0.070,0.054,0.041,23,16,12,9
0.224,0.794,0.080,0.85,0.046,0,0.3136,0.3128,0.270,0.06,0.207,0.159,0.127,0.059,0.038,0.011,31,18,14,4,0.193,0.190,0.100,0.070,0.054,0.041,23,16,12,9
0.185,0.817,0.154,-0.52,0.062,0,0.3505,0.3328,0.418,0.341,0.207,0.159,0.127,0.059,0.038,0.011,31,18,14,4,0.193,0.190,0.100,0.070,0.054,0.041,23,16,12,9
0.157,0.865,0.431,0.2,0.291,1,0.3851,0.3485,0.426,0.180,0.207,0.159,0.127,0.059,0.038,0.011,31,18,14,4,0.193,0.190,0.100,0.070,0.054,0.041,23,16,12,9
0.155,0.877,0.414,0.2,0.291,1,0.4110,0.3571,0.378,0.180,0.207,0.159,0.127,0.059,0.038,0.011,31,18,14,4,0.193,0.190,0.100,0.070,0.054,0.041,23,16,12,9
0.159,0.805,0.068,0,0.000,0,0.4167,0.3499,0.349,0.166,0.207,0.159,0.127,0.059,0.038,0.011,31,18,14,4,0.193,0.190,0.100,0.070,0.054,0.041,23,16,12,9
0.135,0.784,0.002,2.53,0.140,0,0.4049,0.3293,0.207,-0.121,0.207,0.159,0.127,0.059,0.038,0.011,31,18,14,4,0.193,0.190,0.100,0.070,0.054,0.041,23,16,12,9
0.107,0.760,0.003,2.1,0.128,0,0.3814,0.3027,0.130,0.02,0.207,0.159,0.127,0.059,0.038,0.011,31,18,14,4,0.193,0.190,0.100,0.070,0.054,0.041,23,16,12,9
0.102,0.803,0.212,0.2,0.291,1,0.3491,0.2699,0.353,0.180,0.207,0.159,0.127,0.059,0.038,0.011,31,18,14,4,0.193,0.190,0.100,0.070,0.054,0.041,23,16,12,9
0.110,0.688,0.019,-0.79,0.151,-1,0.3199,0.2397,0.456,0.736,0.207,0.159,0.127,0.059,0.038,0.011,31,18,14,4,0.193,0.190,0.100,0.070,0.054,0.041,23,16,12,9
0.101,0.265,0.014,-0.79,0.151,-1,0.2715,0.1973,0.265,0.736,0.207,0.159,0.127,0.059,0.038,0.011,31,18,14,4,0.193,0.190,0.100,0.070,0.054,0.041,23,16,12,9
0.097,0.231,0.003,3.14,0.186,0,0.2356,0.1653,0.089,-0.486,0.207,0.159,0.127,0.059,0.038,0.011,31,18,14,4,0.193,0.190,0.100,0.070,0.054,0.041,23,16,12,9
0.096,0.336,0.166,-0.79,0.151,-1,0.2101,0.1418,0.433,0.736,0.207,0.159,0.127,0.059,0.038,0.011,31,18,14,4,0.193,0.190,0.100,0.070,0.054,0.041,23,16,12,9
0.098,0.689,0.408,0.2,0.291,1,0.2028,0.1302,0.425,0.180,0.207,0.159,0.127,0.059,0.038,0.011,31,18,14,4,0.193,0.190,0.100,0.070,0.054,0.041,23,16,12,9
0.090,0.384,0.246,-0.79,0.151,-1,0.1928,0.1198,0.180,0.736,0.207,0.159,0.127,0.059,0.038,0.011,31,18,14,4,0.193,0.190,0.100,0.070,0.054,0.041,23,16,12,9
0.073,0.401,0.070,2.53,0.140,0,0.1895,0.1131,0.074,-0.121,0.207,0.159,0.127,0.059,0.038,0.011,31,18,14,4,0.193,0.190,0.100,0.070,0.054,0.041,23,16,12,9
0.069,0.681,0.173,-0.52,0.062,0,0.1808,0.1004,0.375,0.341,0.207,0.159,0.127,0.059,0.038,0.011,31,18,14,4,0.193,0.190,0.100,0.070,0.054,0.041,23,16,12,9
0.068,0.405,0.010,3.14,0.186,0,0.1727,0.0877,0.177,-0.486,0.207,0.159,0.127,0.059,0.038,0.011,31,18,14,4,0.193,0.190,0.100,0.070,0.054,0.041,23,16,12,9
0.062,0.413,0.078,1.99,0.186,0,0.1644,0.0786,0.084,-0.326,0.207,0.159,0.127,0.059,0.038,0.011,31,18,14,4,0.193,0.190,0.100,0.070,0.054,0.041,23,16,12,9
0.059,0.776,0.338,0.2,0.291,1,0.1564,0.0717,0.306,0.180,0.207,0.159,0.127,0.059,0.038,0.011,31,18,14,4,0.193,0.190,0.100,0.070,0.054,0.041,23,16,12,9
0.079,0.755,0.134,-0.42,0.180,0,0.1350,0.0582,0.435,0.318,0.207,0.159,0.127,0.059,0.038,0.011,31,18,14,4,0.193,0.190,0.100,0.070,0.054,0.041,23,16,12,9
0.094,0.458,0.017,2.53,0.140,0,0.1101,0.0443,0.159,-0.121,0.207,0.159,0.127,0.059,0.038,0.011,31,18,14,4,0.193,0.190,0.100,0.070,0.054,0.041,23,16,12,9
0.096,0.446,0.194,1.99,0.186,0,0.0962,0.0387,0.167,-0.326,0.207,0.159,0.127,0.059,0.038,0.011,31,18,14,4,0.193,0.190,0.100,0.070,0.054,0.041,23,16,12,9
0.106,0.711,0.368,0.22,0.230,0,0.0992,0.0429,0.272,0.303,0.207,0.159,0.127,0.059,0.038,0.011,31,18,14,4,0.193,0.190,0.100,0.070,0.054,0.041,23,16,12,9
0.082,0.489,0.355,-1.14,0.131,0,0.1102,0.0503,0.321,0.987,0.207,0.159,0.127,0.059,0.038,0.011,31,18,14,4,0.193,0.190,0.100,0.070,0.054,0.041,23,16,12,9
0.086,0.779,0.345,-0.48,0.134,0,0.1204,0.0554,0.273,0.007,0.207,0.159,0.127,0.059,0.038,0.011,31,18,14,4,0.193,0.190,0.100,0.070,0.054,0.041,23,16,12,9
0.089,0.477,0.140,3.14,0.186,0,0.1336,0.0617,0.152,-0.486,0.207,0.159,0.127,0.059,0.038,0.011,31,18,14,4,0.193,0.190,0.100,0.070,0.054,0.041,23,16,12,9
0.080,0.500,0.081,3.14,0.186,0,0.1518,0.0701,0.115,-0.486,0.207,0.159,0.127,0.059,0.038,0.011,31,18,14,4,0.193,0.190,0.100,0.070,0.054,0.041,23,16,12,9
0.079,0.587,0.348,-0.08,0.108,0,0.1604,0.0719,0.207,0.059,0.207,0.159,0.127,0.059,0.038,0.011,31,18,14,4,0.193,0.190,0.100,0.070,0.054,0.041,23,16,12,9
0.079,0.598,0.204,1.99,0.186,0,0.1664,0.0729,0.059,-0.326,0.207,0.159,0.127,0.059,0.038,0.011,31,18,14,4,0.193,0.190,0.100,0.070,0.054,0.041,23,16,12,9
0.076,0.643,0.285,0.22,0.230,0,0.1605,0.0687,0.201,0.303,0.207,0.159,0.127,0.059,0.038,0.011,31,18,14,4,0.193,0.190,0.100,0.070,0.054,0.041,23,16,12,9
0.079,0.613,0.303,-1.1,0.105,-1,0.1472,0.0613,0.268,0.192,0.207,0.159,0.127,0.059,0.038,0.011,31,18,14,4,0.193,0.190,0.100,0.070,0.054,0.041,23,16,12,9
0.077,0.502,0.201,2.53,0.140,0,0.1145,0.0455,0.147,-0.121,0.207,0.159,0.127,0.059,0.038,0.011,31,18,14,4,0.193,0.190,0.100,0.070,0.054,0.041,23,16,12,9
0.077,0.591,0.362,1.37,0.298,0,0.0845,0.0309,0.194,-0.510,0.207,0.159,0.127,0.059,0.038,0.011,31,18,14,4,0.193,0.190,0.100,0.070,0.054,0.041,23,16,12,9
0.057,0.476,0.315,-0.79,0.151,-1,0.0647,0.0222,0.387,0.736,0.207,0.159,0.127,0.059,0.038,0.011,31,18,14,4,0.193,0.190,0.100,0.070,0.054,0.041,23,16,12,9
0.060,0.705,0.309,-0.48,0.134,0,0.0548,0.0178,0.392,0.007,0.207,0.159,0.127,0.059,0.038,0.011,31,18,14,4,0.193,0.190,0.100,0.070,0.054,0.041,23,16,12,9
0.071,0.643,0.367,0.2,0.291,1,0.0523,0.0176,0.355,0.180,0.207,0.159,0.127,0.059,0.038,0.011,31,18,14,4,0.193,0.190,0.100,0.070,0.054,0.041,23,16,12,9
0.077,0.530,0.171,-0.08,0.108,0,0.0640,0.0256,0.291,0.059,0.207,0.159,0.127,0.059,0.038,0.011,31,18,14,4,0.193,0.190,0.100,0.070,0.054,0.041,23,16,12,9
0.081,0.545,0.303,-1.1,0.105,-1,0.0750,0.0335,0.174,0.192,0.207,0.159,0.127,0.059,0.038,0.011,31,18,14,4,0.193,0.190,0.100,0.070,0.054,0.041,23,16,12,9
0.087,0.435,0.021,2.53,0.140,0,0.0791,0.0376,0.032,-0.121,0.207,0.159,0.127,0.059,0.038,0.011,31,18,14,4,0.193,0.190,0.100,0.070,0.054,0.041,23,16,12,9
0.071,0.453,0.238,2.53,0.140,0,0.0790,0.0397,0.094,-0.121,0.207,0.159,0.127,0.059,0.038,0.011,31,18,14,4,0.193,0.190,0.100,0.070,0.054,0.041,23,16,12,9
0.065,0.405,0.013,1.99,0.186,0,0.0791,0.0413,0.056,-0.326,0.207,0.159,0.127,0.059,0.038,0.011,31,18,14,4,0.193,0.190,0.100,0.070,0.054,0.041,23,16,12,9
0.055,0.366,0.101,3.14,0.186,0,0.0746,0.0397,0.034,-0.486,0.207,0.159,0.127,0.059,0.038,0.011,31,18,14,4,0.193,0.190,0.100,0.070,0.054,0.041,23,16,12,9
0.053,0.364,0.104,1.99,0.186,0,0.0663,0.0363,0.039,-0.326,0.207,0.159,0.127,0.059,0.038,0.011,31,18,14,4,0.193,0.190,0.100,0.070,0.054,0.041,23,16,12,9
0.049,0.499,0.365,-0.79,0.151,-1,0.0515,0.0296,0.146,0.736,0.207,0.159,0.127,0.059,0.038,0.011,31,18,14,4,0.193,0.190,0.100,0.070,0.054,0.041,23,16,12,9
0.060,0.447,0.396,1.99,0.186,0,0.0374,0.0230,0.080,-0.326,0.207,0.159,0.127,0.059,0.038,0.011,31,18,14,4,0.193,0.190,0.100,0.070,0.054,0.041,23,16,12,9
0.072,0.448,0.122,2.53,0.140,0,0.0229,0.0134,0.084,-0.121,0.207,0.159,0.127,0.059,0.038,0.011,31,18,14,4,0.193,0.190,0.100,0.070,0.054,0.041,23,16,12,9
0.067,0.539,0.333,-0.52,0.062,0,0.0159,0.0087,0.324,0.341,0.207,0.159,0.127,0.059,0.038,0.011,31,18,14,4,0.193,0.190,0.100,0.070,0.054,0.041,23,16,12,9
0.089,0.530,0.450,0,0.000,0,0.0160,0.0087,0.322,0.166,0.207,0.159,0.127,0.059,0.038,0.011,31,18,14,4,0.193,0.190,0.100,0.070,0.054,0.041,23,16,12,9
0.075,0.565,0.411,0,0.000,0,0.0208,0.0112,0.295,0.166,0.207,0.159,0.127,0.059,0.038,0.011,31,18,14,4,0.193,0.190,0.100,0.070,0.054,0.041,23,16,12,9
0.079,0.453,0.348,-0.79,0.151,-1,0.0194,0.0113,0.341,0.736,0.207,0.159,0.127,0.059,0.038,0.011,31,18,14,4,0.193,0.190,0.100,0.070,0.054,0.041,23,16,12,9
0.078,0.383,0.079,1.99,0.186,0,0.0344,0.0238,0.107,-0.326,0.207,0.159,0.127,0.059,0.038,0.011,31,18,14,4,0.193,0.190,0.100,0.070,0.054,0.041,23,16,12,9
0.083,0.417,0.395,1.69,0.290,0,0.0713,0.0537,0.131,-0.697,0.207,0.159,0.127,0.059,0.038,0.011,31,18,14,4,0.193,0.190,0.100,0.070,0.054,0.041,23,16,12,9
0.069,0.329,0.235,-1.1,0.105,-1,0.1179,0.0941,0.321,0.192,0.207,0.159,0.127,0.059,0.038,0.011,31,18,14,4,0.193,0.190,0.100,0.070,0.054,0.041,23,16,12,9
0.056,0.334,0.149,1.69,0.290,0,0.1578,0.1285,0.134,-0.697,0.207,0.159,0.127,0.059,0.038,0.011,31,18,14,4,0.193,0.190,0.100,0.070,0.054,0.041,23,16,12,9
0.056,0.261,0.008,1.99,0.186,0,0.1853,0.1526,0.133,-0.326,0.207,0.159,0.127,0.059,0.038,0.011,31,18,14,4,0.193,0.190,0.100,0.070,0.054,0.041,23,16,12,9
0.056,0.230,0.091,0.85,0.046,0,0.2112,0.1764,0.254,0.06,0.207,0.159,0.127,0.059,0.038,0.011,31,18,14,4,0.193,0.190,0.100,0.070,0.054,0.041,23,16,12,9
0.053,0.311,0.165,-0.42,0.180,0,0.2233,0.1898,0.450,0.318,0.207,0.159,0.127,0.059,0.038,0.011,31,18,14,4,0.193,0.190,0.100,0.070,0.054,0.041,23,16,12,9
0.053,0.237,0.138,-1.19,0.219,1,0.2120,0.1832,0.346,0.586,0.207,0.159,0.127,0.059,0.038,0.011,31,18,14,4,0.193,0.190,0.100,0.070,0.054,0.041,23,16,12,9
0.042,0.217,0.051,-0.79,0.151,-1,0.1925,0.1693,0.442,0.736,0.207,0.159,0.127,0.059,0.038,0.011,31,18,14,4,0.193,0.190,0.100,0.070,0.054,0.041,23,16,12,9
0.040,0.266,0.395,-0.52,0.062,0,0.1652,0.1488,0.473,0.341,0.207,0.159,0.127,0.059,0.038,0.011,31,18,14,4,0.193,0.190,0.100,0.070,0.054,0.041,23,16,12,9
0.063,0.219,0.241,1.99,0.186,0,0.1450,0.1331,0.216,-0.326,0.207,0.159,0.127,0.059,0.038,0.011,31,18,14,4,0.193,0.190,0.100,0.070,0.054,0.041,23,16,12,9
0.061,0.206,0.351,-0.52,0.062,0,0.1425,0.1320,0.359,0.341,0.207,0.159,0.127,0.059,0.038,0.011,31,18,14,4,0.193,0.190,0.100,0.070,0.054,0.041,23,16,12,9
0.073,0.205,0.634,-0.79,0.151,-1,0.1559,0.1433,0.482,0.736,0.207,0.159,0.127,0.059,0.038,0.011,31,18,14,4,0.193,0.190,0.100,0.070,0.054,0.041,23,16,12,9
0.076,0.225,0.433,-0.79,0.151,-1,0.1673,0.1521,0.596,0.736,0.207,0.159,0.127,0.059,0.038,0.011,31,18,14,4,0.193,0.190,0.100,0.070,0.054,0.041,23,16,12,9
0.089,0.230,0.157,-0.79,0.151,-1,0.1832,0.1646,0.350,0.736,0.207,0.159,0.127,0.059,0.038,0.011,31,18,14,4,0.193,0.190,0.100,0.070,0.054,0.041,23,16,12,9
0.092,0.194,0.002,0.85,0.046,0,0.1982,0.1756,0.086,0.06,0.207,0.159,0.127,0.059,0.038,0.011,31,18,14,4,0.193,0.190,0.100,0.070,0.054,0.041,23,16,12,9
0.091,0.399,0.183,-0.08,0.108,0,0.2053,0.1810,0.252,0.059,0.207,0.159,0.127,0.059,0.038,0.011,31,18,14,4,0.193,0.190,0.100,0.070,0.054,0.041,23,16,12,9
0.079,0.437,0.269,-0.52,0.062,0,0.1985,0.1764,0.381,0.341,0.207,0.159,0.127,0.059,0.038,0.011,31,18,14,4,0.193,0.190,0.100,0.070,0.054,0.041,23,16,12,9
0.056,0.371,0.080,1.69,0.290,0,0.1826,0.1631,0.091,-0.697,0.207,0.159,0.127,0.059,0.038,0.011,31,18,14,4,0.193,0.190,0.100,0.070,0.054,0.041,23,16,12,9
0.069,0.329,0.003,3.14,0.186,0,0.1672,0.1499,0.040,-0.486,0.207,0.159,0.127,0.059,0.038,0.011,31,18,14,4,0.193,0.190,0.100,0.070,0.054,0.041,23,16,12,9
0.071,0.521,0.323,-1.19,0.219,1,0.1535,0.1392,0.416,0.586,0.207,0.159,0.127,0.059,0.038,0.011,31,18,14,4,0.193,0.190,0.100,0.070,0.054,0.041,23,16,12,9
0.067,0.548,0.245,-0.42,0.180,0,0.1344,0.1233,0.323,0.318,0.207,0.159,0.127,0.059,0.038,0.011,31,18,14,4,0.193,0.190,0.100,0.070,0.054,0.041,23,16,12,9
0.080,0.414,0.020,3.14,0.186,0,0.1100,0.1031,0.077,-0.486,0.207,0.159,0.127,0.059,0.038,0.011,31,18,14,4,0.193,0.190,0.100,0.070,0.054,0.041,23,16,12,9
0.123,0.389,0.002,1.99,0.186,0,0.0981,0.0926,0.111,-0.326,0.207,0.159,0.127,0.059,0.038,0.011,31,18,14,4,0.193,0.190,0.100,0.070,0.054,0.041,23,16,12,9
0.146,0.445,0.069,-1.1,0.105,-1,0.0924,0.0876,0.441,0.192,0.207,0.159,0.127,0.059,0.038,0.011,31,18,14,4,0.193,0.190,0.100,0.070,0.054,0.041,23,16,12,9
0.179,0.492,0.007,0,0.000,0,0.0759,0.0729,0.238,0.166,0.207,0.159,0.127,0.059,0.038,0.011,31,18,14,4,0.193,0.190,0.100,0.070,0.054,0.041,23,16,12,9
0.190,0.542,0.015,2.53,0.140,0,0.0598,0.0590,0.128,-0.121,0.207,0.159,0.127,0.059,0.038,0.011,31,18,14,4,0.193,0.190,0.100,0.070,0.054,0.041,23,16,12,9
0.166,0.748,0.233,-0.48,0.134,0,0.0413,0.0436,0.289,0.007,0.207,0.159,0.127,0.059,0.038,0.011,31,18,14,4,0.193,0.190,0.100,0.070,0.054,0.041,23,16,12,9
0.152,0.720,0.325,1.37,0.298,0,0.0343,0.0370,0.266,-0.510,0.207,0.159,0.127,0.059,0.038,0.011,31,18,14,4,0.193,0.190,0.100,0.070,0.054,0.041,23,16,12,9
0.182,0.589,0.095,1.99,0.186,0,0.0451,0.0454,0.193,-0.326,0.207,0.159,0.127,0.059,0.038,0.011,31,18,14,4,0.193,0.190,0.100,0.070,0.054,0.041,23,16,12,9
0.226,0.754,0.386,0.22,0.230,0,0.0705,0.0652,0.248,0.303,0.207,0.159,0.127,0.059,0.038,0.011,31,18,14,4,0.193,0.190,0.100,0.070,0.054,0.041,23,16,12,9
0.179,0.617,0.319,-0.08,0.108,0,0.0945,0.0827,0.254,0.059,0.207,0.159,0.127,0.059,0.038,0.011,31,18,14,4,0.193,0.190,0.100,0.070,0.054,0.041,23,16,12,9
0.152,0.739,0.316,-1.19,0.219,1,0.1029,0.0880,0.398,0.586,0.207,0.159,0.127,0.059,0.038,0.011,31,18,14,4,0.193,0.190,0.100,0.070,0.054,0.041,23,16,12,9
0.132,0.688,0.229,-1.19,0.219,1,0.1074,0.0896,0.373,0.586,0.207,0.159,0.127,0.059,0.038,0.011,31,18,14,4,0.193,0.190,0.100,0.070,0.054,0.041,23,16,12,9
0.130,0.521,0.242,3.14,0.186,0,0.1085,0.0884,0.126,-0.486,0.207,0.159,0.127,0.059,0.038,0.011,31,18,14,4,0.193,0.190,0.100,0.070,0.054,0.041,23,16,12,9
0.141,0.521,0.212,0.85,0.046,0,0.1123,0.0891,0.238,0.06,0.207,0.159,0.127,0.059,0.038,0.011,31,18,14,4,0.193,0.190,0.100,0.070,0.054,0.041,23,16,12,9
0.137,0.653,0.511,0.22,0.230,0,0.1126,0.0867,0.346,0.303,0.207,0.159,0.127,0.059,0.038,0.011,31,18,14,4,0.193,0.190,0.100,0.070,0.054,0.041,23,16,12,9
0.137,0.549,0.503,1.69,0.290,0,0.1053,0.0783,0.161,-0.697,0.207,0.159,0.127,0.059,0.038,0.011,31,18,14,4,0.193,0.190,0.100,0.070,0.054,0.041,23,16,12,9
0.154,0.535,0.468,-1.1,0.105,-1,0.0993,0.0704,0.354,0.192,0.207,0.159,0.127,0.059,0.038,0.011,31,18,14,4,0.193,0.190,0.100,0.070,0.054,0.041,23,16,12,9
0.209,0.493,0.121,1.99,0.186,0,0.0984,0.0670,0.180,-0.326,0.207,0.159,0.127,0.059,0.038,0.011,31,18,14,4,0.193,0.190,0.100,0.070,0.054,0.041,23,16,12,9
0.181,0.599,0.505,-1.19,0.219,1,0.0968,0.0656,0.417,0.586,0.207,0.159,0.127,0.059,0.038,0.011,31,18,14,4,0.193,0.190,0.100,0.070,0.054,0.041,23,16,12,9
0.165,0.462,0.075,-1.14,0.131,0,0.1051,0.0713,0.322,0.987,0.207,0.159,0.127,0.059,0.038,0.011,31,18,14,4,0.193,0.190,0.100,0.070,0.054,0.041,23,16,12,9
0.166,0.425,0.406,-0.79,0.151,-1,0.1135,0.0773,0.478,0.736,0.207,0.159,0.127,0.059,0.038,0.011,31,18,14,4,0.193,0.190,0.100,0.070,0.054,0.041,23,16,12,9
0.132,0.546,0.477,-0.48,0.134,0,0.1183,0.0799,0.220,0.007,0.207,0.159,0.127,0.059,0.038,0.011,31,18,14,4,0.193,0.190,0.100,0.070,0.054,0.041,23,16,12,9
0.102,0.489,0.018,3.14,0.186,0,0.1165,0.0783,0.081,-0.486,0.207,0.159,0.127,0.059,0.038,0.011,31,18,14,4,0.193,0.190,0.100,0.070,0.054,0.041,23,16,12,9
0.112,0.586,0.363,1.42,0.221,0,0.1107,0.0742,0.252,-0.397,0.207,0.159,0.127,0.059,0.038,0.011,31,18,14,4,0.193,0.190,0.100,0.070,0.054,0.041,23,16,12,9
0.109,0.501,0.019,1.99,0.186,0,0.1057,0.0721,0.214,-0.326,0.207,0.159,0.127,0.059,0.038,0.011,31,18,14,4,0.193,0.190,0.100,0.070,0.054,0.041,23,16,12,9
0.125,0.462,0.400,1.99,0.186,0,0.1004,0.0700,0.108,-0.326,0.207,0.159,0.127,0.059,0.038,0.011,31,18,14,4,0.193,0.190,0.100,0.070,0.054,0.041,23,16,12,9
0.151,0.467,0.504,-1.1,0.105,-1,0.0959,0.0682,0.265,0.192,0.207,0.159,0.127,0.059,0.038,0.011,31,18,14,4,0.193,0.190,0.100,0.070,0.054,0.041,23,16,12,9
0.153,0.556,0.401,-1.19,0.219,1,0.0925,0.0667,0.500,0.586,0.207,0.159,0.127,0.059,0.038,0.011,31,18,14,4,0.193,0.190,0.100,0.070,0.054,0.041,23,16,12,9
0.148,0.519,0.054,-0.48,0.134,0,0.0743,0.0538,0.512,0.007,0.207,0.159,0.127,0.059,0.038,0.011,31,18,14,4,0.193,0.190,0.100,0.070,0.054,0.041,23,16,12,9
0.099,0.353,0.020,3.14,0.186,0,0.0583,0.0425,0.122,-0.486,0.207,0.159,0.127,0.059,0.038,0.011,31,18,14,4,0.193,0.190,0.100,0.070,0.054,0.041,23,16,12,9
0.105,0.419,0.046,-1.14,0.131,0,0.0385,0.0281,0.399,0.987,0.207,0.159,0.127,0.059,0.038,0.011,31,18,14,4,0.193,0.190,0.100,0.070,0.054,0.041,23,16,12,9
0.129,0.449,0.060,3.14,0.186,0,0.0340,0.0277,0.146,-0.486,0.207,0.159,0.127,0.059,0.038,0.011,31,18,14,4,0.193,0.190,0.100,0.070,0.054,0.041,23,16,12,9
0.152,0.422,0.012,-1.14,0.131,0,0.0318,0.0281,0.296,0.987,0.207,0.159,0.127,0.059,0.038,0.011,31,18,14,4,0.193,0.190,0.100,0.070,0.054,0.041,23,16,12,9
0.166,0.636,0.337,0.22,0.230,0,0.0334,0.0338,0.220,0.303,0.207,0.159,0.127,0.059,0.038,0.011,31,18,14,4,0.193,0.190,0.100,0.070,0.054,0.041,23,16,12,9
0.131,0.439,0.010,3.14,0.186,0,0.0402,0.0415,0.079,-0.486,0.207,0.159,0.127,0.059,0.038,0.011,31,18,14,4,0.193,0.190,0.100,0.070,0.054,0.041,23,16,12,9
0.129,0.647,0.618,-1.19,0.219,1,0.0491,0.0508,0.302,0.586,0.207,0.159,0.127,0.059,0.038,0.011,31,18,14,4,0.193,0.190,0.100,0.070,0.054,0.041,23,16,12,9
0.105,0.483,0.146,1.99,0.186,0,0.0578,0.0631,0.119,-0.326,0.207,0.159,0.127,0.059,0.038,0.011,31,18,14,4,0.193,0.190,0.100,0.070,0.054,0.041,23,16,12,9
0.105,0.850,0.259,3.14,0.186,0,0.0721,0.0795,0.109,-0.486,0.207,0.159,0.127,0.059,0.038,0.011,31,18,14,4,0.193,0.190,0.100,0.070,0.054,0.041,23,16,12,9
0.086,0.445,0.584,-1.1,0.105,-1,0.0779,0.0896,0.204,0.192,0.207,0.159,0.127,0.059,0.038,0.011,31,18,14,4,0.193,0.190,0.100,0.070,0.054,0.041,23,16,12,9
0.102,0.839,0.350,1.69,0.290,0,0.0813,0.0957,0.138,-0.697,0.207,0.159,0.127,0.059,0.038,0.011,31,18,14,4,0.193,0.190,0.100,0.070,0.054,0.041,23,16,12,9
0.085,0.861,0.637,0,0.000,0,0.0728,0.0885,0.202,0.166,0.207,0.159,0.127,0.059,0.038,0.011,31,18,14,4,0.193,0.190,0.100,0.070,0.054,0.041,23,16,12,9
0.073,0.372,0.450,1.99,0.186,0,0.0601,0.0764,0.152,-0.326,0.207,0.159,0.127,0.059,0.038,0.011,31,18,14,4,0.193,0.190,0.100,0.070,0.054,0.041,23,16,12,9
0.094,0.372,0.255,0.85,0.046,0,0.0463,0.0627,0.207,0.06,0.207,0.159,0.127,0.059,0.038,0.011,31,18,14,4,0.193,0.190,0.100,0.070,0.054,0.041,23,16,12,9
0.083,0.402,0.453,0.22,0.230,0,0.0426,0.0602,0.284,0.303,0.207,0.159,0.127,0.059,0.038,0.011,31,18,14,4,0.193,0.190,0.100,0.070,0.054,0.041,23,16,12,9
0.075,0.321,0.203,-0.79,0.151,-1,0.0455,0.0649,0.306,0.736,0.207,0.159,0.127,0.059,0.038,0.011,31,18,14,4,0.193,0.190,0.100,0.070,0.054,0.041,23,16,12,9
0.063,0.273,0.051,3.14,0.186,0,0.0532,0.0752,0.178,-0.486,0.207,0.159,0.127,0.059,0.038,0.011,31,18,14,4,0.193,0.190,0.100,0.070,0.054,0.041,23,16,12,9
0.051,0.265,0.045,-0.79,0.151,-1,0.0565,0.0803,0.411,0.736,0.207,0.159,0.127,0.059,0.038,0.011,31,18,14,4,0.193,0.190,0.100,0.070,0.054,0.041,23,16,12,9
0.048,0.325,0.065,-1.1,0.105,-1,0.0716,0.0961,0.408,0.192,0.207,0.159,0.127,0.059,0.038,0.011,31,18,14,4,0.193,0.190,0.100,0.070,0.054,0.041,23,16,12,9
0.047,0.329,0.084,0,0.000,0,0.0900,0.1146,0.316,0.166,0.207,0.159,0.127,0.059,0.038,0.011,31,18,14,4,0.193,0.190,0.100,0.070,0.054,0.041,23,16,12,9
0.040,0.303,0.089,2.53,0.140,0,0.1122,0.1383,0.226,-0.121,0.207,0.159,0.127,0.059,0.038,0.011,31,18,14,4,0.193,0.190,0.100,0.070,0.054,0.041,23,16,12,9
0.040,0.358,0.293,-0.79,0.151,-1,0.1316,0.1590,0.381,0.736,0.207,0.159,0.127,0.059,0.038,0.011,31,18,14,4,0.193,0.190,0.100,0.070,0.054,0.041,23,16,12,9
0.039,0.832,0.431,1.69,0.290,0,0.1552,0.1828,0.114,-0.697,0.207,0.159,0.127,0.059,0.038,0.011,31,18,14,4,0.193,0.190,0.100,0.070,0.054,0.041,23,16,12,9
0.039,0.528,0.572,-1.19,0.219,1,0.1602,0.1846,0.375,0.586,0.207,0.159,0.127,0.059,0.038,0.011,31,18,14,4,0.193,0.190,0.100,0.070,0.054,0.041,23,16,12,9
0.037,0.568,0.578,-0.48,0.134,0,0.1615,0.1804,0.392,0.007,0.207,0.159,0.127,0.059,0.038,0.011,31,18,14,4,0.193,0.190,0.100,0.070,0.054,0.041,23,16,12,9
0.028,0.433,0.477,3.14,0.186,0,0.1497,0.1656,0.149,-0.486,0.207,0.159,0.127,0.059,0.038,0.011,31,18,14,4,0.193,0.190,0.100,0.070,0.054,0.041,23,16,12,9
0.034,0.462,0.515,1.69,0.290,0,0.1374,0.1505,0.187,-0.697,0.207,0.159,0.127,0.059,0.038,0.011,31,18,14,4,0.193,0.190,0.100,0.070,0.054,0.041,23,16,12,9
0.034,0.902,0.696,0,0.000,0,0.1299,0.1389,0.320,0.166,0.207,0.159,0.127,0.059,0.038,0.011,31,18,14,4,0.193,0.190,0.100,0.070,0.054,0.041,23,16,12,9
0.036,0.927,0.568,-0.08,0.108,0,0.1279,0.1318,0.252,0.059,0.207,0.159,0.127,0.059,0.038,0.011,31,18,14,4,0.193,0.190,0.100,0.070,0.054,0.041,23,16,12,9
0.033,0.840,0.449,-1.14,0.131,0,0.1109,0.1123,0.284,0.987,0.207,0.159,0.127,0.059,0.038,0.011,31,18,14,4,0.193,0.190,0.100,0.070,0.054,0.041,23,16,12,9
0.026,0.865,0.386,-0.79,0.151,-1,0.0906,0.0911,0.465,0.736,0.207,0.159,0.127,0.059,0.038,0.011,31,18,14,4,0.193,0.190,0.100,0.070,0.054,0.041,23,16,12,9
0.025,0.895,0.329,1.69,0.290,0,0.0818,0.0763,0.203,-0.697,0.207,0.159,0.127,0.059,0.038,0.011,31,18,14,4,0.193,0.190,0.100,0.070,0.054,0.041,23,16,12,9
0.031,0.475,0.152,2.53,0.140,0,0.0915,0.0784,0.202,-0.121,0.207,0.159,0.127,0.059,0.038,0.011,31,18,14,4,0.193,0.190,0.100,0.070,0.054,0.041,23,16,12,9
0.039,0.460,0.083,0.85,0.046,0,0.1183,0.0946,0.165,0.06,0.207,0.159,0.127,0.059,0.038,0.011,31,18,14,4,0.193,0.190,0.100,0.070,0.054,0.041,23,16,12,9
0.030,0.440,0.208,-1.14,0.131,0,0.1411,0.1099,0.275,0.987,0.207,0.159,0.127,0.059,0.038,0.011,31,18,14,4,0.193,0.190,0.100,0.070,0.054,0.041,23,16,12,9
0.029,0.401,0.329,-0.79,0.151,-1,0.1505,0.1142,0.349,0.736,0.207,0.159,0.127,0.059,0.038,0.011,31,18,14,4,0.193,0.190,0.100,0.070,0.054,0.041,23,16,12,9
0.030,0.369,0.207,3.14,0.186,0,0.1612,0.1207,0.155,-0.486,0.207,0.159,0.127,0.059,0.038,0.011,31,18,14,4,0.193,0.190,0.100,0.070,0.054,0.041,23,16,12,9
0.036,0.383,0.280,2.53,0.140,0,0.1626,0.1191,0.191,-0.121,0.207,0.159,0.127,0.059,0.038,0.011,31,18,14,4,0.193,0.190,0.100,0.070,0.054,0.041,23,16,12,9
0.037,0.466,0.340,-0.48,0.134,0,0.1565,0.1121,0.374,0.007,0.207,0.159,0.127,0.059,0.038,0.011,31,18,14,4,0.193,0.190,0.100,0.070,0.054,0.041,23,16,12,9
0.026,0.439,0.359,1.37,0.298,0,0.1495,0.1067,0.198,-0.510,0.207,0.159,0.127,0.059,0.038,0.011,31,18,14,4,0.193,0.190,0.100,0.070,0.054,0.041,23,16,12,9
0.029,0.288,0.354,-0.79,0.151,-1,0.1391,0.0998,0.376,0.736,0.207,0.159,0.127,0.059,0.038,0.011,31,18,14,4,0.193,0.190,0.100,0.070,0.054,0.041,23,16,12,9
0.035,0.255,0.515,-1.14,0.131,0,0.1183,0.0831,0.374,0.987,0.207,0.159,0.127,0.059,0.038,0.011,31,18,14,4,0.193,0.190,0.100,0.070,0.054,0.041,23,16,12,9
0.044,0.311,0.605,1.99,0.186,0,0.1010,0.0689,0.257,-0.326,0.207,0.159,0.127,0.059,0.038,0.011,31,18,14,4,0.193,0.190,0.100,0.070,0.054,0.041,23,16,12,9
0.044,0.313,0.479,0,0.000,0,0.0753,0.0494,0.319,0.166,0.207,0.159,0.127,0.059,0.038,0.011,31,18,14,4,0.193,0.190,0.100,0.070,0.054,0.041,23,16,12,9
0.043,0.295,0.328,1.99,0.186,0,0.0583,0.0376,0.179,-0.326,0.207,0.159,0.127,0.059,0.038,0.011,31,18,14,4,0.193,0.190,0.100,0.070,0.054,0.041,23,16,12,9
0.042,0.362,0.403,-0.79,0.151,-1,0.0514,0.0322,0.383,0.736,0.207,0.159,0.127,0.059,0.038,0.011,31,18,14,4,0.193,0.190,0.100,0.070,0.054,0.041,23,16,12,9
0.047,0.370,0.274,0.85,0.046,0,0.0525,0.0328,0.203,0.06,0.207,0.159,0.127,0.059,0.038,0.011,31,18,14,4,0.193,0.190,0.100,0.070,0.054,0.041,23,16,12,9
0.047,0.483,0.207,-1.1,0.105,-1,0.0440,0.0264,0.256,0.192,0.207,0.159,0.127,0.059,0.038,0.011,31,18,14,4,0.193,0.190,0.100,0.070,0.054,0.041,23,16,12,9
0.046,0.501,0.084,1.42,0.221,0,0.0322,0.0200,0.166,-0.397,0.207,0.159,0.127,0.059,0.038,0.011,31,18,14,4,0.193,0.190,0.100,0.070,0.054,0.041,23,16,12,9
0.055,0.834,0.222,1.76,0.409,0,0.0248,0.0160,0.178,-0.884,0.207,0.159,0.127,0.059,0.038,0.011,31,18,14,4,0.193,0.190,0.100,0.070,0.054,0.041,23,16,12,9
0.066,0.512,0.114,-0.52,0.062,0,0.0196,0.0133,0.178,0.341,0.207,0.159,0.127,0.059,0.038,0.011,31,18,14,4,0.193,0.190,0.100,0.070,0.054,0.041,23,16,12,9
0.083,0.429,0.005,3.14,0.186,0,0.0246,0.0168,0.088,-0.486,0.207,0.159,0.127,0.059,0.038,0.011,31,18,14,4,0.193,0.190,0.100,0.070,0.054,0.041,23,16,12,9
0.088,0.429,0.073,0,0.000,0,0.0265,0.0191,0.111,0.166,0.207,0.159,0.127,0.059,0.038,0.011,31,18,14,4,0.193,0.190,0.100,0.070,0.054,0.041,23,16,12,9
0.093,0.346,0.074,2.53,0.140,0,0.0276,0.0213,0.084,-0.121,0.207,0.159,0.127,0.059,0.038,0.011,31,18,14,4,0.193,0.190,0.100,0.070,0.054,0.041,23,16,12,9
0.087,0.367,0.011,3.14,0.186,0,0.0253,0.0203,0.045,-0.486,0.207,0.159,0.127,0.059,0.038,0.011,31,18,14,4,0.193,0.190,0.100,0.070,0.054,0.041,23,16,12,9
0.071,0.408,0.006,-0.08,0.108,0,0.0202,0.0174,0.052,0.059,0.207,0.159,0.127,0.059,0.038,0.011,31,18,14,4,0.193,0.190,0.100,0.070,0.054,0.041,23,16,12,9
0.088,0.402,0.048,1.37,0.298,0,0.0209,0.0184,0.072,-0.510,0.207,0.159,0.127,0.059,0.038,0.011,31,18,14,4,0.193,0.190,0.100,0.070,0.054,0.041,23,16,12,9
0.089,0.289,0.023,3.14,0.186,0,0.0221,0.0197,0.054,-0.486,0.207,0.159,0.127,0.059,0.038,0.011,31,18,14,4,0.193,0.190,0.100,0.070,0.054,0.041,23,16,12,9
0.089,0.232,0.008,1.99,0.186,0,0.0247,0.0223,0.069,-0.326,0.207,0.159,0.127,0.059,0.038,0.011,31,18,14,4,0.193,0.190,0.100,0.070,0.054,0.041,23,16,12,9
0.081,0.245,0.005,1.99,0.186,0,0.0357,0.0301,0.101,-0.326,0.207,0.159,0.127,0.059,0.038,0.011,31,18,14,4,0.193,0.190,0.100,0.070,0.054,0.041,23,16,12,9
0.146,0.322,0.040,-0.52,0.062,0,0.0461,0.0365,0.139,0.341,0.207,0.159,0.127,0.059,0.038,0.011,31,18,14,4,0.193,0.190,0.100,0.070,0.054,0.041,23,16,12,9
0.134,0.325,0.213,0,0.000,0,0.0543,0.0413,0.184,0.166,0.207,0.159,0.127,0.059,0.038,0.011,31,18,14,4,0.193,0.190,0.100,0.070,0.054,0.041,23,16,12,9
0.112,0.329,0.259,0.85,0.046,0,0.0639,0.0479,0.186,0.06,0.207,0.159,0.127,0.059,0.038,0.011,31,18,14,4,0.193,0.190,0.100,0.070,0.054,0.041,23,16,12,9
0.105,0.392,0.317,-0.52,0.062,0,0.0724,0.0543,0.167,0.341,0.207,0.159,0.127,0.059,0.038,0.011,31,18,14,4,0.193,0.190,0.100,0.070,0.054,0.041,23,16,12,9
0.104,0.350,0.331,-1.14,0.131,0,0.0936,0.0694,0.317,0.987,0.207,0.159,0.127,0.059,0.038,0.011,31,18,14,4,0.193,0.190,0.100,0.070,0.054,0.041,23,16,12,9
0.107,0.419,0.399,1.69,0.290,0,0.1139,0.0822,0.190,-0.697,0.207,0.159,0.127,0.059,0.038,0.011,31,18,14,4,0.193,0.190,0.100,0.070,0.054,0.041,23,16,12,9
0.095,0.319,0.262,1.99,0.186,0,0.1429,0.1003,0.232,-0.326,0.207,0.159,0.127,0.059,0.038,0.011,31,18,14,4,0.193,0.190,0.100,0.070,0.054,0.041,23,16,12,9
0.105,0.292,0.205,0,0.000,0,0.1784,0.1227,0.278,0.166,0.207,0.159,0.127,0.059,0.038,0.011,31,18,14,4,0.193,0.190,0.100,0.070,0.054,0.041,23,16,12,9
0.102,0.313,0.194,-1.1,0.105,-1,0.2070,0.1423,0.411,0.192,0.207,0.159,0.127,0.059,0.038,0.011,31,18,14,4,0.193,0.190,0.100,0.070,0.054,0.041,23,16,12,9
0.103,0.333,0.150,-0.08,0.108,0,0.2127,0.1460,0.300,0.059,0.207,0.159,0.127,0.059,0.038,0.011,31,18,14,4,0.193,0.190,0.100,0.070,0.054,0.041,23,16,12,9
0.103,0.225,0.058,-1.19,0.219,1,0.2113,0.1447,0.425,0.586,0.207,0.159,0.127,0.059,0.038,0.011,31,18,14,4,0.193,0.190,0.100,0.070,0.054,0.041,23,16,12,9
0.103,0.253,0.064,-0.42,0.180,0,0.2163,0.1486,0.385,0.318,0.207,0.159,0.127,0.059,0.038,0.011,31,18,14,4,0.193,0.190,0.100,0.070,0.054,0.041,23,16,12,9
0.090,0.207,0.034,-0.79,0.151,-1,0.2173,0.1499,0.371,0.736,0.207,0.159,0.127,0.059,0.038,0.011,31,18,14,4,0.193,0.190,0.100,0.070,0.054,0.041,23,16,12,9
0.086,0.228,0.111,-0.08,0.108,0,0.2123,0.1470,0.177,0.059,0.207,0.159,0.127,0.059,0.038,0.011,31,18,14,4,0.193,0.190,0.100,0.070,0.054,0.041,23,16,12,9
0.067,0.166,0.164,1.99,0.186,0,0.2043,0.1423,0.152,-0.326,0.207,0.159,0.127,0.059,0.038,0.011,31,18,14,4,0.193,0.190,0.100,0.070,0.054,0.041,23,16,12,9
0.067,0.213,0.010,0.85,0.046,0,0.1923,0.1366,0.298,0.06,0.207,0.159,0.127,0.059,0.038,0.011,31,18,14,4,0.193,0.190,0.100,0.070,0.054,0.041,23,16,12,9
0.066,0.356,0.290,-0.48,0.134,0,0.1798,0.1323,0.347,0.007,0.207,0.159,0.127,0.059,0.038,0.011,31,18,14,4,0.193,0.190,0.100,0.070,0.054,0.041,23,16,12,9
0.054,0.273,0.080,3.14,0.186,0,0.1740,0.1320,0.064,-0.486,0.207,0.159,0.127,0.059,0.038,0.011,31,18,14,4,0.193,0.190,0.100,0.070,0.054,0.041,23,16,12,9
0.043,0.356,0.106,-0.08,0.108,0,0.1685,0.1308,0.248,0.059,0.207,0.159,0.127,0.059,0.038,0.011,31,18,14,4,0.193,0.190,0.100,0.070,0.054,0.041,23,16,12,9
0.036,0.307,0.043,0.85,0.046,0,0.1649,0.1301,0.250,0.06,0.207,0.159,0.127,0.059,0.038,0.011,31,18,14,4,0.193,0.190,0.100,0.070,0.054,0.041,23,16,12,9
0.040,0.366,0.024,2.53,0.140,0,0.1468,0.1187,0.153,-0.121,0.207,0.159,0.127,0.059,0.038,0.011,31,18,14,4,0.193,0.190,0.100,0.070,0.054,0.041,23,16,12,9
0.031,0.404,0.058,-0.52,0.062,0,0.1246,0.1049,0.191,0.341,0.207,0.159,0.127,0.059,0.038,0.011,31,18,14,4,0.193,0.190,0.100,0.070,0.054,0.041,23,16,12,9
0.030,0.541,0.132,1.37,0.298,0,0.1141,0.1013,0.209,-0.510,0.207,0.159,0.127,0.059,0.038,0.011,31,18,14,4,0.193,0.190,0.100,0.070,0.054,0.041,23,16,12,9
0.040,0.390,0.011,-1.1,0.105,-1,0.0983,0.0923,0.358,0.192,0.207,0.159,0.127,0.059,0.038,0.011,31,18,14,4,0.193,0.190,0.100,0.070,0.054,0.041,23,16,12,9
0.034,0.336,0.065,1.69,0.290,0,0.0945,0.0910,0.138,-0.697,0.207,0.159,0.127,0.059,0.038,0.011,31,18,14,4,0.193,0.190,0.100,0.070,0.054,0.041,23,16,12,9
0.034,0.195,0.007,-1.1,0.105,-1,0.1038,0.0982,0.320,0.192,0.207,0.159,0.127,0.059,0.038,0.011,31,18,14,4,0.193,0.190,0.100,0.070,0.054,0.041,23,16,12,9
0.034,0.200,0.031,-0.79,0.151,-1,0.1191,0.1127,0.467,0.736,0.207,0.159,0.127,0.059,0.038,0.011,31,18,14,4,0.193,0.190,0.100,0.070,0.054,0.041,23,16,12,9
0.051,0.193,0.009,-0.79,0.151,-1,0.1168,0.1164,0.466,0.736,0.207,0.159,0.127,0.059,0.038,0.011,31,18,14,4,0.193,0.190,0.100,0.070,0.054,0.041,23,16,12,9
0.050,0.228,0.055,1.69,0.290,0,0.1105,0.1172,0.141,-0.697,0.207,0.159,0.127,0.059,0.038,0.011,31,18,14,4,0.193,0.190,0.100,0.070,0.054,0.041,23,16,12,9
0.043,0.223,0.051,1.69,0.290,0,0.1066,0.1193,0.151,-0.697,0.207,0.159,0.127,0.059,0.038,0.011,31,18,14,4,0.193,0.190,0.100,0.070,0.054,0.041,23,16,12,9
0.041,0.274,0.107,-0.52,0.062,0,0.1049,0.1216,0.409,0.341,0.207,0.159,0.127,0.059,0.038,0.011,31,18,14,4,0.193,0.190,0.100,0.070,0.054,0.041,23,16,12,9
0.043,0.374,0.136,-0.42,0.180,0,0.1005,0.1189,0.379,0.318,0.207,0.159,0.127,0.059,0.038,0.011,31,18,14,4,0.193,0.190,0.100,0.070,0.054,0.041,23,16,12,9
0.052,0.347,0.175,-0.08,0.108,0,0.0868,0.1077,0.117,0.059,0.207,0.159,0.127,0.059,0.038,0.011,31,18,14,4,0.193,0.190,0.100,0.070,0.054,0.041,23,16,12,9
0.058,0.349,0.419,-0.52,0.062,0,0.0702,0.0935,0.266,0.341,0.207,0.159,0.127,0.059,0.038,0.011,31,18,14,4,0.193,0.190,0.100,0.070,0.054,0.041,23,16,12,9
0.060,0.374,0.127,-0.79,0.151,-1,0.0649,0.0866,0.532,0.736,0.207,0.159,0.127,0.059,0.038,0.011,31,18,14,4,0.193,0.190,0.100,0.070,0.054,0.041,23,16,12,9
0.074,0.352,0.082,1.99,0.186,0,0.0678,0.0836,0.152,-0.326,0.207,0.159,0.127,0.059,0.038,0.011,31,18,14,4,0.193,0.190,0.100,0.070,0.054,0.041,23,16,12,9
0.096,0.329,0.003,0.85,0.046,0,0.0829,0.0891,0.029,0.06,0.207,0.159,0.127,0.059,0.038,0.011,31,18,14,4,0.193,0.190,0.100,0.070,0.054,0.041,23,16,12,9
0.096,0.711,0.338,-1.19,0.219,1,0.1111,0.1036,0.374,0.586,0.207,0.159,0.127,0.059,0.038,0.011,31,18,14,4,0.193,0.190,0.100,0.070,0.054,0.041,23,16,12,9
0.113,0.419,0.346,-1.1,0.105,-1,0.1251,0.1078,0.400,0.192,0.207,0.159,0.127,0.059,0.038,0.011,31,18,14,4,0.193,0.190,0.100,0.070,0.054,0.041,23,16,12,9
0.141,0.369,0.029,1.69,0.290,0,0.1354,0.1103,0.099,-0.697,0.207,0.159,0.127,0.059,0.038,0.011,31,18,14,4,0.193,0.190,0.100,0.070,0.054,0.041,23,16,12,9
0.207,0.324,0.002,3.14,0.186,0,0.1496,0.1177,0.053,-0.486,0.207,0.159,0.127,0.059,0.038,0.011,31,18,14,4,0.193,0.190,0.100,0.070,0.054,0.041,23,16,12,9
0.205,0.568,0.348,0.2,0.291,1,0.1632,0.1238,0.365,0.180,0.207,0.159,0.127,0.059,0.038,0.011,31,18,14,4,0.193,0.190,0.100,0.070,0.054,0.041,23,16,12,9
0.210,0.498,0.325,-1.19,0.219,1,0.1695,0.1260,0.448,0.586,0.207,0.159,0.127,0.059,0.038,0.011,31,18,14,4,0.193,0.190,0.100,0.070,0.054,0.041,23,16,12,9
0.210,0.349,0.016,1.99,0.186,0,0.1507,0.1095,0.110,-0.326,0.207,0.159,0.127,0.059,0.038,0.011,31,18,14,4,0.193,0.190,0.100,0.070,0.054,0.041,23,16,12,9
0.196,0.322,0.009,1.99,0.186,0,0.1333,0.0944,0.131,-0.326,0.207,0.159,0.127,0.059,0.038,0.011,31,18,14,4,0.193,0.190,0.100,0.070,0.054,0.041,23,16,12,9
0.229,0.323,0.261,2.53,0.140,0,0.1261,0.0871,0.281,-0.121,0.207,0.159,0.127,0.059,0.038,0.011,31,18,14,4,0.193,0.190,0.100,0.070,0.054,0.041,23,16,12,9
0.192,0.758,0.419,-1.19,0.219,1,0.1252,0.0865,0.414,0.586,0.207,0.159,0.127,0.059,0.038,0.011,31,18,14,4,0.193,0.190,0.100,0.070,0.054,0.041,23,16,12,9
0.192,0.387,0.200,-0.79,0.151,-1,0.1225,0.0839,0.313,0.736,0.207,0.159,0.127,0.059,0.038,0.011,31,18,14,4,0.193,0.190,0.100,0.070,0.054,0.041,23,16,12,9
0.156,0.684,0.090,-0.08,0.108,0,0.1309,0.0894,0.216,0.059,0.207,0.159,0.127,0.059,0.038,0.011,31,18,14,4,0.193,0.190,0.100,0.070,0.054,0.041,23,16,12,9
0.168,0.803,0.339,0.2,0.291,1,0.1480,0.1019,0.417,0.180,0.207,0.159,0.127,0.059,0.038,0.011,31,18,14,4,0.193,0.190,0.100,0.070,0.054,0.041,23,16,12,9
0.214,0.792,0.457,-1.19,0.219,1,0.1648,0.1160,0.427,0.586,0.207,0.159,0.127,0.059,0.038,0.011,31,18,14,4,0.193,0.190,0.100,0.070,0.054,0.041,23,16,12,9
0.210,0.755,0.489,0.2,0.291,1,0.1807,0.1301,0.343,0.180,0.207,0.159,0.127,0.059,0.038,0.011,31,18,14,4,0.193,0.190,0.100,0.070,0.054,0.041,23,16,12,9
0.144,0.533,0.238,1.99,0.186,0,0.2002,0.1474,0.170,-0.326,0.207,0.159,0.127,0.059,0.038,0.011,31,18,14,4,0.193,0.190,0.100,0.070,0.054,0.041,23,16,12,9
0.113,0.604,0.595,-0.08,0.108,0,0.2188,0.1636,0.309,0.059,0.207,0.159,0.127,0.059,0.038,0.011,31,18,14,4,0.193,0.190,0.100,0.070,0.054,0.041,23,16,12,9
0.108,0.462,0.380,3.14,0.186,0,0.2450,0.1855,0.125,-0.486,0.207,0.159,0.127,0.059,0.038,0.011,31,18,14,4,0.193,0.190,0.100,0.070,0.054,0.041,23,16,12,9
0.104,0.488,0.365,-0.42,0.180,0,0.2730,0.2086,0.285,0.318,0.207,0.159,0.127,0.059,0.038,0.011,31,18,14,4,0.193,0.190,0.100,0.070,0.054,0.041,23,16,12,9
0.104,0.398,0.077,-0.79,0.151,-1,0.2963,0.2292,0.349,0.736,0.207,0.159,0.127,0.059,0.038,0.011,31,18,14,4,0.193,0.190,0.100,0.070,0.054,0.041,23,16,12,9
0.080,0.298,0.006,0.85,0.046,0,0.3041,0.2369,0.184,0.06,0.207,0.159,0.127,0.059,0.038,0.011,31,18,14,4,0.193,0.190,0.100,0.070,0.054,0.041,23,16,12,9
0.094,0.331,0.020,1.99,0.186,0,0.3092,0.2429,0.182,-0.326,0.207,0.159,0.127,0.059,0.038,0.011,31,18,14,4,0.193,0.190,0.100,0.070,0.054,0.041,23,16,12,9
0.096,0.516,0.078,0.2,0.291,1,0.3181,0.2502,0.527,0.180,0.207,0.159,0.127,0.059,0.038,0.011,31,18,14,4,0.193,0.190,0.100,0.070,0.054,0.041,23,16,12,9
0.089,0.555,0.171,0.22,0.230,0,0.3287,0.2608,0.243,0.303,0.207,0.159,0.127,0.059,0.038,0.011,31,18,14,4,0.193,0.190,0.100,0.070,0.054,0.041,23,16,12,9
0.071,0.400,0.132,-1.14,0.131,0,0.3217,0.2609,0.293,0.987,0.207,0.159,0.127,0.059,0.038,0.011,31,18,14,4,0.193,0.190,0.100,0.070,0.054,0.041,23,16,12,9
0.072,0.689,0.326,1.76,0.409,0,0.3109,0.2568,0.285,-0.884,0.207,0.159,0.127,0.059,0.038,0.011,31,18,14,4,0.193,0.190,0.100,0.070,0.054,0.041,23,16,12,9
0.072,0.399,0.098,3.14,0.186,0,0.3180,0.2661,0.171,-0.486,0.207,0.159,0.127,0.059,0.038,0.011,31,18,14,4,0.193,0.190,0.100,0.070,0.054,0.041,23,16,12,9
0.079,0.685,0.459,-0.08,0.108,0,0.3407,0.2888,0.285,0.059,0.207,0.159,0.127,0.059,0.038,0.011,31,18,14,4,0.193,0.190,0.100,0.070,0.054,0.041,23,16,12,9
0.084,0.457,0.333,-1.14,0.131,0,0.3482,0.2979,0.278,0.987,0.207,0.159,0.127,0.059,0.038,0.011,31,18,14,4,0.193,0.190,0.100,0.070,0.054,0.041,23,16,12,9
0.071,0.371,0.302,2.53,0.140,0,0.3515,0.3007,0.293,-0.121,0.207,0.159,0.127,0.059,0.038,0.011,31,18,14,4,0.193,0.190,0.100,0.070,0.054,0.041,23,16,12,9
0.092,0.394,0.202,-1.1,0.105,-1,0.3503,0.2948,0.378,0.192,0.207,0.159,0.127,0.059,0.038,0.011,31,18,14,4,0.193,0.190,0.100,0.070,0.054,0.041,23,16,12,9
0.091,0.346,0.242,-0.08,0.108,0,0.3532,0.2897,0.268,0.059,0.207,0.159,0.127,0.059,0.038,0.011,31,18,14,4,0.193,0.190,0.100,0.070,0.054,0.041,23,16,12,9
0.092,0.396,0.069,-0.42,0.180,0,0.3453,0.2727,0.367,0.318,0.207,0.159,0.127,0.059,0.038,0.011,31,18,14,4,0.193,0.190,0.100,0.070,0.054,0.041,23,16,12,9
0.074,0.355,0.039,-0.42,0.180,0,0.3358,0.2535,0.309,0.318,0.207,0.159,0.127,0.059,0.038,0.011,31,18,14,4,0.193,0.190,0.100,0.070,0.054,0.041,23,16,12,9
0.069,0.215,0.017,0.85,0.046,0,0.3334,0.2410,0.132,0.06,0.207,0.159,0.127,0.059,0.038,0.011,31,18,14,4,0.193,0.190,0.100,0.070,0.054,0.041,23,16,12,9
0.058,0.212,0.056,1.42,0.221,0,0.3369,0.2351,0.212,-0.397,0.207,0.159,0.127,0.059,0.038,0.011,31,18,14,4,0.193,0.190,0.100,0.070,0.054,0.041,23,16,12,9
0.072,0.198,0.003,2.53,0.140,0,0.3435,0.2343,0.222,-0.121,0.207,0.159,0.127,0.059,0.038,0.011,31,18,14,4,0.193,0.190,0.100,0.070,0.054,0.041,23,16,12,9
0.060,0.363,0.229,0.2,0.291,1,0.3482,0.2360,0.374,0.180,0.207,0.159,0.127,0.059,0.038,0.011,31,18,14,4,0.193,0.190,0.100,0.070,0.054,0.041,23,16,12,9
0.080,0.347,0.101,0.2,0.291,1,0.3518,0.2397,0.359,0.180,0.207,0.159,0.127,0.059,0.038,0.011,31,18,14,4,0.193,0.190,0.100,0.070,0.054,0.041,23,16,12,9
0.104,0.218,0.001,-0.79,0.151,-1,0.3421,0.2348,0.372,0.736,0.207,0.159,0.127,0.059,0.038,0.011,31,18,14,4,0.193,0.190,0.100,0.070,0.054,0.041,23,16,12,9
0.101,0.335,0.004,-0.52,0.062,0,0.3286,0.2269,0.179,0.341,0.207,0.159,0.127,0.059,0.038,0.011,31,18,14,4,0.193,0.190,0.100,0.070,0.054,0.041,23,16,12,9
0.093,0.350,0.003,2.53,0.140,0,0.3099,0.2159,0.237,-0.121,0.207,0.159,0.127,0.059,0.038,0.011,31,18,14,4,0.193,0.190,0.100,0.070,0.054,0.041,23,16,12,9
0.098,0.450,0.001,2.53,0.140,0,0.2900,0.2034,0.258,-0.121,0.207,0.159,0.127,0.059,0.038,0.011,31,18,14,4,0.193,0.190,0.100,0.070,0.054,0.041,23,16,12,9
0.106,0.732,0.006,-0.48,0.134,0,0.2613,0.1814,0.334,0.007,0.207,0.159,0.127,0.059,0.038,0.011,31,18,14,4,0.193,0.190,0.100,0.070,0.054,0.041,23,16,12,9
0.113,0.369,0.019,1.99,0.186,0,0.2376,0.1625,0.114,-0.326,0.207,0.159,0.127,0.059,0.038,0.011,31,18,14,4,0.193,0.190,0.100,0.070,0.054,0.041,23,16,12,9
0.117,0.475,0.021,-0.79,0.151,-1,0.2225,0.1513,0.465,0.736,0.207,0.159,0.127,0.059,0.038,0.011,31,18,14,4,0.193,0.190,0.100,0.070,0.054,0.041,23,16,12,9
0.077,0.499,0.151,-0.48,0.134,0,0.2004,0.1358,0.425,0.007,0.207,0.159,0.127,0.059,0.038,0.011,31,18,14,4,0.193,0.190,0.100,0.070,0.054,0.041,23,16,12,9
0.096,0.463,0.029,1.69,0.290,0,0.1781,0.1215,0.118,-0.697,0.207,0.159,0.127,0.059,0.038,0.011,31,18,14,4,0.193,0.190,0.100,0.070,0.054,0.041,23,16,12,9
0.092,0.707,0.248,-1.19,0.219,1,0.1590,0.1089,0.370,0.586,0.207,0.159,0.127,0.059,0.038,0.011,31,18,14,4,0.193,0.190,0.100,0.070,0.054,0.041,23,16,12,9
0.093,0.700,0.259,-1.19,0.219,1,0.1487,0.1030,0.436,0.586,0.207,0.159,0.127,0.059,0.038,0.011,31,18,14,4,0.193,0.190,0.100,0.070,0.054,0.041,23,16,12,9
0.094,0.711,0.273,-0.42,0.180,0,0.1220,0.0846,0.317,0.318,0.207,0.159,0.127,0.059,0.038,0.011,31,18,14,4,0.193,0.190,0.100,0.070,0.054,0.041,23,16,12,9
0.094,0.745,0.465,1.37,0.298,0,0.0982,0.0680,0.152,-0.510,0.207,0.159,0.127,0.059,0.038,0.011,31,18,14,4,0.193,0.190,0.100,0.070,0.054,0.041,23,16,12,9
0.092,0.322,0.293,2.53,0.140,0,0.0819,0.0574,0.166,-0.121,0.207,0.159,0.127,0.059,0.038,0.011,31,18,14,4,0.193,0.190,0.100,0.070,0.054,0.041,23,16,12,9
0.092,0.806,0.618,0.2,0.291,1,0.0736,0.0522,0.406,0.180,0.207,0.159,0.127,0.059,0.038,0.011,31,18,14,4,0.193,0.190,0.100,0.070,0.054,0.041,23,16,12,9
0.115,0.815,0.481,0.2,0.291,1,0.0687,0.0490,0.378,0.180,0.207,0.159,0.127,0.059,0.038,0.011,31,18,14,4,0.193,0.190,0.100,0.070,0.054,0.041,23,16,12,9
0.115,0.740,0.683,0.2,0.291,1,0.0619,0.0440,0.295,0.180,0.207,0.159,0.127,0.059,0.038,0.011,31,18,14,4,0.193,0.190,0.100,0.070,0.054,0.041,23,16,12,9
0.144,0.600,0.219,1.76,0.409,0,0.0666,0.0475,0.169,-0.884,0.207,0.159,0.127,0.059,0.038,0.011,31,18,14,4,0.193,0.190,0.100,0.070,0.054,0.041,23,16,12,9
0.144,0.704,0.540,-1.19,0.219,1,0.0672,0.0455,0.447,0.586,0.207,0.159,0.127,0.059,0.038,0.011,31,18,14,4,0.193,0.190,0.100,0.070,0.054,0.041,23,16,12,9
0.185,0.483,0.096,1.99,0.186,0,0.0728,0.0470,0.137,-0.326,0.207,0.159,0.127,0.059,0.038,0.011,31,18,14,4,0.193,0.190,0.100,0.070,0.054,0.041,23,16,12,9
0.150,0.574,0.131,-0.52,0.062,0,0.0719,0.0432,0.169,0.341,0.207,0.159,0.127,0.059,0.038,0.011,31,18,14,4,0.193,0.190,0.100,0.070,0.054,0.041,23,16,12,9
0.116,0.516,0.012,1.69,0.290,0,0.0742,0.0432,0.110,-0.697,0.207,0.159,0.127,0.059,0.038,0.011,31,18,14,4,0.193,0.190,0.100,0.070,0.054,0.041,23,16,12,9
0.124,0.557,0.110,-0.52,0.062,0,0.0770,0.0438,0.156,0.341,0.207,0.159,0.127,0.059,0.038,0.011,31,18,14,4,0.193,0.190,0.100,0.070,0.054,0.041,23,16,12,9
0.146,0.461,0.004,3.14,0.186,0,0.0856,0.0487,0.079,-0.486,0.207,0.159,0.127,0.059,0.038,0.011,31,18,14,4,0.193,0.190,0.100,0.070,0.054,0.041,23,16,12,9
0.145,0.405,0.012,2.53,0.140,0,0.0874,0.0492,0.078,-0.121,0.207,0.159,0.127,0.059,0.038,0.011,31,18,14,4,0.193,0.190,0.100,0.070,0.054,0.041,23,16,12,9
0.146,0.551,0.226,-0.52,0.062,0,0.0912,0.0511,0.143,0.341,0.207,0.159,0.127,0.059,0.038,0.011,31,18,14,4,0.193,0.190,0.100,0.070,0.054,0.041,23,16,12,9
0.173,0.405,0.001,1.99,0.186,0,0.0919,0.0505,0.086,-0.326,0.207,0.159,0.127,0.059,0.038,0.011,31,18,14,4,0.193,0.190,0.100,0.070,0.054,0.041,23,16,12,9
0.203,0.490,0.005,2.1,0.128,0,0.0906,0.0465,0.065,0.02,0.207,0.159,0.127,0.059,0.038,0.011,31,18,14,4,0.193,0.190,0.100,0.070,0.054,0.041,23,16,12,9
0.279,0.571,0.280,-0.48,0.134,0,0.1051,0.0546,0.218,0.007,0.207,0.159,0.127,0.059,0.038,0.011,31,18,14,4,0.193,0.190,0.100,0.070,0.054,0.041,23,16,12,9
0.247,0.566,0.235,0.22,0.230,0,0.1220,0.0642,0.293,0.303,0.207,0.159,0.127,0.059,0.038,0.011,31,18,14,4,0.193,0.190,0.100,0.070,0.054,0.041,23,16,12,9
0.247,0.461,0.002,1.99,0.186,0,0.1360,0.0682,0.119,-0.326,0.207,0.159,0.127,0.059,0.038,0.011,31,18,14,4,0.193,0.190,0.100,0.070,0.054,0.041,23,16,12,9
0.244,0.511,0.277,-0.08,0.108,0,0.1611,0.0834,0.139,0.059,0.207,0.159,0.127,0.059,0.038,0.011,31,18,14,4,0.193,0.190,0.100,0.070,0.054,0.041,23,16,12,9
0.275,0.736,0.557,0.2,0.291,1,0.2003,0.1125,0.408,0.180,0.207,0.159,0.127,0.059,0.038,0.011,31,18,14,4,0.193,0.190,0.100,0.070,0.054,0.041,23,16,12,9
0.275,0.691,0.264,-0.52,0.062,0,0.2345,0.1391,0.300,0.341,0.207,0.159,0.127,0.059,0.038,0.011,31,18,14,4,0.193,0.190,0.100,0.070,0.054,0.041,23,16,12,9
0.237,0.318,0.006,1.99,0.186,0,0.2669,0.1665,0.122,-0.326,0.207,0.159,0.127,0.059,0.038,0.011,31,18,14,4,0.193,0.190,0.100,0.070,0.054,0.041,23,16,12,9
0.228,0.319,0.409,1.42,0.221,0,0.2962,0.1934,0.162,-0.397,0.207,0.159,0.127,0.059,0.038,0.011,31,18,14,4,0.193,0.190,0.100,0.070,0.054,0.041,23,16,12,9
0.218,0.810,0.474,-1.19,0.219,1,0.3252,0.2223,0.471,0.586,0.207,0.159,0.127,0.059,0.038,0.011,31,18,14,4,0.193,0.190,0.100,0.070,0.054,0.041,23,16,12,9
0.226,0.777,0.229,-1.19,0.219,1,0.3472,0.2460,0.395,0.586,0.207,0.159,0.127,0.059,0.038,0.011,31,18,14,4,0.193,0.190,0.100,0.070,0.054,0.041,23,16,12,9
0.190,0.312,0.016,2.53,0.140,0,0.3534,0.2588,0.101,-0.121,0.207,0.159,0.127,0.059,0.038,0.011,31,18,14,4,0.193,0.190,0.100,0.070,0.054,0.041,23,16,12,9
0.226,0.430,0.094,0.22,0.230,0,0.3591,0.2711,0.325,0.303,0.207,0.159,0.127,0.059,0.038,0.011,31,18,14,4,0.193,0.190,0.100,0.070,0.054,0.041,23,16,12,9
0.176,0.326,0.027,1.99,0.186,0,0.3715,0.2871,0.244,-0.326,0.207,0.159,0.127,0.059,0.038,0.011,31,18,14,4,0.193,0.190,0.100,0.070,0.054,0.041,23,16,12,9
0.185,0.785,0.219,0.2,0.291,1,0.3864,0.3025,0.328,0.180,0.207,0.159,0.127,0.059,0.038,0.011,31,18,14,4,0.193,0.190,0.100,0.070,0.054,0.041,23,16,12,9
0.187,0.701,0.056,-0.08,0.108,0,0.4013,0.3158,0.229,0.059,0.207,0.159,0.127,0.059,0.038,0.011,31,18,14,4,0.193,0.190,0.100,0.070,0.054,0.041,23,16,12,9
0.172,0.285,0.174,-0.52,0.062,0,0.4134,0.3263,0.247,0.341,0.207,0.159,0.127,0.059,0.038,0.011,31,18,14,4,0.193,0.190,0.100,0.070,0.054,0.041,23,16,12,9
0.135,0.220,0.188,-0.79,0.151,-1,0.4183,0.3320,0.489,0.736,0.207,0.159,0.127,0.059,0.038,0.011,31,18,14,4,0.193,0.190,0.100,0.070,0.054,0.041,23,16,12,9
0.111,0.171,0.017,-1.1,0.105,-1,0.4252,0.3368,0.296,0.192,0.207,0.159,0.127,0.059,0.038,0.011,31,18,14,4,0.193,0.190,0.100,0.070,0.054,0.041,23,16,12,9
0.090,0.185,0.005,1.99,0.186,0,0.4458,0.3566,0.124,-0.326,0.207,0.159,0.127,0.059,0.038,0.011,31,18,14,4,0.193,0.190,0.100,0.070,0.054,0.041,23,16,12,9
0.070,0.364,0.142,0.2,0.291,1,0.4637,0.3748,0.441,0.180,0.207,0.159,0.127,0.059,0.038,0.011,31,18,14,4,0.193,0.190,0.100,0.070,0.054,0.041,23,16,12,9
0.056,0.327,0.001,-0.48,0.134,0,0.4713,0.3839,0.442,0.007,0.207,0.159,0.127,0.059,0.038,0.011,31,18,14,4,0.193,0.190,0.100,0.070,0.054,0.041,23,16,12,9
0.058,0.178,0.002,2.1,0.128,0,0.4741,0.3941,0.132,0.02,0.207,0.159,0.127,0.059,0.038,0.011,31,18,14,4,0.193,0.190,0.100,0.070,0.054,0.041,23,16,12,9
0.056,0.195,0.002,-0.79,0.151,-1,0.4765,0.4104,0.453,0.736,0.207,0.159,0.127,0.059,0.038,0.011,31,18,14,4,0.193,0.190,0.100,0.070,0.054,0.041,23,16,12,9
0.071,0.294,0.106,-0.52,0.062,0,0.4807,0.4269,0.425,0.341,0.207,0.159,0.127,0.059,0.038,0.011,31,18,14,4,0.193,0.190,0.100,0.070,0.054,0.041,23,16,12,9
0.069,0.247,0.004,-1.1,0.105,-1,0.4822,0.4389,0.389,0.192,0.207,0.159,0.127,0.059,0.038,0.011,31,18,14,4,0.193,0.190,0.100,0.070,0.054,0.041,23,16,12,9
0.072,0.266,0.001,-0.08,0.108,0,0.4860,0.4494,0.315,0.059,0.207,0.159,0.127,0.059,0.038,0.011,31,18,14,4,0.193,0.190,0.100,0.070,0.054,0.041,23,16,12,9
0.074,0.226,0.001,-0.79,0.151,-1,0.4996,0.4673,0.475,0.736,0.207,0.159,0.127,0.059,0.038,0.011,31,18,14,4,0.193,0.190,0.100,0.070,0.054,0.041,23,16,12,9
0.087,0.252,0.002,-0.79,0.151,-1,0.5145,0.4823,0.402,0.736,0.207,0.159,0.127,0.059,0.038,0.011,31,18,14,4,0.193,0.190,0.100,0.070,0.054,0.041,23,16,12,9
0.094,0.348,0.066,-0.48,0.134,0,0.5269,0.4934,0.173,0.007,0.207,0.159,0.127,0.059,0.038,0.011,31,18,14,4,0.193,0.190,0.100,0.070,0.054,0.041,23,16,12,9
0.098,0.227,0.148,3.14,0.186,0,0.5481,0.5087,0.178,-0.486,0.207,0.159,0.127,0.059,0.038,0.011,31,18,14,4,0.193,0.190,0.100,0.070,0.054,0.041,23,16,12,9
0.098,0.278,0.131,0.85,0.046,0,0.5772,0.5308,0.387,0.06,0.207,0.159,0.127,0.059,0.038,0.011,31,18,14,4,0.193,0.190,0.100,0.070,0.054,0.041,23,16,12,9
0.122,0.402,0.376,0.2,0.291,1,0.6148,0.5569,0.374,0.180,0.207,0.159,0.127,0.059,0.038,0.011,31,18,14,4,0.193,0.190,0.100,0.070,0.054,0.041,23,16,12,9
0.125,0.408,0.580,0.2,0.291,1,0.6473,0.5883,0.293,0.180,0.207,0.159,0.127,0.059,0.038,0.011,31,18,14,4,0.193,0.190,0.100,0.070,0.054,0.041,23,16,12,9
0.145,0.377,0.463,-1.19,0.219,1,0.6591,0.6171,0.402,0.586,0.207,0.159,0.127,0.059,0.038,0.011,31,18,14,4,0.193,0.190,0.100,0.070,0.054,0.041,23,16,12,9
0.145,0.248,0.206,0.85,0.046,0,0.6567,0.6456,0.414,0.06,0.207,0.159,0.127,0.059,0.038,0.011,31,18,14,4,0.193,0.190,0.100,0.070,0.054,0.041,23,16,12,9
0.150,0.218,0.230,1.99,0.186,0,0.6552,0.6799,0.281,-0.326,0.207,0.159,0.127,0.059,0.038,0.011,31,18,14,4,0.193,0.190,0.100,0.070,0.054,0.041,23,16,12,9
0.158,0.257,0.419,0.22,0.230,0,0.6498,0.7185,0.341,0.303,0.207,0.159,0.127,0.059,0.038,0.011,31,18,14,4,0.193,0.190,0.100,0.070,0.054,0.041,23,16,12,9
0.196,0.250,0.395,-1.14,0.131,0,0.6486,0.7599,0.414,0.987,0.207,0.159,0.127,0.059,0.038,0.011,31,18,14,4,0.193,0.190,0.100,0.070,0.054,0.041,23,16,12,9
0.247,0.470,0.590,0.2,0.291,1,0.6550,0.8032,0.454,0.180,0.207,0.159,0.127,0.059,0.038,0.011,31,18,14,4,0.193,0.190,0.100,0.070,0.054,0.041,23,16,12,9
0.302,0.488,0.780,0.2,0.291,1,0.6708,0.8467,0.407,0.180,0.207,0.159,0.127,0.059,0.038,0.011,31,18,14,4,0.193,0.190,0.100,0.070,0.054,0.041,23,16,12,9
0.321,0.508,0.760,0.2,0.291,1,0.6948,0.8883,0.443,0.180,0.207,0.159,0.127,0.059,0.038,0.011,31,18,14,4,0.193,0.190,0.100,0.070,0.054,0.041,23,16,12,9
0.333,0.394,0.695,-0.52,0.062,0,0.7227,0.9253,0.416,0.341,0.207,0.159,0.127,0.059,0.038,0.011,31,18,14,4,0.193,0.190,0.100,0.070,0.054,0.041,23,16,12,9
0.333,0.421,0.650,-0.52,0.062,0,0.7455,0.9546,0.467,0.341,0.207,0.159,0.127,0.059,0.038,0.011,31,18,14,4,0.193,0.190,0.100,0.070,0.054,0.041,23,16,12,9
0.333,0.438,0.552,-0.08,0.108,0,0.7494,0.9722,0.556,0.059,0.207,0.159,0.127,0.059,0.038,0.011,31,18,14,4,0.193,0.190,0.100,0.070,0.054,0.041,23,16,12,9
0.254,0.424,0.489,-0.52,0.062,0,0.7144,0.9736,0.879,0.341,0.207,0.159,0.127,0.059,0.038,0.011,31,18,14,4,0.193,0.190,0.100,0.070,0.054,0.041,23,16,12,9
