0.257,0.330,0.284,1.42,0.221,0,0.1814,0.7786,0.569,-0.397,0.176,0.097,0.015,0.000,0.000,0.000,3,0,0,0,0.159,0.126,0.025,0.020,0.012,0.007,6,5,3,2
0.239,0.288,0.156,-1.1,0.105,-1,0.1387,0.7057,0.380,0.192,0.176,0.097,0.015,0.000,0.000,0.000,3,0,0,0,0.159,0.126,0.025,0.020,0.012,0.007,6,5,3,2
0.311,0.353,0.266,3.14,0.186,0,0.1294,0.6388,0.220,-0.486,0.176,0.097,0.015,0.000,0.000,0.000,3,0,0,0,0.159,0.126,0.025,0.020,0.012,0.007,6,5,3,2
0.284,0.384,0.188,1.99,0.186,0,0.1367,0.5718,0.162,-0.326,0.176,0.097,0.015,0.000,0.000,0.000,3,0,0,0,0.159,0.126,0.025,0.020,0.012,0.007,6,5,3,2
0.268,0.547,0.608,0.2,0.291,1,0.1488,0.5016,0.377,0.180,0.176,0.097,0.015,0.000,0.000,0.000,3,0,0,0,0.159,0.126,0.025,0.020,0.012,0.007,6,5,3,2
0.216,0.513,0.547,-1.19,0.219,1,0.1580,0.4280,0.464,0.586,0.176,0.097,0.015,0.000,0.000,0.000,3,0,0,0,0.159,0.126,0.025,0.020,0.012,0.007,6,5,3,2
0.222,0.443,0.501,0,0.000,0,0.1605,0.3524,0.344,0.166,0.176,0.097,0.015,0.000,0.000,0.000,3,0,0,0,0.159,0.126,0.025,0.020,0.012,0.007,6,5,3,2
0.194,0.574,0.488,-0.48,0.134,0,0.1552,0.2777,0.349,0.007,0.176,0.097,0.015,0.000,0.000,0.000,3,0,0,0,0.159,0.126,0.025,0.020,0.012,0.007,6,5,3,2
0.183,0.546,0.686,-1.19,0.219,1,0.1434,0.2079,0.441,0.586,0.176,0.097,0.015,0.000,0.000,0.000,3,0,0,0,0.159,0.126,0.025,0.020,0.012,0.007,6,5,3,2
0.182,0.425,0.592,-1.1,0.105,-1,0.1279,0.1470,0.386,0.192,0.176,0.097,0.015,0.000,0.000,0.000,3,0,0,0,0.159,0.126,0.025,0.020,0.012,0.007,6,5,3,2
0.181,0.409,0.058,1.99,0.186,0,0.1108,0.0993,0.105,-0.326,0.176,0.097,0.015,0.000,0.000,0.000,3,0,0,0,0.159,0.126,0.025,0.020,0.012,0.007,6,5,3,2
0.148,0.365,0.160,3.14,0.186,0,0.1071,0.0751,0.093,-0.486,0.176,0.097,0.015,0.000,0.000,0.000,3,0,0,0,0.159,0.126,0.025,0.020,0.012,0.007,6,5,3,2
0.154,0.474,0.679,-1.19,0.219,1,0.1116,0.0667,0.396,0.586,0.176,0.097,0.015,0.000,0.000,0.000,3,0,0,0,0.159,0.126,0.025,0.020,0.012,0.007,6,5,3,2
0.154,0.283,0.270,-1.1,0.105,-1,0.1134,0.0652,0.247,0.192,0.176,0.097,0.015,0.000,0.000,0.000,3,0,0,0,0.159,0.126,0.025,0.020,0.012,0.007,6,5,3,2
0.160,0.221,0.342,3.14,0.186,0,0.1174,0.0713,0.108,-0.486,0.176,0.097,0.015,0.000,0.000,0.000,3,0,0,0,0.159,0.126,0.025,0.020,0.012,0.007,6,5,3,2
0.126,0.475,0.694,-0.48,0.134,0,0.1145,0.0763,0.241,0.007,0.176,0.097,0.015,0.000,0.000,0.000,3,0,0,0,0.159,0.126,0.025,0.020,0.012,0.007,6,5,3,2
0.126,0.623,0.380,0.2,0.291,1,0.1183,0.0818,0.279,0.180,0.176,0.097,0.015,0.000,0.000,0.000,3,0,0,0,0.159,0.126,0.025,0.020,0.012,0.007,6,5,3,2
0.126,0.557,0.070,1.37,0.298,0,0.1263,0.0883,0.227,-0.510,0.176,0.097,0.015,0.000,0.000,0.000,3,0,0,0,0.159,0.126,0.025,0.020,0.012,0.007,6,5,3,2
0.122,0.482,0.221,-0.08,0.108,0,0.1331,0.0885,0.141,0.059,0.176,0.097,0.015,0.000,0.000,0.000,3,0,0,0,0.159,0.126,0.025,0.020,0.012,0.007,6,5,3,2
0.096,0.430,0.001,2.53,0.140,0,0.1425,0.0887,0.064,-0.121,0.176,0.097,0.015,0.000,0.000,0.000,3,0,0,0,0.159,0.126,0.025,0.020,0.012,0.007,6,5,3,2
0.095,0.341,0.006,1.99,0.186,0,0.1548,0.0917,0.102,-0.326,0.176,0.097,0.015,0.000,0.000,0.000,3,0,0,0,0.159,0.126,0.025,0.020,0.012,0.007,6,5,3,2
0.099,0.409,0.120,-0.48,0.134,0,0.1612,0.0911,0.172,0.007,0.176,0.097,0.015,0.000,0.000,0.000,3,0,0,0,0.159,0.126,0.025,0.020,0.012,0.007,6,5,3,2
0.096,0.283,0.005,1.99,0.186,0,0.1777,0.0967,0.074,-0.326,0.176,0.097,0.015,0.000,0.000,0.000,3,0,0,0,0.159,0.126,0.025,0.020,0.012,0.007,6,5,3,2
0.062,0.282,0.005,3.14,0.186,0,0.1906,0.1009,0.074,-0.486,0.176,0.097,0.015,0.000,0.000,0.000,3,0,0,0,0.159,0.126,0.025,0.020,0.012,0.007,6,5,3,2
0.063,0.378,0.206,0.2,0.291,1,0.2052,0.1070,0.308,0.180,0.176,0.097,0.015,0.000,0.000,0.000,3,0,0,0,0.159,0.126,0.025,0.020,0.012,0.007,6,5,3,2
0.065,0.318,0.038,-0.79,0.151,-1,0.2144,0.1108,0.475,0.736,0.176,0.097,0.015,0.000,0.000,0.000,3,0,0,0,0.159,0.126,0.025,0.020,0.012,0.007,6,5,3,2
0.097,0.547,0.335,-1.19,0.219,1,0.2076,0.1033,0.436,0.586,0.176,0.097,0.015,0.000,0.000,0.000,3,0,0,0,0.159,0.126,0.025,0.020,0.012,0.007,6,5,3,2
0.116,0.435,0.374,0,0.000,0,0.2010,0.1001,0.252,0.166,0.176,0.097,0.015,0.000,0.000,0.000,3,0,0,0,0.159,0.126,0.025,0.020,0.012,0.007,6,5,3,2
0.134,0.503,0.511,-0.79,0.151,-1,0.1922,0.0982,0.393,0.736,0.176,0.097,0.015,0.000,0.000,0.000,3,0,0,0,0.159,0.126,0.025,0.020,0.012,0.007,6,5,3,2
0.135,0.474,0.661,3.14,0.186,0,0.1962,0.1085,0.213,-0.486,0.176,0.097,0.015,0.000,0.000,0.000,3,0,0,0,0.159,0.126,0.025,0.020,0.012,0.007,6,5,3,2
0.111,0.574,0.990,-0.08,0.108,0,0.2166,0.1307,0.241,0.059,0.176,0.097,0.015,0.000,0.000,0.000,3,0,0,0,0.159,0.126,0.025,0.020,0.012,0.007,6,5,3,2
0.114,0.668,0.998,0.2,0.291,1,0.2530,0.1622,0.296,0.180,0.176,0.097,0.015,0.000,0.000,0.000,3,0,0,0,0.159,0.126,0.025,0.020,0.012,0.007,6,5,3,2
0.140,0.587,0.901,-0.08,0.108,0,0.2786,0.1846,0.345,0.059,0.176,0.097,0.015,0.000,0.000,0.000,3,0,0,0,0.159,0.126,0.025,0.020,0.012,0.007,6,5,3,2
0.148,0.460,0.251,-0.79,0.151,-1,0.2850,0.1928,0.282,0.736,0.176,0.097,0.015,0.000,0.000,0.000,3,0,0,0,0.159,0.126,0.025,0.020,0.012,0.007,6,5,3,2
0.144,0.417,0.077,3.14,0.186,0,0.2909,0.1995,0.077,-0.486,0.176,0.097,0.015,0.000,0.000,0.000,3,0,0,0,0.159,0.126,0.025,0.020,0.012,0.007,6,5,3,2
0.138,0.399,0.229,0.85,0.046,0,0.2811,0.1959,0.156,0.06,0.176,0.097,0.015,0.000,0.000,0.000,3,0,0,0,0.159,0.126,0.025,0.020,0.012,0.007,6,5,3,2
0.160,0.471,0.279,-1.19,0.219,1,0.2637,0.1868,0.433,0.586,0.176,0.097,0.015,0.000,0.000,0.000,3,0,0,0,0.159,0.126,0.025,0.020,0.012,0.007,6,5,3,2
0.116,0.457,0.314,-1.19,0.219,1,0.2326,0.1679,0.344,0.586,0.176,0.097,0.015,0.000,0.000,0.000,3,0,0,0,0.159,0.126,0.025,0.020,0.012,0.007,6,5,3,2
0.111,0.304,0.102,2.1,0.128,0,0.1884,0.1386,0.095,0.02,0.176,0.097,0.015,0.000,0.000,0.000,3,0,0,0,0.159,0.126,0.025,0.020,0.012,0.007,6,5,3,2
0.136,0.331,0.117,-1.1,0.105,-1,0.1451,0.1108,0.368,0.192,0.176,0.097,0.015,0.000,0.000,0.000,3,0,0,0,0.159,0.126,0.025,0.020,0.012,0.007,6,5,3,2
0.134,0.352,0.842,1.69,0.290,0,0.1194,0.0975,0.167,-0.697,0.176,0.097,0.015,0.000,0.000,0.000,3,0,0,0,0.159,0.126,0.025,0.020,0.012,0.007,6,5,3,2
0.135,0.366,0.998,0,0.000,0,0.1022,0.0939,0.213,0.166,0.176,0.097,0.015,0.000,0.000,0.000,3,0,0,0,0.159,0.126,0.025,0.020,0.012,0.007,6,5,3,2
0.129,0.351,0.931,1.42,0.221,0,0.1084,0.1093,0.157,-0.397,0.176,0.097,0.015,0.000,0.000,0.000,3,0,0,0,0.159,0.126,0.025,0.020,0.012,0.007,6,5,3,2
0.132,0.398,0.998,-0.52,0.062,0,0.1177,0.1247,0.181,0.341,0.176,0.097,0.015,0.000,0.000,0.000,3,0,0,0,0.159,0.126,0.025,0.020,0.012,0.007,6,5,3,2
0.155,0.277,0.999,-0.08,0.108,0,0.1211,0.1340,0.116,0.059,0.176,0.097,0.015,0.000,0.000,0.000,3,0,0,0,0.159,0.126,0.025,0.020,0.012,0.007,6,5,3,2
0.131,0.200,0.307,1.99,0.186,0,0.1246,0.1414,0.047,-0.326,0.176,0.097,0.015,0.000,0.000,0.000,3,0,0,0,0.159,0.126,0.025,0.020,0.012,0.007,6,5,3,2
0.132,0.194,0.993,-0.08,0.108,0,0.1196,0.1421,0.163,0.059,0.176,0.097,0.015,0.000,0.000,0.000,3,0,0,0,0.159,0.126,0.025,0.020,0.012,0.007,6,5,3,2
0.104,0.213,0.929,1.37,0.298,0,0.1145,0.1426,0.150,-0.510,0.176,0.097,0.015,0.000,0.000,0.000,3,0,0,0,0.159,0.126,0.025,0.020,0.012,0.007,6,5,3,2
0.081,0.149,0.223,3.14,0.186,0,0.1051,0.1373,0.071,-0.486,0.176,0.097,0.015,0.000,0.000,0.000,3,0,0,0,0.159,0.126,0.025,0.020,0.012,0.007,6,5,3,2
0.079,0.124,0.002,1.99,0.186,0,0.1071,0.1392,0.064,-0.326,0.176,0.097,0.015,0.000,0.000,0.000,3,0,0,0,0.159,0.126,0.025,0.020,0.012,0.007,6,5,3,2
0.066,0.121,0.058,-1.1,0.105,-1,0.1055,0.1358,0.330,0.192,0.176,0.097,0.015,0.000,0.000,0.000,3,0,0,0,0.159,0.126,0.025,0.020,0.012,0.007,6,5,3,2
0.083,0.125,0.002,-1.1,0.105,-1,0.1008,0.1279,0.264,0.192,0.176,0.097,0.015,0.000,0.000,0.000,3,0,0,0,0.159,0.126,0.025,0.020,0.012,0.007,6,5,3,2
0.082,0.124,0.004,1.99,0.186,0,0.0981,0.1230,0.138,-0.326,0.176,0.097,0.015,0.000,0.000,0.000,3,0,0,0,0.159,0.126,0.025,0.020,0.012,0.007,6,5,3,2
0.063,0.178,0.003,-0.42,0.180,0,0.1047,0.1281,0.360,0.318,0.176,0.097,0.015,0.000,0.000,0.000,3,0,0,0,0.159,0.126,0.025,0.020,0.012,0.007,6,5,3,2
0.057,0.197,0.004,-0.42,0.180,0,0.1367,0.1570,0.406,0.318,0.176,0.097,0.015,0.000,0.000,0.000,3,0,0,0,0.159,0.126,0.025,0.020,0.012,0.007,6,5,3,2
0.063,0.168,0.001,-0.79,0.151,-1,0.1674,0.1853,0.336,0.736,0.176,0.097,0.015,0.000,0.000,0.000,3,0,0,0,0.159,0.126,0.025,0.020,0.012,0.007,6,5,3,2
0.067,0.176,0.001,0,0.000,0,0.2018,0.2165,0.240,0.166,0.176,0.097,0.015,0.000,0.000,0.000,3,0,0,0,0.159,0.126,0.025,0.020,0.012,0.007,6,5,3,2
0.067,0.173,0.002,3.14,0.186,0,0.2488,0.2553,0.093,-0.486,0.176,0.097,0.015,0.000,0.000,0.000,3,0,0,0,0.159,0.126,0.025,0.020,0.012,0.007,6,5,3,2
0.077,0.107,0.004,3.14,0.186,0,0.2980,0.2950,0.168,-0.486,0.176,0.097,0.015,0.000,0.000,0.000,3,0,0,0,0.159,0.126,0.025,0.020,0.012,0.007,6,5,3,2
0.081,0.113,0.057,1.99,0.186,0,0.3566,0.3393,0.107,-0.326,0.176,0.097,0.015,0.000,0.000,0.000,3,0,0,0,0.159,0.126,0.025,0.020,0.012,0.007,6,5,3,2
0.084,0.156,0.050,-0.79,0.151,-1,0.4055,0.3738,0.284,0.736,0.176,0.097,0.015,0.000,0.000,0.000,3,0,0,0,0.159,0.126,0.025,0.020,0.012,0.007,6,5,3,2
0.091,0.212,0.175,0,0.000,0,0.4282,0.3849,0.159,0.166,0.176,0.097,0.015,0.000,0.000,0.000,3,0,0,0,0.159,0.126,0.025,0.020,0.012,0.007,6,5,3,2
0.096,0.207,0.231,0.85,0.046,0,0.4196,0.3680,0.138,0.06,0.176,0.097,0.015,0.000,0.000,0.000,3,0,0,0,0.159,0.126,0.025,0.020,0.012,0.007,6,5,3,2
0.120,0.259,0.473,-0.79,0.151,-1,0.3983,0.3392,0.312,0.736,0.176,0.097,0.015,0.000,0.000,0.000,3,0,0,0,0.159,0.126,0.025,0.020,0.012,0.007,6,5,3,2
0.123,0.353,0.651,-0.08,0.108,0,0.3668,0.3037,0.233,0.059,0.176,0.097,0.015,0.000,0.000,0.000,3,0,0,0,0.159,0.126,0.025,0.020,0.012,0.007,6,5,3,2
0.127,0.455,0.791,-0.52,0.062,0,0.3404,0.2729,0.214,0.341,0.176,0.097,0.015,0.000,0.000,0.000,3,0,0,0,0.159,0.126,0.025,0.020,0.012,0.007,6,5,3,2
0.161,0.537,0.798,-0.52,0.062,0,0.3204,0.2488,0.331,0.341,0.176,0.097,0.015,0.000,0.000,0.000,3,0,0,0,0.159,0.126,0.025,0.020,0.012,0.007,6,5,3,2
0.131,0.722,0.851,-0.08,0.108,0,0.3205,0.2439,0.374,0.059,0.176,0.097,0.015,0.000,0.000,0.000,3,0,0,0,0.159,0.126,0.025,0.020,0.012,0.007,6,5,3,2
0.114,0.697,0.884,0,0.000,0,0.3286,0.2466,0.292,0.166,0.176,0.097,0.015,0.000,0.000,0.000,3,0,0,0,0.159,0.126,0.025,0.020,0.012,0.007,6,5,3,2
0.144,0.628,0.755,0,0.000,0,0.3428,0.2551,0.296,0.166,0.176,0.097,0.015,0.000,0.000,0.000,3,0,0,0,0.159,0.126,0.025,0.020,0.012,0.007,6,5,3,2
0.139,0.838,0.951,0.2,0.291,1,0.3473,0.2582,0.284,0.180,0.176,0.097,0.015,0.000,0.000,0.000,3,0,0,0,0.159,0.126,0.025,0.020,0.012,0.007,6,5,3,2
0.152,0.867,0.835,0.2,0.291,1,0.3454,0.2580,0.222,0.180,0.176,0.097,0.015,0.000,0.000,0.000,3,0,0,0,0.159,0.126,0.025,0.020,0.012,0.007,6,5,3,2
0.152,0.605,0.677,0.85,0.046,0,0.3369,0.2544,0.158,0.06,0.176,0.097,0.015,0.000,0.000,0.000,3,0,0,0,0.159,0.126,0.025,0.020,0.012,0.007,6,5,3,2
0.125,0.817,0.591,-1.19,0.219,1,0.3012,0.2287,0.240,0.586,0.176,0.097,0.015,0.000,0.000,0.000,3,0,0,0,0.159,0.126,0.025,0.020,0.012,0.007,6,5,3,2
0.153,0.588,0.233,1.99,0.186,0,0.2515,0.1921,0.066,-0.326,0.176,0.097,0.015,0.000,0.000,0.000,3,0,0,0,0.159,0.126,0.025,0.020,0.012,0.007,6,5,3,2
0.160,0.476,0.033,2.53,0.140,0,0.1924,0.1469,0.093,-0.121,0.176,0.097,0.015,0.000,0.000,0.000,3,0,0,0,0.159,0.126,0.025,0.020,0.012,0.007,6,5,3,2
0.160,0.651,0.414,0.2,0.291,1,0.1348,0.1022,0.274,0.180,0.176,0.097,0.015,0.000,0.000,0.000,3,0,0,0,0.159,0.126,0.025,0.020,0.012,0.007,6,5,3,2
0.153,0.468,0.155,1.69,0.290,0,0.1018,0.0745,0.109,-0.697,0.176,0.097,0.015,0.000,0.000,0.000,3,0,0,0,0.159,0.126,0.025,0.020,0.012,0.007,6,5,3,2
0.196,0.483,0.552,-0.48,0.134,0,0.0863,0.0602,0.212,0.007,0.176,0.097,0.015,0.000,0.000,0.000,3,0,0,0,0.159,0.126,0.025,0.020,0.012,0.007,6,5,3,2
0.193,0.496,0.607,-1.19,0.219,1,0.0848,0.0581,0.452,0.586,0.176,0.097,0.015,0.000,0.000,0.000,3,0,0,0,0.159,0.126,0.025,0.020,0.012,0.007,6,5,3,2
0.156,0.373,0.507,-1.1,0.105,-1,0.0807,0.0526,0.474,0.192,0.176,0.097,0.015,0.000,0.000,0.000,3,0,0,0,0.159,0.126,0.025,0.020,0.012,0.007,6,5,3,2
0.123,0.507,0.451,1.37,0.298,0,0.0853,0.0566,0.172,-0.510,0.176,0.097,0.015,0.000,0.000,0.000,3,0,0,0,0.159,0.126,0.025,0.020,0.012,0.007,6,5,3,2
0.096,0.353,0.400,0,0.000,0,0.0838,0.0565,0.183,0.166,0.176,0.097,0.015,0.000,0.000,0.000,3,0,0,0,0.159,0.126,0.025,0.020,0.012,0.007,6,5,3,2
0.093,0.292,0.297,1.69,0.290,0,0.0825,0.0579,0.096,-0.697,0.176,0.097,0.015,0.000,0.000,0.000,3,0,0,0,0.159,0.126,0.025,0.020,0.012,0.007,6,5,3,2
0.074,0.195,0.091,2.53,0.140,0,0.0780,0.0583,0.133,-0.121,0.176,0.097,0.015,0.000,0.000,0.000,3,0,0,0,0.159,0.126,0.025,0.020,0.012,0.007,6,5,3,2
0.074,0.226,0.039,2.53,0.140,0,0.0769,0.0617,0.101,-0.121,0.176,0.097,0.015,0.000,0.000,0.000,3,0,0,0,0.159,0.126,0.025,0.020,0.012,0.007,6,5,3,2
0.060,0.273,0.206,-0.52,0.062,0,0.0665,0.0573,0.167,0.341,0.176,0.097,0.015,0.000,0.000,0.000,3,0,0,0,0.159,0.126,0.025,0.020,0.012,0.007,6,5,3,2
0.058,0.230,0.037,2.53,0.140,0,0.0562,0.0526,0.086,-0.121,0.176,0.097,0.015,0.000,0.000,0.000,3,0,0,0,0.159,0.126,0.025,0.020,0.012,0.007,6,5,3,2
0.071,0.314,0.683,-1.19,0.219,1,0.0468,0.0478,0.324,0.586,0.176,0.097,0.015,0.000,0.000,0.000,3,0,0,0,0.159,0.126,0.025,0.020,0.012,0.007,6,5,3,2
0.080,0.189,0.344,2.53,0.140,0,0.0451,0.0475,0.137,-0.121,0.176,0.097,0.015,0.000,0.000,0.000,3,0,0,0,0.159,0.126,0.025,0.020,0.012,0.007,6,5,3,2
0.061,0.184,0.659,-0.79,0.151,-1,0.0446,0.0470,0.346,0.736,0.176,0.097,0.015,0.000,0.000,0.000,3,0,0,0,0.159,0.126,0.025,0.020,0.012,0.007,6,5,3,2
0.064,0.141,0.521,-0.79,0.151,-1,0.0495,0.0500,0.292,0.736,0.176,0.097,0.015,0.000,0.000,0.000,3,0,0,0,0.159,0.126,0.025,0.020,0.012,0.007,6,5,3,2
0.060,0.087,0.501,-0.79,0.151,-1,0.0501,0.0482,0.353,0.736,0.176,0.097,0.015,0.000,0.000,0.000,3,0,0,0,0.159,0.126,0.025,0.020,0.012,0.007,6,5,3,2
0.059,0.117,0.520,-0.42,0.180,0,0.0550,0.0495,0.232,0.318,0.176,0.097,0.015,0.000,0.000,0.000,3,0,0,0,0.159,0.126,0.025,0.020,0.012,0.007,6,5,3,2
0.058,0.103,0.008,1.99,0.186,0,0.0636,0.0541,0.063,-0.326,0.176,0.097,0.015,0.000,0.000,0.000,3,0,0,0,0.159,0.126,0.025,0.020,0.012,0.007,6,5,3,2
0.057,0.083,0.244,1.99,0.186,0,0.0783,0.0639,0.141,-0.326,0.176,0.097,0.015,0.000,0.000,0.000,3,0,0,0,0.159,0.126,0.025,0.020,0.012,0.007,6,5,3,2
0.055,0.077,0.007,1.69,0.290,0,0.0975,0.0783,0.185,-0.697,0.176,0.097,0.015,0.000,0.000,0.000,3,0,0,0,0.159,0.126,0.025,0.020,0.012,0.007,6,5,3,2
0.042,0.097,0.003,0.85,0.046,0,0.1158,0.0922,0.137,0.06,0.176,0.097,0.015,0.000,0.000,0.000,3,0,0,0,0.159,0.126,0.025,0.020,0.012,0.007,6,5,3,2
0.035,0.124,0.004,1.99,0.186,0,0.1269,0.1007,0.057,-0.326,0.176,0.097,0.015,0.000,0.000,0.000,3,0,0,0,0.159,0.126,0.025,0.020,0.012,0.007,6,5,3,2
0.026,0.143,0.015,-0.08,0.108,0,0.1246,0.1008,0.222,0.059,0.176,0.097,0.015,0.000,0.000,0.000,3,0,0,0,0.159,0.126,0.025,0.020,0.012,0.007,6,5,3,2
0.028,0.189,0.237,-1.1,0.105,-1,0.1173,0.0990,0.369,0.192,0.176,0.097,0.015,0.000,0.000,0.000,3,0,0,0,0.159,0.126,0.025,0.020,0.012,0.007,6,5,3,2
0.034,0.125,0.073,1.99,0.186,0,0.1038,0.0921,0.125,-0.326,0.176,0.097,0.015,0.000,0.000,0.000,3,0,0,0,0.159,0.126,0.025,0.020,0.012,0.007,6,5,3,2
0.040,0.114,0.066,-0.48,0.134,0,0.0905,0.0850,0.245,0.007,0.176,0.097,0.015,0.000,0.000,0.000,3,0,0,0,0.159,0.126,0.025,0.020,0.012,0.007,6,5,3,2
0.041,0.097,0.019,0.85,0.046,0,0.0919,0.0921,0.234,0.06,0.176,0.097,0.015,0.000,0.000,0.000,3,0,0,0,0.159,0.126,0.025,0.020,0.012,0.007,6,5,3,2
0.045,0.105,0.066,-0.79,0.151,-1,0.0938,0.0994,0.369,0.736,0.176,0.097,0.015,0.000,0.000,0.000,3,0,0,0,0.159,0.126,0.025,0.020,0.012,0.007,6,5,3,2
0.047,0.092,0.094,3.14,0.186,0,0.1197,0.1257,0.122,-0.486,0.176,0.097,0.015,0.000,0.000,0.000,3,0,0,0,0.159,0.126,0.025,0.020,0.012,0.007,6,5,3,2
0.038,0.112,0.222,3.14,0.186,0,0.1574,0.1601,0.124,-0.486,0.176,0.097,0.015,0.000,0.000,0.000,3,0,0,0,0.159,0.126,0.025,0.020,0.012,0.007,6,5,3,2
0.059,0.179,0.178,-0.79,0.151,-1,0.2169,0.2131,0.417,0.736,0.176,0.097,0.015,0.000,0.000,0.000,3,0,0,0,0.159,0.126,0.025,0.020,0.012,0.007,6,5,3,2
0.074,0.272,0.208,-0.48,0.134,0,0.2849,0.2720,0.352,0.007,0.176,0.097,0.015,0.000,0.000,0.000,3,0,0,0,0.159,0.126,0.025,0.020,0.012,0.007,6,5,3,2
0.071,0.280,0.189,-0.08,0.108,0,0.3449,0.3227,0.215,0.059,0.176,0.097,0.015,0.000,0.000,0.000,3,0,0,0,0.159,0.126,0.025,0.020,0.012,0.007,6,5,3,2
0.060,0.281,0.263,-0.52,0.062,0,0.3835,0.3553,0.341,0.341,0.176,0.097,0.015,0.000,0.000,0.000,3,0,0,0,0.159,0.126,0.025,0.020,0.012,0.007,6,5,3,2
0.050,0.199,0.105,3.14,0.186,0,0.4043,0.3738,0.144,-0.486,0.176,0.097,0.015,0.000,0.000,0.000,3,0,0,0,0.159,0.126,0.025,0.020,0.012,0.007,6,5,3,2
0.051,0.176,0.026,-1.14,0.131,0,0.4076,0.3793,0.340,0.987,0.176,0.097,0.015,0.000,0.000,0.000,3,0,0,0,0.159,0.126,0.025,0.020,0.012,0.007,6,5,3,2
0.059,0.204,0.104,1.69,0.290,0,0.4048,0.3811,0.208,-0.697,0.176,0.097,0.015,0.000,0.000,0.000,3,0,0,0,0.159,0.126,0.025,0.020,0.012,0.007,6,5,3,2
0.047,0.170,0.172,-0.52,0.062,0,0.3848,0.3694,0.355,0.341,0.176,0.097,0.015,0.000,0.000,0.000,3,0,0,0,0.159,0.126,0.025,0.020,0.012,0.007,6,5,3,2
0.059,0.138,0.320,-0.52,0.062,0,0.3659,0.3569,0.363,0.341,0.176,0.097,0.015,0.000,0.000,0.000,3,0,0,0,0.159,0.126,0.025,0.020,0.012,0.007,6,5,3,2
0.059,0.100,0.147,-0.79,0.151,-1,0.3470,0.3432,0.524,0.736,0.176,0.097,0.015,0.000,0.000,0.000,3,0,0,0,0.159,0.126,0.025,0.020,0.012,0.007,6,5,3,2
0.061,0.193,0.181,-1.19,0.219,1,0.3291,0.3312,0.501,0.586,0.176,0.097,0.015,0.000,0.000,0.000,3,0,0,0,0.159,0.126,0.025,0.020,0.012,0.007,6,5,3,2
0.094,0.177,0.426,-1.19,0.219,1,0.3200,0.3289,0.338,0.586,0.176,0.097,0.015,0.000,0.000,0.000,3,0,0,0,0.159,0.126,0.025,0.020,0.012,0.007,6,5,3,2
0.094,0.068,0.027,-1.14,0.131,0,0.3124,0.3255,0.185,0.987,0.176,0.097,0.015,0.000,0.000,0.000,3,0,0,0,0.159,0.126,0.025,0.020,0.012,0.007,6,5,3,2
0.099,0.079,0.037,-0.79,0.151,-1,0.3070,0.3235,0.484,0.736,0.176,0.097,0.015,0.000,0.000,0.000,3,0,0,0,0.159,0.126,0.025,0.020,0.012,0.007,6,5,3,2
0.117,0.099,0.002,-0.79,0.151,-1,0.3080,0.3254,0.374,0.736,0.176,0.097,0.015,0.000,0.000,0.000,3,0,0,0,0.159,0.126,0.025,0.020,0.012,0.007,6,5,3,2
0.148,0.066,0.001,0.85,0.046,0,0.3036,0.3230,0.027,0.06,0.176,0.097,0.015,0.000,0.000,0.000,3,0,0,0,0.159,0.126,0.025,0.020,0.012,0.007,6,5,3,2
0.161,0.058,0.003,3.14,0.186,0,0.3041,0.3224,0.051,-0.486,0.176,0.097,0.015,0.000,0.000,0.000,3,0,0,0,0.159,0.126,0.025,0.020,0.012,0.007,6,5,3,2
0.197,0.081,0.003,-0.79,0.151,-1,0.3019,0.3180,0.441,0.736,0.176,0.097,0.015,0.000,0.000,0.000,3,0,0,0,0.159,0.126,0.025,0.020,0.012,0.007,6,5,3,2
0.192,0.071,0.002,1.99,0.186,0,0.3140,0.3282,0.141,-0.326,0.176,0.097,0.015,0.000,0.000,0.000,3,0,0,0,0.159,0.126,0.025,0.020,0.012,0.007,6,5,3,2
0.157,0.078,0.002,3.14,0.186,0,0.3192,0.3314,0.027,-0.486,0.176,0.097,0.015,0.000,0.000,0.000,3,0,0,0,0.159,0.126,0.025,0.020,0.012,0.007,6,5,3,2
0.197,0.092,0.001,0.85,0.046,0,0.3189,0.3296,0.106,0.06,0.176,0.097,0.015,0.000,0.000,0.000,3,0,0,0,0.159,0.126,0.025,0.020,0.012,0.007,6,5,3,2
0.155,0.161,0.022,-1.19,0.219,1,0.3053,0.3157,0.491,0.586,0.176,0.097,0.015,0.000,0.000,0.000,3,0,0,0,0.159,0.126,0.025,0.020,0.012,0.007,6,5,3,2
0.131,0.171,0.009,-0.48,0.134,0,0.2776,0.2916,0.181,0.007,0.176,0.097,0.015,0.000,0.000,0.000,3,0,0,0,0.159,0.126,0.025,0.020,0.012,0.007,6,5,3,2
0.116,0.128,0.001,2.53,0.140,0,0.2468,0.2665,0.041,-0.121,0.176,0.097,0.015,0.000,0.000,0.000,3,0,0,0,0.159,0.126,0.025,0.020,0.012,0.007,6,5,3,2
0.152,0.287,0.174,-1.19,0.219,1,0.2242,0.2521,0.415,0.586,0.176,0.097,0.015,0.000,0.000,0.000,3,0,0,0,0.159,0.126,0.025,0.020,0.012,0.007,6,5,3,2
0.184,0.269,0.249,-1.19,0.219,1,0.1992,0.2352,0.476,0.586,0.176,0.097,0.015,0.000,0.000,0.000,3,0,0,0,0.159,0.126,0.025,0.020,0.012,0.007,6,5,3,2
0.182,0.158,0.032,1.42,0.221,0,0.1774,0.2173,0.158,-0.397,0.176,0.097,0.015,0.000,0.000,0.000,3,0,0,0,0.159,0.126,0.025,0.020,0.012,0.007,6,5,3,2
0.190,0.179,0.007,2.1,0.128,0,0.1611,0.2025,0.107,0.02,0.176,0.097,0.015,0.000,0.000,0.000,3,0,0,0,0.159,0.126,0.025,0.020,0.012,0.007,6,5,3,2
0.228,0.227,0.049,0,0.000,0,0.1557,0.1955,0.297,0.166,0.176,0.097,0.015,0.000,0.000,0.000,3,0,0,0,0.159,0.126,0.025,0.020,0.012,0.007,6,5,3,2
0.233,0.305,0.206,-0.48,0.134,0,0.1555,0.1931,0.349,0.007,0.176,0.097,0.015,0.000,0.000,0.000,3,0,0,0,0.159,0.126,0.025,0.020,0.012,0.007,6,5,3,2
0.233,0.420,0.333,0.2,0.291,1,0.1543,0.1895,0.366,0.180,0.176,0.097,0.015,0.000,0.000,0.000,3,0,0,0,0.159,0.126,0.025,0.020,0.012,0.007,6,5,3,2
0.233,0.306,0.078,-1.1,0.105,-1,0.1482,0.1826,0.269,0.192,0.176,0.097,0.015,0.000,0.000,0.000,3,0,0,0,0.159,0.126,0.025,0.020,0.012,0.007,6,5,3,2
0.188,0.332,0.320,1.42,0.221,0,0.1419,0.1708,0.120,-0.397,0.176,0.097,0.015,0.000,0.000,0.000,3,0,0,0,0.159,0.126,0.025,0.020,0.012,0.007,6,5,3,2
0.228,0.389,0.334,-0.48,0.134,0,0.1331,0.1586,0.238,0.007,0.176,0.097,0.015,0.000,0.000,0.000,3,0,0,0,0.159,0.126,0.025,0.020,0.012,0.007,6,5,3,2
0.232,0.393,0.233,0.22,0.230,0,0.1182,0.1395,0.204,0.303,0.176,0.097,0.015,0.000,0.000,0.000,3,0,0,0,0.159,0.126,0.025,0.020,0.012,0.007,6,5,3,2
0.191,0.304,0.010,1.99,0.186,0,0.1076,0.1259,0.079,-0.326,0.176,0.097,0.015,0.000,0.000,0.000,3,0,0,0,0.159,0.126,0.025,0.020,0.012,0.007,6,5,3,2
0.156,0.236,0.057,1.99,0.186,0,0.1109,0.1268,0.109,-0.326,0.176,0.097,0.015,0.000,0.000,0.000,3,0,0,0,0.159,0.126,0.025,0.020,0.012,0.007,6,5,3,2
0.127,0.284,0.323,0,0.000,0,0.1142,0.1288,0.150,0.166,0.176,0.097,0.015,0.000,0.000,0.000,3,0,0,0,0.159,0.126,0.025,0.020,0.012,0.007,6,5,3,2
0.129,0.161,0.020,2.53,0.140,0,0.1271,0.1394,0.079,-0.121,0.176,0.097,0.015,0.000,0.000,0.000,3,0,0,0,0.159,0.126,0.025,0.020,0.012,0.007,6,5,3,2
0.155,0.216,0.069,0,0.000,0,0.1279,0.1382,0.098,0.166,0.176,0.097,0.015,0.000,0.000,0.000,3,0,0,0,0.159,0.126,0.025,0.020,0.012,0.007,6,5,3,2
0.221,0.174,0.073,3.14,0.186,0,0.1250,0.1339,0.068,-0.486,0.176,0.097,0.015,0.000,0.000,0.000,3,0,0,0,0.159,0.126,0.025,0.020,0.012,0.007,6,5,3,2
0.217,0.174,0.090,0.85,0.046,0,0.1172,0.1258,0.059,0.06,0.176,0.097,0.015,0.000,0.000,0.000,3,0,0,0,0.159,0.126,0.025,0.020,0.012,0.007,6,5,3,2
0.215,0.345,0.233,3.14,0.186,0,0.1134,0.1227,0.054,-0.486,0.176,0.097,0.015,0.000,0.000,0.000,3,0,0,0,0.159,0.126,0.025,0.020,0.012,0.007,6,5,3,2
0.208,0.426,0.399,-0.52,0.062,0,0.1142,0.1218,0.099,0.341,0.176,0.097,0.015,0.000,0.000,0.000,3,0,0,0,0.159,0.126,0.025,0.020,0.012,0.007,6,5,3,2
0.235,0.558,0.420,0,0.000,0,0.1102,0.1137,0.127,0.166,0.176,0.097,0.015,0.000,0.000,0.000,3,0,0,0,0.159,0.126,0.025,0.020,0.012,0.007,6,5,3,2
0.229,0.482,0.182,1.99,0.186,0,0.0982,0.0982,0.148,-0.326,0.176,0.097,0.015,0.000,0.000,0.000,3,0,0,0,0.159,0.126,0.025,0.020,0.012,0.007,6,5,3,2
0.240,0.548,0.247,2.53,0.140,0,0.0969,0.0911,0.161,-0.121,0.176,0.097,0.015,0.000,0.000,0.000,3,0,0,0,0.159,0.126,0.025,0.020,0.012,0.007,6,5,3,2
0.231,0.611,0.333,-0.48,0.134,0,0.1078,0.0940,0.285,0.007,0.176,0.097,0.015,0.000,0.000,0.000,3,0,0,0,0.159,0.126,0.025,0.020,0.012,0.007,6,5,3,2
0.235,0.723,0.469,0.2,0.291,1,0.1260,0.1046,0.373,0.180,0.176,0.097,0.015,0.000,0.000,0.000,3,0,0,0,0.159,0.126,0.025,0.020,0.012,0.007,6,5,3,2
0.234,0.721,0.379,-1.19,0.219,1,0.1389,0.1142,0.509,0.586,0.176,0.097,0.015,0.000,0.000,0.000,3,0,0,0,0.159,0.126,0.025,0.020,0.012,0.007,6,5,3,2
0.234,0.716,0.350,-1.19,0.219,1,0.1523,0.1226,0.475,0.586,0.176,0.097,0.015,0.000,0.000,0.000,3,0,0,0,0.159,0.126,0.025,0.020,0.012,0.007,6,5,3,2
0.172,0.476,0.177,0,0.000,0,0.1647,0.1300,0.214,0.166,0.176,0.097,0.015,0.000,0.000,0.000,3,0,0,0,0.159,0.126,0.025,0.020,0.012,0.007,6,5,3,2
0.140,0.818,0.358,-0.08,0.108,0,0.1784,0.1363,0.208,0.059,0.176,0.097,0.015,0.000,0.000,0.000,3,0,0,0,0.159,0.126,0.025,0.020,0.012,0.007,6,5,3,2
0.122,0.391,0.041,2.53,0.140,0,0.1862,0.1390,0.135,-0.121,0.176,0.097,0.015,0.000,0.000,0.000,3,0,0,0,0.159,0.126,0.025,0.020,0.012,0.007,6,5,3,2
0.116,0.354,0.443,3.14,0.186,0,0.1947,0.1424,0.078,-0.486,0.176,0.097,0.015,0.000,0.000,0.000,3,0,0,0,0.159,0.126,0.025,0.020,0.012,0.007,6,5,3,2
0.114,0.708,0.656,0.2,0.291,1,0.2015,0.1453,0.205,0.180,0.176,0.097,0.015,0.000,0.000,0.000,3,0,0,0,0.159,0.126,0.025,0.020,0.012,0.007,6,5,3,2
0.114,0.694,0.497,-0.52,0.062,0,0.2076,0.1451,0.110,0.341,0.176,0.097,0.015,0.000,0.000,0.000,3,0,0,0,0.159,0.126,0.025,0.020,0.012,0.007,6,5,3,2
0.093,0.405,0.511,-0.08,0.108,0,0.1948,0.1312,0.146,0.059,0.176,0.097,0.015,0.000,0.000,0.000,3,0,0,0,0.159,0.126,0.025,0.020,0.012,0.007,6,5,3,2
0.111,0.240,0.592,1.42,0.221,0,0.1708,0.1098,0.137,-0.397,0.176,0.097,0.015,0.000,0.000,0.000,3,0,0,0,0.159,0.126,0.025,0.020,0.012,0.007,6,5,3,2
0.111,0.178,0.190,1.99,0.186,0,0.1481,0.0892,0.186,-0.326,0.176,0.097,0.015,0.000,0.000,0.000,3,0,0,0,0.159,0.126,0.025,0.020,0.012,0.007,6,5,3,2
0.089,0.150,0.256,0,0.000,0,0.1272,0.0703,0.180,0.166,0.176,0.097,0.015,0.000,0.000,0.000,3,0,0,0,0.159,0.126,0.025,0.020,0.012,0.007,6,5,3,2
0.076,0.199,0.271,1.76,0.409,0,0.1150,0.0582,0.157,-0.884,0.176,0.097,0.015,0.000,0.000,0.000,3,0,0,0,0.159,0.126,0.025,0.020,0.012,0.007,6,5,3,2
0.075,0.120,0.098,-0.79,0.151,-1,0.1089,0.0513,0.294,0.736,0.176,0.097,0.015,0.000,0.000,0.000,3,0,0,0,0.159,0.126,0.025,0.020,0.012,0.007,6,5,3,2
0.085,0.138,0.190,-0.48,0.134,0,0.1002,0.0410,0.270,0.007,0.176,0.097,0.015,0.000,0.000,0.000,3,0,0,0,0.159,0.126,0.025,0.020,0.012,0.007,6,5,3,2
0.070,0.107,0.322,2.53,0.140,0,0.0933,0.0346,0.137,-0.121,0.176,0.097,0.015,0.000,0.000,0.000,3,0,0,0,0.159,0.126,0.025,0.020,0.012,0.007,6,5,3,2
0.068,0.124,0.115,0.85,0.046,0,0.0929,0.0335,0.082,0.06,0.176,0.097,0.015,0.000,0.000,0.000,3,0,0,0,0.159,0.126,0.025,0.020,0.012,0.007,6,5,3,2
0.063,0.101,0.003,1.99,0.186,0,0.0994,0.0384,0.079,-0.326,0.176,0.097,0.015,0.000,0.000,0.000,3,0,0,0,0.159,0.126,0.025,0.020,0.012,0.007,6,5,3,2
0.058,0.067,0.080,-0.79,0.151,-1,0.1006,0.0401,0.190,0.736,0.176,0.097,0.015,0.000,0.000,0.000,3,0,0,0,0.159,0.126,0.025,0.020,0.012,0.007,6,5,3,2
0.058,0.068,0.009,0.85,0.046,0,0.0975,0.0394,0.128,0.06,0.176,0.097,0.015,0.000,0.000,0.000,3,0,0,0,0.159,0.126,0.025,0.020,0.012,0.007,6,5,3,2
0.056,0.088,0.002,1.42,0.221,0,0.0888,0.0346,0.114,-0.397,0.176,0.097,0.015,0.000,0.000,0.000,3,0,0,0,0.159,0.126,0.025,0.020,0.012,0.007,6,5,3,2
0.050,0.134,0.002,1.99,0.186,0,0.0877,0.0335,0.133,-0.326,0.176,0.097,0.015,0.000,0.000,0.000,3,0,0,0,0.159,0.126,0.025,0.020,0.012,0.007,6,5,3,2
0.049,0.175,0.041,0.22,0.230,0,0.0852,0.0322,0.318,0.303,0.176,0.097,0.015,0.000,0.000,0.000,3,0,0,0,0.159,0.126,0.025,0.020,0.012,0.007,6,5,3,2
0.069,0.119,0.003,0.85,0.046,0,0.0863,0.0330,0.248,0.06,0.176,0.097,0.015,0.000,0.000,0.000,3,0,0,0,0.159,0.126,0.025,0.020,0.012,0.007,6,5,3,2
0.106,0.212,0.007,0.22,0.230,0,0.0873,0.0344,0.325,0.303,0.176,0.097,0.015,0.000,0.000,0.000,3,0,0,0,0.159,0.126,0.025,0.020,0.012,0.007,6,5,3,2
0.106,0.184,0.003,1.69,0.290,0,0.0921,0.0370,0.130,-0.697,0.176,0.097,0.015,0.000,0.000,0.000,3,0,0,0,0.159,0.126,0.025,0.020,0.012,0.007,6,5,3,2
0.104,0.119,0.053,-1.14,0.131,0,0.0916,0.0375,0.333,0.987,0.176,0.097,0.015,0.000,0.000,0.000,3,0,0,0,0.159,0.126,0.025,0.020,0.012,0.007,6,5,3,2
0.087,0.150,0.071,-1.1,0.105,-1,0.0887,0.0369,0.449,0.192,0.176,0.097,0.015,0.000,0.000,0.000,3,0,0,0,0.159,0.126,0.025,0.020,0.012,0.007,6,5,3,2
0.090,0.124,0.018,3.14,0.186,0,0.0870,0.0372,0.076,-0.486,0.176,0.097,0.015,0.000,0.000,0.000,3,0,0,0,0.159,0.126,0.025,0.020,0.012,0.007,6,5,3,2
0.099,0.160,0.109,-1.14,0.131,0,0.0824,0.0361,0.216,0.987,0.176,0.097,0.015,0.000,0.000,0.000,3,0,0,0,0.159,0.126,0.025,0.020,0.012,0.007,6,5,3,2
0.093,0.187,0.012,2.53,0.140,0,0.0776,0.0352,0.138,-0.121,0.176,0.097,0.015,0.000,0.000,0.000,3,0,0,0,0.159,0.126,0.025,0.020,0.012,0.007,6,5,3,2
0.089,0.290,0.251,1.37,0.298,0,0.0687,0.0318,0.181,-0.510,0.176,0.097,0.015,0.000,0.000,0.000,3,0,0,0,0.159,0.126,0.025,0.020,0.012,0.007,6,5,3,2
0.090,0.230,0.029,2.53,0.140,0,0.0657,0.0305,0.112,-0.121,0.176,0.097,0.015,0.000,0.000,0.000,3,0,0,0,0.159,0.126,0.025,0.020,0.012,0.007,6,5,3,2
0.067,0.290,0.172,-1.1,0.105,-1,0.0600,0.0283,0.223,0.192,0.176,0.097,0.015,0.000,0.000,0.000,3,0,0,0,0.159,0.126,0.025,0.020,0.012,0.007,6,5,3,2
0.067,0.328,0.646,-1.19,0.219,1,0.0543,0.0256,0.412,0.586,0.176,0.097,0.015,0.000,0.000,0.000,3,0,0,0,0.159,0.126,0.025,0.020,0.012,0.007,6,5,3,2
0.042,0.381,0.682,-0.48,0.134,0,0.0444,0.0200,0.305,0.007,0.176,0.097,0.015,0.000,0.000,0.000,3,0,0,0,0.159,0.126,0.025,0.020,0.012,0.007,6,5,3,2
0.051,0.312,0.060,3.14,0.186,0,0.0356,0.0151,0.128,-0.486,0.176,0.097,0.015,0.000,0.000,0.000,3,0,0,0,0.159,0.126,0.025,0.020,0.012,0.007,6,5,3,2
0.055,0.369,0.458,-0.48,0.134,0,0.0349,0.0157,0.194,0.007,0.176,0.097,0.015,0.000,0.000,0.000,3,0,0,0,0.159,0.126,0.025,0.020,0.012,0.007,6,5,3,2
0.046,0.266,0.075,2.1,0.128,0,0.0448,0.0216,0.064,0.02,0.176,0.097,0.015,0.000,0.000,0.000,3,0,0,0,0.159,0.126,0.025,0.020,0.012,0.007,6,5,3,2
0.048,0.340,0.153,1.37,0.298,0,0.0589,0.0293,0.146,-0.510,0.176,0.097,0.015,0.000,0.000,0.000,3,0,0,0,0.159,0.126,0.025,0.020,0.012,0.007,6,5,3,2
0.064,0.214,0.116,-0.08,0.108,0,0.0810,0.0408,0.130,0.059,0.176,0.097,0.015,0.000,0.000,0.000,3,0,0,0,0.159,0.126,0.025,0.020,0.012,0.007,6,5,3,2
0.061,0.127,0.129,1.99,0.186,0,0.1040,0.0527,0.052,-0.326,0.176,0.097,0.015,0.000,0.000,0.000,3,0,0,0,0.159,0.126,0.025,0.020,0.012,0.007,6,5,3,2
0.073,0.090,0.039,0.85,0.046,0,0.1201,0.0614,0.061,0.06,0.176,0.097,0.015,0.000,0.000,0.000,3,0,0,0,0.159,0.126,0.025,0.020,0.012,0.007,6,5,3,2
0.061,0.109,0.164,-0.79,0.151,-1,0.1319,0.0674,0.182,0.736,0.176,0.097,0.015,0.000,0.000,0.000,3,0,0,0,0.159,0.126,0.025,0.020,0.012,0.007,6,5,3,2
0.054,0.089,0.130,1.99,0.186,0,0.1375,0.0691,0.113,-0.326,0.176,0.097,0.015,0.000,0.000,0.000,3,0,0,0,0.159,0.126,0.025,0.020,0.012,0.007,6,5,3,2
0.035,0.160,0.400,1.76,0.409,0,0.1346,0.0643,0.113,-0.884,0.176,0.097,0.015,0.000,0.000,0.000,3,0,0,0,0.159,0.126,0.025,0.020,0.012,0.007,6,5,3,2
0.042,0.132,0.208,1.99,0.186,0,0.1388,0.0643,0.141,-0.326,0.176,0.097,0.015,0.000,0.000,0.000,3,0,0,0,0.159,0.126,0.025,0.020,0.012,0.007,6,5,3,2
0.040,0.202,0.030,0,0.000,0,0.1418,0.0624,0.259,0.166,0.176,0.097,0.015,0.000,0.000,0.000,3,0,0,0,0.159,0.126,0.025,0.020,0.012,0.007,6,5,3,2
0.048,0.162,0.065,-0.79,0.151,-1,0.1493,0.0648,0.414,0.736,0.176,0.097,0.015,0.000,0.000,0.000,3,0,0,0,0.159,0.126,0.025,0.020,0.012,0.007,6,5,3,2
0.050,0.190,0.175,0,0.000,0,0.1492,0.0613,0.249,0.166,0.176,0.097,0.015,0.000,0.000,0.000,3,0,0,0,0.159,0.126,0.025,0.020,0.012,0.007,6,5,3,2
0.056,0.246,0.267,-1.19,0.219,1,0.1566,0.0627,0.413,0.586,0.176,0.097,0.015,0.000,0.000,0.000,3,0,0,0,0.159,0.126,0.025,0.020,0.012,0.007,6,5,3,2
0.060,0.327,0.297,-0.42,0.180,0,0.1764,0.0730,0.373,0.318,0.176,0.097,0.015,0.000,0.000,0.000,3,0,0,0,0.159,0.126,0.025,0.020,0.012,0.007,6,5,3,2
0.061,0.281,0.306,-0.52,0.062,0,0.2068,0.0907,0.265,0.341,0.176,0.097,0.015,0.000,0.000,0.000,3,0,0,0,0.159,0.126,0.025,0.020,0.012,0.007,6,5,3,2
0.062,0.292,0.163,-0.48,0.134,0,0.2296,0.1053,0.320,0.007,0.176,0.097,0.015,0.000,0.000,0.000,3,0,0,0,0.159,0.126,0.025,0.020,0.012,0.007,6,5,3,2
0.077,0.343,0.315,-0.48,0.134,0,0.2396,0.1138,0.229,0.007,0.176,0.097,0.015,0.000,0.000,0.000,3,0,0,0,0.159,0.126,0.025,0.020,0.012,0.007,6,5,3,2
0.079,0.221,0.006,1.69,0.290,0,0.2398,0.1177,0.098,-0.697,0.176,0.097,0.015,0.000,0.000,0.000,3,0,0,0,0.159,0.126,0.025,0.020,0.012,0.007,6,5,3,2
0.114,0.176,0.002,0.85,0.046,0,0.2370,0.1190,0.088,0.06,0.176,0.097,0.015,0.000,0.000,0.000,3,0,0,0,0.159,0.126,0.025,0.020,0.012,0.007,6,5,3,2
0.120,0.192,0.008,-0.08,0.108,0,0.2249,0.1148,0.137,0.059,0.176,0.097,0.015,0.000,0.000,0.000,3,0,0,0,0.159,0.126,0.025,0.020,0.012,0.007,6,5,3,2
0.118,0.106,0.003,2.53,0.140,0,0.2140,0.1097,0.076,-0.121,0.176,0.097,0.015,0.000,0.000,0.000,3,0,0,0,0.159,0.126,0.025,0.020,0.012,0.007,6,5,3,2
0.144,0.136,0.512,-0.52,0.062,0,0.1941,0.0991,0.095,0.341,0.176,0.097,0.015,0.000,0.000,0.000,3,0,0,0,0.159,0.126,0.025,0.020,0.012,0.007,6,5,3,2
0.138,0.090,0.145,2.53,0.140,0,0.1692,0.0866,0.107,-0.121,0.176,0.097,0.015,0.000,0.000,0.000,3,0,0,0,0.159,0.126,0.025,0.020,0.012,0.007,6,5,3,2
0.094,0.123,0.611,0,0.000,0,0.1431,0.0735,0.138,0.166,0.176,0.097,0.015,0.000,0.000,0.000,3,0,0,0,0.159,0.126,0.025,0.020,0.012,0.007,6,5,3,2
0.101,0.126,0.785,0.85,0.046,0,0.1151,0.0597,0.169,0.06,0.176,0.097,0.015,0.000,0.000,0.000,3,0,0,0,0.159,0.126,0.025,0.020,0.012,0.007,6,5,3,2
0.093,0.172,0.641,0,0.000,0,0.0810,0.0421,0.168,0.166,0.176,0.097,0.015,0.000,0.000,0.000,3,0,0,0,0.159,0.126,0.025,0.020,0.012,0.007,6,5,3,2
0.108,0.110,0.462,1.99,0.186,0,0.0645,0.0360,0.144,-0.326,0.176,0.097,0.015,0.000,0.000,0.000,3,0,0,0,0.159,0.126,0.025,0.020,0.012,0.007,6,5,3,2
0.113,0.123,0.610,0,0.000,0,0.0552,0.0337,0.146,0.166,0.176,0.097,0.015,0.000,0.000,0.000,3,0,0,0,0.159,0.126,0.025,0.020,0.012,0.007,6,5,3,2
0.123,0.120,0.280,1.99,0.186,0,0.0547,0.0382,0.058,-0.326,0.176,0.097,0.015,0.000,0.000,0.000,3,0,0,0,0.159,0.126,0.025,0.020,0.012,0.007,6,5,3,2
0.124,0.193,0.251,-0.52,0.062,0,0.0506,0.0375,0.105,0.341,0.176,0.097,0.015,0.000,0.000,0.000,3,0,0,0,0.159,0.126,0.025,0.020,0.012,0.007,6,5,3,2
0.132,0.161,0.088,2.53,0.140,0,0.0501,0.0393,0.069,-0.121,0.176,0.097,0.015,0.000,0.000,0.000,3,0,0,0,0.159,0.126,0.025,0.020,0.012,0.007,6,5,3,2
0.127,0.190,0.144,2.53,0.140,0,0.0503,0.0400,0.088,-0.121,0.176,0.097,0.015,0.000,0.000,0.000,3,0,0,0,0.159,0.126,0.025,0.020,0.012,0.007,6,5,3,2
0.124,0.226,0.203,3.14,0.186,0,0.0590,0.0455,0.072,-0.486,0.176,0.097,0.015,0.000,0.000,0.000,3,0,0,0,0.159,0.126,0.025,0.020,0.012,0.007,6,5,3,2
0.126,0.284,0.507,-0.48,0.134,0,0.0645,0.0497,0.154,0.007,0.176,0.097,0.015,0.000,0.000,0.000,3,0,0,0,0.159,0.126,0.025,0.020,0.012,0.007,6,5,3,2
0.124,0.317,0.557,0.2,0.291,1,0.0759,0.0575,0.239,0.180,0.176,0.097,0.015,0.000,0.000,0.000,3,0,0,0,0.159,0.126,0.025,0.020,0.012,0.007,6,5,3,2
0.126,0.270,0.409,-0.42,0.180,0,0.0785,0.0611,0.142,0.318,0.176,0.097,0.015,0.000,0.000,0.000,3,0,0,0,0.159,0.126,0.025,0.020,0.012,0.007,6,5,3,2
0.101,0.238,0.294,3.14,0.186,0,0.0801,0.0622,0.079,-0.486,0.176,0.097,0.015,0.000,0.000,0.000,3,0,0,0,0.159,0.126,0.025,0.020,0.012,0.007,6,5,3,2
0.083,0.291,0.580,1.37,0.298,0,0.0874,0.0677,0.153,-0.510,0.176,0.097,0.015,0.000,0.000,0.000,3,0,0,0,0.159,0.126,0.025,0.020,0.012,0.007,6,5,3,2
0.083,0.289,0.561,1.37,0.298,0,0.1020,0.0787,0.168,-0.510,0.176,0.097,0.015,0.000,0.000,0.000,3,0,0,0,0.159,0.126,0.025,0.020,0.012,0.007,6,5,3,2
0.090,0.236,0.520,0,0.000,0,0.1268,0.0967,0.086,0.166,0.176,0.097,0.015,0.000,0.000,0.000,3,0,0,0,0.159,0.126,0.025,0.020,0.012,0.007,6,5,3,2
0.081,0.163,0.580,0.85,0.046,0,0.1521,0.1121,0.166,0.06,0.176,0.097,0.015,0.000,0.000,0.000,3,0,0,0,0.159,0.126,0.025,0.020,0.012,0.007,6,5,3,2
0.076,0.173,0.621,-0.42,0.180,0,0.1765,0.1299,0.327,0.318,0.176,0.097,0.015,0.000,0.000,0.000,3,0,0,0,0.159,0.126,0.025,0.020,0.012,0.007,6,5,3,2
0.075,0.133,0.633,0,0.000,0,0.1997,0.1461,0.178,0.166,0.176,0.097,0.015,0.000,0.000,0.000,3,0,0,0,0.159,0.126,0.025,0.020,0.012,0.007,6,5,3,2
0.074,0.118,0.611,0,0.000,0,0.2237,0.1638,0.159,0.166,0.176,0.097,0.015,0.000,0.000,0.000,3,0,0,0,0.159,0.126,0.025,0.020,0.012,0.007,6,5,3,2
0.084,0.107,0.552,0.85,0.046,0,0.2509,0.1824,0.238,0.06,0.176,0.097,0.015,0.000,0.000,0.000,3,0,0,0,0.159,0.126,0.025,0.020,0.012,0.007,6,5,3,2
0.082,0.097,0.512,0,0.000,0,0.2733,0.1947,0.150,0.166,0.176,0.097,0.015,0.000,0.000,0.000,3,0,0,0,0.159,0.126,0.025,0.020,0.012,0.007,6,5,3,2
0.087,0.092,0.671,-0.79,0.151,-1,0.2894,0.1997,0.295,0.736,0.176,0.097,0.015,0.000,0.000,0.000,3,0,0,0,0.159,0.126,0.025,0.020,0.012,0.007,6,5,3,2
0.079,0.147,0.412,1.69,0.290,0,0.2948,0.1923,0.154,-0.697,0.176,0.097,0.015,0.000,0.000,0.000,3,0,0,0,0.159,0.126,0.025,0.020,0.012,0.007,6,5,3,2
0.111,0.140,0.318,0,0.000,0,0.3000,0.1853,0.135,0.166,0.176,0.097,0.015,0.000,0.000,0.000,3,0,0,0,0.159,0.126,0.025,0.020,0.012,0.007,6,5,3,2
0.128,0.178,0.651,0.22,0.230,0,0.3146,0.1785,0.170,0.303,0.176,0.097,0.015,0.000,0.000,0.000,3,0,0,0,0.159,0.126,0.025,0.020,0.012,0.007,6,5,3,2
0.134,0.247,0.411,-0.08,0.108,0,0.3192,0.1679,0.190,0.059,0.176,0.097,0.015,0.000,0.000,0.000,3,0,0,0,0.159,0.126,0.025,0.020,0.012,0.007,6,5,3,2
0.138,0.244,0.377,-0.08,0.108,0,0.3120,0.1525,0.174,0.059,0.176,0.097,0.015,0.000,0.000,0.000,3,0,0,0,0.159,0.126,0.025,0.020,0.012,0.007,6,5,3,2
0.145,0.186,0.154,3.14,0.186,0,0.3122,0.1429,0.100,-0.486,0.176,0.097,0.015,0.000,0.000,0.000,3,0,0,0,0.159,0.126,0.025,0.020,0.012,0.007,6,5,3,2
0.138,0.459,0.138,-0.42,0.180,0,0.3070,0.1326,0.216,0.318,0.176,0.097,0.015,0.000,0.000,0.000,3,0,0,0,0.159,0.126,0.025,0.020,0.012,0.007,6,5,3,2
0.166,0.396,0.376,-1.14,0.131,0,0.2987,0.1214,0.282,0.987,0.176,0.097,0.015,0.000,0.000,0.000,3,0,0,0,0.159,0.126,0.025,0.020,0.012,0.007,6,5,3,2
0.168,0.382,0.208,0,0.000,0,0.2730,0.1060,0.288,0.166,0.176,0.097,0.015,0.000,0.000,0.000,3,0,0,0,0.159,0.126,0.025,0.020,0.012,0.007,6,5,3,2
0.170,0.409,0.099,0,0.000,0,0.2482,0.0947,0.244,0.166,0.176,0.097,0.015,0.000,0.000,0.000,3,0,0,0,0.159,0.126,0.025,0.020,0.012,0.007,6,5,3,2
0.204,0.472,0.387,1.37,0.298,0,0.2335,0.0921,0.122,-0.510,0.176,0.097,0.015,0.000,0.000,0.000,3,0,0,0,0.159,0.126,0.025,0.020,0.012,0.007,6,5,3,2
0.202,0.496,0.468,-1.19,0.219,1,0.2178,0.0863,0.302,0.586,0.176,0.097,0.015,0.000,0.000,0.000,3,0,0,0,0.159,0.126,0.025,0.020,0.012,0.007,6,5,3,2
0.206,0.404,0.478,2.1,0.128,0,0.2012,0.0828,0.069,0.02,0.176,0.097,0.015,0.000,0.000,0.000,3,0,0,0,0.159,0.126,0.025,0.020,0.012,0.007,6,5,3,2
0.174,0.474,0.629,0.22,0.230,0,0.1764,0.0733,0.184,0.303,0.176,0.097,0.015,0.000,0.000,0.000,3,0,0,0,0.159,0.126,0.025,0.020,0.012,0.007,6,5,3,2
0.183,0.348,0.575,2.1,0.128,0,0.1540,0.0687,0.102,0.02,0.176,0.097,0.015,0.000,0.000,0.000,3,0,0,0,0.159,0.126,0.025,0.020,0.012,0.007,6,5,3,2
0.201,0.384,0.571,0,0.000,0,0.1319,0.0631,0.142,0.166,0.176,0.097,0.015,0.000,0.000,0.000,3,0,0,0,0.159,0.126,0.025,0.020,0.012,0.007,6,5,3,2
0.170,0.422,0.680,-0.42,0.180,0,0.1134,0.0608,0.248,0.318,0.176,0.097,0.015,0.000,0.000,0.000,3,0,0,0,0.159,0.126,0.025,0.020,0.012,0.007,6,5,3,2
0.146,0.418,0.689,-1.19,0.219,1,0.0885,0.0505,0.360,0.586,0.176,0.097,0.015,0.000,0.000,0.000,3,0,0,0,0.159,0.126,0.025,0.020,0.012,0.007,6,5,3,2
0.136,0.268,0.508,0,0.000,0,0.0622,0.0356,0.120,0.166,0.176,0.097,0.015,0.000,0.000,0.000,3,0,0,0,0.159,0.126,0.025,0.020,0.012,0.007,6,5,3,2
0.110,0.162,0.467,2.1,0.128,0,0.0483,0.0311,0.076,0.02,0.176,0.097,0.015,0.000,0.000,0.000,3,0,0,0,0.159,0.126,0.025,0.020,0.012,0.007,6,5,3,2
0.112,0.152,0.147,1.99,0.186,0,0.0552,0.0368,0.112,-0.326,0.176,0.097,0.015,0.000,0.000,0.000,3,0,0,0,0.159,0.126,0.025,0.020,0.012,0.007,6,5,3,2
0.107,0.141,0.783,-0.79,0.151,-1,0.0604,0.0479,0.235,0.736,0.176,0.097,0.015,0.000,0.000,0.000,3,0,0,0,0.159,0.126,0.025,0.020,0.012,0.007,6,5,3,2
0.089,0.128,0.383,1.42,0.221,0,0.0719,0.0633,0.116,-0.397,0.176,0.097,0.015,0.000,0.000,0.000,3,0,0,0,0.159,0.126,0.025,0.020,0.012,0.007,6,5,3,2
0.088,0.235,0.173,1.37,0.298,0,0.0837,0.0763,0.131,-0.510,0.176,0.097,0.015,0.000,0.000,0.000,3,0,0,0,0.159,0.126,0.025,0.020,0.012,0.007,6,5,3,2
0.066,0.158,0.002,0.85,0.046,0,0.1014,0.0941,0.101,0.06,0.176,0.097,0.015,0.000,0.000,0.000,3,0,0,0,0.159,0.126,0.025,0.020,0.012,0.007,6,5,3,2
0.052,0.190,0.176,-0.52,0.062,0,0.1258,0.1171,0.140,0.341,0.176,0.097,0.015,0.000,0.000,0.000,3,0,0,0,0.159,0.126,0.025,0.020,0.012,0.007,6,5,3,2
0.050,0.132,0.369,-0.79,0.151,-1,0.1245,0.1258,0.194,0.736,0.176,0.097,0.015,0.000,0.000,0.000,3,0,0,0,0.159,0.126,0.025,0.020,0.012,0.007,6,5,3,2
0.065,0.163,0.512,1.69,0.290,0,0.1237,0.1358,0.123,-0.697,0.176,0.097,0.015,0.000,0.000,0.000,3,0,0,0,0.159,0.126,0.025,0.020,0.012,0.007,6,5,3,2
0.042,0.301,0.406,1.37,0.298,0,0.1255,0.1487,0.183,-0.510,0.176,0.097,0.015,0.000,0.000,0.000,3,0,0,0,0.159,0.126,0.025,0.020,0.012,0.007,6,5,3,2
0.041,0.219,0.159,1.69,0.290,0,0.1350,0.1660,0.123,-0.697,0.176,0.097,0.015,0.000,0.000,0.000,3,0,0,0,0.159,0.126,0.025,0.020,0.012,0.007,6,5,3,2
0.035,0.347,0.545,0.2,0.291,1,0.1565,0.1906,0.326,0.180,0.176,0.097,0.015,0.000,0.000,0.000,3,0,0,0,0.159,0.126,0.025,0.020,0.012,0.007,6,5,3,2
0.034,0.210,0.387,-0.48,0.134,0,0.1762,0.2125,0.355,0.007,0.176,0.097,0.015,0.000,0.000,0.000,3,0,0,0,0.159,0.126,0.025,0.020,0.012,0.007,6,5,3,2
0.040,0.283,0.318,0.2,0.291,1,0.2022,0.2379,0.344,0.180,0.176,0.097,0.015,0.000,0.000,0.000,3,0,0,0,0.159,0.126,0.025,0.020,0.012,0.007,6,5,3,2
0.040,0.145,0.030,0,0.000,0,0.2302,0.2618,0.313,0.166,0.176,0.097,0.015,0.000,0.000,0.000,3,0,0,0,0.159,0.126,0.025,0.020,0.012,0.007,6,5,3,2
0.036,0.107,0.134,-0.79,0.151,-1,0.2608,0.2875,0.438,0.736,0.176,0.097,0.015,0.000,0.000,0.000,3,0,0,0,0.159,0.126,0.025,0.020,0.012,0.007,6,5,3,2
0.036,0.078,0.005,-0.79,0.151,-1,0.2858,0.3055,0.385,0.736,0.176,0.097,0.015,0.000,0.000,0.000,3,0,0,0,0.159,0.126,0.025,0.020,0.012,0.007,6,5,3,2
0.028,0.062,0.012,1.99,0.186,0,0.3116,0.3225,0.102,-0.326,0.176,0.097,0.015,0.000,0.000,0.000,3,0,0,0,0.159,0.126,0.025,0.020,0.012,0.007,6,5,3,2
0.034,0.081,0.060,-1.19,0.219,1,0.3348,0.3368,0.400,0.586,0.176,0.097,0.015,0.000,0.000,0.000,3,0,0,0,0.159,0.126,0.025,0.020,0.012,0.007,6,5,3,2
0.034,0.073,0.007,-0.79,0.151,-1,0.3524,0.3468,0.515,0.736,0.176,0.097,0.015,0.000,0.000,0.000,3,0,0,0,0.159,0.126,0.025,0.020,0.012,0.007,6,5,3,2
0.042,0.070,0.007,0.85,0.046,0,0.3598,0.3535,0.337,0.06,0.176,0.097,0.015,0.000,0.000,0.000,3,0,0,0,0.159,0.126,0.025,0.020,0.012,0.007,6,5,3,2
0.042,0.127,0.087,1.37,0.298,0,0.3588,0.3551,0.174,-0.510,0.176,0.097,0.015,0.000,0.000,0.000,3,0,0,0,0.159,0.126,0.025,0.020,0.012,0.007,6,5,3,2
0.038,0.122,0.036,-1.14,0.131,0,0.3501,0.3521,0.383,0.987,0.176,0.097,0.015,0.000,0.000,0.000,3,0,0,0,0.159,0.126,0.025,0.020,0.012,0.007,6,5,3,2
0.058,0.169,0.199,-0.08,0.108,0,0.3438,0.3528,0.391,0.059,0.176,0.097,0.015,0.000,0.000,0.000,3,0,0,0,0.159,0.126,0.025,0.020,0.012,0.007,6,5,3,2
0.055,0.144,0.252,-0.52,0.062,0,0.3275,0.3467,0.363,0.341,0.176,0.097,0.015,0.000,0.000,0.000,3,0,0,0,0.159,0.126,0.025,0.020,0.012,0.007,6,5,3,2
0.054,0.137,0.009,-0.79,0.151,-1,0.2940,0.3283,0.432,0.736,0.176,0.097,0.015,0.000,0.000,0.000,3,0,0,0,0.159,0.126,0.025,0.020,0.012,0.007,6,5,3,2
0.085,0.127,0.004,1.99,0.186,0,0.2665,0.3143,0.186,-0.326,0.176,0.097,0.015,0.000,0.000,0.000,3,0,0,0,0.159,0.126,0.025,0.020,0.012,0.007,6,5,3,2
0.110,0.202,0.105,-0.48,0.134,0,0.2477,0.3061,0.267,0.007,0.176,0.097,0.015,0.000,0.000,0.000,3,0,0,0,0.159,0.126,0.025,0.020,0.012,0.007,6,5,3,2
0.111,0.163,0.002,-1.1,0.105,-1,0.2486,0.3109,0.358,0.192,0.176,0.097,0.015,0.000,0.000,0.000,3,0,0,0,0.159,0.126,0.025,0.020,0.012,0.007,6,5,3,2
0.093,0.219,0.014,1.69,0.290,0,0.2534,0.3163,0.232,-0.697,0.176,0.097,0.015,0.000,0.000,0.000,3,0,0,0,0.159,0.126,0.025,0.020,0.012,0.007,6,5,3,2
0.115,0.217,0.124,0.22,0.230,0,0.2628,0.3232,0.244,0.303,0.176,0.097,0.015,0.000,0.000,0.000,3,0,0,0,0.159,0.126,0.025,0.020,0.012,0.007,6,5,3,2
0.117,0.141,0.167,1.69,0.290,0,0.2875,0.3393,0.104,-0.697,0.176,0.097,0.015,0.000,0.000,0.000,3,0,0,0,0.159,0.126,0.025,0.020,0.012,0.007,6,5,3,2
0.126,0.147,0.201,-1.1,0.105,-1,0.3022,0.3458,0.368,0.192,0.176,0.097,0.015,0.000,0.000,0.000,3,0,0,0,0.159,0.126,0.025,0.020,0.012,0.007,6,5,3,2
0.107,0.159,0.285,-1.19,0.219,1,0.3094,0.3448,0.355,0.586,0.176,0.097,0.015,0.000,0.000,0.000,3,0,0,0,0.159,0.126,0.025,0.020,0.012,0.007,6,5,3,2
0.117,0.109,0.004,2.53,0.140,0,0.3067,0.3359,0.105,-0.121,0.176,0.097,0.015,0.000,0.000,0.000,3,0,0,0,0.159,0.126,0.025,0.020,0.012,0.007,6,5,3,2
0.112,0.112,0.027,0.85,0.046,0,0.3000,0.3257,0.174,0.06,0.176,0.097,0.015,0.000,0.000,0.000,3,0,0,0,0.159,0.126,0.025,0.020,0.012,0.007,6,5,3,2
0.131,0.183,0.025,-1.19,0.219,1,0.2898,0.3125,0.441,0.586,0.176,0.097,0.015,0.000,0.000,0.000,3,0,0,0,0.159,0.126,0.025,0.020,0.012,0.007,6,5,3,2
0.107,0.140,0.046,-0.52,0.062,0,0.2849,0.3031,0.181,0.341,0.176,0.097,0.015,0.000,0.000,0.000,3,0,0,0,0.159,0.126,0.025,0.020,0.012,0.007,6,5,3,2
0.126,0.103,0.026,0.85,0.046,0,0.2850,0.2990,0.179,0.06,0.176,0.097,0.015,0.000,0.000,0.000,3,0,0,0,0.159,0.126,0.025,0.020,0.012,0.007,6,5,3,2
0.136,0.195,0.251,0.2,0.291,1,0.2840,0.2935,0.445,0.180,0.176,0.097,0.015,0.000,0.000,0.000,3,0,0,0,0.159,0.126,0.025,0.020,0.012,0.007,6,5,3,2
0.167,0.125,0.067,0.85,0.046,0,0.3038,0.3050,0.328,0.06,0.176,0.097,0.015,0.000,0.000,0.000,3,0,0,0,0.159,0.126,0.025,0.020,0.012,0.007,6,5,3,2
0.192,0.112,0.130,0,0.000,0,0.3270,0.3181,0.186,0.166,0.176,0.097,0.015,0.000,0.000,0.000,3,0,0,0,0.159,0.126,0.025,0.020,0.012,0.007,6,5,3,2
0.236,0.079,0.155,-1.1,0.105,-1,0.3474,0.3274,0.285,0.192,0.176,0.097,0.015,0.000,0.000,0.000,3,0,0,0,0.159,0.126,0.025,0.020,0.012,0.007,6,5,3,2
0.249,0.065,0.044,-0.79,0.151,-1,0.3576,0.3275,0.395,0.736,0.176,0.097,0.015,0.000,0.000,0.000,3,0,0,0,0.159,0.126,0.025,0.020,0.012,0.007,6,5,3,2
0.171,0.056,0.048,1.42,0.221,0,0.3534,0.3167,0.118,-0.397,0.176,0.097,0.015,0.000,0.000,0.000,3,0,0,0,0.159,0.126,0.025,0.020,0.012,0.007,6,5,3,2
0.153,0.071,0.001,0.85,0.046,0,0.3445,0.3017,0.031,0.06,0.176,0.097,0.015,0.000,0.000,0.000,3,0,0,0,0.159,0.126,0.025,0.020,0.012,0.007,6,5,3,2
0.152,0.088,0.021,-0.08,0.108,0,0.3397,0.2900,0.296,0.059,0.176,0.097,0.015,0.000,0.000,0.000,3,0,0,0,0.159,0.126,0.025,0.020,0.012,0.007,6,5,3,2
0.125,0.094,0.003,-0.79,0.151,-1,0.3131,0.2623,0.353,0.736,0.176,0.097,0.015,0.000,0.000,0.000,3,0,0,0,0.159,0.126,0.025,0.020,0.012,0.007,6,5,3,2
0.106,0.079,0.002,1.99,0.186,0,0.2760,0.2286,0.068,-0.326,0.176,0.097,0.015,0.000,0.000,0.000,3,0,0,0,0.159,0.126,0.025,0.020,0.012,0.007,6,5,3,2
0.108,0.090,0.003,1.42,0.221,0,0.2492,0.2028,0.094,-0.397,0.176,0.097,0.015,0.000,0.000,0.000,3,0,0,0,0.159,0.126,0.025,0.020,0.012,0.007,6,5,3,2
0.101,0.095,0.048,0,0.000,0,0.2221,0.1777,0.331,0.166,0.176,0.097,0.015,0.000,0.000,0.000,3,0,0,0,0.159,0.126,0.025,0.020,0.012,0.007,6,5,3,2
0.105,0.127,0.194,-1.19,0.219,1,0.1989,0.1564,0.365,0.586,0.176,0.097,0.015,0.000,0.000,0.000,3,0,0,0,0.159,0.126,0.025,0.020,0.012,0.007,6,5,3,2
0.086,0.101,0.003,1.42,0.221,0,0.1689,0.1316,0.125,-0.397,0.176,0.097,0.015,0.000,0.000,0.000,3,0,0,0,0.159,0.126,0.025,0.020,0.012,0.007,6,5,3,2
0.088,0.132,0.003,0,0.000,0,0.1423,0.1098,0.152,0.166,0.176,0.097,0.015,0.000,0.000,0.000,3,0,0,0,0.159,0.126,0.025,0.020,0.012,0.007,6,5,3,2
0.106,0.141,0.268,-0.79,0.151,-1,0.1206,0.0910,0.367,0.736,0.176,0.097,0.015,0.000,0.000,0.000,3,0,0,0,0.159,0.126,0.025,0.020,0.012,0.007,6,5,3,2
0.085,0.229,0.116,1.37,0.298,0,0.1062,0.0787,0.208,-0.510,0.176,0.097,0.015,0.000,0.000,0.000,3,0,0,0,0.159,0.126,0.025,0.020,0.012,0.007,6,5,3,2
0.081,0.196,0.004,1.99,0.186,0,0.1040,0.0762,0.129,-0.326,0.176,0.097,0.015,0.000,0.000,0.000,3,0,0,0,0.159,0.126,0.025,0.020,0.012,0.007,6,5,3,2
0.069,0.256,0.021,0,0.000,0,0.1075,0.0754,0.190,0.166,0.176,0.097,0.015,0.000,0.000,0.000,3,0,0,0,0.159,0.126,0.025,0.020,0.012,0.007,6,5,3,2
0.072,0.359,0.280,1.37,0.298,0,0.1215,0.0837,0.206,-0.510,0.176,0.097,0.015,0.000,0.000,0.000,3,0,0,0,0.159,0.126,0.025,0.020,0.012,0.007,6,5,3,2
0.069,0.207,0.006,0,0.000,0,0.1244,0.0852,0.135,0.166,0.176,0.097,0.015,0.000,0.000,0.000,3,0,0,0,0.159,0.126,0.025,0.020,0.012,0.007,6,5,3,2
0.053,0.253,0.001,3.14,0.186,0,0.1305,0.0891,0.068,-0.486,0.176,0.097,0.015,0.000,0.000,0.000,3,0,0,0,0.159,0.126,0.025,0.020,0.012,0.007,6,5,3,2
0.066,0.323,0.246,0.2,0.291,1,0.1301,0.0882,0.230,0.180,0.176,0.097,0.015,0.000,0.000,0.000,3,0,0,0,0.159,0.126,0.025,0.020,0.012,0.007,6,5,3,2
0.052,0.261,0.432,-0.48,0.134,0,0.1220,0.0809,0.147,0.007,0.176,0.097,0.015,0.000,0.000,0.000,3,0,0,0,0.159,0.126,0.025,0.020,0.012,0.007,6,5,3,2
0.049,0.191,0.007,3.14,0.186,0,0.1075,0.0687,0.079,-0.486,0.176,0.097,0.015,0.000,0.000,0.000,3,0,0,0,0.159,0.126,0.025,0.020,0.012,0.007,6,5,3,2
0.046,0.188,0.003,3.14,0.186,0,0.0978,0.0596,0.090,-0.486,0.176,0.097,0.015,0.000,0.000,0.000,3,0,0,0,0.159,0.126,0.025,0.020,0.012,0.007,6,5,3,2
0.058,0.237,0.318,-0.48,0.134,0,0.0904,0.0505,0.232,0.007,0.176,0.097,0.015,0.000,0.000,0.000,3,0,0,0,0.159,0.126,0.025,0.020,0.012,0.007,6,5,3,2
0.067,0.267,0.094,-0.08,0.108,0,0.0823,0.0414,0.216,0.059,0.176,0.097,0.015,0.000,0.000,0.000,3,0,0,0,0.159,0.126,0.025,0.020,0.012,0.007,6,5,3,2
0.054,0.242,0.115,1.69,0.290,0,0.0859,0.0385,0.185,-0.697,0.176,0.097,0.015,0.000,0.000,0.000,3,0,0,0,0.159,0.126,0.025,0.020,0.012,0.007,6,5,3,2
0.054,0.273,0.062,-0.48,0.134,0,0.1109,0.0486,0.295,0.007,0.176,0.097,0.015,0.000,0.000,0.000,3,0,0,0,0.159,0.126,0.025,0.020,0.012,0.007,6,5,3,2
0.061,0.152,0.002,-1.14,0.131,0,0.1469,0.0659,0.302,0.987,0.176,0.097,0.015,0.000,0.000,0.000,3,0,0,0,0.159,0.126,0.025,0.020,0.012,0.007,6,5,3,2
0.064,0.169,0.083,-0.79,0.151,-1,0.1693,0.0770,0.469,0.736,0.176,0.097,0.015,0.000,0.000,0.000,3,0,0,0,0.159,0.126,0.025,0.020,0.012,0.007,6,5,3,2
0.071,0.265,0.072,-1.19,0.219,1,0.1851,0.0842,0.204,0.586,0.176,0.097,0.015,0.000,0.000,0.000,3,0,0,0,0.159,0.126,0.025,0.020,0.012,0.007,6,5,3,2
0.071,0.172,0.003,2.53,0.140,0,0.1949,0.0895,0.044,-0.121,0.176,0.097,0.015,0.000,0.000,0.000,3,0,0,0,0.159,0.126,0.025,0.020,0.012,0.007,6,5,3,2
0.080,0.175,0.023,3.14,0.186,0,0.1927,0.0898,0.080,-0.486,0.176,0.097,0.015,0.000,0.000,0.000,3,0,0,0,0.159,0.126,0.025,0.020,0.012,0.007,6,5,3,2
0.082,0.180,0.036,3.14,0.186,0,0.1869,0.0892,0.072,-0.486,0.176,0.097,0.015,0.000,0.000,0.000,3,0,0,0,0.159,0.126,0.025,0.020,0.012,0.007,6,5,3,2
0.069,0.124,0.244,2.53,0.140,0,0.1814,0.0893,0.062,-0.121,0.176,0.097,0.015,0.000,0.000,0.000,3,0,0,0,0.159,0.126,0.025,0.020,0.012,0.007,6,5,3,2
0.082,0.221,0.742,0,0.000,0,0.1722,0.0872,0.075,0.166,0.176,0.097,0.015,0.000,0.000,0.000,3,0,0,0,0.159,0.126,0.025,0.020,0.012,0.007,6,5,3,2
0.082,0.166,0.592,-0.79,0.151,-1,0.1525,0.0782,0.292,0.736,0.176,0.097,0.015,0.000,0.000,0.000,3,0,0,0,0.159,0.126,0.025,0.020,0.012,0.007,6,5,3,2
0.123,0.193,0.371,0,0.000,0,0.1203,0.0597,0.147,0.166,0.176,0.097,0.015,0.000,0.000,0.000,3,0,0,0,0.159,0.126,0.025,0.020,0.012,0.007,6,5,3,2
0.142,0.156,0.171,1.99,0.186,0,0.0956,0.0457,0.154,-0.326,0.176,0.097,0.015,0.000,0.000,0.000,3,0,0,0,0.159,0.126,0.025,0.020,0.012,0.007,6,5,3,2
0.143,0.276,0.590,0.22,0.230,0,0.0942,0.0466,0.244,0.303,0.176,0.097,0.015,0.000,0.000,0.000,3,0,0,0,0.159,0.126,0.025,0.020,0.012,0.007,6,5,3,2
0.143,0.253,0.510,0.22,0.230,0,0.1045,0.0567,0.203,0.303,0.176,0.097,0.015,0.000,0.000,0.000,3,0,0,0,0.159,0.126,0.025,0.020,0.012,0.007,6,5,3,2
0.112,0.294,0.322,0.2,0.291,1,0.1168,0.0669,0.227,0.180,0.176,0.097,0.015,0.000,0.000,0.000,3,0,0,0,0.159,0.126,0.025,0.020,0.012,0.007,6,5,3,2
0.113,0.217,0.138,-1.1,0.105,-1,0.1311,0.0791,0.308,0.192,0.176,0.097,0.015,0.000,0.000,0.000,3,0,0,0,0.159,0.126,0.025,0.020,0.012,0.007,6,5,3,2
0.122,0.199,0.061,1.99,0.186,0,0.1390,0.0888,0.110,-0.326,0.176,0.097,0.015,0.000,0.000,0.000,3,0,0,0,0.159,0.126,0.025,0.020,0.012,0.007,6,5,3,2
0.121,0.202,0.009,1.69,0.290,0,0.1454,0.0994,0.104,-0.697,0.176,0.097,0.015,0.000,0.000,0.000,3,0,0,0,0.159,0.126,0.025,0.020,0.012,0.007,6,5,3,2
0.102,0.157,0.032,1.99,0.186,0,0.1568,0.1142,0.113,-0.326,0.176,0.097,0.015,0.000,0.000,0.000,3,0,0,0,0.159,0.126,0.025,0.020,0.012,0.007,6,5,3,2
0.082,0.155,0.010,-0.08,0.108,0,0.1672,0.1272,0.261,0.059,0.176,0.097,0.015,0.000,0.000,0.000,3,0,0,0,0.159,0.126,0.025,0.020,0.012,0.007,6,5,3,2
0.083,0.166,0.061,-1.19,0.219,1,0.1517,0.1219,0.276,0.586,0.176,0.097,0.015,0.000,0.000,0.000,3,0,0,0,0.159,0.126,0.025,0.020,0.012,0.007,6,5,3,2
0.086,0.102,0.002,3.14,0.186,0,0.1302,0.1125,0.075,-0.486,0.176,0.097,0.015,0.000,0.000,0.000,3,0,0,0,0.159,0.126,0.025,0.020,0.012,0.007,6,5,3,2
0.088,0.107,0.005,-1.1,0.105,-1,0.1072,0.1028,0.306,0.192,0.176,0.097,0.015,0.000,0.000,0.000,3,0,0,0,0.159,0.126,0.025,0.020,0.012,0.007,6,5,3,2
0.082,0.117,0.004,-0.79,0.151,-1,0.0894,0.0975,0.312,0.736,0.176,0.097,0.015,0.000,0.000,0.000,3,0,0,0,0.159,0.126,0.025,0.020,0.012,0.007,6,5,3,2
0.078,0.131,0.004,3.14,0.186,0,0.0773,0.0946,0.136,-0.486,0.176,0.097,0.015,0.000,0.000,0.000,3,0,0,0,0.159,0.126,0.025,0.020,0.012,0.007,6,5,3,2
0.061,0.159,0.003,0.85,0.046,0,0.0760,0.0968,0.143,0.06,0.176,0.097,0.015,0.000,0.000,0.000,3,0,0,0,0.159,0.126,0.025,0.020,0.012,0.007,6,5,3,2
0.051,0.233,0.235,-0.52,0.062,0,0.1049,0.1233,0.221,0.341,0.176,0.097,0.015,0.000,0.000,0.000,3,0,0,0,0.159,0.126,0.025,0.020,0.012,0.007,6,5,3,2
0.049,0.215,0.282,-0.42,0.180,0,0.1390,0.1523,0.343,0.318,0.176,0.097,0.015,0.000,0.000,0.000,3,0,0,0,0.159,0.126,0.025,0.020,0.012,0.007,6,5,3,2
0.048,0.257,0.300,-0.48,0.134,0,0.1609,0.1708,0.246,0.007,0.176,0.097,0.015,0.000,0.000,0.000,3,0,0,0,0.159,0.126,0.025,0.020,0.012,0.007,6,5,3,2
0.047,0.270,0.012,1.69,0.290,0,0.1774,0.1819,0.165,-0.697,0.176,0.097,0.015,0.000,0.000,0.000,3,0,0,0,0.159,0.126,0.025,0.020,0.012,0.007,6,5,3,2
0.047,0.207,0.297,1.69,0.290,0,0.1979,0.1959,0.178,-0.697,0.176,0.097,0.015,0.000,0.000,0.000,3,0,0,0,0.159,0.126,0.025,0.020,0.012,0.007,6,5,3,2
0.035,0.201,0.071,-0.52,0.062,0,0.2338,0.2207,0.311,0.341,0.176,0.097,0.015,0.000,0.000,0.000,3,0,0,0,0.159,0.126,0.025,0.020,0.012,0.007,6,5,3,2
0.034,0.156,0.147,0,0.000,0,0.2699,0.2459,0.304,0.166,0.176,0.097,0.015,0.000,0.000,0.000,3,0,0,0,0.159,0.126,0.025,0.020,0.012,0.007,6,5,3,2
0.038,0.118,0.033,0.85,0.046,0,0.2898,0.2609,0.247,0.06,0.176,0.097,0.015,0.000,0.000,0.000,3,0,0,0,0.159,0.126,0.025,0.020,0.012,0.007,6,5,3,2
0.047,0.109,0.017,0,0.000,0,0.2922,0.2618,0.233,0.166,0.176,0.097,0.015,0.000,0.000,0.000,3,0,0,0,0.159,0.126,0.025,0.020,0.012,0.007,6,5,3,2
0.039,0.115,0.012,1.69,0.290,0,0.2945,0.2652,0.130,-0.697,0.176,0.097,0.015,0.000,0.000,0.000,3,0,0,0,0.159,0.126,0.025,0.020,0.012,0.007,6,5,3,2
0.037,0.120,0.003,-0.79,0.151,-1,0.2953,0.2688,0.347,0.736,0.176,0.097,0.015,0.000,0.000,0.000,3,0,0,0,0.159,0.126,0.025,0.020,0.012,0.007,6,5,3,2
0.033,0.087,0.004,-0.08,0.108,0,0.3071,0.2812,0.210,0.059,0.176,0.097,0.015,0.000,0.000,0.000,3,0,0,0,0.159,0.126,0.025,0.020,0.012,0.007,6,5,3,2
0.035,0.084,0.049,-0.79,0.151,-1,0.3078,0.2837,0.320,0.736,0.176,0.097,0.015,0.000,0.000,0.000,3,0,0,0,0.159,0.126,0.025,0.020,0.012,0.007,6,5,3,2
0.028,0.081,0.011,3.14,0.186,0,0.3106,0.2874,0.126,-0.486,0.176,0.097,0.015,0.000,0.000,0.000,3,0,0,0,0.159,0.126,0.025,0.020,0.012,0.007,6,5,3,2
0.034,0.131,0.244,-0.08,0.108,0,0.3208,0.2936,0.223,0.059,0.176,0.097,0.015,0.000,0.000,0.000,3,0,0,0,0.159,0.126,0.025,0.020,0.012,0.007,6,5,3,2
0.041,0.137,0.406,-0.08,0.108,0,0.3367,0.3012,0.216,0.059,0.176,0.097,0.015,0.000,0.000,0.000,3,0,0,0,0.159,0.126,0.025,0.020,0.012,0.007,6,5,3,2
0.039,0.166,0.545,-0.08,0.108,0,0.3277,0.2868,0.270,0.059,0.176,0.097,0.015,0.000,0.000,0.000,3,0,0,0,0.159,0.126,0.025,0.020,0.012,0.007,6,5,3,2
0.039,0.141,0.684,-0.52,0.062,0,0.3057,0.2588,0.233,0.341,0.176,0.097,0.015,0.000,0.000,0.000,3,0,0,0,0.159,0.126,0.025,0.020,0.012,0.007,6,5,3,2
0.039,0.106,0.632,1.99,0.186,0,0.2954,0.2408,0.219,-0.326,0.176,0.097,0.015,0.000,0.000,0.000,3,0,0,0,0.159,0.126,0.025,0.020,0.012,0.007,6,5,3,2
0.038,0.092,0.666,-0.79,0.151,-1,0.2766,0.2171,0.450,0.736,0.176,0.097,0.015,0.000,0.000,0.000,3,0,0,0,0.159,0.126,0.025,0.020,0.012,0.007,6,5,3,2
0.046,0.072,0.549,-1.1,0.105,-1,0.2517,0.1909,0.221,0.192,0.176,0.097,0.015,0.000,0.000,0.000,3,0,0,0,0.159,0.126,0.025,0.020,0.012,0.007,6,5,3,2
0.058,0.115,0.514,-1.14,0.131,0,0.2079,0.1512,0.254,0.987,0.176,0.097,0.015,0.000,0.000,0.000,3,0,0,0,0.159,0.126,0.025,0.020,0.012,0.007,6,5,3,2
0.059,0.134,0.380,0.85,0.046,0,0.1571,0.1097,0.248,0.06,0.176,0.097,0.015,0.000,0.000,0.000,3,0,0,0,0.159,0.126,0.025,0.020,0.012,0.007,6,5,3,2
0.079,0.229,0.324,1.76,0.409,0,0.1217,0.0809,0.181,-0.884,0.176,0.097,0.015,0.000,0.000,0.000,3,0,0,0,0.159,0.126,0.025,0.020,0.012,0.007,6,5,3,2
0.079,0.142,0.041,1.99,0.186,0,0.1014,0.0673,0.113,-0.326,0.176,0.097,0.015,0.000,0.000,0.000,3,0,0,0,0.159,0.126,0.025,0.020,0.012,0.007,6,5,3,2
0.082,0.195,0.220,-0.42,0.180,0,0.0831,0.0573,0.288,0.318,0.176,0.097,0.015,0.000,0.000,0.000,3,0,0,0,0.159,0.126,0.025,0.020,0.012,0.007,6,5,3,2
0.071,0.134,0.121,0,0.000,0,0.0683,0.0494,0.228,0.166,0.176,0.097,0.015,0.000,0.000,0.000,3,0,0,0,0.159,0.126,0.025,0.020,0.012,0.007,6,5,3,2
0.072,0.097,0.008,0.85,0.046,0,0.0553,0.0434,0.048,0.06,0.176,0.097,0.015,0.000,0.000,0.000,3,0,0,0,0.159,0.126,0.025,0.020,0.012,0.007,6,5,3,2
0.069,0.078,0.001,0.85,0.046,0,0.0387,0.0327,0.035,0.06,0.176,0.097,0.015,0.000,0.000,0.000,3,0,0,0,0.159,0.126,0.025,0.020,0.012,0.007,6,5,3,2
0.066,0.082,0.059,1.99,0.186,0,0.0338,0.0294,0.068,-0.326,0.176,0.097,0.015,0.000,0.000,0.000,3,0,0,0,0.159,0.126,0.025,0.020,0.012,0.007,6,5,3,2
0.080,0.083,0.112,1.99,0.186,0,0.0272,0.0231,0.081,-0.326,0.176,0.097,0.015,0.000,0.000,0.000,3,0,0,0,0.159,0.126,0.025,0.020,0.012,0.007,6,5,3,2
0.074,0.064,0.032,2.53,0.140,0,0.0259,0.0208,0.055,-0.121,0.176,0.097,0.015,0.000,0.000,0.000,3,0,0,0,0.159,0.126,0.025,0.020,0.012,0.007,6,5,3,2
0.062,0.055,0.016,3.14,0.186,0,0.0336,0.0237,0.047,-0.486,0.176,0.097,0.015,0.000,0.000,0.000,3,0,0,0,0.159,0.126,0.025,0.020,0.012,0.007,6,5,3,2
0.050,0.066,0.160,0.22,0.230,0,0.0467,0.0306,0.120,0.303,0.176,0.097,0.015,0.000,0.000,0.000,3,0,0,0,0.159,0.126,0.025,0.020,0.012,0.007,6,5,3,2
0.059,0.079,0.038,-0.42,0.180,0,0.0500,0.0308,0.178,0.318,0.176,0.097,0.015,0.000,0.000,0.000,3,0,0,0,0.159,0.126,0.025,0.020,0.012,0.007,6,5,3,2
0.057,0.079,0.003,1.99,0.186,0,0.0471,0.0231,0.111,-0.326,0.176,0.097,0.015,0.000,0.000,0.000,3,0,0,0,0.159,0.126,0.025,0.020,0.012,0.007,6,5,3,2
0.056,0.099,0.004,1.69,0.290,0,0.0464,0.0153,0.113,-0.697,0.176,0.097,0.015,0.000,0.000,0.000,3,0,0,0,0.159,0.126,0.025,0.020,0.012,0.007,6,5,3,2
0.055,0.096,0.006,-0.42,0.180,0,0.0525,0.0156,0.396,0.318,0.176,0.097,0.015,0.000,0.000,0.000,3,0,0,0,0.159,0.126,0.025,0.020,0.012,0.007,6,5,3,2
0.054,0.075,0.015,2.53,0.140,0,0.0647,0.0242,0.105,-0.121,0.176,0.097,0.015,0.000,0.000,0.000,3,0,0,0,0.159,0.126,0.025,0.020,0.012,0.007,6,5,3,2
0.056,0.110,0.038,-1.14,0.131,0,0.0606,0.0317,0.277,0.987,0.176,0.097,0.015,0.000,0.000,0.000,3,0,0,0,0.159,0.126,0.025,0.020,0.012,0.007,6,5,3,2
0.053,0.135,0.021,3.14,0.186,0,0.0642,0.0554,0.198,-0.486,0.176,0.097,0.015,0.000,0.000,0.000,3,0,0,0,0.159,0.126,0.025,0.020,0.012,0.007,6,5,3,2
0.050,0.195,0.336,1.37,0.298,0,0.0719,0.0943,0.286,-0.510,0.176,0.097,0.015,0.000,0.000,0.000,3,0,0,0,0.159,0.126,0.025,0.020,0.012,0.007,6,5,3,2
0.047,0.128,0.027,-0.79,0.151,-1,0.0823,0.1489,0.434,0.736,0.176,0.097,0.015,0.000,0.000,0.000,3,0,0,0,0.159,0.126,0.025,0.020,0.012,0.007,6,5,3,2
0.045,0.150,0.015,-0.79,0.151,-1,0.0956,0.2187,0.401,0.736,0.176,0.097,0.015,0.000,0.000,0.000,3,0,0,0,0.159,0.126,0.025,0.020,0.012,0.007,6,5,3,2
0.037,0.150,0.001,-0.79,0.151,-1,0.1120,0.3023,0.283,0.736,0.176,0.097,0.015,0.000,0.000,0.000,3,0,0,0,0.159,0.126,0.025,0.020,0.012,0.007,6,5,3,2
0.035,0.201,0.139,-0.42,0.180,0,0.1321,0.3965,0.307,0.318,0.176,0.097,0.015,0.000,0.000,0.000,3,0,0,0,0.159,0.126,0.025,0.020,0.012,0.007,6,5,3,2
0.031,0.139,0.084,-0.08,0.108,0,0.1564,0.4964,0.393,0.059,0.176,0.097,0.015,0.000,0.000,0.000,3,0,0,0,0.159,0.126,0.025,0.020,0.012,0.007,6,5,3,2
0.039,0.137,0.054,1.99,0.186,0,0.1860,0.5953,0.320,-0.326,0.176,0.097,0.015,0.000,0.000,0.000,3,0,0,0,0.159,0.126,0.025,0.020,0.012,0.007,6,5,3,2
0.036,0.076,0.075,1.99,0.186,0,0.2224,0.6841,0.335,-0.326,0.176,0.097,0.015,0.000,0.000,0.000,3,0,0,0,0.159,0.126,0.025,0.020,0.012,0.007,6,5,3,2
0.031,0.099,0.377,0.2,0.291,1,0.2676,0.7518,0.695,0.180,0.176,0.097,0.015,0.000,0.000,0.000,3,0,0,0,0.159,0.126,0.025,0.020,0.012,0.007,6,5,3,2
