0.148,0.165,0.366,1.42,0.221,0,0.2254,0.6493,0.647,-0.397,0.236,0.120,0.083,0.000,0.000,0.000,17,0,0,0,0.202,0.149,0.121,0.021,0.015,0.008,17,8,6,4
0.148,0.200,0.297,-0.42,0.180,0,0.1673,0.5107,0.528,0.318,0.236,0.120,0.083,0.000,0.000,0.000,17,0,0,0,0.202,0.149,0.121,0.021,0.015,0.008,17,8,6,4
0.148,0.121,0.310,3.14,0.186,0,0.1211,0.3797,0.187,-0.486,0.236,0.120,0.083,0.000,0.000,0.000,17,0,0,0,0.202,0.149,0.121,0.021,0.015,0.008,17,8,6,4
0.149,0.145,0.531,-1.14,0.131,0,0.0884,0.2646,0.202,0.987,0.236,0.120,0.083,0.000,0.000,0.000,17,0,0,0,0.202,0.149,0.121,0.021,0.015,0.008,17,8,6,4
0.149,0.141,0.822,0.2,0.291,1,0.0691,0.1704,0.322,0.180,0.236,0.120,0.083,0.000,0.000,0.000,17,0,0,0,0.202,0.149,0.121,0.021,0.015,0.008,17,8,6,4
0.149,0.097,0.524,0.85,0.046,0,0.0616,0.0990,0.210,0.06,0.236,0.120,0.083,0.000,0.000,0.000,17,0,0,0,0.202,0.149,0.121,0.021,0.015,0.008,17,8,6,4
0.151,0.103,0.330,0.85,0.046,0,0.0638,0.0498,0.116,0.06,0.236,0.120,0.083,0.000,0.000,0.000,17,0,0,0,0.202,0.149,0.121,0.021,0.015,0.008,17,8,6,4
0.153,0.101,0.117,1.99,0.186,0,0.0727,0.0205,0.090,-0.326,0.236,0.120,0.083,0.000,0.000,0.000,17,0,0,0,0.202,0.149,0.121,0.021,0.015,0.008,17,8,6,4
0.147,0.131,0.158,1.99,0.186,0,0.0851,0.0071,0.080,-0.326,0.236,0.120,0.083,0.000,0.000,0.000,17,0,0,0,0.202,0.149,0.121,0.021,0.015,0.008,17,8,6,4
0.148,0.165,0.139,-1.14,0.131,0,0.0978,0.0052,0.151,0.987,0.236,0.120,0.083,0.000,0.000,0.000,17,0,0,0,0.202,0.149,0.121,0.021,0.015,0.008,17,8,6,4
0.157,0.160,0.002,1.99,0.186,0,0.1064,0.0097,0.044,-0.326,0.236,0.120,0.083,0.000,0.000,0.000,17,0,0,0,0.202,0.149,0.121,0.021,0.015,0.008,17,8,6,4
0.151,0.108,0.003,1.99,0.186,0,0.1047,0.0111,0.032,-0.326,0.236,0.120,0.083,0.000,0.000,0.000,17,0,0,0,0.202,0.149,0.121,0.021,0.015,0.008,17,8,6,4
0.151,0.094,0.005,1.99,0.186,0,0.1068,0.0146,0.053,-0.326,0.236,0.120,0.083,0.000,0.000,0.000,17,0,0,0,0.202,0.149,0.121,0.021,0.015,0.008,17,8,6,4
0.154,0.066,0.003,1.99,0.186,0,0.1028,0.0132,0.072,-0.326,0.236,0.120,0.083,0.000,0.000,0.000,17,0,0,0,0.202,0.149,0.121,0.021,0.015,0.008,17,8,6,4
0.169,0.059,0.001,1.99,0.186,0,0.1006,0.0133,0.038,-0.326,0.236,0.120,0.083,0.000,0.000,0.000,17,0,0,0,0.202,0.149,0.121,0.021,0.015,0.008,17,8,6,4
0.169,0.053,0.001,1.99,0.186,0,0.1019,0.0162,0.048,-0.326,0.236,0.120,0.083,0.000,0.000,0.000,17,0,0,0,0.202,0.149,0.121,0.021,0.015,0.008,17,8,6,4
0.169,0.052,0.017,0.85,0.046,0,0.1090,0.0218,0.118,0.06,0.236,0.120,0.083,0.000,0.000,0.000,17,0,0,0,0.202,0.149,0.121,0.021,0.015,0.008,17,8,6,4
0.171,0.058,0.033,0.85,0.046,0,0.1133,0.0217,0.090,0.06,0.236,0.120,0.083,0.000,0.000,0.000,17,0,0,0,0.202,0.149,0.121,0.021,0.015,0.008,17,8,6,4
0.178,0.079,0.174,-1.14,0.131,0,0.1354,0.0345,0.208,0.987,0.236,0.120,0.083,0.000,0.000,0.000,17,0,0,0,0.202,0.149,0.121,0.021,0.015,0.008,17,8,6,4
0.188,0.104,0.092,0.85,0.046,0,0.1661,0.0549,0.171,0.06,0.236,0.120,0.083,0.000,0.000,0.000,17,0,0,0,0.202,0.149,0.121,0.021,0.015,0.008,17,8,6,4
0.197,0.211,0.328,-0.52,0.062,0,0.1928,0.0765,0.179,0.341,0.236,0.120,0.083,0.000,0.000,0.000,17,0,0,0,0.202,0.149,0.121,0.021,0.015,0.008,17,8,6,4
0.189,0.177,0.263,0.85,0.046,0,0.2130,0.0976,0.254,0.06,0.236,0.120,0.083,0.000,0.000,0.000,17,0,0,0,0.202,0.149,0.121,0.021,0.015,0.008,17,8,6,4
0.189,0.224,0.132,-0.42,0.180,0,0.2435,0.1365,0.282,0.318,0.236,0.120,0.083,0.000,0.000,0.000,17,0,0,0,0.202,0.149,0.121,0.021,0.015,0.008,17,8,6,4
0.191,0.200,0.042,1.99,0.186,0,0.2722,0.1823,0.091,-0.326,0.236,0.120,0.083,0.000,0.000,0.000,17,0,0,0,0.202,0.149,0.121,0.021,0.015,0.008,17,8,6,4
0.193,0.232,0.160,-0.52,0.062,0,0.2880,0.2199,0.245,0.341,0.236,0.120,0.083,0.000,0.000,0.000,17,0,0,0,0.202,0.149,0.121,0.021,0.015,0.008,17,8,6,4
0.197,0.302,0.442,0.2,0.291,1,0.2965,0.2530,0.439,0.180,0.236,0.120,0.083,0.000,0.000,0.000,17,0,0,0,0.202,0.149,0.121,0.021,0.015,0.008,17,8,6,4
0.204,0.186,0.310,0.85,0.046,0,0.2847,0.2615,0.266,0.06,0.236,0.120,0.083,0.000,0.000,0.000,17,0,0,0,0.202,0.149,0.121,0.021,0.015,0.008,17,8,6,4
0.194,0.200,0.272,0,0.000,0,0.2772,0.2702,0.274,0.166,0.236,0.120,0.083,0.000,0.000,0.000,17,0,0,0,0.202,0.149,0.121,0.021,0.015,0.008,17,8,6,4
0.186,0.277,0.520,0.2,0.291,1,0.2671,0.2719,0.342,0.180,0.236,0.120,0.083,0.000,0.000,0.000,17,0,0,0,0.202,0.149,0.121,0.021,0.015,0.008,17,8,6,4
0.201,0.199,0.237,-0.52,0.062,0,0.2440,0.2572,0.332,0.341,0.236,0.120,0.083,0.000,0.000,0.000,17,0,0,0,0.202,0.149,0.121,0.021,0.015,0.008,17,8,6,4
0.206,0.121,0.185,0.85,0.046,0,0.2246,0.2367,0.152,0.06,0.236,0.120,0.083,0.000,0.000,0.000,17,0,0,0,0.202,0.149,0.121,0.021,0.015,0.008,17,8,6,4
0.162,0.102,0.114,-1.14,0.131,0,0.1992,0.2072,0.285,0.987,0.236,0.120,0.083,0.000,0.000,0.000,17,0,0,0,0.202,0.149,0.121,0.021,0.015,0.008,17,8,6,4
0.155,0.087,0.095,1.99,0.186,0,0.1789,0.1786,0.179,-0.326,0.236,0.120,0.083,0.000,0.000,0.000,17,0,0,0,0.202,0.149,0.121,0.021,0.015,0.008,17,8,6,4
0.160,0.078,0.066,0.85,0.046,0,0.1544,0.1486,0.216,0.06,0.236,0.120,0.083,0.000,0.000,0.000,17,0,0,0,0.202,0.149,0.121,0.021,0.015,0.008,17,8,6,4
0.167,0.074,0.063,0.85,0.046,0,0.1481,0.1330,0.279,0.06,0.236,0.120,0.083,0.000,0.000,0.000,17,0,0,0,0.202,0.149,0.121,0.021,0.015,0.008,17,8,6,4
0.164,0.088,0.153,0,0.000,0,0.1389,0.1170,0.274,0.166,0.236,0.120,0.083,0.000,0.000,0.000,17,0,0,0,0.202,0.149,0.121,0.021,0.015,0.008,17,8,6,4
0.151,0.092,0.290,2.1,0.128,0,0.1469,0.1159,0.101,0.02,0.236,0.120,0.083,0.000,0.000,0.000,17,0,0,0,0.202,0.149,0.121,0.021,0.015,0.008,17,8,6,4
0.144,0.100,0.273,-1.14,0.131,0,0.1550,0.1164,0.289,0.987,0.236,0.120,0.083,0.000,0.000,0.000,17,0,0,0,0.202,0.149,0.121,0.021,0.015,0.008,17,8,6,4
0.137,0.108,0.276,-1.1,0.105,-1,0.1614,0.1104,0.438,0.192,0.236,0.120,0.083,0.000,0.000,0.000,17,0,0,0,0.202,0.149,0.121,0.021,0.015,0.008,17,8,6,4
0.126,0.174,0.423,0.2,0.291,1,0.1434,0.0892,0.331,0.180,0.236,0.120,0.083,0.000,0.000,0.000,17,0,0,0,0.202,0.149,0.121,0.021,0.015,0.008,17,8,6,4
0.098,0.121,0.235,2.1,0.128,0,0.1343,0.0782,0.162,0.02,0.236,0.120,0.083,0.000,0.000,0.000,17,0,0,0,0.202,0.149,0.121,0.021,0.015,0.008,17,8,6,4
0.104,0.094,0.140,-0.79,0.151,-1,0.1311,0.0717,0.391,0.736,0.236,0.120,0.083,0.000,0.000,0.000,17,0,0,0,0.202,0.149,0.121,0.021,0.015,0.008,17,8,6,4
0.112,0.080,0.160,-1.14,0.131,0,0.1333,0.0642,0.333,0.987,0.236,0.120,0.083,0.000,0.000,0.000,17,0,0,0,0.202,0.149,0.121,0.021,0.015,0.008,17,8,6,4
0.092,0.097,0.195,0.85,0.046,0,0.1435,0.0631,0.364,0.06,0.236,0.120,0.083,0.000,0.000,0.000,17,0,0,0,0.202,0.149,0.121,0.021,0.015,0.008,17,8,6,4
0.093,0.165,0.384,0.2,0.291,1,0.1404,0.0476,0.472,0.180,0.236,0.120,0.083,0.000,0.000,0.000,17,0,0,0,0.202,0.149,0.121,0.021,0.015,0.008,17,8,6,4
0.094,0.103,0.229,2.1,0.128,0,0.1638,0.0472,0.135,0.02,0.236,0.120,0.083,0.000,0.000,0.000,17,0,0,0,0.202,0.149,0.121,0.021,0.015,0.008,17,8,6,4
0.096,0.080,0.158,-1.14,0.131,0,0.2028,0.0530,0.323,0.987,0.236,0.120,0.083,0.000,0.000,0.000,17,0,0,0,0.202,0.149,0.121,0.021,0.015,0.008,17,8,6,4
0.094,0.081,0.207,-1.14,0.131,0,0.2435,0.0601,0.428,0.987,0.236,0.120,0.083,0.000,0.000,0.000,17,0,0,0,0.202,0.149,0.121,0.021,0.015,0.008,17,8,6,4
0.102,0.100,0.180,-0.42,0.180,0,0.2688,0.0662,0.365,0.318,0.236,0.120,0.083,0.000,0.000,0.000,17,0,0,0,0.202,0.149,0.121,0.021,0.015,0.008,17,8,6,4
0.102,0.083,0.112,-1.14,0.131,0,0.2814,0.0687,0.353,0.987,0.236,0.120,0.083,0.000,0.000,0.000,17,0,0,0,0.202,0.149,0.121,0.021,0.015,0.008,17,8,6,4
0.099,0.095,0.108,-0.79,0.151,-1,0.2741,0.0644,0.511,0.736,0.236,0.120,0.083,0.000,0.000,0.000,17,0,0,0,0.202,0.149,0.121,0.021,0.015,0.008,17,8,6,4
0.099,0.094,0.070,0.22,0.230,0,0.2374,0.0481,0.299,0.303,0.236,0.120,0.083,0.000,0.000,0.000,17,0,0,0,0.202,0.149,0.121,0.021,0.015,0.008,17,8,6,4
0.124,0.079,0.145,2.1,0.128,0,0.1970,0.0352,0.142,0.02,0.236,0.120,0.083,0.000,0.000,0.000,17,0,0,0,0.202,0.149,0.121,0.021,0.015,0.008,17,8,6,4
0.133,0.099,0.071,-0.79,0.151,-1,0.1479,0.0212,0.513,0.736,0.236,0.120,0.083,0.000,0.000,0.000,17,0,0,0,0.202,0.149,0.121,0.021,0.015,0.008,17,8,6,4
0.137,0.094,0.151,0,0.000,0,0.1003,0.0088,0.322,0.166,0.236,0.120,0.083,0.000,0.000,0.000,17,0,0,0,0.202,0.149,0.121,0.021,0.015,0.008,17,8,6,4
0.107,0.135,0.286,0,0.000,0,0.0589,0.0002,0.233,0.166,0.236,0.120,0.083,0.000,0.000,0.000,17,0,0,0,0.202,0.149,0.121,0.021,0.015,0.008,17,8,6,4
0.104,0.224,0.383,0.2,0.291,1,0.0374,-0.0012,0.349,0.180,0.236,0.120,0.083,0.000,0.000,0.000,17,0,0,0,0.202,0.149,0.121,0.021,0.015,0.008,17,8,6,4
0.112,0.164,0.266,0.85,0.046,0,0.0192,-0.0029,0.147,0.06,0.236,0.120,0.083,0.000,0.000,0.000,17,0,0,0,0.202,0.149,0.121,0.021,0.015,0.008,17,8,6,4
0.120,0.208,0.535,0.2,0.291,1,0.0136,-0.0013,0.297,0.180,0.236,0.120,0.083,0.000,0.000,0.000,17,0,0,0,0.202,0.149,0.121,0.021,0.015,0.008,17,8,6,4
0.124,0.145,0.264,-1.1,0.105,-1,0.0163,0.0000,0.251,0.192,0.236,0.120,0.083,0.000,0.000,0.000,17,0,0,0,0.202,0.149,0.121,0.021,0.015,0.008,17,8,6,4
0.124,0.115,0.302,0.85,0.046,0,0.0259,0.0011,0.115,0.06,0.236,0.120,0.083,0.000,0.000,0.000,17,0,0,0,0.202,0.149,0.121,0.021,0.015,0.008,17,8,6,4
0.124,0.114,0.314,2.1,0.128,0,0.0310,0.0022,0.075,0.02,0.236,0.120,0.083,0.000,0.000,0.000,17,0,0,0,0.202,0.149,0.121,0.021,0.015,0.008,17,8,6,4
0.118,0.099,0.430,0,0.000,0,0.0233,0.0007,0.131,0.166,0.236,0.120,0.083,0.000,0.000,0.000,17,0,0,0,0.202,0.149,0.121,0.021,0.015,0.008,17,8,6,4
0.116,0.087,0.360,2.1,0.128,0,0.0199,0.0004,0.065,0.02,0.236,0.120,0.083,0.000,0.000,0.000,17,0,0,0,0.202,0.149,0.121,0.021,0.015,0.008,17,8,6,4
0.142,0.074,0.423,2.1,0.128,0,0.0207,0.0005,0.042,0.02,0.236,0.120,0.083,0.000,0.000,0.000,17,0,0,0,0.202,0.149,0.121,0.021,0.015,0.008,17,8,6,4
0.144,0.062,0.357,-0.79,0.151,-1,0.0249,0.0009,0.205,0.736,0.236,0.120,0.083,0.000,0.000,0.000,17,0,0,0,0.202,0.149,0.121,0.021,0.015,0.008,17,8,6,4
0.144,0.058,0.312,2.53,0.140,0,0.0222,0.0013,0.090,-0.121,0.236,0.120,0.083,0.000,0.000,0.000,17,0,0,0,0.202,0.149,0.121,0.021,0.015,0.008,17,8,6,4
0.138,0.077,0.265,2.1,0.128,0,0.0125,0.0001,0.080,0.02,0.236,0.120,0.083,0.000,0.000,0.000,17,0,0,0,0.202,0.149,0.121,0.021,0.015,0.008,17,8,6,4
0.133,0.081,0.275,0,0.000,0,0.0070,-0.0006,0.211,0.166,0.236,0.120,0.083,0.000,0.000,0.000,17,0,0,0,0.202,0.149,0.121,0.021,0.015,0.008,17,8,6,4
0.104,0.067,0.139,0.85,0.046,0,0.0040,-0.0008,0.113,0.06,0.236,0.120,0.083,0.000,0.000,0.000,17,0,0,0,0.202,0.149,0.121,0.021,0.015,0.008,17,8,6,4
0.111,0.078,0.120,-1.14,0.131,0,0.0032,-0.0007,0.267,0.987,0.236,0.120,0.083,0.000,0.000,0.000,17,0,0,0,0.202,0.149,0.121,0.021,0.015,0.008,17,8,6,4
0.105,0.090,0.101,-0.79,0.151,-1,0.0104,0.0003,0.458,0.736,0.236,0.120,0.083,0.000,0.000,0.000,17,0,0,0,0.202,0.149,0.121,0.021,0.015,0.008,17,8,6,4
0.105,0.090,0.153,0,0.000,0,0.0265,0.0024,0.166,0.166,0.236,0.120,0.083,0.000,0.000,0.000,17,0,0,0,0.202,0.149,0.121,0.021,0.015,0.008,17,8,6,4
0.105,0.088,0.056,0.85,0.046,0,0.0422,0.0047,0.147,0.06,0.236,0.120,0.083,0.000,0.000,0.000,17,0,0,0,0.202,0.149,0.121,0.021,0.015,0.008,17,8,6,4
0.083,0.070,0.176,0.85,0.046,0,0.0605,0.0075,0.176,0.06,0.236,0.120,0.083,0.000,0.000,0.000,17,0,0,0,0.202,0.149,0.121,0.021,0.015,0.008,17,8,6,4
0.082,0.074,0.184,2.1,0.128,0,0.0787,0.0102,0.118,0.02,0.236,0.120,0.083,0.000,0.000,0.000,17,0,0,0,0.202,0.149,0.121,0.021,0.015,0.008,17,8,6,4
0.101,0.071,0.069,0,0.000,0,0.0936,0.0125,0.156,0.166,0.236,0.120,0.083,0.000,0.000,0.000,17,0,0,0,0.202,0.149,0.121,0.021,0.015,0.008,17,8,6,4
0.097,0.063,0.041,1.99,0.186,0,0.1046,0.0147,0.095,-0.326,0.236,0.120,0.083,0.000,0.000,0.000,17,0,0,0,0.202,0.149,0.121,0.021,0.015,0.008,17,8,6,4
0.097,0.096,0.126,-0.42,0.180,0,0.1026,0.0143,0.285,0.318,0.236,0.120,0.083,0.000,0.000,0.000,17,0,0,0,0.202,0.149,0.121,0.021,0.015,0.008,17,8,6,4
0.095,0.070,0.091,-0.79,0.151,-1,0.0928,0.0122,0.450,0.736,0.236,0.120,0.083,0.000,0.000,0.000,17,0,0,0,0.202,0.149,0.121,0.021,0.015,0.008,17,8,6,4
0.095,0.083,0.106,0,0.000,0,0.0766,0.0094,0.138,0.166,0.236,0.120,0.083,0.000,0.000,0.000,17,0,0,0,0.202,0.149,0.121,0.021,0.015,0.008,17,8,6,4
0.095,0.078,0.182,-1.14,0.131,0,0.0570,0.0066,0.312,0.987,0.236,0.120,0.083,0.000,0.000,0.000,17,0,0,0,0.202,0.149,0.121,0.021,0.015,0.008,17,8,6,4
0.096,0.091,0.305,2.1,0.128,0,0.0458,0.0062,0.171,0.02,0.236,0.120,0.083,0.000,0.000,0.000,17,0,0,0,0.202,0.149,0.121,0.021,0.015,0.008,17,8,6,4
0.096,0.100,0.289,0,0.000,0,0.0454,0.0079,0.214,0.166,0.236,0.120,0.083,0.000,0.000,0.000,17,0,0,0,0.202,0.149,0.121,0.021,0.015,0.008,17,8,6,4
0.095,0.099,0.240,-0.79,0.151,-1,0.0621,0.0150,0.435,0.736,0.236,0.120,0.083,0.000,0.000,0.000,17,0,0,0,0.202,0.149,0.121,0.021,0.015,0.008,17,8,6,4
0.091,0.108,0.331,0,0.000,0,0.0664,0.0160,0.198,0.166,0.236,0.120,0.083,0.000,0.000,0.000,17,0,0,0,0.202,0.149,0.121,0.021,0.015,0.008,17,8,6,4
0.088,0.107,0.075,1.99,0.186,0,0.0769,0.0174,0.052,-0.326,0.236,0.120,0.083,0.000,0.000,0.000,17,0,0,0,0.202,0.149,0.121,0.021,0.015,0.008,17,8,6,4
0.091,0.135,0.261,-0.42,0.180,0,0.0876,0.0200,0.209,0.318,0.236,0.120,0.083,0.000,0.000,0.000,17,0,0,0,0.202,0.149,0.121,0.021,0.015,0.008,17,8,6,4
0.092,0.122,0.159,2.1,0.128,0,0.1013,0.0249,0.045,0.02,0.236,0.120,0.083,0.000,0.000,0.000,17,0,0,0,0.202,0.149,0.121,0.021,0.015,0.008,17,8,6,4
0.091,0.083,0.171,2.53,0.140,0,0.1092,0.0282,0.082,-0.121,0.236,0.120,0.083,0.000,0.000,0.000,17,0,0,0,0.202,0.149,0.121,0.021,0.015,0.008,17,8,6,4
0.112,0.121,0.091,2.53,0.140,0,0.1207,0.0347,0.053,-0.121,0.236,0.120,0.083,0.000,0.000,0.000,17,0,0,0,0.202,0.149,0.121,0.021,0.015,0.008,17,8,6,4
0.114,0.116,0.042,-1.14,0.131,0,0.1297,0.0392,0.126,0.987,0.236,0.120,0.083,0.000,0.000,0.000,17,0,0,0,0.202,0.149,0.121,0.021,0.015,0.008,17,8,6,4
0.123,0.186,0.054,1.69,0.290,0,0.1362,0.0416,0.119,-0.697,0.236,0.120,0.083,0.000,0.000,0.000,17,0,0,0,0.202,0.149,0.121,0.021,0.015,0.008,17,8,6,4
0.125,0.212,0.065,0,0.000,0,0.1458,0.0464,0.267,0.166,0.236,0.120,0.083,0.000,0.000,0.000,17,0,0,0,0.202,0.149,0.121,0.021,0.015,0.008,17,8,6,4
0.123,0.141,0.022,2.53,0.140,0,0.1619,0.0545,0.111,-0.121,0.236,0.120,0.083,0.000,0.000,0.000,17,0,0,0,0.202,0.149,0.121,0.021,0.015,0.008,17,8,6,4
0.145,0.137,0.228,-1.14,0.131,0,0.1760,0.0625,0.233,0.987,0.236,0.120,0.083,0.000,0.000,0.000,17,0,0,0,0.202,0.149,0.121,0.021,0.015,0.008,17,8,6,4
0.143,0.129,0.252,0.85,0.046,0,0.1823,0.0678,0.230,0.06,0.236,0.120,0.083,0.000,0.000,0.000,17,0,0,0,0.202,0.149,0.121,0.021,0.015,0.008,17,8,6,4
0.147,0.194,0.460,-0.52,0.062,0,0.1779,0.0681,0.244,0.341,0.236,0.120,0.083,0.000,0.000,0.000,17,0,0,0,0.202,0.149,0.121,0.021,0.015,0.008,17,8,6,4
0.151,0.194,0.315,0.85,0.046,0,0.1615,0.0637,0.212,0.06,0.236,0.120,0.083,0.000,0.000,0.000,17,0,0,0,0.202,0.149,0.121,0.021,0.015,0.008,17,8,6,4
0.151,0.186,0.353,-0.08,0.108,0,0.1349,0.0554,0.230,0.059,0.236,0.120,0.083,0.000,0.000,0.000,17,0,0,0,0.202,0.149,0.121,0.021,0.015,0.008,17,8,6,4
0.151,0.168,0.180,2.53,0.140,0,0.1187,0.0512,0.086,-0.121,0.236,0.120,0.083,0.000,0.000,0.000,17,0,0,0,0.202,0.149,0.121,0.021,0.015,0.008,17,8,6,4
0.155,0.224,0.372,0.2,0.291,1,0.1093,0.0495,0.263,0.180,0.236,0.120,0.083,0.000,0.000,0.000,17,0,0,0,0.202,0.149,0.121,0.021,0.015,0.008,17,8,6,4
0.163,0.222,0.384,0.2,0.291,1,0.1147,0.0535,0.308,0.180,0.236,0.120,0.083,0.000,0.000,0.000,17,0,0,0,0.202,0.149,0.121,0.021,0.015,0.008,17,8,6,4
0.204,0.200,0.457,0.2,0.291,1,0.1113,0.0515,0.214,0.180,0.236,0.120,0.083,0.000,0.000,0.000,17,0,0,0,0.202,0.149,0.121,0.021,0.015,0.008,17,8,6,4
0.209,0.132,0.332,0.85,0.046,0,0.1094,0.0495,0.144,0.06,0.236,0.120,0.083,0.000,0.000,0.000,17,0,0,0,0.202,0.149,0.121,0.021,0.015,0.008,17,8,6,4
0.174,0.152,0.332,-0.42,0.180,0,0.1083,0.0479,0.371,0.318,0.236,0.120,0.083,0.000,0.000,0.000,17,0,0,0,0.202,0.149,0.121,0.021,0.015,0.008,17,8,6,4
0.174,0.139,0.304,0.85,0.046,0,0.1093,0.0477,0.187,0.06,0.236,0.120,0.083,0.000,0.000,0.000,17,0,0,0,0.202,0.149,0.121,0.021,0.015,0.008,17,8,6,4
0.173,0.141,0.305,0,0.000,0,0.1028,0.0461,0.140,0.166,0.236,0.120,0.083,0.000,0.000,0.000,17,0,0,0,0.202,0.149,0.121,0.021,0.015,0.008,17,8,6,4
0.169,0.070,0.242,1.99,0.186,0,0.0998,0.0481,0.057,-0.326,0.236,0.120,0.083,0.000,0.000,0.000,17,0,0,0,0.202,0.149,0.121,0.021,0.015,0.008,17,8,6,4
0.172,0.082,0.306,2.1,0.128,0,0.0914,0.0456,0.069,0.02,0.236,0.120,0.083,0.000,0.000,0.000,17,0,0,0,0.202,0.149,0.121,0.021,0.015,0.008,17,8,6,4
0.188,0.059,0.226,2.53,0.140,0,0.0767,0.0396,0.083,-0.121,0.236,0.120,0.083,0.000,0.000,0.000,17,0,0,0,0.202,0.149,0.121,0.021,0.015,0.008,17,8,6,4
0.182,0.076,0.184,2.1,0.128,0,0.0689,0.0377,0.038,0.02,0.236,0.120,0.083,0.000,0.000,0.000,17,0,0,0,0.202,0.149,0.121,0.021,0.015,0.008,17,8,6,4
0.176,0.075,0.135,0.85,0.046,0,0.0648,0.0363,0.091,0.06,0.236,0.120,0.083,0.000,0.000,0.000,17,0,0,0,0.202,0.149,0.121,0.021,0.015,0.008,17,8,6,4
0.145,0.100,0.165,-0.52,0.062,0,0.0658,0.0383,0.162,0.341,0.236,0.120,0.083,0.000,0.000,0.000,17,0,0,0,0.202,0.149,0.121,0.021,0.015,0.008,17,8,6,4
0.133,0.111,0.078,-0.52,0.062,0,0.0643,0.0365,0.224,0.341,0.236,0.120,0.083,0.000,0.000,0.000,17,0,0,0,0.202,0.149,0.121,0.021,0.015,0.008,17,8,6,4
0.118,0.085,0.080,-0.79,0.151,-1,0.0572,0.0310,0.261,0.736,0.236,0.120,0.083,0.000,0.000,0.000,17,0,0,0,0.202,0.149,0.121,0.021,0.015,0.008,17,8,6,4
0.123,0.082,0.173,-1.14,0.131,0,0.0492,0.0269,0.218,0.987,0.236,0.120,0.083,0.000,0.000,0.000,17,0,0,0,0.202,0.149,0.121,0.021,0.015,0.008,17,8,6,4
0.103,0.087,0.101,2.53,0.140,0,0.0405,0.0242,0.144,-0.121,0.236,0.120,0.083,0.000,0.000,0.000,17,0,0,0,0.202,0.149,0.121,0.021,0.015,0.008,17,8,6,4
0.101,0.107,0.232,2.1,0.128,0,0.0425,0.0277,0.132,0.02,0.236,0.120,0.083,0.000,0.000,0.000,17,0,0,0,0.202,0.149,0.121,0.021,0.015,0.008,17,8,6,4
0.104,0.134,0.116,0,0.000,0,0.0543,0.0385,0.196,0.166,0.236,0.120,0.083,0.000,0.000,0.000,17,0,0,0,0.202,0.149,0.121,0.021,0.015,0.008,17,8,6,4
0.098,0.158,0.496,-0.52,0.062,0,0.0785,0.0563,0.309,0.341,0.236,0.120,0.083,0.000,0.000,0.000,17,0,0,0,0.202,0.149,0.121,0.021,0.015,0.008,17,8,6,4
0.097,0.182,0.378,-1.1,0.105,-1,0.0896,0.0644,0.304,0.192,0.236,0.120,0.083,0.000,0.000,0.000,17,0,0,0,0.202,0.149,0.121,0.021,0.015,0.008,17,8,6,4
0.098,0.199,0.153,0.85,0.046,0,0.0953,0.0672,0.192,0.06,0.236,0.120,0.083,0.000,0.000,0.000,17,0,0,0,0.202,0.149,0.121,0.021,0.015,0.008,17,8,6,4
0.098,0.683,0.565,-0.48,0.134,0,0.1071,0.0761,0.267,0.007,0.236,0.120,0.083,0.000,0.000,0.000,17,0,0,0,0.202,0.149,0.121,0.021,0.015,0.008,17,8,6,4
0.094,0.289,0.484,-0.08,0.108,0,0.1242,0.0911,0.150,0.059,0.236,0.120,0.083,0.000,0.000,0.000,17,0,0,0,0.202,0.149,0.121,0.021,0.015,0.008,17,8,6,4
0.094,0.280,0.631,1.37,0.298,0,0.1442,0.1082,0.115,-0.510,0.236,0.120,0.083,0.000,0.000,0.000,17,0,0,0,0.202,0.149,0.121,0.021,0.015,0.008,17,8,6,4
0.120,0.157,0.576,0.85,0.046,0,0.1645,0.1255,0.145,0.06,0.236,0.120,0.083,0.000,0.000,0.000,17,0,0,0,0.202,0.149,0.121,0.021,0.015,0.008,17,8,6,4
0.130,0.232,0.581,-0.48,0.134,0,0.1819,0.1392,0.166,0.007,0.236,0.120,0.083,0.000,0.000,0.000,17,0,0,0,0.202,0.149,0.121,0.021,0.015,0.008,17,8,6,4
0.137,0.150,0.172,1.99,0.186,0,0.1954,0.1499,0.062,-0.326,0.236,0.120,0.083,0.000,0.000,0.000,17,0,0,0,0.202,0.149,0.121,0.021,0.015,0.008,17,8,6,4
0.109,0.167,0.228,2.1,0.128,0,0.2142,0.1657,0.102,0.02,0.236,0.120,0.083,0.000,0.000,0.000,17,0,0,0,0.202,0.149,0.121,0.021,0.015,0.008,17,8,6,4
0.111,0.148,0.186,-0.42,0.180,0,0.2391,0.1887,0.293,0.318,0.236,0.120,0.083,0.000,0.000,0.000,17,0,0,0,0.202,0.149,0.121,0.021,0.015,0.008,17,8,6,4
0.105,0.130,0.108,1.99,0.186,0,0.2792,0.2264,0.098,-0.326,0.236,0.120,0.083,0.000,0.000,0.000,17,0,0,0,0.202,0.149,0.121,0.021,0.015,0.008,17,8,6,4
0.117,0.198,0.563,0.2,0.291,1,0.2948,0.2427,0.254,0.180,0.236,0.120,0.083,0.000,0.000,0.000,17,0,0,0,0.202,0.149,0.121,0.021,0.015,0.008,17,8,6,4
0.121,0.104,0.381,0.85,0.046,0,0.2996,0.2506,0.212,0.06,0.236,0.120,0.083,0.000,0.000,0.000,17,0,0,0,0.202,0.149,0.121,0.021,0.015,0.008,17,8,6,4
0.136,0.091,0.279,0.85,0.046,0,0.2904,0.2474,0.177,0.06,0.236,0.120,0.083,0.000,0.000,0.000,17,0,0,0,0.202,0.149,0.121,0.021,0.015,0.008,17,8,6,4
0.137,0.122,0.392,-0.52,0.062,0,0.2741,0.2411,0.203,0.341,0.236,0.120,0.083,0.000,0.000,0.000,17,0,0,0,0.202,0.149,0.121,0.021,0.015,0.008,17,8,6,4
0.153,0.193,0.648,0.2,0.291,1,0.2731,0.2465,0.367,0.180,0.236,0.120,0.083,0.000,0.000,0.000,17,0,0,0,0.202,0.149,0.121,0.021,0.015,0.008,17,8,6,4
0.148,0.191,0.664,0.2,0.291,1,0.2885,0.2639,0.349,0.180,0.236,0.120,0.083,0.000,0.000,0.000,17,0,0,0,0.202,0.149,0.121,0.021,0.015,0.008,17,8,6,4
0.174,0.151,0.436,-0.52,0.062,0,0.3182,0.2926,0.240,0.341,0.236,0.120,0.083,0.000,0.000,0.000,17,0,0,0,0.202,0.149,0.121,0.021,0.015,0.008,17,8,6,4
0.174,0.118,0.260,-0.79,0.151,-1,0.3394,0.3168,0.426,0.736,0.236,0.120,0.083,0.000,0.000,0.000,17,0,0,0,0.202,0.149,0.121,0.021,0.015,0.008,17,8,6,4
0.164,0.175,0.622,0.2,0.291,1,0.3534,0.3351,0.419,0.180,0.236,0.120,0.083,0.000,0.000,0.000,17,0,0,0,0.202,0.149,0.121,0.021,0.015,0.008,17,8,6,4
0.175,0.100,0.246,1.99,0.186,0,0.3659,0.3569,0.185,-0.326,0.236,0.120,0.083,0.000,0.000,0.000,17,0,0,0,0.202,0.149,0.121,0.021,0.015,0.008,17,8,6,4
0.179,0.140,0.268,0.22,0.230,0,0.3778,0.3817,0.391,0.303,0.236,0.120,0.083,0.000,0.000,0.000,17,0,0,0,0.202,0.149,0.121,0.021,0.015,0.008,17,8,6,4
0.174,0.168,0.454,0.2,0.291,1,0.3869,0.4056,0.356,0.180,0.236,0.120,0.083,0.000,0.000,0.000,17,0,0,0,0.202,0.149,0.121,0.021,0.015,0.008,17,8,6,4
0.178,0.089,0.134,-1.14,0.131,0,0.3832,0.4197,0.181,0.987,0.236,0.120,0.083,0.000,0.000,0.000,17,0,0,0,0.202,0.149,0.121,0.021,0.015,0.008,17,8,6,4
0.180,0.094,0.070,-1.14,0.131,0,0.3687,0.4192,0.158,0.987,0.236,0.120,0.083,0.000,0.000,0.000,17,0,0,0,0.202,0.149,0.121,0.021,0.015,0.008,17,8,6,4
0.167,0.100,0.030,2.53,0.140,0,0.3505,0.4135,0.075,-0.121,0.236,0.120,0.083,0.000,0.000,0.000,17,0,0,0,0.202,0.149,0.121,0.021,0.015,0.008,17,8,6,4
0.164,0.124,0.065,3.14,0.186,0,0.3375,0.4088,0.060,-0.486,0.236,0.120,0.083,0.000,0.000,0.000,17,0,0,0,0.202,0.149,0.121,0.021,0.015,0.008,17,8,6,4
0.153,0.121,0.056,2.53,0.140,0,0.3427,0.4184,0.062,-0.121,0.236,0.120,0.083,0.000,0.000,0.000,17,0,0,0,0.202,0.149,0.121,0.021,0.015,0.008,17,8,6,4
0.120,0.172,0.025,1.99,0.186,0,0.3624,0.4371,0.040,-0.326,0.236,0.120,0.083,0.000,0.000,0.000,17,0,0,0,0.202,0.149,0.121,0.021,0.015,0.008,17,8,6,4
0.140,0.241,0.491,-0.42,0.180,0,0.3800,0.4484,0.119,0.318,0.236,0.120,0.083,0.000,0.000,0.000,17,0,0,0,0.202,0.149,0.121,0.021,0.015,0.008,17,8,6,4
0.129,0.226,0.499,0.2,0.291,1,0.3939,0.4544,0.194,0.180,0.236,0.120,0.083,0.000,0.000,0.000,17,0,0,0,0.202,0.149,0.121,0.021,0.015,0.008,17,8,6,4
0.110,0.165,0.303,0,0.000,0,0.3925,0.4447,0.131,0.166,0.236,0.120,0.083,0.000,0.000,0.000,17,0,0,0,0.202,0.149,0.121,0.021,0.015,0.008,17,8,6,4
0.108,0.159,0.085,0.85,0.046,0,0.3876,0.4350,0.142,0.06,0.236,0.120,0.083,0.000,0.000,0.000,17,0,0,0,0.202,0.149,0.121,0.021,0.015,0.008,17,8,6,4
0.103,0.137,0.204,2.1,0.128,0,0.3924,0.4339,0.138,0.02,0.236,0.120,0.083,0.000,0.000,0.000,17,0,0,0,0.202,0.149,0.121,0.021,0.015,0.008,17,8,6,4
0.113,0.117,0.107,0,0.000,0,0.3919,0.4269,0.247,0.166,0.236,0.120,0.083,0.000,0.000,0.000,17,0,0,0,0.202,0.149,0.121,0.021,0.015,0.008,17,8,6,4
0.126,0.154,0.210,-0.42,0.180,0,0.3919,0.4210,0.402,0.318,0.236,0.120,0.083,0.000,0.000,0.000,17,0,0,0,0.202,0.149,0.121,0.021,0.015,0.008,17,8,6,4
0.156,0.122,0.002,0,0.000,0,0.3841,0.4106,0.284,0.166,0.236,0.120,0.083,0.000,0.000,0.000,17,0,0,0,0.202,0.149,0.121,0.021,0.015,0.008,17,8,6,4
0.143,0.101,0.006,-0.42,0.180,0,0.3707,0.3951,0.394,0.318,0.236,0.120,0.083,0.000,0.000,0.000,17,0,0,0,0.202,0.149,0.121,0.021,0.015,0.008,17,8,6,4
0.121,0.112,0.034,-0.79,0.151,-1,0.3524,0.3761,0.500,0.736,0.236,0.120,0.083,0.000,0.000,0.000,17,0,0,0,0.202,0.149,0.121,0.021,0.015,0.008,17,8,6,4
0.100,0.090,0.013,-1.1,0.105,-1,0.3438,0.3647,0.281,0.192,0.236,0.120,0.083,0.000,0.000,0.000,17,0,0,0,0.202,0.149,0.121,0.021,0.015,0.008,17,8,6,4
0.101,0.082,0.007,-1.14,0.131,0,0.3462,0.3611,0.332,0.987,0.236,0.120,0.083,0.000,0.000,0.000,17,0,0,0,0.202,0.149,0.121,0.021,0.015,0.008,17,8,6,4
0.098,0.120,0.044,-0.48,0.134,0,0.3393,0.3469,0.448,0.007,0.236,0.120,0.083,0.000,0.000,0.000,17,0,0,0,0.202,0.149,0.121,0.021,0.015,0.008,17,8,6,4
0.092,0.112,0.204,-0.52,0.062,0,0.3242,0.3195,0.213,0.341,0.236,0.120,0.083,0.000,0.000,0.000,17,0,0,0,0.202,0.149,0.121,0.021,0.015,0.008,17,8,6,4
0.091,0.118,0.018,1.99,0.186,0,0.3145,0.2948,0.121,-0.326,0.236,0.120,0.083,0.000,0.000,0.000,17,0,0,0,0.202,0.149,0.121,0.021,0.015,0.008,17,8,6,4
0.089,0.169,0.381,0.2,0.291,1,0.3116,0.2746,0.338,0.180,0.236,0.120,0.083,0.000,0.000,0.000,17,0,0,0,0.202,0.149,0.121,0.021,0.015,0.008,17,8,6,4
0.070,0.188,0.389,0.22,0.230,0,0.3127,0.2613,0.316,0.303,0.236,0.120,0.083,0.000,0.000,0.000,17,0,0,0,0.202,0.149,0.121,0.021,0.015,0.008,17,8,6,4
0.091,0.189,0.345,-1.19,0.219,1,0.3073,0.2444,0.213,0.586,0.236,0.120,0.083,0.000,0.000,0.000,17,0,0,0,0.202,0.149,0.121,0.021,0.015,0.008,17,8,6,4
0.087,0.191,0.514,1.37,0.298,0,0.2962,0.2270,0.105,-0.510,0.236,0.120,0.083,0.000,0.000,0.000,17,0,0,0,0.202,0.149,0.121,0.021,0.015,0.008,17,8,6,4
0.090,0.136,0.297,-0.48,0.134,0,0.2702,0.2003,0.303,0.007,0.236,0.120,0.083,0.000,0.000,0.000,17,0,0,0,0.202,0.149,0.121,0.021,0.015,0.008,17,8,6,4
0.106,0.102,0.294,1.69,0.290,0,0.2348,0.1675,0.078,-0.697,0.236,0.120,0.083,0.000,0.000,0.000,17,0,0,0,0.202,0.149,0.121,0.021,0.015,0.008,17,8,6,4
0.111,0.087,0.421,3.14,0.186,0,0.1965,0.1363,0.076,-0.486,0.236,0.120,0.083,0.000,0.000,0.000,17,0,0,0,0.202,0.149,0.121,0.021,0.015,0.008,17,8,6,4
0.116,0.074,0.195,0.85,0.046,0,0.1594,0.1084,0.145,0.06,0.236,0.120,0.083,0.000,0.000,0.000,17,0,0,0,0.202,0.149,0.121,0.021,0.015,0.008,17,8,6,4
0.137,0.071,0.044,-1.1,0.105,-1,0.1259,0.0830,0.302,0.192,0.236,0.120,0.083,0.000,0.000,0.000,17,0,0,0,0.202,0.149,0.121,0.021,0.015,0.008,17,8,6,4
0.140,0.071,0.003,2.53,0.140,0,0.0997,0.0645,0.065,-0.121,0.236,0.120,0.083,0.000,0.000,0.000,17,0,0,0,0.202,0.149,0.121,0.021,0.015,0.008,17,8,6,4
0.137,0.068,0.029,2.53,0.140,0,0.0794,0.0510,0.072,-0.121,0.236,0.120,0.083,0.000,0.000,0.000,17,0,0,0,0.202,0.149,0.121,0.021,0.015,0.008,17,8,6,4
0.108,0.090,0.003,-0.79,0.151,-1,0.0667,0.0415,0.407,0.736,0.236,0.120,0.083,0.000,0.000,0.000,17,0,0,0,0.202,0.149,0.121,0.021,0.015,0.008,17,8,6,4
0.100,0.102,0.075,-1.19,0.219,1,0.0559,0.0320,0.414,0.586,0.236,0.120,0.083,0.000,0.000,0.000,17,0,0,0,0.202,0.149,0.121,0.021,0.015,0.008,17,8,6,4
0.065,0.093,0.004,3.14,0.186,0,0.0508,0.0282,0.115,-0.486,0.236,0.120,0.083,0.000,0.000,0.000,17,0,0,0,0.202,0.149,0.121,0.021,0.015,0.008,17,8,6,4
0.077,0.082,0.003,0.85,0.046,0,0.0507,0.0295,0.192,0.06,0.236,0.120,0.083,0.000,0.000,0.000,17,0,0,0,0.202,0.149,0.121,0.021,0.015,0.008,17,8,6,4
0.113,0.100,0.250,-1.14,0.131,0,0.0569,0.0320,0.289,0.987,0.236,0.120,0.083,0.000,0.000,0.000,17,0,0,0,0.202,0.149,0.121,0.021,0.015,0.008,17,8,6,4
0.137,0.131,0.182,0.85,0.046,0,0.0566,0.0295,0.119,0.06,0.236,0.120,0.083,0.000,0.000,0.000,17,0,0,0,0.202,0.149,0.121,0.021,0.015,0.008,17,8,6,4
0.134,0.153,0.121,2.53,0.140,0,0.0597,0.0297,0.142,-0.121,0.236,0.120,0.083,0.000,0.000,0.000,17,0,0,0,0.202,0.149,0.121,0.021,0.015,0.008,17,8,6,4
0.110,0.125,0.032,2.53,0.140,0,0.0737,0.0358,0.083,-0.121,0.236,0.120,0.083,0.000,0.000,0.000,17,0,0,0,0.202,0.149,0.121,0.021,0.015,0.008,17,8,6,4
0.120,0.157,0.416,0.22,0.230,0,0.0914,0.0443,0.131,0.303,0.236,0.120,0.083,0.000,0.000,0.000,17,0,0,0,0.202,0.149,0.121,0.021,0.015,0.008,17,8,6,4
0.149,0.126,0.054,3.14,0.186,0,0.1072,0.0519,0.050,-0.486,0.236,0.120,0.083,0.000,0.000,0.000,17,0,0,0,0.202,0.149,0.121,0.021,0.015,0.008,17,8,6,4
0.154,0.129,0.424,-0.79,0.151,-1,0.1108,0.0518,0.211,0.736,0.236,0.120,0.083,0.000,0.000,0.000,17,0,0,0,0.202,0.149,0.121,0.021,0.015,0.008,17,8,6,4
0.154,0.115,0.197,1.99,0.186,0,0.1123,0.0497,0.078,-0.326,0.236,0.120,0.083,0.000,0.000,0.000,17,0,0,0,0.202,0.149,0.121,0.021,0.015,0.008,17,8,6,4
0.125,0.168,0.410,1.69,0.290,0,0.1145,0.0486,0.091,-0.697,0.236,0.120,0.083,0.000,0.000,0.000,17,0,0,0,0.202,0.149,0.121,0.021,0.015,0.008,17,8,6,4
0.123,0.230,0.677,0.2,0.291,1,0.1247,0.0529,0.362,0.180,0.236,0.120,0.083,0.000,0.000,0.000,17,0,0,0,0.202,0.149,0.121,0.021,0.015,0.008,17,8,6,4
0.122,0.177,0.563,-1.19,0.219,1,0.1435,0.0628,0.457,0.586,0.236,0.120,0.083,0.000,0.000,0.000,17,0,0,0,0.202,0.149,0.121,0.021,0.015,0.008,17,8,6,4
0.128,0.099,0.326,1.99,0.186,0,0.1571,0.0702,0.116,-0.326,0.236,0.120,0.083,0.000,0.000,0.000,17,0,0,0,0.202,0.149,0.121,0.021,0.015,0.008,17,8,6,4
0.134,0.079,0.383,-1.14,0.131,0,0.1603,0.0726,0.419,0.987,0.236,0.120,0.083,0.000,0.000,0.000,17,0,0,0,0.202,0.149,0.121,0.021,0.015,0.008,17,8,6,4
0.137,0.085,0.612,1.69,0.290,0,0.1670,0.0794,0.234,-0.697,0.236,0.120,0.083,0.000,0.000,0.000,17,0,0,0,0.202,0.149,0.121,0.021,0.015,0.008,17,8,6,4
0.143,0.084,0.353,-0.52,0.062,0,0.1658,0.0779,0.429,0.341,0.236,0.120,0.083,0.000,0.000,0.000,17,0,0,0,0.202,0.149,0.121,0.021,0.015,0.008,17,8,6,4
0.137,0.101,0.224,-1.19,0.219,1,0.1743,0.0839,0.536,0.586,0.236,0.120,0.083,0.000,0.000,0.000,17,0,0,0,0.202,0.149,0.121,0.021,0.015,0.008,17,8,6,4
0.116,0.107,0.533,0.2,0.291,1,0.1802,0.0881,0.431,0.180,0.236,0.120,0.083,0.000,0.000,0.000,17,0,0,0,0.202,0.149,0.121,0.021,0.015,0.008,17,8,6,4
0.138,0.071,0.085,-0.79,0.151,-1,0.1916,0.0964,0.421,0.736,0.236,0.120,0.083,0.000,0.000,0.000,17,0,0,0,0.202,0.149,0.121,0.021,0.015,0.008,17,8,6,4
0.139,0.077,0.369,2.53,0.140,0,0.2117,0.1101,0.101,-0.121,0.236,0.120,0.083,0.000,0.000,0.000,17,0,0,0,0.202,0.149,0.121,0.021,0.015,0.008,17,8,6,4
0.175,0.111,0.507,-1.14,0.131,0,0.2207,0.1183,0.278,0.987,0.236,0.120,0.083,0.000,0.000,0.000,17,0,0,0,0.202,0.149,0.121,0.021,0.015,0.008,17,8,6,4
0.139,0.127,0.416,2.53,0.140,0,0.2314,0.1309,0.177,-0.121,0.236,0.120,0.083,0.000,0.000,0.000,17,0,0,0,0.202,0.149,0.121,0.021,0.015,0.008,17,8,6,4
0.108,0.143,0.574,0.85,0.046,0,0.2349,0.1374,0.224,0.06,0.236,0.120,0.083,0.000,0.000,0.000,17,0,0,0,0.202,0.149,0.121,0.021,0.015,0.008,17,8,6,4
0.111,0.201,0.484,-0.52,0.062,0,0.2435,0.1480,0.261,0.341,0.236,0.120,0.083,0.000,0.000,0.000,17,0,0,0,0.202,0.149,0.121,0.021,0.015,0.008,17,8,6,4
0.115,0.227,0.320,0,0.000,0,0.2519,0.1580,0.247,0.166,0.236,0.120,0.083,0.000,0.000,0.000,17,0,0,0,0.202,0.149,0.121,0.021,0.015,0.008,17,8,6,4
0.136,0.221,0.173,-0.52,0.062,0,0.2476,0.1594,0.184,0.341,0.236,0.120,0.083,0.000,0.000,0.000,17,0,0,0,0.202,0.149,0.121,0.021,0.015,0.008,17,8,6,4
0.130,0.168,0.149,0,0.000,0,0.2319,0.1527,0.125,0.166,0.236,0.120,0.083,0.000,0.000,0.000,17,0,0,0,0.202,0.149,0.121,0.021,0.015,0.008,17,8,6,4
0.099,0.121,0.076,1.69,0.290,0,0.2080,0.1416,0.070,-0.697,0.236,0.120,0.083,0.000,0.000,0.000,17,0,0,0,0.202,0.149,0.121,0.021,0.015,0.008,17,8,6,4
0.080,0.125,0.056,3.14,0.186,0,0.1905,0.1333,0.100,-0.486,0.236,0.120,0.083,0.000,0.000,0.000,17,0,0,0,0.202,0.149,0.121,0.021,0.015,0.008,17,8,6,4
0.100,0.094,0.391,2.53,0.140,0,0.1843,0.1324,0.075,-0.121,0.236,0.120,0.083,0.000,0.000,0.000,17,0,0,0,0.202,0.149,0.121,0.021,0.015,0.008,17,8,6,4
0.107,0.066,0.477,-0.52,0.062,0,0.1805,0.1320,0.105,0.341,0.236,0.120,0.083,0.000,0.000,0.000,17,0,0,0,0.202,0.149,0.121,0.021,0.015,0.008,17,8,6,4
0.112,0.048,0.326,-0.79,0.151,-1,0.1765,0.1299,0.371,0.736,0.236,0.120,0.083,0.000,0.000,0.000,17,0,0,0,0.202,0.149,0.121,0.021,0.015,0.008,17,8,6,4
0.112,0.039,0.327,-1.1,0.105,-1,0.1798,0.1331,0.349,0.192,0.236,0.120,0.083,0.000,0.000,0.000,17,0,0,0,0.202,0.149,0.121,0.021,0.015,0.008,17,8,6,4
0.106,0.048,0.092,0,0.000,0,0.1723,0.1261,0.106,0.166,0.236,0.120,0.083,0.000,0.000,0.000,17,0,0,0,0.202,0.149,0.121,0.021,0.015,0.008,17,8,6,4
0.085,0.065,0.212,1.99,0.186,0,0.1832,0.1353,0.087,-0.326,0.236,0.120,0.083,0.000,0.000,0.000,17,0,0,0,0.202,0.149,0.121,0.021,0.015,0.008,17,8,6,4
0.104,0.100,0.147,3.14,0.186,0,0.1998,0.1479,0.104,-0.486,0.236,0.120,0.083,0.000,0.000,0.000,17,0,0,0,0.202,0.149,0.121,0.021,0.015,0.008,17,8,6,4
0.106,0.092,0.161,2.53,0.140,0,0.2276,0.1691,0.062,-0.121,0.236,0.120,0.083,0.000,0.000,0.000,17,0,0,0,0.202,0.149,0.121,0.021,0.015,0.008,17,8,6,4
0.108,0.137,0.262,-0.08,0.108,0,0.2526,0.1875,0.115,0.059,0.236,0.120,0.083,0.000,0.000,0.000,17,0,0,0,0.202,0.149,0.121,0.021,0.015,0.008,17,8,6,4
0.131,0.188,0.397,-0.48,0.134,0,0.2710,0.1998,0.156,0.007,0.236,0.120,0.083,0.000,0.000,0.000,17,0,0,0,0.202,0.149,0.121,0.021,0.015,0.008,17,8,6,4
0.165,0.117,0.596,0.85,0.046,0,0.2787,0.2056,0.111,0.06,0.236,0.120,0.083,0.000,0.000,0.000,17,0,0,0,0.202,0.149,0.121,0.021,0.015,0.008,17,8,6,4
0.165,0.173,0.681,0.22,0.230,0,0.2790,0.2057,0.151,0.303,0.236,0.120,0.083,0.000,0.000,0.000,17,0,0,0,0.202,0.149,0.121,0.021,0.015,0.008,17,8,6,4
0.129,0.094,0.186,2.53,0.140,0,0.2861,0.2114,0.120,-0.121,0.236,0.120,0.083,0.000,0.000,0.000,17,0,0,0,0.202,0.149,0.121,0.021,0.015,0.008,17,8,6,4
0.156,0.134,0.130,2.53,0.140,0,0.2967,0.2175,0.116,-0.121,0.236,0.120,0.083,0.000,0.000,0.000,17,0,0,0,0.202,0.149,0.121,0.021,0.015,0.008,17,8,6,4
0.198,0.145,0.435,-0.08,0.108,0,0.3074,0.2219,0.213,0.059,0.236,0.120,0.083,0.000,0.000,0.000,17,0,0,0,0.202,0.149,0.121,0.021,0.015,0.008,17,8,6,4
0.167,0.269,0.398,-0.48,0.134,0,0.3229,0.2302,0.293,0.007,0.236,0.120,0.083,0.000,0.000,0.000,17,0,0,0,0.202,0.149,0.121,0.021,0.015,0.008,17,8,6,4
0.171,0.230,0.290,-1.19,0.219,1,0.3355,0.2361,0.441,0.586,0.236,0.120,0.083,0.000,0.000,0.000,17,0,0,0,0.202,0.149,0.121,0.021,0.015,0.008,17,8,6,4
0.176,0.240,0.270,0.22,0.230,0,0.3426,0.2371,0.300,0.303,0.236,0.120,0.083,0.000,0.000,0.000,17,0,0,0,0.202,0.149,0.121,0.021,0.015,0.008,17,8,6,4
0.168,0.347,0.504,0.2,0.291,1,0.3604,0.2474,0.326,0.180,0.236,0.120,0.083,0.000,0.000,0.000,17,0,0,0,0.202,0.149,0.121,0.021,0.015,0.008,17,8,6,4
0.158,0.164,0.014,2.53,0.140,0,0.3814,0.2598,0.072,-0.121,0.236,0.120,0.083,0.000,0.000,0.000,17,0,0,0,0.202,0.149,0.121,0.021,0.015,0.008,17,8,6,4
0.152,0.274,0.426,-1.19,0.219,1,0.3916,0.2654,0.316,0.586,0.236,0.120,0.083,0.000,0.000,0.000,17,0,0,0,0.202,0.149,0.121,0.021,0.015,0.008,17,8,6,4
0.152,0.146,0.014,2.53,0.140,0,0.3945,0.2637,0.124,-0.121,0.236,0.120,0.083,0.000,0.000,0.000,17,0,0,0,0.202,0.149,0.121,0.021,0.015,0.008,17,8,6,4
0.174,0.151,0.366,-0.79,0.151,-1,0.3795,0.2472,0.245,0.736,0.236,0.120,0.083,0.000,0.000,0.000,17,0,0,0,0.202,0.149,0.121,0.021,0.015,0.008,17,8,6,4
0.170,0.181,0.310,1.99,0.186,0,0.3610,0.2289,0.104,-0.326,0.236,0.120,0.083,0.000,0.000,0.000,17,0,0,0,0.202,0.149,0.121,0.021,0.015,0.008,17,8,6,4
0.208,0.245,0.428,-1.19,0.219,1,0.3451,0.2126,0.450,0.586,0.236,0.120,0.083,0.000,0.000,0.000,17,0,0,0,0.202,0.149,0.121,0.021,0.015,0.008,17,8,6,4
0.209,0.217,0.405,-0.48,0.134,0,0.3422,0.2078,0.426,0.007,0.236,0.120,0.083,0.000,0.000,0.000,17,0,0,0,0.202,0.149,0.121,0.021,0.015,0.008,17,8,6,4
0.242,0.128,0.340,0,0.000,0,0.3414,0.2046,0.345,0.166,0.236,0.120,0.083,0.000,0.000,0.000,17,0,0,0,0.202,0.149,0.121,0.021,0.015,0.008,17,8,6,4
0.193,0.175,0.185,0.85,0.046,0,0.3494,0.2075,0.352,0.06,0.236,0.120,0.083,0.000,0.000,0.000,17,0,0,0,0.202,0.149,0.121,0.021,0.015,0.008,17,8,6,4
0.149,0.144,0.384,-0.08,0.108,0,0.3467,0.2030,0.382,0.059,0.236,0.120,0.083,0.000,0.000,0.000,17,0,0,0,0.202,0.149,0.121,0.021,0.015,0.008,17,8,6,4
0.177,0.145,0.348,1.37,0.298,0,0.3532,0.2059,0.150,-0.510,0.236,0.120,0.083,0.000,0.000,0.000,17,0,0,0,0.202,0.149,0.121,0.021,0.015,0.008,17,8,6,4
0.177,0.095,0.220,-0.79,0.151,-1,0.3537,0.2069,0.387,0.736,0.236,0.120,0.083,0.000,0.000,0.000,17,0,0,0,0.202,0.149,0.121,0.021,0.015,0.008,17,8,6,4
0.139,0.087,0.093,0.85,0.046,0,0.3483,0.2036,0.307,0.06,0.236,0.120,0.083,0.000,0.000,0.000,17,0,0,0,0.202,0.149,0.121,0.021,0.015,0.008,17,8,6,4
0.136,0.170,0.508,-1.19,0.219,1,0.3279,0.1912,0.353,0.586,0.236,0.120,0.083,0.000,0.000,0.000,17,0,0,0,0.202,0.149,0.121,0.021,0.015,0.008,17,8,6,4
0.166,0.088,0.190,3.14,0.186,0,0.3064,0.1799,0.109,-0.486,0.236,0.120,0.083,0.000,0.000,0.000,17,0,0,0,0.202,0.149,0.121,0.021,0.015,0.008,17,8,6,4
0.166,0.122,0.417,-1.19,0.219,1,0.2699,0.1578,0.476,0.586,0.236,0.120,0.083,0.000,0.000,0.000,17,0,0,0,0.202,0.149,0.121,0.021,0.015,0.008,17,8,6,4
0.132,0.086,0.366,-1.1,0.105,-1,0.2378,0.1403,0.438,0.192,0.236,0.120,0.083,0.000,0.000,0.000,17,0,0,0,0.202,0.149,0.121,0.021,0.015,0.008,17,8,6,4
0.189,0.071,0.317,2.53,0.140,0,0.2053,0.1206,0.186,-0.121,0.236,0.120,0.083,0.000,0.000,0.000,17,0,0,0,0.202,0.149,0.121,0.021,0.015,0.008,17,8,6,4
0.182,0.083,0.254,-1.1,0.105,-1,0.1792,0.1058,0.386,0.192,0.236,0.120,0.083,0.000,0.000,0.000,17,0,0,0,0.202,0.149,0.121,0.021,0.015,0.008,17,8,6,4
0.174,0.089,0.184,-0.79,0.151,-1,0.1719,0.1052,0.488,0.736,0.236,0.120,0.083,0.000,0.000,0.000,17,0,0,0,0.202,0.149,0.121,0.021,0.015,0.008,17,8,6,4
0.195,0.108,0.384,-1.19,0.219,1,0.1801,0.1146,0.509,0.586,0.236,0.120,0.083,0.000,0.000,0.000,17,0,0,0,0.202,0.149,0.121,0.021,0.015,0.008,17,8,6,4
0.210,0.058,0.146,0.85,0.046,0,0.1989,0.1311,0.141,0.06,0.236,0.120,0.083,0.000,0.000,0.000,17,0,0,0,0.202,0.149,0.121,0.021,0.015,0.008,17,8,6,4
0.255,0.074,0.193,-1.1,0.105,-1,0.2189,0.1469,0.290,0.192,0.236,0.120,0.083,0.000,0.000,0.000,17,0,0,0,0.202,0.149,0.121,0.021,0.015,0.008,17,8,6,4
0.302,0.078,0.038,3.14,0.186,0,0.2330,0.1587,0.101,-0.486,0.236,0.120,0.083,0.000,0.000,0.000,17,0,0,0,0.202,0.149,0.121,0.021,0.015,0.008,17,8,6,4
0.253,0.098,0.015,0.85,0.046,0,0.2365,0.1635,0.120,0.06,0.236,0.120,0.083,0.000,0.000,0.000,17,0,0,0,0.202,0.149,0.121,0.021,0.015,0.008,17,8,6,4
0.248,0.125,0.049,1.99,0.186,0,0.2238,0.1565,0.080,-0.326,0.236,0.120,0.083,0.000,0.000,0.000,17,0,0,0,0.202,0.149,0.121,0.021,0.015,0.008,17,8,6,4
0.206,0.151,0.008,3.14,0.186,0,0.1953,0.1368,0.070,-0.486,0.236,0.120,0.083,0.000,0.000,0.000,17,0,0,0,0.202,0.149,0.121,0.021,0.015,0.008,17,8,6,4
0.212,0.250,0.374,-1.19,0.219,1,0.1601,0.1124,0.237,0.586,0.236,0.120,0.083,0.000,0.000,0.000,17,0,0,0,0.202,0.149,0.121,0.021,0.015,0.008,17,8,6,4
0.211,0.165,0.050,3.14,0.186,0,0.1313,0.0933,0.050,-0.486,0.236,0.120,0.083,0.000,0.000,0.000,17,0,0,0,0.202,0.149,0.121,0.021,0.015,0.008,17,8,6,4
0.218,0.150,0.141,-1.1,0.105,-1,0.0971,0.0716,0.206,0.192,0.236,0.120,0.083,0.000,0.000,0.000,17,0,0,0,0.202,0.149,0.121,0.021,0.015,0.008,17,8,6,4
0.265,0.123,0.288,0.22,0.230,0,0.0789,0.0607,0.335,0.303,0.236,0.120,0.083,0.000,0.000,0.000,17,0,0,0,0.202,0.149,0.121,0.021,0.015,0.008,17,8,6,4
0.228,0.120,0.072,-0.42,0.180,0,0.0554,0.0440,0.507,0.318,0.236,0.120,0.083,0.000,0.000,0.000,17,0,0,0,0.202,0.149,0.121,0.021,0.015,0.008,17,8,6,4
0.237,0.112,0.044,0,0.000,0,0.0537,0.0420,0.260,0.166,0.236,0.120,0.083,0.000,0.000,0.000,17,0,0,0,0.202,0.149,0.121,0.021,0.015,0.008,17,8,6,4
0.256,0.146,0.112,-1.19,0.219,1,0.0714,0.0554,0.400,0.586,0.236,0.120,0.083,0.000,0.000,0.000,17,0,0,0,0.202,0.149,0.121,0.021,0.015,0.008,17,8,6,4
0.219,0.105,0.018,1.99,0.186,0,0.1213,0.0948,0.074,-0.326,0.236,0.120,0.083,0.000,0.000,0.000,17,0,0,0,0.202,0.149,0.121,0.021,0.015,0.008,17,8,6,4
0.217,0.080,0.046,-1.14,0.131,0,0.1670,0.1303,0.110,0.987,0.236,0.120,0.083,0.000,0.000,0.000,17,0,0,0,0.202,0.149,0.121,0.021,0.015,0.008,17,8,6,4
0.225,0.078,0.155,2.53,0.140,0,0.2131,0.1690,0.083,-0.121,0.236,0.120,0.083,0.000,0.000,0.000,17,0,0,0,0.202,0.149,0.121,0.021,0.015,0.008,17,8,6,4
0.221,0.080,0.025,1.99,0.186,0,0.2480,0.1973,0.095,-0.326,0.236,0.120,0.083,0.000,0.000,0.000,17,0,0,0,0.202,0.149,0.121,0.021,0.015,0.008,17,8,6,4
0.186,0.082,0.165,1.99,0.186,0,0.2677,0.2152,0.064,-0.326,0.236,0.120,0.083,0.000,0.000,0.000,17,0,0,0,0.202,0.149,0.121,0.021,0.015,0.008,17,8,6,4
0.157,0.082,0.256,1.99,0.186,0,0.2655,0.2160,0.056,-0.326,0.236,0.120,0.083,0.000,0.000,0.000,17,0,0,0,0.202,0.149,0.121,0.021,0.015,0.008,17,8,6,4
0.135,0.103,0.312,0,0.000,0,0.2499,0.2055,0.108,0.166,0.236,0.120,0.083,0.000,0.000,0.000,17,0,0,0,0.202,0.149,0.121,0.021,0.015,0.008,17,8,6,4
0.126,0.167,0.624,0.2,0.291,1,0.2161,0.1812,0.278,0.180,0.236,0.120,0.083,0.000,0.000,0.000,17,0,0,0,0.202,0.149,0.121,0.021,0.015,0.008,17,8,6,4
0.130,0.126,0.375,-0.52,0.062,0,0.1743,0.1494,0.212,0.341,0.236,0.120,0.083,0.000,0.000,0.000,17,0,0,0,0.202,0.149,0.121,0.021,0.015,0.008,17,8,6,4
0.129,0.157,0.198,-0.52,0.062,0,0.1366,0.1210,0.293,0.341,0.236,0.120,0.083,0.000,0.000,0.000,17,0,0,0,0.202,0.149,0.121,0.021,0.015,0.008,17,8,6,4
0.101,0.139,0.152,-0.79,0.151,-1,0.1031,0.0964,0.441,0.736,0.236,0.120,0.083,0.000,0.000,0.000,17,0,0,0,0.202,0.149,0.121,0.021,0.015,0.008,17,8,6,4
0.104,0.122,0.005,1.99,0.186,0,0.0907,0.0898,0.151,-0.326,0.236,0.120,0.083,0.000,0.000,0.000,17,0,0,0,0.202,0.149,0.121,0.021,0.015,0.008,17,8,6,4
0.114,0.231,0.422,0.2,0.291,1,0.1067,0.1087,0.327,0.180,0.236,0.120,0.083,0.000,0.000,0.000,17,0,0,0,0.202,0.149,0.121,0.021,0.015,0.008,17,8,6,4
0.109,0.159,0.149,-1.14,0.131,0,0.1406,0.1457,0.357,0.987,0.236,0.120,0.083,0.000,0.000,0.000,17,0,0,0,0.202,0.149,0.121,0.021,0.015,0.008,17,8,6,4
0.090,0.169,0.190,0,0.000,0,0.1809,0.1867,0.275,0.166,0.236,0.120,0.083,0.000,0.000,0.000,17,0,0,0,0.202,0.149,0.121,0.021,0.015,0.008,17,8,6,4
0.095,0.133,0.057,-0.79,0.151,-1,0.1995,0.2061,0.285,0.736,0.236,0.120,0.083,0.000,0.000,0.000,17,0,0,0,0.202,0.149,0.121,0.021,0.015,0.008,17,8,6,4
0.095,0.126,0.209,1.69,0.290,0,0.2192,0.2243,0.048,-0.697,0.236,0.120,0.083,0.000,0.000,0.000,17,0,0,0,0.202,0.149,0.121,0.021,0.015,0.008,17,8,6,4
0.090,0.139,0.008,2.53,0.140,0,0.2370,0.2411,0.063,-0.121,0.236,0.120,0.083,0.000,0.000,0.000,17,0,0,0,0.202,0.149,0.121,0.021,0.015,0.008,17,8,6,4
0.073,0.101,0.071,2.53,0.140,0,0.2531,0.2556,0.065,-0.121,0.236,0.120,0.083,0.000,0.000,0.000,17,0,0,0,0.202,0.149,0.121,0.021,0.015,0.008,17,8,6,4
0.066,0.139,0.005,0.85,0.046,0,0.2544,0.2575,0.068,0.06,0.236,0.120,0.083,0.000,0.000,0.000,17,0,0,0,0.202,0.149,0.121,0.021,0.015,0.008,17,8,6,4
0.062,0.132,0.154,3.14,0.186,0,0.2469,0.2516,0.047,-0.486,0.236,0.120,0.083,0.000,0.000,0.000,17,0,0,0,0.202,0.149,0.121,0.021,0.015,0.008,17,8,6,4
0.073,0.151,0.355,0,0.000,0,0.2235,0.2302,0.106,0.166,0.236,0.120,0.083,0.000,0.000,0.000,17,0,0,0,0.202,0.149,0.121,0.021,0.015,0.008,17,8,6,4
0.070,0.114,0.590,-0.52,0.062,0,0.2024,0.2124,0.094,0.341,0.236,0.120,0.083,0.000,0.000,0.000,17,0,0,0,0.202,0.149,0.121,0.021,0.015,0.008,17,8,6,4
0.068,0.098,0.375,-1.14,0.131,0,0.1744,0.1890,0.232,0.987,0.236,0.120,0.083,0.000,0.000,0.000,17,0,0,0,0.202,0.149,0.121,0.021,0.015,0.008,17,8,6,4
0.070,0.059,0.450,1.69,0.290,0,0.1602,0.1777,0.156,-0.697,0.236,0.120,0.083,0.000,0.000,0.000,17,0,0,0,0.202,0.149,0.121,0.021,0.015,0.008,17,8,6,4
0.069,0.077,0.398,-0.52,0.062,0,0.1559,0.1765,0.199,0.341,0.236,0.120,0.083,0.000,0.000,0.000,17,0,0,0,0.202,0.149,0.121,0.021,0.015,0.008,17,8,6,4
0.089,0.052,0.272,1.99,0.186,0,0.1722,0.1908,0.126,-0.326,0.236,0.120,0.083,0.000,0.000,0.000,17,0,0,0,0.202,0.149,0.121,0.021,0.015,0.008,17,8,6,4
0.103,0.122,0.423,-0.42,0.180,0,0.2029,0.2157,0.366,0.318,0.236,0.120,0.083,0.000,0.000,0.000,17,0,0,0,0.202,0.149,0.121,0.021,0.015,0.008,17,8,6,4
0.098,0.104,0.515,-0.48,0.134,0,0.2440,0.2488,0.268,0.007,0.236,0.120,0.083,0.000,0.000,0.000,17,0,0,0,0.202,0.149,0.121,0.021,0.015,0.008,17,8,6,4
0.095,0.125,0.688,-0.08,0.108,0,0.2885,0.2837,0.202,0.059,0.236,0.120,0.083,0.000,0.000,0.000,17,0,0,0,0.202,0.149,0.121,0.021,0.015,0.008,17,8,6,4
0.098,0.074,0.250,2.53,0.140,0,0.3411,0.3263,0.138,-0.121,0.236,0.120,0.083,0.000,0.000,0.000,17,0,0,0,0.202,0.149,0.121,0.021,0.015,0.008,17,8,6,4
0.103,0.114,0.479,-0.08,0.108,0,0.3966,0.3736,0.186,0.059,0.236,0.120,0.083,0.000,0.000,0.000,17,0,0,0,0.202,0.149,0.121,0.021,0.015,0.008,17,8,6,4
0.103,0.116,0.503,-0.08,0.108,0,0.4380,0.4086,0.184,0.059,0.236,0.120,0.083,0.000,0.000,0.000,17,0,0,0,0.202,0.149,0.121,0.021,0.015,0.008,17,8,6,4
0.121,0.103,0.265,0,0.000,0,0.4490,0.4161,0.098,0.166,0.236,0.120,0.083,0.000,0.000,0.000,17,0,0,0,0.202,0.149,0.121,0.021,0.015,0.008,17,8,6,4
0.103,0.112,0.273,3.14,0.186,0,0.4495,0.4147,0.107,-0.486,0.236,0.120,0.083,0.000,0.000,0.000,17,0,0,0,0.202,0.149,0.121,0.021,0.015,0.008,17,8,6,4
0.125,0.118,0.060,2.53,0.140,0,0.4413,0.4056,0.097,-0.121,0.236,0.120,0.083,0.000,0.000,0.000,17,0,0,0,0.202,0.149,0.121,0.021,0.015,0.008,17,8,6,4
0.121,0.178,0.512,-0.52,0.062,0,0.4427,0.4057,0.110,0.341,0.236,0.120,0.083,0.000,0.000,0.000,17,0,0,0,0.202,0.149,0.121,0.021,0.015,0.008,17,8,6,4
0.121,0.193,0.561,-0.08,0.108,0,0.4502,0.4144,0.101,0.059,0.236,0.120,0.083,0.000,0.000,0.000,17,0,0,0,0.202,0.149,0.121,0.021,0.015,0.008,17,8,6,4
0.130,0.193,0.566,-0.08,0.108,0,0.4547,0.4213,0.181,0.059,0.236,0.120,0.083,0.000,0.000,0.000,17,0,0,0,0.202,0.149,0.121,0.021,0.015,0.008,17,8,6,4
0.130,0.237,0.517,-0.42,0.180,0,0.4567,0.4272,0.292,0.318,0.236,0.120,0.083,0.000,0.000,0.000,17,0,0,0,0.202,0.149,0.121,0.021,0.015,0.008,17,8,6,4
0.143,0.271,0.671,0.2,0.291,1,0.4589,0.4334,0.395,0.180,0.236,0.120,0.083,0.000,0.000,0.000,17,0,0,0,0.202,0.149,0.121,0.021,0.015,0.008,17,8,6,4
0.138,0.108,0.494,0,0.000,0,0.4537,0.4326,0.307,0.166,0.236,0.120,0.083,0.000,0.000,0.000,17,0,0,0,0.202,0.149,0.121,0.021,0.015,0.008,17,8,6,4
0.151,0.085,0.472,0,0.000,0,0.4517,0.4335,0.263,0.166,0.236,0.120,0.083,0.000,0.000,0.000,17,0,0,0,0.202,0.149,0.121,0.021,0.015,0.008,17,8,6,4
0.152,0.131,0.638,-1.19,0.219,1,0.4585,0.4411,0.415,0.586,0.236,0.120,0.083,0.000,0.000,0.000,17,0,0,0,0.202,0.149,0.121,0.021,0.015,0.008,17,8,6,4
0.134,0.078,0.342,-0.79,0.151,-1,0.4630,0.4470,0.350,0.736,0.236,0.120,0.083,0.000,0.000,0.000,17,0,0,0,0.202,0.149,0.121,0.021,0.015,0.008,17,8,6,4
0.134,0.072,0.488,1.99,0.186,0,0.4665,0.4515,0.144,-0.326,0.236,0.120,0.083,0.000,0.000,0.000,17,0,0,0,0.202,0.149,0.121,0.021,0.015,0.008,17,8,6,4
0.129,0.084,0.640,0,0.000,0,0.4634,0.4486,0.240,0.166,0.236,0.120,0.083,0.000,0.000,0.000,17,0,0,0,0.202,0.149,0.121,0.021,0.015,0.008,17,8,6,4
0.117,0.083,0.542,1.99,0.186,0,0.4537,0.4399,0.121,-0.326,0.236,0.120,0.083,0.000,0.000,0.000,17,0,0,0,0.202,0.149,0.121,0.021,0.015,0.008,17,8,6,4
0.118,0.154,0.576,0.2,0.291,1,0.4281,0.4173,0.322,0.180,0.236,0.120,0.083,0.000,0.000,0.000,17,0,0,0,0.202,0.149,0.121,0.021,0.015,0.008,17,8,6,4
0.125,0.123,0.591,-0.48,0.134,0,0.3969,0.3894,0.322,0.007,0.236,0.120,0.083,0.000,0.000,0.000,17,0,0,0,0.202,0.149,0.121,0.021,0.015,0.008,17,8,6,4
0.126,0.102,0.501,-0.52,0.062,0,0.3602,0.3567,0.258,0.341,0.236,0.120,0.083,0.000,0.000,0.000,17,0,0,0,0.202,0.149,0.121,0.021,0.015,0.008,17,8,6,4
0.118,0.097,0.240,-1.1,0.105,-1,0.3076,0.3093,0.369,0.192,0.236,0.120,0.083,0.000,0.000,0.000,17,0,0,0,0.202,0.149,0.121,0.021,0.015,0.008,17,8,6,4
0.098,0.081,0.191,1.42,0.221,0,0.2637,0.2680,0.145,-0.397,0.236,0.120,0.083,0.000,0.000,0.000,17,0,0,0,0.202,0.149,0.121,0.021,0.015,0.008,17,8,6,4
0.085,0.078,0.221,-1.1,0.105,-1,0.2342,0.2363,0.325,0.192,0.236,0.120,0.083,0.000,0.000,0.000,17,0,0,0,0.202,0.149,0.121,0.021,0.015,0.008,17,8,6,4
0.070,0.119,0.397,1.37,0.298,0,0.2260,0.2229,0.181,-0.510,0.236,0.120,0.083,0.000,0.000,0.000,17,0,0,0,0.202,0.149,0.121,0.021,0.015,0.008,17,8,6,4
0.072,0.093,0.241,3.14,0.186,0,0.2423,0.2320,0.094,-0.486,0.236,0.120,0.083,0.000,0.000,0.000,17,0,0,0,0.202,0.149,0.121,0.021,0.015,0.008,17,8,6,4
0.077,0.124,0.540,-0.42,0.180,0,0.2696,0.2489,0.197,0.318,0.236,0.120,0.083,0.000,0.000,0.000,17,0,0,0,0.202,0.149,0.121,0.021,0.015,0.008,17,8,6,4
0.077,0.093,0.383,-0.08,0.108,0,0.2970,0.2682,0.147,0.059,0.236,0.120,0.083,0.000,0.000,0.000,17,0,0,0,0.202,0.149,0.121,0.021,0.015,0.008,17,8,6,4
0.079,0.084,0.444,-1.1,0.105,-1,0.3021,0.2662,0.211,0.192,0.236,0.120,0.083,0.000,0.000,0.000,17,0,0,0,0.202,0.149,0.121,0.021,0.015,0.008,17,8,6,4
0.072,0.083,0.202,0.85,0.046,0,0.2923,0.2527,0.069,0.06,0.236,0.120,0.083,0.000,0.000,0.000,17,0,0,0,0.202,0.149,0.121,0.021,0.015,0.008,17,8,6,4
0.085,0.078,0.192,3.14,0.186,0,0.2837,0.2388,0.052,-0.486,0.236,0.120,0.083,0.000,0.000,0.000,17,0,0,0,0.202,0.149,0.121,0.021,0.015,0.008,17,8,6,4
0.081,0.064,0.214,3.14,0.186,0,0.2764,0.2247,0.070,-0.486,0.236,0.120,0.083,0.000,0.000,0.000,17,0,0,0,0.202,0.149,0.121,0.021,0.015,0.008,17,8,6,4
0.071,0.093,0.526,-0.48,0.134,0,0.2682,0.2079,0.140,0.007,0.236,0.120,0.083,0.000,0.000,0.000,17,0,0,0,0.202,0.149,0.121,0.021,0.015,0.008,17,8,6,4
0.068,0.152,0.518,1.37,0.298,0,0.2614,0.1930,0.116,-0.510,0.236,0.120,0.083,0.000,0.000,0.000,17,0,0,0,0.202,0.149,0.121,0.021,0.015,0.008,17,8,6,4
0.068,0.115,0.613,0,0.000,0,0.2433,0.1706,0.127,0.166,0.236,0.120,0.083,0.000,0.000,0.000,17,0,0,0,0.202,0.149,0.121,0.021,0.015,0.008,17,8,6,4
0.078,0.124,0.480,-0.48,0.134,0,0.2424,0.1627,0.242,0.007,0.236,0.120,0.083,0.000,0.000,0.000,17,0,0,0,0.202,0.149,0.121,0.021,0.015,0.008,17,8,6,4
0.065,0.097,0.452,-0.52,0.062,0,0.2373,0.1527,0.309,0.341,0.236,0.120,0.083,0.000,0.000,0.000,17,0,0,0,0.202,0.149,0.121,0.021,0.015,0.008,17,8,6,4
0.067,0.097,0.249,0,0.000,0,0.2453,0.1542,0.334,0.166,0.236,0.120,0.083,0.000,0.000,0.000,17,0,0,0,0.202,0.149,0.121,0.021,0.015,0.008,17,8,6,4
0.069,0.067,0.241,0,0.000,0,0.2513,0.1545,0.080,0.166,0.236,0.120,0.083,0.000,0.000,0.000,17,0,0,0,0.202,0.149,0.121,0.021,0.015,0.008,17,8,6,4
0.073,0.068,0.116,-1.14,0.131,0,0.2498,0.1473,0.182,0.987,0.236,0.120,0.083,0.000,0.000,0.000,17,0,0,0,0.202,0.149,0.121,0.021,0.015,0.008,17,8,6,4
0.071,0.073,0.042,1.99,0.186,0,0.2440,0.1366,0.120,-0.326,0.236,0.120,0.083,0.000,0.000,0.000,17,0,0,0,0.202,0.149,0.121,0.021,0.015,0.008,17,8,6,4
0.061,0.090,0.028,2.53,0.140,0,0.2441,0.1290,0.097,-0.121,0.236,0.120,0.083,0.000,0.000,0.000,17,0,0,0,0.202,0.149,0.121,0.021,0.015,0.008,17,8,6,4
0.059,0.139,0.310,-0.48,0.134,0,0.2431,0.1215,0.200,0.007,0.236,0.120,0.083,0.000,0.000,0.000,17,0,0,0,0.202,0.149,0.121,0.021,0.015,0.008,17,8,6,4
0.071,0.083,0.378,1.99,0.186,0,0.2488,0.1206,0.111,-0.326,0.236,0.120,0.083,0.000,0.000,0.000,17,0,0,0,0.202,0.149,0.121,0.021,0.015,0.008,17,8,6,4
0.099,0.087,0.237,-1.1,0.105,-1,0.2554,0.1235,0.400,0.192,0.236,0.120,0.083,0.000,0.000,0.000,17,0,0,0,0.202,0.149,0.121,0.021,0.015,0.008,17,8,6,4
0.097,0.062,0.191,0,0.000,0,0.2627,0.1299,0.183,0.166,0.236,0.120,0.083,0.000,0.000,0.000,17,0,0,0,0.202,0.149,0.121,0.021,0.015,0.008,17,8,6,4
0.109,0.045,0.138,-0.79,0.151,-1,0.2430,0.1164,0.309,0.736,0.236,0.120,0.083,0.000,0.000,0.000,17,0,0,0,0.202,0.149,0.121,0.021,0.015,0.008,17,8,6,4
0.104,0.045,0.026,2.53,0.140,0,0.2105,0.0974,0.138,-0.121,0.236,0.120,0.083,0.000,0.000,0.000,17,0,0,0,0.202,0.149,0.121,0.021,0.015,0.008,17,8,6,4
0.104,0.045,0.203,3.14,0.186,0,0.1753,0.0792,0.076,-0.486,0.236,0.120,0.083,0.000,0.000,0.000,17,0,0,0,0.202,0.149,0.121,0.021,0.015,0.008,17,8,6,4
0.100,0.097,0.088,0,0.000,0,0.1408,0.0633,0.136,0.166,0.236,0.120,0.083,0.000,0.000,0.000,17,0,0,0,0.202,0.149,0.121,0.021,0.015,0.008,17,8,6,4
0.110,0.116,0.111,3.14,0.186,0,0.1264,0.0607,0.085,-0.486,0.236,0.120,0.083,0.000,0.000,0.000,17,0,0,0,0.202,0.149,0.121,0.021,0.015,0.008,17,8,6,4
0.091,0.179,0.478,-0.48,0.134,0,0.1153,0.0594,0.227,0.007,0.236,0.120,0.083,0.000,0.000,0.000,17,0,0,0,0.202,0.149,0.121,0.021,0.015,0.008,17,8,6,4
0.091,0.180,0.618,-0.08,0.108,0,0.1004,0.0552,0.151,0.059,0.236,0.120,0.083,0.000,0.000,0.000,17,0,0,0,0.202,0.149,0.121,0.021,0.015,0.008,17,8,6,4
0.105,0.169,0.442,1.99,0.186,0,0.1001,0.0577,0.110,-0.326,0.236,0.120,0.083,0.000,0.000,0.000,17,0,0,0,0.202,0.149,0.121,0.021,0.015,0.008,17,8,6,4
0.101,0.214,0.520,-1.19,0.219,1,0.1037,0.0615,0.291,0.586,0.236,0.120,0.083,0.000,0.000,0.000,17,0,0,0,0.202,0.149,0.121,0.021,0.015,0.008,17,8,6,4
0.111,0.142,0.458,2.53,0.140,0,0.1196,0.0741,0.083,-0.121,0.236,0.120,0.083,0.000,0.000,0.000,17,0,0,0,0.202,0.149,0.121,0.021,0.015,0.008,17,8,6,4
0.104,0.192,0.651,-0.08,0.108,0,0.1309,0.0829,0.201,0.059,0.236,0.120,0.083,0.000,0.000,0.000,17,0,0,0,0.202,0.149,0.121,0.021,0.015,0.008,17,8,6,4
0.158,0.123,0.553,0.85,0.046,0,0.1418,0.0931,0.141,0.06,0.236,0.120,0.083,0.000,0.000,0.000,17,0,0,0,0.202,0.149,0.121,0.021,0.015,0.008,17,8,6,4
0.154,0.123,0.714,0,0.000,0,0.1389,0.0938,0.157,0.166,0.236,0.120,0.083,0.000,0.000,0.000,17,0,0,0,0.202,0.149,0.121,0.021,0.015,0.008,17,8,6,4
0.193,0.124,0.404,3.14,0.186,0,0.1355,0.0953,0.063,-0.486,0.236,0.120,0.083,0.000,0.000,0.000,17,0,0,0,0.202,0.149,0.121,0.021,0.015,0.008,17,8,6,4
0.229,0.170,0.232,-0.52,0.062,0,0.1300,0.0953,0.158,0.341,0.236,0.120,0.083,0.000,0.000,0.000,17,0,0,0,0.202,0.149,0.121,0.021,0.015,0.008,17,8,6,4
0.198,0.128,0.492,1.69,0.290,0,0.1291,0.0983,0.105,-0.697,0.236,0.120,0.083,0.000,0.000,0.000,17,0,0,0,0.202,0.149,0.121,0.021,0.015,0.008,17,8,6,4
0.228,0.180,0.120,0.85,0.046,0,0.1257,0.1011,0.178,0.06,0.236,0.120,0.083,0.000,0.000,0.000,17,0,0,0,0.202,0.149,0.121,0.021,0.015,0.008,17,8,6,4
0.228,0.150,0.154,3.14,0.186,0,0.1406,0.1159,0.089,-0.486,0.236,0.120,0.083,0.000,0.000,0.000,17,0,0,0,0.202,0.149,0.121,0.021,0.015,0.008,17,8,6,4
0.191,0.181,0.241,-1.14,0.131,0,0.1529,0.1290,0.250,0.987,0.236,0.120,0.083,0.000,0.000,0.000,17,0,0,0,0.202,0.149,0.121,0.021,0.015,0.008,17,8,6,4
0.164,0.159,0.291,-0.52,0.062,0,0.1718,0.1460,0.322,0.341,0.236,0.120,0.083,0.000,0.000,0.000,17,0,0,0,0.202,0.149,0.121,0.021,0.015,0.008,17,8,6,4
0.175,0.164,0.451,-1.1,0.105,-1,0.1870,0.1602,0.509,0.192,0.236,0.120,0.083,0.000,0.000,0.000,17,0,0,0,0.202,0.149,0.121,0.021,0.015,0.008,17,8,6,4
0.176,0.256,0.476,-1.19,0.219,1,0.2204,0.1888,0.371,0.586,0.236,0.120,0.083,0.000,0.000,0.000,17,0,0,0,0.202,0.149,0.121,0.021,0.015,0.008,17,8,6,4
0.182,0.099,0.004,3.14,0.186,0,0.2679,0.2309,0.066,-0.486,0.236,0.120,0.083,0.000,0.000,0.000,17,0,0,0,0.202,0.149,0.121,0.021,0.015,0.008,17,8,6,4
0.173,0.192,0.109,-1.19,0.219,1,0.3153,0.2730,0.335,0.586,0.236,0.120,0.083,0.000,0.000,0.000,17,0,0,0,0.202,0.149,0.121,0.021,0.015,0.008,17,8,6,4
0.178,0.190,0.119,-1.19,0.219,1,0.3608,0.3149,0.429,0.586,0.236,0.120,0.083,0.000,0.000,0.000,17,0,0,0,0.202,0.149,0.121,0.021,0.015,0.008,17,8,6,4
0.207,0.089,0.005,1.69,0.290,0,0.3848,0.3371,0.115,-0.697,0.236,0.120,0.083,0.000,0.000,0.000,17,0,0,0,0.202,0.149,0.121,0.021,0.015,0.008,17,8,6,4
0.249,0.083,0.002,1.99,0.186,0,0.4040,0.3543,0.085,-0.326,0.236,0.120,0.083,0.000,0.000,0.000,17,0,0,0,0.202,0.149,0.121,0.021,0.015,0.008,17,8,6,4
0.296,0.099,0.015,-0.08,0.108,0,0.4309,0.3781,0.308,0.059,0.236,0.120,0.083,0.000,0.000,0.000,17,0,0,0,0.202,0.149,0.121,0.021,0.015,0.008,17,8,6,4
0.304,0.084,0.004,-0.79,0.151,-1,0.4406,0.3900,0.407,0.736,0.236,0.120,0.083,0.000,0.000,0.000,17,0,0,0,0.202,0.149,0.121,0.021,0.015,0.008,17,8,6,4
0.308,0.101,0.002,-0.52,0.062,0,0.4422,0.3979,0.229,0.341,0.236,0.120,0.083,0.000,0.000,0.000,17,0,0,0,0.202,0.149,0.121,0.021,0.015,0.008,17,8,6,4
0.285,0.127,0.034,0.22,0.230,0,0.4297,0.3943,0.320,0.303,0.236,0.120,0.083,0.000,0.000,0.000,17,0,0,0,0.202,0.149,0.121,0.021,0.015,0.008,17,8,6,4
0.347,0.103,0.068,-1.1,0.105,-1,0.4156,0.3902,0.400,0.192,0.236,0.120,0.083,0.000,0.000,0.000,17,0,0,0,0.202,0.149,0.121,0.021,0.015,0.008,17,8,6,4
0.347,0.160,0.426,0.2,0.291,1,0.4025,0.3865,0.360,0.180,0.236,0.120,0.083,0.000,0.000,0.000,17,0,0,0,0.202,0.149,0.121,0.021,0.015,0.008,17,8,6,4
0.411,0.109,0.234,-0.42,0.180,0,0.3908,0.3863,0.366,0.318,0.236,0.120,0.083,0.000,0.000,0.000,17,0,0,0,0.202,0.149,0.121,0.021,0.015,0.008,17,8,6,4
0.324,0.101,0.292,0.85,0.046,0,0.3878,0.3938,0.362,0.06,0.236,0.120,0.083,0.000,0.000,0.000,17,0,0,0,0.202,0.149,0.121,0.021,0.015,0.008,17,8,6,4
0.268,0.157,0.620,-1.19,0.219,1,0.3967,0.4135,0.471,0.586,0.236,0.120,0.083,0.000,0.000,0.000,17,0,0,0,0.202,0.149,0.121,0.021,0.015,0.008,17,8,6,4
0.318,0.142,0.480,0,0.000,0,0.4039,0.4339,0.291,0.166,0.236,0.120,0.083,0.000,0.000,0.000,17,0,0,0,0.202,0.149,0.121,0.021,0.015,0.008,17,8,6,4
0.313,0.213,0.570,-1.19,0.219,1,0.4028,0.4455,0.395,0.586,0.236,0.120,0.083,0.000,0.000,0.000,17,0,0,0,0.202,0.149,0.121,0.021,0.015,0.008,17,8,6,4
0.335,0.129,0.358,0.85,0.046,0,0.3803,0.4371,0.298,0.06,0.236,0.120,0.083,0.000,0.000,0.000,17,0,0,0,0.202,0.149,0.121,0.021,0.015,0.008,17,8,6,4
0.400,0.091,0.649,3.14,0.186,0,0.3597,0.4276,0.158,-0.486,0.236,0.120,0.083,0.000,0.000,0.000,17,0,0,0,0.202,0.149,0.121,0.021,0.015,0.008,17,8,6,4
0.397,0.167,0.626,-0.08,0.108,0,0.3376,0.4162,0.285,0.059,0.236,0.120,0.083,0.000,0.000,0.000,17,0,0,0,0.202,0.149,0.121,0.021,0.015,0.008,17,8,6,4
0.392,0.286,0.708,-1.19,0.219,1,0.3131,0.3994,0.420,0.586,0.236,0.120,0.083,0.000,0.000,0.000,17,0,0,0,0.202,0.149,0.121,0.021,0.015,0.008,17,8,6,4
0.401,0.297,0.759,-1.19,0.219,1,0.2911,0.3847,0.381,0.586,0.236,0.120,0.083,0.000,0.000,0.000,17,0,0,0,0.202,0.149,0.121,0.021,0.015,0.008,17,8,6,4
0.377,0.340,0.630,-1.19,0.219,1,0.2626,0.3594,0.337,0.586,0.236,0.120,0.083,0.000,0.000,0.000,17,0,0,0,0.202,0.149,0.121,0.021,0.015,0.008,17,8,6,4
0.400,0.296,0.665,1.37,0.298,0,0.2409,0.3373,0.187,-0.510,0.236,0.120,0.083,0.000,0.000,0.000,17,0,0,0,0.202,0.149,0.121,0.021,0.015,0.008,17,8,6,4
0.412,0.210,0.159,3.14,0.186,0,0.2394,0.3302,0.101,-0.486,0.236,0.120,0.083,0.000,0.000,0.000,17,0,0,0,0.202,0.149,0.121,0.021,0.015,0.008,17,8,6,4
0.412,0.288,0.574,0,0.000,0,0.2442,0.3309,0.131,0.166,0.236,0.120,0.083,0.000,0.000,0.000,17,0,0,0,0.202,0.149,0.121,0.021,0.015,0.008,17,8,6,4
0.408,0.229,0.300,3.14,0.186,0,0.2529,0.3351,0.056,-0.486,0.236,0.120,0.083,0.000,0.000,0.000,17,0,0,0,0.202,0.149,0.121,0.021,0.015,0.008,17,8,6,4
0.408,0.387,0.397,0.2,0.291,1,0.2493,0.3302,0.179,0.180,0.236,0.120,0.083,0.000,0.000,0.000,17,0,0,0,0.202,0.149,0.121,0.021,0.015,0.008,17,8,6,4
0.352,0.218,0.486,1.42,0.221,0,0.2610,0.3365,0.071,-0.397,0.236,0.120,0.083,0.000,0.000,0.000,17,0,0,0,0.202,0.149,0.121,0.021,0.015,0.008,17,8,6,4
0.357,0.310,0.311,1.42,0.221,0,0.2708,0.3395,0.091,-0.397,0.236,0.120,0.083,0.000,0.000,0.000,17,0,0,0,0.202,0.149,0.121,0.021,0.015,0.008,17,8,6,4
0.429,0.349,0.305,-0.52,0.062,0,0.2760,0.3379,0.135,0.341,0.236,0.120,0.083,0.000,0.000,0.000,17,0,0,0,0.202,0.149,0.121,0.021,0.015,0.008,17,8,6,4
0.360,0.215,0.237,1.99,0.186,0,0.2920,0.3430,0.091,-0.326,0.236,0.120,0.083,0.000,0.000,0.000,17,0,0,0,0.202,0.149,0.121,0.021,0.015,0.008,17,8,6,4
0.315,0.262,0.539,-0.08,0.108,0,0.3202,0.3595,0.228,0.059,0.236,0.120,0.083,0.000,0.000,0.000,17,0,0,0,0.202,0.149,0.121,0.021,0.015,0.008,17,8,6,4
0.281,0.193,0.340,-0.52,0.062,0,0.3610,0.3865,0.269,0.341,0.236,0.120,0.083,0.000,0.000,0.000,17,0,0,0,0.202,0.149,0.121,0.021,0.015,0.008,17,8,6,4
0.317,0.146,0.196,-0.52,0.062,0,0.3923,0.4046,0.421,0.341,0.236,0.120,0.083,0.000,0.000,0.000,17,0,0,0,0.202,0.149,0.121,0.021,0.015,0.008,17,8,6,4
0.313,0.166,0.145,-1.19,0.219,1,0.4149,0.4144,0.410,0.586,0.236,0.120,0.083,0.000,0.000,0.000,17,0,0,0,0.202,0.149,0.121,0.021,0.015,0.008,17,8,6,4
0.264,0.057,0.037,0.85,0.046,0,0.4382,0.4255,0.152,0.06,0.236,0.120,0.083,0.000,0.000,0.000,17,0,0,0,0.202,0.149,0.121,0.021,0.015,0.008,17,8,6,4
0.259,0.095,0.111,-1.19,0.219,1,0.4632,0.4380,0.493,0.586,0.236,0.120,0.083,0.000,0.000,0.000,17,0,0,0,0.202,0.149,0.121,0.021,0.015,0.008,17,8,6,4
0.243,0.052,0.002,-0.79,0.151,-1,0.4865,0.4513,0.446,0.736,0.236,0.120,0.083,0.000,0.000,0.000,17,0,0,0,0.202,0.149,0.121,0.021,0.015,0.008,17,8,6,4
0.234,0.047,0.024,1.99,0.186,0,0.4911,0.4523,0.093,-0.326,0.236,0.120,0.083,0.000,0.000,0.000,17,0,0,0,0.202,0.149,0.121,0.021,0.015,0.008,17,8,6,4
0.221,0.067,0.346,-1.19,0.219,1,0.4816,0.4426,0.392,0.586,0.236,0.120,0.083,0.000,0.000,0.000,17,0,0,0,0.202,0.149,0.121,0.021,0.015,0.008,17,8,6,4
0.221,0.048,0.245,-1.1,0.105,-1,0.4695,0.4326,0.435,0.192,0.236,0.120,0.083,0.000,0.000,0.000,17,0,0,0,0.202,0.149,0.121,0.021,0.015,0.008,17,8,6,4
0.226,0.080,0.629,0.2,0.291,1,0.4429,0.4102,0.395,0.180,0.236,0.120,0.083,0.000,0.000,0.000,17,0,0,0,0.202,0.149,0.121,0.021,0.015,0.008,17,8,6,4
0.237,0.068,0.500,0.22,0.230,0,0.4093,0.3833,0.306,0.303,0.236,0.120,0.083,0.000,0.000,0.000,17,0,0,0,0.202,0.149,0.121,0.021,0.015,0.008,17,8,6,4
0.205,0.099,0.671,0.2,0.291,1,0.3700,0.3508,0.413,0.180,0.236,0.120,0.083,0.000,0.000,0.000,17,0,0,0,0.202,0.149,0.121,0.021,0.015,0.008,17,8,6,4
0.192,0.075,0.259,-1.1,0.105,-1,0.3158,0.3062,0.472,0.192,0.236,0.120,0.083,0.000,0.000,0.000,17,0,0,0,0.202,0.149,0.121,0.021,0.015,0.008,17,8,6,4
0.153,0.077,0.159,1.69,0.290,0,0.2813,0.2786,0.112,-0.697,0.236,0.120,0.083,0.000,0.000,0.000,17,0,0,0,0.202,0.149,0.121,0.021,0.015,0.008,17,8,6,4
0.125,0.092,0.041,-1.14,0.131,0,0.2456,0.2495,0.299,0.987,0.236,0.120,0.083,0.000,0.000,0.000,17,0,0,0,0.202,0.149,0.121,0.021,0.015,0.008,17,8,6,4
0.101,0.098,0.108,-1.1,0.105,-1,0.2226,0.2315,0.318,0.192,0.236,0.120,0.083,0.000,0.000,0.000,17,0,0,0,0.202,0.149,0.121,0.021,0.015,0.008,17,8,6,4
0.120,0.093,0.045,2.53,0.140,0,0.2020,0.2159,0.135,-0.121,0.236,0.120,0.083,0.000,0.000,0.000,17,0,0,0,0.202,0.149,0.121,0.021,0.015,0.008,17,8,6,4
0.116,0.114,0.108,3.14,0.186,0,0.1950,0.2112,0.119,-0.486,0.236,0.120,0.083,0.000,0.000,0.000,17,0,0,0,0.202,0.149,0.121,0.021,0.015,0.008,17,8,6,4
0.089,0.121,0.220,-0.52,0.062,0,0.2136,0.2294,0.223,0.341,0.236,0.120,0.083,0.000,0.000,0.000,17,0,0,0,0.202,0.149,0.121,0.021,0.015,0.008,17,8,6,4
0.088,0.154,0.083,0,0.000,0,0.2328,0.2488,0.125,0.166,0.236,0.120,0.083,0.000,0.000,0.000,17,0,0,0,0.202,0.149,0.121,0.021,0.015,0.008,17,8,6,4
0.081,0.076,0.012,0.85,0.046,0,0.2386,0.2552,0.138,0.06,0.236,0.120,0.083,0.000,0.000,0.000,17,0,0,0,0.202,0.149,0.121,0.021,0.015,0.008,17,8,6,4
0.076,0.104,0.163,1.37,0.298,0,0.2368,0.2550,0.098,-0.510,0.236,0.120,0.083,0.000,0.000,0.000,17,0,0,0,0.202,0.149,0.121,0.021,0.015,0.008,17,8,6,4
0.059,0.066,0.004,3.14,0.186,0,0.2308,0.2488,0.055,-0.486,0.236,0.120,0.083,0.000,0.000,0.000,17,0,0,0,0.202,0.149,0.121,0.021,0.015,0.008,17,8,6,4
0.062,0.055,0.155,3.14,0.186,0,0.2339,0.2494,0.045,-0.486,0.236,0.120,0.083,0.000,0.000,0.000,17,0,0,0,0.202,0.149,0.121,0.021,0.015,0.008,17,8,6,4
0.077,0.071,0.060,-0.79,0.151,-1,0.2321,0.2438,0.175,0.736,0.236,0.120,0.083,0.000,0.000,0.000,17,0,0,0,0.202,0.149,0.121,0.021,0.015,0.008,17,8,6,4
0.082,0.065,0.093,2.53,0.140,0,0.2375,0.2457,0.048,-0.121,0.236,0.120,0.083,0.000,0.000,0.000,17,0,0,0,0.202,0.149,0.121,0.021,0.015,0.008,17,8,6,4
0.086,0.065,0.072,3.14,0.186,0,0.2475,0.2510,0.068,-0.486,0.236,0.120,0.083,0.000,0.000,0.000,17,0,0,0,0.202,0.149,0.121,0.021,0.015,0.008,17,8,6,4
0.107,0.053,0.141,-1.14,0.131,0,0.2664,0.2633,0.232,0.987,0.236,0.120,0.083,0.000,0.000,0.000,17,0,0,0,0.202,0.149,0.121,0.021,0.015,0.008,17,8,6,4
0.089,0.060,0.208,-1.1,0.105,-1,0.2866,0.2780,0.383,0.192,0.236,0.120,0.083,0.000,0.000,0.000,17,0,0,0,0.202,0.149,0.121,0.021,0.015,0.008,17,8,6,4
0.071,0.064,0.289,-0.08,0.108,0,0.2992,0.2842,0.262,0.059,0.236,0.120,0.083,0.000,0.000,0.000,17,0,0,0,0.202,0.149,0.121,0.021,0.015,0.008,17,8,6,4
0.066,0.064,0.250,-1.14,0.131,0,0.3057,0.2837,0.384,0.987,0.236,0.120,0.083,0.000,0.000,0.000,17,0,0,0,0.202,0.149,0.121,0.021,0.015,0.008,17,8,6,4
0.066,0.062,0.160,0.85,0.046,0,0.3120,0.2837,0.429,0.06,0.236,0.120,0.083,0.000,0.000,0.000,17,0,0,0,0.202,0.149,0.121,0.021,0.015,0.008,17,8,6,4
0.073,0.068,0.325,-0.79,0.151,-1,0.3201,0.2835,0.469,0.736,0.236,0.120,0.083,0.000,0.000,0.000,17,0,0,0,0.202,0.149,0.121,0.021,0.015,0.008,17,8,6,4
0.073,0.059,0.243,0.85,0.046,0,0.3462,0.3000,0.360,0.06,0.236,0.120,0.083,0.000,0.000,0.000,17,0,0,0,0.202,0.149,0.121,0.021,0.015,0.008,17,8,6,4
0.079,0.083,0.104,0,0.000,0,0.3598,0.3043,0.385,0.166,0.236,0.120,0.083,0.000,0.000,0.000,17,0,0,0,0.202,0.149,0.121,0.021,0.015,0.008,17,8,6,4
0.095,0.094,0.065,0,0.000,0,0.3712,0.3061,0.386,0.166,0.236,0.120,0.083,0.000,0.000,0.000,17,0,0,0,0.202,0.149,0.121,0.021,0.015,0.008,17,8,6,4
0.080,0.085,0.005,1.99,0.186,0,0.3858,0.3131,0.171,-0.326,0.236,0.120,0.083,0.000,0.000,0.000,17,0,0,0,0.202,0.149,0.121,0.021,0.015,0.008,17,8,6,4
0.083,0.100,0.453,-1.19,0.219,1,0.3933,0.3157,0.443,0.586,0.236,0.120,0.083,0.000,0.000,0.000,17,0,0,0,0.202,0.149,0.121,0.021,0.015,0.008,17,8,6,4
0.084,0.098,0.086,-0.79,0.151,-1,0.3960,0.3164,0.448,0.736,0.236,0.120,0.083,0.000,0.000,0.000,17,0,0,0,0.202,0.149,0.121,0.021,0.015,0.008,17,8,6,4
0.093,0.110,0.227,-0.48,0.134,0,0.3844,0.3067,0.287,0.007,0.236,0.120,0.083,0.000,0.000,0.000,17,0,0,0,0.202,0.149,0.121,0.021,0.015,0.008,17,8,6,4
0.098,0.099,0.038,-1.1,0.105,-1,0.3555,0.2808,0.231,0.192,0.236,0.120,0.083,0.000,0.000,0.000,17,0,0,0,0.202,0.149,0.121,0.021,0.015,0.008,17,8,6,4
0.102,0.066,0.110,2.53,0.140,0,0.3257,0.2562,0.067,-0.121,0.236,0.120,0.083,0.000,0.000,0.000,17,0,0,0,0.202,0.149,0.121,0.021,0.015,0.008,17,8,6,4
0.107,0.062,0.046,3.14,0.186,0,0.3059,0.2394,0.063,-0.486,0.236,0.120,0.083,0.000,0.000,0.000,17,0,0,0,0.202,0.149,0.121,0.021,0.015,0.008,17,8,6,4
0.132,0.068,0.333,3.14,0.186,0,0.2992,0.2345,0.039,-0.486,0.236,0.120,0.083,0.000,0.000,0.000,17,0,0,0,0.202,0.149,0.121,0.021,0.015,0.008,17,8,6,4
0.111,0.102,0.438,-0.52,0.062,0,0.2873,0.2260,0.069,0.341,0.236,0.120,0.083,0.000,0.000,0.000,17,0,0,0,0.202,0.149,0.121,0.021,0.015,0.008,17,8,6,4
0.105,0.097,0.227,3.14,0.186,0,0.2857,0.2271,0.055,-0.486,0.236,0.120,0.083,0.000,0.000,0.000,17,0,0,0,0.202,0.149,0.121,0.021,0.015,0.008,17,8,6,4
0.103,0.151,0.390,-0.48,0.134,0,0.2791,0.2240,0.248,0.007,0.236,0.120,0.083,0.000,0.000,0.000,17,0,0,0,0.202,0.149,0.121,0.021,0.015,0.008,17,8,6,4
0.109,0.158,0.315,0,0.000,0,0.2668,0.2140,0.195,0.166,0.236,0.120,0.083,0.000,0.000,0.000,17,0,0,0,0.202,0.149,0.121,0.021,0.015,0.008,17,8,6,4
0.084,0.114,0.274,-0.42,0.180,0,0.2561,0.2050,0.298,0.318,0.236,0.120,0.083,0.000,0.000,0.000,17,0,0,0,0.202,0.149,0.121,0.021,0.015,0.008,17,8,6,4
0.103,0.110,0.377,-0.52,0.062,0,0.2437,0.1951,0.154,0.341,0.236,0.120,0.083,0.000,0.000,0.000,17,0,0,0,0.202,0.149,0.121,0.021,0.015,0.008,17,8,6,4
0.119,0.085,0.224,2.53,0.140,0,0.2362,0.1880,0.148,-0.121,0.236,0.120,0.083,0.000,0.000,0.000,17,0,0,0,0.202,0.149,0.121,0.021,0.015,0.008,17,8,6,4
0.153,0.062,0.261,2.53,0.140,0,0.2480,0.1980,0.138,-0.121,0.236,0.120,0.083,0.000,0.000,0.000,17,0,0,0,0.202,0.149,0.121,0.021,0.015,0.008,17,8,6,4
0.158,0.101,0.528,-0.52,0.062,0,0.2752,0.2185,0.198,0.341,0.236,0.120,0.083,0.000,0.000,0.000,17,0,0,0,0.202,0.149,0.121,0.021,0.015,0.008,17,8,6,4
0.133,0.088,0.350,0.85,0.046,0,0.3125,0.2474,0.181,0.06,0.236,0.120,0.083,0.000,0.000,0.000,17,0,0,0,0.202,0.149,0.121,0.021,0.015,0.008,17,8,6,4
0.143,0.099,0.178,-0.48,0.134,0,0.3409,0.2707,0.373,0.007,0.236,0.120,0.083,0.000,0.000,0.000,17,0,0,0,0.202,0.149,0.121,0.021,0.015,0.008,17,8,6,4
0.130,0.076,0.020,-1.1,0.105,-1,0.3617,0.2873,0.285,0.192,0.236,0.120,0.083,0.000,0.000,0.000,17,0,0,0,0.202,0.149,0.121,0.021,0.015,0.008,17,8,6,4
0.132,0.067,0.001,2.53,0.140,0,0.3805,0.3045,0.113,-0.121,0.236,0.120,0.083,0.000,0.000,0.000,17,0,0,0,0.202,0.149,0.121,0.021,0.015,0.008,17,8,6,4
0.132,0.078,0.026,-0.52,0.062,0,0.3832,0.3062,0.274,0.341,0.236,0.120,0.083,0.000,0.000,0.000,17,0,0,0,0.202,0.149,0.121,0.021,0.015,0.008,17,8,6,4
0.135,0.066,0.003,-1.1,0.105,-1,0.3678,0.2895,0.300,0.192,0.236,0.120,0.083,0.000,0.000,0.000,17,0,0,0,0.202,0.149,0.121,0.021,0.015,0.008,17,8,6,4
0.140,0.057,0.012,2.53,0.140,0,0.3446,0.2659,0.142,-0.121,0.236,0.120,0.083,0.000,0.000,0.000,17,0,0,0,0.202,0.149,0.121,0.021,0.015,0.008,17,8,6,4
0.133,0.063,0.010,3.14,0.186,0,0.3264,0.2431,0.131,-0.486,0.236,0.120,0.083,0.000,0.000,0.000,17,0,0,0,0.202,0.149,0.121,0.021,0.015,0.008,17,8,6,4
0.138,0.077,0.050,-1.19,0.219,1,0.3327,0.2410,0.407,0.586,0.236,0.120,0.083,0.000,0.000,0.000,17,0,0,0,0.202,0.149,0.121,0.021,0.015,0.008,17,8,6,4
0.143,0.094,0.034,0.2,0.291,1,0.3492,0.2502,0.329,0.180,0.236,0.120,0.083,0.000,0.000,0.000,17,0,0,0,0.202,0.149,0.121,0.021,0.015,0.008,17,8,6,4
0.139,0.063,0.012,-0.79,0.151,-1,0.3652,0.2597,0.371,0.736,0.236,0.120,0.083,0.000,0.000,0.000,17,0,0,0,0.202,0.149,0.121,0.021,0.015,0.008,17,8,6,4
0.117,0.088,0.011,-0.52,0.062,0,0.3833,0.2725,0.275,0.341,0.236,0.120,0.083,0.000,0.000,0.000,17,0,0,0,0.202,0.149,0.121,0.021,0.015,0.008,17,8,6,4
0.113,0.104,0.184,-0.08,0.108,0,0.3982,0.2824,0.231,0.059,0.236,0.120,0.083,0.000,0.000,0.000,17,0,0,0,0.202,0.149,0.121,0.021,0.015,0.008,17,8,6,4
0.113,0.081,0.005,1.99,0.186,0,0.4055,0.2876,0.101,-0.326,0.236,0.120,0.083,0.000,0.000,0.000,17,0,0,0,0.202,0.149,0.121,0.021,0.015,0.008,17,8,6,4
0.110,0.093,0.255,-0.48,0.134,0,0.3949,0.2815,0.216,0.007,0.236,0.120,0.083,0.000,0.000,0.000,17,0,0,0,0.202,0.149,0.121,0.021,0.015,0.008,17,8,6,4
0.109,0.083,0.015,1.42,0.221,0,0.3808,0.2749,0.100,-0.397,0.236,0.120,0.083,0.000,0.000,0.000,17,0,0,0,0.202,0.149,0.121,0.021,0.015,0.008,17,8,6,4
0.111,0.099,0.498,2.53,0.140,0,0.3592,0.2612,0.067,-0.121,0.236,0.120,0.083,0.000,0.000,0.000,17,0,0,0,0.202,0.149,0.121,0.021,0.015,0.008,17,8,6,4
0.105,0.127,0.205,2.53,0.140,0,0.3429,0.2519,0.084,-0.121,0.236,0.120,0.083,0.000,0.000,0.000,17,0,0,0,0.202,0.149,0.121,0.021,0.015,0.008,17,8,6,4
0.108,0.225,0.541,0.2,0.291,1,0.3303,0.2432,0.321,0.180,0.236,0.120,0.083,0.000,0.000,0.000,17,0,0,0,0.202,0.149,0.121,0.021,0.015,0.008,17,8,6,4
0.084,0.287,0.512,0.2,0.291,1,0.3183,0.2328,0.295,0.180,0.236,0.120,0.083,0.000,0.000,0.000,17,0,0,0,0.202,0.149,0.121,0.021,0.015,0.008,17,8,6,4
0.077,0.179,0.322,0,0.000,0,0.3092,0.2232,0.362,0.166,0.236,0.120,0.083,0.000,0.000,0.000,17,0,0,0,0.202,0.149,0.121,0.021,0.015,0.008,17,8,6,4
0.077,0.178,0.219,-0.48,0.134,0,0.3048,0.2192,0.352,0.007,0.236,0.120,0.083,0.000,0.000,0.000,17,0,0,0,0.202,0.149,0.121,0.021,0.015,0.008,17,8,6,4
0.059,0.101,0.127,-0.79,0.151,-1,0.3092,0.2244,0.379,0.736,0.236,0.120,0.083,0.000,0.000,0.000,17,0,0,0,0.202,0.149,0.121,0.021,0.015,0.008,17,8,6,4
0.061,0.091,0.273,-1.1,0.105,-1,0.3197,0.2421,0.297,0.192,0.236,0.120,0.083,0.000,0.000,0.000,17,0,0,0,0.202,0.149,0.121,0.021,0.015,0.008,17,8,6,4
0.059,0.072,0.313,3.14,0.186,0,0.3350,0.2723,0.053,-0.486,0.236,0.120,0.083,0.000,0.000,0.000,17,0,0,0,0.202,0.149,0.121,0.021,0.015,0.008,17,8,6,4
0.067,0.062,0.371,1.42,0.221,0,0.3542,0.3135,0.093,-0.397,0.236,0.120,0.083,0.000,0.000,0.000,17,0,0,0,0.202,0.149,0.121,0.021,0.015,0.008,17,8,6,4
0.061,0.049,0.114,3.14,0.186,0,0.3928,0.3803,0.059,-0.486,0.236,0.120,0.083,0.000,0.000,0.000,17,0,0,0,0.202,0.149,0.121,0.021,0.015,0.008,17,8,6,4
0.057,0.053,0.403,-0.08,0.108,0,0.4230,0.4545,0.170,0.059,0.236,0.120,0.083,0.000,0.000,0.000,17,0,0,0,0.202,0.149,0.121,0.021,0.015,0.008,17,8,6,4
0.054,0.051,0.016,2.53,0.140,0,0.4408,0.5276,0.065,-0.121,0.236,0.120,0.083,0.000,0.000,0.000,17,0,0,0,0.202,0.149,0.121,0.021,0.015,0.008,17,8,6,4
0.048,0.042,0.283,3.14,0.186,0,0.4410,0.5929,0.114,-0.486,0.236,0.120,0.083,0.000,0.000,0.000,17,0,0,0,0.202,0.149,0.121,0.021,0.015,0.008,17,8,6,4
0.041,0.039,0.016,-1.14,0.131,0,0.4215,0.6459,0.215,0.987,0.236,0.120,0.083,0.000,0.000,0.000,17,0,0,0,0.202,0.149,0.121,0.021,0.015,0.008,17,8,6,4
0.036,0.039,0.012,-0.79,0.151,-1,0.3844,0.6855,0.482,0.736,0.236,0.120,0.083,0.000,0.000,0.000,17,0,0,0,0.202,0.149,0.121,0.021,0.015,0.008,17,8,6,4
0.043,0.040,0.009,-0.79,0.151,-1,0.3373,0.7146,0.473,0.736,0.236,0.120,0.083,0.000,0.000,0.000,17,0,0,0,0.202,0.149,0.121,0.021,0.015,0.008,17,8,6,4
0.054,0.039,0.019,3.14,0.186,0,0.2946,0.7418,0.258,-0.486,0.236,0.120,0.083,0.000,0.000,0.000,17,0,0,0,0.202,0.149,0.121,0.021,0.015,0.008,17,8,6,4
0.053,0.039,0.137,-1.1,0.105,-1,0.2785,0.7826,0.450,0.192,0.236,0.120,0.083,0.000,0.000,0.000,17,0,0,0,0.202,0.149,0.121,0.021,0.015,0.008,17,8,6,4
0.050,0.040,0.078,-1.14,0.131,0,0.3208,0.8600,0.757,0.987,0.236,0.120,0.083,0.000,0.000,0.000,17,0,0,0,0.202,0.149,0.121,0.021,0.015,0.008,17,8,6,4
