0.139,0.066,0.426,1.42,0.221,0,0.3048,0.8239,0.725,-0.397,0.329,0.203,0.322,0.216,0.141,0.080,58,43,39,11,0.286,0.210,0.293,0.236,0.129,0.017,58,50,36,3
0.134,0.061,0.315,2.53,0.140,0,0.2860,0.7766,0.334,-0.121,0.329,0.203,0.322,0.216,0.141,0.080,58,43,39,11,0.286,0.210,0.293,0.236,0.129,0.017,58,50,36,3
0.100,0.069,0.150,-1.1,0.105,-1,0.2418,0.7013,0.397,0.192,0.329,0.203,0.322,0.216,0.141,0.080,58,43,39,11,0.286,0.210,0.293,0.236,0.129,0.017,58,50,36,3
0.097,0.082,0.099,-1.1,0.105,-1,0.1957,0.6158,0.410,0.192,0.329,0.203,0.322,0.216,0.141,0.080,58,43,39,11,0.286,0.210,0.293,0.236,0.129,0.017,58,50,36,3
0.098,0.092,0.073,2.1,0.128,0,0.1622,0.5324,0.116,0.02,0.329,0.203,0.322,0.216,0.141,0.080,58,43,39,11,0.286,0.210,0.293,0.236,0.129,0.017,58,50,36,3
0.101,0.099,0.221,-1.14,0.131,0,0.1480,0.4586,0.347,0.987,0.329,0.203,0.322,0.216,0.141,0.080,58,43,39,11,0.286,0.210,0.293,0.236,0.129,0.017,58,50,36,3
0.100,0.171,0.309,2.53,0.140,0,0.1542,0.3977,0.193,-0.121,0.329,0.203,0.322,0.216,0.141,0.080,58,43,39,11,0.286,0.210,0.293,0.236,0.129,0.017,58,50,36,3
0.104,0.198,0.608,0.22,0.230,0,0.1769,0.3502,0.268,0.303,0.329,0.203,0.322,0.216,0.141,0.080,58,43,39,11,0.286,0.210,0.293,0.236,0.129,0.017,58,50,36,3
0.085,0.239,0.510,-0.48,0.134,0,0.2092,0.3144,0.283,0.007,0.329,0.203,0.322,0.216,0.141,0.080,58,43,39,11,0.286,0.210,0.293,0.236,0.129,0.017,58,50,36,3
0.083,0.188,0.428,1.42,0.221,0,0.2426,0.2869,0.168,-0.397,0.329,0.203,0.322,0.216,0.141,0.080,58,43,39,11,0.286,0.210,0.293,0.236,0.129,0.017,58,50,36,3
0.082,0.182,0.172,0.85,0.046,0,0.2580,0.2563,0.162,0.06,0.329,0.203,0.322,0.216,0.141,0.080,58,43,39,11,0.286,0.210,0.293,0.236,0.129,0.017,58,50,36,3
0.079,0.276,0.431,-0.42,0.180,0,0.2517,0.2244,0.246,0.318,0.329,0.203,0.322,0.216,0.141,0.080,58,43,39,11,0.286,0.210,0.293,0.236,0.129,0.017,58,50,36,3
0.079,0.232,0.180,1.69,0.290,0,0.2486,0.2051,0.100,-0.697,0.329,0.203,0.322,0.216,0.141,0.080,58,43,39,11,0.286,0.210,0.293,0.236,0.129,0.017,58,50,36,3
0.081,0.227,0.160,-1.1,0.105,-1,0.2261,0.1831,0.269,0.192,0.329,0.203,0.322,0.216,0.141,0.080,58,43,39,11,0.286,0.210,0.293,0.236,0.129,0.017,58,50,36,3
0.075,0.191,0.134,3.14,0.186,0,0.2091,0.1735,0.116,-0.486,0.329,0.203,0.322,0.216,0.141,0.080,58,43,39,11,0.286,0.210,0.293,0.236,0.129,0.017,58,50,36,3
0.092,0.226,0.007,2.53,0.140,0,0.1951,0.1734,0.164,-0.121,0.329,0.203,0.322,0.216,0.141,0.080,58,43,39,11,0.286,0.210,0.293,0.236,0.129,0.017,58,50,36,3
0.100,0.313,0.230,-0.42,0.180,0,0.1868,0.1776,0.274,0.318,0.329,0.203,0.322,0.216,0.141,0.080,58,43,39,11,0.286,0.210,0.293,0.236,0.129,0.017,58,50,36,3
0.095,0.212,0.045,0.85,0.046,0,0.1848,0.1850,0.231,0.06,0.329,0.203,0.322,0.216,0.141,0.080,58,43,39,11,0.286,0.210,0.293,0.236,0.129,0.017,58,50,36,3
0.085,0.277,0.099,-0.79,0.151,-1,0.1829,0.1867,0.306,0.736,0.329,0.203,0.322,0.216,0.141,0.080,58,43,39,11,0.286,0.210,0.293,0.236,0.129,0.017,58,50,36,3
0.103,0.265,0.144,-1.14,0.131,0,0.1835,0.1876,0.216,0.987,0.329,0.203,0.322,0.216,0.141,0.080,58,43,39,11,0.286,0.210,0.293,0.236,0.129,0.017,58,50,36,3
0.099,0.375,0.390,-0.08,0.108,0,0.1848,0.1898,0.183,0.059,0.329,0.203,0.322,0.216,0.141,0.080,58,43,39,11,0.286,0.210,0.293,0.236,0.129,0.017,58,50,36,3
0.099,0.446,0.153,0.85,0.046,0,0.1822,0.1842,0.131,0.06,0.329,0.203,0.322,0.216,0.141,0.080,58,43,39,11,0.286,0.210,0.293,0.236,0.129,0.017,58,50,36,3
0.101,0.389,0.136,1.99,0.186,0,0.1853,0.1816,0.135,-0.326,0.329,0.203,0.322,0.216,0.141,0.080,58,43,39,11,0.286,0.210,0.293,0.236,0.129,0.017,58,50,36,3
0.123,0.412,0.198,1.99,0.186,0,0.1998,0.1873,0.136,-0.326,0.329,0.203,0.322,0.216,0.141,0.080,58,43,39,11,0.286,0.210,0.293,0.236,0.129,0.017,58,50,36,3
0.131,0.686,0.537,1.37,0.298,0,0.2239,0.2010,0.169,-0.510,0.329,0.203,0.322,0.216,0.141,0.080,58,43,39,11,0.286,0.210,0.293,0.236,0.129,0.017,58,50,36,3
0.139,0.795,0.572,-1.19,0.219,1,0.2454,0.2123,0.373,0.586,0.329,0.203,0.322,0.216,0.141,0.080,58,43,39,11,0.286,0.210,0.293,0.236,0.129,0.017,58,50,36,3
0.114,0.823,0.607,0.2,0.291,1,0.2793,0.2366,0.239,0.180,0.329,0.203,0.322,0.216,0.141,0.080,58,43,39,11,0.286,0.210,0.293,0.236,0.129,0.017,58,50,36,3
0.099,0.745,0.308,-1.14,0.131,0,0.2981,0.2514,0.315,0.987,0.329,0.203,0.322,0.216,0.141,0.080,58,43,39,11,0.286,0.210,0.293,0.236,0.129,0.017,58,50,36,3
0.103,0.699,0.227,-1.1,0.105,-1,0.2988,0.2528,0.436,0.192,0.329,0.203,0.322,0.216,0.141,0.080,58,43,39,11,0.286,0.210,0.293,0.236,0.129,0.017,58,50,36,3
0.131,0.751,0.280,0,0.000,0,0.2959,0.2524,0.128,0.166,0.329,0.203,0.322,0.216,0.141,0.080,58,43,39,11,0.286,0.210,0.293,0.236,0.129,0.017,58,50,36,3
0.136,0.720,0.404,2.53,0.140,0,0.2890,0.2493,0.114,-0.121,0.329,0.203,0.322,0.216,0.141,0.080,58,43,39,11,0.286,0.210,0.293,0.236,0.129,0.017,58,50,36,3
0.175,0.769,0.307,0.85,0.046,0,0.2793,0.2427,0.165,0.06,0.329,0.203,0.322,0.216,0.141,0.080,58,43,39,11,0.286,0.210,0.293,0.236,0.129,0.017,58,50,36,3
0.144,0.764,0.414,1.99,0.186,0,0.2788,0.2431,0.102,-0.326,0.329,0.203,0.322,0.216,0.141,0.080,58,43,39,11,0.286,0.210,0.293,0.236,0.129,0.017,58,50,36,3
0.144,0.521,0.527,2.53,0.140,0,0.2704,0.2370,0.100,-0.121,0.329,0.203,0.322,0.216,0.141,0.080,58,43,39,11,0.286,0.210,0.293,0.236,0.129,0.017,58,50,36,3
0.119,0.760,0.639,0,0.000,0,0.2684,0.2340,0.155,0.166,0.329,0.203,0.322,0.216,0.141,0.080,58,43,39,11,0.286,0.210,0.293,0.236,0.129,0.017,58,50,36,3
0.164,0.830,0.859,0.2,0.291,1,0.2606,0.2254,0.314,0.180,0.329,0.203,0.322,0.216,0.141,0.080,58,43,39,11,0.286,0.210,0.293,0.236,0.129,0.017,58,50,36,3
0.128,0.736,0.686,-0.79,0.151,-1,0.2474,0.2106,0.255,0.736,0.329,0.203,0.322,0.216,0.141,0.080,58,43,39,11,0.286,0.210,0.293,0.236,0.129,0.017,58,50,36,3
0.102,0.810,0.545,-0.48,0.134,0,0.2364,0.2002,0.210,0.007,0.329,0.203,0.322,0.216,0.141,0.080,58,43,39,11,0.286,0.210,0.293,0.236,0.129,0.017,58,50,36,3
0.109,0.816,0.738,0.2,0.291,1,0.2281,0.1948,0.428,0.180,0.329,0.203,0.322,0.216,0.141,0.080,58,43,39,11,0.286,0.210,0.293,0.236,0.129,0.017,58,50,36,3
0.113,0.783,0.583,0.2,0.291,1,0.2229,0.1917,0.307,0.180,0.329,0.203,0.322,0.216,0.141,0.080,58,43,39,11,0.286,0.210,0.293,0.236,0.129,0.017,58,50,36,3
0.107,0.499,0.169,1.99,0.186,0,0.2328,0.2013,0.029,-0.326,0.329,0.203,0.322,0.216,0.141,0.080,58,43,39,11,0.286,0.210,0.293,0.236,0.129,0.017,58,50,36,3
0.103,0.570,0.625,-1.19,0.219,1,0.2498,0.2152,0.318,0.586,0.329,0.203,0.322,0.216,0.141,0.080,58,43,39,11,0.286,0.210,0.293,0.236,0.129,0.017,58,50,36,3
0.107,0.516,0.277,-0.79,0.151,-1,0.2722,0.2324,0.430,0.736,0.329,0.203,0.322,0.216,0.141,0.080,58,43,39,11,0.286,0.210,0.293,0.236,0.129,0.017,58,50,36,3
0.103,0.482,0.045,1.99,0.186,0,0.2834,0.2396,0.088,-0.326,0.329,0.203,0.322,0.216,0.141,0.080,58,43,39,11,0.286,0.210,0.293,0.236,0.129,0.017,58,50,36,3
0.103,0.475,0.005,1.69,0.290,0,0.3029,0.2523,0.048,-0.697,0.329,0.203,0.322,0.216,0.141,0.080,58,43,39,11,0.286,0.210,0.293,0.236,0.129,0.017,58,50,36,3
0.101,0.798,0.157,-1.19,0.219,1,0.3109,0.2541,0.556,0.586,0.329,0.203,0.322,0.216,0.141,0.080,58,43,39,11,0.286,0.210,0.293,0.236,0.129,0.017,58,50,36,3
0.097,0.402,0.019,-1.1,0.105,-1,0.3031,0.2425,0.501,0.192,0.329,0.203,0.322,0.216,0.141,0.080,58,43,39,11,0.286,0.210,0.293,0.236,0.129,0.017,58,50,36,3
0.125,0.731,0.117,1.69,0.290,0,0.2779,0.2183,0.139,-0.697,0.329,0.203,0.322,0.216,0.141,0.080,58,43,39,11,0.286,0.210,0.293,0.236,0.129,0.017,58,50,36,3
0.149,0.694,0.145,0,0.000,0,0.2366,0.1824,0.410,0.166,0.329,0.203,0.322,0.216,0.141,0.080,58,43,39,11,0.286,0.210,0.293,0.236,0.129,0.017,58,50,36,3
0.139,0.437,0.220,2.53,0.140,0,0.2092,0.1584,0.162,-0.121,0.329,0.203,0.322,0.216,0.141,0.080,58,43,39,11,0.286,0.210,0.293,0.236,0.129,0.017,58,50,36,3
0.140,0.761,0.680,-0.42,0.180,0,0.1981,0.1487,0.337,0.318,0.329,0.203,0.322,0.216,0.141,0.080,58,43,39,11,0.286,0.210,0.293,0.236,0.129,0.017,58,50,36,3
0.143,0.529,0.535,-1.14,0.131,0,0.1965,0.1474,0.275,0.987,0.329,0.203,0.322,0.216,0.141,0.080,58,43,39,11,0.286,0.210,0.293,0.236,0.129,0.017,58,50,36,3
0.095,0.584,0.552,-0.52,0.062,0,0.2037,0.1526,0.179,0.341,0.329,0.203,0.322,0.216,0.141,0.080,58,43,39,11,0.286,0.210,0.293,0.236,0.129,0.017,58,50,36,3
0.112,0.411,0.626,-0.08,0.108,0,0.2098,0.1551,0.083,0.059,0.329,0.203,0.322,0.216,0.141,0.080,58,43,39,11,0.286,0.210,0.293,0.236,0.129,0.017,58,50,36,3
0.112,0.272,0.463,2.53,0.140,0,0.2182,0.1542,0.064,-0.121,0.329,0.203,0.322,0.216,0.141,0.080,58,43,39,11,0.286,0.210,0.293,0.236,0.129,0.017,58,50,36,3
0.142,0.250,0.446,0.85,0.046,0,0.2237,0.1481,0.099,0.06,0.329,0.203,0.322,0.216,0.141,0.080,58,43,39,11,0.286,0.210,0.293,0.236,0.129,0.017,58,50,36,3
0.109,0.276,0.538,2.53,0.140,0,0.2292,0.1407,0.073,-0.121,0.329,0.203,0.322,0.216,0.141,0.080,58,43,39,11,0.286,0.210,0.293,0.236,0.129,0.017,58,50,36,3
0.113,0.311,0.411,1.42,0.221,0,0.2371,0.1363,0.096,-0.397,0.329,0.203,0.322,0.216,0.141,0.080,58,43,39,11,0.286,0.210,0.293,0.236,0.129,0.017,58,50,36,3
0.134,0.425,0.463,0,0.000,0,0.2412,0.1287,0.131,0.166,0.329,0.203,0.322,0.216,0.141,0.080,58,43,39,11,0.286,0.210,0.293,0.236,0.129,0.017,58,50,36,3
0.111,0.450,0.512,-0.42,0.180,0,0.2429,0.1217,0.254,0.318,0.329,0.203,0.322,0.216,0.141,0.080,58,43,39,11,0.286,0.210,0.293,0.236,0.129,0.017,58,50,36,3
0.116,0.477,0.444,1.42,0.221,0,0.2471,0.1210,0.123,-0.397,0.329,0.203,0.322,0.216,0.141,0.080,58,43,39,11,0.286,0.210,0.293,0.236,0.129,0.017,58,50,36,3
0.148,0.509,0.570,0,0.000,0,0.2442,0.1177,0.179,0.166,0.329,0.203,0.322,0.216,0.141,0.080,58,43,39,11,0.286,0.210,0.293,0.236,0.129,0.017,58,50,36,3
0.148,0.534,0.565,1.69,0.290,0,0.2493,0.1221,0.094,-0.697,0.329,0.203,0.322,0.216,0.141,0.080,58,43,39,11,0.286,0.210,0.293,0.236,0.129,0.017,58,50,36,3
0.115,0.705,0.730,-0.08,0.108,0,0.2532,0.1276,0.135,0.059,0.329,0.203,0.322,0.216,0.141,0.080,58,43,39,11,0.286,0.210,0.293,0.236,0.129,0.017,58,50,36,3
0.099,0.441,0.342,1.99,0.186,0,0.2622,0.1374,0.061,-0.326,0.329,0.203,0.322,0.216,0.141,0.080,58,43,39,11,0.286,0.210,0.293,0.236,0.129,0.017,58,50,36,3
0.099,0.551,0.743,-0.52,0.062,0,0.2577,0.1380,0.130,0.341,0.329,0.203,0.322,0.216,0.141,0.080,58,43,39,11,0.286,0.210,0.293,0.236,0.129,0.017,58,50,36,3
0.094,0.615,0.374,-0.08,0.108,0,0.2441,0.1309,0.131,0.059,0.329,0.203,0.322,0.216,0.141,0.080,58,43,39,11,0.286,0.210,0.293,0.236,0.129,0.017,58,50,36,3
0.077,0.415,0.022,1.99,0.186,0,0.2228,0.1173,0.083,-0.326,0.329,0.203,0.322,0.216,0.141,0.080,58,43,39,11,0.286,0.210,0.293,0.236,0.129,0.017,58,50,36,3
0.074,0.412,0.004,3.14,0.186,0,0.2056,0.1032,0.118,-0.486,0.329,0.203,0.322,0.216,0.141,0.080,58,43,39,11,0.286,0.210,0.293,0.236,0.129,0.017,58,50,36,3
0.070,0.478,0.054,-0.48,0.134,0,0.1927,0.0897,0.316,0.007,0.329,0.203,0.322,0.216,0.141,0.080,58,43,39,11,0.286,0.210,0.293,0.236,0.129,0.017,58,50,36,3
0.091,0.425,0.142,1.42,0.221,0,0.1838,0.0779,0.130,-0.397,0.329,0.203,0.322,0.216,0.141,0.080,58,43,39,11,0.286,0.210,0.293,0.236,0.129,0.017,58,50,36,3
0.092,0.415,0.324,-1.19,0.219,1,0.1673,0.0627,0.456,0.586,0.329,0.203,0.322,0.216,0.141,0.080,58,43,39,11,0.286,0.210,0.293,0.236,0.129,0.017,58,50,36,3
0.094,0.298,0.127,-1.1,0.105,-1,0.1614,0.0546,0.443,0.192,0.329,0.203,0.322,0.216,0.141,0.080,58,43,39,11,0.286,0.210,0.293,0.236,0.129,0.017,58,50,36,3
0.112,0.230,0.032,-0.79,0.151,-1,0.1666,0.0545,0.486,0.736,0.329,0.203,0.322,0.216,0.141,0.080,58,43,39,11,0.286,0.210,0.293,0.236,0.129,0.017,58,50,36,3
0.096,0.267,0.007,-0.79,0.151,-1,0.1817,0.0605,0.391,0.736,0.329,0.203,0.322,0.216,0.141,0.080,58,43,39,11,0.286,0.210,0.293,0.236,0.129,0.017,58,50,36,3
0.078,0.238,0.000,2.53,0.140,0,0.2014,0.0719,0.047,-0.121,0.329,0.203,0.322,0.216,0.141,0.080,58,43,39,11,0.286,0.210,0.293,0.236,0.129,0.017,58,50,36,3
0.065,0.314,0.128,-1.1,0.105,-1,0.2147,0.0787,0.244,0.192,0.329,0.203,0.322,0.216,0.141,0.080,58,43,39,11,0.286,0.210,0.293,0.236,0.129,0.017,58,50,36,3
0.074,0.324,0.110,1.69,0.290,0,0.2192,0.0819,0.162,-0.697,0.329,0.203,0.322,0.216,0.141,0.080,58,43,39,11,0.286,0.210,0.293,0.236,0.129,0.017,58,50,36,3
0.074,0.291,0.020,2.53,0.140,0,0.2152,0.0799,0.077,-0.121,0.329,0.203,0.322,0.216,0.141,0.080,58,43,39,11,0.286,0.210,0.293,0.236,0.129,0.017,58,50,36,3
0.073,0.309,0.001,3.14,0.186,0,0.2101,0.0777,0.039,-0.486,0.329,0.203,0.322,0.216,0.141,0.080,58,43,39,11,0.286,0.210,0.293,0.236,0.129,0.017,58,50,36,3
0.086,0.399,0.243,-1.19,0.219,1,0.2031,0.0744,0.329,0.586,0.329,0.203,0.322,0.216,0.141,0.080,58,43,39,11,0.286,0.210,0.293,0.236,0.129,0.017,58,50,36,3
0.082,0.350,0.215,-0.52,0.062,0,0.1887,0.0673,0.190,0.341,0.329,0.203,0.322,0.216,0.141,0.080,58,43,39,11,0.286,0.210,0.293,0.236,0.129,0.017,58,50,36,3
0.069,0.282,0.001,1.42,0.221,0,0.1696,0.0570,0.106,-0.397,0.329,0.203,0.322,0.216,0.141,0.080,58,43,39,11,0.286,0.210,0.293,0.236,0.129,0.017,58,50,36,3
0.073,0.206,0.009,3.14,0.186,0,0.1498,0.0472,0.088,-0.486,0.329,0.203,0.322,0.216,0.141,0.080,58,43,39,11,0.286,0.210,0.293,0.236,0.129,0.017,58,50,36,3
0.073,0.212,0.069,-0.79,0.151,-1,0.1433,0.0449,0.370,0.736,0.329,0.203,0.322,0.216,0.141,0.080,58,43,39,11,0.286,0.210,0.293,0.236,0.129,0.017,58,50,36,3
0.087,0.227,0.012,-0.79,0.151,-1,0.1364,0.0415,0.333,0.736,0.329,0.203,0.322,0.216,0.141,0.080,58,43,39,11,0.286,0.210,0.293,0.236,0.129,0.017,58,50,36,3
0.072,0.350,0.355,1.37,0.298,0,0.1361,0.0413,0.162,-0.510,0.329,0.203,0.322,0.216,0.141,0.080,58,43,39,11,0.286,0.210,0.293,0.236,0.129,0.017,58,50,36,3
0.076,0.237,0.504,0.22,0.230,0,0.1437,0.0446,0.219,0.303,0.329,0.203,0.322,0.216,0.141,0.080,58,43,39,11,0.286,0.210,0.293,0.236,0.129,0.017,58,50,36,3
0.091,0.220,0.007,1.99,0.186,0,0.1655,0.0562,0.125,-0.326,0.329,0.203,0.322,0.216,0.141,0.080,58,43,39,11,0.286,0.210,0.293,0.236,0.129,0.017,58,50,36,3
0.113,0.218,0.199,-1.1,0.105,-1,0.1698,0.0575,0.233,0.192,0.329,0.203,0.322,0.216,0.141,0.080,58,43,39,11,0.286,0.210,0.293,0.236,0.129,0.017,58,50,36,3
0.116,0.226,0.010,1.99,0.186,0,0.1809,0.0634,0.112,-0.326,0.329,0.203,0.322,0.216,0.141,0.080,58,43,39,11,0.286,0.210,0.293,0.236,0.129,0.017,58,50,36,3
0.094,0.239,0.157,1.99,0.186,0,0.1941,0.0694,0.136,-0.326,0.329,0.203,0.322,0.216,0.141,0.080,58,43,39,11,0.286,0.210,0.293,0.236,0.129,0.017,58,50,36,3
0.089,0.322,0.124,1.42,0.221,0,0.2107,0.0781,0.221,-0.397,0.329,0.203,0.322,0.216,0.141,0.080,58,43,39,11,0.286,0.210,0.293,0.236,0.129,0.017,58,50,36,3
0.089,0.396,0.400,0,0.000,0,0.2219,0.0853,0.183,0.166,0.329,0.203,0.322,0.216,0.141,0.080,58,43,39,11,0.286,0.210,0.293,0.236,0.129,0.017,58,50,36,3
0.092,0.421,0.384,-0.79,0.151,-1,0.2213,0.0855,0.316,0.736,0.329,0.203,0.322,0.216,0.141,0.080,58,43,39,11,0.286,0.210,0.293,0.236,0.129,0.017,58,50,36,3
0.140,0.851,0.638,-0.42,0.180,0,0.2151,0.0829,0.324,0.318,0.329,0.203,0.322,0.216,0.141,0.080,58,43,39,11,0.286,0.210,0.293,0.236,0.129,0.017,58,50,36,3
0.176,0.822,0.675,1.69,0.290,0,0.2118,0.0831,0.165,-0.697,0.329,0.203,0.322,0.216,0.141,0.080,58,43,39,11,0.286,0.210,0.293,0.236,0.129,0.017,58,50,36,3
0.203,0.760,0.670,0,0.000,0,0.2168,0.0897,0.181,0.166,0.329,0.203,0.322,0.216,0.141,0.080,58,43,39,11,0.286,0.210,0.293,0.236,0.129,0.017,58,50,36,3
0.189,0.746,0.483,3.14,0.186,0,0.2363,0.1076,0.098,-0.486,0.329,0.203,0.322,0.216,0.141,0.080,58,43,39,11,0.286,0.210,0.293,0.236,0.129,0.017,58,50,36,3
0.190,0.830,0.757,-1.19,0.219,1,0.2542,0.1236,0.358,0.586,0.329,0.203,0.322,0.216,0.141,0.080,58,43,39,11,0.286,0.210,0.293,0.236,0.129,0.017,58,50,36,3
0.163,0.827,0.575,0.85,0.046,0,0.2746,0.1434,0.115,0.06,0.329,0.203,0.322,0.216,0.141,0.080,58,43,39,11,0.286,0.210,0.293,0.236,0.129,0.017,58,50,36,3
0.135,0.782,0.298,0.85,0.046,0,0.2865,0.1557,0.060,0.06,0.329,0.203,0.322,0.216,0.141,0.080,58,43,39,11,0.286,0.210,0.293,0.236,0.129,0.017,58,50,36,3
0.111,0.795,0.360,2.53,0.140,0,0.3111,0.1765,0.096,-0.121,0.329,0.203,0.322,0.216,0.141,0.080,58,43,39,11,0.286,0.210,0.293,0.236,0.129,0.017,58,50,36,3
0.111,0.844,0.826,0.2,0.291,1,0.3440,0.2025,0.338,0.180,0.329,0.203,0.322,0.216,0.141,0.080,58,43,39,11,0.286,0.210,0.293,0.236,0.129,0.017,58,50,36,3
0.088,0.728,0.449,0.85,0.046,0,0.3775,0.2301,0.152,0.06,0.329,0.203,0.322,0.216,0.141,0.080,58,43,39,11,0.286,0.210,0.293,0.236,0.129,0.017,58,50,36,3
0.105,0.781,0.416,-1.19,0.219,1,0.4067,0.2539,0.231,0.586,0.329,0.203,0.322,0.216,0.141,0.080,58,43,39,11,0.286,0.210,0.293,0.236,0.129,0.017,58,50,36,3
0.105,0.774,0.697,0.2,0.291,1,0.4351,0.2781,0.314,0.180,0.329,0.203,0.322,0.216,0.141,0.080,58,43,39,11,0.286,0.210,0.293,0.236,0.129,0.017,58,50,36,3
0.132,0.705,0.713,0.2,0.291,1,0.4456,0.2918,0.412,0.180,0.329,0.203,0.322,0.216,0.141,0.080,58,43,39,11,0.286,0.210,0.293,0.236,0.129,0.017,58,50,36,3
0.135,0.323,0.060,1.99,0.186,0,0.4534,0.3067,0.166,-0.326,0.329,0.203,0.322,0.216,0.141,0.080,58,43,39,11,0.286,0.210,0.293,0.236,0.129,0.017,58,50,36,3
0.133,0.173,0.046,2.53,0.140,0,0.4608,0.3220,0.155,-0.121,0.329,0.203,0.322,0.216,0.141,0.080,58,43,39,11,0.286,0.210,0.293,0.236,0.129,0.017,58,50,36,3
0.107,0.192,0.004,-0.79,0.151,-1,0.4800,0.3463,0.413,0.736,0.329,0.203,0.322,0.216,0.141,0.080,58,43,39,11,0.286,0.210,0.293,0.236,0.129,0.017,58,50,36,3
0.107,0.165,0.001,-0.79,0.151,-1,0.4983,0.3719,0.439,0.736,0.329,0.203,0.322,0.216,0.141,0.080,58,43,39,11,0.286,0.210,0.293,0.236,0.129,0.017,58,50,36,3
0.107,0.152,0.001,-0.79,0.151,-1,0.5004,0.3865,0.309,0.736,0.329,0.203,0.322,0.216,0.141,0.080,58,43,39,11,0.286,0.210,0.293,0.236,0.129,0.017,58,50,36,3
0.111,0.112,0.008,1.42,0.221,0,0.5105,0.4038,0.137,-0.397,0.329,0.203,0.322,0.216,0.141,0.080,58,43,39,11,0.286,0.210,0.293,0.236,0.129,0.017,58,50,36,3
0.112,0.136,0.001,-0.79,0.151,-1,0.5267,0.4229,0.381,0.736,0.329,0.203,0.322,0.216,0.141,0.080,58,43,39,11,0.286,0.210,0.293,0.236,0.129,0.017,58,50,36,3
0.094,0.199,0.136,-0.42,0.180,0,0.5512,0.4451,0.409,0.318,0.329,0.203,0.322,0.216,0.141,0.080,58,43,39,11,0.286,0.210,0.293,0.236,0.129,0.017,58,50,36,3
0.061,0.225,0.223,-0.42,0.180,0,0.5807,0.4706,0.286,0.318,0.329,0.203,0.322,0.216,0.141,0.080,58,43,39,11,0.286,0.210,0.293,0.236,0.129,0.017,58,50,36,3
0.073,0.293,0.402,0.2,0.291,1,0.6037,0.4888,0.290,0.180,0.329,0.203,0.322,0.216,0.141,0.080,58,43,39,11,0.286,0.210,0.293,0.236,0.129,0.017,58,50,36,3
0.088,0.215,0.152,1.42,0.221,0,0.6283,0.5090,0.270,-0.397,0.329,0.203,0.322,0.216,0.141,0.080,58,43,39,11,0.286,0.210,0.293,0.236,0.129,0.017,58,50,36,3
0.092,0.240,0.027,-1.1,0.105,-1,0.6349,0.5158,0.341,0.192,0.329,0.203,0.322,0.216,0.141,0.080,58,43,39,11,0.286,0.210,0.293,0.236,0.129,0.017,58,50,36,3
0.096,0.262,0.113,1.99,0.186,0,0.6431,0.5245,0.191,-0.326,0.329,0.203,0.322,0.216,0.141,0.080,58,43,39,11,0.286,0.210,0.293,0.236,0.129,0.017,58,50,36,3
0.117,0.269,0.138,0.85,0.046,0,0.6487,0.5324,0.197,0.06,0.329,0.203,0.322,0.216,0.141,0.080,58,43,39,11,0.286,0.210,0.293,0.236,0.129,0.017,58,50,36,3
0.117,0.279,0.092,0.85,0.046,0,0.6625,0.5491,0.336,0.06,0.329,0.203,0.322,0.216,0.141,0.080,58,43,39,11,0.286,0.210,0.293,0.236,0.129,0.017,58,50,36,3
0.117,0.432,0.343,0.2,0.291,1,0.6648,0.5580,0.370,0.180,0.329,0.203,0.322,0.216,0.141,0.080,58,43,39,11,0.286,0.210,0.293,0.236,0.129,0.017,58,50,36,3
0.118,0.383,0.277,-0.52,0.062,0,0.6566,0.5610,0.231,0.341,0.329,0.203,0.322,0.216,0.141,0.080,58,43,39,11,0.286,0.210,0.293,0.236,0.129,0.017,58,50,36,3
0.152,0.708,0.362,-0.48,0.134,0,0.6349,0.5545,0.379,0.007,0.329,0.203,0.322,0.216,0.141,0.080,58,43,39,11,0.286,0.210,0.293,0.236,0.129,0.017,58,50,36,3
0.150,0.335,0.320,-0.79,0.151,-1,0.6029,0.5421,0.424,0.736,0.329,0.203,0.322,0.216,0.141,0.080,58,43,39,11,0.286,0.210,0.293,0.236,0.129,0.017,58,50,36,3
0.158,0.427,0.424,-1.19,0.219,1,0.5704,0.5288,0.354,0.586,0.329,0.203,0.322,0.216,0.141,0.080,58,43,39,11,0.286,0.210,0.293,0.236,0.129,0.017,58,50,36,3
0.152,0.424,0.369,-1.19,0.219,1,0.5450,0.5182,0.350,0.586,0.329,0.203,0.322,0.216,0.141,0.080,58,43,39,11,0.286,0.210,0.293,0.236,0.129,0.017,58,50,36,3
0.145,0.490,0.410,0.2,0.291,1,0.5311,0.5126,0.368,0.180,0.329,0.203,0.322,0.216,0.141,0.080,58,43,39,11,0.286,0.210,0.293,0.236,0.129,0.017,58,50,36,3
0.150,0.489,0.325,0.2,0.291,1,0.5129,0.5039,0.347,0.180,0.329,0.203,0.322,0.216,0.141,0.080,58,43,39,11,0.286,0.210,0.293,0.236,0.129,0.017,58,50,36,3
0.185,0.190,0.092,1.99,0.186,0,0.5057,0.5027,0.133,-0.326,0.329,0.203,0.322,0.216,0.141,0.080,58,43,39,11,0.286,0.210,0.293,0.236,0.129,0.017,58,50,36,3
0.177,0.273,0.005,-0.79,0.151,-1,0.5117,0.5094,0.344,0.736,0.329,0.203,0.322,0.216,0.141,0.080,58,43,39,11,0.286,0.210,0.293,0.236,0.129,0.017,58,50,36,3
0.180,0.276,0.002,-0.79,0.151,-1,0.5255,0.5199,0.433,0.736,0.329,0.203,0.322,0.216,0.141,0.080,58,43,39,11,0.286,0.210,0.293,0.236,0.129,0.017,58,50,36,3
0.148,0.388,0.022,-0.52,0.062,0,0.5336,0.5244,0.252,0.341,0.329,0.203,0.322,0.216,0.141,0.080,58,43,39,11,0.286,0.210,0.293,0.236,0.129,0.017,58,50,36,3
0.144,0.376,0.036,-0.52,0.062,0,0.5423,0.5283,0.282,0.341,0.329,0.203,0.322,0.216,0.141,0.080,58,43,39,11,0.286,0.210,0.293,0.236,0.129,0.017,58,50,36,3
0.177,0.275,0.002,-1.1,0.105,-1,0.5397,0.5248,0.363,0.192,0.329,0.203,0.322,0.216,0.141,0.080,58,43,39,11,0.286,0.210,0.293,0.236,0.129,0.017,58,50,36,3
0.212,0.308,0.001,0,0.000,0,0.5263,0.5164,0.170,0.166,0.329,0.203,0.322,0.216,0.141,0.080,58,43,39,11,0.286,0.210,0.293,0.236,0.129,0.017,58,50,36,3
0.143,0.223,0.001,1.99,0.186,0,0.5032,0.5031,0.125,-0.326,0.329,0.203,0.322,0.216,0.141,0.080,58,43,39,11,0.286,0.210,0.293,0.236,0.129,0.017,58,50,36,3
0.117,0.234,0.001,1.99,0.186,0,0.4726,0.4863,0.125,-0.326,0.329,0.203,0.322,0.216,0.141,0.080,58,43,39,11,0.286,0.210,0.293,0.236,0.129,0.017,58,50,36,3
0.112,0.279,0.004,1.99,0.186,0,0.4478,0.4740,0.159,-0.326,0.329,0.203,0.322,0.216,0.141,0.080,58,43,39,11,0.286,0.210,0.293,0.236,0.129,0.017,58,50,36,3
0.110,0.338,0.353,-1.19,0.219,1,0.4184,0.4571,0.369,0.586,0.329,0.203,0.322,0.216,0.141,0.080,58,43,39,11,0.286,0.210,0.293,0.236,0.129,0.017,58,50,36,3
0.110,0.320,0.171,-1.1,0.105,-1,0.3881,0.4381,0.260,0.192,0.329,0.203,0.322,0.216,0.141,0.080,58,43,39,11,0.286,0.210,0.293,0.236,0.129,0.017,58,50,36,3
0.134,0.319,0.511,0,0.000,0,0.3558,0.4168,0.247,0.166,0.329,0.203,0.322,0.216,0.141,0.080,58,43,39,11,0.286,0.210,0.293,0.236,0.129,0.017,58,50,36,3
0.166,0.452,0.349,-0.48,0.134,0,0.3281,0.3970,0.388,0.007,0.329,0.203,0.322,0.216,0.141,0.080,58,43,39,11,0.286,0.210,0.293,0.236,0.129,0.017,58,50,36,3
0.158,0.386,0.373,0,0.000,0,0.3106,0.3838,0.139,0.166,0.329,0.203,0.322,0.216,0.141,0.080,58,43,39,11,0.286,0.210,0.293,0.236,0.129,0.017,58,50,36,3
0.143,0.345,0.318,-0.52,0.062,0,0.3038,0.3772,0.093,0.341,0.329,0.203,0.322,0.216,0.141,0.080,58,43,39,11,0.286,0.210,0.293,0.236,0.129,0.017,58,50,36,3
0.143,0.210,0.398,1.99,0.186,0,0.3217,0.3844,0.090,-0.326,0.329,0.203,0.322,0.216,0.141,0.080,58,43,39,11,0.286,0.210,0.293,0.236,0.129,0.017,58,50,36,3
0.134,0.198,0.142,-0.79,0.151,-1,0.3508,0.4003,0.282,0.736,0.329,0.203,0.322,0.216,0.141,0.080,58,43,39,11,0.286,0.210,0.293,0.236,0.129,0.017,58,50,36,3
0.130,0.161,0.066,0.85,0.046,0,0.3959,0.4285,0.081,0.06,0.329,0.203,0.322,0.216,0.141,0.080,58,43,39,11,0.286,0.210,0.293,0.236,0.129,0.017,58,50,36,3
0.137,0.141,0.430,1.99,0.186,0,0.4465,0.4631,0.072,-0.326,0.329,0.203,0.322,0.216,0.141,0.080,58,43,39,11,0.286,0.210,0.293,0.236,0.129,0.017,58,50,36,3
0.132,0.136,0.229,0,0.000,0,0.4934,0.4965,0.149,0.166,0.329,0.203,0.322,0.216,0.141,0.080,58,43,39,11,0.286,0.210,0.293,0.236,0.129,0.017,58,50,36,3
0.112,0.207,0.210,1.99,0.186,0,0.5271,0.5210,0.124,-0.326,0.329,0.203,0.322,0.216,0.141,0.080,58,43,39,11,0.286,0.210,0.293,0.236,0.129,0.017,58,50,36,3
0.095,0.231,0.267,1.99,0.186,0,0.5436,0.5360,0.086,-0.326,0.329,0.203,0.322,0.216,0.141,0.080,58,43,39,11,0.286,0.210,0.293,0.236,0.129,0.017,58,50,36,3
0.095,0.243,0.410,0,0.000,0,0.5422,0.5381,0.170,0.166,0.329,0.203,0.322,0.216,0.141,0.080,58,43,39,11,0.286,0.210,0.293,0.236,0.129,0.017,58,50,36,3
0.139,0.222,0.219,1.99,0.186,0,0.5299,0.5338,0.072,-0.326,0.329,0.203,0.322,0.216,0.141,0.080,58,43,39,11,0.286,0.210,0.293,0.236,0.129,0.017,58,50,36,3
0.168,0.294,0.186,-0.08,0.108,0,0.5049,0.5232,0.249,0.059,0.329,0.203,0.322,0.216,0.141,0.080,58,43,39,11,0.286,0.210,0.293,0.236,0.129,0.017,58,50,36,3
0.160,0.207,0.193,-1.1,0.105,-1,0.4884,0.5192,0.190,0.192,0.329,0.203,0.322,0.216,0.141,0.080,58,43,39,11,0.286,0.210,0.293,0.236,0.129,0.017,58,50,36,3
0.161,0.210,0.339,-1.14,0.131,0,0.4810,0.5210,0.321,0.987,0.329,0.203,0.322,0.216,0.141,0.080,58,43,39,11,0.286,0.210,0.293,0.236,0.129,0.017,58,50,36,3
0.236,0.277,0.070,-1.1,0.105,-1,0.4895,0.5304,0.448,0.192,0.329,0.203,0.322,0.216,0.141,0.080,58,43,39,11,0.286,0.210,0.293,0.236,0.129,0.017,58,50,36,3
0.243,0.371,0.246,-0.52,0.062,0,0.5155,0.5462,0.297,0.341,0.329,0.203,0.322,0.216,0.141,0.080,58,43,39,11,0.286,0.210,0.293,0.236,0.129,0.017,58,50,36,3
0.252,0.322,0.108,-1.1,0.105,-1,0.5523,0.5671,0.406,0.192,0.329,0.203,0.322,0.216,0.141,0.080,58,43,39,11,0.286,0.210,0.293,0.236,0.129,0.017,58,50,36,3
0.241,0.394,0.316,-0.52,0.062,0,0.6043,0.5936,0.499,0.341,0.329,0.203,0.322,0.216,0.141,0.080,58,43,39,11,0.286,0.210,0.293,0.236,0.129,0.017,58,50,36,3
0.250,0.316,0.153,-0.79,0.151,-1,0.6612,0.6200,0.512,0.736,0.329,0.203,0.322,0.216,0.141,0.080,58,43,39,11,0.286,0.210,0.293,0.236,0.129,0.017,58,50,36,3
0.300,0.291,0.332,0,0.000,0,0.7110,0.6417,0.257,0.166,0.329,0.203,0.322,0.216,0.141,0.080,58,43,39,11,0.286,0.210,0.293,0.236,0.129,0.017,58,50,36,3
0.304,0.710,0.532,-1.19,0.219,1,0.7472,0.6573,0.440,0.586,0.329,0.203,0.322,0.216,0.141,0.080,58,43,39,11,0.286,0.210,0.293,0.236,0.129,0.017,58,50,36,3
0.314,0.738,0.623,-1.19,0.219,1,0.7658,0.6626,0.444,0.586,0.329,0.203,0.322,0.216,0.141,0.080,58,43,39,11,0.286,0.210,0.293,0.236,0.129,0.017,58,50,36,3
0.340,0.381,0.428,2.53,0.140,0,0.7742,0.6658,0.156,-0.121,0.329,0.203,0.322,0.216,0.141,0.080,58,43,39,11,0.286,0.210,0.293,0.236,0.129,0.017,58,50,36,3
0.407,0.387,0.334,0.85,0.046,0,0.7624,0.6607,0.152,0.06,0.329,0.203,0.322,0.216,0.141,0.080,58,43,39,11,0.286,0.210,0.293,0.236,0.129,0.017,58,50,36,3
0.364,0.828,0.691,-1.19,0.219,1,0.7459,0.6533,0.401,0.586,0.329,0.203,0.322,0.216,0.141,0.080,58,43,39,11,0.286,0.210,0.293,0.236,0.129,0.017,58,50,36,3
0.375,0.859,0.792,0.2,0.291,1,0.7196,0.6412,0.293,0.180,0.329,0.203,0.322,0.216,0.141,0.080,58,43,39,11,0.286,0.210,0.293,0.236,0.129,0.017,58,50,36,3
0.367,0.849,0.903,0.2,0.291,1,0.6883,0.6257,0.301,0.180,0.329,0.203,0.322,0.216,0.141,0.080,58,43,39,11,0.286,0.210,0.293,0.236,0.129,0.017,58,50,36,3
0.325,0.829,0.796,-0.42,0.180,0,0.6680,0.6150,0.312,0.318,0.329,0.203,0.322,0.216,0.141,0.080,58,43,39,11,0.286,0.210,0.293,0.236,0.129,0.017,58,50,36,3
0.303,0.860,0.992,0.2,0.291,1,0.6600,0.6091,0.355,0.180,0.329,0.203,0.322,0.216,0.141,0.080,58,43,39,11,0.286,0.210,0.293,0.236,0.129,0.017,58,50,36,3
0.359,0.839,0.901,-1.19,0.219,1,0.6557,0.6014,0.406,0.586,0.329,0.203,0.322,0.216,0.141,0.080,58,43,39,11,0.286,0.210,0.293,0.236,0.129,0.017,58,50,36,3
0.303,0.862,0.870,0.2,0.291,1,0.6738,0.6064,0.379,0.180,0.329,0.203,0.322,0.216,0.141,0.080,58,43,39,11,0.286,0.210,0.293,0.236,0.129,0.017,58,50,36,3
0.213,0.845,0.948,0.2,0.291,1,0.7043,0.6172,0.372,0.180,0.329,0.203,0.322,0.216,0.141,0.080,58,43,39,11,0.286,0.210,0.293,0.236,0.129,0.017,58,50,36,3
0.181,0.705,0.872,-0.52,0.062,0,0.7462,0.6342,0.244,0.341,0.329,0.203,0.322,0.216,0.141,0.080,58,43,39,11,0.286,0.210,0.293,0.236,0.129,0.017,58,50,36,3
0.174,0.755,0.783,-1.19,0.219,1,0.7841,0.6493,0.500,0.586,0.329,0.203,0.322,0.216,0.141,0.080,58,43,39,11,0.286,0.210,0.293,0.236,0.129,0.017,58,50,36,3
0.179,0.422,0.341,-0.79,0.151,-1,0.8109,0.6618,0.434,0.736,0.329,0.203,0.322,0.216,0.141,0.080,58,43,39,11,0.286,0.210,0.293,0.236,0.129,0.017,58,50,36,3
0.119,0.328,0.134,2.53,0.140,0,0.8254,0.6703,0.244,-0.121,0.329,0.203,0.322,0.216,0.141,0.080,58,43,39,11,0.286,0.210,0.293,0.236,0.129,0.017,58,50,36,3
0.123,0.340,0.118,0,0.000,0,0.8240,0.6718,0.340,0.166,0.329,0.203,0.322,0.216,0.141,0.080,58,43,39,11,0.286,0.210,0.293,0.236,0.129,0.017,58,50,36,3
0.113,0.345,0.039,-0.79,0.151,-1,0.8132,0.6696,0.530,0.736,0.329,0.203,0.322,0.216,0.141,0.080,58,43,39,11,0.286,0.210,0.293,0.236,0.129,0.017,58,50,36,3
0.096,0.309,0.056,-1.1,0.105,-1,0.7823,0.6583,0.468,0.192,0.329,0.203,0.322,0.216,0.141,0.080,58,43,39,11,0.286,0.210,0.293,0.236,0.129,0.017,58,50,36,3
0.090,0.338,0.131,0,0.000,0,0.7464,0.6437,0.323,0.166,0.329,0.203,0.322,0.216,0.141,0.080,58,43,39,11,0.286,0.210,0.293,0.236,0.129,0.017,58,50,36,3
0.072,0.351,0.185,-0.79,0.151,-1,0.7139,0.6323,0.511,0.736,0.329,0.203,0.322,0.216,0.141,0.080,58,43,39,11,0.286,0.210,0.293,0.236,0.129,0.017,58,50,36,3
0.066,0.347,0.298,-0.79,0.151,-1,0.6924,0.6255,0.474,0.736,0.329,0.203,0.322,0.216,0.141,0.080,58,43,39,11,0.286,0.210,0.293,0.236,0.129,0.017,58,50,36,3
0.051,0.720,0.755,0.2,0.291,1,0.6912,0.6293,0.338,0.180,0.329,0.203,0.322,0.216,0.141,0.080,58,43,39,11,0.286,0.210,0.293,0.236,0.129,0.017,58,50,36,3
0.046,0.369,0.512,-1.14,0.131,0,0.7004,0.6368,0.351,0.987,0.329,0.203,0.322,0.216,0.141,0.080,58,43,39,11,0.286,0.210,0.293,0.236,0.129,0.017,58,50,36,3
0.037,0.784,0.724,0.2,0.291,1,0.7205,0.6481,0.440,0.180,0.329,0.203,0.322,0.216,0.141,0.080,58,43,39,11,0.286,0.210,0.293,0.236,0.129,0.017,58,50,36,3
0.037,0.427,0.383,-0.79,0.151,-1,0.7420,0.6581,0.441,0.736,0.329,0.203,0.322,0.216,0.141,0.080,58,43,39,11,0.286,0.210,0.293,0.236,0.129,0.017,58,50,36,3
0.035,0.683,0.576,0.22,0.230,0,0.7726,0.6737,0.145,0.303,0.329,0.203,0.322,0.216,0.141,0.080,58,43,39,11,0.286,0.210,0.293,0.236,0.129,0.017,58,50,36,3
0.035,0.447,0.295,-1.14,0.131,0,0.7846,0.6768,0.203,0.987,0.329,0.203,0.322,0.216,0.141,0.080,58,43,39,11,0.286,0.210,0.293,0.236,0.129,0.017,58,50,36,3
0.055,0.356,0.212,1.69,0.290,0,0.7900,0.6760,0.093,-0.697,0.329,0.203,0.322,0.216,0.141,0.080,58,43,39,11,0.286,0.210,0.293,0.236,0.129,0.017,58,50,36,3
0.058,0.346,0.062,3.14,0.186,0,0.7875,0.6698,0.109,-0.486,0.329,0.203,0.322,0.216,0.141,0.080,58,43,39,11,0.286,0.210,0.293,0.236,0.129,0.017,58,50,36,3
0.072,0.281,0.075,2.53,0.140,0,0.7925,0.6708,0.082,-0.121,0.329,0.203,0.322,0.216,0.141,0.080,58,43,39,11,0.286,0.210,0.293,0.236,0.129,0.017,58,50,36,3
0.111,0.345,0.216,-0.08,0.108,0,0.7800,0.6611,0.186,0.059,0.329,0.203,0.322,0.216,0.141,0.080,58,43,39,11,0.286,0.210,0.293,0.236,0.129,0.017,58,50,36,3
0.115,0.324,0.207,-0.79,0.151,-1,0.7508,0.6419,0.242,0.736,0.329,0.203,0.322,0.216,0.141,0.080,58,43,39,11,0.286,0.210,0.293,0.236,0.129,0.017,58,50,36,3
0.113,0.383,0.142,-1.14,0.131,0,0.7076,0.6167,0.358,0.987,0.329,0.203,0.322,0.216,0.141,0.080,58,43,39,11,0.286,0.210,0.293,0.236,0.129,0.017,58,50,36,3
0.118,0.410,0.344,0,0.000,0,0.6567,0.5874,0.329,0.166,0.329,0.203,0.322,0.216,0.141,0.080,58,43,39,11,0.286,0.210,0.293,0.236,0.129,0.017,58,50,36,3
0.109,0.408,0.173,-0.79,0.151,-1,0.6016,0.5502,0.361,0.736,0.329,0.203,0.322,0.216,0.141,0.080,58,43,39,11,0.286,0.210,0.293,0.236,0.129,0.017,58,50,36,3
0.119,0.442,0.218,-1.14,0.131,0,0.5497,0.5153,0.379,0.987,0.329,0.203,0.322,0.216,0.141,0.080,58,43,39,11,0.286,0.210,0.293,0.236,0.129,0.017,58,50,36,3
0.110,0.453,0.722,0.85,0.046,0,0.5049,0.4848,0.424,0.06,0.329,0.203,0.322,0.216,0.141,0.080,58,43,39,11,0.286,0.210,0.293,0.236,0.129,0.017,58,50,36,3
0.095,0.782,0.829,-1.19,0.219,1,0.4630,0.4538,0.518,0.586,0.329,0.203,0.322,0.216,0.141,0.080,58,43,39,11,0.286,0.210,0.293,0.236,0.129,0.017,58,50,36,3
0.111,0.703,0.669,0,0.000,0,0.4360,0.4300,0.297,0.166,0.329,0.203,0.322,0.216,0.141,0.080,58,43,39,11,0.286,0.210,0.293,0.236,0.129,0.017,58,50,36,3
0.113,0.756,0.826,-1.19,0.219,1,0.4224,0.4147,0.421,0.586,0.329,0.203,0.322,0.216,0.141,0.080,58,43,39,11,0.286,0.210,0.293,0.236,0.129,0.017,58,50,36,3
0.101,0.805,0.801,-1.19,0.219,1,0.4145,0.3999,0.499,0.586,0.329,0.203,0.322,0.216,0.141,0.080,58,43,39,11,0.286,0.210,0.293,0.236,0.129,0.017,58,50,36,3
0.086,0.840,0.734,-0.48,0.134,0,0.4016,0.3799,0.342,0.007,0.329,0.203,0.322,0.216,0.141,0.080,58,43,39,11,0.286,0.210,0.293,0.236,0.129,0.017,58,50,36,3
0.103,0.779,0.511,0,0.000,0,0.3787,0.3539,0.154,0.166,0.329,0.203,0.322,0.216,0.141,0.080,58,43,39,11,0.286,0.210,0.293,0.236,0.129,0.017,58,50,36,3
0.110,0.744,0.391,1.99,0.186,0,0.3531,0.3271,0.107,-0.326,0.329,0.203,0.322,0.216,0.141,0.080,58,43,39,11,0.286,0.210,0.293,0.236,0.129,0.017,58,50,36,3
0.110,0.736,0.423,-1.1,0.105,-1,0.3086,0.2879,0.251,0.192,0.329,0.203,0.322,0.216,0.141,0.080,58,43,39,11,0.286,0.210,0.293,0.236,0.129,0.017,58,50,36,3
0.166,0.771,0.426,1.37,0.298,0,0.2623,0.2486,0.088,-0.510,0.329,0.203,0.322,0.216,0.141,0.080,58,43,39,11,0.286,0.210,0.293,0.236,0.129,0.017,58,50,36,3
0.145,0.319,0.059,1.99,0.186,0,0.2141,0.2093,0.039,-0.326,0.329,0.203,0.322,0.216,0.141,0.080,58,43,39,11,0.286,0.210,0.293,0.236,0.129,0.017,58,50,36,3
0.143,0.403,0.166,1.69,0.290,0,0.1873,0.1875,0.078,-0.697,0.329,0.203,0.322,0.216,0.141,0.080,58,43,39,11,0.286,0.210,0.293,0.236,0.129,0.017,58,50,36,3
0.094,0.348,0.188,-1.1,0.105,-1,0.1618,0.1655,0.207,0.192,0.329,0.203,0.322,0.216,0.141,0.080,58,43,39,11,0.286,0.210,0.293,0.236,0.129,0.017,58,50,36,3
0.075,0.385,0.014,1.99,0.186,0,0.1430,0.1484,0.038,-0.326,0.329,0.203,0.322,0.216,0.141,0.080,58,43,39,11,0.286,0.210,0.293,0.236,0.129,0.017,58,50,36,3
0.059,0.741,0.521,1.37,0.298,0,0.1266,0.1357,0.066,-0.510,0.329,0.203,0.322,0.216,0.141,0.080,58,43,39,11,0.286,0.210,0.293,0.236,0.129,0.017,58,50,36,3
0.046,0.736,0.076,-0.79,0.151,-1,0.1183,0.1298,0.422,0.736,0.329,0.203,0.322,0.216,0.141,0.080,58,43,39,11,0.286,0.210,0.293,0.236,0.129,0.017,58,50,36,3
0.059,0.810,0.135,-0.42,0.180,0,0.1058,0.1181,0.328,0.318,0.329,0.203,0.322,0.216,0.141,0.080,58,43,39,11,0.286,0.210,0.293,0.236,0.129,0.017,58,50,36,3
0.056,0.393,0.001,2.1,0.128,0,0.1131,0.1219,0.069,0.02,0.329,0.203,0.322,0.216,0.141,0.080,58,43,39,11,0.286,0.210,0.293,0.236,0.129,0.017,58,50,36,3
0.057,0.702,0.131,0,0.000,0,0.1271,0.1295,0.259,0.166,0.329,0.203,0.322,0.216,0.141,0.080,58,43,39,11,0.286,0.210,0.293,0.236,0.129,0.017,58,50,36,3
0.074,0.814,0.084,-1.19,0.219,1,0.1483,0.1429,0.408,0.586,0.329,0.203,0.322,0.216,0.141,0.080,58,43,39,11,0.286,0.210,0.293,0.236,0.129,0.017,58,50,36,3
0.067,0.699,0.022,1.69,0.290,0,0.1720,0.1570,0.092,-0.697,0.329,0.203,0.322,0.216,0.141,0.080,58,43,39,11,0.286,0.210,0.293,0.236,0.129,0.017,58,50,36,3
0.085,0.391,0.005,1.99,0.186,0,0.2067,0.1811,0.096,-0.326,0.329,0.203,0.322,0.216,0.141,0.080,58,43,39,11,0.286,0.210,0.293,0.236,0.129,0.017,58,50,36,3
0.106,0.421,0.169,-0.79,0.151,-1,0.2488,0.2104,0.497,0.736,0.329,0.203,0.322,0.216,0.141,0.080,58,43,39,11,0.286,0.210,0.293,0.236,0.129,0.017,58,50,36,3
0.089,0.422,0.019,-0.79,0.151,-1,0.2840,0.2359,0.284,0.736,0.329,0.203,0.322,0.216,0.141,0.080,58,43,39,11,0.286,0.210,0.293,0.236,0.129,0.017,58,50,36,3
0.112,0.327,0.004,2.53,0.140,0,0.3071,0.2542,0.022,-0.121,0.329,0.203,0.322,0.216,0.141,0.080,58,43,39,11,0.286,0.210,0.293,0.236,0.129,0.017,58,50,36,3
0.129,0.452,0.342,-0.42,0.180,0,0.3218,0.2659,0.270,0.318,0.329,0.203,0.322,0.216,0.141,0.080,58,43,39,11,0.286,0.210,0.293,0.236,0.129,0.017,58,50,36,3
0.150,0.461,0.167,0.22,0.230,0,0.3421,0.2824,0.388,0.303,0.329,0.203,0.322,0.216,0.141,0.080,58,43,39,11,0.286,0.210,0.293,0.236,0.129,0.017,58,50,36,3
0.163,0.357,0.056,3.14,0.186,0,0.3635,0.2973,0.087,-0.486,0.329,0.203,0.322,0.216,0.141,0.080,58,43,39,11,0.286,0.210,0.293,0.236,0.129,0.017,58,50,36,3
0.194,0.312,0.041,0.85,0.046,0,0.3808,0.3071,0.066,0.06,0.329,0.203,0.322,0.216,0.141,0.080,58,43,39,11,0.286,0.210,0.293,0.236,0.129,0.017,58,50,36,3
0.190,0.776,0.369,-1.19,0.219,1,0.4057,0.3249,0.509,0.586,0.329,0.203,0.322,0.216,0.141,0.080,58,43,39,11,0.286,0.210,0.293,0.236,0.129,0.017,58,50,36,3
0.148,0.358,0.103,-0.79,0.151,-1,0.4222,0.3339,0.545,0.736,0.329,0.203,0.322,0.216,0.141,0.080,58,43,39,11,0.286,0.210,0.293,0.236,0.129,0.017,58,50,36,3
0.152,0.744,0.518,-1.19,0.219,1,0.4398,0.3424,0.455,0.586,0.329,0.203,0.322,0.216,0.141,0.080,58,43,39,11,0.286,0.210,0.293,0.236,0.129,0.017,58,50,36,3
0.125,0.438,0.379,0,0.000,0,0.4479,0.3450,0.473,0.166,0.329,0.203,0.322,0.216,0.141,0.080,58,43,39,11,0.286,0.210,0.293,0.236,0.129,0.017,58,50,36,3
0.153,0.711,0.376,-0.79,0.151,-1,0.4524,0.3472,0.507,0.736,0.329,0.203,0.322,0.216,0.141,0.080,58,43,39,11,0.286,0.210,0.293,0.236,0.129,0.017,58,50,36,3
0.154,0.830,0.677,-1.19,0.219,1,0.4473,0.3439,0.566,0.586,0.329,0.203,0.322,0.216,0.141,0.080,58,43,39,11,0.286,0.210,0.293,0.236,0.129,0.017,58,50,36,3
0.160,0.712,0.495,2.1,0.128,0,0.4362,0.3379,0.127,0.02,0.329,0.203,0.322,0.216,0.141,0.080,58,43,39,11,0.286,0.210,0.293,0.236,0.129,0.017,58,50,36,3
0.176,0.761,0.472,-1.14,0.131,0,0.4251,0.3326,0.338,0.987,0.329,0.203,0.322,0.216,0.141,0.080,58,43,39,11,0.286,0.210,0.293,0.236,0.129,0.017,58,50,36,3
0.166,0.786,0.752,-0.52,0.062,0,0.4299,0.3397,0.376,0.341,0.329,0.203,0.322,0.216,0.141,0.080,58,43,39,11,0.286,0.210,0.293,0.236,0.129,0.017,58,50,36,3
0.207,0.829,0.787,-1.19,0.219,1,0.4176,0.3289,0.440,0.586,0.329,0.203,0.322,0.216,0.141,0.080,58,43,39,11,0.286,0.210,0.293,0.236,0.129,0.017,58,50,36,3
0.205,0.769,0.530,2.53,0.140,0,0.4115,0.3208,0.130,-0.121,0.329,0.203,0.322,0.216,0.141,0.080,58,43,39,11,0.286,0.210,0.293,0.236,0.129,0.017,58,50,36,3
0.160,0.805,0.766,-0.08,0.108,0,0.4105,0.3138,0.207,0.059,0.329,0.203,0.322,0.216,0.141,0.080,58,43,39,11,0.286,0.210,0.293,0.236,0.129,0.017,58,50,36,3
0.198,0.806,0.823,-0.48,0.134,0,0.4063,0.3024,0.310,0.007,0.329,0.203,0.322,0.216,0.141,0.080,58,43,39,11,0.286,0.210,0.293,0.236,0.129,0.017,58,50,36,3
0.163,0.742,0.449,-0.79,0.151,-1,0.3867,0.2791,0.301,0.736,0.329,0.203,0.322,0.216,0.141,0.080,58,43,39,11,0.286,0.210,0.293,0.236,0.129,0.017,58,50,36,3
0.163,0.715,0.078,2.53,0.140,0,0.3629,0.2523,0.084,-0.121,0.329,0.203,0.322,0.216,0.141,0.080,58,43,39,11,0.286,0.210,0.293,0.236,0.129,0.017,58,50,36,3
0.177,0.742,0.472,1.69,0.290,0,0.3465,0.2346,0.108,-0.697,0.329,0.203,0.322,0.216,0.141,0.080,58,43,39,11,0.286,0.210,0.293,0.236,0.129,0.017,58,50,36,3
0.141,0.843,0.806,0.2,0.291,1,0.3394,0.2243,0.366,0.180,0.329,0.203,0.322,0.216,0.141,0.080,58,43,39,11,0.286,0.210,0.293,0.236,0.129,0.017,58,50,36,3
0.116,0.836,0.527,0.22,0.230,0,0.3450,0.2262,0.220,0.303,0.329,0.203,0.322,0.216,0.141,0.080,58,43,39,11,0.286,0.210,0.293,0.236,0.129,0.017,58,50,36,3
0.150,0.616,0.236,0.85,0.046,0,0.3484,0.2294,0.079,0.06,0.329,0.203,0.322,0.216,0.141,0.080,58,43,39,11,0.286,0.210,0.293,0.236,0.129,0.017,58,50,36,3
0.137,0.815,0.737,-1.19,0.219,1,0.3494,0.2329,0.403,0.586,0.329,0.203,0.322,0.216,0.141,0.080,58,43,39,11,0.286,0.210,0.293,0.236,0.129,0.017,58,50,36,3
0.137,0.807,0.450,1.99,0.186,0,0.3619,0.2459,0.211,-0.326,0.329,0.203,0.322,0.216,0.141,0.080,58,43,39,11,0.286,0.210,0.293,0.236,0.129,0.017,58,50,36,3
0.142,0.816,0.546,-0.08,0.108,0,0.3717,0.2557,0.263,0.059,0.329,0.203,0.322,0.216,0.141,0.080,58,43,39,11,0.286,0.210,0.293,0.236,0.129,0.017,58,50,36,3
0.155,0.763,0.421,0,0.000,0,0.3818,0.2651,0.277,0.166,0.329,0.203,0.322,0.216,0.141,0.080,58,43,39,11,0.286,0.210,0.293,0.236,0.129,0.017,58,50,36,3
0.175,0.811,0.408,0.85,0.046,0,0.3735,0.2606,0.227,0.06,0.329,0.203,0.322,0.216,0.141,0.080,58,43,39,11,0.286,0.210,0.293,0.236,0.129,0.017,58,50,36,3
0.190,0.849,0.341,0,0.000,0,0.3521,0.2448,0.190,0.166,0.329,0.203,0.322,0.216,0.141,0.080,58,43,39,11,0.286,0.210,0.293,0.236,0.129,0.017,58,50,36,3
0.190,0.826,0.600,1.37,0.298,0,0.3308,0.2279,0.201,-0.510,0.329,0.203,0.322,0.216,0.141,0.080,58,43,39,11,0.286,0.210,0.293,0.236,0.129,0.017,58,50,36,3
0.240,0.806,0.403,3.14,0.186,0,0.3123,0.2133,0.141,-0.486,0.329,0.203,0.322,0.216,0.141,0.080,58,43,39,11,0.286,0.210,0.293,0.236,0.129,0.017,58,50,36,3
0.238,0.822,0.651,-0.48,0.134,0,0.2860,0.1907,0.300,0.007,0.329,0.203,0.322,0.216,0.141,0.080,58,43,39,11,0.286,0.210,0.293,0.236,0.129,0.017,58,50,36,3
0.202,0.811,0.805,-1.19,0.219,1,0.2590,0.1680,0.297,0.586,0.329,0.203,0.322,0.216,0.141,0.080,58,43,39,11,0.286,0.210,0.293,0.236,0.129,0.017,58,50,36,3
0.202,0.773,0.419,-1.14,0.131,0,0.2241,0.1419,0.368,0.987,0.329,0.203,0.322,0.216,0.141,0.080,58,43,39,11,0.286,0.210,0.293,0.236,0.129,0.017,58,50,36,3
0.165,0.813,0.756,-1.19,0.219,1,0.1917,0.1176,0.444,0.586,0.329,0.203,0.322,0.216,0.141,0.080,58,43,39,11,0.286,0.210,0.293,0.236,0.129,0.017,58,50,36,3
0.177,0.715,0.550,1.42,0.221,0,0.1595,0.0959,0.110,-0.397,0.329,0.203,0.322,0.216,0.141,0.080,58,43,39,11,0.286,0.210,0.293,0.236,0.129,0.017,58,50,36,3
0.191,0.799,0.935,0.2,0.291,1,0.1313,0.0773,0.334,0.180,0.329,0.203,0.322,0.216,0.141,0.080,58,43,39,11,0.286,0.210,0.293,0.236,0.129,0.017,58,50,36,3
0.186,0.573,0.474,-1.1,0.105,-1,0.1127,0.0653,0.288,0.192,0.329,0.203,0.322,0.216,0.141,0.080,58,43,39,11,0.286,0.210,0.293,0.236,0.129,0.017,58,50,36,3
0.179,0.795,0.530,1.37,0.298,0,0.1116,0.0658,0.124,-0.510,0.329,0.203,0.322,0.216,0.141,0.080,58,43,39,11,0.286,0.210,0.293,0.236,0.129,0.017,58,50,36,3
0.175,0.746,0.089,2.53,0.140,0,0.1237,0.0751,0.047,-0.121,0.329,0.203,0.322,0.216,0.141,0.080,58,43,39,11,0.286,0.210,0.293,0.236,0.129,0.017,58,50,36,3
0.161,0.764,0.515,0.22,0.230,0,0.1268,0.0747,0.125,0.303,0.329,0.203,0.322,0.216,0.141,0.080,58,43,39,11,0.286,0.210,0.293,0.236,0.129,0.017,58,50,36,3
0.157,0.711,0.245,2.1,0.128,0,0.1336,0.0776,0.048,0.02,0.329,0.203,0.322,0.216,0.141,0.080,58,43,39,11,0.286,0.210,0.293,0.236,0.129,0.017,58,50,36,3
0.192,0.765,0.414,1.37,0.298,0,0.1418,0.0810,0.096,-0.510,0.329,0.203,0.322,0.216,0.141,0.080,58,43,39,11,0.286,0.210,0.293,0.236,0.129,0.017,58,50,36,3
0.134,0.490,0.050,0.85,0.046,0,0.1498,0.0826,0.047,0.06,0.329,0.203,0.322,0.216,0.141,0.080,58,43,39,11,0.286,0.210,0.293,0.236,0.129,0.017,58,50,36,3
0.119,0.705,0.014,1.99,0.186,0,0.1551,0.0842,0.065,-0.326,0.329,0.203,0.322,0.216,0.141,0.080,58,43,39,11,0.286,0.210,0.293,0.236,0.129,0.017,58,50,36,3
0.095,0.804,0.286,0.22,0.230,0,0.1403,0.0732,0.123,0.303,0.329,0.203,0.322,0.216,0.141,0.080,58,43,39,11,0.286,0.210,0.293,0.236,0.129,0.017,58,50,36,3
0.095,0.774,0.094,2.1,0.128,0,0.1274,0.0640,0.060,0.02,0.329,0.203,0.322,0.216,0.141,0.080,58,43,39,11,0.286,0.210,0.293,0.236,0.129,0.017,58,50,36,3
0.114,0.758,0.011,1.99,0.186,0,0.1131,0.0520,0.087,-0.326,0.329,0.203,0.322,0.216,0.141,0.080,58,43,39,11,0.286,0.210,0.293,0.236,0.129,0.017,58,50,36,3
0.096,0.825,0.126,-1.1,0.105,-1,0.1159,0.0542,0.200,0.192,0.329,0.203,0.322,0.216,0.141,0.080,58,43,39,11,0.286,0.210,0.293,0.236,0.129,0.017,58,50,36,3
0.096,0.732,0.065,2.53,0.140,0,0.1341,0.0628,0.123,-0.121,0.329,0.203,0.322,0.216,0.141,0.080,58,43,39,11,0.286,0.210,0.293,0.236,0.129,0.017,58,50,36,3
0.119,0.817,0.150,-0.79,0.151,-1,0.1567,0.0726,0.370,0.736,0.329,0.203,0.322,0.216,0.141,0.080,58,43,39,11,0.286,0.210,0.293,0.236,0.129,0.017,58,50,36,3
0.090,0.900,0.150,-0.08,0.108,0,0.1923,0.0933,0.220,0.059,0.329,0.203,0.322,0.216,0.141,0.080,58,43,39,11,0.286,0.210,0.293,0.236,0.129,0.017,58,50,36,3
0.091,0.856,0.349,-0.52,0.062,0,0.2456,0.1284,0.194,0.341,0.329,0.203,0.322,0.216,0.141,0.080,58,43,39,11,0.286,0.210,0.293,0.236,0.129,0.017,58,50,36,3
0.105,0.819,0.588,-0.48,0.134,0,0.3011,0.1669,0.416,0.007,0.329,0.203,0.322,0.216,0.141,0.080,58,43,39,11,0.286,0.210,0.293,0.236,0.129,0.017,58,50,36,3
0.084,0.767,0.392,-0.48,0.134,0,0.3476,0.2010,0.363,0.007,0.329,0.203,0.322,0.216,0.141,0.080,58,43,39,11,0.286,0.210,0.293,0.236,0.129,0.017,58,50,36,3
0.071,0.446,0.055,1.99,0.186,0,0.3930,0.2354,0.090,-0.326,0.329,0.203,0.322,0.216,0.141,0.080,58,43,39,11,0.286,0.210,0.293,0.236,0.129,0.017,58,50,36,3
0.066,0.746,0.767,0.2,0.291,1,0.4274,0.2623,0.273,0.180,0.329,0.203,0.322,0.216,0.141,0.080,58,43,39,11,0.286,0.210,0.293,0.236,0.129,0.017,58,50,36,3
0.066,0.727,0.746,-1.19,0.219,1,0.4502,0.2819,0.495,0.586,0.329,0.203,0.322,0.216,0.141,0.080,58,43,39,11,0.286,0.210,0.293,0.236,0.129,0.017,58,50,36,3
0.066,0.425,0.270,-0.79,0.151,-1,0.4451,0.2805,0.315,0.736,0.329,0.203,0.322,0.216,0.141,0.080,58,43,39,11,0.286,0.210,0.293,0.236,0.129,0.017,58,50,36,3
0.047,0.465,0.543,1.37,0.298,0,0.4193,0.2652,0.051,-0.510,0.329,0.203,0.322,0.216,0.141,0.080,58,43,39,11,0.286,0.210,0.293,0.236,0.129,0.017,58,50,36,3
0.048,0.520,0.631,-1.19,0.219,1,0.3757,0.2389,0.404,0.586,0.329,0.203,0.322,0.216,0.141,0.080,58,43,39,11,0.286,0.210,0.293,0.236,0.129,0.017,58,50,36,3
0.058,0.397,0.272,-0.79,0.151,-1,0.3266,0.2082,0.521,0.736,0.329,0.203,0.322,0.216,0.141,0.080,58,43,39,11,0.286,0.210,0.293,0.236,0.129,0.017,58,50,36,3
0.062,0.783,0.696,0.2,0.291,1,0.2691,0.1735,0.382,0.180,0.329,0.203,0.322,0.216,0.141,0.080,58,43,39,11,0.286,0.210,0.293,0.236,0.129,0.017,58,50,36,3
0.060,0.436,0.415,0,0.000,0,0.2092,0.1387,0.298,0.166,0.329,0.203,0.322,0.216,0.141,0.080,58,43,39,11,0.286,0.210,0.293,0.236,0.129,0.017,58,50,36,3
0.064,0.730,0.441,-0.79,0.151,-1,0.1569,0.1096,0.465,0.736,0.329,0.203,0.322,0.216,0.141,0.080,58,43,39,11,0.286,0.210,0.293,0.236,0.129,0.017,58,50,36,3
0.062,0.899,0.697,-0.48,0.134,0,0.1085,0.0822,0.384,0.007,0.329,0.203,0.322,0.216,0.141,0.080,58,43,39,11,0.286,0.210,0.293,0.236,0.129,0.017,58,50,36,3
0.059,0.887,0.580,2.53,0.140,0,0.0835,0.0733,0.101,-0.121,0.329,0.203,0.322,0.216,0.141,0.080,58,43,39,11,0.286,0.210,0.293,0.236,0.129,0.017,58,50,36,3
0.057,0.880,0.624,0,0.000,0,0.0653,0.0642,0.135,0.166,0.329,0.203,0.322,0.216,0.141,0.080,58,43,39,11,0.286,0.210,0.293,0.236,0.129,0.017,58,50,36,3
0.045,0.703,0.433,0.85,0.046,0,0.0492,0.0526,0.166,0.06,0.329,0.203,0.322,0.216,0.141,0.080,58,43,39,11,0.286,0.210,0.293,0.236,0.129,0.017,58,50,36,3
0.070,0.800,0.748,1.76,0.409,0,0.0431,0.0450,0.114,-0.884,0.329,0.203,0.322,0.216,0.141,0.080,58,43,39,11,0.286,0.210,0.293,0.236,0.129,0.017,58,50,36,3
0.079,0.737,0.631,2.1,0.128,0,0.0477,0.0455,0.026,0.02,0.329,0.203,0.322,0.216,0.141,0.080,58,43,39,11,0.286,0.210,0.293,0.236,0.129,0.017,58,50,36,3
0.063,0.694,0.615,-0.42,0.180,0,0.0524,0.0457,0.201,0.318,0.329,0.203,0.322,0.216,0.141,0.080,58,43,39,11,0.286,0.210,0.293,0.236,0.129,0.017,58,50,36,3
0.082,0.446,0.158,0.85,0.046,0,0.0481,0.0402,0.095,0.06,0.329,0.203,0.322,0.216,0.141,0.080,58,43,39,11,0.286,0.210,0.293,0.236,0.129,0.017,58,50,36,3
0.076,0.479,0.156,2.1,0.128,0,0.0396,0.0336,0.046,0.02,0.329,0.203,0.322,0.216,0.141,0.080,58,43,39,11,0.286,0.210,0.293,0.236,0.129,0.017,58,50,36,3
0.062,0.766,0.316,1.37,0.298,0,0.0347,0.0307,0.158,-0.510,0.329,0.203,0.322,0.216,0.141,0.080,58,43,39,11,0.286,0.210,0.293,0.236,0.129,0.017,58,50,36,3
0.062,0.694,0.425,1.69,0.290,0,0.0389,0.0348,0.115,-0.697,0.329,0.203,0.322,0.216,0.141,0.080,58,43,39,11,0.286,0.210,0.293,0.236,0.129,0.017,58,50,36,3
0.050,0.623,0.279,-1.14,0.131,0,0.0378,0.0336,0.152,0.987,0.329,0.203,0.322,0.216,0.141,0.080,58,43,39,11,0.286,0.210,0.293,0.236,0.129,0.017,58,50,36,3
0.048,0.538,0.061,1.99,0.186,0,0.0367,0.0329,0.080,-0.326,0.329,0.203,0.322,0.216,0.141,0.080,58,43,39,11,0.286,0.210,0.293,0.236,0.129,0.017,58,50,36,3
0.046,0.486,0.172,2.53,0.140,0,0.0283,0.0294,0.099,-0.121,0.329,0.203,0.322,0.216,0.141,0.080,58,43,39,11,0.286,0.210,0.293,0.236,0.129,0.017,58,50,36,3
0.044,0.738,0.329,-1.19,0.219,1,0.0234,0.0270,0.327,0.586,0.329,0.203,0.322,0.216,0.141,0.080,58,43,39,11,0.286,0.210,0.293,0.236,0.129,0.017,58,50,36,3
0.062,0.424,0.055,1.99,0.186,0,0.0273,0.0286,0.084,-0.326,0.329,0.203,0.322,0.216,0.141,0.080,58,43,39,11,0.286,0.210,0.293,0.236,0.129,0.017,58,50,36,3
0.060,0.409,0.035,0.85,0.046,0,0.0328,0.0296,0.109,0.06,0.329,0.203,0.322,0.216,0.141,0.080,58,43,39,11,0.286,0.210,0.293,0.236,0.129,0.017,58,50,36,3
0.050,0.705,0.478,0.2,0.291,1,0.0507,0.0369,0.385,0.180,0.329,0.203,0.322,0.216,0.141,0.080,58,43,39,11,0.286,0.210,0.293,0.236,0.129,0.017,58,50,36,3
0.042,0.701,0.350,-0.42,0.180,0,0.0770,0.0474,0.416,0.318,0.329,0.203,0.322,0.216,0.141,0.080,58,43,39,11,0.286,0.210,0.293,0.236,0.129,0.017,58,50,36,3
0.042,0.503,0.315,-0.48,0.134,0,0.1100,0.0594,0.311,0.007,0.329,0.203,0.322,0.216,0.141,0.080,58,43,39,11,0.286,0.210,0.293,0.236,0.129,0.017,58,50,36,3
0.040,0.377,0.169,-0.79,0.151,-1,0.1460,0.0715,0.424,0.736,0.329,0.203,0.322,0.216,0.141,0.080,58,43,39,11,0.286,0.210,0.293,0.236,0.129,0.017,58,50,36,3
0.047,0.526,0.426,1.76,0.409,0,0.1794,0.0822,0.194,-0.884,0.329,0.203,0.322,0.216,0.141,0.080,58,43,39,11,0.286,0.210,0.293,0.236,0.129,0.017,58,50,36,3
0.062,0.351,0.363,-1.1,0.105,-1,0.2028,0.0874,0.254,0.192,0.329,0.203,0.322,0.216,0.141,0.080,58,43,39,11,0.286,0.210,0.293,0.236,0.129,0.017,58,50,36,3
0.062,0.283,0.050,3.14,0.186,0,0.2169,0.0897,0.079,-0.486,0.329,0.203,0.322,0.216,0.141,0.080,58,43,39,11,0.286,0.210,0.293,0.236,0.129,0.017,58,50,36,3
0.065,0.302,0.335,-1.1,0.105,-1,0.2177,0.0877,0.377,0.192,0.329,0.203,0.322,0.216,0.141,0.080,58,43,39,11,0.286,0.210,0.293,0.236,0.129,0.017,58,50,36,3
0.050,0.281,0.077,-1.1,0.105,-1,0.2075,0.0825,0.317,0.192,0.329,0.203,0.322,0.216,0.141,0.080,58,43,39,11,0.286,0.210,0.293,0.236,0.129,0.017,58,50,36,3
0.034,0.339,0.012,1.99,0.186,0,0.1767,0.0677,0.103,-0.326,0.329,0.203,0.322,0.216,0.141,0.080,58,43,39,11,0.286,0.210,0.293,0.236,0.129,0.017,58,50,36,3
0.030,0.483,0.204,1.69,0.290,0,0.1449,0.0548,0.140,-0.697,0.329,0.203,0.322,0.216,0.141,0.080,58,43,39,11,0.286,0.210,0.293,0.236,0.129,0.017,58,50,36,3
0.028,0.615,0.312,-0.48,0.134,0,0.1266,0.0481,0.391,0.007,0.329,0.203,0.322,0.216,0.141,0.080,58,43,39,11,0.286,0.210,0.293,0.236,0.129,0.017,58,50,36,3
0.028,0.775,0.576,0.2,0.291,1,0.1174,0.0447,0.366,0.180,0.329,0.203,0.322,0.216,0.141,0.080,58,43,39,11,0.286,0.210,0.293,0.236,0.129,0.017,58,50,36,3
0.032,0.768,0.566,-0.48,0.134,0,0.1155,0.0451,0.386,0.007,0.329,0.203,0.322,0.216,0.141,0.080,58,43,39,11,0.286,0.210,0.293,0.236,0.129,0.017,58,50,36,3
0.050,0.700,0.201,-1.1,0.105,-1,0.1121,0.0450,0.328,0.192,0.329,0.203,0.322,0.216,0.141,0.080,58,43,39,11,0.286,0.210,0.293,0.236,0.129,0.017,58,50,36,3
0.074,0.799,0.626,-1.19,0.219,1,0.1132,0.0471,0.358,0.586,0.329,0.203,0.322,0.216,0.141,0.080,58,43,39,11,0.286,0.210,0.293,0.236,0.129,0.017,58,50,36,3
0.080,0.767,0.078,1.99,0.186,0,0.1212,0.0529,0.094,-0.326,0.329,0.203,0.322,0.216,0.141,0.080,58,43,39,11,0.286,0.210,0.293,0.236,0.129,0.017,58,50,36,3
0.080,0.826,0.328,0.2,0.291,1,0.1220,0.0546,0.201,0.180,0.329,0.203,0.322,0.216,0.141,0.080,58,43,39,11,0.286,0.210,0.293,0.236,0.129,0.017,58,50,36,3
0.083,0.690,0.039,3.14,0.186,0,0.1239,0.0597,0.073,-0.486,0.329,0.203,0.322,0.216,0.141,0.080,58,43,39,11,0.286,0.210,0.293,0.236,0.129,0.017,58,50,36,3
0.089,0.801,0.427,1.76,0.409,0,0.1174,0.0600,0.131,-0.884,0.329,0.203,0.322,0.216,0.141,0.080,58,43,39,11,0.286,0.210,0.293,0.236,0.129,0.017,58,50,36,3
0.096,0.866,0.893,1.37,0.298,0,0.1092,0.0627,0.109,-0.510,0.329,0.203,0.322,0.216,0.141,0.080,58,43,39,11,0.286,0.210,0.293,0.236,0.129,0.017,58,50,36,3
0.114,0.753,0.238,2.53,0.140,0,0.1023,0.0655,0.071,-0.121,0.329,0.203,0.322,0.216,0.141,0.080,58,43,39,11,0.286,0.210,0.293,0.236,0.129,0.017,58,50,36,3
0.109,0.840,0.475,-1.14,0.131,0,0.0934,0.0611,0.147,0.987,0.329,0.203,0.322,0.216,0.141,0.080,58,43,39,11,0.286,0.210,0.293,0.236,0.129,0.017,58,50,36,3
0.109,0.778,0.590,-0.08,0.108,0,0.0833,0.0527,0.237,0.059,0.329,0.203,0.322,0.216,0.141,0.080,58,43,39,11,0.286,0.210,0.293,0.236,0.129,0.017,58,50,36,3
0.134,0.834,0.686,-1.19,0.219,1,0.0742,0.0418,0.313,0.586,0.329,0.203,0.322,0.216,0.141,0.080,58,43,39,11,0.286,0.210,0.293,0.236,0.129,0.017,58,50,36,3
0.172,0.751,0.284,1.99,0.186,0,0.0757,0.0438,0.109,-0.326,0.329,0.203,0.322,0.216,0.141,0.080,58,43,39,11,0.286,0.210,0.293,0.236,0.129,0.017,58,50,36,3
0.150,0.827,0.766,0.2,0.291,1,0.0926,0.0647,0.319,0.180,0.329,0.203,0.322,0.216,0.141,0.080,58,43,39,11,0.286,0.210,0.293,0.236,0.129,0.017,58,50,36,3
0.153,0.844,0.480,-0.42,0.180,0,0.1161,0.1029,0.264,0.318,0.329,0.203,0.322,0.216,0.141,0.080,58,43,39,11,0.286,0.210,0.293,0.236,0.129,0.017,58,50,36,3
0.121,0.814,0.188,1.99,0.186,0,0.1387,0.1552,0.110,-0.326,0.329,0.203,0.322,0.216,0.141,0.080,58,43,39,11,0.286,0.210,0.293,0.236,0.129,0.017,58,50,36,3
0.122,0.790,0.382,2.1,0.128,0,0.1681,0.2218,0.079,0.02,0.329,0.203,0.322,0.216,0.141,0.080,58,43,39,11,0.286,0.210,0.293,0.236,0.129,0.017,58,50,36,3
0.177,0.854,0.686,0.22,0.230,0,0.2039,0.3058,0.288,0.303,0.329,0.203,0.322,0.216,0.141,0.080,58,43,39,11,0.286,0.210,0.293,0.236,0.129,0.017,58,50,36,3
0.201,0.800,0.205,3.14,0.186,0,0.2342,0.3925,0.140,-0.486,0.329,0.203,0.322,0.216,0.141,0.080,58,43,39,11,0.286,0.210,0.293,0.236,0.129,0.017,58,50,36,3
0.203,0.705,0.275,-0.79,0.151,-1,0.2541,0.4754,0.276,0.736,0.329,0.203,0.322,0.216,0.141,0.080,58,43,39,11,0.286,0.210,0.293,0.236,0.129,0.017,58,50,36,3
0.216,0.807,0.806,0.2,0.291,1,0.2604,0.5490,0.352,0.180,0.329,0.203,0.322,0.216,0.141,0.080,58,43,39,11,0.286,0.210,0.293,0.236,0.129,0.017,58,50,36,3
0.234,0.285,0.581,1.42,0.221,0,0.2519,0.6107,0.243,-0.397,0.329,0.203,0.322,0.216,0.141,0.080,58,43,39,11,0.286,0.210,0.293,0.236,0.129,0.017,58,50,36,3
0.179,0.402,0.578,-1.19,0.219,1,0.2309,0.6607,0.491,0.586,0.329,0.203,0.322,0.216,0.141,0.080,58,43,39,11,0.286,0.210,0.293,0.236,0.129,0.017,58,50,36,3
0.182,0.319,0.538,0.22,0.230,0,0.2037,0.7039,0.468,0.303,0.329,0.203,0.322,0.216,0.141,0.080,58,43,39,11,0.286,0.210,0.293,0.236,0.129,0.017,58,50,36,3
0.172,0.161,0.460,0,0.000,0,0.1811,0.7506,0.478,0.166,0.329,0.203,0.322,0.216,0.141,0.080,58,43,39,11,0.286,0.210,0.293,0.236,0.129,0.017,58,50,36,3
0.182,0.190,0.199,-0.79,0.151,-1,0.1798,0.8173,0.816,0.736,0.329,0.203,0.322,0.216,0.141,0.080,58,43,39,11,0.286,0.210,0.293,0.236,0.129,0.017,58,50,36,3
