0.140,0.186,0.600,1.42,0.221,0,0.6032,0.9557,0.686,-0.397,0.552,0.177,0.815,0.581,0.329,0.231,150,75,63,36,0.451,0.174,0.574,0.334,0.203,0.107,66,49,37,31
0.202,0.236,0.427,-0.52,0.062,0,0.6389,0.9545,0.473,0.341,0.552,0.177,0.815,0.581,0.329,0.231,150,75,63,36,0.451,0.174,0.574,0.334,0.203,0.107,66,49,37,31
0.146,0.155,0.513,0.22,0.230,0,0.6730,0.9445,0.417,0.303,0.552,0.177,0.815,0.581,0.329,0.231,150,75,63,36,0.451,0.174,0.574,0.334,0.203,0.107,66,49,37,31
0.139,0.215,0.446,-0.42,0.180,0,0.7047,0.9282,0.323,0.318,0.552,0.177,0.815,0.581,0.329,0.231,150,75,63,36,0.451,0.174,0.574,0.334,0.203,0.107,66,49,37,31
0.151,0.135,0.491,-1.14,0.131,0,0.7336,0.9077,0.313,0.987,0.552,0.177,0.815,0.581,0.329,0.231,150,75,63,36,0.451,0.174,0.574,0.334,0.203,0.107,66,49,37,31
0.144,0.132,0.373,1.99,0.186,0,0.7592,0.8850,0.151,-0.326,0.552,0.177,0.815,0.581,0.329,0.231,150,75,63,36,0.451,0.174,0.574,0.334,0.203,0.107,66,49,37,31
0.154,0.193,0.447,-0.52,0.062,0,0.7815,0.8619,0.259,0.341,0.552,0.177,0.815,0.581,0.329,0.231,150,75,63,36,0.451,0.174,0.574,0.334,0.203,0.107,66,49,37,31
0.122,0.110,0.127,2.1,0.128,0,0.8005,0.8397,0.181,0.02,0.552,0.177,0.815,0.581,0.329,0.231,150,75,63,36,0.451,0.174,0.574,0.334,0.203,0.107,66,49,37,31
0.132,0.098,0.134,1.99,0.186,0,0.8166,0.8199,0.164,-0.326,0.552,0.177,0.815,0.581,0.329,0.231,150,75,63,36,0.451,0.174,0.574,0.334,0.203,0.107,66,49,37,31
0.126,0.099,0.258,-0.08,0.108,0,0.8301,0.8033,0.293,0.059,0.552,0.177,0.815,0.581,0.329,0.231,150,75,63,36,0.451,0.174,0.574,0.334,0.203,0.107,66,49,37,31
0.131,0.079,0.042,-0.79,0.151,-1,0.8410,0.7922,0.400,0.736,0.552,0.177,0.815,0.581,0.329,0.231,150,75,63,36,0.451,0.174,0.574,0.334,0.203,0.107,66,49,37,31
0.106,0.083,0.038,-1.19,0.219,1,0.8496,0.7818,0.420,0.586,0.552,0.177,0.815,0.581,0.329,0.231,150,75,63,36,0.451,0.174,0.574,0.334,0.203,0.107,66,49,37,31
0.103,0.067,0.129,-0.79,0.151,-1,0.8556,0.7723,0.443,0.736,0.552,0.177,0.815,0.581,0.329,0.231,150,75,63,36,0.451,0.174,0.574,0.334,0.203,0.107,66,49,37,31
0.092,0.064,0.063,-1.1,0.105,-1,0.8646,0.7733,0.407,0.192,0.552,0.177,0.815,0.581,0.329,0.231,150,75,63,36,0.451,0.174,0.574,0.334,0.203,0.107,66,49,37,31
0.091,0.070,0.190,-0.52,0.062,0,0.8788,0.7809,0.266,0.341,0.552,0.177,0.815,0.581,0.329,0.231,150,75,63,36,0.451,0.174,0.574,0.334,0.203,0.107,66,49,37,31
0.102,0.064,0.187,-1.14,0.131,0,0.8895,0.7901,0.410,0.987,0.552,0.177,0.815,0.581,0.329,0.231,150,75,63,36,0.451,0.174,0.574,0.334,0.203,0.107,66,49,37,31
0.102,0.082,0.313,-0.52,0.062,0,0.9053,0.8068,0.407,0.341,0.552,0.177,0.815,0.581,0.329,0.231,150,75,63,36,0.451,0.174,0.574,0.334,0.203,0.107,66,49,37,31
0.097,0.068,0.153,-0.79,0.151,-1,0.9204,0.8224,0.437,0.736,0.552,0.177,0.815,0.581,0.329,0.231,150,75,63,36,0.451,0.174,0.574,0.334,0.203,0.107,66,49,37,31
0.101,0.089,0.492,-0.52,0.062,0,0.9342,0.8326,0.355,0.341,0.552,0.177,0.815,0.581,0.329,0.231,150,75,63,36,0.451,0.174,0.574,0.334,0.203,0.107,66,49,37,31
0.097,0.092,0.482,-0.08,0.108,0,0.9446,0.8357,0.393,0.059,0.552,0.177,0.815,0.581,0.329,0.231,150,75,63,36,0.451,0.174,0.574,0.334,0.203,0.107,66,49,37,31
0.086,0.081,0.437,0,0.000,0,0.9502,0.8334,0.322,0.166,0.552,0.177,0.815,0.581,0.329,0.231,150,75,63,36,0.451,0.174,0.574,0.334,0.203,0.107,66,49,37,31
0.106,0.117,0.507,-0.48,0.134,0,0.9508,0.8276,0.449,0.007,0.552,0.177,0.815,0.581,0.329,0.231,150,75,63,36,0.451,0.174,0.574,0.334,0.203,0.107,66,49,37,31
0.082,0.079,0.386,0,0.000,0,0.9519,0.8232,0.182,0.166,0.552,0.177,0.815,0.581,0.329,0.231,150,75,63,36,0.451,0.174,0.574,0.334,0.203,0.107,66,49,37,31
0.096,0.076,0.385,-1.14,0.131,0,0.9484,0.8128,0.288,0.987,0.552,0.177,0.815,0.581,0.329,0.231,150,75,63,36,0.451,0.174,0.574,0.334,0.203,0.107,66,49,37,31
0.082,0.087,0.229,-1.14,0.131,0,0.9376,0.7927,0.288,0.987,0.552,0.177,0.815,0.581,0.329,0.231,150,75,63,36,0.451,0.174,0.574,0.334,0.203,0.107,66,49,37,31
0.074,0.115,0.188,0.22,0.230,0,0.9223,0.7696,0.251,0.303,0.552,0.177,0.815,0.581,0.329,0.231,150,75,63,36,0.451,0.174,0.574,0.334,0.203,0.107,66,49,37,31
0.074,0.079,0.010,1.99,0.186,0,0.9090,0.7495,0.134,-0.326,0.552,0.177,0.815,0.581,0.329,0.231,150,75,63,36,0.451,0.174,0.574,0.334,0.203,0.107,66,49,37,31
0.056,0.080,0.006,0.85,0.046,0,0.9002,0.7368,0.204,0.06,0.552,0.177,0.815,0.581,0.329,0.231,150,75,63,36,0.451,0.174,0.574,0.334,0.203,0.107,66,49,37,31
0.056,0.097,0.042,0.22,0.230,0,0.8971,0.7293,0.154,0.303,0.552,0.177,0.815,0.581,0.329,0.231,150,75,63,36,0.451,0.174,0.574,0.334,0.203,0.107,66,49,37,31
0.053,0.086,0.011,-1.14,0.131,0,0.8924,0.7223,0.247,0.987,0.552,0.177,0.815,0.581,0.329,0.231,150,75,63,36,0.451,0.174,0.574,0.334,0.203,0.107,66,49,37,31
0.056,0.110,0.030,-0.48,0.134,0,0.8813,0.7100,0.327,0.007,0.552,0.177,0.815,0.581,0.329,0.231,150,75,63,36,0.451,0.174,0.574,0.334,0.203,0.107,66,49,37,31
0.053,0.077,0.075,1.99,0.186,0,0.8649,0.6953,0.109,-0.326,0.552,0.177,0.815,0.581,0.329,0.231,150,75,63,36,0.451,0.174,0.574,0.334,0.203,0.107,66,49,37,31
0.061,0.081,0.119,-1.1,0.105,-1,0.8440,0.6759,0.349,0.192,0.552,0.177,0.815,0.581,0.329,0.231,150,75,63,36,0.451,0.174,0.574,0.334,0.203,0.107,66,49,37,31
0.062,0.096,0.311,-0.08,0.108,0,0.8199,0.6543,0.353,0.059,0.552,0.177,0.815,0.581,0.329,0.231,150,75,63,36,0.451,0.174,0.574,0.334,0.203,0.107,66,49,37,31
0.081,0.105,0.266,1.69,0.290,0,0.7883,0.6292,0.187,-0.697,0.552,0.177,0.815,0.581,0.329,0.231,150,75,63,36,0.451,0.174,0.574,0.334,0.203,0.107,66,49,37,31
0.069,0.095,0.161,-0.08,0.108,0,0.7612,0.6110,0.301,0.059,0.552,0.177,0.815,0.581,0.329,0.231,150,75,63,36,0.451,0.174,0.574,0.334,0.203,0.107,66,49,37,31
0.064,0.078,0.031,-1.14,0.131,0,0.7458,0.6017,0.192,0.987,0.552,0.177,0.815,0.581,0.329,0.231,150,75,63,36,0.451,0.174,0.574,0.334,0.203,0.107,66,49,37,31
0.064,0.100,0.005,-0.79,0.151,-1,0.7253,0.5876,0.575,0.736,0.552,0.177,0.815,0.581,0.329,0.231,150,75,63,36,0.451,0.174,0.574,0.334,0.203,0.107,66,49,37,31
0.060,0.104,0.001,-0.79,0.151,-1,0.7039,0.5711,0.421,0.736,0.552,0.177,0.815,0.581,0.329,0.231,150,75,63,36,0.451,0.174,0.574,0.334,0.203,0.107,66,49,37,31
0.045,0.079,0.001,1.99,0.186,0,0.6913,0.5608,0.028,-0.326,0.552,0.177,0.815,0.581,0.329,0.231,150,75,63,36,0.451,0.174,0.574,0.334,0.203,0.107,66,49,37,31
0.039,0.077,0.001,1.99,0.186,0,0.6889,0.5576,0.091,-0.326,0.552,0.177,0.815,0.581,0.329,0.231,150,75,63,36,0.451,0.174,0.574,0.334,0.203,0.107,66,49,37,31
0.051,0.115,0.001,-0.42,0.180,0,0.7050,0.5667,0.457,0.318,0.552,0.177,0.815,0.581,0.329,0.231,150,75,63,36,0.451,0.174,0.574,0.334,0.203,0.107,66,49,37,31
0.049,0.108,0.001,-0.42,0.180,0,0.7220,0.5732,0.231,0.318,0.552,0.177,0.815,0.581,0.329,0.231,150,75,63,36,0.451,0.174,0.574,0.334,0.203,0.107,66,49,37,31
0.051,0.087,0.001,1.42,0.221,0,0.7264,0.5702,0.018,-0.397,0.552,0.177,0.815,0.581,0.329,0.231,150,75,63,36,0.451,0.174,0.574,0.334,0.203,0.107,66,49,37,31
0.068,0.147,0.127,-1.19,0.219,1,0.7232,0.5599,0.401,0.586,0.552,0.177,0.815,0.581,0.329,0.231,150,75,63,36,0.451,0.174,0.574,0.334,0.203,0.107,66,49,37,31
0.067,0.151,0.001,-0.79,0.151,-1,0.7150,0.5454,0.528,0.736,0.552,0.177,0.815,0.581,0.329,0.231,150,75,63,36,0.451,0.174,0.574,0.334,0.203,0.107,66,49,37,31
0.071,0.122,0.002,1.99,0.186,0,0.7109,0.5310,0.119,-0.326,0.552,0.177,0.815,0.581,0.329,0.231,150,75,63,36,0.451,0.174,0.574,0.334,0.203,0.107,66,49,37,31
0.078,0.130,0.001,1.99,0.186,0,0.7079,0.5191,0.107,-0.326,0.552,0.177,0.815,0.581,0.329,0.231,150,75,63,36,0.451,0.174,0.574,0.334,0.203,0.107,66,49,37,31
0.119,0.163,0.032,-0.08,0.108,0,0.7072,0.5103,0.426,0.059,0.552,0.177,0.815,0.581,0.329,0.231,150,75,63,36,0.451,0.174,0.574,0.334,0.203,0.107,66,49,37,31
0.145,0.204,0.001,-0.79,0.151,-1,0.7009,0.4963,0.474,0.736,0.552,0.177,0.815,0.581,0.329,0.231,150,75,63,36,0.451,0.174,0.574,0.334,0.203,0.107,66,49,37,31
0.124,0.259,0.072,-0.48,0.134,0,0.7021,0.4855,0.270,0.007,0.552,0.177,0.815,0.581,0.329,0.231,150,75,63,36,0.451,0.174,0.574,0.334,0.203,0.107,66,49,37,31
0.105,0.286,0.063,0.22,0.230,0,0.7087,0.4796,0.377,0.303,0.552,0.177,0.815,0.581,0.329,0.231,150,75,63,36,0.451,0.174,0.574,0.334,0.203,0.107,66,49,37,31
0.105,0.304,0.001,-0.42,0.180,0,0.7045,0.4681,0.389,0.318,0.552,0.177,0.815,0.581,0.329,0.231,150,75,63,36,0.451,0.174,0.574,0.334,0.203,0.107,66,49,37,31
0.110,0.215,0.001,1.99,0.186,0,0.7142,0.4721,0.124,-0.326,0.552,0.177,0.815,0.581,0.329,0.231,150,75,63,36,0.451,0.174,0.574,0.334,0.203,0.107,66,49,37,31
0.110,0.334,0.251,-1.19,0.219,1,0.7350,0.4843,0.379,0.586,0.552,0.177,0.815,0.581,0.329,0.231,150,75,63,36,0.451,0.174,0.574,0.334,0.203,0.107,66,49,37,31
0.110,0.264,0.001,-0.79,0.151,-1,0.7435,0.4911,0.406,0.736,0.552,0.177,0.815,0.581,0.329,0.231,150,75,63,36,0.451,0.174,0.574,0.334,0.203,0.107,66,49,37,31
0.137,0.209,0.000,0.85,0.046,0,0.7467,0.4938,0.084,0.06,0.552,0.177,0.815,0.581,0.329,0.231,150,75,63,36,0.451,0.174,0.574,0.334,0.203,0.107,66,49,37,31
0.143,0.287,0.002,1.42,0.221,0,0.7396,0.4901,0.148,-0.397,0.552,0.177,0.815,0.581,0.329,0.231,150,75,63,36,0.451,0.174,0.574,0.334,0.203,0.107,66,49,37,31
0.119,0.701,0.106,-1.19,0.219,1,0.7198,0.4798,0.491,0.586,0.552,0.177,0.815,0.581,0.329,0.231,150,75,63,36,0.451,0.174,0.574,0.334,0.203,0.107,66,49,37,31
0.102,0.298,0.000,1.99,0.186,0,0.7053,0.4749,0.241,-0.326,0.552,0.177,0.815,0.581,0.329,0.231,150,75,63,36,0.451,0.174,0.574,0.334,0.203,0.107,66,49,37,31
0.102,0.379,0.001,-0.48,0.134,0,0.6841,0.4642,0.213,0.007,0.552,0.177,0.815,0.581,0.329,0.231,150,75,63,36,0.451,0.174,0.574,0.334,0.203,0.107,66,49,37,31
0.120,0.445,0.056,-0.48,0.134,0,0.6570,0.4478,0.331,0.007,0.552,0.177,0.815,0.581,0.329,0.231,150,75,63,36,0.451,0.174,0.574,0.334,0.203,0.107,66,49,37,31
0.117,0.722,0.004,-0.42,0.180,0,0.6192,0.4230,0.477,0.318,0.552,0.177,0.815,0.581,0.329,0.231,150,75,63,36,0.451,0.174,0.574,0.334,0.203,0.107,66,49,37,31
0.122,0.333,0.002,0.85,0.046,0,0.5818,0.4001,0.231,0.06,0.552,0.177,0.815,0.581,0.329,0.231,150,75,63,36,0.451,0.174,0.574,0.334,0.203,0.107,66,49,37,31
0.084,0.323,0.014,1.42,0.221,0,0.5537,0.3832,0.142,-0.397,0.552,0.177,0.815,0.581,0.329,0.231,150,75,63,36,0.451,0.174,0.574,0.334,0.203,0.107,66,49,37,31
0.064,0.734,0.193,-1.19,0.219,1,0.5340,0.3747,0.447,0.586,0.552,0.177,0.815,0.581,0.329,0.231,150,75,63,36,0.451,0.174,0.574,0.334,0.203,0.107,66,49,37,31
0.064,0.329,0.015,0,0.000,0,0.5342,0.3810,0.350,0.166,0.552,0.177,0.815,0.581,0.329,0.231,150,75,63,36,0.451,0.174,0.574,0.334,0.203,0.107,66,49,37,31
0.079,0.739,0.071,0.2,0.291,1,0.5502,0.3964,0.243,0.180,0.552,0.177,0.815,0.581,0.329,0.231,150,75,63,36,0.451,0.174,0.574,0.334,0.203,0.107,66,49,37,31
0.074,0.284,0.001,1.69,0.290,0,0.5727,0.4134,0.107,-0.697,0.552,0.177,0.815,0.581,0.329,0.231,150,75,63,36,0.451,0.174,0.574,0.334,0.203,0.107,66,49,37,31
0.074,0.242,0.009,-0.79,0.151,-1,0.5980,0.4347,0.485,0.736,0.552,0.177,0.815,0.581,0.329,0.231,150,75,63,36,0.451,0.174,0.574,0.334,0.203,0.107,66,49,37,31
0.060,0.265,0.001,-0.79,0.151,-1,0.6135,0.4519,0.374,0.736,0.552,0.177,0.815,0.581,0.329,0.231,150,75,63,36,0.451,0.174,0.574,0.334,0.203,0.107,66,49,37,31
0.057,0.198,0.002,1.99,0.186,0,0.6121,0.4598,0.089,-0.326,0.552,0.177,0.815,0.581,0.329,0.231,150,75,63,36,0.451,0.174,0.574,0.334,0.203,0.107,66,49,37,31
0.071,0.301,0.046,-0.52,0.062,0,0.5943,0.4556,0.310,0.341,0.552,0.177,0.815,0.581,0.329,0.231,150,75,63,36,0.451,0.174,0.574,0.334,0.203,0.107,66,49,37,31
0.071,0.248,0.001,0.85,0.046,0,0.5646,0.4450,0.501,0.06,0.552,0.177,0.815,0.581,0.329,0.231,150,75,63,36,0.451,0.174,0.574,0.334,0.203,0.107,66,49,37,31
0.058,0.367,0.000,1.76,0.409,0,0.5288,0.4261,0.199,-0.884,0.552,0.177,0.815,0.581,0.329,0.231,150,75,63,36,0.451,0.174,0.574,0.334,0.203,0.107,66,49,37,31
0.045,0.302,0.082,-0.08,0.108,0,0.4922,0.4052,0.241,0.059,0.552,0.177,0.815,0.581,0.329,0.231,150,75,63,36,0.451,0.174,0.574,0.334,0.203,0.107,66,49,37,31
0.028,0.252,0.003,-0.79,0.151,-1,0.4639,0.3899,0.489,0.736,0.552,0.177,0.815,0.581,0.329,0.231,150,75,63,36,0.451,0.174,0.574,0.334,0.203,0.107,66,49,37,31
0.027,0.748,0.028,-1.19,0.219,1,0.4330,0.3737,0.450,0.586,0.552,0.177,0.815,0.581,0.329,0.231,150,75,63,36,0.451,0.174,0.574,0.334,0.203,0.107,66,49,37,31
0.025,0.349,0.016,-0.42,0.180,0,0.4198,0.3674,0.228,0.318,0.552,0.177,0.815,0.581,0.329,0.231,150,75,63,36,0.451,0.174,0.574,0.334,0.203,0.107,66,49,37,31
0.033,0.364,0.139,-1.19,0.219,1,0.4326,0.3765,0.419,0.586,0.552,0.177,0.815,0.581,0.329,0.231,150,75,63,36,0.451,0.174,0.574,0.334,0.203,0.107,66,49,37,31
0.051,0.197,0.001,-0.79,0.151,-1,0.4527,0.3893,0.428,0.736,0.552,0.177,0.815,0.581,0.329,0.231,150,75,63,36,0.451,0.174,0.574,0.334,0.203,0.107,66,49,37,31
0.051,0.162,0.001,-0.79,0.151,-1,0.4864,0.4123,0.287,0.736,0.552,0.177,0.815,0.581,0.329,0.231,150,75,63,36,0.451,0.174,0.574,0.334,0.203,0.107,66,49,37,31
0.052,0.360,0.217,0.2,0.291,1,0.5225,0.4387,0.313,0.180,0.552,0.177,0.815,0.581,0.329,0.231,150,75,63,36,0.451,0.174,0.574,0.334,0.203,0.107,66,49,37,31
0.062,0.340,0.001,-0.42,0.180,0,0.5462,0.4580,0.355,0.318,0.552,0.177,0.815,0.581,0.329,0.231,150,75,63,36,0.451,0.174,0.574,0.334,0.203,0.107,66,49,37,31
0.049,0.301,0.001,1.69,0.290,0,0.5616,0.4708,0.170,-0.697,0.552,0.177,0.815,0.581,0.329,0.231,150,75,63,36,0.451,0.174,0.574,0.334,0.203,0.107,66,49,37,31
0.076,0.273,0.111,1.69,0.290,0,0.5690,0.4755,0.181,-0.697,0.552,0.177,0.815,0.581,0.329,0.231,150,75,63,36,0.451,0.174,0.574,0.334,0.203,0.107,66,49,37,31
0.080,0.254,0.052,-0.79,0.151,-1,0.5644,0.4710,0.422,0.736,0.552,0.177,0.815,0.581,0.329,0.231,150,75,63,36,0.451,0.174,0.574,0.334,0.203,0.107,66,49,37,31
0.103,0.331,0.006,3.14,0.186,0,0.5530,0.4646,0.219,-0.486,0.552,0.177,0.815,0.581,0.329,0.231,150,75,63,36,0.451,0.174,0.574,0.334,0.203,0.107,66,49,37,31
0.083,0.794,0.018,-0.42,0.180,0,0.5350,0.4568,0.276,0.318,0.552,0.177,0.815,0.581,0.329,0.231,150,75,63,36,0.451,0.174,0.574,0.334,0.203,0.107,66,49,37,31
0.085,0.432,0.105,-0.52,0.062,0,0.5168,0.4471,0.209,0.341,0.552,0.177,0.815,0.581,0.329,0.231,150,75,63,36,0.451,0.174,0.574,0.334,0.203,0.107,66,49,37,31
0.072,0.821,0.240,-1.19,0.219,1,0.4977,0.4358,0.499,0.586,0.552,0.177,0.815,0.581,0.329,0.231,150,75,63,36,0.451,0.174,0.574,0.334,0.203,0.107,66,49,37,31
0.095,0.696,0.001,-0.79,0.151,-1,0.4851,0.4295,0.361,0.736,0.552,0.177,0.815,0.581,0.329,0.231,150,75,63,36,0.451,0.174,0.574,0.334,0.203,0.107,66,49,37,31
0.095,0.349,0.001,0.85,0.046,0,0.4896,0.4317,0.063,0.06,0.552,0.177,0.815,0.581,0.329,0.231,150,75,63,36,0.451,0.174,0.574,0.334,0.203,0.107,66,49,37,31
0.077,0.741,0.328,-1.19,0.219,1,0.5130,0.4445,0.285,0.586,0.552,0.177,0.815,0.581,0.329,0.231,150,75,63,36,0.451,0.174,0.574,0.334,0.203,0.107,66,49,37,31
0.064,0.368,0.012,-0.79,0.151,-1,0.5521,0.4659,0.423,0.736,0.552,0.177,0.815,0.581,0.329,0.231,150,75,63,36,0.451,0.174,0.574,0.334,0.203,0.107,66,49,37,31
0.099,0.791,0.037,0.2,0.291,1,0.5895,0.4841,0.239,0.180,0.552,0.177,0.815,0.581,0.329,0.231,150,75,63,36,0.451,0.174,0.574,0.334,0.203,0.107,66,49,37,31
0.119,0.255,0.002,1.99,0.186,0,0.6294,0.5043,0.084,-0.326,0.552,0.177,0.815,0.581,0.329,0.231,150,75,63,36,0.451,0.174,0.574,0.334,0.203,0.107,66,49,37,31
0.179,0.310,0.068,1.42,0.221,0,0.6631,0.5196,0.295,-0.397,0.552,0.177,0.815,0.581,0.329,0.231,150,75,63,36,0.451,0.174,0.574,0.334,0.203,0.107,66,49,37,31
0.151,0.269,0.000,0.85,0.046,0,0.6844,0.5290,0.421,0.06,0.552,0.177,0.815,0.581,0.329,0.231,150,75,63,36,0.451,0.174,0.574,0.334,0.203,0.107,66,49,37,31
0.128,0.261,0.002,1.99,0.186,0,0.6908,0.5330,0.105,-0.326,0.552,0.177,0.815,0.581,0.329,0.231,150,75,63,36,0.451,0.174,0.574,0.334,0.203,0.107,66,49,37,31
0.121,0.393,0.078,-0.52,0.062,0,0.6803,0.5311,0.215,0.341,0.552,0.177,0.815,0.581,0.329,0.231,150,75,63,36,0.451,0.174,0.574,0.334,0.203,0.107,66,49,37,31
0.099,0.397,0.002,0.22,0.230,0,0.6617,0.5274,0.400,0.303,0.552,0.177,0.815,0.581,0.329,0.231,150,75,63,36,0.451,0.174,0.574,0.334,0.203,0.107,66,49,37,31
0.150,0.745,0.001,-0.79,0.151,-1,0.6353,0.5205,0.389,0.736,0.552,0.177,0.815,0.581,0.329,0.231,150,75,63,36,0.451,0.174,0.574,0.334,0.203,0.107,66,49,37,31
0.149,0.720,0.080,-0.48,0.134,0,0.6100,0.5129,0.193,0.007,0.552,0.177,0.815,0.581,0.329,0.231,150,75,63,36,0.451,0.174,0.574,0.334,0.203,0.107,66,49,37,31
0.149,0.692,0.001,-0.79,0.151,-1,0.5993,0.5144,0.456,0.736,0.552,0.177,0.815,0.581,0.329,0.231,150,75,63,36,0.451,0.174,0.574,0.334,0.203,0.107,66,49,37,31
0.184,0.820,0.013,-1.19,0.219,1,0.5995,0.5213,0.422,0.586,0.552,0.177,0.815,0.581,0.329,0.231,150,75,63,36,0.451,0.174,0.574,0.334,0.203,0.107,66,49,37,31
0.216,0.265,0.002,1.99,0.186,0,0.6075,0.5322,0.069,-0.326,0.552,0.177,0.815,0.581,0.329,0.231,150,75,63,36,0.451,0.174,0.574,0.334,0.203,0.107,66,49,37,31
0.227,0.749,0.178,-1.19,0.219,1,0.6365,0.5513,0.294,0.586,0.552,0.177,0.815,0.581,0.329,0.231,150,75,63,36,0.451,0.174,0.574,0.334,0.203,0.107,66,49,37,31
0.182,0.329,0.002,-0.79,0.151,-1,0.6676,0.5697,0.542,0.736,0.552,0.177,0.815,0.581,0.329,0.231,150,75,63,36,0.451,0.174,0.574,0.334,0.203,0.107,66,49,37,31
0.187,0.319,0.000,-0.79,0.151,-1,0.6921,0.5824,0.353,0.736,0.552,0.177,0.815,0.581,0.329,0.231,150,75,63,36,0.451,0.174,0.574,0.334,0.203,0.107,66,49,37,31
0.197,0.318,0.002,1.99,0.186,0,0.7166,0.5951,0.121,-0.326,0.552,0.177,0.815,0.581,0.329,0.231,150,75,63,36,0.451,0.174,0.574,0.334,0.203,0.107,66,49,37,31
0.197,0.327,0.014,0,0.000,0,0.7323,0.6045,0.409,0.166,0.552,0.177,0.815,0.581,0.329,0.231,150,75,63,36,0.451,0.174,0.574,0.334,0.203,0.107,66,49,37,31
0.152,0.768,0.001,-1.19,0.219,1,0.7531,0.6192,0.534,0.586,0.552,0.177,0.815,0.581,0.329,0.231,150,75,63,36,0.451,0.174,0.574,0.334,0.203,0.107,66,49,37,31
0.178,0.261,0.001,1.99,0.186,0,0.7669,0.6286,0.195,-0.326,0.552,0.177,0.815,0.581,0.329,0.231,150,75,63,36,0.451,0.174,0.574,0.334,0.203,0.107,66,49,37,31
0.199,0.694,0.242,-1.19,0.219,1,0.7754,0.6381,0.489,0.586,0.552,0.177,0.815,0.581,0.329,0.231,150,75,63,36,0.451,0.174,0.574,0.334,0.203,0.107,66,49,37,31
0.228,0.388,0.019,0,0.000,0,0.7867,0.6502,0.458,0.166,0.552,0.177,0.815,0.581,0.329,0.231,150,75,63,36,0.451,0.174,0.574,0.334,0.203,0.107,66,49,37,31
0.181,0.756,0.031,-1.19,0.219,1,0.7980,0.6637,0.441,0.586,0.552,0.177,0.815,0.581,0.329,0.231,150,75,63,36,0.451,0.174,0.574,0.334,0.203,0.107,66,49,37,31
0.175,0.369,0.051,-0.52,0.062,0,0.8052,0.6744,0.361,0.341,0.552,0.177,0.815,0.581,0.329,0.231,150,75,63,36,0.451,0.174,0.574,0.334,0.203,0.107,66,49,37,31
0.150,0.260,0.007,-0.79,0.151,-1,0.8133,0.6870,0.455,0.736,0.552,0.177,0.815,0.581,0.329,0.231,150,75,63,36,0.451,0.174,0.574,0.334,0.203,0.107,66,49,37,31
0.188,0.368,0.120,0.2,0.291,1,0.8250,0.7010,0.430,0.180,0.552,0.177,0.815,0.581,0.329,0.231,150,75,63,36,0.451,0.174,0.574,0.334,0.203,0.107,66,49,37,31
0.226,0.245,0.008,-0.52,0.062,0,0.8317,0.7093,0.315,0.341,0.552,0.177,0.815,0.581,0.329,0.231,150,75,63,36,0.451,0.174,0.574,0.334,0.203,0.107,66,49,37,31
0.218,0.164,0.006,-0.52,0.062,0,0.8386,0.7158,0.409,0.341,0.552,0.177,0.815,0.581,0.329,0.231,150,75,63,36,0.451,0.174,0.574,0.334,0.203,0.107,66,49,37,31
0.221,0.123,0.001,-0.79,0.151,-1,0.8456,0.7211,0.564,0.736,0.552,0.177,0.815,0.581,0.329,0.231,150,75,63,36,0.451,0.174,0.574,0.334,0.203,0.107,66,49,37,31
0.183,0.121,0.001,-1.1,0.105,-1,0.8527,0.7233,0.369,0.192,0.552,0.177,0.815,0.581,0.329,0.231,150,75,63,36,0.451,0.174,0.574,0.334,0.203,0.107,66,49,37,31
0.152,0.144,0.000,-1.14,0.131,0,0.8613,0.7279,0.367,0.987,0.552,0.177,0.815,0.581,0.329,0.231,150,75,63,36,0.451,0.174,0.574,0.334,0.203,0.107,66,49,37,31
0.124,0.201,0.014,-0.08,0.108,0,0.8766,0.7369,0.467,0.059,0.552,0.177,0.815,0.581,0.329,0.231,150,75,63,36,0.451,0.174,0.574,0.334,0.203,0.107,66,49,37,31
0.099,0.149,0.001,-1.1,0.105,-1,0.8928,0.7474,0.413,0.192,0.552,0.177,0.815,0.581,0.329,0.231,150,75,63,36,0.451,0.174,0.574,0.334,0.203,0.107,66,49,37,31
0.076,0.190,0.001,-1.1,0.105,-1,0.9006,0.7516,0.415,0.192,0.552,0.177,0.815,0.581,0.329,0.231,150,75,63,36,0.451,0.174,0.574,0.334,0.203,0.107,66,49,37,31
0.058,0.294,0.194,-0.52,0.062,0,0.9004,0.7509,0.454,0.341,0.552,0.177,0.815,0.581,0.329,0.231,150,75,63,36,0.451,0.174,0.574,0.334,0.203,0.107,66,49,37,31
0.091,0.414,0.348,0.2,0.291,1,0.8975,0.7502,0.482,0.180,0.552,0.177,0.815,0.581,0.329,0.231,150,75,63,36,0.451,0.174,0.574,0.334,0.203,0.107,66,49,37,31
0.083,0.271,0.024,1.99,0.186,0,0.8978,0.7503,0.228,-0.326,0.552,0.177,0.815,0.581,0.329,0.231,150,75,63,36,0.451,0.174,0.574,0.334,0.203,0.107,66,49,37,31
0.077,0.239,0.082,-1.14,0.131,0,0.8903,0.7437,0.403,0.987,0.552,0.177,0.815,0.581,0.329,0.231,150,75,63,36,0.451,0.174,0.574,0.334,0.203,0.107,66,49,37,31
0.072,0.427,0.476,0.2,0.291,1,0.8769,0.7312,0.456,0.180,0.552,0.177,0.815,0.581,0.329,0.231,150,75,63,36,0.451,0.174,0.574,0.334,0.203,0.107,66,49,37,31
0.093,0.261,0.098,0.85,0.046,0,0.8503,0.7095,0.410,0.06,0.552,0.177,0.815,0.581,0.329,0.231,150,75,63,36,0.451,0.174,0.574,0.334,0.203,0.107,66,49,37,31
0.092,0.242,0.000,-0.79,0.151,-1,0.8120,0.6793,0.369,0.736,0.552,0.177,0.815,0.581,0.329,0.231,150,75,63,36,0.451,0.174,0.574,0.334,0.203,0.107,66,49,37,31
0.093,0.152,0.002,0.85,0.046,0,0.7681,0.6444,0.238,0.06,0.552,0.177,0.815,0.581,0.329,0.231,150,75,63,36,0.451,0.174,0.574,0.334,0.203,0.107,66,49,37,31
0.098,0.193,0.001,-0.79,0.151,-1,0.7233,0.6107,0.410,0.736,0.552,0.177,0.815,0.581,0.329,0.231,150,75,63,36,0.451,0.174,0.574,0.334,0.203,0.107,66,49,37,31
0.102,0.246,0.001,-0.42,0.180,0,0.6779,0.5748,0.421,0.318,0.552,0.177,0.815,0.581,0.329,0.231,150,75,63,36,0.451,0.174,0.574,0.334,0.203,0.107,66,49,37,31
0.111,0.202,0.000,-0.79,0.151,-1,0.6388,0.5426,0.347,0.736,0.552,0.177,0.815,0.581,0.329,0.231,150,75,63,36,0.451,0.174,0.574,0.334,0.203,0.107,66,49,37,31
0.105,0.314,0.004,-1.19,0.219,1,0.6165,0.5247,0.333,0.586,0.552,0.177,0.815,0.581,0.329,0.231,150,75,63,36,0.451,0.174,0.574,0.334,0.203,0.107,66,49,37,31
0.097,0.275,0.001,-1.1,0.105,-1,0.6005,0.5090,0.409,0.192,0.552,0.177,0.815,0.581,0.329,0.231,150,75,63,36,0.451,0.174,0.574,0.334,0.203,0.107,66,49,37,31
0.098,0.357,0.001,-0.42,0.180,0,0.5918,0.4979,0.355,0.318,0.552,0.177,0.815,0.581,0.329,0.231,150,75,63,36,0.451,0.174,0.574,0.334,0.203,0.107,66,49,37,31
0.084,0.307,0.004,1.99,0.186,0,0.5924,0.4967,0.134,-0.326,0.552,0.177,0.815,0.581,0.329,0.231,150,75,63,36,0.451,0.174,0.574,0.334,0.203,0.107,66,49,37,31
0.100,0.759,0.221,0.2,0.291,1,0.5943,0.4960,0.257,0.180,0.552,0.177,0.815,0.581,0.329,0.231,150,75,63,36,0.451,0.174,0.574,0.334,0.203,0.107,66,49,37,31
0.100,0.706,0.024,-0.08,0.108,0,0.5859,0.4861,0.339,0.059,0.552,0.177,0.815,0.581,0.329,0.231,150,75,63,36,0.451,0.174,0.574,0.334,0.203,0.107,66,49,37,31
0.118,0.773,0.006,-0.42,0.180,0,0.5638,0.4649,0.219,0.318,0.552,0.177,0.815,0.581,0.329,0.231,150,75,63,36,0.451,0.174,0.574,0.334,0.203,0.107,66,49,37,31
0.117,0.440,0.003,2.53,0.140,0,0.5247,0.4279,0.130,-0.121,0.552,0.177,0.815,0.581,0.329,0.231,150,75,63,36,0.451,0.174,0.574,0.334,0.203,0.107,66,49,37,31
0.143,0.688,0.028,2.53,0.140,0,0.4828,0.3884,0.201,-0.121,0.552,0.177,0.815,0.581,0.329,0.231,150,75,63,36,0.451,0.174,0.574,0.334,0.203,0.107,66,49,37,31
0.150,0.863,0.099,0.2,0.291,1,0.4375,0.3445,0.348,0.180,0.552,0.177,0.815,0.581,0.329,0.231,150,75,63,36,0.451,0.174,0.574,0.334,0.203,0.107,66,49,37,31
0.178,0.769,0.032,1.99,0.186,0,0.4041,0.3095,0.076,-0.326,0.552,0.177,0.815,0.581,0.329,0.231,150,75,63,36,0.451,0.174,0.574,0.334,0.203,0.107,66,49,37,31
0.145,0.804,0.089,-0.42,0.180,0,0.3734,0.2752,0.179,0.318,0.552,0.177,0.815,0.581,0.329,0.231,150,75,63,36,0.451,0.174,0.574,0.334,0.203,0.107,66,49,37,31
0.158,0.405,0.002,0.85,0.046,0,0.3437,0.2439,0.217,0.06,0.552,0.177,0.815,0.581,0.329,0.231,150,75,63,36,0.451,0.174,0.574,0.334,0.203,0.107,66,49,37,31
0.134,0.401,0.015,-0.79,0.151,-1,0.3189,0.2159,0.405,0.736,0.552,0.177,0.815,0.581,0.329,0.231,150,75,63,36,0.451,0.174,0.574,0.334,0.203,0.107,66,49,37,31
0.134,0.748,0.149,-1.19,0.219,1,0.3022,0.1959,0.297,0.586,0.552,0.177,0.815,0.581,0.329,0.231,150,75,63,36,0.451,0.174,0.574,0.334,0.203,0.107,66,49,37,31
0.125,0.348,0.004,0.85,0.046,0,0.2928,0.1827,0.221,0.06,0.552,0.177,0.815,0.581,0.329,0.231,150,75,63,36,0.451,0.174,0.574,0.334,0.203,0.107,66,49,37,31
0.131,0.343,0.000,-1.1,0.105,-1,0.2883,0.1745,0.353,0.192,0.552,0.177,0.815,0.581,0.329,0.231,150,75,63,36,0.451,0.174,0.574,0.334,0.203,0.107,66,49,37,31
0.166,0.288,0.002,1.99,0.186,0,0.2904,0.1721,0.098,-0.326,0.552,0.177,0.815,0.581,0.329,0.231,150,75,63,36,0.451,0.174,0.574,0.334,0.203,0.107,66,49,37,31
0.165,0.283,0.001,1.99,0.186,0,0.2990,0.1737,0.166,-0.326,0.552,0.177,0.815,0.581,0.329,0.231,150,75,63,36,0.451,0.174,0.574,0.334,0.203,0.107,66,49,37,31
0.141,0.284,0.000,0,0.000,0,0.3068,0.1750,0.306,0.166,0.552,0.177,0.815,0.581,0.329,0.231,150,75,63,36,0.451,0.174,0.574,0.334,0.203,0.107,66,49,37,31
0.143,0.271,0.001,3.14,0.186,0,0.3227,0.1843,0.077,-0.486,0.552,0.177,0.815,0.581,0.329,0.231,150,75,63,36,0.451,0.174,0.574,0.334,0.203,0.107,66,49,37,31
0.150,0.266,0.000,2.53,0.140,0,0.3440,0.2013,0.085,-0.121,0.552,0.177,0.815,0.581,0.329,0.231,150,75,63,36,0.451,0.174,0.574,0.334,0.203,0.107,66,49,37,31
0.158,0.373,0.049,-0.52,0.062,0,0.3675,0.2227,0.246,0.341,0.552,0.177,0.815,0.581,0.329,0.231,150,75,63,36,0.451,0.174,0.574,0.334,0.203,0.107,66,49,37,31
0.165,0.313,0.000,-0.79,0.151,-1,0.3904,0.2464,0.275,0.736,0.552,0.177,0.815,0.581,0.329,0.231,150,75,63,36,0.451,0.174,0.574,0.334,0.203,0.107,66,49,37,31
0.209,0.326,0.001,1.99,0.186,0,0.4041,0.2640,0.073,-0.326,0.552,0.177,0.815,0.581,0.329,0.231,150,75,63,36,0.451,0.174,0.574,0.334,0.203,0.107,66,49,37,31
0.141,0.373,0.012,-0.42,0.180,0,0.4036,0.2715,0.185,0.318,0.552,0.177,0.815,0.581,0.329,0.231,150,75,63,36,0.451,0.174,0.574,0.334,0.203,0.107,66,49,37,31
0.135,0.280,0.000,1.99,0.186,0,0.4057,0.2850,0.195,-0.326,0.552,0.177,0.815,0.581,0.329,0.231,150,75,63,36,0.451,0.174,0.574,0.334,0.203,0.107,66,49,37,31
0.147,0.361,0.001,-1.19,0.219,1,0.4022,0.2920,0.327,0.586,0.552,0.177,0.815,0.581,0.329,0.231,150,75,63,36,0.451,0.174,0.574,0.334,0.203,0.107,66,49,37,31
0.122,0.311,0.001,1.99,0.186,0,0.4061,0.3049,0.074,-0.326,0.552,0.177,0.815,0.581,0.329,0.231,150,75,63,36,0.451,0.174,0.574,0.334,0.203,0.107,66,49,37,31
0.123,0.787,0.001,-0.48,0.134,0,0.4036,0.3103,0.307,0.007,0.552,0.177,0.815,0.581,0.329,0.231,150,75,63,36,0.451,0.174,0.574,0.334,0.203,0.107,66,49,37,31
0.098,0.748,0.003,-0.52,0.062,0,0.4105,0.3228,0.381,0.341,0.552,0.177,0.815,0.581,0.329,0.231,150,75,63,36,0.451,0.174,0.574,0.334,0.203,0.107,66,49,37,31
0.098,0.722,0.027,-0.52,0.062,0,0.4117,0.3292,0.417,0.341,0.552,0.177,0.815,0.581,0.329,0.231,150,75,63,36,0.451,0.174,0.574,0.334,0.203,0.107,66,49,37,31
0.102,0.710,0.005,0,0.000,0,0.4186,0.3395,0.356,0.166,0.552,0.177,0.815,0.581,0.329,0.231,150,75,63,36,0.451,0.174,0.574,0.334,0.203,0.107,66,49,37,31
0.101,0.797,0.099,-0.52,0.062,0,0.4297,0.3527,0.279,0.341,0.552,0.177,0.815,0.581,0.329,0.231,150,75,63,36,0.451,0.174,0.574,0.334,0.203,0.107,66,49,37,31
0.125,0.787,0.095,-0.52,0.062,0,0.4552,0.3786,0.292,0.341,0.552,0.177,0.815,0.581,0.329,0.231,150,75,63,36,0.451,0.174,0.574,0.334,0.203,0.107,66,49,37,31
0.102,0.697,0.035,-0.79,0.151,-1,0.4916,0.4131,0.408,0.736,0.552,0.177,0.815,0.581,0.329,0.231,150,75,63,36,0.451,0.174,0.574,0.334,0.203,0.107,66,49,37,31
0.108,0.746,0.020,-1.1,0.105,-1,0.5243,0.4448,0.310,0.192,0.552,0.177,0.815,0.581,0.329,0.231,150,75,63,36,0.451,0.174,0.574,0.334,0.203,0.107,66,49,37,31
0.088,0.756,0.016,-0.52,0.062,0,0.5585,0.4775,0.128,0.341,0.552,0.177,0.815,0.581,0.329,0.231,150,75,63,36,0.451,0.174,0.574,0.334,0.203,0.107,66,49,37,31
0.071,0.372,0.032,1.69,0.290,0,0.5920,0.5101,0.094,-0.697,0.552,0.177,0.815,0.581,0.329,0.231,150,75,63,36,0.451,0.174,0.574,0.334,0.203,0.107,66,49,37,31
0.057,0.375,0.001,2.53,0.140,0,0.6155,0.5360,0.148,-0.121,0.552,0.177,0.815,0.581,0.329,0.231,150,75,63,36,0.451,0.174,0.574,0.334,0.203,0.107,66,49,37,31
0.070,0.361,0.002,-0.79,0.151,-1,0.6340,0.5567,0.215,0.736,0.552,0.177,0.815,0.581,0.329,0.231,150,75,63,36,0.451,0.174,0.574,0.334,0.203,0.107,66,49,37,31
0.070,0.369,0.002,3.14,0.186,0,0.6320,0.5629,0.064,-0.486,0.552,0.177,0.815,0.581,0.329,0.231,150,75,63,36,0.451,0.174,0.574,0.334,0.203,0.107,66,49,37,31
0.066,0.741,0.274,0.2,0.291,1,0.6062,0.5467,0.192,0.180,0.552,0.177,0.815,0.581,0.329,0.231,150,75,63,36,0.451,0.174,0.574,0.334,0.203,0.107,66,49,37,31
0.081,0.452,0.001,1.42,0.221,0,0.5718,0.5225,0.170,-0.397,0.552,0.177,0.815,0.581,0.329,0.231,150,75,63,36,0.451,0.174,0.574,0.334,0.203,0.107,66,49,37,31
0.062,0.411,0.001,0.85,0.046,0,0.5388,0.4997,0.274,0.06,0.552,0.177,0.815,0.581,0.329,0.231,150,75,63,36,0.451,0.174,0.574,0.334,0.203,0.107,66,49,37,31
0.057,0.424,0.000,-0.79,0.151,-1,0.5129,0.4781,0.314,0.736,0.552,0.177,0.815,0.581,0.329,0.231,150,75,63,36,0.451,0.174,0.574,0.334,0.203,0.107,66,49,37,31
0.089,0.389,0.000,0,0.000,0,0.5087,0.4708,0.301,0.166,0.552,0.177,0.815,0.581,0.329,0.231,150,75,63,36,0.451,0.174,0.574,0.334,0.203,0.107,66,49,37,31
0.100,0.300,0.000,-0.79,0.151,-1,0.5259,0.4740,0.367,0.736,0.552,0.177,0.815,0.581,0.329,0.231,150,75,63,36,0.451,0.174,0.574,0.334,0.203,0.107,66,49,37,31
0.100,0.227,0.000,0.85,0.046,0,0.5712,0.4979,0.358,0.06,0.552,0.177,0.815,0.581,0.329,0.231,150,75,63,36,0.451,0.174,0.574,0.334,0.203,0.107,66,49,37,31
0.116,0.285,0.000,-0.79,0.151,-1,0.6253,0.5283,0.459,0.736,0.552,0.177,0.815,0.581,0.329,0.231,150,75,63,36,0.451,0.174,0.574,0.334,0.203,0.107,66,49,37,31
0.118,0.329,0.000,0,0.000,0,0.6859,0.5649,0.331,0.166,0.552,0.177,0.815,0.581,0.329,0.231,150,75,63,36,0.451,0.174,0.574,0.334,0.203,0.107,66,49,37,31
0.138,0.404,0.000,-0.52,0.062,0,0.7381,0.5975,0.228,0.341,0.552,0.177,0.815,0.581,0.329,0.231,150,75,63,36,0.451,0.174,0.574,0.334,0.203,0.107,66,49,37,31
0.135,0.241,0.000,2.53,0.140,0,0.7820,0.6274,0.152,-0.121,0.552,0.177,0.815,0.581,0.329,0.231,150,75,63,36,0.451,0.174,0.574,0.334,0.203,0.107,66,49,37,31
0.135,0.430,0.025,-1.19,0.219,1,0.8189,0.6539,0.462,0.586,0.552,0.177,0.815,0.581,0.329,0.231,150,75,63,36,0.451,0.174,0.574,0.334,0.203,0.107,66,49,37,31
0.123,0.264,0.000,-0.79,0.151,-1,0.8365,0.6691,0.347,0.736,0.552,0.177,0.815,0.581,0.329,0.231,150,75,63,36,0.451,0.174,0.574,0.334,0.203,0.107,66,49,37,31
0.122,0.252,0.001,3.14,0.186,0,0.8332,0.6667,0.085,-0.486,0.552,0.177,0.815,0.581,0.329,0.231,150,75,63,36,0.451,0.174,0.574,0.334,0.203,0.107,66,49,37,31
0.157,0.420,0.027,-1.19,0.219,1,0.8199,0.6590,0.412,0.586,0.552,0.177,0.815,0.581,0.329,0.231,150,75,63,36,0.451,0.174,0.574,0.334,0.203,0.107,66,49,37,31
0.146,0.344,0.001,0.22,0.230,0,0.8068,0.6498,0.408,0.303,0.552,0.177,0.815,0.581,0.329,0.231,150,75,63,36,0.451,0.174,0.574,0.334,0.203,0.107,66,49,37,31
0.181,0.372,0.003,-0.52,0.062,0,0.7961,0.6414,0.230,0.341,0.552,0.177,0.815,0.581,0.329,0.231,150,75,63,36,0.451,0.174,0.574,0.334,0.203,0.107,66,49,37,31
0.172,0.316,0.001,-1.14,0.131,0,0.7778,0.6276,0.439,0.987,0.552,0.177,0.815,0.581,0.329,0.231,150,75,63,36,0.451,0.174,0.574,0.334,0.203,0.107,66,49,37,31
0.208,0.311,0.024,0,0.000,0,0.7606,0.6122,0.212,0.166,0.552,0.177,0.815,0.581,0.329,0.231,150,75,63,36,0.451,0.174,0.574,0.334,0.203,0.107,66,49,37,31
0.204,0.303,0.020,-1.14,0.131,0,0.7496,0.6026,0.285,0.987,0.552,0.177,0.815,0.581,0.329,0.231,150,75,63,36,0.451,0.174,0.574,0.334,0.203,0.107,66,49,37,31
0.204,0.383,0.092,-0.08,0.108,0,0.7406,0.5956,0.329,0.059,0.552,0.177,0.815,0.581,0.329,0.231,150,75,63,36,0.451,0.174,0.574,0.334,0.203,0.107,66,49,37,31
0.246,0.465,0.369,0.2,0.291,1,0.7316,0.5890,0.286,0.180,0.552,0.177,0.815,0.581,0.329,0.231,150,75,63,36,0.451,0.174,0.574,0.334,0.203,0.107,66,49,37,31
0.184,0.404,0.005,-0.08,0.108,0,0.7264,0.5858,0.231,0.059,0.552,0.177,0.815,0.581,0.329,0.231,150,75,63,36,0.451,0.174,0.574,0.334,0.203,0.107,66,49,37,31
0.228,0.301,0.021,2.53,0.140,0,0.7298,0.5854,0.141,-0.121,0.552,0.177,0.815,0.581,0.329,0.231,150,75,63,36,0.451,0.174,0.574,0.334,0.203,0.107,66,49,37,31
0.244,0.397,0.069,-0.52,0.062,0,0.7285,0.5822,0.187,0.341,0.552,0.177,0.815,0.581,0.329,0.231,150,75,63,36,0.451,0.174,0.574,0.334,0.203,0.107,66,49,37,31
0.209,0.452,0.001,-0.08,0.108,0,0.7289,0.5807,0.243,0.059,0.552,0.177,0.815,0.581,0.329,0.231,150,75,63,36,0.451,0.174,0.574,0.334,0.203,0.107,66,49,37,31
0.205,0.398,0.003,0,0.000,0,0.7309,0.5814,0.197,0.166,0.552,0.177,0.815,0.581,0.329,0.231,150,75,63,36,0.451,0.174,0.574,0.334,0.203,0.107,66,49,37,31
0.197,0.717,0.014,-0.08,0.108,0,0.7226,0.5751,0.312,0.059,0.552,0.177,0.815,0.581,0.329,0.231,150,75,63,36,0.451,0.174,0.574,0.334,0.203,0.107,66,49,37,31
0.198,0.390,0.001,0.85,0.046,0,0.7010,0.5606,0.152,0.06,0.552,0.177,0.815,0.581,0.329,0.231,150,75,63,36,0.451,0.174,0.574,0.334,0.203,0.107,66,49,37,31
0.198,0.366,0.000,1.99,0.186,0,0.6755,0.5430,0.113,-0.326,0.552,0.177,0.815,0.581,0.329,0.231,150,75,63,36,0.451,0.174,0.574,0.334,0.203,0.107,66,49,37,31
0.207,0.474,0.020,-0.52,0.062,0,0.6431,0.5189,0.214,0.341,0.552,0.177,0.815,0.581,0.329,0.231,150,75,63,36,0.451,0.174,0.574,0.334,0.203,0.107,66,49,37,31
0.261,0.498,0.059,-1.19,0.219,1,0.6091,0.4918,0.366,0.586,0.552,0.177,0.815,0.581,0.329,0.231,150,75,63,36,0.451,0.174,0.574,0.334,0.203,0.107,66,49,37,31
0.219,0.461,0.011,1.37,0.298,0,0.5741,0.4644,0.117,-0.510,0.552,0.177,0.815,0.581,0.329,0.231,150,75,63,36,0.451,0.174,0.574,0.334,0.203,0.107,66,49,37,31
0.207,0.525,0.209,0.2,0.291,1,0.5543,0.4468,0.283,0.180,0.552,0.177,0.815,0.581,0.329,0.231,150,75,63,36,0.451,0.174,0.574,0.334,0.203,0.107,66,49,37,31
0.173,0.410,0.161,-0.52,0.062,0,0.5407,0.4350,0.325,0.341,0.552,0.177,0.815,0.581,0.329,0.231,150,75,63,36,0.451,0.174,0.574,0.334,0.203,0.107,66,49,37,31
0.136,0.501,0.279,0.2,0.291,1,0.5231,0.4159,0.364,0.180,0.552,0.177,0.815,0.581,0.329,0.231,150,75,63,36,0.451,0.174,0.574,0.334,0.203,0.107,66,49,37,31
0.152,0.379,0.016,-0.52,0.062,0,0.5113,0.3993,0.254,0.341,0.552,0.177,0.815,0.581,0.329,0.231,150,75,63,36,0.451,0.174,0.574,0.334,0.203,0.107,66,49,37,31
0.122,0.254,0.040,0.85,0.046,0,0.5084,0.3888,0.330,0.06,0.552,0.177,0.815,0.581,0.329,0.231,150,75,63,36,0.451,0.174,0.574,0.334,0.203,0.107,66,49,37,31
0.105,0.296,0.011,-1.1,0.105,-1,0.5130,0.3863,0.491,0.192,0.552,0.177,0.815,0.581,0.329,0.231,150,75,63,36,0.451,0.174,0.574,0.334,0.203,0.107,66,49,37,31
0.104,0.278,0.001,0,0.000,0,0.5198,0.3859,0.248,0.166,0.552,0.177,0.815,0.581,0.329,0.231,150,75,63,36,0.451,0.174,0.574,0.334,0.203,0.107,66,49,37,31
0.099,0.212,0.001,0.85,0.046,0,0.5314,0.3897,0.185,0.06,0.552,0.177,0.815,0.581,0.329,0.231,150,75,63,36,0.451,0.174,0.574,0.334,0.203,0.107,66,49,37,31
0.094,0.371,0.160,-1.19,0.219,1,0.5410,0.3881,0.417,0.586,0.552,0.177,0.815,0.581,0.329,0.231,150,75,63,36,0.451,0.174,0.574,0.334,0.203,0.107,66,49,37,31
0.079,0.375,0.022,-0.48,0.134,0,0.5325,0.3728,0.322,0.007,0.552,0.177,0.815,0.581,0.329,0.231,150,75,63,36,0.451,0.174,0.574,0.334,0.203,0.107,66,49,37,31
0.086,0.404,0.001,1.37,0.298,0,0.5136,0.3472,0.179,-0.510,0.552,0.177,0.815,0.581,0.329,0.231,150,75,63,36,0.451,0.174,0.574,0.334,0.203,0.107,66,49,37,31
0.083,0.317,0.004,1.69,0.290,0,0.4847,0.3146,0.141,-0.697,0.552,0.177,0.815,0.581,0.329,0.231,150,75,63,36,0.451,0.174,0.574,0.334,0.203,0.107,66,49,37,31
0.078,0.320,0.001,-0.79,0.151,-1,0.4506,0.2791,0.388,0.736,0.552,0.177,0.815,0.581,0.329,0.231,150,75,63,36,0.451,0.174,0.574,0.334,0.203,0.107,66,49,37,31
0.075,0.349,0.001,0.22,0.230,0,0.4098,0.2394,0.273,0.303,0.552,0.177,0.815,0.581,0.329,0.231,150,75,63,36,0.451,0.174,0.574,0.334,0.203,0.107,66,49,37,31
0.073,0.407,0.001,-0.79,0.151,-1,0.3654,0.1990,0.298,0.736,0.552,0.177,0.815,0.581,0.329,0.231,150,75,63,36,0.451,0.174,0.574,0.334,0.203,0.107,66,49,37,31
0.072,0.397,0.001,-0.79,0.151,-1,0.3228,0.1611,0.389,0.736,0.552,0.177,0.815,0.581,0.329,0.231,150,75,63,36,0.451,0.174,0.574,0.334,0.203,0.107,66,49,37,31
0.078,0.688,0.001,1.99,0.186,0,0.2965,0.1378,0.127,-0.326,0.552,0.177,0.815,0.581,0.329,0.231,150,75,63,36,0.451,0.174,0.574,0.334,0.203,0.107,66,49,37,31
0.062,0.780,0.001,-0.08,0.108,0,0.2843,0.1281,0.166,0.059,0.552,0.177,0.815,0.581,0.329,0.231,150,75,63,36,0.451,0.174,0.574,0.334,0.203,0.107,66,49,37,31
0.063,0.332,0.001,2.53,0.140,0,0.2947,0.1395,0.071,-0.121,0.552,0.177,0.815,0.581,0.329,0.231,150,75,63,36,0.451,0.174,0.574,0.334,0.203,0.107,66,49,37,31
0.042,0.733,0.003,-0.52,0.062,0,0.3183,0.1628,0.212,0.341,0.552,0.177,0.815,0.581,0.329,0.231,150,75,63,36,0.451,0.174,0.574,0.334,0.203,0.107,66,49,37,31
0.048,0.760,0.001,-0.42,0.180,0,0.3386,0.1805,0.136,0.318,0.552,0.177,0.815,0.581,0.329,0.231,150,75,63,36,0.451,0.174,0.574,0.334,0.203,0.107,66,49,37,31
0.068,0.326,0.001,1.99,0.186,0,0.3555,0.1939,0.023,-0.326,0.552,0.177,0.815,0.581,0.329,0.231,150,75,63,36,0.451,0.174,0.574,0.334,0.203,0.107,66,49,37,31
0.084,0.346,0.001,1.99,0.186,0,0.3664,0.2000,0.059,-0.326,0.552,0.177,0.815,0.581,0.329,0.231,150,75,63,36,0.451,0.174,0.574,0.334,0.203,0.107,66,49,37,31
0.084,0.357,0.000,1.99,0.186,0,0.3669,0.2000,0.121,-0.326,0.552,0.177,0.815,0.581,0.329,0.231,150,75,63,36,0.451,0.174,0.574,0.334,0.203,0.107,66,49,37,31
0.081,0.330,0.001,2.1,0.128,0,0.3583,0.1929,0.057,0.02,0.552,0.177,0.815,0.581,0.329,0.231,150,75,63,36,0.451,0.174,0.574,0.334,0.203,0.107,66,49,37,31
0.100,0.328,0.001,1.99,0.186,0,0.3429,0.1816,0.040,-0.326,0.552,0.177,0.815,0.581,0.329,0.231,150,75,63,36,0.451,0.174,0.574,0.334,0.203,0.107,66,49,37,31
0.100,0.749,0.156,0.2,0.291,1,0.3227,0.1653,0.309,0.180,0.552,0.177,0.815,0.581,0.329,0.231,150,75,63,36,0.451,0.174,0.574,0.334,0.203,0.107,66,49,37,31
0.100,0.328,0.000,-0.79,0.151,-1,0.2987,0.1472,0.391,0.736,0.552,0.177,0.815,0.581,0.329,0.231,150,75,63,36,0.451,0.174,0.574,0.334,0.203,0.107,66,49,37,31
0.106,0.735,0.000,0,0.000,0,0.2801,0.1325,0.271,0.166,0.552,0.177,0.815,0.581,0.329,0.231,150,75,63,36,0.451,0.174,0.574,0.334,0.203,0.107,66,49,37,31
0.105,0.786,0.122,-0.48,0.134,0,0.2726,0.1279,0.347,0.007,0.552,0.177,0.815,0.581,0.329,0.231,150,75,63,36,0.451,0.174,0.574,0.334,0.203,0.107,66,49,37,31
0.124,0.752,0.134,-0.42,0.180,0,0.2810,0.1374,0.370,0.318,0.552,0.177,0.815,0.581,0.329,0.231,150,75,63,36,0.451,0.174,0.574,0.334,0.203,0.107,66,49,37,31
0.105,0.783,0.069,-1.19,0.219,1,0.3106,0.1620,0.294,0.586,0.552,0.177,0.815,0.581,0.329,0.231,150,75,63,36,0.451,0.174,0.574,0.334,0.203,0.107,66,49,37,31
0.106,0.275,0.023,2.53,0.140,0,0.3510,0.1956,0.098,-0.121,0.552,0.177,0.815,0.581,0.329,0.231,150,75,63,36,0.451,0.174,0.574,0.334,0.203,0.107,66,49,37,31
0.132,0.382,0.070,-0.79,0.151,-1,0.3945,0.2335,0.423,0.736,0.552,0.177,0.815,0.581,0.329,0.231,150,75,63,36,0.451,0.174,0.574,0.334,0.203,0.107,66,49,37,31
0.108,0.720,0.164,0.2,0.291,1,0.4358,0.2728,0.304,0.180,0.552,0.177,0.815,0.581,0.329,0.231,150,75,63,36,0.451,0.174,0.574,0.334,0.203,0.107,66,49,37,31
0.109,0.251,0.058,1.99,0.186,0,0.4677,0.3066,0.057,-0.326,0.552,0.177,0.815,0.581,0.329,0.231,150,75,63,36,0.451,0.174,0.574,0.334,0.203,0.107,66,49,37,31
0.109,0.250,0.068,-0.79,0.151,-1,0.4888,0.3321,0.314,0.736,0.552,0.177,0.815,0.581,0.329,0.231,150,75,63,36,0.451,0.174,0.574,0.334,0.203,0.107,66,49,37,31
0.111,0.268,0.002,2.53,0.140,0,0.4963,0.3469,0.344,-0.121,0.552,0.177,0.815,0.581,0.329,0.231,150,75,63,36,0.451,0.174,0.574,0.334,0.203,0.107,66,49,37,31
0.130,0.249,0.001,0.85,0.046,0,0.4867,0.3472,0.110,0.06,0.552,0.177,0.815,0.581,0.329,0.231,150,75,63,36,0.451,0.174,0.574,0.334,0.203,0.107,66,49,37,31
0.105,0.197,0.023,1.99,0.186,0,0.4713,0.3398,0.073,-0.326,0.552,0.177,0.815,0.581,0.329,0.231,150,75,63,36,0.451,0.174,0.574,0.334,0.203,0.107,66,49,37,31
0.101,0.371,0.253,-1.19,0.219,1,0.4467,0.3245,0.481,0.586,0.552,0.177,0.815,0.581,0.329,0.231,150,75,63,36,0.451,0.174,0.574,0.334,0.203,0.107,66,49,37,31
0.130,0.258,0.001,-0.79,0.151,-1,0.4353,0.3180,0.383,0.736,0.552,0.177,0.815,0.581,0.329,0.231,150,75,63,36,0.451,0.174,0.574,0.334,0.203,0.107,66,49,37,31
0.130,0.226,0.009,0.85,0.046,0,0.4308,0.3163,0.057,0.06,0.552,0.177,0.815,0.581,0.329,0.231,150,75,63,36,0.451,0.174,0.574,0.334,0.203,0.107,66,49,37,31
0.124,0.345,0.296,-1.19,0.219,1,0.4371,0.3250,0.392,0.586,0.552,0.177,0.815,0.581,0.329,0.231,150,75,63,36,0.451,0.174,0.574,0.334,0.203,0.107,66,49,37,31
0.158,0.261,0.056,-0.79,0.151,-1,0.4573,0.3445,0.513,0.736,0.552,0.177,0.815,0.581,0.329,0.231,150,75,63,36,0.451,0.174,0.574,0.334,0.203,0.107,66,49,37,31
0.130,0.737,0.058,0.2,0.291,1,0.4826,0.3709,0.369,0.180,0.552,0.177,0.815,0.581,0.329,0.231,150,75,63,36,0.451,0.174,0.574,0.334,0.203,0.107,66,49,37,31
0.136,0.229,0.004,2.53,0.140,0,0.5096,0.4014,0.130,-0.121,0.552,0.177,0.815,0.581,0.329,0.231,150,75,63,36,0.451,0.174,0.574,0.334,0.203,0.107,66,49,37,31
0.173,0.370,0.096,-0.52,0.062,0,0.5366,0.4329,0.386,0.341,0.552,0.177,0.815,0.581,0.329,0.231,150,75,63,36,0.451,0.174,0.574,0.334,0.203,0.107,66,49,37,31
0.142,0.329,0.000,-1.1,0.105,-1,0.5599,0.4617,0.459,0.192,0.552,0.177,0.815,0.581,0.329,0.231,150,75,63,36,0.451,0.174,0.574,0.334,0.203,0.107,66,49,37,31
0.138,0.254,0.003,1.69,0.290,0,0.5807,0.4868,0.152,-0.697,0.552,0.177,0.815,0.581,0.329,0.231,150,75,63,36,0.451,0.174,0.574,0.334,0.203,0.107,66,49,37,31
0.113,0.316,0.060,-0.79,0.151,-1,0.5952,0.5051,0.452,0.736,0.552,0.177,0.815,0.581,0.329,0.231,150,75,63,36,0.451,0.174,0.574,0.334,0.203,0.107,66,49,37,31
0.087,0.381,0.077,-1.19,0.219,1,0.6170,0.5267,0.513,0.586,0.552,0.177,0.815,0.581,0.329,0.231,150,75,63,36,0.451,0.174,0.574,0.334,0.203,0.107,66,49,37,31
0.103,0.711,0.107,-1.19,0.219,1,0.6350,0.5483,0.446,0.586,0.552,0.177,0.815,0.581,0.329,0.231,150,75,63,36,0.451,0.174,0.574,0.334,0.203,0.107,66,49,37,31
0.097,0.307,0.095,-0.08,0.108,0,0.6473,0.5656,0.339,0.059,0.552,0.177,0.815,0.581,0.329,0.231,150,75,63,36,0.451,0.174,0.574,0.334,0.203,0.107,66,49,37,31
0.063,0.324,0.148,-0.52,0.062,0,0.6628,0.5825,0.396,0.341,0.552,0.177,0.815,0.581,0.329,0.231,150,75,63,36,0.451,0.174,0.574,0.334,0.203,0.107,66,49,37,31
0.080,0.372,0.024,-0.48,0.134,0,0.6821,0.5985,0.422,0.007,0.552,0.177,0.815,0.581,0.329,0.231,150,75,63,36,0.451,0.174,0.574,0.334,0.203,0.107,66,49,37,31
0.081,0.698,0.145,0.2,0.291,1,0.7003,0.6099,0.343,0.180,0.552,0.177,0.815,0.581,0.329,0.231,150,75,63,36,0.451,0.174,0.574,0.334,0.203,0.107,66,49,37,31
0.077,0.369,0.058,-0.52,0.062,0,0.7263,0.6264,0.377,0.341,0.552,0.177,0.815,0.581,0.329,0.231,150,75,63,36,0.451,0.174,0.574,0.334,0.203,0.107,66,49,37,31
0.058,0.263,0.000,-0.79,0.151,-1,0.7507,0.6430,0.367,0.736,0.552,0.177,0.815,0.581,0.329,0.231,150,75,63,36,0.451,0.174,0.574,0.334,0.203,0.107,66,49,37,31
0.077,0.172,0.000,3.14,0.186,0,0.7834,0.6633,0.177,-0.486,0.552,0.177,0.815,0.581,0.329,0.231,150,75,63,36,0.451,0.174,0.574,0.334,0.203,0.107,66,49,37,31
0.076,0.224,0.001,-0.79,0.151,-1,0.8098,0.6785,0.346,0.736,0.552,0.177,0.815,0.581,0.329,0.231,150,75,63,36,0.451,0.174,0.574,0.334,0.203,0.107,66,49,37,31
0.079,0.270,0.001,-0.08,0.108,0,0.8324,0.6921,0.344,0.059,0.552,0.177,0.815,0.581,0.329,0.231,150,75,63,36,0.451,0.174,0.574,0.334,0.203,0.107,66,49,37,31
0.060,0.251,0.001,-0.42,0.180,0,0.8526,0.7072,0.327,0.318,0.552,0.177,0.815,0.581,0.329,0.231,150,75,63,36,0.451,0.174,0.574,0.334,0.203,0.107,66,49,37,31
0.038,0.189,0.014,-0.08,0.108,0,0.8674,0.7223,0.349,0.059,0.552,0.177,0.815,0.581,0.329,0.231,150,75,63,36,0.451,0.174,0.574,0.334,0.203,0.107,66,49,37,31
0.032,0.173,0.001,-0.79,0.151,-1,0.8757,0.7362,0.491,0.736,0.552,0.177,0.815,0.581,0.329,0.231,150,75,63,36,0.451,0.174,0.574,0.334,0.203,0.107,66,49,37,31
0.039,0.139,0.000,0,0.000,0,0.8797,0.7472,0.367,0.166,0.552,0.177,0.815,0.581,0.329,0.231,150,75,63,36,0.451,0.174,0.574,0.334,0.203,0.107,66,49,37,31
0.047,0.199,0.002,-0.52,0.062,0,0.8882,0.7620,0.324,0.341,0.552,0.177,0.815,0.581,0.329,0.231,150,75,63,36,0.451,0.174,0.574,0.334,0.203,0.107,66,49,37,31
0.043,0.183,0.028,-0.08,0.108,0,0.8910,0.7710,0.416,0.059,0.552,0.177,0.815,0.581,0.329,0.231,150,75,63,36,0.451,0.174,0.574,0.334,0.203,0.107,66,49,37,31
0.033,0.110,0.000,-0.79,0.151,-1,0.8902,0.7748,0.454,0.736,0.552,0.177,0.815,0.581,0.329,0.231,150,75,63,36,0.451,0.174,0.574,0.334,0.203,0.107,66,49,37,31
0.039,0.136,0.001,-1.19,0.219,1,0.9011,0.7833,0.478,0.586,0.552,0.177,0.815,0.581,0.329,0.231,150,75,63,36,0.451,0.174,0.574,0.334,0.203,0.107,66,49,37,31
0.040,0.111,0.000,-0.79,0.151,-1,0.9016,0.7843,0.447,0.736,0.552,0.177,0.815,0.581,0.329,0.231,150,75,63,36,0.451,0.174,0.574,0.334,0.203,0.107,66,49,37,31
0.051,0.138,0.001,-0.48,0.134,0,0.9055,0.7886,0.383,0.007,0.552,0.177,0.815,0.581,0.329,0.231,150,75,63,36,0.451,0.174,0.574,0.334,0.203,0.107,66,49,37,31
0.057,0.080,0.000,-1.1,0.105,-1,0.9008,0.7845,0.371,0.192,0.552,0.177,0.815,0.581,0.329,0.231,150,75,63,36,0.451,0.174,0.574,0.334,0.203,0.107,66,49,37,31
0.047,0.076,0.000,-0.79,0.151,-1,0.8929,0.7767,0.488,0.736,0.552,0.177,0.815,0.581,0.329,0.231,150,75,63,36,0.451,0.174,0.574,0.334,0.203,0.107,66,49,37,31
0.050,0.094,0.001,-0.79,0.151,-1,0.8788,0.7625,0.512,0.736,0.552,0.177,0.815,0.581,0.329,0.231,150,75,63,36,0.451,0.174,0.574,0.334,0.203,0.107,66,49,37,31
0.050,0.166,0.001,-1.19,0.219,1,0.8554,0.7444,0.501,0.586,0.552,0.177,0.815,0.581,0.329,0.231,150,75,63,36,0.451,0.174,0.574,0.334,0.203,0.107,66,49,37,31
0.049,0.138,0.001,0,0.000,0,0.8305,0.7277,0.273,0.166,0.552,0.177,0.815,0.581,0.329,0.231,150,75,63,36,0.451,0.174,0.574,0.334,0.203,0.107,66,49,37,31
0.046,0.153,0.001,-1.14,0.131,0,0.8092,0.7150,0.365,0.987,0.552,0.177,0.815,0.581,0.329,0.231,150,75,63,36,0.451,0.174,0.574,0.334,0.203,0.107,66,49,37,31
0.041,0.210,0.000,-0.79,0.151,-1,0.7852,0.6994,0.536,0.736,0.552,0.177,0.815,0.581,0.329,0.231,150,75,63,36,0.451,0.174,0.574,0.334,0.203,0.107,66,49,37,31
0.051,0.293,0.004,-0.08,0.108,0,0.7518,0.6761,0.323,0.059,0.552,0.177,0.815,0.581,0.329,0.231,150,75,63,36,0.451,0.174,0.574,0.334,0.203,0.107,66,49,37,31
0.039,0.226,0.001,2.53,0.140,0,0.7175,0.6559,0.208,-0.121,0.552,0.177,0.815,0.581,0.329,0.231,150,75,63,36,0.451,0.174,0.574,0.334,0.203,0.107,66,49,37,31
0.048,0.317,0.024,0,0.000,0,0.6811,0.6367,0.259,0.166,0.552,0.177,0.815,0.581,0.329,0.231,150,75,63,36,0.451,0.174,0.574,0.334,0.203,0.107,66,49,37,31
0.055,0.335,0.002,-0.52,0.062,0,0.6419,0.6156,0.350,0.341,0.552,0.177,0.815,0.581,0.329,0.231,150,75,63,36,0.451,0.174,0.574,0.334,0.203,0.107,66,49,37,31
0.060,0.274,0.000,-0.79,0.151,-1,0.5942,0.5859,0.316,0.736,0.552,0.177,0.815,0.581,0.329,0.231,150,75,63,36,0.451,0.174,0.574,0.334,0.203,0.107,66,49,37,31
0.074,0.208,0.002,2.53,0.140,0,0.5459,0.5552,0.119,-0.121,0.552,0.177,0.815,0.581,0.329,0.231,150,75,63,36,0.451,0.174,0.574,0.334,0.203,0.107,66,49,37,31
0.075,0.304,0.000,-0.79,0.151,-1,0.4963,0.5193,0.359,0.736,0.552,0.177,0.815,0.581,0.329,0.231,150,75,63,36,0.451,0.174,0.574,0.334,0.203,0.107,66,49,37,31
0.075,0.263,0.000,0.85,0.046,0,0.4515,0.4836,0.205,0.06,0.552,0.177,0.815,0.581,0.329,0.231,150,75,63,36,0.451,0.174,0.574,0.334,0.203,0.107,66,49,37,31
0.059,0.266,0.001,1.99,0.186,0,0.4193,0.4554,0.086,-0.326,0.552,0.177,0.815,0.581,0.329,0.231,150,75,63,36,0.451,0.174,0.574,0.334,0.203,0.107,66,49,37,31
0.062,0.399,0.136,-0.48,0.134,0,0.3953,0.4325,0.211,0.007,0.552,0.177,0.815,0.581,0.329,0.231,150,75,63,36,0.451,0.174,0.574,0.334,0.203,0.107,66,49,37,31
0.074,0.327,0.000,1.99,0.186,0,0.3875,0.4192,0.226,-0.326,0.552,0.177,0.815,0.581,0.329,0.231,150,75,63,36,0.451,0.174,0.574,0.334,0.203,0.107,66,49,37,31
0.063,0.455,0.001,-0.42,0.180,0,0.3807,0.4040,0.285,0.318,0.552,0.177,0.815,0.581,0.329,0.231,150,75,63,36,0.451,0.174,0.574,0.334,0.203,0.107,66,49,37,31
0.063,0.337,0.001,2.53,0.140,0,0.3844,0.3948,0.044,-0.121,0.552,0.177,0.815,0.581,0.329,0.231,150,75,63,36,0.451,0.174,0.574,0.334,0.203,0.107,66,49,37,31
0.067,0.736,0.115,-0.08,0.108,0,0.3919,0.3878,0.255,0.059,0.552,0.177,0.815,0.581,0.329,0.231,150,75,63,36,0.451,0.174,0.574,0.334,0.203,0.107,66,49,37,31
0.060,0.736,0.002,-0.52,0.062,0,0.3981,0.3829,0.313,0.341,0.552,0.177,0.815,0.581,0.329,0.231,150,75,63,36,0.451,0.174,0.574,0.334,0.203,0.107,66,49,37,31
0.093,0.352,0.002,1.99,0.186,0,0.4003,0.3751,0.089,-0.326,0.552,0.177,0.815,0.581,0.329,0.231,150,75,63,36,0.451,0.174,0.574,0.334,0.203,0.107,66,49,37,31
0.093,0.345,0.010,1.69,0.290,0,0.4089,0.3721,0.079,-0.697,0.552,0.177,0.815,0.581,0.329,0.231,150,75,63,36,0.451,0.174,0.574,0.334,0.203,0.107,66,49,37,31
0.120,0.702,0.038,-1.19,0.219,1,0.4171,0.3665,0.493,0.586,0.552,0.177,0.815,0.581,0.329,0.231,150,75,63,36,0.451,0.174,0.574,0.334,0.203,0.107,66,49,37,31
0.097,0.263,0.000,-0.79,0.151,-1,0.4230,0.3587,0.344,0.736,0.552,0.177,0.815,0.581,0.329,0.231,150,75,63,36,0.451,0.174,0.574,0.334,0.203,0.107,66,49,37,31
0.098,0.243,0.001,1.99,0.186,0,0.4270,0.3524,0.049,-0.326,0.552,0.177,0.815,0.581,0.329,0.231,150,75,63,36,0.451,0.174,0.574,0.334,0.203,0.107,66,49,37,31
0.094,0.307,0.109,-0.42,0.180,0,0.4290,0.3462,0.337,0.318,0.552,0.177,0.815,0.581,0.329,0.231,150,75,63,36,0.451,0.174,0.574,0.334,0.203,0.107,66,49,37,31
0.094,0.302,0.000,-0.79,0.151,-1,0.4355,0.3451,0.498,0.736,0.552,0.177,0.815,0.581,0.329,0.231,150,75,63,36,0.451,0.174,0.574,0.334,0.203,0.107,66,49,37,31
0.102,0.297,0.000,0.85,0.046,0,0.4455,0.3471,0.204,0.06,0.552,0.177,0.815,0.581,0.329,0.231,150,75,63,36,0.451,0.174,0.574,0.334,0.203,0.107,66,49,37,31
0.126,0.301,0.152,0.22,0.230,0,0.4569,0.3502,0.203,0.303,0.552,0.177,0.815,0.581,0.329,0.231,150,75,63,36,0.451,0.174,0.574,0.334,0.203,0.107,66,49,37,31
0.163,0.365,0.075,-0.08,0.108,0,0.4674,0.3524,0.375,0.059,0.552,0.177,0.815,0.581,0.329,0.231,150,75,63,36,0.451,0.174,0.574,0.334,0.203,0.107,66,49,37,31
0.161,0.719,0.007,-1.19,0.219,1,0.4824,0.3577,0.489,0.586,0.552,0.177,0.815,0.581,0.329,0.231,150,75,63,36,0.451,0.174,0.574,0.334,0.203,0.107,66,49,37,31
0.161,0.351,0.003,1.99,0.186,0,0.4980,0.3662,0.200,-0.326,0.552,0.177,0.815,0.581,0.329,0.231,150,75,63,36,0.451,0.174,0.574,0.334,0.203,0.107,66,49,37,31
0.188,0.391,0.067,-0.52,0.062,0,0.5148,0.3772,0.345,0.341,0.552,0.177,0.815,0.581,0.329,0.231,150,75,63,36,0.451,0.174,0.574,0.334,0.203,0.107,66,49,37,31
0.126,0.393,0.000,-0.79,0.151,-1,0.5315,0.3893,0.363,0.736,0.552,0.177,0.815,0.581,0.329,0.231,150,75,63,36,0.451,0.174,0.574,0.334,0.203,0.107,66,49,37,31
0.188,0.345,0.001,0.85,0.046,0,0.5324,0.3891,0.225,0.06,0.552,0.177,0.815,0.581,0.329,0.231,150,75,63,36,0.451,0.174,0.574,0.334,0.203,0.107,66,49,37,31
0.193,0.353,0.047,-0.79,0.151,-1,0.5224,0.3794,0.378,0.736,0.552,0.177,0.815,0.581,0.329,0.231,150,75,63,36,0.451,0.174,0.574,0.334,0.203,0.107,66,49,37,31
0.193,0.246,0.001,1.99,0.186,0,0.5055,0.3669,0.234,-0.326,0.552,0.177,0.815,0.581,0.329,0.231,150,75,63,36,0.451,0.174,0.574,0.334,0.203,0.107,66,49,37,31
0.233,0.232,0.003,1.42,0.221,0,0.4943,0.3642,0.135,-0.397,0.552,0.177,0.815,0.581,0.329,0.231,150,75,63,36,0.451,0.174,0.574,0.334,0.203,0.107,66,49,37,31
0.231,0.316,0.279,-1.19,0.219,1,0.4811,0.3619,0.328,0.586,0.552,0.177,0.815,0.581,0.329,0.231,150,75,63,36,0.451,0.174,0.574,0.334,0.203,0.107,66,49,37,31
0.181,0.399,0.339,-1.19,0.219,1,0.4653,0.3552,0.474,0.586,0.552,0.177,0.815,0.581,0.329,0.231,150,75,63,36,0.451,0.174,0.574,0.334,0.203,0.107,66,49,37,31
0.196,0.690,0.177,0.2,0.291,1,0.4507,0.3459,0.255,0.180,0.552,0.177,0.815,0.581,0.329,0.231,150,75,63,36,0.451,0.174,0.574,0.334,0.203,0.107,66,49,37,31
0.196,0.248,0.027,1.99,0.186,0,0.4537,0.3507,0.065,-0.326,0.552,0.177,0.815,0.581,0.329,0.231,150,75,63,36,0.451,0.174,0.574,0.334,0.203,0.107,66,49,37,31
0.169,0.335,0.361,-0.42,0.180,0,0.4594,0.3587,0.365,0.318,0.552,0.177,0.815,0.581,0.329,0.231,150,75,63,36,0.451,0.174,0.574,0.334,0.203,0.107,66,49,37,31
0.169,0.289,0.036,-0.79,0.151,-1,0.4675,0.3698,0.517,0.736,0.552,0.177,0.815,0.581,0.329,0.231,150,75,63,36,0.451,0.174,0.574,0.334,0.203,0.107,66,49,37,31
0.205,0.375,0.018,-1.19,0.219,1,0.4737,0.3785,0.277,0.586,0.552,0.177,0.815,0.581,0.329,0.231,150,75,63,36,0.451,0.174,0.574,0.334,0.203,0.107,66,49,37,31
0.199,0.221,0.002,2.1,0.128,0,0.4798,0.3853,0.106,0.02,0.552,0.177,0.815,0.581,0.329,0.231,150,75,63,36,0.451,0.174,0.574,0.334,0.203,0.107,66,49,37,31
0.230,0.380,0.037,-0.42,0.180,0,0.4822,0.3875,0.439,0.318,0.552,0.177,0.815,0.581,0.329,0.231,150,75,63,36,0.451,0.174,0.574,0.334,0.203,0.107,66,49,37,31
0.241,0.275,0.000,0.85,0.046,0,0.4900,0.3927,0.320,0.06,0.552,0.177,0.815,0.581,0.329,0.231,150,75,63,36,0.451,0.174,0.574,0.334,0.203,0.107,66,49,37,31
0.194,0.239,0.001,1.99,0.186,0,0.4981,0.3973,0.140,-0.326,0.552,0.177,0.815,0.581,0.329,0.231,150,75,63,36,0.451,0.174,0.574,0.334,0.203,0.107,66,49,37,31
0.158,0.275,0.016,-0.79,0.151,-1,0.5145,0.4089,0.360,0.736,0.552,0.177,0.815,0.581,0.329,0.231,150,75,63,36,0.451,0.174,0.574,0.334,0.203,0.107,66,49,37,31
0.108,0.402,0.123,0.2,0.291,1,0.5386,0.4248,0.471,0.180,0.552,0.177,0.815,0.581,0.329,0.231,150,75,63,36,0.451,0.174,0.574,0.334,0.203,0.107,66,49,37,31
0.085,0.426,0.004,-1.19,0.219,1,0.5572,0.4368,0.447,0.586,0.552,0.177,0.815,0.581,0.329,0.231,150,75,63,36,0.451,0.174,0.574,0.334,0.203,0.107,66,49,37,31
0.106,0.352,0.026,-0.48,0.134,0,0.5656,0.4371,0.322,0.007,0.552,0.177,0.815,0.581,0.329,0.231,150,75,63,36,0.451,0.174,0.574,0.334,0.203,0.107,66,49,37,31
0.106,0.366,0.042,-0.52,0.062,0,0.5637,0.4275,0.408,0.341,0.552,0.177,0.815,0.581,0.329,0.231,150,75,63,36,0.451,0.174,0.574,0.334,0.203,0.107,66,49,37,31
0.106,0.322,0.000,0.85,0.046,0,0.5597,0.4171,0.439,0.06,0.552,0.177,0.815,0.581,0.329,0.231,150,75,63,36,0.451,0.174,0.574,0.334,0.203,0.107,66,49,37,31
0.085,0.272,0.003,3.14,0.186,0,0.5585,0.4105,0.213,-0.486,0.552,0.177,0.815,0.581,0.329,0.231,150,75,63,36,0.451,0.174,0.574,0.334,0.203,0.107,66,49,37,31
0.082,0.283,0.026,-1.14,0.131,0,0.5632,0.4126,0.347,0.987,0.552,0.177,0.815,0.581,0.329,0.231,150,75,63,36,0.451,0.174,0.574,0.334,0.203,0.107,66,49,37,31
0.075,0.364,0.001,-0.52,0.062,0,0.5631,0.4087,0.564,0.341,0.552,0.177,0.815,0.581,0.329,0.231,150,75,63,36,0.451,0.174,0.574,0.334,0.203,0.107,66,49,37,31
0.071,0.362,0.001,-0.79,0.151,-1,0.5532,0.3937,0.456,0.736,0.552,0.177,0.815,0.581,0.329,0.231,150,75,63,36,0.451,0.174,0.574,0.334,0.203,0.107,66,49,37,31
0.060,0.314,0.001,1.99,0.186,0,0.5470,0.3824,0.191,-0.326,0.552,0.177,0.815,0.581,0.329,0.231,150,75,63,36,0.451,0.174,0.574,0.334,0.203,0.107,66,49,37,31
0.093,0.429,0.016,-0.48,0.134,0,0.5406,0.3715,0.348,0.007,0.552,0.177,0.815,0.581,0.329,0.231,150,75,63,36,0.451,0.174,0.574,0.334,0.203,0.107,66,49,37,31
0.111,0.429,0.000,-0.79,0.151,-1,0.5370,0.3668,0.440,0.736,0.552,0.177,0.815,0.581,0.329,0.231,150,75,63,36,0.451,0.174,0.574,0.334,0.203,0.107,66,49,37,31
0.089,0.725,0.084,-1.19,0.219,1,0.5283,0.3581,0.365,0.586,0.552,0.177,0.815,0.581,0.329,0.231,150,75,63,36,0.451,0.174,0.574,0.334,0.203,0.107,66,49,37,31
0.086,0.406,0.023,-0.42,0.180,0,0.5167,0.3464,0.268,0.318,0.552,0.177,0.815,0.581,0.329,0.231,150,75,63,36,0.451,0.174,0.574,0.334,0.203,0.107,66,49,37,31
0.081,0.316,0.000,-0.79,0.151,-1,0.4964,0.3264,0.337,0.736,0.552,0.177,0.815,0.581,0.329,0.231,150,75,63,36,0.451,0.174,0.574,0.334,0.203,0.107,66,49,37,31
0.078,0.237,0.001,1.99,0.186,0,0.4820,0.3149,0.193,-0.326,0.552,0.177,0.815,0.581,0.329,0.231,150,75,63,36,0.451,0.174,0.574,0.334,0.203,0.107,66,49,37,31
0.080,0.265,0.001,2.53,0.140,0,0.4651,0.3035,0.216,-0.121,0.552,0.177,0.815,0.581,0.329,0.231,150,75,63,36,0.451,0.174,0.574,0.334,0.203,0.107,66,49,37,31
0.067,0.382,0.003,1.37,0.298,0,0.4624,0.3050,0.215,-0.510,0.552,0.177,0.815,0.581,0.329,0.231,150,75,63,36,0.451,0.174,0.574,0.334,0.203,0.107,66,49,37,31
0.067,0.370,0.000,-0.08,0.108,0,0.4634,0.3086,0.255,0.059,0.552,0.177,0.815,0.581,0.329,0.231,150,75,63,36,0.451,0.174,0.574,0.334,0.203,0.107,66,49,37,31
0.087,0.428,0.014,-0.48,0.134,0,0.4537,0.3025,0.278,0.007,0.552,0.177,0.815,0.581,0.329,0.231,150,75,63,36,0.451,0.174,0.574,0.334,0.203,0.107,66,49,37,31
0.087,0.699,0.036,-1.19,0.219,1,0.4367,0.2882,0.459,0.586,0.552,0.177,0.815,0.581,0.329,0.231,150,75,63,36,0.451,0.174,0.574,0.334,0.203,0.107,66,49,37,31
0.109,0.746,0.005,-1.19,0.219,1,0.4161,0.2697,0.379,0.586,0.552,0.177,0.815,0.581,0.329,0.231,150,75,63,36,0.451,0.174,0.574,0.334,0.203,0.107,66,49,37,31
0.109,0.277,0.001,1.99,0.186,0,0.4027,0.2563,0.097,-0.326,0.552,0.177,0.815,0.581,0.329,0.231,150,75,63,36,0.451,0.174,0.574,0.334,0.203,0.107,66,49,37,31
0.085,0.323,0.004,-0.79,0.151,-1,0.3921,0.2456,0.307,0.736,0.552,0.177,0.815,0.581,0.329,0.231,150,75,63,36,0.451,0.174,0.574,0.334,0.203,0.107,66,49,37,31
0.110,0.310,0.000,1.99,0.186,0,0.3949,0.2500,0.264,-0.326,0.552,0.177,0.815,0.581,0.329,0.231,150,75,63,36,0.451,0.174,0.574,0.334,0.203,0.107,66,49,37,31
0.140,0.382,0.000,-0.42,0.180,0,0.3987,0.2567,0.245,0.318,0.552,0.177,0.815,0.581,0.329,0.231,150,75,63,36,0.451,0.174,0.574,0.334,0.203,0.107,66,49,37,31
0.115,0.225,0.000,2.53,0.140,0,0.4112,0.2691,0.066,-0.121,0.552,0.177,0.815,0.581,0.329,0.231,150,75,63,36,0.451,0.174,0.574,0.334,0.203,0.107,66,49,37,31
0.111,0.255,0.003,-0.79,0.151,-1,0.4270,0.2837,0.380,0.736,0.552,0.177,0.815,0.581,0.329,0.231,150,75,63,36,0.451,0.174,0.574,0.334,0.203,0.107,66,49,37,31
0.125,0.309,0.001,-0.52,0.062,0,0.4479,0.3020,0.310,0.341,0.552,0.177,0.815,0.581,0.329,0.231,150,75,63,36,0.451,0.174,0.574,0.334,0.203,0.107,66,49,37,31
0.162,0.266,0.001,1.42,0.221,0,0.4761,0.3279,0.137,-0.397,0.552,0.177,0.815,0.581,0.329,0.231,150,75,63,36,0.451,0.174,0.574,0.334,0.203,0.107,66,49,37,31
0.181,0.209,0.000,1.99,0.186,0,0.5042,0.3534,0.125,-0.326,0.552,0.177,0.815,0.581,0.329,0.231,150,75,63,36,0.451,0.174,0.574,0.334,0.203,0.107,66,49,37,31
0.120,0.272,0.011,-0.52,0.062,0,0.5349,0.3793,0.397,0.341,0.552,0.177,0.815,0.581,0.329,0.231,150,75,63,36,0.451,0.174,0.574,0.334,0.203,0.107,66,49,37,31
0.093,0.284,0.000,-0.79,0.151,-1,0.5664,0.4026,0.411,0.736,0.552,0.177,0.815,0.581,0.329,0.231,150,75,63,36,0.451,0.174,0.574,0.334,0.203,0.107,66,49,37,31
0.076,0.264,0.002,3.14,0.186,0,0.5896,0.4197,0.138,-0.486,0.552,0.177,0.815,0.581,0.329,0.231,150,75,63,36,0.451,0.174,0.574,0.334,0.203,0.107,66,49,37,31
0.116,0.363,0.147,-1.19,0.219,1,0.6048,0.4306,0.373,0.586,0.552,0.177,0.815,0.581,0.329,0.231,150,75,63,36,0.451,0.174,0.574,0.334,0.203,0.107,66,49,37,31
0.123,0.250,0.001,1.42,0.221,0,0.6232,0.4467,0.319,-0.397,0.552,0.177,0.815,0.581,0.329,0.231,150,75,63,36,0.451,0.174,0.574,0.334,0.203,0.107,66,49,37,31
0.156,0.282,0.000,-0.79,0.151,-1,0.6252,0.4505,0.407,0.736,0.552,0.177,0.815,0.581,0.329,0.231,150,75,63,36,0.451,0.174,0.574,0.334,0.203,0.107,66,49,37,31
0.156,0.233,0.061,-0.42,0.180,0,0.6118,0.4447,0.336,0.318,0.552,0.177,0.815,0.581,0.329,0.231,150,75,63,36,0.451,0.174,0.574,0.334,0.203,0.107,66,49,37,31
0.180,0.185,0.001,0.85,0.046,0,0.5813,0.4281,0.277,0.06,0.552,0.177,0.815,0.581,0.329,0.231,150,75,63,36,0.451,0.174,0.574,0.334,0.203,0.107,66,49,37,31
0.172,0.294,0.000,-1.19,0.219,1,0.5554,0.4122,0.448,0.586,0.552,0.177,0.815,0.581,0.329,0.231,150,75,63,36,0.451,0.174,0.574,0.334,0.203,0.107,66,49,37,31
0.164,0.249,0.001,-0.08,0.108,0,0.5472,0.4087,0.389,0.059,0.552,0.177,0.815,0.581,0.329,0.231,150,75,63,36,0.451,0.174,0.574,0.334,0.203,0.107,66,49,37,31
0.160,0.219,0.009,-0.79,0.151,-1,0.5509,0.4122,0.484,0.736,0.552,0.177,0.815,0.581,0.329,0.231,150,75,63,36,0.451,0.174,0.574,0.334,0.203,0.107,66,49,37,31
0.159,0.197,0.001,-1.1,0.105,-1,0.5635,0.4252,0.422,0.192,0.552,0.177,0.815,0.581,0.329,0.231,150,75,63,36,0.451,0.174,0.574,0.334,0.203,0.107,66,49,37,31
0.183,0.255,0.004,-0.79,0.151,-1,0.5735,0.4377,0.391,0.736,0.552,0.177,0.815,0.581,0.329,0.231,150,75,63,36,0.451,0.174,0.574,0.334,0.203,0.107,66,49,37,31
0.200,0.447,0.202,-1.19,0.219,1,0.5893,0.4555,0.463,0.586,0.552,0.177,0.815,0.581,0.329,0.231,150,75,63,36,0.451,0.174,0.574,0.334,0.203,0.107,66,49,37,31
0.140,0.349,0.126,-0.52,0.062,0,0.5951,0.4661,0.253,0.341,0.552,0.177,0.815,0.581,0.329,0.231,150,75,63,36,0.451,0.174,0.574,0.334,0.203,0.107,66,49,37,31
0.165,0.451,0.054,-1.19,0.219,1,0.5950,0.4713,0.351,0.586,0.552,0.177,0.815,0.581,0.329,0.231,150,75,63,36,0.451,0.174,0.574,0.334,0.203,0.107,66,49,37,31
0.199,0.466,0.002,1.99,0.186,0,0.5926,0.4755,0.130,-0.326,0.552,0.177,0.815,0.581,0.329,0.231,150,75,63,36,0.451,0.174,0.574,0.334,0.203,0.107,66,49,37,31
0.204,0.732,0.160,-0.08,0.108,0,0.5810,0.4737,0.260,0.059,0.552,0.177,0.815,0.581,0.329,0.231,150,75,63,36,0.451,0.174,0.574,0.334,0.203,0.107,66,49,37,31
0.197,0.386,0.001,2.53,0.140,0,0.5633,0.4690,0.124,-0.121,0.552,0.177,0.815,0.581,0.329,0.231,150,75,63,36,0.451,0.174,0.574,0.334,0.203,0.107,66,49,37,31
0.132,0.387,0.004,1.99,0.186,0,0.5507,0.4678,0.095,-0.326,0.552,0.177,0.815,0.581,0.329,0.231,150,75,63,36,0.451,0.174,0.574,0.334,0.203,0.107,66,49,37,31
0.149,0.466,0.162,-0.42,0.180,0,0.5368,0.4631,0.184,0.318,0.552,0.177,0.815,0.581,0.329,0.231,150,75,63,36,0.451,0.174,0.574,0.334,0.203,0.107,66,49,37,31
0.154,0.348,0.004,1.42,0.221,0,0.5216,0.4548,0.114,-0.397,0.552,0.177,0.815,0.581,0.329,0.231,150,75,63,36,0.451,0.174,0.574,0.334,0.203,0.107,66,49,37,31
0.137,0.410,0.001,-0.08,0.108,0,0.5181,0.4537,0.145,0.059,0.552,0.177,0.815,0.581,0.329,0.231,150,75,63,36,0.451,0.174,0.574,0.334,0.203,0.107,66,49,37,31
0.167,0.404,0.002,0.22,0.230,0,0.5129,0.4485,0.179,0.303,0.552,0.177,0.815,0.581,0.329,0.231,150,75,63,36,0.451,0.174,0.574,0.334,0.203,0.107,66,49,37,31
0.135,0.698,0.118,-0.48,0.134,0,0.5039,0.4412,0.282,0.007,0.552,0.177,0.815,0.581,0.329,0.231,150,75,63,36,0.451,0.174,0.574,0.334,0.203,0.107,66,49,37,31
0.159,0.774,0.176,-1.19,0.219,1,0.4876,0.4277,0.392,0.586,0.552,0.177,0.815,0.581,0.329,0.231,150,75,63,36,0.451,0.174,0.574,0.334,0.203,0.107,66,49,37,31
0.123,0.298,0.002,1.99,0.186,0,0.4759,0.4155,0.079,-0.326,0.552,0.177,0.815,0.581,0.329,0.231,150,75,63,36,0.451,0.174,0.574,0.334,0.203,0.107,66,49,37,31
0.120,0.304,0.002,1.99,0.186,0,0.4785,0.4123,0.119,-0.326,0.552,0.177,0.815,0.581,0.329,0.231,150,75,63,36,0.451,0.174,0.574,0.334,0.203,0.107,66,49,37,31
0.103,0.428,0.033,-0.42,0.180,0,0.4906,0.4144,0.453,0.318,0.552,0.177,0.815,0.581,0.329,0.231,150,75,63,36,0.451,0.174,0.574,0.334,0.203,0.107,66,49,37,31
0.083,0.295,0.000,-0.79,0.151,-1,0.5015,0.4169,0.356,0.736,0.552,0.177,0.815,0.581,0.329,0.231,150,75,63,36,0.451,0.174,0.574,0.334,0.203,0.107,66,49,37,31
0.083,0.402,0.001,0.22,0.230,0,0.5119,0.4206,0.149,0.303,0.552,0.177,0.815,0.581,0.329,0.231,150,75,63,36,0.451,0.174,0.574,0.334,0.203,0.107,66,49,37,31
0.082,0.750,0.020,-0.48,0.134,0,0.5201,0.4254,0.344,0.007,0.552,0.177,0.815,0.581,0.329,0.231,150,75,63,36,0.451,0.174,0.574,0.334,0.203,0.107,66,49,37,31
0.082,0.740,0.002,-0.48,0.134,0,0.5226,0.4261,0.372,0.007,0.552,0.177,0.815,0.581,0.329,0.231,150,75,63,36,0.451,0.174,0.574,0.334,0.203,0.107,66,49,37,31
0.107,0.327,0.000,0.85,0.046,0,0.5232,0.4243,0.101,0.06,0.552,0.177,0.815,0.581,0.329,0.231,150,75,63,36,0.451,0.174,0.574,0.334,0.203,0.107,66,49,37,31
0.081,0.272,0.001,1.99,0.186,0,0.5314,0.4275,0.134,-0.326,0.552,0.177,0.815,0.581,0.329,0.231,150,75,63,36,0.451,0.174,0.574,0.334,0.203,0.107,66,49,37,31
0.101,0.449,0.034,-1.19,0.219,1,0.5495,0.4385,0.441,0.586,0.552,0.177,0.815,0.581,0.329,0.231,150,75,63,36,0.451,0.174,0.574,0.334,0.203,0.107,66,49,37,31
0.065,0.359,0.000,-0.08,0.108,0,0.5681,0.4500,0.268,0.059,0.552,0.177,0.815,0.581,0.329,0.231,150,75,63,36,0.451,0.174,0.574,0.334,0.203,0.107,66,49,37,31
0.082,0.210,0.000,3.14,0.186,0,0.5750,0.4512,0.078,-0.486,0.552,0.177,0.815,0.581,0.329,0.231,150,75,63,36,0.451,0.174,0.574,0.334,0.203,0.107,66,49,37,31
0.083,0.238,0.001,-0.79,0.151,-1,0.5803,0.4517,0.399,0.736,0.552,0.177,0.815,0.581,0.329,0.231,150,75,63,36,0.451,0.174,0.574,0.334,0.203,0.107,66,49,37,31
0.082,0.240,0.000,-0.79,0.151,-1,0.5771,0.4452,0.419,0.736,0.552,0.177,0.815,0.581,0.329,0.231,150,75,63,36,0.451,0.174,0.574,0.334,0.203,0.107,66,49,37,31
0.105,0.245,0.001,1.99,0.186,0,0.5572,0.4252,0.112,-0.326,0.552,0.177,0.815,0.581,0.329,0.231,150,75,63,36,0.451,0.174,0.574,0.334,0.203,0.107,66,49,37,31
0.099,0.254,0.028,-0.08,0.108,0,0.5248,0.3953,0.206,0.059,0.552,0.177,0.815,0.581,0.329,0.231,150,75,63,36,0.451,0.174,0.574,0.334,0.203,0.107,66,49,37,31
0.117,0.397,0.165,0.2,0.291,1,0.4969,0.3712,0.480,0.180,0.552,0.177,0.815,0.581,0.329,0.231,150,75,63,36,0.451,0.174,0.574,0.334,0.203,0.107,66,49,37,31
0.137,0.362,0.051,-1.19,0.219,1,0.4630,0.3424,0.488,0.586,0.552,0.177,0.815,0.581,0.329,0.231,150,75,63,36,0.451,0.174,0.574,0.334,0.203,0.107,66,49,37,31
0.167,0.242,0.001,-0.79,0.151,-1,0.4377,0.3230,0.326,0.736,0.552,0.177,0.815,0.581,0.329,0.231,150,75,63,36,0.451,0.174,0.574,0.334,0.203,0.107,66,49,37,31
0.138,0.273,0.030,-0.52,0.062,0,0.4297,0.3169,0.237,0.341,0.552,0.177,0.815,0.581,0.329,0.231,150,75,63,36,0.451,0.174,0.574,0.334,0.203,0.107,66,49,37,31
0.111,0.311,0.001,-0.79,0.151,-1,0.4339,0.3214,0.451,0.736,0.552,0.177,0.815,0.581,0.329,0.231,150,75,63,36,0.451,0.174,0.574,0.334,0.203,0.107,66,49,37,31
0.123,0.444,0.113,-1.19,0.219,1,0.4435,0.3302,0.487,0.586,0.552,0.177,0.815,0.581,0.329,0.231,150,75,63,36,0.451,0.174,0.574,0.334,0.203,0.107,66,49,37,31
0.102,0.235,0.000,2.53,0.140,0,0.4548,0.3423,0.133,-0.121,0.552,0.177,0.815,0.581,0.329,0.231,150,75,63,36,0.451,0.174,0.574,0.334,0.203,0.107,66,49,37,31
0.155,0.217,0.000,-1.1,0.105,-1,0.4683,0.3572,0.187,0.192,0.552,0.177,0.815,0.581,0.329,0.231,150,75,63,36,0.451,0.174,0.574,0.334,0.203,0.107,66,49,37,31
0.187,0.381,0.103,0.2,0.291,1,0.4781,0.3695,0.401,0.180,0.552,0.177,0.815,0.581,0.329,0.231,150,75,63,36,0.451,0.174,0.574,0.334,0.203,0.107,66,49,37,31
0.155,0.262,0.001,0.85,0.046,0,0.4697,0.3662,0.404,0.06,0.552,0.177,0.815,0.581,0.329,0.231,150,75,63,36,0.451,0.174,0.574,0.334,0.203,0.107,66,49,37,31
0.162,0.269,0.000,2.53,0.140,0,0.4529,0.3537,0.109,-0.121,0.552,0.177,0.815,0.581,0.329,0.231,150,75,63,36,0.451,0.174,0.574,0.334,0.203,0.107,66,49,37,31
0.157,0.230,0.002,1.99,0.186,0,0.4342,0.3377,0.100,-0.326,0.552,0.177,0.815,0.581,0.329,0.231,150,75,63,36,0.451,0.174,0.574,0.334,0.203,0.107,66,49,37,31
0.104,0.415,0.035,-1.19,0.219,1,0.4221,0.3272,0.523,0.586,0.552,0.177,0.815,0.581,0.329,0.231,150,75,63,36,0.451,0.174,0.574,0.334,0.203,0.107,66,49,37,31
0.157,0.296,0.000,-0.79,0.151,-1,0.4006,0.3080,0.361,0.736,0.552,0.177,0.815,0.581,0.329,0.231,150,75,63,36,0.451,0.174,0.574,0.334,0.203,0.107,66,49,37,31
0.150,0.220,0.002,1.99,0.186,0,0.3817,0.2914,0.072,-0.326,0.552,0.177,0.815,0.581,0.329,0.231,150,75,63,36,0.451,0.174,0.574,0.334,0.203,0.107,66,49,37,31
0.182,0.223,0.074,-0.52,0.062,0,0.3697,0.2813,0.295,0.341,0.552,0.177,0.815,0.581,0.329,0.231,150,75,63,36,0.451,0.174,0.574,0.334,0.203,0.107,66,49,37,31
0.149,0.272,0.001,-0.79,0.151,-1,0.3572,0.2706,0.524,0.736,0.552,0.177,0.815,0.581,0.329,0.231,150,75,63,36,0.451,0.174,0.574,0.334,0.203,0.107,66,49,37,31
0.156,0.369,0.031,-1.19,0.219,1,0.3450,0.2591,0.325,0.586,0.552,0.177,0.815,0.581,0.329,0.231,150,75,63,36,0.451,0.174,0.574,0.334,0.203,0.107,66,49,37,31
0.198,0.211,0.002,1.99,0.186,0,0.3493,0.2620,0.109,-0.326,0.552,0.177,0.815,0.581,0.329,0.231,150,75,63,36,0.451,0.174,0.574,0.334,0.203,0.107,66,49,37,31
0.186,0.273,0.001,-0.79,0.151,-1,0.3553,0.2662,0.458,0.736,0.552,0.177,0.815,0.581,0.329,0.231,150,75,63,36,0.451,0.174,0.574,0.334,0.203,0.107,66,49,37,31
0.184,0.256,0.000,1.99,0.186,0,0.3715,0.2791,0.333,-0.326,0.552,0.177,0.815,0.581,0.329,0.231,150,75,63,36,0.451,0.174,0.574,0.334,0.203,0.107,66,49,37,31
0.179,0.216,0.000,0.85,0.046,0,0.3952,0.2979,0.126,0.06,0.552,0.177,0.815,0.581,0.329,0.231,150,75,63,36,0.451,0.174,0.574,0.334,0.203,0.107,66,49,37,31
0.186,0.340,0.001,-0.79,0.151,-1,0.4236,0.3211,0.338,0.736,0.552,0.177,0.815,0.581,0.329,0.231,150,75,63,36,0.451,0.174,0.574,0.334,0.203,0.107,66,49,37,31
0.146,0.499,0.007,-1.19,0.219,1,0.4462,0.3394,0.481,0.586,0.552,0.177,0.815,0.581,0.329,0.231,150,75,63,36,0.451,0.174,0.574,0.334,0.203,0.107,66,49,37,31
0.146,0.393,0.000,0.85,0.046,0,0.4575,0.3495,0.194,0.06,0.552,0.177,0.815,0.581,0.329,0.231,150,75,63,36,0.451,0.174,0.574,0.334,0.203,0.107,66,49,37,31
0.153,0.355,0.000,1.99,0.186,0,0.4695,0.3589,0.171,-0.326,0.552,0.177,0.815,0.581,0.329,0.231,150,75,63,36,0.451,0.174,0.574,0.334,0.203,0.107,66,49,37,31
0.179,0.388,0.001,0.85,0.046,0,0.4828,0.3685,0.401,0.06,0.552,0.177,0.815,0.581,0.329,0.231,150,75,63,36,0.451,0.174,0.574,0.334,0.203,0.107,66,49,37,31
0.209,0.409,0.000,-0.52,0.062,0,0.4847,0.3665,0.341,0.341,0.552,0.177,0.815,0.581,0.329,0.231,150,75,63,36,0.451,0.174,0.574,0.334,0.203,0.107,66,49,37,31
0.164,0.706,0.037,-1.19,0.219,1,0.4863,0.3631,0.391,0.586,0.552,0.177,0.815,0.581,0.329,0.231,150,75,63,36,0.451,0.174,0.574,0.334,0.203,0.107,66,49,37,31
0.161,0.373,0.072,-0.42,0.180,0,0.4832,0.3548,0.447,0.318,0.552,0.177,0.815,0.581,0.329,0.231,150,75,63,36,0.451,0.174,0.574,0.334,0.203,0.107,66,49,37,31
0.196,0.308,0.001,1.99,0.186,0,0.4889,0.3562,0.261,-0.326,0.552,0.177,0.815,0.581,0.329,0.231,150,75,63,36,0.451,0.174,0.574,0.334,0.203,0.107,66,49,37,31
0.238,0.371,0.000,-0.42,0.180,0,0.5007,0.3636,0.351,0.318,0.552,0.177,0.815,0.581,0.329,0.231,150,75,63,36,0.451,0.174,0.574,0.334,0.203,0.107,66,49,37,31
0.230,0.218,0.071,1.42,0.221,0,0.5162,0.3757,0.194,-0.397,0.552,0.177,0.815,0.581,0.329,0.231,150,75,63,36,0.451,0.174,0.574,0.334,0.203,0.107,66,49,37,31
0.230,0.220,0.003,-1.1,0.105,-1,0.5325,0.3883,0.403,0.192,0.552,0.177,0.815,0.581,0.329,0.231,150,75,63,36,0.451,0.174,0.574,0.334,0.203,0.107,66,49,37,31
0.157,0.190,0.000,-0.79,0.151,-1,0.5609,0.4083,0.404,0.736,0.552,0.177,0.815,0.581,0.329,0.231,150,75,63,36,0.451,0.174,0.574,0.334,0.203,0.107,66,49,37,31
0.150,0.163,0.007,1.42,0.221,0,0.5842,0.4227,0.150,-0.397,0.552,0.177,0.815,0.581,0.329,0.231,150,75,63,36,0.451,0.174,0.574,0.334,0.203,0.107,66,49,37,31
0.150,0.270,0.141,-1.19,0.219,1,0.6042,0.4355,0.353,0.586,0.552,0.177,0.815,0.581,0.329,0.231,150,75,63,36,0.451,0.174,0.574,0.334,0.203,0.107,66,49,37,31
0.122,0.268,0.006,-0.42,0.180,0,0.6176,0.4445,0.451,0.318,0.552,0.177,0.815,0.581,0.329,0.231,150,75,63,36,0.451,0.174,0.574,0.334,0.203,0.107,66,49,37,31
0.110,0.209,0.000,-0.08,0.108,0,0.6201,0.4459,0.289,0.059,0.552,0.177,0.815,0.581,0.329,0.231,150,75,63,36,0.451,0.174,0.574,0.334,0.203,0.107,66,49,37,31
0.092,0.143,0.007,3.14,0.186,0,0.6078,0.4354,0.135,-0.486,0.552,0.177,0.815,0.581,0.329,0.231,150,75,63,36,0.451,0.174,0.574,0.334,0.203,0.107,66,49,37,31
0.091,0.165,0.003,0.85,0.046,0,0.5943,0.4247,0.387,0.06,0.552,0.177,0.815,0.581,0.329,0.231,150,75,63,36,0.451,0.174,0.574,0.334,0.203,0.107,66,49,37,31
0.089,0.268,0.011,-1.19,0.219,1,0.5808,0.4167,0.477,0.586,0.552,0.177,0.815,0.581,0.329,0.231,150,75,63,36,0.451,0.174,0.574,0.334,0.203,0.107,66,49,37,31
0.092,0.186,0.001,-0.42,0.180,0,0.5649,0.4093,0.288,0.318,0.552,0.177,0.815,0.581,0.329,0.231,150,75,63,36,0.451,0.174,0.574,0.334,0.203,0.107,66,49,37,31
0.091,0.132,0.011,-0.79,0.151,-1,0.5466,0.4001,0.408,0.736,0.552,0.177,0.815,0.581,0.329,0.231,150,75,63,36,0.451,0.174,0.574,0.334,0.203,0.107,66,49,37,31
0.096,0.138,0.001,-0.79,0.151,-1,0.5208,0.3819,0.470,0.736,0.552,0.177,0.815,0.581,0.329,0.231,150,75,63,36,0.451,0.174,0.574,0.334,0.203,0.107,66,49,37,31
0.114,0.146,0.000,-1.1,0.105,-1,0.4992,0.3658,0.294,0.192,0.552,0.177,0.815,0.581,0.329,0.231,150,75,63,36,0.451,0.174,0.574,0.334,0.203,0.107,66,49,37,31
0.114,0.137,0.001,1.99,0.186,0,0.4818,0.3529,0.189,-0.326,0.552,0.177,0.815,0.581,0.329,0.231,150,75,63,36,0.451,0.174,0.574,0.334,0.203,0.107,66,49,37,31
0.074,0.216,0.002,-0.79,0.151,-1,0.4659,0.3419,0.424,0.736,0.552,0.177,0.815,0.581,0.329,0.231,150,75,63,36,0.451,0.174,0.574,0.334,0.203,0.107,66,49,37,31
0.077,0.270,0.000,-0.08,0.108,0,0.4515,0.3334,0.200,0.059,0.552,0.177,0.815,0.581,0.329,0.231,150,75,63,36,0.451,0.174,0.574,0.334,0.203,0.107,66,49,37,31
0.072,0.275,0.004,1.42,0.221,0,0.4305,0.3191,0.085,-0.397,0.552,0.177,0.815,0.581,0.329,0.231,150,75,63,36,0.451,0.174,0.574,0.334,0.203,0.107,66,49,37,31
0.076,0.418,0.005,-0.08,0.108,0,0.4055,0.3038,0.296,0.059,0.552,0.177,0.815,0.581,0.329,0.231,150,75,63,36,0.451,0.174,0.574,0.334,0.203,0.107,66,49,37,31
0.079,0.339,0.001,3.14,0.186,0,0.3781,0.2863,0.146,-0.486,0.552,0.177,0.815,0.581,0.329,0.231,150,75,63,36,0.451,0.174,0.574,0.334,0.203,0.107,66,49,37,31
0.061,0.329,0.002,1.99,0.186,0,0.3589,0.2726,0.079,-0.326,0.552,0.177,0.815,0.581,0.329,0.231,150,75,63,36,0.451,0.174,0.574,0.334,0.203,0.107,66,49,37,31
0.051,0.491,0.219,0.2,0.291,1,0.3438,0.2578,0.179,0.180,0.552,0.177,0.815,0.581,0.329,0.231,150,75,63,36,0.451,0.174,0.574,0.334,0.203,0.107,66,49,37,31
0.068,0.297,0.004,0.85,0.046,0,0.3291,0.2414,0.219,0.06,0.552,0.177,0.815,0.581,0.329,0.231,150,75,63,36,0.451,0.174,0.574,0.334,0.203,0.107,66,49,37,31
0.085,0.425,0.004,-0.42,0.180,0,0.3208,0.2308,0.164,0.318,0.552,0.177,0.815,0.581,0.329,0.231,150,75,63,36,0.451,0.174,0.574,0.334,0.203,0.107,66,49,37,31
0.072,0.298,0.008,1.42,0.221,0,0.3177,0.2251,0.043,-0.397,0.552,0.177,0.815,0.581,0.329,0.231,150,75,63,36,0.451,0.174,0.574,0.334,0.203,0.107,66,49,37,31
0.075,0.329,0.001,-0.79,0.151,-1,0.3107,0.2148,0.251,0.736,0.552,0.177,0.815,0.581,0.329,0.231,150,75,63,36,0.451,0.174,0.574,0.334,0.203,0.107,66,49,37,31
0.093,0.280,0.001,2.53,0.140,0,0.3074,0.2070,0.115,-0.121,0.552,0.177,0.815,0.581,0.329,0.231,150,75,63,36,0.451,0.174,0.574,0.334,0.203,0.107,66,49,37,31
0.099,0.450,0.002,1.37,0.298,0,0.3145,0.2092,0.117,-0.510,0.552,0.177,0.815,0.581,0.329,0.231,150,75,63,36,0.451,0.174,0.574,0.334,0.203,0.107,66,49,37,31
0.099,0.709,0.003,2.1,0.128,0,0.3324,0.2222,0.068,0.02,0.552,0.177,0.815,0.581,0.329,0.231,150,75,63,36,0.451,0.174,0.574,0.334,0.203,0.107,66,49,37,31
0.084,0.698,0.003,-0.52,0.062,0,0.3478,0.2334,0.255,0.341,0.552,0.177,0.815,0.581,0.329,0.231,150,75,63,36,0.451,0.174,0.574,0.334,0.203,0.107,66,49,37,31
0.108,0.476,0.000,-1.1,0.105,-1,0.3593,0.2398,0.257,0.192,0.552,0.177,0.815,0.581,0.329,0.231,150,75,63,36,0.451,0.174,0.574,0.334,0.203,0.107,66,49,37,31
0.105,0.744,0.002,1.69,0.290,0,0.3681,0.2445,0.151,-0.697,0.552,0.177,0.815,0.581,0.329,0.231,150,75,63,36,0.451,0.174,0.574,0.334,0.203,0.107,66,49,37,31
0.109,0.815,0.045,0.22,0.230,0,0.3833,0.2558,0.324,0.303,0.552,0.177,0.815,0.581,0.329,0.231,150,75,63,36,0.451,0.174,0.574,0.334,0.203,0.107,66,49,37,31
0.088,0.434,0.000,0.85,0.046,0,0.4080,0.2776,0.274,0.06,0.552,0.177,0.815,0.581,0.329,0.231,150,75,63,36,0.451,0.174,0.574,0.334,0.203,0.107,66,49,37,31
0.074,0.431,0.000,-0.79,0.151,-1,0.4346,0.3012,0.284,0.736,0.552,0.177,0.815,0.581,0.329,0.231,150,75,63,36,0.451,0.174,0.574,0.334,0.203,0.107,66,49,37,31
0.088,0.833,0.263,0.2,0.291,1,0.4546,0.3188,0.320,0.180,0.552,0.177,0.815,0.581,0.329,0.231,150,75,63,36,0.451,0.174,0.574,0.334,0.203,0.107,66,49,37,31
0.088,0.694,0.001,0.85,0.046,0,0.4713,0.3335,0.265,0.06,0.552,0.177,0.815,0.581,0.329,0.231,150,75,63,36,0.451,0.174,0.574,0.334,0.203,0.107,66,49,37,31
0.085,0.350,0.000,0.85,0.046,0,0.4895,0.3505,0.195,0.06,0.552,0.177,0.815,0.581,0.329,0.231,150,75,63,36,0.451,0.174,0.574,0.334,0.203,0.107,66,49,37,31
0.095,0.728,0.262,0.2,0.291,1,0.5103,0.3700,0.292,0.180,0.552,0.177,0.815,0.581,0.329,0.231,150,75,63,36,0.451,0.174,0.574,0.334,0.203,0.107,66,49,37,31
0.093,0.316,0.038,-0.79,0.151,-1,0.5275,0.3837,0.468,0.736,0.552,0.177,0.815,0.581,0.329,0.231,150,75,63,36,0.451,0.174,0.574,0.334,0.203,0.107,66,49,37,31
0.088,0.717,0.041,-1.19,0.219,1,0.5253,0.3795,0.409,0.586,0.552,0.177,0.815,0.581,0.329,0.231,150,75,63,36,0.451,0.174,0.574,0.334,0.203,0.107,66,49,37,31
0.089,0.224,0.002,3.14,0.186,0,0.5091,0.3634,0.143,-0.486,0.552,0.177,0.815,0.581,0.329,0.231,150,75,63,36,0.451,0.174,0.574,0.334,0.203,0.107,66,49,37,31
0.107,0.308,0.113,0.22,0.230,0,0.4804,0.3404,0.363,0.303,0.552,0.177,0.815,0.581,0.329,0.231,150,75,63,36,0.451,0.174,0.574,0.334,0.203,0.107,66,49,37,31
0.101,0.259,0.000,-0.79,0.151,-1,0.4431,0.3138,0.487,0.736,0.552,0.177,0.815,0.581,0.329,0.231,150,75,63,36,0.451,0.174,0.574,0.334,0.203,0.107,66,49,37,31
0.100,0.247,0.001,-0.79,0.151,-1,0.4058,0.2874,0.355,0.736,0.552,0.177,0.815,0.581,0.329,0.231,150,75,63,36,0.451,0.174,0.574,0.334,0.203,0.107,66,49,37,31
0.122,0.354,0.070,-1.19,0.219,1,0.3717,0.2649,0.219,0.586,0.552,0.177,0.815,0.581,0.329,0.231,150,75,63,36,0.451,0.174,0.574,0.334,0.203,0.107,66,49,37,31
0.117,0.317,0.001,-0.79,0.151,-1,0.3485,0.2531,0.354,0.736,0.552,0.177,0.815,0.581,0.329,0.231,150,75,63,36,0.451,0.174,0.574,0.334,0.203,0.107,66,49,37,31
0.144,0.776,0.000,-0.42,0.180,0,0.3324,0.2478,0.313,0.318,0.552,0.177,0.815,0.581,0.329,0.231,150,75,63,36,0.451,0.174,0.574,0.334,0.203,0.107,66,49,37,31
0.117,0.306,0.002,1.99,0.186,0,0.3257,0.2497,0.057,-0.326,0.552,0.177,0.815,0.581,0.329,0.231,150,75,63,36,0.451,0.174,0.574,0.334,0.203,0.107,66,49,37,31
0.095,0.292,0.014,0.85,0.046,0,0.3182,0.2518,0.072,0.06,0.552,0.177,0.815,0.581,0.329,0.231,150,75,63,36,0.451,0.174,0.574,0.334,0.203,0.107,66,49,37,31
0.112,0.304,0.000,1.99,0.186,0,0.3249,0.2671,0.247,-0.326,0.552,0.177,0.815,0.581,0.329,0.231,150,75,63,36,0.451,0.174,0.574,0.334,0.203,0.107,66,49,37,31
0.091,0.351,0.000,-0.42,0.180,0,0.3284,0.2788,0.184,0.318,0.552,0.177,0.815,0.581,0.329,0.231,150,75,63,36,0.451,0.174,0.574,0.334,0.203,0.107,66,49,37,31
0.076,0.261,0.002,1.99,0.186,0,0.3322,0.2895,0.033,-0.326,0.552,0.177,0.815,0.581,0.329,0.231,150,75,63,36,0.451,0.174,0.574,0.334,0.203,0.107,66,49,37,31
0.057,0.292,0.003,0.85,0.046,0,0.3290,0.2937,0.138,0.06,0.552,0.177,0.815,0.581,0.329,0.231,150,75,63,36,0.451,0.174,0.574,0.334,0.203,0.107,66,49,37,31
0.068,0.283,0.000,2.53,0.140,0,0.3200,0.2919,0.157,-0.121,0.552,0.177,0.815,0.581,0.329,0.231,150,75,63,36,0.451,0.174,0.574,0.334,0.203,0.107,66,49,37,31
0.086,0.259,0.002,1.99,0.186,0,0.3089,0.2888,0.070,-0.326,0.552,0.177,0.815,0.581,0.329,0.231,150,75,63,36,0.451,0.174,0.574,0.334,0.203,0.107,66,49,37,31
0.070,0.220,0.002,1.99,0.186,0,0.3057,0.2925,0.050,-0.326,0.552,0.177,0.815,0.581,0.329,0.231,150,75,63,36,0.451,0.174,0.574,0.334,0.203,0.107,66,49,37,31
0.090,0.340,0.048,-1.19,0.219,1,0.3082,0.2993,0.352,0.586,0.552,0.177,0.815,0.581,0.329,0.231,150,75,63,36,0.451,0.174,0.574,0.334,0.203,0.107,66,49,37,31
0.090,0.306,0.001,-0.79,0.151,-1,0.3145,0.3078,0.345,0.736,0.552,0.177,0.815,0.581,0.329,0.231,150,75,63,36,0.451,0.174,0.574,0.334,0.203,0.107,66,49,37,31
0.096,0.341,0.049,-0.48,0.134,0,0.3178,0.3144,0.247,0.007,0.552,0.177,0.815,0.581,0.329,0.231,150,75,63,36,0.451,0.174,0.574,0.334,0.203,0.107,66,49,37,31
0.095,0.334,0.002,-1.1,0.105,-1,0.3237,0.3255,0.353,0.192,0.552,0.177,0.815,0.581,0.329,0.231,150,75,63,36,0.451,0.174,0.574,0.334,0.203,0.107,66,49,37,31
0.099,0.328,0.000,0.85,0.046,0,0.3425,0.3482,0.250,0.06,0.552,0.177,0.815,0.581,0.329,0.231,150,75,63,36,0.451,0.174,0.574,0.334,0.203,0.107,66,49,37,31
0.083,0.358,0.004,1.69,0.290,0,0.3779,0.3804,0.164,-0.697,0.552,0.177,0.815,0.581,0.329,0.231,150,75,63,36,0.451,0.174,0.574,0.334,0.203,0.107,66,49,37,31
0.087,0.350,0.025,-0.79,0.151,-1,0.4259,0.4210,0.377,0.736,0.552,0.177,0.815,0.581,0.329,0.231,150,75,63,36,0.451,0.174,0.574,0.334,0.203,0.107,66,49,37,31
0.084,0.704,0.001,-1.1,0.105,-1,0.4829,0.4645,0.473,0.192,0.552,0.177,0.815,0.581,0.329,0.231,150,75,63,36,0.451,0.174,0.574,0.334,0.203,0.107,66,49,37,31
0.088,0.765,0.002,0,0.000,0,0.5278,0.4998,0.318,0.166,0.552,0.177,0.815,0.581,0.329,0.231,150,75,63,36,0.451,0.174,0.574,0.334,0.203,0.107,66,49,37,31
0.092,0.453,0.001,0,0.000,0,0.5639,0.5272,0.203,0.166,0.552,0.177,0.815,0.581,0.329,0.231,150,75,63,36,0.451,0.174,0.574,0.334,0.203,0.107,66,49,37,31
0.100,0.742,0.161,0.2,0.291,1,0.5967,0.5515,0.316,0.180,0.552,0.177,0.815,0.581,0.329,0.231,150,75,63,36,0.451,0.174,0.574,0.334,0.203,0.107,66,49,37,31
0.081,0.759,0.043,-0.42,0.180,0,0.6267,0.5749,0.347,0.318,0.552,0.177,0.815,0.581,0.329,0.231,150,75,63,36,0.451,0.174,0.574,0.334,0.203,0.107,66,49,37,31
0.101,0.400,0.030,-0.52,0.062,0,0.6429,0.5854,0.174,0.341,0.552,0.177,0.815,0.581,0.329,0.231,150,75,63,36,0.451,0.174,0.574,0.334,0.203,0.107,66,49,37,31
0.124,0.394,0.001,1.99,0.186,0,0.6559,0.5933,0.083,-0.326,0.552,0.177,0.815,0.581,0.329,0.231,150,75,63,36,0.451,0.174,0.574,0.334,0.203,0.107,66,49,37,31
0.123,0.689,0.090,1.42,0.221,0,0.6682,0.5990,0.207,-0.397,0.552,0.177,0.815,0.581,0.329,0.231,150,75,63,36,0.451,0.174,0.574,0.334,0.203,0.107,66,49,37,31
0.128,0.349,0.002,-0.79,0.151,-1,0.6921,0.6125,0.260,0.736,0.552,0.177,0.815,0.581,0.329,0.231,150,75,63,36,0.451,0.174,0.574,0.334,0.203,0.107,66,49,37,31
0.149,0.368,0.016,1.42,0.221,0,0.7165,0.6267,0.064,-0.397,0.552,0.177,0.815,0.581,0.329,0.231,150,75,63,36,0.451,0.174,0.574,0.334,0.203,0.107,66,49,37,31
0.190,0.704,0.191,-0.42,0.180,0,0.7350,0.6377,0.136,0.318,0.552,0.177,0.815,0.581,0.329,0.231,150,75,63,36,0.451,0.174,0.574,0.334,0.203,0.107,66,49,37,31
0.190,0.382,0.302,-0.52,0.062,0,0.7500,0.6484,0.315,0.341,0.552,0.177,0.815,0.581,0.329,0.231,150,75,63,36,0.451,0.174,0.574,0.334,0.203,0.107,66,49,37,31
0.180,0.799,0.608,0.2,0.291,1,0.7521,0.6526,0.374,0.180,0.552,0.177,0.815,0.581,0.329,0.231,150,75,63,36,0.451,0.174,0.574,0.334,0.203,0.107,66,49,37,31
0.172,0.798,0.357,0.22,0.230,0,0.7370,0.6493,0.282,0.303,0.552,0.177,0.815,0.581,0.329,0.231,150,75,63,36,0.451,0.174,0.574,0.334,0.203,0.107,66,49,37,31
0.167,0.756,0.106,0,0.000,0,0.7050,0.6395,0.269,0.166,0.552,0.177,0.815,0.581,0.329,0.231,150,75,63,36,0.451,0.174,0.574,0.334,0.203,0.107,66,49,37,31
0.154,0.736,0.065,0.85,0.046,0,0.6613,0.6251,0.254,0.06,0.552,0.177,0.815,0.581,0.329,0.231,150,75,63,36,0.451,0.174,0.574,0.334,0.203,0.107,66,49,37,31
0.146,0.855,0.539,0.2,0.291,1,0.6199,0.6112,0.406,0.180,0.552,0.177,0.815,0.581,0.329,0.231,150,75,63,36,0.451,0.174,0.574,0.334,0.203,0.107,66,49,37,31
0.147,0.796,0.054,-0.08,0.108,0,0.5841,0.6008,0.285,0.059,0.552,0.177,0.815,0.581,0.329,0.231,150,75,63,36,0.451,0.174,0.574,0.334,0.203,0.107,66,49,37,31
0.137,0.422,0.077,-0.52,0.062,0,0.5736,0.6033,0.303,0.341,0.552,0.177,0.815,0.581,0.329,0.231,150,75,63,36,0.451,0.174,0.574,0.334,0.203,0.107,66,49,37,31
0.173,0.393,0.050,-1.1,0.105,-1,0.5686,0.6076,0.363,0.192,0.552,0.177,0.815,0.581,0.329,0.231,150,75,63,36,0.451,0.174,0.574,0.334,0.203,0.107,66,49,37,31
0.169,0.401,0.168,-0.52,0.062,0,0.5738,0.6135,0.345,0.341,0.552,0.177,0.815,0.581,0.329,0.231,150,75,63,36,0.451,0.174,0.574,0.334,0.203,0.107,66,49,37,31
0.175,0.357,0.015,-1.1,0.105,-1,0.5835,0.6188,0.404,0.192,0.552,0.177,0.815,0.581,0.329,0.231,150,75,63,36,0.451,0.174,0.574,0.334,0.203,0.107,66,49,37,31
0.137,0.717,0.011,-0.42,0.180,0,0.5955,0.6235,0.221,0.318,0.552,0.177,0.815,0.581,0.329,0.231,150,75,63,36,0.451,0.174,0.574,0.334,0.203,0.107,66,49,37,31
0.127,0.723,0.031,-0.42,0.180,0,0.5948,0.6198,0.169,0.318,0.552,0.177,0.815,0.581,0.329,0.231,150,75,63,36,0.451,0.174,0.574,0.334,0.203,0.107,66,49,37,31
0.123,0.301,0.007,0.85,0.046,0,0.5876,0.6129,0.134,0.06,0.552,0.177,0.815,0.581,0.329,0.231,150,75,63,36,0.451,0.174,0.574,0.334,0.203,0.107,66,49,37,31
0.116,0.430,0.084,1.37,0.298,0,0.5700,0.5996,0.161,-0.510,0.552,0.177,0.815,0.581,0.329,0.231,150,75,63,36,0.451,0.174,0.574,0.334,0.203,0.107,66,49,37,31
0.079,0.313,0.002,1.99,0.186,0,0.5619,0.5953,0.101,-0.326,0.552,0.177,0.815,0.581,0.329,0.231,150,75,63,36,0.451,0.174,0.574,0.334,0.203,0.107,66,49,37,31
0.079,0.268,0.022,2.53,0.140,0,0.5556,0.5949,0.160,-0.121,0.552,0.177,0.815,0.581,0.329,0.231,150,75,63,36,0.451,0.174,0.574,0.334,0.203,0.107,66,49,37,31
0.081,0.356,0.072,-0.42,0.180,0,0.5342,0.5799,0.308,0.318,0.552,0.177,0.815,0.581,0.329,0.231,150,75,63,36,0.451,0.174,0.574,0.334,0.203,0.107,66,49,37,31
0.074,0.461,0.324,0.2,0.291,1,0.5171,0.5702,0.299,0.180,0.552,0.177,0.815,0.581,0.329,0.231,150,75,63,36,0.451,0.174,0.574,0.334,0.203,0.107,66,49,37,31
0.080,0.267,0.218,0,0.000,0,0.4867,0.5489,0.250,0.166,0.552,0.177,0.815,0.581,0.329,0.231,150,75,63,36,0.451,0.174,0.574,0.334,0.203,0.107,66,49,37,31
0.064,0.257,0.226,0.85,0.046,0,0.4582,0.5228,0.263,0.06,0.552,0.177,0.815,0.581,0.329,0.231,150,75,63,36,0.451,0.174,0.574,0.334,0.203,0.107,66,49,37,31
0.065,0.358,0.208,-0.79,0.151,-1,0.4457,0.5071,0.440,0.736,0.552,0.177,0.815,0.581,0.329,0.231,150,75,63,36,0.451,0.174,0.574,0.334,0.203,0.107,66,49,37,31
0.064,0.386,0.154,-1.1,0.105,-1,0.4439,0.4954,0.310,0.192,0.552,0.177,0.815,0.581,0.329,0.231,150,75,63,36,0.451,0.174,0.574,0.334,0.203,0.107,66,49,37,31
0.065,0.690,0.452,0.2,0.291,1,0.4443,0.4796,0.377,0.180,0.552,0.177,0.815,0.581,0.329,0.231,150,75,63,36,0.451,0.174,0.574,0.334,0.203,0.107,66,49,37,31
0.069,0.361,0.002,-1.1,0.105,-1,0.4442,0.4604,0.423,0.192,0.552,0.177,0.815,0.581,0.329,0.231,150,75,63,36,0.451,0.174,0.574,0.334,0.203,0.107,66,49,37,31
0.082,0.422,0.067,1.76,0.409,0,0.4650,0.4559,0.167,-0.884,0.552,0.177,0.815,0.581,0.329,0.231,150,75,63,36,0.451,0.174,0.574,0.334,0.203,0.107,66,49,37,31
0.085,0.495,0.251,0.2,0.291,1,0.4869,0.4524,0.318,0.180,0.552,0.177,0.815,0.581,0.329,0.231,150,75,63,36,0.451,0.174,0.574,0.334,0.203,0.107,66,49,37,31
0.081,0.383,0.043,-0.42,0.180,0,0.5052,0.4466,0.366,0.318,0.552,0.177,0.815,0.581,0.329,0.231,150,75,63,36,0.451,0.174,0.574,0.334,0.203,0.107,66,49,37,31
0.105,0.446,0.171,-0.42,0.180,0,0.5121,0.4344,0.361,0.318,0.552,0.177,0.815,0.581,0.329,0.231,150,75,63,36,0.451,0.174,0.574,0.334,0.203,0.107,66,49,37,31
0.104,0.796,0.348,0.2,0.291,1,0.5055,0.4142,0.310,0.180,0.552,0.177,0.815,0.581,0.329,0.231,150,75,63,36,0.451,0.174,0.574,0.334,0.203,0.107,66,49,37,31
0.104,0.765,0.278,-0.48,0.134,0,0.4769,0.3820,0.432,0.007,0.552,0.177,0.815,0.581,0.329,0.231,150,75,63,36,0.451,0.174,0.574,0.334,0.203,0.107,66,49,37,31
0.084,0.426,0.177,3.14,0.186,0,0.4535,0.3580,0.080,-0.486,0.552,0.177,0.815,0.581,0.329,0.231,150,75,63,36,0.451,0.174,0.574,0.334,0.203,0.107,66,49,37,31
0.103,0.753,0.202,-1.14,0.131,0,0.4178,0.3269,0.233,0.987,0.552,0.177,0.815,0.581,0.329,0.231,150,75,63,36,0.451,0.174,0.574,0.334,0.203,0.107,66,49,37,31
0.107,0.738,0.224,3.14,0.186,0,0.4016,0.3100,0.113,-0.486,0.552,0.177,0.815,0.581,0.329,0.231,150,75,63,36,0.451,0.174,0.574,0.334,0.203,0.107,66,49,37,31
0.099,0.852,0.367,0.22,0.230,0,0.3861,0.2951,0.268,0.303,0.552,0.177,0.815,0.581,0.329,0.231,150,75,63,36,0.451,0.174,0.574,0.334,0.203,0.107,66,49,37,31
0.099,0.884,0.321,-0.52,0.062,0,0.3795,0.2813,0.195,0.341,0.552,0.177,0.815,0.581,0.329,0.231,150,75,63,36,0.451,0.174,0.574,0.334,0.203,0.107,66,49,37,31
0.139,0.762,0.226,2.1,0.128,0,0.3822,0.2765,0.058,0.02,0.552,0.177,0.815,0.581,0.329,0.231,150,75,63,36,0.451,0.174,0.574,0.334,0.203,0.107,66,49,37,31
0.128,0.810,0.389,-1.14,0.131,0,0.3706,0.2574,0.267,0.987,0.552,0.177,0.815,0.581,0.329,0.231,150,75,63,36,0.451,0.174,0.574,0.334,0.203,0.107,66,49,37,31
0.126,0.865,0.588,-1.19,0.219,1,0.3597,0.2359,0.370,0.586,0.552,0.177,0.815,0.581,0.329,0.231,150,75,63,36,0.451,0.174,0.574,0.334,0.203,0.107,66,49,37,31
0.130,0.779,0.438,2.1,0.128,0,0.3495,0.2171,0.114,0.02,0.552,0.177,0.815,0.581,0.329,0.231,150,75,63,36,0.451,0.174,0.574,0.334,0.203,0.107,66,49,37,31
0.121,0.823,0.247,0,0.000,0,0.3432,0.1993,0.220,0.166,0.552,0.177,0.815,0.581,0.329,0.231,150,75,63,36,0.451,0.174,0.574,0.334,0.203,0.107,66,49,37,31
0.139,0.841,0.274,-0.79,0.151,-1,0.3299,0.1756,0.366,0.736,0.552,0.177,0.815,0.581,0.329,0.231,150,75,63,36,0.451,0.174,0.574,0.334,0.203,0.107,66,49,37,31
0.152,0.739,0.067,2.53,0.140,0,0.3065,0.1440,0.193,-0.121,0.552,0.177,0.815,0.581,0.329,0.231,150,75,63,36,0.451,0.174,0.574,0.334,0.203,0.107,66,49,37,31
0.159,0.421,0.047,1.99,0.186,0,0.2870,0.1186,0.122,-0.326,0.552,0.177,0.815,0.581,0.329,0.231,150,75,63,36,0.451,0.174,0.574,0.334,0.203,0.107,66,49,37,31
0.169,0.450,0.180,-1.14,0.131,0,0.2691,0.0983,0.334,0.987,0.552,0.177,0.815,0.581,0.329,0.231,150,75,63,36,0.451,0.174,0.574,0.334,0.203,0.107,66,49,37,31
0.152,0.725,0.118,-1.1,0.105,-1,0.2546,0.0852,0.309,0.192,0.552,0.177,0.815,0.581,0.329,0.231,150,75,63,36,0.451,0.174,0.574,0.334,0.203,0.107,66,49,37,31
0.149,0.394,0.074,3.14,0.186,0,0.2319,0.0704,0.096,-0.486,0.552,0.177,0.815,0.581,0.329,0.231,150,75,63,36,0.451,0.174,0.574,0.334,0.203,0.107,66,49,37,31
0.142,0.767,0.220,-1.1,0.105,-1,0.2080,0.0611,0.360,0.192,0.552,0.177,0.815,0.581,0.329,0.231,150,75,63,36,0.451,0.174,0.574,0.334,0.203,0.107,66,49,37,31
0.145,0.700,0.220,-0.08,0.108,0,0.1854,0.0624,0.232,0.059,0.552,0.177,0.815,0.581,0.329,0.231,150,75,63,36,0.451,0.174,0.574,0.334,0.203,0.107,66,49,37,31
0.115,0.476,0.001,1.99,0.186,0,0.1663,0.0781,0.087,-0.326,0.552,0.177,0.815,0.581,0.329,0.231,150,75,63,36,0.451,0.174,0.574,0.334,0.203,0.107,66,49,37,31
0.109,0.718,0.170,-0.42,0.180,0,0.1490,0.1056,0.200,0.318,0.552,0.177,0.815,0.581,0.329,0.231,150,75,63,36,0.451,0.174,0.574,0.334,0.203,0.107,66,49,37,31
0.104,0.443,0.009,3.14,0.186,0,0.1365,0.1464,0.102,-0.486,0.552,0.177,0.815,0.581,0.329,0.231,150,75,63,36,0.451,0.174,0.574,0.334,0.203,0.107,66,49,37,31
0.130,0.522,0.609,0.22,0.230,0,0.1290,0.1997,0.174,0.303,0.552,0.177,0.815,0.581,0.329,0.231,150,75,63,36,0.451,0.174,0.574,0.334,0.203,0.107,66,49,37,31
0.128,0.466,0.003,2.53,0.140,0,0.1259,0.2635,0.067,-0.121,0.552,0.177,0.815,0.581,0.329,0.231,150,75,63,36,0.451,0.174,0.574,0.334,0.203,0.107,66,49,37,31
0.126,0.211,0.151,1.42,0.221,0,0.1251,0.3345,0.100,-0.397,0.552,0.177,0.815,0.581,0.329,0.231,150,75,63,36,0.451,0.174,0.574,0.334,0.203,0.107,66,49,37,31
0.132,0.197,0.036,-1.1,0.105,-1,0.1234,0.4076,0.194,0.192,0.552,0.177,0.815,0.581,0.329,0.231,150,75,63,36,0.451,0.174,0.574,0.334,0.203,0.107,66,49,37,31
0.138,0.136,0.029,2.1,0.128,0,0.1156,0.4760,0.106,0.02,0.552,0.177,0.815,0.581,0.329,0.231,150,75,63,36,0.451,0.174,0.574,0.334,0.203,0.107,66,49,37,31
0.142,0.123,0.028,3.14,0.186,0,0.0945,0.5313,0.202,-0.486,0.552,0.177,0.815,0.581,0.329,0.231,150,75,63,36,0.451,0.174,0.574,0.334,0.203,0.107,66,49,37,31
0.150,0.118,0.076,3.14,0.186,0,0.0509,0.5627,0.469,-0.486,0.552,0.177,0.815,0.581,0.329,0.231,150,75,63,36,0.451,0.174,0.574,0.334,0.203,0.107,66,49,37,31
