0.176,0.050,0.468,1.42,0.221,0,0.3624,0.9464,0.749,-0.397,0.198,0.191,0.176,0.103,0.054,0.031,31,27,14,8,0.219,0.235,0.180,0.153,0.130,0.050,33,32,15,8
0.245,0.049,0.288,-1.1,0.105,-1,0.3941,0.9189,0.527,0.192,0.198,0.191,0.176,0.103,0.054,0.031,31,27,14,8,0.219,0.235,0.180,0.153,0.130,0.050,33,32,15,8
0.177,0.054,0.158,-0.52,0.062,0,0.4308,0.8937,0.312,0.341,0.198,0.191,0.176,0.103,0.054,0.031,31,27,14,8,0.219,0.235,0.180,0.153,0.130,0.050,33,32,15,8
0.132,0.068,0.073,-0.52,0.062,0,0.4652,0.8663,0.350,0.341,0.198,0.191,0.176,0.103,0.054,0.031,31,27,14,8,0.219,0.235,0.180,0.153,0.130,0.050,33,32,15,8
0.135,0.067,0.009,0.85,0.046,0,0.4926,0.8347,0.256,0.06,0.198,0.191,0.176,0.103,0.054,0.031,31,27,14,8,0.219,0.235,0.180,0.153,0.130,0.050,33,32,15,8
0.144,0.081,0.015,2.53,0.140,0,0.5111,0.7985,0.189,-0.121,0.198,0.191,0.176,0.103,0.054,0.031,31,27,14,8,0.219,0.235,0.180,0.153,0.130,0.050,33,32,15,8
0.149,0.125,0.063,3.14,0.186,0,0.5204,0.7586,0.115,-0.486,0.198,0.191,0.176,0.103,0.054,0.031,31,27,14,8,0.219,0.235,0.180,0.153,0.130,0.050,33,32,15,8
0.142,0.159,0.214,-0.08,0.108,0,0.5219,0.7171,0.259,0.059,0.198,0.191,0.176,0.103,0.054,0.031,31,27,14,8,0.219,0.235,0.180,0.153,0.130,0.050,33,32,15,8
0.143,0.157,0.272,-0.42,0.180,0,0.5181,0.6769,0.291,0.318,0.198,0.191,0.176,0.103,0.054,0.031,31,27,14,8,0.219,0.235,0.180,0.153,0.130,0.050,33,32,15,8
0.150,0.097,0.004,3.14,0.186,0,0.5122,0.6409,0.121,-0.486,0.198,0.191,0.176,0.103,0.054,0.031,31,27,14,8,0.219,0.235,0.180,0.153,0.130,0.050,33,32,15,8
0.153,0.094,0.328,-0.52,0.062,0,0.5067,0.6141,0.201,0.341,0.198,0.191,0.176,0.103,0.054,0.031,31,27,14,8,0.219,0.235,0.180,0.153,0.130,0.050,33,32,15,8
0.181,0.164,0.301,-1.19,0.219,1,0.5170,0.6004,0.441,0.586,0.198,0.191,0.176,0.103,0.054,0.031,31,27,14,8,0.219,0.235,0.180,0.153,0.130,0.050,33,32,15,8
0.191,0.100,0.069,-0.79,0.151,-1,0.5260,0.5922,0.464,0.736,0.198,0.191,0.176,0.103,0.054,0.031,31,27,14,8,0.219,0.235,0.180,0.153,0.130,0.050,33,32,15,8
0.176,0.086,0.017,-0.79,0.151,-1,0.5378,0.5923,0.381,0.736,0.198,0.191,0.176,0.103,0.054,0.031,31,27,14,8,0.219,0.235,0.180,0.153,0.130,0.050,33,32,15,8
0.162,0.091,0.149,0.85,0.046,0,0.5561,0.5991,0.398,0.06,0.198,0.191,0.176,0.103,0.054,0.031,31,27,14,8,0.219,0.235,0.180,0.153,0.130,0.050,33,32,15,8
0.197,0.153,0.517,0.2,0.291,1,0.5822,0.6103,0.456,0.180,0.198,0.191,0.176,0.103,0.054,0.031,31,27,14,8,0.219,0.235,0.180,0.153,0.130,0.050,33,32,15,8
0.206,0.101,0.120,0,0.000,0,0.6181,0.6248,0.269,0.166,0.198,0.191,0.176,0.103,0.054,0.031,31,27,14,8,0.219,0.235,0.180,0.153,0.130,0.050,33,32,15,8
0.212,0.105,0.180,-1.14,0.131,0,0.6455,0.6316,0.392,0.987,0.198,0.191,0.176,0.103,0.054,0.031,31,27,14,8,0.219,0.235,0.180,0.153,0.130,0.050,33,32,15,8
0.223,0.096,0.356,1.99,0.186,0,0.6733,0.6383,0.231,-0.326,0.198,0.191,0.176,0.103,0.054,0.031,31,27,14,8,0.219,0.235,0.180,0.153,0.130,0.050,33,32,15,8
0.240,0.168,0.605,0.2,0.291,1,0.6999,0.6436,0.439,0.180,0.198,0.191,0.176,0.103,0.054,0.031,31,27,14,8,0.219,0.235,0.180,0.153,0.130,0.050,33,32,15,8
0.238,0.129,0.439,0,0.000,0,0.7396,0.6616,0.437,0.166,0.198,0.191,0.176,0.103,0.054,0.031,31,27,14,8,0.219,0.235,0.180,0.153,0.130,0.050,33,32,15,8
0.273,0.137,0.542,-1.19,0.219,1,0.7649,0.6741,0.505,0.586,0.198,0.191,0.176,0.103,0.054,0.031,31,27,14,8,0.219,0.235,0.180,0.153,0.130,0.050,33,32,15,8
0.219,0.099,0.596,0,0.000,0,0.7724,0.6791,0.410,0.166,0.198,0.191,0.176,0.103,0.054,0.031,31,27,14,8,0.219,0.235,0.180,0.153,0.130,0.050,33,32,15,8
0.270,0.092,0.545,-1.1,0.105,-1,0.7698,0.6808,0.420,0.192,0.198,0.191,0.176,0.103,0.054,0.031,31,27,14,8,0.219,0.235,0.180,0.153,0.130,0.050,33,32,15,8
0.330,0.113,0.532,-0.42,0.180,0,0.7645,0.6811,0.454,0.318,0.198,0.191,0.176,0.103,0.054,0.031,31,27,14,8,0.219,0.235,0.180,0.153,0.130,0.050,33,32,15,8
0.338,0.140,0.627,-1.19,0.219,1,0.7577,0.6811,0.501,0.586,0.198,0.191,0.176,0.103,0.054,0.031,31,27,14,8,0.219,0.235,0.180,0.153,0.130,0.050,33,32,15,8
0.334,0.142,0.473,-0.52,0.062,0,0.7432,0.6781,0.347,0.341,0.198,0.191,0.176,0.103,0.054,0.031,31,27,14,8,0.219,0.235,0.180,0.153,0.130,0.050,33,32,15,8
0.322,0.109,0.428,0.85,0.046,0,0.7123,0.6642,0.319,0.06,0.198,0.191,0.176,0.103,0.054,0.031,31,27,14,8,0.219,0.235,0.180,0.153,0.130,0.050,33,32,15,8
0.332,0.128,0.084,0.85,0.046,0,0.6773,0.6487,0.343,0.06,0.198,0.191,0.176,0.103,0.054,0.031,31,27,14,8,0.219,0.235,0.180,0.153,0.130,0.050,33,32,15,8
0.352,0.195,0.517,-0.52,0.062,0,0.6392,0.6266,0.370,0.341,0.198,0.191,0.176,0.103,0.054,0.031,31,27,14,8,0.219,0.235,0.180,0.153,0.130,0.050,33,32,15,8
0.355,0.286,0.790,-0.42,0.180,0,0.5816,0.5865,0.444,0.318,0.198,0.191,0.176,0.103,0.054,0.031,31,27,14,8,0.219,0.235,0.180,0.153,0.130,0.050,33,32,15,8
0.348,0.331,0.684,-1.19,0.219,1,0.5114,0.5311,0.372,0.586,0.198,0.191,0.176,0.103,0.054,0.031,31,27,14,8,0.219,0.235,0.180,0.153,0.130,0.050,33,32,15,8
0.252,0.243,0.696,-1.14,0.131,0,0.4313,0.4648,0.373,0.987,0.198,0.191,0.176,0.103,0.054,0.031,31,27,14,8,0.219,0.235,0.180,0.153,0.130,0.050,33,32,15,8
0.254,0.471,0.988,0.2,0.291,1,0.3516,0.3946,0.430,0.180,0.198,0.191,0.176,0.103,0.054,0.031,31,27,14,8,0.219,0.235,0.180,0.153,0.130,0.050,33,32,15,8
0.269,0.320,0.875,-0.52,0.062,0,0.2806,0.3272,0.282,0.341,0.198,0.191,0.176,0.103,0.054,0.031,31,27,14,8,0.219,0.235,0.180,0.153,0.130,0.050,33,32,15,8
0.276,0.461,0.832,0.2,0.291,1,0.2258,0.2723,0.402,0.180,0.198,0.191,0.176,0.103,0.054,0.031,31,27,14,8,0.219,0.235,0.180,0.153,0.130,0.050,33,32,15,8
0.236,0.325,0.662,0,0.000,0,0.1775,0.2252,0.223,0.166,0.198,0.191,0.176,0.103,0.054,0.031,31,27,14,8,0.219,0.235,0.180,0.153,0.130,0.050,33,32,15,8
0.234,0.254,0.346,3.14,0.186,0,0.1468,0.1922,0.120,-0.486,0.198,0.191,0.176,0.103,0.054,0.031,31,27,14,8,0.219,0.235,0.180,0.153,0.130,0.050,33,32,15,8
0.225,0.301,0.034,1.99,0.186,0,0.1497,0.1838,0.081,-0.326,0.198,0.191,0.176,0.103,0.054,0.031,31,27,14,8,0.219,0.235,0.180,0.153,0.130,0.050,33,32,15,8
0.216,0.340,0.518,0.22,0.230,0,0.1604,0.1843,0.143,0.303,0.198,0.191,0.176,0.103,0.054,0.031,31,27,14,8,0.219,0.235,0.180,0.153,0.130,0.050,33,32,15,8
0.210,0.192,0.413,-0.52,0.062,0,0.1649,0.1850,0.085,0.341,0.198,0.191,0.176,0.103,0.054,0.031,31,27,14,8,0.219,0.235,0.180,0.153,0.130,0.050,33,32,15,8
0.179,0.138,0.163,1.99,0.186,0,0.1627,0.1828,0.042,-0.326,0.198,0.191,0.176,0.103,0.054,0.031,31,27,14,8,0.219,0.235,0.180,0.153,0.130,0.050,33,32,15,8
0.147,0.096,0.225,1.69,0.290,0,0.1505,0.1695,0.038,-0.697,0.198,0.191,0.176,0.103,0.054,0.031,31,27,14,8,0.219,0.235,0.180,0.153,0.130,0.050,33,32,15,8
0.153,0.070,0.123,2.1,0.128,0,0.1371,0.1539,0.036,0.02,0.198,0.191,0.176,0.103,0.054,0.031,31,27,14,8,0.219,0.235,0.180,0.153,0.130,0.050,33,32,15,8
0.141,0.077,0.251,2.1,0.128,0,0.1260,0.1383,0.031,0.02,0.198,0.191,0.176,0.103,0.054,0.031,31,27,14,8,0.219,0.235,0.180,0.153,0.130,0.050,33,32,15,8
0.135,0.073,0.195,2.53,0.140,0,0.1195,0.1239,0.045,-0.121,0.198,0.191,0.176,0.103,0.054,0.031,31,27,14,8,0.219,0.235,0.180,0.153,0.130,0.050,33,32,15,8
0.139,0.075,0.298,2.1,0.128,0,0.1192,0.1180,0.037,0.02,0.198,0.191,0.176,0.103,0.054,0.031,31,27,14,8,0.219,0.235,0.180,0.153,0.130,0.050,33,32,15,8
0.144,0.170,0.301,0.2,0.291,1,0.1219,0.1126,0.259,0.180,0.198,0.191,0.176,0.103,0.054,0.031,31,27,14,8,0.219,0.235,0.180,0.153,0.130,0.050,33,32,15,8
0.150,0.120,0.098,-1.1,0.105,-1,0.1283,0.1126,0.437,0.192,0.198,0.191,0.176,0.103,0.054,0.031,31,27,14,8,0.219,0.235,0.180,0.153,0.130,0.050,33,32,15,8
0.151,0.081,0.006,-1.1,0.105,-1,0.1301,0.1063,0.431,0.192,0.198,0.191,0.176,0.103,0.054,0.031,31,27,14,8,0.219,0.235,0.180,0.153,0.130,0.050,33,32,15,8
0.135,0.090,0.011,0,0.000,0,0.1368,0.1051,0.399,0.166,0.198,0.191,0.176,0.103,0.054,0.031,31,27,14,8,0.219,0.235,0.180,0.153,0.130,0.050,33,32,15,8
0.128,0.096,0.002,-0.79,0.151,-1,0.1618,0.1203,0.513,0.736,0.198,0.191,0.176,0.103,0.054,0.031,31,27,14,8,0.219,0.235,0.180,0.153,0.130,0.050,33,32,15,8
0.128,0.093,0.002,0.85,0.046,0,0.1958,0.1444,0.300,0.06,0.198,0.191,0.176,0.103,0.054,0.031,31,27,14,8,0.219,0.235,0.180,0.153,0.130,0.050,33,32,15,8
0.155,0.097,0.001,1.99,0.186,0,0.2435,0.1841,0.163,-0.326,0.198,0.191,0.176,0.103,0.054,0.031,31,27,14,8,0.219,0.235,0.180,0.153,0.130,0.050,33,32,15,8
0.123,0.104,0.001,-1.14,0.131,0,0.2948,0.2282,0.347,0.987,0.198,0.191,0.176,0.103,0.054,0.031,31,27,14,8,0.219,0.235,0.180,0.153,0.130,0.050,33,32,15,8
0.097,0.077,0.003,0.85,0.046,0,0.3491,0.2769,0.437,0.06,0.198,0.191,0.176,0.103,0.054,0.031,31,27,14,8,0.219,0.235,0.180,0.153,0.130,0.050,33,32,15,8
0.082,0.085,0.110,0.22,0.230,0,0.3837,0.3108,0.324,0.303,0.198,0.191,0.176,0.103,0.054,0.031,31,27,14,8,0.219,0.235,0.180,0.153,0.130,0.050,33,32,15,8
0.081,0.071,0.072,-0.52,0.062,0,0.4211,0.3468,0.347,0.341,0.198,0.191,0.176,0.103,0.054,0.031,31,27,14,8,0.219,0.235,0.180,0.153,0.130,0.050,33,32,15,8
0.079,0.062,0.043,0,0.000,0,0.4424,0.3701,0.325,0.166,0.198,0.191,0.176,0.103,0.054,0.031,31,27,14,8,0.219,0.235,0.180,0.153,0.130,0.050,33,32,15,8
0.080,0.057,0.008,0.85,0.046,0,0.4526,0.3828,0.111,0.06,0.198,0.191,0.176,0.103,0.054,0.031,31,27,14,8,0.219,0.235,0.180,0.153,0.130,0.050,33,32,15,8
0.079,0.061,0.001,-1.14,0.131,0,0.4495,0.3842,0.278,0.987,0.198,0.191,0.176,0.103,0.054,0.031,31,27,14,8,0.219,0.235,0.180,0.153,0.130,0.050,33,32,15,8
0.097,0.053,0.001,1.99,0.186,0,0.4523,0.3891,0.140,-0.326,0.198,0.191,0.176,0.103,0.054,0.031,31,27,14,8,0.219,0.235,0.180,0.153,0.130,0.050,33,32,15,8
0.116,0.056,0.001,1.99,0.186,0,0.4491,0.3865,0.108,-0.326,0.198,0.191,0.176,0.103,0.054,0.031,31,27,14,8,0.219,0.235,0.180,0.153,0.130,0.050,33,32,15,8
0.109,0.051,0.002,2.53,0.140,0,0.4486,0.3878,0.110,-0.121,0.198,0.191,0.176,0.103,0.054,0.031,31,27,14,8,0.219,0.235,0.180,0.153,0.130,0.050,33,32,15,8
0.105,0.062,0.003,-0.79,0.151,-1,0.4462,0.3889,0.357,0.736,0.198,0.191,0.176,0.103,0.054,0.031,31,27,14,8,0.219,0.235,0.180,0.153,0.130,0.050,33,32,15,8
0.110,0.063,0.004,-0.79,0.151,-1,0.4351,0.3817,0.436,0.736,0.198,0.191,0.176,0.103,0.054,0.031,31,27,14,8,0.219,0.235,0.180,0.153,0.130,0.050,33,32,15,8
0.106,0.076,0.008,-0.48,0.134,0,0.4139,0.3704,0.374,0.007,0.198,0.191,0.176,0.103,0.054,0.031,31,27,14,8,0.219,0.235,0.180,0.153,0.130,0.050,33,32,15,8
0.088,0.093,0.004,0,0.000,0,0.3778,0.3454,0.373,0.166,0.198,0.191,0.176,0.103,0.054,0.031,31,27,14,8,0.219,0.235,0.180,0.153,0.130,0.050,33,32,15,8
0.083,0.081,0.002,0.85,0.046,0,0.3365,0.3173,0.399,0.06,0.198,0.191,0.176,0.103,0.054,0.031,31,27,14,8,0.219,0.235,0.180,0.153,0.130,0.050,33,32,15,8
0.081,0.085,0.006,3.14,0.186,0,0.3106,0.3005,0.208,-0.486,0.198,0.191,0.176,0.103,0.054,0.031,31,27,14,8,0.219,0.235,0.180,0.153,0.130,0.050,33,32,15,8
0.076,0.085,0.003,-1.14,0.131,0,0.2963,0.2899,0.364,0.987,0.198,0.191,0.176,0.103,0.054,0.031,31,27,14,8,0.219,0.235,0.180,0.153,0.130,0.050,33,32,15,8
0.065,0.120,0.133,-1.19,0.219,1,0.2955,0.2898,0.557,0.586,0.198,0.191,0.176,0.103,0.054,0.031,31,27,14,8,0.219,0.235,0.180,0.153,0.130,0.050,33,32,15,8
0.065,0.110,0.021,-0.42,0.180,0,0.3085,0.3012,0.493,0.318,0.198,0.191,0.176,0.103,0.054,0.031,31,27,14,8,0.219,0.235,0.180,0.153,0.130,0.050,33,32,15,8
0.082,0.109,0.093,-0.08,0.108,0,0.3451,0.3317,0.296,0.059,0.198,0.191,0.176,0.103,0.054,0.031,31,27,14,8,0.219,0.235,0.180,0.153,0.130,0.050,33,32,15,8
0.083,0.089,0.014,-1.14,0.131,0,0.3787,0.3589,0.264,0.987,0.198,0.191,0.176,0.103,0.054,0.031,31,27,14,8,0.219,0.235,0.180,0.153,0.130,0.050,33,32,15,8
0.099,0.085,0.006,2.53,0.140,0,0.4186,0.3946,0.148,-0.121,0.198,0.191,0.176,0.103,0.054,0.031,31,27,14,8,0.219,0.235,0.180,0.153,0.130,0.050,33,32,15,8
0.117,0.092,0.020,-0.42,0.180,0,0.4419,0.4190,0.365,0.318,0.198,0.191,0.176,0.103,0.054,0.031,31,27,14,8,0.219,0.235,0.180,0.153,0.130,0.050,33,32,15,8
0.144,0.114,0.140,1.37,0.298,0,0.4463,0.4268,0.234,-0.510,0.198,0.191,0.176,0.103,0.054,0.031,31,27,14,8,0.219,0.235,0.180,0.153,0.130,0.050,33,32,15,8
0.136,0.086,0.001,1.99,0.186,0,0.4304,0.4191,0.129,-0.326,0.198,0.191,0.176,0.103,0.054,0.031,31,27,14,8,0.219,0.235,0.180,0.153,0.130,0.050,33,32,15,8
0.166,0.117,0.001,1.99,0.186,0,0.4060,0.4038,0.134,-0.326,0.198,0.191,0.176,0.103,0.054,0.031,31,27,14,8,0.219,0.235,0.180,0.153,0.130,0.050,33,32,15,8
0.166,0.098,0.001,-1.14,0.131,0,0.3609,0.3670,0.366,0.987,0.198,0.191,0.176,0.103,0.054,0.031,31,27,14,8,0.219,0.235,0.180,0.153,0.130,0.050,33,32,15,8
0.178,0.117,0.001,-0.79,0.151,-1,0.3033,0.3168,0.420,0.736,0.198,0.191,0.176,0.103,0.054,0.031,31,27,14,8,0.219,0.235,0.180,0.153,0.130,0.050,33,32,15,8
0.145,0.109,0.003,0.85,0.046,0,0.2399,0.2604,0.206,0.06,0.198,0.191,0.176,0.103,0.054,0.031,31,27,14,8,0.219,0.235,0.180,0.153,0.130,0.050,33,32,15,8
0.150,0.148,0.124,-1.19,0.219,1,0.1858,0.2111,0.482,0.586,0.198,0.191,0.176,0.103,0.054,0.031,31,27,14,8,0.219,0.235,0.180,0.153,0.130,0.050,33,32,15,8
0.154,0.129,0.024,0.85,0.046,0,0.1445,0.1727,0.441,0.06,0.198,0.191,0.176,0.103,0.054,0.031,31,27,14,8,0.219,0.235,0.180,0.153,0.130,0.050,33,32,15,8
0.155,0.179,0.109,-0.42,0.180,0,0.1176,0.1468,0.475,0.318,0.198,0.191,0.176,0.103,0.054,0.031,31,27,14,8,0.219,0.235,0.180,0.153,0.130,0.050,33,32,15,8
0.154,0.174,0.151,-1.1,0.105,-1,0.1044,0.1322,0.488,0.192,0.198,0.191,0.176,0.103,0.054,0.031,31,27,14,8,0.219,0.235,0.180,0.153,0.130,0.050,33,32,15,8
0.153,0.172,0.152,-0.52,0.062,0,0.1141,0.1355,0.375,0.341,0.198,0.191,0.176,0.103,0.054,0.031,31,27,14,8,0.219,0.235,0.180,0.153,0.130,0.050,33,32,15,8
0.140,0.204,0.154,-1.1,0.105,-1,0.1395,0.1506,0.466,0.192,0.198,0.191,0.176,0.103,0.054,0.031,31,27,14,8,0.219,0.235,0.180,0.153,0.130,0.050,33,32,15,8
0.134,0.240,0.368,-1.19,0.219,1,0.1626,0.1638,0.269,0.586,0.198,0.191,0.176,0.103,0.054,0.031,31,27,14,8,0.219,0.235,0.180,0.153,0.130,0.050,33,32,15,8
0.134,0.135,0.053,3.14,0.186,0,0.1754,0.1706,0.053,-0.486,0.198,0.191,0.176,0.103,0.054,0.031,31,27,14,8,0.219,0.235,0.180,0.153,0.130,0.050,33,32,15,8
0.140,0.092,0.008,2.1,0.128,0,0.1825,0.1728,0.051,0.02,0.198,0.191,0.176,0.103,0.054,0.031,31,27,14,8,0.219,0.235,0.180,0.153,0.130,0.050,33,32,15,8
0.182,0.109,0.009,2.53,0.140,0,0.1783,0.1644,0.060,-0.121,0.198,0.191,0.176,0.103,0.054,0.031,31,27,14,8,0.219,0.235,0.180,0.153,0.130,0.050,33,32,15,8
0.189,0.081,0.005,2.53,0.140,0,0.1640,0.1481,0.068,-0.121,0.198,0.191,0.176,0.103,0.054,0.031,31,27,14,8,0.219,0.235,0.180,0.153,0.130,0.050,33,32,15,8
0.162,0.153,0.006,3.14,0.186,0,0.1364,0.1242,0.035,-0.486,0.198,0.191,0.176,0.103,0.054,0.031,31,27,14,8,0.219,0.235,0.180,0.153,0.130,0.050,33,32,15,8
0.134,0.113,0.148,-1.1,0.105,-1,0.1077,0.1002,0.156,0.192,0.198,0.191,0.176,0.103,0.054,0.031,31,27,14,8,0.219,0.235,0.180,0.153,0.130,0.050,33,32,15,8
0.170,0.180,0.025,1.99,0.186,0,0.0884,0.0844,0.103,-0.326,0.198,0.191,0.176,0.103,0.054,0.031,31,27,14,8,0.219,0.235,0.180,0.153,0.130,0.050,33,32,15,8
0.169,0.143,0.470,-1.1,0.105,-1,0.0854,0.0817,0.344,0.192,0.198,0.191,0.176,0.103,0.054,0.031,31,27,14,8,0.219,0.235,0.180,0.153,0.130,0.050,33,32,15,8
0.162,0.142,0.183,-0.79,0.151,-1,0.0924,0.0841,0.365,0.736,0.198,0.191,0.176,0.103,0.054,0.031,31,27,14,8,0.219,0.235,0.180,0.153,0.130,0.050,33,32,15,8
0.143,0.189,0.015,-0.08,0.108,0,0.0981,0.0829,0.268,0.059,0.198,0.191,0.176,0.103,0.054,0.031,31,27,14,8,0.219,0.235,0.180,0.153,0.130,0.050,33,32,15,8
0.098,0.197,0.010,1.99,0.186,0,0.0984,0.0769,0.144,-0.326,0.198,0.191,0.176,0.103,0.054,0.031,31,27,14,8,0.219,0.235,0.180,0.153,0.130,0.050,33,32,15,8
0.101,0.155,0.007,2.53,0.140,0,0.1123,0.0811,0.172,-0.121,0.198,0.191,0.176,0.103,0.054,0.031,31,27,14,8,0.219,0.235,0.180,0.153,0.130,0.050,33,32,15,8
0.094,0.232,0.273,0.22,0.230,0,0.1340,0.0920,0.294,0.303,0.198,0.191,0.176,0.103,0.054,0.031,31,27,14,8,0.219,0.235,0.180,0.153,0.130,0.050,33,32,15,8
0.077,0.206,0.386,-0.52,0.062,0,0.1477,0.0978,0.245,0.341,0.198,0.191,0.176,0.103,0.054,0.031,31,27,14,8,0.219,0.235,0.180,0.153,0.130,0.050,33,32,15,8
0.075,0.221,0.257,-0.52,0.062,0,0.1489,0.0944,0.281,0.341,0.198,0.191,0.176,0.103,0.054,0.031,31,27,14,8,0.219,0.235,0.180,0.153,0.130,0.050,33,32,15,8
0.075,0.185,0.250,1.69,0.290,0,0.1510,0.0923,0.152,-0.697,0.198,0.191,0.176,0.103,0.054,0.031,31,27,14,8,0.219,0.235,0.180,0.153,0.130,0.050,33,32,15,8
0.075,0.177,0.196,-1.19,0.219,1,0.1502,0.0896,0.437,0.586,0.198,0.191,0.176,0.103,0.054,0.031,31,27,14,8,0.219,0.235,0.180,0.153,0.130,0.050,33,32,15,8
0.075,0.215,0.168,-1.14,0.131,0,0.1429,0.0825,0.367,0.987,0.198,0.191,0.176,0.103,0.054,0.031,31,27,14,8,0.219,0.235,0.180,0.153,0.130,0.050,33,32,15,8
0.063,0.172,0.182,2.53,0.140,0,0.1301,0.0747,0.255,-0.121,0.198,0.191,0.176,0.103,0.054,0.031,31,27,14,8,0.219,0.235,0.180,0.153,0.130,0.050,33,32,15,8
0.076,0.175,0.449,-0.48,0.134,0,0.1203,0.0697,0.443,0.007,0.198,0.191,0.176,0.103,0.054,0.031,31,27,14,8,0.219,0.235,0.180,0.153,0.130,0.050,33,32,15,8
0.077,0.156,0.379,-0.48,0.134,0,0.1196,0.0703,0.421,0.007,0.198,0.191,0.176,0.103,0.054,0.031,31,27,14,8,0.219,0.235,0.180,0.153,0.130,0.050,33,32,15,8
0.079,0.134,0.077,0.85,0.046,0,0.1242,0.0737,0.314,0.06,0.198,0.191,0.176,0.103,0.054,0.031,31,27,14,8,0.219,0.235,0.180,0.153,0.130,0.050,33,32,15,8
0.079,0.151,0.006,-1.1,0.105,-1,0.1204,0.0719,0.365,0.192,0.198,0.191,0.176,0.103,0.054,0.031,31,27,14,8,0.219,0.235,0.180,0.153,0.130,0.050,33,32,15,8
0.074,0.093,0.040,1.69,0.290,0,0.1161,0.0690,0.110,-0.697,0.198,0.191,0.176,0.103,0.054,0.031,31,27,14,8,0.219,0.235,0.180,0.153,0.130,0.050,33,32,15,8
0.075,0.085,0.001,3.14,0.186,0,0.1095,0.0637,0.126,-0.486,0.198,0.191,0.176,0.103,0.054,0.031,31,27,14,8,0.219,0.235,0.180,0.153,0.130,0.050,33,32,15,8
0.069,0.117,0.000,3.14,0.186,0,0.1024,0.0578,0.071,-0.486,0.198,0.191,0.176,0.103,0.054,0.031,31,27,14,8,0.219,0.235,0.180,0.153,0.130,0.050,33,32,15,8
0.084,0.092,0.001,-1.14,0.131,0,0.0942,0.0510,0.152,0.987,0.198,0.191,0.176,0.103,0.054,0.031,31,27,14,8,0.219,0.235,0.180,0.153,0.130,0.050,33,32,15,8
0.060,0.098,0.000,2.53,0.140,0,0.0814,0.0419,0.115,-0.121,0.198,0.191,0.176,0.103,0.054,0.031,31,27,14,8,0.219,0.235,0.180,0.153,0.130,0.050,33,32,15,8
0.063,0.101,0.014,-0.79,0.151,-1,0.0522,0.0240,0.308,0.736,0.198,0.191,0.176,0.103,0.054,0.031,31,27,14,8,0.219,0.235,0.180,0.153,0.130,0.050,33,32,15,8
0.062,0.090,0.019,3.14,0.186,0,0.0373,0.0154,0.120,-0.486,0.198,0.191,0.176,0.103,0.054,0.031,31,27,14,8,0.219,0.235,0.180,0.153,0.130,0.050,33,32,15,8
0.093,0.123,0.021,-1.1,0.105,-1,0.0362,0.0156,0.386,0.192,0.198,0.191,0.176,0.103,0.054,0.031,31,27,14,8,0.219,0.235,0.180,0.153,0.130,0.050,33,32,15,8
0.114,0.180,0.050,0,0.000,0,0.0411,0.0185,0.240,0.166,0.198,0.191,0.176,0.103,0.054,0.031,31,27,14,8,0.219,0.235,0.180,0.153,0.130,0.050,33,32,15,8
0.108,0.175,0.068,2.53,0.140,0,0.0438,0.0198,0.181,-0.121,0.198,0.191,0.176,0.103,0.054,0.031,31,27,14,8,0.219,0.235,0.180,0.153,0.130,0.050,33,32,15,8
0.121,0.218,0.202,2.53,0.140,0,0.0548,0.0259,0.168,-0.121,0.198,0.191,0.176,0.103,0.054,0.031,31,27,14,8,0.219,0.235,0.180,0.153,0.130,0.050,33,32,15,8
0.146,0.301,0.334,0.22,0.230,0,0.0726,0.0352,0.192,0.303,0.198,0.191,0.176,0.103,0.054,0.031,31,27,14,8,0.219,0.235,0.180,0.153,0.130,0.050,33,32,15,8
0.144,0.335,0.385,-0.42,0.180,0,0.0859,0.0422,0.174,0.318,0.198,0.191,0.176,0.103,0.054,0.031,31,27,14,8,0.219,0.235,0.180,0.153,0.130,0.050,33,32,15,8
0.121,0.337,0.352,2.53,0.140,0,0.0875,0.0440,0.062,-0.121,0.198,0.191,0.176,0.103,0.054,0.031,31,27,14,8,0.219,0.235,0.180,0.153,0.130,0.050,33,32,15,8
0.104,0.404,0.473,1.37,0.298,0,0.0914,0.0454,0.153,-0.510,0.198,0.191,0.176,0.103,0.054,0.031,31,27,14,8,0.219,0.235,0.180,0.153,0.130,0.050,33,32,15,8
0.104,0.287,0.350,2.53,0.140,0,0.0957,0.0463,0.133,-0.121,0.198,0.191,0.176,0.103,0.054,0.031,31,27,14,8,0.219,0.235,0.180,0.153,0.130,0.050,33,32,15,8
0.123,0.328,0.400,1.99,0.186,0,0.0981,0.0456,0.106,-0.326,0.198,0.191,0.176,0.103,0.054,0.031,31,27,14,8,0.219,0.235,0.180,0.153,0.130,0.050,33,32,15,8
0.131,0.379,0.575,-1.19,0.219,1,0.0966,0.0434,0.393,0.586,0.198,0.191,0.176,0.103,0.054,0.031,31,27,14,8,0.219,0.235,0.180,0.153,0.130,0.050,33,32,15,8
0.142,0.354,0.636,0.2,0.291,1,0.0932,0.0405,0.269,0.180,0.198,0.191,0.176,0.103,0.054,0.031,31,27,14,8,0.219,0.235,0.180,0.153,0.130,0.050,33,32,15,8
0.142,0.292,0.430,-1.14,0.131,0,0.0891,0.0372,0.427,0.987,0.198,0.191,0.176,0.103,0.054,0.031,31,27,14,8,0.219,0.235,0.180,0.153,0.130,0.050,33,32,15,8
0.116,0.307,0.546,0.22,0.230,0,0.0869,0.0351,0.326,0.303,0.198,0.191,0.176,0.103,0.054,0.031,31,27,14,8,0.219,0.235,0.180,0.153,0.130,0.050,33,32,15,8
0.115,0.183,0.183,2.53,0.140,0,0.0882,0.0359,0.093,-0.121,0.198,0.191,0.176,0.103,0.054,0.031,31,27,14,8,0.219,0.235,0.180,0.153,0.130,0.050,33,32,15,8
0.088,0.181,0.480,-1.1,0.105,-1,0.0885,0.0374,0.376,0.192,0.198,0.191,0.176,0.103,0.054,0.031,31,27,14,8,0.219,0.235,0.180,0.153,0.130,0.050,33,32,15,8
0.074,0.154,0.279,-0.79,0.151,-1,0.0760,0.0327,0.422,0.736,0.198,0.191,0.176,0.103,0.054,0.031,31,27,14,8,0.219,0.235,0.180,0.153,0.130,0.050,33,32,15,8
0.076,0.199,0.134,1.69,0.290,0,0.0664,0.0295,0.064,-0.697,0.198,0.191,0.176,0.103,0.054,0.031,31,27,14,8,0.219,0.235,0.180,0.153,0.130,0.050,33,32,15,8
0.086,0.176,0.002,1.99,0.186,0,0.0574,0.0266,0.073,-0.326,0.198,0.191,0.176,0.103,0.054,0.031,31,27,14,8,0.219,0.235,0.180,0.153,0.130,0.050,33,32,15,8
0.085,0.191,0.100,-0.42,0.180,0,0.0526,0.0253,0.483,0.318,0.198,0.191,0.176,0.103,0.054,0.031,31,27,14,8,0.219,0.235,0.180,0.153,0.130,0.050,33,32,15,8
0.070,0.250,0.245,0.2,0.291,1,0.0453,0.0222,0.386,0.180,0.198,0.191,0.176,0.103,0.054,0.031,31,27,14,8,0.219,0.235,0.180,0.153,0.130,0.050,33,32,15,8
0.053,0.193,0.002,1.42,0.221,0,0.0407,0.0202,0.073,-0.397,0.198,0.191,0.176,0.103,0.054,0.031,31,27,14,8,0.219,0.235,0.180,0.153,0.130,0.050,33,32,15,8
0.051,0.173,0.062,0,0.000,0,0.0389,0.0187,0.278,0.166,0.198,0.191,0.176,0.103,0.054,0.031,31,27,14,8,0.219,0.235,0.180,0.153,0.130,0.050,33,32,15,8
0.056,0.134,0.013,-0.79,0.151,-1,0.0338,0.0158,0.400,0.736,0.198,0.191,0.176,0.103,0.054,0.031,31,27,14,8,0.219,0.235,0.180,0.153,0.130,0.050,33,32,15,8
0.052,0.093,0.049,1.99,0.186,0,0.0261,0.0122,0.147,-0.326,0.198,0.191,0.176,0.103,0.054,0.031,31,27,14,8,0.219,0.235,0.180,0.153,0.130,0.050,33,32,15,8
0.052,0.139,0.013,1.69,0.290,0,0.0226,0.0104,0.075,-0.697,0.198,0.191,0.176,0.103,0.054,0.031,31,27,14,8,0.219,0.235,0.180,0.153,0.130,0.050,33,32,15,8
0.069,0.121,0.211,-0.79,0.151,-1,0.0222,0.0100,0.289,0.736,0.198,0.191,0.176,0.103,0.054,0.031,31,27,14,8,0.219,0.235,0.180,0.153,0.130,0.050,33,32,15,8
0.076,0.135,0.010,2.1,0.128,0,0.0256,0.0110,0.063,0.02,0.198,0.191,0.176,0.103,0.054,0.031,31,27,14,8,0.219,0.235,0.180,0.153,0.130,0.050,33,32,15,8
0.093,0.194,0.049,2.53,0.140,0,0.0271,0.0118,0.061,-0.121,0.198,0.191,0.176,0.103,0.054,0.031,31,27,14,8,0.219,0.235,0.180,0.153,0.130,0.050,33,32,15,8
0.090,0.217,0.005,1.99,0.186,0,0.0279,0.0125,0.082,-0.326,0.198,0.191,0.176,0.103,0.054,0.031,31,27,14,8,0.219,0.235,0.180,0.153,0.130,0.050,33,32,15,8
0.088,0.268,0.188,1.69,0.290,0,0.0308,0.0140,0.102,-0.697,0.198,0.191,0.176,0.103,0.054,0.031,31,27,14,8,0.219,0.235,0.180,0.153,0.130,0.050,33,32,15,8
0.085,0.263,0.345,-0.08,0.108,0,0.0324,0.0145,0.082,0.059,0.198,0.191,0.176,0.103,0.054,0.031,31,27,14,8,0.219,0.235,0.180,0.153,0.130,0.050,33,32,15,8
0.082,0.233,0.590,0.85,0.046,0,0.0310,0.0136,0.170,0.06,0.198,0.191,0.176,0.103,0.054,0.031,31,27,14,8,0.219,0.235,0.180,0.153,0.130,0.050,33,32,15,8
0.077,0.262,0.667,-0.52,0.062,0,0.0283,0.0121,0.208,0.341,0.198,0.191,0.176,0.103,0.054,0.031,31,27,14,8,0.219,0.235,0.180,0.153,0.130,0.050,33,32,15,8
0.095,0.177,0.556,1.99,0.186,0,0.0272,0.0114,0.095,-0.326,0.198,0.191,0.176,0.103,0.054,0.031,31,27,14,8,0.219,0.235,0.180,0.153,0.130,0.050,33,32,15,8
0.095,0.202,0.576,0.85,0.046,0,0.0269,0.0109,0.237,0.06,0.198,0.191,0.176,0.103,0.054,0.031,31,27,14,8,0.219,0.235,0.180,0.153,0.130,0.050,33,32,15,8
0.110,0.251,0.580,-1.19,0.219,1,0.0282,0.0113,0.492,0.586,0.198,0.191,0.176,0.103,0.054,0.031,31,27,14,8,0.219,0.235,0.180,0.153,0.130,0.050,33,32,15,8
0.166,0.265,0.613,1.37,0.298,0,0.0317,0.0128,0.197,-0.510,0.198,0.191,0.176,0.103,0.054,0.031,31,27,14,8,0.219,0.235,0.180,0.153,0.130,0.050,33,32,15,8
0.113,0.173,0.011,0.85,0.046,0,0.0397,0.0167,0.214,0.06,0.198,0.191,0.176,0.103,0.054,0.031,31,27,14,8,0.219,0.235,0.180,0.153,0.130,0.050,33,32,15,8
0.115,0.180,0.199,-1.1,0.105,-1,0.0491,0.0217,0.391,0.192,0.198,0.191,0.176,0.103,0.054,0.031,31,27,14,8,0.219,0.235,0.180,0.153,0.130,0.050,33,32,15,8
0.116,0.190,0.203,-1.14,0.131,0,0.0546,0.0245,0.281,0.987,0.198,0.191,0.176,0.103,0.054,0.031,31,27,14,8,0.219,0.235,0.180,0.153,0.130,0.050,33,32,15,8
0.116,0.193,0.006,2.53,0.140,0,0.0558,0.0252,0.121,-0.121,0.198,0.191,0.176,0.103,0.054,0.031,31,27,14,8,0.219,0.235,0.180,0.153,0.130,0.050,33,32,15,8
0.127,0.162,0.002,0.85,0.046,0,0.0557,0.0249,0.226,0.06,0.198,0.191,0.176,0.103,0.054,0.031,31,27,14,8,0.219,0.235,0.180,0.153,0.130,0.050,33,32,15,8
0.127,0.185,0.001,-1.1,0.105,-1,0.0548,0.0251,0.407,0.192,0.198,0.191,0.176,0.103,0.054,0.031,31,27,14,8,0.219,0.235,0.180,0.153,0.130,0.050,33,32,15,8
0.126,0.121,0.007,1.99,0.186,0,0.0550,0.0262,0.096,-0.326,0.198,0.191,0.176,0.103,0.054,0.031,31,27,14,8,0.219,0.235,0.180,0.153,0.130,0.050,33,32,15,8
0.126,0.159,0.010,1.99,0.186,0,0.0550,0.0272,0.117,-0.326,0.198,0.191,0.176,0.103,0.054,0.031,31,27,14,8,0.219,0.235,0.180,0.153,0.130,0.050,33,32,15,8
0.103,0.179,0.195,-1.1,0.105,-1,0.0524,0.0275,0.477,0.192,0.198,0.191,0.176,0.103,0.054,0.031,31,27,14,8,0.219,0.235,0.180,0.153,0.130,0.050,33,32,15,8
0.086,0.216,0.376,-1.19,0.219,1,0.0490,0.0270,0.499,0.586,0.198,0.191,0.176,0.103,0.054,0.031,31,27,14,8,0.219,0.235,0.180,0.153,0.130,0.050,33,32,15,8
0.078,0.244,0.398,1.76,0.409,0,0.0433,0.0242,0.134,-0.884,0.198,0.191,0.176,0.103,0.054,0.031,31,27,14,8,0.219,0.235,0.180,0.153,0.130,0.050,33,32,15,8
0.082,0.198,0.472,0,0.000,0,0.0389,0.0219,0.252,0.166,0.198,0.191,0.176,0.103,0.054,0.031,31,27,14,8,0.219,0.235,0.180,0.153,0.130,0.050,33,32,15,8
0.088,0.224,0.577,0.85,0.046,0,0.0358,0.0215,0.329,0.06,0.198,0.191,0.176,0.103,0.054,0.031,31,27,14,8,0.219,0.235,0.180,0.153,0.130,0.050,33,32,15,8
0.092,0.268,0.356,1.69,0.290,0,0.0324,0.0206,0.145,-0.697,0.198,0.191,0.176,0.103,0.054,0.031,31,27,14,8,0.219,0.235,0.180,0.153,0.130,0.050,33,32,15,8
0.076,0.359,0.585,0.2,0.291,1,0.0288,0.0192,0.214,0.180,0.198,0.191,0.176,0.103,0.054,0.031,31,27,14,8,0.219,0.235,0.180,0.153,0.130,0.050,33,32,15,8
0.081,0.256,0.480,0.85,0.046,0,0.0280,0.0199,0.180,0.06,0.198,0.191,0.176,0.103,0.054,0.031,31,27,14,8,0.219,0.235,0.180,0.153,0.130,0.050,33,32,15,8
0.088,0.374,0.469,0.2,0.291,1,0.0257,0.0195,0.312,0.180,0.198,0.191,0.176,0.103,0.054,0.031,31,27,14,8,0.219,0.235,0.180,0.153,0.130,0.050,33,32,15,8
0.090,0.286,0.155,1.99,0.186,0,0.0215,0.0180,0.089,-0.326,0.198,0.191,0.176,0.103,0.054,0.031,31,27,14,8,0.219,0.235,0.180,0.153,0.130,0.050,33,32,15,8
0.076,0.282,0.304,1.69,0.290,0,0.0229,0.0201,0.112,-0.697,0.198,0.191,0.176,0.103,0.054,0.031,31,27,14,8,0.219,0.235,0.180,0.153,0.130,0.050,33,32,15,8
0.070,0.316,0.527,0.2,0.291,1,0.0303,0.0261,0.362,0.180,0.198,0.191,0.176,0.103,0.054,0.031,31,27,14,8,0.219,0.235,0.180,0.153,0.130,0.050,33,32,15,8
0.056,0.259,0.355,-0.79,0.151,-1,0.0386,0.0327,0.361,0.736,0.198,0.191,0.176,0.103,0.054,0.031,31,27,14,8,0.219,0.235,0.180,0.153,0.130,0.050,33,32,15,8
0.103,0.293,0.246,-0.52,0.062,0,0.0336,0.0302,0.148,0.341,0.198,0.191,0.176,0.103,0.054,0.031,31,27,14,8,0.219,0.235,0.180,0.153,0.130,0.050,33,32,15,8
0.097,0.269,0.174,2.1,0.128,0,0.0306,0.0291,0.057,0.02,0.198,0.191,0.176,0.103,0.054,0.031,31,27,14,8,0.219,0.235,0.180,0.153,0.130,0.050,33,32,15,8
0.096,0.263,0.179,2.53,0.140,0,0.0322,0.0311,0.163,-0.121,0.198,0.191,0.176,0.103,0.054,0.031,31,27,14,8,0.219,0.235,0.180,0.153,0.130,0.050,33,32,15,8
0.122,0.294,0.352,1.69,0.290,0,0.0378,0.0360,0.158,-0.697,0.198,0.191,0.176,0.103,0.054,0.031,31,27,14,8,0.219,0.235,0.180,0.153,0.130,0.050,33,32,15,8
0.122,0.299,0.368,0.22,0.230,0,0.0457,0.0426,0.190,0.303,0.198,0.191,0.176,0.103,0.054,0.031,31,27,14,8,0.219,0.235,0.180,0.153,0.130,0.050,33,32,15,8
0.121,0.371,0.579,0.2,0.291,1,0.0579,0.0521,0.357,0.180,0.198,0.191,0.176,0.103,0.054,0.031,31,27,14,8,0.219,0.235,0.180,0.153,0.130,0.050,33,32,15,8
0.119,0.338,0.399,0,0.000,0,0.0681,0.0592,0.305,0.166,0.198,0.191,0.176,0.103,0.054,0.031,31,27,14,8,0.219,0.235,0.180,0.153,0.130,0.050,33,32,15,8
0.124,0.382,0.442,-0.48,0.134,0,0.0765,0.0644,0.293,0.007,0.198,0.191,0.176,0.103,0.054,0.031,31,27,14,8,0.219,0.235,0.180,0.153,0.130,0.050,33,32,15,8
0.144,0.445,0.676,1.37,0.298,0,0.0845,0.0687,0.170,-0.510,0.198,0.191,0.176,0.103,0.054,0.031,31,27,14,8,0.219,0.235,0.180,0.153,0.130,0.050,33,32,15,8
0.138,0.370,0.675,2.53,0.140,0,0.0904,0.0726,0.121,-0.121,0.198,0.191,0.176,0.103,0.054,0.031,31,27,14,8,0.219,0.235,0.180,0.153,0.130,0.050,33,32,15,8
0.175,0.453,0.820,-1.19,0.219,1,0.0949,0.0756,0.464,0.586,0.198,0.191,0.176,0.103,0.054,0.031,31,27,14,8,0.219,0.235,0.180,0.153,0.130,0.050,33,32,15,8
0.173,0.362,0.344,-1.1,0.105,-1,0.0919,0.0733,0.237,0.192,0.198,0.191,0.176,0.103,0.054,0.031,31,27,14,8,0.219,0.235,0.180,0.153,0.130,0.050,33,32,15,8
0.168,0.359,0.097,1.99,0.186,0,0.0843,0.0675,0.070,-0.326,0.198,0.191,0.176,0.103,0.054,0.031,31,27,14,8,0.219,0.235,0.180,0.153,0.130,0.050,33,32,15,8
0.167,0.365,0.353,-0.52,0.062,0,0.0694,0.0569,0.320,0.341,0.198,0.191,0.176,0.103,0.054,0.031,31,27,14,8,0.219,0.235,0.180,0.153,0.130,0.050,33,32,15,8
0.195,0.444,0.484,0.2,0.291,1,0.0611,0.0520,0.443,0.180,0.198,0.191,0.176,0.103,0.054,0.031,31,27,14,8,0.219,0.235,0.180,0.153,0.130,0.050,33,32,15,8
0.182,0.367,0.082,1.99,0.186,0,0.0584,0.0509,0.168,-0.326,0.198,0.191,0.176,0.103,0.054,0.031,31,27,14,8,0.219,0.235,0.180,0.153,0.130,0.050,33,32,15,8
0.170,0.366,0.375,0,0.000,0,0.0685,0.0605,0.234,0.166,0.198,0.191,0.176,0.103,0.054,0.031,31,27,14,8,0.219,0.235,0.180,0.153,0.130,0.050,33,32,15,8
0.142,0.436,0.588,0.2,0.291,1,0.0881,0.0789,0.437,0.180,0.198,0.191,0.176,0.103,0.054,0.031,31,27,14,8,0.219,0.235,0.180,0.153,0.130,0.050,33,32,15,8
0.174,0.318,0.481,-1.1,0.105,-1,0.0954,0.0868,0.333,0.192,0.198,0.191,0.176,0.103,0.054,0.031,31,27,14,8,0.219,0.235,0.180,0.153,0.130,0.050,33,32,15,8
0.186,0.279,0.122,1.99,0.186,0,0.1012,0.0931,0.086,-0.326,0.198,0.191,0.176,0.103,0.054,0.031,31,27,14,8,0.219,0.235,0.180,0.153,0.130,0.050,33,32,15,8
0.187,0.375,0.424,0.2,0.291,1,0.1020,0.0954,0.298,0.180,0.198,0.191,0.176,0.103,0.054,0.031,31,27,14,8,0.219,0.235,0.180,0.153,0.130,0.050,33,32,15,8
0.160,0.329,0.396,0.2,0.291,1,0.1018,0.0984,0.245,0.180,0.198,0.191,0.176,0.103,0.054,0.031,31,27,14,8,0.219,0.235,0.180,0.153,0.130,0.050,33,32,15,8
0.149,0.204,0.013,2.53,0.140,0,0.0992,0.1011,0.050,-0.121,0.198,0.191,0.176,0.103,0.054,0.031,31,27,14,8,0.219,0.235,0.180,0.153,0.130,0.050,33,32,15,8
0.150,0.169,0.004,1.99,0.186,0,0.0914,0.0985,0.057,-0.326,0.198,0.191,0.176,0.103,0.054,0.031,31,27,14,8,0.219,0.235,0.180,0.153,0.130,0.050,33,32,15,8
0.118,0.169,0.008,3.14,0.186,0,0.0825,0.0964,0.112,-0.486,0.198,0.191,0.176,0.103,0.054,0.031,31,27,14,8,0.219,0.235,0.180,0.153,0.130,0.050,33,32,15,8
0.122,0.195,0.003,1.99,0.186,0,0.0787,0.0980,0.108,-0.326,0.198,0.191,0.176,0.103,0.054,0.031,31,27,14,8,0.219,0.235,0.180,0.153,0.130,0.050,33,32,15,8
0.117,0.256,0.174,-1.1,0.105,-1,0.0714,0.0951,0.209,0.192,0.198,0.191,0.176,0.103,0.054,0.031,31,27,14,8,0.219,0.235,0.180,0.153,0.130,0.050,33,32,15,8
0.110,0.263,0.471,-0.48,0.134,0,0.0682,0.0957,0.356,0.007,0.198,0.191,0.176,0.103,0.054,0.031,31,27,14,8,0.219,0.235,0.180,0.153,0.130,0.050,33,32,15,8
0.090,0.281,0.576,-0.52,0.062,0,0.0776,0.1069,0.230,0.341,0.198,0.191,0.176,0.103,0.054,0.031,31,27,14,8,0.219,0.235,0.180,0.153,0.130,0.050,33,32,15,8
0.094,0.233,0.287,-1.14,0.131,0,0.0904,0.1197,0.361,0.987,0.198,0.191,0.176,0.103,0.054,0.031,31,27,14,8,0.219,0.235,0.180,0.153,0.130,0.050,33,32,15,8
0.094,0.154,0.243,0.85,0.046,0,0.1002,0.1284,0.233,0.06,0.198,0.191,0.176,0.103,0.054,0.031,31,27,14,8,0.219,0.235,0.180,0.153,0.130,0.050,33,32,15,8
0.087,0.202,0.267,-0.52,0.062,0,0.1049,0.1347,0.195,0.341,0.198,0.191,0.176,0.103,0.054,0.031,31,27,14,8,0.219,0.235,0.180,0.153,0.130,0.050,33,32,15,8
0.083,0.205,0.539,1.37,0.298,0,0.1129,0.1449,0.169,-0.510,0.198,0.191,0.176,0.103,0.054,0.031,31,27,14,8,0.219,0.235,0.180,0.153,0.130,0.050,33,32,15,8
0.084,0.161,0.187,2.53,0.140,0,0.1138,0.1468,0.132,-0.121,0.198,0.191,0.176,0.103,0.054,0.031,31,27,14,8,0.219,0.235,0.180,0.153,0.130,0.050,33,32,15,8
0.089,0.232,0.361,1.69,0.290,0,0.1182,0.1523,0.116,-0.697,0.198,0.191,0.176,0.103,0.054,0.031,31,27,14,8,0.219,0.235,0.180,0.153,0.130,0.050,33,32,15,8
0.062,0.242,0.352,0.22,0.230,0,0.1167,0.1536,0.149,0.303,0.198,0.191,0.176,0.103,0.054,0.031,31,27,14,8,0.219,0.235,0.180,0.153,0.130,0.050,33,32,15,8
0.051,0.178,0.161,-1.14,0.131,0,0.1155,0.1525,0.263,0.987,0.198,0.191,0.176,0.103,0.054,0.031,31,27,14,8,0.219,0.235,0.180,0.153,0.130,0.050,33,32,15,8
0.051,0.177,0.321,-1.1,0.105,-1,0.1054,0.1446,0.549,0.192,0.198,0.191,0.176,0.103,0.054,0.031,31,27,14,8,0.219,0.235,0.180,0.153,0.130,0.050,33,32,15,8
0.051,0.168,0.365,-0.48,0.134,0,0.0862,0.1267,0.360,0.007,0.198,0.191,0.176,0.103,0.054,0.031,31,27,14,8,0.219,0.235,0.180,0.153,0.130,0.050,33,32,15,8
0.050,0.158,0.164,0.85,0.046,0,0.0795,0.1190,0.237,0.06,0.198,0.191,0.176,0.103,0.054,0.031,31,27,14,8,0.219,0.235,0.180,0.153,0.130,0.050,33,32,15,8
0.056,0.170,0.295,2.53,0.140,0,0.0904,0.1269,0.186,-0.121,0.198,0.191,0.176,0.103,0.054,0.031,31,27,14,8,0.219,0.235,0.180,0.153,0.130,0.050,33,32,15,8
0.053,0.171,0.177,-1.14,0.131,0,0.1059,0.1368,0.243,0.987,0.198,0.191,0.176,0.103,0.054,0.031,31,27,14,8,0.219,0.235,0.180,0.153,0.130,0.050,33,32,15,8
0.047,0.201,0.118,2.53,0.140,0,0.1338,0.1581,0.096,-0.121,0.198,0.191,0.176,0.103,0.054,0.031,31,27,14,8,0.219,0.235,0.180,0.153,0.130,0.050,33,32,15,8
0.043,0.191,0.149,0.85,0.046,0,0.1662,0.1829,0.126,0.06,0.198,0.191,0.176,0.103,0.054,0.031,31,27,14,8,0.219,0.235,0.180,0.153,0.130,0.050,33,32,15,8
0.043,0.233,0.396,-0.52,0.062,0,0.1893,0.2019,0.219,0.341,0.198,0.191,0.176,0.103,0.054,0.031,31,27,14,8,0.219,0.235,0.180,0.153,0.130,0.050,33,32,15,8
0.057,0.255,0.586,1.76,0.409,0,0.1981,0.2074,0.147,-0.884,0.198,0.191,0.176,0.103,0.054,0.031,31,27,14,8,0.219,0.235,0.180,0.153,0.130,0.050,33,32,15,8
0.050,0.207,0.454,1.69,0.290,0,0.1958,0.2060,0.101,-0.697,0.198,0.191,0.176,0.103,0.054,0.031,31,27,14,8,0.219,0.235,0.180,0.153,0.130,0.050,33,32,15,8
0.053,0.179,0.444,-1.1,0.105,-1,0.1826,0.1975,0.317,0.192,0.198,0.191,0.176,0.103,0.054,0.031,31,27,14,8,0.219,0.235,0.180,0.153,0.130,0.050,33,32,15,8
0.055,0.181,0.458,-0.48,0.134,0,0.1544,0.1746,0.396,0.007,0.198,0.191,0.176,0.103,0.054,0.031,31,27,14,8,0.219,0.235,0.180,0.153,0.130,0.050,33,32,15,8
0.062,0.166,0.238,1.42,0.221,0,0.1155,0.1437,0.211,-0.397,0.198,0.191,0.176,0.103,0.054,0.031,31,27,14,8,0.219,0.235,0.180,0.153,0.130,0.050,33,32,15,8
0.050,0.210,0.349,-0.52,0.062,0,0.0774,0.1171,0.370,0.341,0.198,0.191,0.176,0.103,0.054,0.031,31,27,14,8,0.219,0.235,0.180,0.153,0.130,0.050,33,32,15,8
0.041,0.192,0.188,-1.1,0.105,-1,0.0467,0.0961,0.433,0.192,0.198,0.191,0.176,0.103,0.054,0.031,31,27,14,8,0.219,0.235,0.180,0.153,0.130,0.050,33,32,15,8
0.034,0.133,0.236,-0.08,0.108,0,0.0328,0.0900,0.425,0.059,0.198,0.191,0.176,0.103,0.054,0.031,31,27,14,8,0.219,0.235,0.180,0.153,0.130,0.050,33,32,15,8
0.033,0.150,0.038,-0.79,0.151,-1,0.0349,0.0976,0.365,0.736,0.198,0.191,0.176,0.103,0.054,0.031,31,27,14,8,0.219,0.235,0.180,0.153,0.130,0.050,33,32,15,8
0.033,0.107,0.001,1.99,0.186,0,0.0581,0.1229,0.109,-0.326,0.198,0.191,0.176,0.103,0.054,0.031,31,27,14,8,0.219,0.235,0.180,0.153,0.130,0.050,33,32,15,8
0.033,0.121,0.199,0.22,0.230,0,0.0808,0.1502,0.354,0.303,0.198,0.191,0.176,0.103,0.054,0.031,31,27,14,8,0.219,0.235,0.180,0.153,0.130,0.050,33,32,15,8
0.051,0.092,0.024,-1.1,0.105,-1,0.0955,0.1718,0.402,0.192,0.198,0.191,0.176,0.103,0.054,0.031,31,27,14,8,0.219,0.235,0.180,0.153,0.130,0.050,33,32,15,8
0.063,0.106,0.008,1.99,0.186,0,0.1064,0.1886,0.099,-0.326,0.198,0.191,0.176,0.103,0.054,0.031,31,27,14,8,0.219,0.235,0.180,0.153,0.130,0.050,33,32,15,8
0.063,0.093,0.003,1.99,0.186,0,0.1137,0.1983,0.117,-0.326,0.198,0.191,0.176,0.103,0.054,0.031,31,27,14,8,0.219,0.235,0.180,0.153,0.130,0.050,33,32,15,8
0.071,0.110,0.250,-1.14,0.131,0,0.1098,0.1953,0.351,0.987,0.198,0.191,0.176,0.103,0.054,0.031,31,27,14,8,0.219,0.235,0.180,0.153,0.130,0.050,33,32,15,8
0.068,0.181,0.213,1.69,0.290,0,0.1009,0.1849,0.135,-0.697,0.198,0.191,0.176,0.103,0.054,0.031,31,27,14,8,0.219,0.235,0.180,0.153,0.130,0.050,33,32,15,8
0.057,0.169,0.011,1.69,0.290,0,0.0803,0.1597,0.101,-0.697,0.198,0.191,0.176,0.103,0.054,0.031,31,27,14,8,0.219,0.235,0.180,0.153,0.130,0.050,33,32,15,8
0.063,0.135,0.151,-0.79,0.151,-1,0.0641,0.1382,0.433,0.736,0.198,0.191,0.176,0.103,0.054,0.031,31,27,14,8,0.219,0.235,0.180,0.153,0.130,0.050,33,32,15,8
0.067,0.155,0.050,-0.42,0.180,0,0.0446,0.1150,0.387,0.318,0.198,0.191,0.176,0.103,0.054,0.031,31,27,14,8,0.219,0.235,0.180,0.153,0.130,0.050,33,32,15,8
0.082,0.219,0.003,1.99,0.186,0,0.0224,0.0937,0.100,-0.326,0.198,0.191,0.176,0.103,0.054,0.031,31,27,14,8,0.219,0.235,0.180,0.153,0.130,0.050,33,32,15,8
0.086,0.226,0.058,-0.52,0.062,0,0.0152,0.0891,0.307,0.341,0.198,0.191,0.176,0.103,0.054,0.031,31,27,14,8,0.219,0.235,0.180,0.153,0.130,0.050,33,32,15,8
0.077,0.250,0.270,0.2,0.291,1,0.0321,0.1056,0.448,0.180,0.198,0.191,0.176,0.103,0.054,0.031,31,27,14,8,0.219,0.235,0.180,0.153,0.130,0.050,33,32,15,8
0.077,0.173,0.507,2.53,0.140,0,0.0567,0.1327,0.161,-0.121,0.198,0.191,0.176,0.103,0.054,0.031,31,27,14,8,0.219,0.235,0.180,0.153,0.130,0.050,33,32,15,8
0.080,0.207,0.230,-1.1,0.105,-1,0.0918,0.1751,0.393,0.192,0.198,0.191,0.176,0.103,0.054,0.031,31,27,14,8,0.219,0.235,0.180,0.153,0.130,0.050,33,32,15,8
0.077,0.196,0.373,-1.1,0.105,-1,0.1384,0.2304,0.348,0.192,0.198,0.191,0.176,0.103,0.054,0.031,31,27,14,8,0.219,0.235,0.180,0.153,0.130,0.050,33,32,15,8
0.083,0.205,0.009,2.53,0.140,0,0.1797,0.2874,0.109,-0.121,0.198,0.191,0.176,0.103,0.054,0.031,31,27,14,8,0.219,0.235,0.180,0.153,0.130,0.050,33,32,15,8
0.106,0.292,0.530,1.37,0.298,0,0.2212,0.3499,0.147,-0.510,0.198,0.191,0.176,0.103,0.054,0.031,31,27,14,8,0.219,0.235,0.180,0.153,0.130,0.050,33,32,15,8
0.127,0.218,0.503,-0.52,0.062,0,0.2660,0.4160,0.253,0.341,0.198,0.191,0.176,0.103,0.054,0.031,31,27,14,8,0.219,0.235,0.180,0.153,0.130,0.050,33,32,15,8
0.156,0.233,0.162,2.53,0.140,0,0.3003,0.4814,0.149,-0.121,0.198,0.191,0.176,0.103,0.054,0.031,31,27,14,8,0.219,0.235,0.180,0.153,0.130,0.050,33,32,15,8
0.161,0.208,0.013,1.99,0.186,0,0.3253,0.5465,0.111,-0.326,0.198,0.191,0.176,0.103,0.054,0.031,31,27,14,8,0.219,0.235,0.180,0.153,0.130,0.050,33,32,15,8
0.161,0.225,0.204,0.2,0.291,1,0.3398,0.6102,0.391,0.180,0.198,0.191,0.176,0.103,0.054,0.031,31,27,14,8,0.219,0.235,0.180,0.153,0.130,0.050,33,32,15,8
0.151,0.204,0.126,-0.42,0.180,0,0.3443,0.6715,0.373,0.318,0.198,0.191,0.176,0.103,0.054,0.031,31,27,14,8,0.219,0.235,0.180,0.153,0.130,0.050,33,32,15,8
0.142,0.189,0.330,-1.14,0.131,0,0.3412,0.7298,0.361,0.987,0.198,0.191,0.176,0.103,0.054,0.031,31,27,14,8,0.219,0.235,0.180,0.153,0.130,0.050,33,32,15,8
0.141,0.220,0.624,0.2,0.291,1,0.3350,0.7843,0.444,0.180,0.198,0.191,0.176,0.103,0.054,0.031,31,27,14,8,0.219,0.235,0.180,0.153,0.130,0.050,33,32,15,8
0.148,0.116,0.325,-1.14,0.131,0,0.3327,0.8346,0.547,0.987,0.198,0.191,0.176,0.103,0.054,0.031,31,27,14,8,0.219,0.235,0.180,0.153,0.130,0.050,33,32,15,8
0.156,0.115,0.395,0,0.000,0,0.3440,0.8802,0.625,0.166,0.198,0.191,0.176,0.103,0.054,0.031,31,27,14,8,0.219,0.235,0.180,0.153,0.130,0.050,33,32,15,8
0.155,0.099,0.324,-0.52,0.062,0,0.3820,0.9205,0.921,0.341,0.198,0.191,0.176,0.103,0.054,0.031,31,27,14,8,0.219,0.235,0.180,0.153,0.130,0.050,33,32,15,8
