0.219,0.104,0.402,1.42,0.221,0,0.4607,0.9346,0.597,-0.397,0.178,0.140,0.095,0.018,0.000,0.000,22,5,0,0,0.210,0.175,0.144,0.067,0.035,0.018,28,16,8,5
0.215,0.123,0.420,-1.19,0.219,1,0.3591,0.8687,0.550,0.586,0.178,0.140,0.095,0.018,0.000,0.000,22,5,0,0,0.210,0.175,0.144,0.067,0.035,0.018,28,16,8,5
0.178,0.102,0.296,2.53,0.140,0,0.3242,0.8201,0.264,-0.121,0.178,0.140,0.095,0.018,0.000,0.000,22,5,0,0,0.210,0.175,0.144,0.067,0.035,0.018,28,16,8,5
0.187,0.110,0.210,-1.1,0.105,-1,0.3280,0.7785,0.387,0.192,0.178,0.140,0.095,0.018,0.000,0.000,22,5,0,0,0.210,0.175,0.144,0.067,0.035,0.018,28,16,8,5
0.175,0.108,0.329,2.53,0.140,0,0.3507,0.7378,0.273,-0.121,0.178,0.140,0.095,0.018,0.000,0.000,22,5,0,0,0.210,0.175,0.144,0.067,0.035,0.018,28,16,8,5
0.166,0.131,0.150,0,0.000,0,0.3787,0.6951,0.259,0.166,0.178,0.140,0.095,0.018,0.000,0.000,22,5,0,0,0.210,0.175,0.144,0.067,0.035,0.018,28,16,8,5
0.166,0.143,0.267,-1.14,0.131,0,0.4046,0.6504,0.459,0.987,0.178,0.140,0.095,0.018,0.000,0.000,22,5,0,0,0.210,0.175,0.144,0.067,0.035,0.018,28,16,8,5
0.159,0.163,0.366,-1.1,0.105,-1,0.4250,0.6054,0.390,0.192,0.178,0.140,0.095,0.018,0.000,0.000,22,5,0,0,0.210,0.175,0.144,0.067,0.035,0.018,28,16,8,5
0.152,0.162,0.171,-1.14,0.131,0,0.4399,0.5634,0.318,0.987,0.178,0.140,0.095,0.018,0.000,0.000,22,5,0,0,0.210,0.175,0.144,0.067,0.035,0.018,28,16,8,5
0.124,0.252,0.458,-0.52,0.062,0,0.4516,0.5280,0.318,0.341,0.178,0.140,0.095,0.018,0.000,0.000,22,5,0,0,0.210,0.175,0.144,0.067,0.035,0.018,28,16,8,5
0.131,0.203,0.352,1.99,0.186,0,0.4752,0.5115,0.149,-0.326,0.178,0.140,0.095,0.018,0.000,0.000,22,5,0,0,0.210,0.175,0.144,0.067,0.035,0.018,28,16,8,5
0.127,0.154,0.350,2.53,0.140,0,0.4899,0.5002,0.170,-0.121,0.178,0.140,0.095,0.018,0.000,0.000,22,5,0,0,0.210,0.175,0.144,0.067,0.035,0.018,28,16,8,5
0.127,0.248,0.594,1.37,0.298,0,0.5206,0.5056,0.177,-0.510,0.178,0.140,0.095,0.018,0.000,0.000,22,5,0,0,0.210,0.175,0.144,0.067,0.035,0.018,28,16,8,5
0.133,0.251,0.505,0.2,0.291,1,0.5453,0.5163,0.230,0.180,0.178,0.140,0.095,0.018,0.000,0.000,22,5,0,0,0.210,0.175,0.144,0.067,0.035,0.018,28,16,8,5
0.170,0.238,0.170,-1.14,0.131,0,0.5530,0.5229,0.327,0.987,0.178,0.140,0.095,0.018,0.000,0.000,22,5,0,0,0.210,0.175,0.144,0.067,0.035,0.018,28,16,8,5
0.164,0.175,0.156,-1.1,0.105,-1,0.5345,0.5155,0.438,0.192,0.178,0.140,0.095,0.018,0.000,0.000,22,5,0,0,0.210,0.175,0.144,0.067,0.035,0.018,28,16,8,5
0.168,0.127,0.054,2.53,0.140,0,0.5008,0.4977,0.238,-0.121,0.178,0.140,0.095,0.018,0.000,0.000,22,5,0,0,0.210,0.175,0.144,0.067,0.035,0.018,28,16,8,5
0.146,0.137,0.094,-1.1,0.105,-1,0.4703,0.4794,0.371,0.192,0.178,0.140,0.095,0.018,0.000,0.000,22,5,0,0,0.210,0.175,0.144,0.067,0.035,0.018,28,16,8,5
0.158,0.139,0.171,-1.14,0.131,0,0.4533,0.4685,0.454,0.987,0.178,0.140,0.095,0.018,0.000,0.000,22,5,0,0,0.210,0.175,0.144,0.067,0.035,0.018,28,16,8,5
0.140,0.156,0.045,-0.79,0.151,-1,0.4349,0.4536,0.540,0.736,0.178,0.140,0.095,0.018,0.000,0.000,22,5,0,0,0.210,0.175,0.144,0.067,0.035,0.018,28,16,8,5
0.119,0.137,0.260,1.42,0.221,0,0.4213,0.4411,0.218,-0.397,0.178,0.140,0.095,0.018,0.000,0.000,22,5,0,0,0.210,0.175,0.144,0.067,0.035,0.018,28,16,8,5
0.114,0.174,0.149,0.85,0.046,0,0.4167,0.4352,0.329,0.06,0.178,0.140,0.095,0.018,0.000,0.000,22,5,0,0,0.210,0.175,0.144,0.067,0.035,0.018,28,16,8,5
0.120,0.309,0.520,-1.19,0.219,1,0.4387,0.4471,0.509,0.586,0.178,0.140,0.095,0.018,0.000,0.000,22,5,0,0,0.210,0.175,0.144,0.067,0.035,0.018,28,16,8,5
0.137,0.371,0.383,-0.52,0.062,0,0.4623,0.4606,0.263,0.341,0.178,0.140,0.095,0.018,0.000,0.000,22,5,0,0,0.210,0.175,0.144,0.067,0.035,0.018,28,16,8,5
0.126,0.471,0.422,-1.19,0.219,1,0.4795,0.4685,0.431,0.586,0.178,0.140,0.095,0.018,0.000,0.000,22,5,0,0,0.210,0.175,0.144,0.067,0.035,0.018,28,16,8,5
0.131,0.466,0.331,-1.1,0.105,-1,0.4814,0.4682,0.444,0.192,0.178,0.140,0.095,0.018,0.000,0.000,22,5,0,0,0.210,0.175,0.144,0.067,0.035,0.018,28,16,8,5
0.136,0.878,0.647,-0.52,0.062,0,0.4553,0.4485,0.265,0.341,0.178,0.140,0.095,0.018,0.000,0.000,22,5,0,0,0.210,0.175,0.144,0.067,0.035,0.018,28,16,8,5
0.130,0.881,0.490,1.69,0.290,0,0.4251,0.4272,0.135,-0.697,0.178,0.140,0.095,0.018,0.000,0.000,22,5,0,0,0.210,0.175,0.144,0.067,0.035,0.018,28,16,8,5
0.141,0.888,0.668,0.2,0.291,1,0.3838,0.3996,0.391,0.180,0.178,0.140,0.095,0.018,0.000,0.000,22,5,0,0,0.210,0.175,0.144,0.067,0.035,0.018,28,16,8,5
0.147,0.507,0.479,-0.48,0.134,0,0.3356,0.3672,0.410,0.007,0.178,0.140,0.095,0.018,0.000,0.000,22,5,0,0,0.210,0.175,0.144,0.067,0.035,0.018,28,16,8,5
0.149,0.865,0.371,1.37,0.298,0,0.2913,0.3341,0.190,-0.510,0.178,0.140,0.095,0.018,0.000,0.000,22,5,0,0,0.210,0.175,0.144,0.067,0.035,0.018,28,16,8,5
0.136,0.469,0.246,-0.08,0.108,0,0.2511,0.3032,0.281,0.059,0.178,0.140,0.095,0.018,0.000,0.000,22,5,0,0,0.210,0.175,0.144,0.067,0.035,0.018,28,16,8,5
0.129,0.420,0.286,-0.52,0.062,0,0.2247,0.2797,0.399,0.341,0.178,0.140,0.095,0.018,0.000,0.000,22,5,0,0,0.210,0.175,0.144,0.067,0.035,0.018,28,16,8,5
0.092,0.410,0.180,0,0.000,0,0.1895,0.2481,0.175,0.166,0.178,0.140,0.095,0.018,0.000,0.000,22,5,0,0,0.210,0.175,0.144,0.067,0.035,0.018,28,16,8,5
0.109,0.387,0.016,-1.14,0.131,0,0.1536,0.2170,0.391,0.987,0.178,0.140,0.095,0.018,0.000,0.000,22,5,0,0,0.210,0.175,0.144,0.067,0.035,0.018,28,16,8,5
0.087,0.359,0.031,1.99,0.186,0,0.1280,0.1931,0.175,-0.326,0.178,0.140,0.095,0.018,0.000,0.000,22,5,0,0,0.210,0.175,0.144,0.067,0.035,0.018,28,16,8,5
0.095,0.324,0.098,1.99,0.186,0,0.1296,0.1912,0.111,-0.326,0.178,0.140,0.095,0.018,0.000,0.000,22,5,0,0,0.210,0.175,0.144,0.067,0.035,0.018,28,16,8,5
0.097,0.351,0.046,-1.1,0.105,-1,0.1433,0.2002,0.327,0.192,0.178,0.140,0.095,0.018,0.000,0.000,22,5,0,0,0.210,0.175,0.144,0.067,0.035,0.018,28,16,8,5
0.112,0.491,0.428,0.2,0.291,1,0.1553,0.2066,0.273,0.180,0.178,0.140,0.095,0.018,0.000,0.000,22,5,0,0,0.210,0.175,0.144,0.067,0.035,0.018,28,16,8,5
0.116,0.844,0.002,2.53,0.140,0,0.1604,0.2066,0.097,-0.121,0.178,0.140,0.095,0.018,0.000,0.000,22,5,0,0,0.210,0.175,0.144,0.067,0.035,0.018,28,16,8,5
0.132,0.890,0.208,1.69,0.290,0,0.1747,0.2101,0.127,-0.697,0.178,0.140,0.095,0.018,0.000,0.000,22,5,0,0,0.210,0.175,0.144,0.067,0.035,0.018,28,16,8,5
0.141,0.849,0.266,-0.08,0.108,0,0.1824,0.2082,0.229,0.059,0.178,0.140,0.095,0.018,0.000,0.000,22,5,0,0,0.210,0.175,0.144,0.067,0.035,0.018,28,16,8,5
0.148,0.847,0.173,-0.08,0.108,0,0.1830,0.2005,0.144,0.059,0.178,0.140,0.095,0.018,0.000,0.000,22,5,0,0,0.210,0.175,0.144,0.067,0.035,0.018,28,16,8,5
0.135,0.846,0.206,1.37,0.298,0,0.1676,0.1826,0.148,-0.510,0.178,0.140,0.095,0.018,0.000,0.000,22,5,0,0,0.210,0.175,0.144,0.067,0.035,0.018,28,16,8,5
0.109,0.494,0.509,-1.19,0.219,1,0.1475,0.1591,0.335,0.586,0.178,0.140,0.095,0.018,0.000,0.000,22,5,0,0,0.210,0.175,0.144,0.067,0.035,0.018,28,16,8,5
0.115,0.370,0.400,1.99,0.186,0,0.1343,0.1414,0.153,-0.326,0.178,0.140,0.095,0.018,0.000,0.000,22,5,0,0,0.210,0.175,0.144,0.067,0.035,0.018,28,16,8,5
0.121,0.423,0.298,1.42,0.221,0,0.1176,0.1228,0.162,-0.397,0.178,0.140,0.095,0.018,0.000,0.000,22,5,0,0,0.210,0.175,0.144,0.067,0.035,0.018,28,16,8,5
0.126,0.838,0.588,0.22,0.230,0,0.1213,0.1219,0.231,0.303,0.178,0.140,0.095,0.018,0.000,0.000,22,5,0,0,0.210,0.175,0.144,0.067,0.035,0.018,28,16,8,5
0.162,0.866,0.639,-0.08,0.108,0,0.1234,0.1208,0.242,0.059,0.178,0.140,0.095,0.018,0.000,0.000,22,5,0,0,0.210,0.175,0.144,0.067,0.035,0.018,28,16,8,5
0.162,0.868,0.692,0.22,0.230,0,0.1367,0.1299,0.285,0.303,0.178,0.140,0.095,0.018,0.000,0.000,22,5,0,0,0.210,0.175,0.144,0.067,0.035,0.018,28,16,8,5
0.158,0.406,0.510,-0.42,0.180,0,0.1596,0.1467,0.317,0.318,0.178,0.140,0.095,0.018,0.000,0.000,22,5,0,0,0.210,0.175,0.144,0.067,0.035,0.018,28,16,8,5
0.184,0.843,0.661,-0.08,0.108,0,0.1727,0.1545,0.228,0.059,0.178,0.140,0.095,0.018,0.000,0.000,22,5,0,0,0.210,0.175,0.144,0.067,0.035,0.018,28,16,8,5
0.173,0.445,0.205,2.53,0.140,0,0.1850,0.1617,0.120,-0.121,0.178,0.140,0.095,0.018,0.000,0.000,22,5,0,0,0.210,0.175,0.144,0.067,0.035,0.018,28,16,8,5
0.185,0.481,0.459,-1.1,0.105,-1,0.1834,0.1577,0.280,0.192,0.178,0.140,0.095,0.018,0.000,0.000,22,5,0,0,0.210,0.175,0.144,0.067,0.035,0.018,28,16,8,5
0.215,0.839,0.436,1.69,0.290,0,0.1837,0.1555,0.134,-0.697,0.178,0.140,0.095,0.018,0.000,0.000,22,5,0,0,0.210,0.175,0.144,0.067,0.035,0.018,28,16,8,5
0.147,0.833,0.107,2.53,0.140,0,0.1861,0.1570,0.150,-0.121,0.178,0.140,0.095,0.018,0.000,0.000,22,5,0,0,0.210,0.175,0.144,0.067,0.035,0.018,28,16,8,5
0.155,0.903,0.425,-0.52,0.062,0,0.1874,0.1576,0.205,0.341,0.178,0.140,0.095,0.018,0.000,0.000,22,5,0,0,0.210,0.175,0.144,0.067,0.035,0.018,28,16,8,5
0.133,0.876,0.427,0.2,0.291,1,0.1749,0.1477,0.376,0.180,0.178,0.140,0.095,0.018,0.000,0.000,22,5,0,0,0.210,0.175,0.144,0.067,0.035,0.018,28,16,8,5
0.153,0.849,0.490,-1.19,0.219,1,0.1573,0.1334,0.409,0.586,0.178,0.140,0.095,0.018,0.000,0.000,22,5,0,0,0.210,0.175,0.144,0.067,0.035,0.018,28,16,8,5
0.196,0.900,0.714,0.2,0.291,1,0.1373,0.1172,0.280,0.180,0.178,0.140,0.095,0.018,0.000,0.000,22,5,0,0,0.210,0.175,0.144,0.067,0.035,0.018,28,16,8,5
0.191,0.902,0.317,3.14,0.186,0,0.1261,0.1085,0.170,-0.486,0.178,0.140,0.095,0.018,0.000,0.000,22,5,0,0,0.210,0.175,0.144,0.067,0.035,0.018,28,16,8,5
0.188,0.843,0.321,-0.42,0.180,0,0.1108,0.1009,0.372,0.318,0.178,0.140,0.095,0.018,0.000,0.000,22,5,0,0,0.210,0.175,0.144,0.067,0.035,0.018,28,16,8,5
0.193,0.864,0.336,1.37,0.298,0,0.1099,0.1058,0.239,-0.510,0.178,0.140,0.095,0.018,0.000,0.000,22,5,0,0,0.210,0.175,0.144,0.067,0.035,0.018,28,16,8,5
0.200,0.862,0.331,0,0.000,0,0.1101,0.1093,0.212,0.166,0.178,0.140,0.095,0.018,0.000,0.000,22,5,0,0,0.210,0.175,0.144,0.067,0.035,0.018,28,16,8,5
0.172,0.852,0.411,-0.52,0.062,0,0.1075,0.1098,0.291,0.341,0.178,0.140,0.095,0.018,0.000,0.000,22,5,0,0,0.210,0.175,0.144,0.067,0.035,0.018,28,16,8,5
0.206,0.858,0.406,1.69,0.290,0,0.1155,0.1180,0.190,-0.697,0.178,0.140,0.095,0.018,0.000,0.000,22,5,0,0,0.210,0.175,0.144,0.067,0.035,0.018,28,16,8,5
0.206,0.902,0.488,-0.52,0.062,0,0.1186,0.1209,0.245,0.341,0.178,0.140,0.095,0.018,0.000,0.000,22,5,0,0,0.210,0.175,0.144,0.067,0.035,0.018,28,16,8,5
0.201,0.917,0.808,1.37,0.298,0,0.1265,0.1265,0.221,-0.510,0.178,0.140,0.095,0.018,0.000,0.000,22,5,0,0,0.210,0.175,0.144,0.067,0.035,0.018,28,16,8,5
0.201,0.844,0.841,-1.19,0.219,1,0.1249,0.1240,0.376,0.586,0.178,0.140,0.095,0.018,0.000,0.000,22,5,0,0,0.210,0.175,0.144,0.067,0.035,0.018,28,16,8,5
0.164,0.880,0.749,-1.19,0.219,1,0.1220,0.1208,0.297,0.586,0.178,0.140,0.095,0.018,0.000,0.000,22,5,0,0,0.210,0.175,0.144,0.067,0.035,0.018,28,16,8,5
0.152,0.837,0.471,1.42,0.221,0,0.1093,0.1087,0.136,-0.397,0.178,0.140,0.095,0.018,0.000,0.000,22,5,0,0,0.210,0.175,0.144,0.067,0.035,0.018,28,16,8,5
0.150,0.399,0.749,-0.08,0.108,0,0.0913,0.0927,0.167,0.059,0.178,0.140,0.095,0.018,0.000,0.000,22,5,0,0,0.210,0.175,0.144,0.067,0.035,0.018,28,16,8,5
0.154,0.327,0.356,3.14,0.186,0,0.0928,0.0936,0.069,-0.486,0.178,0.140,0.095,0.018,0.000,0.000,22,5,0,0,0.210,0.175,0.144,0.067,0.035,0.018,28,16,8,5
0.172,0.266,0.402,1.42,0.221,0,0.1009,0.1011,0.150,-0.397,0.178,0.140,0.095,0.018,0.000,0.000,22,5,0,0,0.210,0.175,0.144,0.067,0.035,0.018,28,16,8,5
0.162,0.236,0.080,-0.79,0.151,-1,0.1397,0.1324,0.288,0.736,0.178,0.140,0.095,0.018,0.000,0.000,22,5,0,0,0.210,0.175,0.144,0.067,0.035,0.018,28,16,8,5
0.127,0.206,0.001,0.85,0.046,0,0.1824,0.1651,0.079,0.06,0.178,0.140,0.095,0.018,0.000,0.000,22,5,0,0,0.210,0.175,0.144,0.067,0.035,0.018,28,16,8,5
0.161,0.212,0.003,2.53,0.140,0,0.2213,0.1949,0.093,-0.121,0.178,0.140,0.095,0.018,0.000,0.000,22,5,0,0,0.210,0.175,0.144,0.067,0.035,0.018,28,16,8,5
0.147,0.235,0.003,0,0.000,0,0.2522,0.2186,0.258,0.166,0.178,0.140,0.095,0.018,0.000,0.000,22,5,0,0,0.210,0.175,0.144,0.067,0.035,0.018,28,16,8,5
0.157,0.278,0.002,1.42,0.221,0,0.2890,0.2472,0.139,-0.397,0.178,0.140,0.095,0.018,0.000,0.000,22,5,0,0,0.210,0.175,0.144,0.067,0.035,0.018,28,16,8,5
0.123,0.252,0.001,1.99,0.186,0,0.3220,0.2734,0.087,-0.326,0.178,0.140,0.095,0.018,0.000,0.000,22,5,0,0,0.210,0.175,0.144,0.067,0.035,0.018,28,16,8,5
0.099,0.223,0.001,-1.1,0.105,-1,0.3482,0.2961,0.322,0.192,0.178,0.140,0.095,0.018,0.000,0.000,22,5,0,0,0.210,0.175,0.144,0.067,0.035,0.018,28,16,8,5
0.091,0.199,0.001,-1.1,0.105,-1,0.3676,0.3144,0.377,0.192,0.178,0.140,0.095,0.018,0.000,0.000,22,5,0,0,0.210,0.175,0.144,0.067,0.035,0.018,28,16,8,5
0.078,0.186,0.001,1.99,0.186,0,0.3749,0.3215,0.138,-0.326,0.178,0.140,0.095,0.018,0.000,0.000,22,5,0,0,0.210,0.175,0.144,0.067,0.035,0.018,28,16,8,5
0.077,0.175,0.002,2.53,0.140,0,0.3687,0.3196,0.150,-0.121,0.178,0.140,0.095,0.018,0.000,0.000,22,5,0,0,0.210,0.175,0.144,0.067,0.035,0.018,28,16,8,5
0.062,0.199,0.002,-1.1,0.105,-1,0.3655,0.3229,0.454,0.192,0.178,0.140,0.095,0.018,0.000,0.000,22,5,0,0,0.210,0.175,0.144,0.067,0.035,0.018,28,16,8,5
0.081,0.176,0.003,-0.79,0.151,-1,0.3621,0.3269,0.462,0.736,0.178,0.140,0.095,0.018,0.000,0.000,22,5,0,0,0.210,0.175,0.144,0.067,0.035,0.018,28,16,8,5
0.066,0.207,0.035,-0.52,0.062,0,0.3454,0.3187,0.461,0.341,0.178,0.140,0.095,0.018,0.000,0.000,22,5,0,0,0.210,0.175,0.144,0.067,0.035,0.018,28,16,8,5
0.071,0.180,0.082,-1.1,0.105,-1,0.3423,0.3228,0.320,0.192,0.178,0.140,0.095,0.018,0.000,0.000,22,5,0,0,0.210,0.175,0.144,0.067,0.035,0.018,28,16,8,5
0.069,0.134,0.032,-1.14,0.131,0,0.3395,0.3280,0.422,0.987,0.178,0.140,0.095,0.018,0.000,0.000,22,5,0,0,0.210,0.175,0.144,0.067,0.035,0.018,28,16,8,5
0.054,0.166,0.091,-1.1,0.105,-1,0.3352,0.3323,0.492,0.192,0.178,0.140,0.095,0.018,0.000,0.000,22,5,0,0,0.210,0.175,0.144,0.067,0.035,0.018,28,16,8,5
0.053,0.146,0.038,2.53,0.140,0,0.3406,0.3434,0.237,-0.121,0.178,0.140,0.095,0.018,0.000,0.000,22,5,0,0,0.210,0.175,0.144,0.067,0.035,0.018,28,16,8,5
0.052,0.194,0.252,-1.1,0.105,-1,0.3458,0.3556,0.436,0.192,0.178,0.140,0.095,0.018,0.000,0.000,22,5,0,0,0.210,0.175,0.144,0.067,0.035,0.018,28,16,8,5
0.055,0.216,0.205,1.69,0.290,0,0.3706,0.3808,0.137,-0.697,0.178,0.140,0.095,0.018,0.000,0.000,22,5,0,0,0.210,0.175,0.144,0.067,0.035,0.018,28,16,8,5
0.044,0.249,0.276,-1.14,0.131,0,0.3839,0.3921,0.335,0.987,0.178,0.140,0.095,0.018,0.000,0.000,22,5,0,0,0.210,0.175,0.144,0.067,0.035,0.018,28,16,8,5
0.045,0.377,0.532,-0.48,0.134,0,0.3906,0.3944,0.374,0.007,0.178,0.140,0.095,0.018,0.000,0.000,22,5,0,0,0.210,0.175,0.144,0.067,0.035,0.018,28,16,8,5
0.046,0.415,0.410,-0.52,0.062,0,0.3700,0.3736,0.132,0.341,0.178,0.140,0.095,0.018,0.000,0.000,22,5,0,0,0.210,0.175,0.144,0.067,0.035,0.018,28,16,8,5
0.059,0.318,0.470,1.69,0.290,0,0.3540,0.3561,0.156,-0.697,0.178,0.140,0.095,0.018,0.000,0.000,22,5,0,0,0.210,0.175,0.144,0.067,0.035,0.018,28,16,8,5
0.071,0.364,0.674,0.22,0.230,0,0.3439,0.3423,0.254,0.303,0.178,0.140,0.095,0.018,0.000,0.000,22,5,0,0,0.210,0.175,0.144,0.067,0.035,0.018,28,16,8,5
0.074,0.295,0.008,0.85,0.046,0,0.3393,0.3341,0.119,0.06,0.178,0.140,0.095,0.018,0.000,0.000,22,5,0,0,0.210,0.175,0.144,0.067,0.035,0.018,28,16,8,5
0.084,0.347,0.013,1.69,0.290,0,0.3411,0.3348,0.139,-0.697,0.178,0.140,0.095,0.018,0.000,0.000,22,5,0,0,0.210,0.175,0.144,0.067,0.035,0.018,28,16,8,5
0.083,0.420,0.316,-0.42,0.180,0,0.3400,0.3341,0.259,0.318,0.178,0.140,0.095,0.018,0.000,0.000,22,5,0,0,0.210,0.175,0.144,0.067,0.035,0.018,28,16,8,5
0.080,0.416,0.281,-0.08,0.108,0,0.3373,0.3331,0.254,0.059,0.178,0.140,0.095,0.018,0.000,0.000,22,5,0,0,0.210,0.175,0.144,0.067,0.035,0.018,28,16,8,5
0.104,0.394,0.055,0.85,0.046,0,0.3341,0.3345,0.191,0.06,0.178,0.140,0.095,0.018,0.000,0.000,22,5,0,0,0.210,0.175,0.144,0.067,0.035,0.018,28,16,8,5
0.121,0.411,0.382,-0.79,0.151,-1,0.3289,0.3356,0.446,0.736,0.178,0.140,0.095,0.018,0.000,0.000,22,5,0,0,0.210,0.175,0.144,0.067,0.035,0.018,28,16,8,5
0.087,0.377,0.255,0,0.000,0,0.3112,0.3226,0.265,0.166,0.178,0.140,0.095,0.018,0.000,0.000,22,5,0,0,0.210,0.175,0.144,0.067,0.035,0.018,28,16,8,5
0.085,0.359,0.034,3.14,0.186,0,0.2852,0.2987,0.114,-0.486,0.178,0.140,0.095,0.018,0.000,0.000,22,5,0,0,0.210,0.175,0.144,0.067,0.035,0.018,28,16,8,5
0.087,0.537,0.586,0.2,0.291,1,0.2587,0.2716,0.369,0.180,0.178,0.140,0.095,0.018,0.000,0.000,22,5,0,0,0.210,0.175,0.144,0.067,0.035,0.018,28,16,8,5
0.105,0.470,0.388,-1.19,0.219,1,0.2301,0.2397,0.525,0.586,0.178,0.140,0.095,0.018,0.000,0.000,22,5,0,0,0.210,0.175,0.144,0.067,0.035,0.018,28,16,8,5
0.098,0.347,0.101,0.85,0.046,0,0.1965,0.2005,0.301,0.06,0.178,0.140,0.095,0.018,0.000,0.000,22,5,0,0,0.210,0.175,0.144,0.067,0.035,0.018,28,16,8,5
0.099,0.516,0.303,0.22,0.230,0,0.1740,0.1708,0.254,0.303,0.178,0.140,0.095,0.018,0.000,0.000,22,5,0,0,0.210,0.175,0.144,0.067,0.035,0.018,28,16,8,5
0.120,0.391,0.172,-1.14,0.131,0,0.1656,0.1526,0.447,0.987,0.178,0.140,0.095,0.018,0.000,0.000,22,5,0,0,0.210,0.175,0.144,0.067,0.035,0.018,28,16,8,5
0.123,0.416,0.360,-1.1,0.105,-1,0.1600,0.1383,0.484,0.192,0.178,0.140,0.095,0.018,0.000,0.000,22,5,0,0,0.210,0.175,0.144,0.067,0.035,0.018,28,16,8,5
0.139,0.536,0.401,-1.19,0.219,1,0.1631,0.1331,0.486,0.586,0.178,0.140,0.095,0.018,0.000,0.000,22,5,0,0,0.210,0.175,0.144,0.067,0.035,0.018,28,16,8,5
0.133,0.408,0.356,-1.1,0.105,-1,0.1472,0.1161,0.328,0.192,0.178,0.140,0.095,0.018,0.000,0.000,22,5,0,0,0.210,0.175,0.144,0.067,0.035,0.018,28,16,8,5
0.161,0.531,0.432,1.76,0.409,0,0.1273,0.0997,0.083,-0.884,0.178,0.140,0.095,0.018,0.000,0.000,22,5,0,0,0.210,0.175,0.144,0.067,0.035,0.018,28,16,8,5
0.161,0.441,0.317,1.69,0.290,0,0.1129,0.0889,0.103,-0.697,0.178,0.140,0.095,0.018,0.000,0.000,22,5,0,0,0.210,0.175,0.144,0.067,0.035,0.018,28,16,8,5
0.201,0.430,0.485,0.22,0.230,0,0.1007,0.0806,0.180,0.303,0.178,0.140,0.095,0.018,0.000,0.000,22,5,0,0,0.210,0.175,0.144,0.067,0.035,0.018,28,16,8,5
0.190,0.363,0.041,1.99,0.186,0,0.0829,0.0697,0.036,-0.326,0.178,0.140,0.095,0.018,0.000,0.000,22,5,0,0,0.210,0.175,0.144,0.067,0.035,0.018,28,16,8,5
0.161,0.309,0.191,2.53,0.140,0,0.0703,0.0627,0.067,-0.121,0.178,0.140,0.095,0.018,0.000,0.000,22,5,0,0,0.210,0.175,0.144,0.067,0.035,0.018,28,16,8,5
0.161,0.361,0.195,0,0.000,0,0.0587,0.0544,0.123,0.166,0.178,0.140,0.095,0.018,0.000,0.000,22,5,0,0,0.210,0.175,0.144,0.067,0.035,0.018,28,16,8,5
0.150,0.372,0.035,1.99,0.186,0,0.0414,0.0403,0.077,-0.326,0.178,0.140,0.095,0.018,0.000,0.000,22,5,0,0,0.210,0.175,0.144,0.067,0.035,0.018,28,16,8,5
0.109,0.373,0.003,1.99,0.186,0,0.0317,0.0328,0.055,-0.326,0.178,0.140,0.095,0.018,0.000,0.000,22,5,0,0,0.210,0.175,0.144,0.067,0.035,0.018,28,16,8,5
0.116,0.865,0.759,0.22,0.230,0,0.0286,0.0307,0.210,0.303,0.178,0.140,0.095,0.018,0.000,0.000,22,5,0,0,0.210,0.175,0.144,0.067,0.035,0.018,28,16,8,5
0.076,0.848,0.465,-1.1,0.105,-1,0.0233,0.0261,0.295,0.192,0.178,0.140,0.095,0.018,0.000,0.000,22,5,0,0,0.210,0.175,0.144,0.067,0.035,0.018,28,16,8,5
0.075,0.839,0.004,1.99,0.186,0,0.0197,0.0223,0.124,-0.326,0.178,0.140,0.095,0.018,0.000,0.000,22,5,0,0,0.210,0.175,0.144,0.067,0.035,0.018,28,16,8,5
0.106,0.865,0.270,0,0.000,0,0.0267,0.0276,0.231,0.166,0.178,0.140,0.095,0.018,0.000,0.000,22,5,0,0,0.210,0.175,0.144,0.067,0.035,0.018,28,16,8,5
0.089,0.832,0.518,-1.19,0.219,1,0.0319,0.0328,0.308,0.586,0.178,0.140,0.095,0.018,0.000,0.000,22,5,0,0,0.210,0.175,0.144,0.067,0.035,0.018,28,16,8,5
0.083,0.846,0.028,3.14,0.186,0,0.0402,0.0407,0.073,-0.486,0.178,0.140,0.095,0.018,0.000,0.000,22,5,0,0,0.210,0.175,0.144,0.067,0.035,0.018,28,16,8,5
0.084,0.436,0.077,1.42,0.221,0,0.0486,0.0483,0.093,-0.397,0.178,0.140,0.095,0.018,0.000,0.000,22,5,0,0,0.210,0.175,0.144,0.067,0.035,0.018,28,16,8,5
0.084,0.423,0.022,0.85,0.046,0,0.0586,0.0602,0.246,0.06,0.178,0.140,0.095,0.018,0.000,0.000,22,5,0,0,0.210,0.175,0.144,0.067,0.035,0.018,28,16,8,5
0.084,0.434,0.005,1.99,0.186,0,0.0676,0.0725,0.166,-0.326,0.178,0.140,0.095,0.018,0.000,0.000,22,5,0,0,0.210,0.175,0.144,0.067,0.035,0.018,28,16,8,5
0.081,0.500,0.098,1.76,0.409,0,0.0730,0.0823,0.134,-0.884,0.178,0.140,0.095,0.018,0.000,0.000,22,5,0,0,0.210,0.175,0.144,0.067,0.035,0.018,28,16,8,5
0.077,0.358,0.106,0,0.000,0,0.0753,0.0898,0.284,0.166,0.178,0.140,0.095,0.018,0.000,0.000,22,5,0,0,0.210,0.175,0.144,0.067,0.035,0.018,28,16,8,5
0.058,0.347,0.267,-0.79,0.151,-1,0.0781,0.0952,0.311,0.736,0.178,0.140,0.095,0.018,0.000,0.000,22,5,0,0,0.210,0.175,0.144,0.067,0.035,0.018,28,16,8,5
0.058,0.336,0.247,-1.14,0.131,0,0.0704,0.0918,0.302,0.987,0.178,0.140,0.095,0.018,0.000,0.000,22,5,0,0,0.210,0.175,0.144,0.067,0.035,0.018,28,16,8,5
0.058,0.450,0.650,-0.42,0.180,0,0.0636,0.0892,0.281,0.318,0.178,0.140,0.095,0.018,0.000,0.000,22,5,0,0,0.210,0.175,0.144,0.067,0.035,0.018,28,16,8,5
0.058,0.428,0.558,1.76,0.409,0,0.0665,0.0934,0.119,-0.884,0.178,0.140,0.095,0.018,0.000,0.000,22,5,0,0,0.210,0.175,0.144,0.067,0.035,0.018,28,16,8,5
0.048,0.319,0.310,0.85,0.046,0,0.0868,0.1087,0.136,0.06,0.178,0.140,0.095,0.018,0.000,0.000,22,5,0,0,0.210,0.175,0.144,0.067,0.035,0.018,28,16,8,5
0.051,0.370,0.479,2.53,0.140,0,0.1212,0.1359,0.120,-0.121,0.178,0.140,0.095,0.018,0.000,0.000,22,5,0,0,0.210,0.175,0.144,0.067,0.035,0.018,28,16,8,5
0.046,0.344,0.300,2.53,0.140,0,0.1556,0.1634,0.165,-0.121,0.178,0.140,0.095,0.018,0.000,0.000,22,5,0,0,0.210,0.175,0.144,0.067,0.035,0.018,28,16,8,5
0.045,0.848,0.462,0,0.000,0,0.1877,0.1896,0.191,0.166,0.178,0.140,0.095,0.018,0.000,0.000,22,5,0,0,0.210,0.175,0.144,0.067,0.035,0.018,28,16,8,5
0.045,0.842,0.476,-1.1,0.105,-1,0.2043,0.2034,0.277,0.192,0.178,0.140,0.095,0.018,0.000,0.000,22,5,0,0,0.210,0.175,0.144,0.067,0.035,0.018,28,16,8,5
0.070,0.858,0.512,-0.08,0.108,0,0.2040,0.2015,0.245,0.059,0.178,0.140,0.095,0.018,0.000,0.000,22,5,0,0,0.210,0.175,0.144,0.067,0.035,0.018,28,16,8,5
0.069,0.887,0.415,1.69,0.290,0,0.1961,0.1939,0.128,-0.697,0.178,0.140,0.095,0.018,0.000,0.000,22,5,0,0,0.210,0.175,0.144,0.067,0.035,0.018,28,16,8,5
0.085,0.407,0.471,-1.14,0.131,0,0.1785,0.1794,0.256,0.987,0.178,0.140,0.095,0.018,0.000,0.000,22,5,0,0,0.210,0.175,0.144,0.067,0.035,0.018,28,16,8,5
0.073,0.411,0.513,2.53,0.140,0,0.1581,0.1645,0.236,-0.121,0.178,0.140,0.095,0.018,0.000,0.000,22,5,0,0,0.210,0.175,0.144,0.067,0.035,0.018,28,16,8,5
0.078,0.435,0.360,0,0.000,0,0.1230,0.1373,0.314,0.166,0.178,0.140,0.095,0.018,0.000,0.000,22,5,0,0,0.210,0.175,0.144,0.067,0.035,0.018,28,16,8,5
0.109,0.462,0.406,2.1,0.128,0,0.0937,0.1193,0.120,0.02,0.178,0.140,0.095,0.018,0.000,0.000,22,5,0,0,0.210,0.175,0.144,0.067,0.035,0.018,28,16,8,5
0.114,0.842,0.567,0.2,0.291,1,0.0793,0.1144,0.308,0.180,0.178,0.140,0.095,0.018,0.000,0.000,22,5,0,0,0.210,0.175,0.144,0.067,0.035,0.018,28,16,8,5
0.109,0.421,0.399,-1.14,0.131,0,0.0853,0.1289,0.291,0.987,0.178,0.140,0.095,0.018,0.000,0.000,22,5,0,0,0.210,0.175,0.144,0.067,0.035,0.018,28,16,8,5
0.089,0.462,0.330,-0.42,0.180,0,0.1037,0.1539,0.376,0.318,0.178,0.140,0.095,0.018,0.000,0.000,22,5,0,0,0.210,0.175,0.144,0.067,0.035,0.018,28,16,8,5
0.084,0.879,0.208,0.85,0.046,0,0.1302,0.1822,0.121,0.06,0.178,0.140,0.095,0.018,0.000,0.000,22,5,0,0,0.210,0.175,0.144,0.067,0.035,0.018,28,16,8,5
0.084,0.366,0.249,-0.52,0.062,0,0.1461,0.2034,0.112,0.341,0.178,0.140,0.095,0.018,0.000,0.000,22,5,0,0,0.210,0.175,0.144,0.067,0.035,0.018,28,16,8,5
0.075,0.307,0.093,2.53,0.140,0,0.1718,0.2321,0.078,-0.121,0.178,0.140,0.095,0.018,0.000,0.000,22,5,0,0,0.210,0.175,0.144,0.067,0.035,0.018,28,16,8,5
0.087,0.305,0.155,2.53,0.140,0,0.1980,0.2587,0.099,-0.121,0.178,0.140,0.095,0.018,0.000,0.000,22,5,0,0,0.210,0.175,0.144,0.067,0.035,0.018,28,16,8,5
0.088,0.363,0.584,1.69,0.290,0,0.2305,0.2893,0.065,-0.697,0.178,0.140,0.095,0.018,0.000,0.000,22,5,0,0,0.210,0.175,0.144,0.067,0.035,0.018,28,16,8,5
0.087,0.327,0.349,2.1,0.128,0,0.2574,0.3163,0.042,0.02,0.178,0.140,0.095,0.018,0.000,0.000,22,5,0,0,0.210,0.175,0.144,0.067,0.035,0.018,28,16,8,5
0.083,0.868,0.394,-1.1,0.105,-1,0.2819,0.3414,0.174,0.192,0.178,0.140,0.095,0.018,0.000,0.000,22,5,0,0,0.210,0.175,0.144,0.067,0.035,0.018,28,16,8,5
0.077,0.892,0.365,-0.52,0.062,0,0.2919,0.3596,0.192,0.341,0.178,0.140,0.095,0.018,0.000,0.000,22,5,0,0,0.210,0.175,0.144,0.067,0.035,0.018,28,16,8,5
0.070,0.872,0.383,-0.08,0.108,0,0.2786,0.3588,0.245,0.059,0.178,0.140,0.095,0.018,0.000,0.000,22,5,0,0,0.210,0.175,0.144,0.067,0.035,0.018,28,16,8,5
0.077,0.328,0.270,1.69,0.290,0,0.2738,0.3618,0.137,-0.697,0.178,0.140,0.095,0.018,0.000,0.000,22,5,0,0,0.210,0.175,0.144,0.067,0.035,0.018,28,16,8,5
0.071,0.299,0.289,-0.42,0.180,0,0.2741,0.3680,0.412,0.318,0.178,0.140,0.095,0.018,0.000,0.000,22,5,0,0,0.210,0.175,0.144,0.067,0.035,0.018,28,16,8,5
0.074,0.266,0.409,-1.1,0.105,-1,0.2857,0.3778,0.474,0.192,0.178,0.140,0.095,0.018,0.000,0.000,22,5,0,0,0.210,0.175,0.144,0.067,0.035,0.018,28,16,8,5
0.067,0.288,0.277,-0.48,0.134,0,0.2954,0.3873,0.315,0.007,0.178,0.140,0.095,0.018,0.000,0.000,22,5,0,0,0.210,0.175,0.144,0.067,0.035,0.018,28,16,8,5
0.053,0.261,0.230,-1.14,0.131,0,0.3071,0.3938,0.463,0.987,0.178,0.140,0.095,0.018,0.000,0.000,22,5,0,0,0.210,0.175,0.144,0.067,0.035,0.018,28,16,8,5
0.053,0.278,0.354,-1.1,0.105,-1,0.3230,0.4032,0.461,0.192,0.178,0.140,0.095,0.018,0.000,0.000,22,5,0,0,0.210,0.175,0.144,0.067,0.035,0.018,28,16,8,5
0.067,0.206,0.198,1.99,0.186,0,0.3552,0.4232,0.219,-0.326,0.178,0.140,0.095,0.018,0.000,0.000,22,5,0,0,0.210,0.175,0.144,0.067,0.035,0.018,28,16,8,5
0.068,0.884,0.410,-0.42,0.180,0,0.3972,0.4518,0.513,0.318,0.178,0.140,0.095,0.018,0.000,0.000,22,5,0,0,0.210,0.175,0.144,0.067,0.035,0.018,28,16,8,5
0.063,0.918,0.308,-1.1,0.105,-1,0.4291,0.4724,0.301,0.192,0.178,0.140,0.095,0.018,0.000,0.000,22,5,0,0,0.210,0.175,0.144,0.067,0.035,0.018,28,16,8,5
0.057,0.847,0.238,-1.14,0.131,0,0.4340,0.4718,0.321,0.987,0.178,0.140,0.095,0.018,0.000,0.000,22,5,0,0,0.210,0.175,0.144,0.067,0.035,0.018,28,16,8,5
0.058,0.933,0.565,0.2,0.291,1,0.4219,0.4585,0.429,0.180,0.178,0.140,0.095,0.018,0.000,0.000,22,5,0,0,0.210,0.175,0.144,0.067,0.035,0.018,28,16,8,5
0.076,0.953,0.425,1.37,0.298,0,0.4101,0.4477,0.169,-0.510,0.178,0.140,0.095,0.018,0.000,0.000,22,5,0,0,0.210,0.175,0.144,0.067,0.035,0.018,28,16,8,5
0.081,0.333,0.518,-0.52,0.062,0,0.3903,0.4284,0.200,0.341,0.178,0.140,0.095,0.018,0.000,0.000,22,5,0,0,0.210,0.175,0.144,0.067,0.035,0.018,28,16,8,5
0.086,0.313,0.583,-0.08,0.108,0,0.3753,0.4166,0.330,0.059,0.178,0.140,0.095,0.018,0.000,0.000,22,5,0,0,0.210,0.175,0.144,0.067,0.035,0.018,28,16,8,5
0.102,0.289,0.522,-0.79,0.151,-1,0.3464,0.3914,0.346,0.736,0.178,0.140,0.095,0.018,0.000,0.000,22,5,0,0,0.210,0.175,0.144,0.067,0.035,0.018,28,16,8,5
0.087,0.250,0.214,1.99,0.186,0,0.3199,0.3663,0.155,-0.326,0.178,0.140,0.095,0.018,0.000,0.000,22,5,0,0,0.210,0.175,0.144,0.067,0.035,0.018,28,16,8,5
0.076,0.339,0.192,0,0.000,0,0.2803,0.3312,0.199,0.166,0.178,0.140,0.095,0.018,0.000,0.000,22,5,0,0,0.210,0.175,0.144,0.067,0.035,0.018,28,16,8,5
0.076,0.331,0.278,1.42,0.221,0,0.2283,0.2822,0.230,-0.397,0.178,0.140,0.095,0.018,0.000,0.000,22,5,0,0,0.210,0.175,0.144,0.067,0.035,0.018,28,16,8,5
0.079,0.833,0.529,1.37,0.298,0,0.1874,0.2406,0.181,-0.510,0.178,0.140,0.095,0.018,0.000,0.000,22,5,0,0,0.210,0.175,0.144,0.067,0.035,0.018,28,16,8,5
0.086,0.387,0.466,-0.42,0.180,0,0.1600,0.2100,0.201,0.318,0.178,0.140,0.095,0.018,0.000,0.000,22,5,0,0,0.210,0.175,0.144,0.067,0.035,0.018,28,16,8,5
0.094,0.331,0.413,-1.14,0.131,0,0.1493,0.1901,0.279,0.987,0.178,0.140,0.095,0.018,0.000,0.000,22,5,0,0,0.210,0.175,0.144,0.067,0.035,0.018,28,16,8,5
0.062,0.399,0.424,0.22,0.230,0,0.1263,0.1625,0.319,0.303,0.178,0.140,0.095,0.018,0.000,0.000,22,5,0,0,0.210,0.175,0.144,0.067,0.035,0.018,28,16,8,5
0.071,0.330,0.333,2.1,0.128,0,0.1114,0.1407,0.127,0.02,0.178,0.140,0.095,0.018,0.000,0.000,22,5,0,0,0.210,0.175,0.144,0.067,0.035,0.018,28,16,8,5
0.073,0.375,0.253,0,0.000,0,0.0984,0.1224,0.218,0.166,0.178,0.140,0.095,0.018,0.000,0.000,22,5,0,0,0.210,0.175,0.144,0.067,0.035,0.018,28,16,8,5
0.073,0.339,0.201,1.99,0.186,0,0.0955,0.1124,0.112,-0.326,0.178,0.140,0.095,0.018,0.000,0.000,22,5,0,0,0.210,0.175,0.144,0.067,0.035,0.018,28,16,8,5
0.073,0.347,0.718,-0.79,0.151,-1,0.0970,0.1066,0.302,0.736,0.178,0.140,0.095,0.018,0.000,0.000,22,5,0,0,0.210,0.175,0.144,0.067,0.035,0.018,28,16,8,5
0.065,0.404,0.646,-0.48,0.134,0,0.0992,0.1032,0.214,0.007,0.178,0.140,0.095,0.018,0.000,0.000,22,5,0,0,0.210,0.175,0.144,0.067,0.035,0.018,28,16,8,5
0.064,0.388,0.494,2.53,0.140,0,0.0867,0.0896,0.083,-0.121,0.178,0.140,0.095,0.018,0.000,0.000,22,5,0,0,0.210,0.175,0.144,0.067,0.035,0.018,28,16,8,5
0.054,0.347,0.172,1.99,0.186,0,0.0742,0.0746,0.078,-0.326,0.178,0.140,0.095,0.018,0.000,0.000,22,5,0,0,0.210,0.175,0.144,0.067,0.035,0.018,28,16,8,5
0.059,0.365,0.035,1.42,0.221,0,0.0616,0.0605,0.173,-0.397,0.178,0.140,0.095,0.018,0.000,0.000,22,5,0,0,0.210,0.175,0.144,0.067,0.035,0.018,28,16,8,5
0.064,0.920,0.384,-0.52,0.062,0,0.0496,0.0451,0.157,0.341,0.178,0.140,0.095,0.018,0.000,0.000,22,5,0,0,0.210,0.175,0.144,0.067,0.035,0.018,28,16,8,5
0.070,0.937,0.328,1.76,0.409,0,0.0461,0.0389,0.180,-0.884,0.178,0.140,0.095,0.018,0.000,0.000,22,5,0,0,0.210,0.175,0.144,0.067,0.035,0.018,28,16,8,5
0.081,0.847,0.335,0,0.000,0,0.0406,0.0318,0.237,0.166,0.178,0.140,0.095,0.018,0.000,0.000,22,5,0,0,0.210,0.175,0.144,0.067,0.035,0.018,28,16,8,5
0.064,0.872,0.372,0.22,0.230,0,0.0388,0.0297,0.212,0.303,0.178,0.140,0.095,0.018,0.000,0.000,22,5,0,0,0.210,0.175,0.144,0.067,0.035,0.018,28,16,8,5
0.053,0.419,0.284,-1.1,0.105,-1,0.0323,0.0252,0.320,0.192,0.178,0.140,0.095,0.018,0.000,0.000,22,5,0,0,0.210,0.175,0.144,0.067,0.035,0.018,28,16,8,5
0.067,0.417,0.339,-0.79,0.151,-1,0.0280,0.0211,0.330,0.736,0.178,0.140,0.095,0.018,0.000,0.000,22,5,0,0,0.210,0.175,0.144,0.067,0.035,0.018,28,16,8,5
0.068,0.468,0.211,1.37,0.298,0,0.0260,0.0178,0.130,-0.510,0.178,0.140,0.095,0.018,0.000,0.000,22,5,0,0,0.210,0.175,0.144,0.067,0.035,0.018,28,16,8,5
0.085,0.365,0.011,1.99,0.186,0,0.0296,0.0192,0.069,-0.326,0.178,0.140,0.095,0.018,0.000,0.000,22,5,0,0,0.210,0.175,0.144,0.067,0.035,0.018,28,16,8,5
0.084,0.438,0.602,1.37,0.298,0,0.0394,0.0259,0.179,-0.510,0.178,0.140,0.095,0.018,0.000,0.000,22,5,0,0,0.210,0.175,0.144,0.067,0.035,0.018,28,16,8,5
0.081,0.409,0.212,-0.42,0.180,0,0.0438,0.0278,0.201,0.318,0.178,0.140,0.095,0.018,0.000,0.000,22,5,0,0,0.210,0.175,0.144,0.067,0.035,0.018,28,16,8,5
0.082,0.400,0.058,1.42,0.221,0,0.0466,0.0293,0.063,-0.397,0.178,0.140,0.095,0.018,0.000,0.000,22,5,0,0,0.210,0.175,0.144,0.067,0.035,0.018,28,16,8,5
0.062,0.374,0.020,1.42,0.221,0,0.0479,0.0301,0.115,-0.397,0.178,0.140,0.095,0.018,0.000,0.000,22,5,0,0,0.210,0.175,0.144,0.067,0.035,0.018,28,16,8,5
0.092,0.508,0.556,-1.19,0.219,1,0.0463,0.0290,0.379,0.586,0.178,0.140,0.095,0.018,0.000,0.000,22,5,0,0,0.210,0.175,0.144,0.067,0.035,0.018,28,16,8,5
0.074,0.447,0.345,1.69,0.290,0,0.0435,0.0275,0.189,-0.697,0.178,0.140,0.095,0.018,0.000,0.000,22,5,0,0,0.210,0.175,0.144,0.067,0.035,0.018,28,16,8,5
0.061,0.537,0.411,-0.48,0.134,0,0.0396,0.0260,0.274,0.007,0.178,0.140,0.095,0.018,0.000,0.000,22,5,0,0,0.210,0.175,0.144,0.067,0.035,0.018,28,16,8,5
0.066,0.603,0.409,-1.19,0.219,1,0.0305,0.0210,0.502,0.586,0.178,0.140,0.095,0.018,0.000,0.000,22,5,0,0,0.210,0.175,0.144,0.067,0.035,0.018,28,16,8,5
0.080,0.559,0.294,1.69,0.290,0,0.0220,0.0165,0.231,-0.697,0.178,0.140,0.095,0.018,0.000,0.000,22,5,0,0,0.210,0.175,0.144,0.067,0.035,0.018,28,16,8,5
0.094,0.848,0.303,-0.52,0.062,0,0.0150,0.0127,0.331,0.341,0.178,0.140,0.095,0.018,0.000,0.000,22,5,0,0,0.210,0.175,0.144,0.067,0.035,0.018,28,16,8,5
0.077,0.840,0.210,1.99,0.186,0,0.0120,0.0119,0.143,-0.326,0.178,0.140,0.095,0.018,0.000,0.000,22,5,0,0,0.210,0.175,0.144,0.067,0.035,0.018,28,16,8,5
0.093,0.836,0.106,-1.14,0.131,0,0.0111,0.0116,0.310,0.987,0.178,0.140,0.095,0.018,0.000,0.000,22,5,0,0,0.210,0.175,0.144,0.067,0.035,0.018,28,16,8,5
0.102,0.470,0.310,-0.52,0.062,0,0.0135,0.0131,0.333,0.341,0.178,0.140,0.095,0.018,0.000,0.000,22,5,0,0,0.210,0.175,0.144,0.067,0.035,0.018,28,16,8,5
0.080,0.381,0.305,-0.79,0.151,-1,0.0154,0.0132,0.304,0.736,0.178,0.140,0.095,0.018,0.000,0.000,22,5,0,0,0.210,0.175,0.144,0.067,0.035,0.018,28,16,8,5
0.068,0.454,0.060,0.85,0.046,0,0.0131,0.0119,0.075,0.06,0.178,0.140,0.095,0.018,0.000,0.000,22,5,0,0,0.210,0.175,0.144,0.067,0.035,0.018,28,16,8,5
0.051,0.511,0.120,1.69,0.290,0,0.0127,0.0123,0.106,-0.697,0.178,0.140,0.095,0.018,0.000,0.000,22,5,0,0,0.210,0.175,0.144,0.067,0.035,0.018,28,16,8,5
0.043,0.603,0.519,1.37,0.298,0,0.0133,0.0135,0.110,-0.510,0.178,0.140,0.095,0.018,0.000,0.000,22,5,0,0,0.210,0.175,0.144,0.067,0.035,0.018,28,16,8,5
0.055,0.479,0.463,1.42,0.221,0,0.0149,0.0161,0.085,-0.397,0.178,0.140,0.095,0.018,0.000,0.000,22,5,0,0,0.210,0.175,0.144,0.067,0.035,0.018,28,16,8,5
0.041,0.832,0.083,3.14,0.186,0,0.0183,0.0208,0.038,-0.486,0.178,0.140,0.095,0.018,0.000,0.000,22,5,0,0,0.210,0.175,0.144,0.067,0.035,0.018,28,16,8,5
0.052,0.597,0.554,0.2,0.291,1,0.0210,0.0248,0.163,0.180,0.178,0.140,0.095,0.018,0.000,0.000,22,5,0,0,0.210,0.175,0.144,0.067,0.035,0.018,28,16,8,5
0.050,0.464,0.397,1.69,0.290,0,0.0242,0.0287,0.076,-0.697,0.178,0.140,0.095,0.018,0.000,0.000,22,5,0,0,0.210,0.175,0.144,0.067,0.035,0.018,28,16,8,5
0.048,0.880,0.432,0.22,0.230,0,0.0235,0.0276,0.128,0.303,0.178,0.140,0.095,0.018,0.000,0.000,22,5,0,0,0.210,0.175,0.144,0.067,0.035,0.018,28,16,8,5
0.045,0.899,0.595,-0.52,0.062,0,0.0215,0.0250,0.130,0.341,0.178,0.140,0.095,0.018,0.000,0.000,22,5,0,0,0.210,0.175,0.144,0.067,0.035,0.018,28,16,8,5
0.044,0.885,0.244,1.69,0.290,0,0.0193,0.0233,0.151,-0.697,0.178,0.140,0.095,0.018,0.000,0.000,22,5,0,0,0.210,0.175,0.144,0.067,0.035,0.018,28,16,8,5
0.053,0.896,0.676,1.37,0.298,0,0.0155,0.0207,0.150,-0.510,0.178,0.140,0.095,0.018,0.000,0.000,22,5,0,0,0.210,0.175,0.144,0.067,0.035,0.018,28,16,8,5
0.053,0.882,0.186,-1.14,0.131,0,0.0180,0.0227,0.178,0.987,0.178,0.140,0.095,0.018,0.000,0.000,22,5,0,0,0.210,0.175,0.144,0.067,0.035,0.018,28,16,8,5
0.067,0.895,0.368,1.76,0.409,0,0.0285,0.0324,0.228,-0.884,0.178,0.140,0.095,0.018,0.000,0.000,22,5,0,0,0.210,0.175,0.144,0.067,0.035,0.018,28,16,8,5
0.079,0.870,0.539,0.22,0.230,0,0.0293,0.0338,0.225,0.303,0.178,0.140,0.095,0.018,0.000,0.000,22,5,0,0,0.210,0.175,0.144,0.067,0.035,0.018,28,16,8,5
0.073,0.963,0.670,-0.08,0.108,0,0.0435,0.0465,0.328,0.059,0.178,0.140,0.095,0.018,0.000,0.000,22,5,0,0,0.210,0.175,0.144,0.067,0.035,0.018,28,16,8,5
0.073,0.960,0.756,0,0.000,0,0.0631,0.0639,0.361,0.166,0.178,0.140,0.095,0.018,0.000,0.000,22,5,0,0,0.210,0.175,0.144,0.067,0.035,0.018,28,16,8,5
0.067,0.951,0.679,0,0.000,0,0.0841,0.0824,0.363,0.166,0.178,0.140,0.095,0.018,0.000,0.000,22,5,0,0,0.210,0.175,0.144,0.067,0.035,0.018,28,16,8,5
0.082,0.905,0.545,-1.1,0.105,-1,0.0963,0.0927,0.340,0.192,0.178,0.140,0.095,0.018,0.000,0.000,22,5,0,0,0.210,0.175,0.144,0.067,0.035,0.018,28,16,8,5
0.073,0.881,0.615,1.37,0.298,0,0.1152,0.1071,0.136,-0.510,0.178,0.140,0.095,0.018,0.000,0.000,22,5,0,0,0.210,0.175,0.144,0.067,0.035,0.018,28,16,8,5
0.072,0.664,0.646,0.2,0.291,1,0.1327,0.1204,0.342,0.180,0.178,0.140,0.095,0.018,0.000,0.000,22,5,0,0,0.210,0.175,0.144,0.067,0.035,0.018,28,16,8,5
0.088,0.505,0.555,-0.42,0.180,0,0.1464,0.1315,0.324,0.318,0.178,0.140,0.095,0.018,0.000,0.000,22,5,0,0,0.210,0.175,0.144,0.067,0.035,0.018,28,16,8,5
0.094,0.420,0.033,1.99,0.186,0,0.1564,0.1393,0.121,-0.326,0.178,0.140,0.095,0.018,0.000,0.000,22,5,0,0,0.210,0.175,0.144,0.067,0.035,0.018,28,16,8,5
0.067,0.257,0.265,2.1,0.128,0,0.1583,0.1402,0.088,0.02,0.178,0.140,0.095,0.018,0.000,0.000,22,5,0,0,0.210,0.175,0.144,0.067,0.035,0.018,28,16,8,5
0.099,0.275,0.392,-0.52,0.062,0,0.1572,0.1416,0.299,0.341,0.178,0.140,0.095,0.018,0.000,0.000,22,5,0,0,0.210,0.175,0.144,0.067,0.035,0.018,28,16,8,5
0.089,0.286,0.117,-0.42,0.180,0,0.1553,0.1436,0.388,0.318,0.178,0.140,0.095,0.018,0.000,0.000,22,5,0,0,0.210,0.175,0.144,0.067,0.035,0.018,28,16,8,5
0.076,0.272,0.019,-0.42,0.180,0,0.1440,0.1363,0.367,0.318,0.178,0.140,0.095,0.018,0.000,0.000,22,5,0,0,0.210,0.175,0.144,0.067,0.035,0.018,28,16,8,5
0.060,0.239,0.002,-1.1,0.105,-1,0.1266,0.1222,0.316,0.192,0.178,0.140,0.095,0.018,0.000,0.000,22,5,0,0,0.210,0.175,0.144,0.067,0.035,0.018,28,16,8,5
0.050,0.200,0.003,1.99,0.186,0,0.1099,0.1131,0.230,-0.326,0.178,0.140,0.095,0.018,0.000,0.000,22,5,0,0,0.210,0.175,0.144,0.067,0.035,0.018,28,16,8,5
0.065,0.259,0.004,-1.1,0.105,-1,0.0920,0.1040,0.435,0.192,0.178,0.140,0.095,0.018,0.000,0.000,22,5,0,0,0.210,0.175,0.144,0.067,0.035,0.018,28,16,8,5
0.060,0.250,0.014,1.42,0.221,0,0.0816,0.1006,0.192,-0.397,0.178,0.140,0.095,0.018,0.000,0.000,22,5,0,0,0.210,0.175,0.144,0.067,0.035,0.018,28,16,8,5
0.055,0.280,0.094,1.99,0.186,0,0.0777,0.1027,0.124,-0.326,0.178,0.140,0.095,0.018,0.000,0.000,22,5,0,0,0.210,0.175,0.144,0.067,0.035,0.018,28,16,8,5
0.057,0.281,0.184,-1.14,0.131,0,0.0643,0.0946,0.340,0.987,0.178,0.140,0.095,0.018,0.000,0.000,22,5,0,0,0.210,0.175,0.144,0.067,0.035,0.018,28,16,8,5
0.050,0.323,0.433,1.76,0.409,0,0.0619,0.0923,0.156,-0.884,0.178,0.140,0.095,0.018,0.000,0.000,22,5,0,0,0.210,0.175,0.144,0.067,0.035,0.018,28,16,8,5
0.046,0.203,0.014,2.53,0.140,0,0.0612,0.0899,0.099,-0.121,0.178,0.140,0.095,0.018,0.000,0.000,22,5,0,0,0.210,0.175,0.144,0.067,0.035,0.018,28,16,8,5
0.055,0.257,0.297,-0.42,0.180,0,0.0630,0.0900,0.352,0.318,0.178,0.140,0.095,0.018,0.000,0.000,22,5,0,0,0.210,0.175,0.144,0.067,0.035,0.018,28,16,8,5
0.059,0.265,0.117,-0.79,0.151,-1,0.0524,0.0791,0.354,0.736,0.178,0.140,0.095,0.018,0.000,0.000,22,5,0,0,0.210,0.175,0.144,0.067,0.035,0.018,28,16,8,5
0.058,0.329,0.016,1.69,0.290,0,0.0479,0.0714,0.135,-0.697,0.178,0.140,0.095,0.018,0.000,0.000,22,5,0,0,0.210,0.175,0.144,0.067,0.035,0.018,28,16,8,5
0.058,0.437,0.407,-0.48,0.134,0,0.0471,0.0697,0.325,0.007,0.178,0.140,0.095,0.018,0.000,0.000,22,5,0,0,0.210,0.175,0.144,0.067,0.035,0.018,28,16,8,5
0.058,0.483,0.587,-1.19,0.219,1,0.0516,0.0742,0.432,0.586,0.178,0.140,0.095,0.018,0.000,0.000,22,5,0,0,0.210,0.175,0.144,0.067,0.035,0.018,28,16,8,5
0.058,0.472,0.420,1.69,0.290,0,0.0568,0.0805,0.180,-0.697,0.178,0.140,0.095,0.018,0.000,0.000,22,5,0,0,0.210,0.175,0.144,0.067,0.035,0.018,28,16,8,5
0.053,0.383,0.450,-1.1,0.105,-1,0.0679,0.0908,0.288,0.192,0.178,0.140,0.095,0.018,0.000,0.000,22,5,0,0,0.210,0.175,0.144,0.067,0.035,0.018,28,16,8,5
0.053,0.360,0.126,1.99,0.186,0,0.0888,0.1112,0.161,-0.326,0.178,0.140,0.095,0.018,0.000,0.000,22,5,0,0,0.210,0.175,0.144,0.067,0.035,0.018,28,16,8,5
0.045,0.507,0.573,1.37,0.298,0,0.1039,0.1266,0.224,-0.510,0.178,0.140,0.095,0.018,0.000,0.000,22,5,0,0,0.210,0.175,0.144,0.067,0.035,0.018,28,16,8,5
0.070,0.420,0.500,-0.08,0.108,0,0.1157,0.1379,0.237,0.059,0.178,0.140,0.095,0.018,0.000,0.000,22,5,0,0,0.210,0.175,0.144,0.067,0.035,0.018,28,16,8,5
0.070,0.459,0.624,-1.19,0.219,1,0.1255,0.1436,0.436,0.586,0.178,0.140,0.095,0.018,0.000,0.000,22,5,0,0,0.210,0.175,0.144,0.067,0.035,0.018,28,16,8,5
0.075,0.289,0.239,2.1,0.128,0,0.1269,0.1437,0.108,0.02,0.178,0.140,0.095,0.018,0.000,0.000,22,5,0,0,0.210,0.175,0.144,0.067,0.035,0.018,28,16,8,5
0.089,0.244,0.081,-1.14,0.131,0,0.1191,0.1363,0.407,0.987,0.178,0.140,0.095,0.018,0.000,0.000,22,5,0,0,0.210,0.175,0.144,0.067,0.035,0.018,28,16,8,5
0.096,0.236,0.028,-1.1,0.105,-1,0.1140,0.1307,0.542,0.192,0.178,0.140,0.095,0.018,0.000,0.000,22,5,0,0,0.210,0.175,0.144,0.067,0.035,0.018,28,16,8,5
0.101,0.200,0.006,1.99,0.186,0,0.1114,0.1261,0.218,-0.326,0.178,0.140,0.095,0.018,0.000,0.000,22,5,0,0,0.210,0.175,0.144,0.067,0.035,0.018,28,16,8,5
0.079,0.229,0.006,-1.14,0.131,0,0.1114,0.1235,0.531,0.987,0.178,0.140,0.095,0.018,0.000,0.000,22,5,0,0,0.210,0.175,0.144,0.067,0.035,0.018,28,16,8,5
0.098,0.259,0.021,-1.1,0.105,-1,0.1151,0.1247,0.415,0.192,0.178,0.140,0.095,0.018,0.000,0.000,22,5,0,0,0.210,0.175,0.144,0.067,0.035,0.018,28,16,8,5
0.102,0.225,0.041,2.53,0.140,0,0.1134,0.1213,0.180,-0.121,0.178,0.140,0.095,0.018,0.000,0.000,22,5,0,0,0.210,0.175,0.144,0.067,0.035,0.018,28,16,8,5
0.100,0.305,0.040,-0.79,0.151,-1,0.1201,0.1285,0.550,0.736,0.178,0.140,0.095,0.018,0.000,0.000,22,5,0,0,0.210,0.175,0.144,0.067,0.035,0.018,28,16,8,5
0.107,0.397,0.356,-0.52,0.062,0,0.1217,0.1317,0.340,0.341,0.178,0.140,0.095,0.018,0.000,0.000,22,5,0,0,0.210,0.175,0.144,0.067,0.035,0.018,28,16,8,5
0.140,0.399,0.094,1.99,0.186,0,0.1232,0.1362,0.118,-0.326,0.178,0.140,0.095,0.018,0.000,0.000,22,5,0,0,0.210,0.175,0.144,0.067,0.035,0.018,28,16,8,5
0.101,0.588,0.677,0.2,0.291,1,0.1234,0.1406,0.287,0.180,0.178,0.140,0.095,0.018,0.000,0.000,22,5,0,0,0.210,0.175,0.144,0.067,0.035,0.018,28,16,8,5
0.101,0.514,0.370,-1.14,0.131,0,0.1196,0.1421,0.406,0.987,0.178,0.140,0.095,0.018,0.000,0.000,22,5,0,0,0.210,0.175,0.144,0.067,0.035,0.018,28,16,8,5
0.101,0.841,0.550,1.37,0.298,0,0.1061,0.1316,0.219,-0.510,0.178,0.140,0.095,0.018,0.000,0.000,22,5,0,0,0.210,0.175,0.144,0.067,0.035,0.018,28,16,8,5
0.107,0.593,0.252,1.37,0.298,0,0.0950,0.1172,0.114,-0.510,0.178,0.140,0.095,0.018,0.000,0.000,22,5,0,0,0.210,0.175,0.144,0.067,0.035,0.018,28,16,8,5
0.102,0.543,0.320,-0.42,0.180,0,0.0866,0.1089,0.383,0.318,0.178,0.140,0.095,0.018,0.000,0.000,22,5,0,0,0.210,0.175,0.144,0.067,0.035,0.018,28,16,8,5
0.106,0.467,0.390,0,0.000,0,0.0693,0.0939,0.270,0.166,0.178,0.140,0.095,0.018,0.000,0.000,22,5,0,0,0.210,0.175,0.144,0.067,0.035,0.018,28,16,8,5
0.117,0.438,0.067,1.99,0.186,0,0.0559,0.0828,0.163,-0.326,0.178,0.140,0.095,0.018,0.000,0.000,22,5,0,0,0.210,0.175,0.144,0.067,0.035,0.018,28,16,8,5
0.080,0.397,0.002,3.14,0.186,0,0.0497,0.0864,0.128,-0.486,0.178,0.140,0.095,0.018,0.000,0.000,22,5,0,0,0.210,0.175,0.144,0.067,0.035,0.018,28,16,8,5
0.096,0.419,0.113,-1.1,0.105,-1,0.0399,0.1035,0.372,0.192,0.178,0.140,0.095,0.018,0.000,0.000,22,5,0,0,0.210,0.175,0.144,0.067,0.035,0.018,28,16,8,5
0.088,0.843,0.496,-1.19,0.219,1,0.0267,0.1301,0.460,0.586,0.178,0.140,0.095,0.018,0.000,0.000,22,5,0,0,0.210,0.175,0.144,0.067,0.035,0.018,28,16,8,5
0.085,0.900,0.244,1.37,0.298,0,0.0165,0.1722,0.219,-0.510,0.178,0.140,0.095,0.018,0.000,0.000,22,5,0,0,0.210,0.175,0.144,0.067,0.035,0.018,28,16,8,5
0.078,0.301,0.011,2.1,0.128,0,0.0111,0.2301,0.141,0.02,0.178,0.140,0.095,0.018,0.000,0.000,22,5,0,0,0.210,0.175,0.144,0.067,0.035,0.018,28,16,8,5
0.079,0.301,0.117,-1.14,0.131,0,0.0113,0.3026,0.378,0.987,0.178,0.140,0.095,0.018,0.000,0.000,22,5,0,0,0.210,0.175,0.144,0.067,0.035,0.018,28,16,8,5
0.088,0.307,0.287,0,0.000,0,0.0164,0.3862,0.328,0.166,0.178,0.140,0.095,0.018,0.000,0.000,22,5,0,0,0.210,0.175,0.144,0.067,0.035,0.018,28,16,8,5
0.100,0.324,0.347,-0.08,0.108,0,0.0244,0.4751,0.402,0.059,0.178,0.140,0.095,0.018,0.000,0.000,22,5,0,0,0.210,0.175,0.144,0.067,0.035,0.018,28,16,8,5
0.102,0.267,0.076,1.99,0.186,0,0.0309,0.5605,0.269,-0.326,0.178,0.140,0.095,0.018,0.000,0.000,22,5,0,0,0.210,0.175,0.144,0.067,0.035,0.018,28,16,8,5
0.094,0.278,0.358,-0.52,0.062,0,0.0288,0.6306,0.440,0.341,0.178,0.140,0.095,0.018,0.000,0.000,22,5,0,0,0.210,0.175,0.144,0.067,0.035,0.018,28,16,8,5
0.090,0.322,0.312,1.76,0.409,0,0.0084,0.6699,0.541,-0.884,0.178,0.140,0.095,0.018,0.000,0.000,22,5,0,0,0.210,0.175,0.144,0.067,0.035,0.018,28,16,8,5
