0.070,0.256,0.657,1.42,0.221,0,0.0057,0.2967,0.774,-0.397,0.272,0.164,0.201,0.076,0.038,0.012,25,21,8,4,0.247,0.153,0.157,0.073,0.023,0.003,33,20,5,1
0.053,0.296,0.721,-0.08,0.108,0,0.0047,0.1621,0.377,0.059,0.272,0.164,0.201,0.076,0.038,0.012,25,21,8,4,0.247,0.153,0.157,0.073,0.023,0.003,33,20,5,1
0.055,0.303,0.695,-0.48,0.134,0,0.0039,0.0796,0.328,0.007,0.272,0.164,0.201,0.076,0.038,0.012,25,21,8,4,0.247,0.153,0.157,0.073,0.023,0.003,33,20,5,1
0.060,0.296,0.464,1.69,0.290,0,0.0034,0.0334,0.181,-0.697,0.272,0.164,0.201,0.076,0.038,0.012,25,21,8,4,0.247,0.153,0.157,0.073,0.023,0.003,33,20,5,1
0.064,0.286,0.401,1.37,0.298,0,0.0032,0.0108,0.160,-0.510,0.272,0.164,0.201,0.076,0.038,0.012,25,21,8,4,0.247,0.153,0.157,0.073,0.023,0.003,33,20,5,1
0.071,0.255,0.594,-1.19,0.219,1,0.0032,0.0023,0.274,0.586,0.272,0.164,0.201,0.076,0.038,0.012,25,21,8,4,0.247,0.153,0.157,0.073,0.023,0.003,33,20,5,1
0.078,0.262,0.060,2.53,0.140,0,0.0034,0.0012,0.074,-0.121,0.272,0.164,0.201,0.076,0.038,0.012,25,21,8,4,0.247,0.153,0.157,0.073,0.023,0.003,33,20,5,1
0.066,0.269,0.092,1.69,0.290,0,0.0038,0.0027,0.085,-0.697,0.272,0.164,0.201,0.076,0.038,0.012,25,21,8,4,0.247,0.153,0.157,0.073,0.023,0.003,33,20,5,1
0.068,0.255,0.002,1.99,0.186,0,0.0042,0.0040,0.064,-0.326,0.272,0.164,0.201,0.076,0.038,0.012,25,21,8,4,0.247,0.153,0.157,0.073,0.023,0.003,33,20,5,1
0.075,0.246,0.007,0.85,0.046,0,0.0046,0.0040,0.066,0.06,0.272,0.164,0.201,0.076,0.038,0.012,25,21,8,4,0.247,0.153,0.157,0.073,0.023,0.003,33,20,5,1
0.084,0.186,0.001,2.53,0.140,0,0.0049,0.0029,0.031,-0.121,0.272,0.164,0.201,0.076,0.038,0.012,25,21,8,4,0.247,0.153,0.157,0.073,0.023,0.003,33,20,5,1
0.081,0.096,0.064,1.69,0.290,0,0.0049,0.0020,0.029,-0.697,0.272,0.164,0.201,0.076,0.038,0.012,25,21,8,4,0.247,0.153,0.157,0.073,0.023,0.003,33,20,5,1
0.086,0.064,0.003,3.14,0.186,0,0.0049,0.0011,0.027,-0.486,0.272,0.164,0.201,0.076,0.038,0.012,25,21,8,4,0.247,0.153,0.157,0.073,0.023,0.003,33,20,5,1
0.102,0.055,0.011,1.99,0.186,0,0.0054,0.0011,0.027,-0.326,0.272,0.164,0.201,0.076,0.038,0.012,25,21,8,4,0.247,0.153,0.157,0.073,0.023,0.003,33,20,5,1
0.130,0.035,0.001,2.53,0.140,0,0.0046,0.0004,0.032,-0.121,0.272,0.164,0.201,0.076,0.038,0.012,25,21,8,4,0.247,0.153,0.157,0.073,0.023,0.003,33,20,5,1
0.121,0.033,0.050,2.1,0.128,0,0.0047,0.0002,0.035,0.02,0.272,0.164,0.201,0.076,0.038,0.012,25,21,8,4,0.247,0.153,0.157,0.073,0.023,0.003,33,20,5,1
0.095,0.038,0.216,2.1,0.128,0,0.0057,0.0012,0.043,0.02,0.272,0.164,0.201,0.076,0.038,0.012,25,21,8,4,0.247,0.153,0.157,0.073,0.023,0.003,33,20,5,1
0.097,0.061,0.455,-0.48,0.134,0,0.0060,0.0014,0.145,0.007,0.272,0.164,0.201,0.076,0.038,0.012,25,21,8,4,0.247,0.153,0.157,0.073,0.023,0.003,33,20,5,1
0.123,0.089,0.345,3.14,0.186,0,0.0064,0.0020,0.094,-0.486,0.272,0.164,0.201,0.076,0.038,0.012,25,21,8,4,0.247,0.153,0.157,0.073,0.023,0.003,33,20,5,1
0.118,0.103,0.511,-0.52,0.062,0,0.0019,-0.0010,0.188,0.341,0.272,0.164,0.201,0.076,0.038,0.012,25,21,8,4,0.247,0.153,0.157,0.073,0.023,0.003,33,20,5,1
0.095,0.098,0.707,0.22,0.230,0,0.0070,0.0034,0.228,0.303,0.272,0.164,0.201,0.076,0.038,0.012,25,21,8,4,0.247,0.153,0.157,0.073,0.023,0.003,33,20,5,1
0.080,0.061,0.524,0.85,0.046,0,0.0105,0.0050,0.131,0.06,0.272,0.164,0.201,0.076,0.038,0.012,25,21,8,4,0.247,0.153,0.157,0.073,0.023,0.003,33,20,5,1
0.094,0.054,0.462,0.85,0.046,0,0.0297,0.0182,0.090,0.06,0.272,0.164,0.201,0.076,0.038,0.012,25,21,8,4,0.247,0.153,0.157,0.073,0.023,0.003,33,20,5,1
0.096,0.058,0.341,2.53,0.140,0,0.0632,0.0423,0.066,-0.121,0.272,0.164,0.201,0.076,0.038,0.012,25,21,8,4,0.247,0.153,0.157,0.073,0.023,0.003,33,20,5,1
0.099,0.116,0.461,-0.52,0.062,0,0.1045,0.0719,0.144,0.341,0.272,0.164,0.201,0.076,0.038,0.012,25,21,8,4,0.247,0.153,0.157,0.073,0.023,0.003,33,20,5,1
0.094,0.130,0.528,1.69,0.290,0,0.1484,0.1045,0.082,-0.697,0.272,0.164,0.201,0.076,0.038,0.012,25,21,8,4,0.247,0.153,0.157,0.073,0.023,0.003,33,20,5,1
0.097,0.156,0.442,3.14,0.186,0,0.1847,0.1314,0.122,-0.486,0.272,0.164,0.201,0.076,0.038,0.012,25,21,8,4,0.247,0.153,0.157,0.073,0.023,0.003,33,20,5,1
0.091,0.189,0.545,0,0.000,0,0.2218,0.1622,0.163,0.166,0.272,0.164,0.201,0.076,0.038,0.012,25,21,8,4,0.247,0.153,0.157,0.073,0.023,0.003,33,20,5,1
0.110,0.121,0.501,-0.52,0.062,0,0.2547,0.1925,0.201,0.341,0.272,0.164,0.201,0.076,0.038,0.012,25,21,8,4,0.247,0.153,0.157,0.073,0.023,0.003,33,20,5,1
0.118,0.069,0.523,-0.08,0.108,0,0.2729,0.2129,0.277,0.059,0.272,0.164,0.201,0.076,0.038,0.012,25,21,8,4,0.247,0.153,0.157,0.073,0.023,0.003,33,20,5,1
0.100,0.044,0.517,-0.79,0.151,-1,0.2780,0.2274,0.434,0.736,0.272,0.164,0.201,0.076,0.038,0.012,25,21,8,4,0.247,0.153,0.157,0.073,0.023,0.003,33,20,5,1
0.098,0.061,0.562,-0.48,0.134,0,0.2898,0.2499,0.353,0.007,0.272,0.164,0.201,0.076,0.038,0.012,25,21,8,4,0.247,0.153,0.157,0.073,0.023,0.003,33,20,5,1
0.103,0.131,0.398,-1.1,0.105,-1,0.2980,0.2702,0.338,0.192,0.272,0.164,0.201,0.076,0.038,0.012,25,21,8,4,0.247,0.153,0.157,0.073,0.023,0.003,33,20,5,1
0.097,0.131,0.212,2.53,0.140,0,0.3207,0.3016,0.310,-0.121,0.272,0.164,0.201,0.076,0.038,0.012,25,21,8,4,0.247,0.153,0.157,0.073,0.023,0.003,33,20,5,1
0.104,0.141,0.341,0,0.000,0,0.3554,0.3402,0.245,0.166,0.272,0.164,0.201,0.076,0.038,0.012,25,21,8,4,0.247,0.153,0.157,0.073,0.023,0.003,33,20,5,1
0.099,0.137,0.355,-1.14,0.131,0,0.4053,0.3905,0.345,0.987,0.272,0.164,0.201,0.076,0.038,0.012,25,21,8,4,0.247,0.153,0.157,0.073,0.023,0.003,33,20,5,1
0.126,0.132,0.717,-0.52,0.062,0,0.4473,0.4337,0.383,0.341,0.272,0.164,0.201,0.076,0.038,0.012,25,21,8,4,0.247,0.153,0.157,0.073,0.023,0.003,33,20,5,1
0.124,0.072,0.772,-0.42,0.180,0,0.4650,0.4578,0.438,0.318,0.272,0.164,0.201,0.076,0.038,0.012,25,21,8,4,0.247,0.153,0.157,0.073,0.023,0.003,33,20,5,1
0.103,0.069,0.690,0,0.000,0,0.4669,0.4707,0.193,0.166,0.272,0.164,0.201,0.076,0.038,0.012,25,21,8,4,0.247,0.153,0.157,0.073,0.023,0.003,33,20,5,1
0.097,0.066,0.729,-0.52,0.062,0,0.4368,0.4578,0.265,0.341,0.272,0.164,0.201,0.076,0.038,0.012,25,21,8,4,0.247,0.153,0.157,0.073,0.023,0.003,33,20,5,1
0.098,0.073,0.775,1.37,0.298,0,0.3911,0.4330,0.232,-0.510,0.272,0.164,0.201,0.076,0.038,0.012,25,21,8,4,0.247,0.153,0.157,0.073,0.023,0.003,33,20,5,1
0.099,0.050,0.648,-0.52,0.062,0,0.3429,0.4062,0.237,0.341,0.272,0.164,0.201,0.076,0.038,0.012,25,21,8,4,0.247,0.153,0.157,0.073,0.023,0.003,33,20,5,1
0.117,0.048,0.715,-0.52,0.062,0,0.2940,0.3761,0.167,0.341,0.272,0.164,0.201,0.076,0.038,0.012,25,21,8,4,0.247,0.153,0.157,0.073,0.023,0.003,33,20,5,1
0.109,0.052,0.608,-0.08,0.108,0,0.2485,0.3472,0.275,0.059,0.272,0.164,0.201,0.076,0.038,0.012,25,21,8,4,0.247,0.153,0.157,0.073,0.023,0.003,33,20,5,1
0.092,0.049,0.721,0.22,0.230,0,0.2057,0.3154,0.266,0.303,0.272,0.164,0.201,0.076,0.038,0.012,25,21,8,4,0.247,0.153,0.157,0.073,0.023,0.003,33,20,5,1
0.085,0.037,0.230,0.85,0.046,0,0.1805,0.2949,0.182,0.06,0.272,0.164,0.201,0.076,0.038,0.012,25,21,8,4,0.247,0.153,0.157,0.073,0.023,0.003,33,20,5,1
0.091,0.039,0.311,1.42,0.221,0,0.1745,0.2860,0.197,-0.397,0.272,0.164,0.201,0.076,0.038,0.012,25,21,8,4,0.247,0.153,0.157,0.073,0.023,0.003,33,20,5,1
0.093,0.042,0.314,-1.1,0.105,-1,0.1711,0.2759,0.333,0.192,0.272,0.164,0.201,0.076,0.038,0.012,25,21,8,4,0.247,0.153,0.157,0.073,0.023,0.003,33,20,5,1
0.081,0.051,0.307,-0.48,0.134,0,0.1663,0.2653,0.362,0.007,0.272,0.164,0.201,0.076,0.038,0.012,25,21,8,4,0.247,0.153,0.157,0.073,0.023,0.003,33,20,5,1
0.077,0.049,0.092,1.99,0.186,0,0.1690,0.2606,0.083,-0.326,0.272,0.164,0.201,0.076,0.038,0.012,25,21,8,4,0.247,0.153,0.157,0.073,0.023,0.003,33,20,5,1
0.075,0.055,0.297,-1.14,0.131,0,0.1573,0.2442,0.204,0.987,0.272,0.164,0.201,0.076,0.038,0.012,25,21,8,4,0.247,0.153,0.157,0.073,0.023,0.003,33,20,5,1
0.075,0.087,0.403,1.69,0.290,0,0.1496,0.2334,0.100,-0.697,0.272,0.164,0.201,0.076,0.038,0.012,25,21,8,4,0.247,0.153,0.157,0.073,0.023,0.003,33,20,5,1
0.069,0.079,0.307,2.53,0.140,0,0.1375,0.2171,0.118,-0.121,0.272,0.164,0.201,0.076,0.038,0.012,25,21,8,4,0.247,0.153,0.157,0.073,0.023,0.003,33,20,5,1
0.055,0.182,0.553,1.37,0.298,0,0.1389,0.2119,0.114,-0.510,0.272,0.164,0.201,0.076,0.038,0.012,25,21,8,4,0.247,0.153,0.157,0.073,0.023,0.003,33,20,5,1
0.058,0.167,0.546,-0.48,0.134,0,0.1305,0.1976,0.209,0.007,0.272,0.164,0.201,0.076,0.038,0.012,25,21,8,4,0.247,0.153,0.157,0.073,0.023,0.003,33,20,5,1
0.045,0.238,0.592,-0.08,0.108,0,0.1203,0.1817,0.183,0.059,0.272,0.164,0.201,0.076,0.038,0.012,25,21,8,4,0.247,0.153,0.157,0.073,0.023,0.003,33,20,5,1
0.045,0.198,0.618,0,0.000,0,0.1097,0.1656,0.262,0.166,0.272,0.164,0.201,0.076,0.038,0.012,25,21,8,4,0.247,0.153,0.157,0.073,0.023,0.003,33,20,5,1
0.029,0.182,0.794,0.22,0.230,0,0.1015,0.1513,0.246,0.303,0.272,0.164,0.201,0.076,0.038,0.012,25,21,8,4,0.247,0.153,0.157,0.073,0.023,0.003,33,20,5,1
0.031,0.114,0.765,-0.48,0.134,0,0.0902,0.1345,0.263,0.007,0.272,0.164,0.201,0.076,0.038,0.012,25,21,8,4,0.247,0.153,0.157,0.073,0.023,0.003,33,20,5,1
0.036,0.132,0.700,3.14,0.186,0,0.0879,0.1263,0.166,-0.486,0.272,0.164,0.201,0.076,0.038,0.012,25,21,8,4,0.247,0.153,0.157,0.073,0.023,0.003,33,20,5,1
0.039,0.099,0.603,0,0.000,0,0.0885,0.1208,0.160,0.166,0.272,0.164,0.201,0.076,0.038,0.012,25,21,8,4,0.247,0.153,0.157,0.073,0.023,0.003,33,20,5,1
0.042,0.146,0.683,1.37,0.298,0,0.0930,0.1199,0.177,-0.510,0.272,0.164,0.201,0.076,0.038,0.012,25,21,8,4,0.247,0.153,0.157,0.073,0.023,0.003,33,20,5,1
0.052,0.105,0.644,-0.42,0.180,0,0.0934,0.1149,0.316,0.318,0.272,0.164,0.201,0.076,0.038,0.012,25,21,8,4,0.247,0.153,0.157,0.073,0.023,0.003,33,20,5,1
0.042,0.122,0.606,-0.48,0.134,0,0.0935,0.1109,0.317,0.007,0.272,0.164,0.201,0.076,0.038,0.012,25,21,8,4,0.247,0.153,0.157,0.073,0.023,0.003,33,20,5,1
0.050,0.102,0.539,0.85,0.046,0,0.0881,0.1021,0.183,0.06,0.272,0.164,0.201,0.076,0.038,0.012,25,21,8,4,0.247,0.153,0.157,0.073,0.023,0.003,33,20,5,1
0.059,0.167,0.607,-0.48,0.134,0,0.0808,0.0937,0.212,0.007,0.272,0.164,0.201,0.076,0.038,0.012,25,21,8,4,0.247,0.153,0.157,0.073,0.023,0.003,33,20,5,1
0.064,0.167,0.486,2.53,0.140,0,0.0711,0.0838,0.109,-0.121,0.272,0.164,0.201,0.076,0.038,0.012,25,21,8,4,0.247,0.153,0.157,0.073,0.023,0.003,33,20,5,1
0.062,0.237,0.690,1.76,0.409,0,0.0616,0.0740,0.108,-0.884,0.272,0.164,0.201,0.076,0.038,0.012,25,21,8,4,0.247,0.153,0.157,0.073,0.023,0.003,33,20,5,1
0.055,0.241,0.715,0.2,0.291,1,0.0541,0.0653,0.199,0.180,0.272,0.164,0.201,0.076,0.038,0.012,25,21,8,4,0.247,0.153,0.157,0.073,0.023,0.003,33,20,5,1
0.067,0.255,0.496,3.14,0.186,0,0.0550,0.0654,0.090,-0.486,0.272,0.164,0.201,0.076,0.038,0.012,25,21,8,4,0.247,0.153,0.157,0.073,0.023,0.003,33,20,5,1
0.086,0.247,0.725,-0.52,0.062,0,0.0524,0.0612,0.224,0.341,0.272,0.164,0.201,0.076,0.038,0.012,25,21,8,4,0.247,0.153,0.157,0.073,0.023,0.003,33,20,5,1
0.085,0.224,0.630,0,0.000,0,0.0605,0.0657,0.194,0.166,0.272,0.164,0.201,0.076,0.038,0.012,25,21,8,4,0.247,0.153,0.157,0.073,0.023,0.003,33,20,5,1
0.091,0.190,0.569,0,0.000,0,0.0614,0.0637,0.118,0.166,0.272,0.164,0.201,0.076,0.038,0.012,25,21,8,4,0.247,0.153,0.157,0.073,0.023,0.003,33,20,5,1
0.094,0.130,0.568,1.69,0.290,0,0.0623,0.0625,0.124,-0.697,0.272,0.164,0.201,0.076,0.038,0.012,25,21,8,4,0.247,0.153,0.157,0.073,0.023,0.003,33,20,5,1
0.106,0.092,0.486,2.1,0.128,0,0.0591,0.0582,0.060,0.02,0.272,0.164,0.201,0.076,0.038,0.012,25,21,8,4,0.247,0.153,0.157,0.073,0.023,0.003,33,20,5,1
0.106,0.096,0.482,2.53,0.140,0,0.0580,0.0552,0.101,-0.121,0.272,0.164,0.201,0.076,0.038,0.012,25,21,8,4,0.247,0.153,0.157,0.073,0.023,0.003,33,20,5,1
0.125,0.076,0.535,0,0.000,0,0.0552,0.0503,0.130,0.166,0.272,0.164,0.201,0.076,0.038,0.012,25,21,8,4,0.247,0.153,0.157,0.073,0.023,0.003,33,20,5,1
0.128,0.074,0.396,1.99,0.186,0,0.0580,0.0520,0.194,-0.326,0.272,0.164,0.201,0.076,0.038,0.012,25,21,8,4,0.247,0.153,0.157,0.073,0.023,0.003,33,20,5,1
0.190,0.078,0.522,-1.1,0.105,-1,0.0576,0.0520,0.449,0.192,0.272,0.164,0.201,0.076,0.038,0.012,25,21,8,4,0.247,0.153,0.157,0.073,0.023,0.003,33,20,5,1
0.183,0.102,0.456,0,0.000,0,0.0688,0.0607,0.271,0.166,0.272,0.164,0.201,0.076,0.038,0.012,25,21,8,4,0.247,0.153,0.157,0.073,0.023,0.003,33,20,5,1
0.180,0.099,0.619,-1.19,0.219,1,0.0771,0.0666,0.497,0.586,0.272,0.164,0.201,0.076,0.038,0.012,25,21,8,4,0.247,0.153,0.157,0.073,0.023,0.003,33,20,5,1
0.175,0.086,0.237,2.53,0.140,0,0.0900,0.0765,0.162,-0.121,0.272,0.164,0.201,0.076,0.038,0.012,25,21,8,4,0.247,0.153,0.157,0.073,0.023,0.003,33,20,5,1
0.166,0.094,0.374,-1.1,0.105,-1,0.0936,0.0779,0.368,0.192,0.272,0.164,0.201,0.076,0.038,0.012,25,21,8,4,0.247,0.153,0.157,0.073,0.023,0.003,33,20,5,1
0.171,0.079,0.153,1.99,0.186,0,0.1055,0.0869,0.081,-0.326,0.272,0.164,0.201,0.076,0.038,0.012,25,21,8,4,0.247,0.153,0.157,0.073,0.023,0.003,33,20,5,1
0.200,0.073,0.422,-1.14,0.131,0,0.1105,0.0889,0.246,0.987,0.272,0.164,0.201,0.076,0.038,0.012,25,21,8,4,0.247,0.153,0.157,0.073,0.023,0.003,33,20,5,1
0.175,0.075,0.457,2.53,0.140,0,0.1203,0.0949,0.117,-0.121,0.272,0.164,0.201,0.076,0.038,0.012,25,21,8,4,0.247,0.153,0.157,0.073,0.023,0.003,33,20,5,1
0.179,0.073,0.240,2.53,0.140,0,0.1318,0.1003,0.157,-0.121,0.272,0.164,0.201,0.076,0.038,0.012,25,21,8,4,0.247,0.153,0.157,0.073,0.023,0.003,33,20,5,1
0.175,0.078,0.494,0,0.000,0,0.1472,0.1105,0.144,0.166,0.272,0.164,0.201,0.076,0.038,0.012,25,21,8,4,0.247,0.153,0.157,0.073,0.023,0.003,33,20,5,1
0.167,0.093,0.463,-0.52,0.062,0,0.1585,0.1185,0.205,0.341,0.272,0.164,0.201,0.076,0.038,0.012,25,21,8,4,0.247,0.153,0.157,0.073,0.023,0.003,33,20,5,1
0.143,0.139,0.341,1.99,0.186,0,0.1689,0.1273,0.209,-0.326,0.272,0.164,0.201,0.076,0.038,0.012,25,21,8,4,0.247,0.153,0.157,0.073,0.023,0.003,33,20,5,1
0.114,0.110,0.386,-1.1,0.105,-1,0.1699,0.1304,0.407,0.192,0.272,0.164,0.201,0.076,0.038,0.012,25,21,8,4,0.247,0.153,0.157,0.073,0.023,0.003,33,20,5,1
0.092,0.121,0.325,0,0.000,0,0.1646,0.1316,0.297,0.166,0.272,0.164,0.201,0.076,0.038,0.012,25,21,8,4,0.247,0.153,0.157,0.073,0.023,0.003,33,20,5,1
0.094,0.140,0.472,-0.42,0.180,0,0.1479,0.1236,0.339,0.318,0.272,0.164,0.201,0.076,0.038,0.012,25,21,8,4,0.247,0.153,0.157,0.073,0.023,0.003,33,20,5,1
0.097,0.155,0.559,-0.52,0.062,0,0.1245,0.1094,0.179,0.341,0.272,0.164,0.201,0.076,0.038,0.012,25,21,8,4,0.247,0.153,0.157,0.073,0.023,0.003,33,20,5,1
0.097,0.131,0.388,3.14,0.186,0,0.1025,0.0983,0.090,-0.486,0.272,0.164,0.201,0.076,0.038,0.012,25,21,8,4,0.247,0.153,0.157,0.073,0.023,0.003,33,20,5,1
0.099,0.129,0.519,1.37,0.298,0,0.0864,0.0925,0.200,-0.510,0.272,0.164,0.201,0.076,0.038,0.012,25,21,8,4,0.247,0.153,0.157,0.073,0.023,0.003,33,20,5,1
0.068,0.113,0.348,0,0.000,0,0.0717,0.0884,0.191,0.166,0.272,0.164,0.201,0.076,0.038,0.012,25,21,8,4,0.247,0.153,0.157,0.073,0.023,0.003,33,20,5,1
0.071,0.134,0.207,1.99,0.186,0,0.0701,0.0917,0.095,-0.326,0.272,0.164,0.201,0.076,0.038,0.012,25,21,8,4,0.247,0.153,0.157,0.073,0.023,0.003,33,20,5,1
0.071,0.124,0.345,-0.08,0.108,0,0.0636,0.0883,0.179,0.059,0.272,0.164,0.201,0.076,0.038,0.012,25,21,8,4,0.247,0.153,0.157,0.073,0.023,0.003,33,20,5,1
0.064,0.077,0.354,-0.79,0.151,-1,0.0648,0.0892,0.348,0.736,0.272,0.164,0.201,0.076,0.038,0.012,25,21,8,4,0.247,0.153,0.157,0.073,0.023,0.003,33,20,5,1
0.061,0.053,0.360,-0.79,0.151,-1,0.0654,0.0884,0.342,0.736,0.272,0.164,0.201,0.076,0.038,0.012,25,21,8,4,0.247,0.153,0.157,0.073,0.023,0.003,33,20,5,1
0.054,0.047,0.013,2.53,0.140,0,0.0749,0.0934,0.111,-0.121,0.272,0.164,0.201,0.076,0.038,0.012,25,21,8,4,0.247,0.153,0.157,0.073,0.023,0.003,33,20,5,1
0.046,0.062,0.273,0,0.000,0,0.0823,0.0946,0.129,0.166,0.272,0.164,0.201,0.076,0.038,0.012,25,21,8,4,0.247,0.153,0.157,0.073,0.023,0.003,33,20,5,1
0.051,0.046,0.025,1.99,0.186,0,0.0991,0.1042,0.057,-0.326,0.272,0.164,0.201,0.076,0.038,0.012,25,21,8,4,0.247,0.153,0.157,0.073,0.023,0.003,33,20,5,1
0.050,0.068,0.153,1.99,0.186,0,0.1060,0.1046,0.056,-0.326,0.272,0.164,0.201,0.076,0.038,0.012,25,21,8,4,0.247,0.153,0.157,0.073,0.023,0.003,33,20,5,1
0.053,0.084,0.014,3.14,0.186,0,0.1254,0.1154,0.043,-0.486,0.272,0.164,0.201,0.076,0.038,0.012,25,21,8,4,0.247,0.153,0.157,0.073,0.023,0.003,33,20,5,1
0.056,0.154,0.595,1.76,0.409,0,0.1454,0.1275,0.080,-0.884,0.272,0.164,0.201,0.076,0.038,0.012,25,21,8,4,0.247,0.153,0.157,0.073,0.023,0.003,33,20,5,1
0.055,0.093,0.318,1.42,0.221,0,0.1568,0.1346,0.053,-0.397,0.272,0.164,0.201,0.076,0.038,0.012,25,21,8,4,0.247,0.153,0.157,0.073,0.023,0.003,33,20,5,1
0.058,0.209,0.495,0,0.000,0,0.1635,0.1395,0.102,0.166,0.272,0.164,0.201,0.076,0.038,0.012,25,21,8,4,0.247,0.153,0.157,0.073,0.023,0.003,33,20,5,1
0.065,0.131,0.579,-1.1,0.105,-1,0.1743,0.1509,0.231,0.192,0.272,0.164,0.201,0.076,0.038,0.012,25,21,8,4,0.247,0.153,0.157,0.073,0.023,0.003,33,20,5,1
0.082,0.114,0.667,-0.08,0.108,0,0.1796,0.1554,0.218,0.059,0.272,0.164,0.201,0.076,0.038,0.012,25,21,8,4,0.247,0.153,0.157,0.073,0.023,0.003,33,20,5,1
0.085,0.112,0.696,-0.48,0.134,0,0.1788,0.1517,0.304,0.007,0.272,0.164,0.201,0.076,0.038,0.012,25,21,8,4,0.247,0.153,0.157,0.073,0.023,0.003,33,20,5,1
0.090,0.168,0.739,1.37,0.298,0,0.1894,0.1571,0.179,-0.510,0.272,0.164,0.201,0.076,0.038,0.012,25,21,8,4,0.247,0.153,0.157,0.073,0.023,0.003,33,20,5,1
0.060,0.084,0.692,-0.52,0.062,0,0.2152,0.1710,0.252,0.341,0.272,0.164,0.201,0.076,0.038,0.012,25,21,8,4,0.247,0.153,0.157,0.073,0.023,0.003,33,20,5,1
0.048,0.161,0.860,0.2,0.291,1,0.2599,0.1978,0.376,0.180,0.272,0.164,0.201,0.076,0.038,0.012,25,21,8,4,0.247,0.153,0.157,0.073,0.023,0.003,33,20,5,1
0.041,0.118,0.660,0,0.000,0,0.3018,0.2200,0.213,0.166,0.272,0.164,0.201,0.076,0.038,0.012,25,21,8,4,0.247,0.153,0.157,0.073,0.023,0.003,33,20,5,1
0.042,0.120,0.643,-0.08,0.108,0,0.3227,0.2271,0.260,0.059,0.272,0.164,0.201,0.076,0.038,0.012,25,21,8,4,0.247,0.153,0.157,0.073,0.023,0.003,33,20,5,1
0.050,0.103,0.713,0.85,0.046,0,0.3375,0.2319,0.223,0.06,0.272,0.164,0.201,0.076,0.038,0.012,25,21,8,4,0.247,0.153,0.157,0.073,0.023,0.003,33,20,5,1
0.051,0.113,0.629,1.42,0.221,0,0.3383,0.2297,0.204,-0.397,0.272,0.164,0.201,0.076,0.038,0.012,25,21,8,4,0.247,0.153,0.157,0.073,0.023,0.003,33,20,5,1
0.051,0.074,0.743,-0.52,0.062,0,0.3253,0.2199,0.283,0.341,0.272,0.164,0.201,0.076,0.038,0.012,25,21,8,4,0.247,0.153,0.157,0.073,0.023,0.003,33,20,5,1
0.036,0.070,0.652,0,0.000,0,0.2992,0.2031,0.336,0.166,0.272,0.164,0.201,0.076,0.038,0.012,25,21,8,4,0.247,0.153,0.157,0.073,0.023,0.003,33,20,5,1
0.039,0.094,0.727,-0.48,0.134,0,0.2611,0.1808,0.302,0.007,0.272,0.164,0.201,0.076,0.038,0.012,25,21,8,4,0.247,0.153,0.157,0.073,0.023,0.003,33,20,5,1
0.047,0.094,0.613,-0.52,0.062,0,0.2086,0.1492,0.229,0.341,0.272,0.164,0.201,0.076,0.038,0.012,25,21,8,4,0.247,0.153,0.157,0.073,0.023,0.003,33,20,5,1
0.054,0.100,0.657,1.76,0.409,0,0.1749,0.1325,0.152,-0.884,0.272,0.164,0.201,0.076,0.038,0.012,25,21,8,4,0.247,0.153,0.157,0.073,0.023,0.003,33,20,5,1
0.043,0.070,0.433,-0.79,0.151,-1,0.1527,0.1228,0.338,0.736,0.272,0.164,0.201,0.076,0.038,0.012,25,21,8,4,0.247,0.153,0.157,0.073,0.023,0.003,33,20,5,1
0.036,0.088,0.542,-0.48,0.134,0,0.1428,0.1213,0.200,0.007,0.272,0.164,0.201,0.076,0.038,0.012,25,21,8,4,0.247,0.153,0.157,0.073,0.023,0.003,33,20,5,1
0.035,0.076,0.533,2.53,0.140,0,0.1351,0.1185,0.122,-0.121,0.272,0.164,0.201,0.076,0.038,0.012,25,21,8,4,0.247,0.153,0.157,0.073,0.023,0.003,33,20,5,1
0.040,0.092,0.535,1.69,0.290,0,0.1381,0.1243,0.110,-0.697,0.272,0.164,0.201,0.076,0.038,0.012,25,21,8,4,0.247,0.153,0.157,0.073,0.023,0.003,33,20,5,1
0.037,0.117,0.529,-0.52,0.062,0,0.1422,0.1287,0.216,0.341,0.272,0.164,0.201,0.076,0.038,0.012,25,21,8,4,0.247,0.153,0.157,0.073,0.023,0.003,33,20,5,1
0.034,0.118,0.576,0,0.000,0,0.1340,0.1216,0.140,0.166,0.272,0.164,0.201,0.076,0.038,0.012,25,21,8,4,0.247,0.153,0.157,0.073,0.023,0.003,33,20,5,1
0.033,0.110,0.616,1.76,0.409,0,0.1171,0.1092,0.160,-0.884,0.272,0.164,0.201,0.076,0.038,0.012,25,21,8,4,0.247,0.153,0.157,0.073,0.023,0.003,33,20,5,1
0.032,0.079,0.527,2.1,0.128,0,0.1054,0.1000,0.065,0.02,0.272,0.164,0.201,0.076,0.038,0.012,25,21,8,4,0.247,0.153,0.157,0.073,0.023,0.003,33,20,5,1
0.041,0.077,0.621,2.53,0.140,0,0.1109,0.1043,0.155,-0.121,0.272,0.164,0.201,0.076,0.038,0.012,25,21,8,4,0.247,0.153,0.157,0.073,0.023,0.003,33,20,5,1
0.039,0.102,0.650,0,0.000,0,0.1141,0.1050,0.143,0.166,0.272,0.164,0.201,0.076,0.038,0.012,25,21,8,4,0.247,0.153,0.157,0.073,0.023,0.003,33,20,5,1
0.062,0.111,0.704,-0.48,0.134,0,0.1065,0.0980,0.223,0.007,0.272,0.164,0.201,0.076,0.038,0.012,25,21,8,4,0.247,0.153,0.157,0.073,0.023,0.003,33,20,5,1
0.077,0.121,0.675,1.37,0.298,0,0.0941,0.0875,0.212,-0.510,0.272,0.164,0.201,0.076,0.038,0.012,25,21,8,4,0.247,0.153,0.157,0.073,0.023,0.003,33,20,5,1
0.095,0.126,0.483,2.53,0.140,0,0.0850,0.0810,0.202,-0.121,0.272,0.164,0.201,0.076,0.038,0.012,25,21,8,4,0.247,0.153,0.157,0.073,0.023,0.003,33,20,5,1
0.091,0.149,0.502,-0.52,0.062,0,0.0888,0.0845,0.183,0.341,0.272,0.164,0.201,0.076,0.038,0.012,25,21,8,4,0.247,0.153,0.157,0.073,0.023,0.003,33,20,5,1
0.110,0.113,0.462,-0.08,0.108,0,0.1002,0.0955,0.325,0.059,0.272,0.164,0.201,0.076,0.038,0.012,25,21,8,4,0.247,0.153,0.157,0.073,0.023,0.003,33,20,5,1
0.102,0.135,0.239,-0.42,0.180,0,0.1050,0.1002,0.423,0.318,0.272,0.164,0.201,0.076,0.038,0.012,25,21,8,4,0.247,0.153,0.157,0.073,0.023,0.003,33,20,5,1
0.100,0.121,0.293,0,0.000,0,0.1148,0.1093,0.357,0.166,0.272,0.164,0.201,0.076,0.038,0.012,25,21,8,4,0.247,0.153,0.157,0.073,0.023,0.003,33,20,5,1
0.176,0.109,0.094,1.99,0.186,0,0.1321,0.1236,0.121,-0.326,0.272,0.164,0.201,0.076,0.038,0.012,25,21,8,4,0.247,0.153,0.157,0.073,0.023,0.003,33,20,5,1
0.178,0.145,0.520,-0.52,0.062,0,0.1588,0.1455,0.251,0.341,0.272,0.164,0.201,0.076,0.038,0.012,25,21,8,4,0.247,0.153,0.157,0.073,0.023,0.003,33,20,5,1
0.152,0.085,0.194,2.53,0.140,0,0.1956,0.1774,0.171,-0.121,0.272,0.164,0.201,0.076,0.038,0.012,25,21,8,4,0.247,0.153,0.157,0.073,0.023,0.003,33,20,5,1
0.157,0.096,0.760,0.22,0.230,0,0.2186,0.1973,0.242,0.303,0.272,0.164,0.201,0.076,0.038,0.012,25,21,8,4,0.247,0.153,0.157,0.073,0.023,0.003,33,20,5,1
0.192,0.087,0.221,2.53,0.140,0,0.2393,0.2174,0.098,-0.121,0.272,0.164,0.201,0.076,0.038,0.012,25,21,8,4,0.247,0.153,0.157,0.073,0.023,0.003,33,20,5,1
0.214,0.142,0.627,0.2,0.291,1,0.2481,0.2274,0.204,0.180,0.272,0.164,0.201,0.076,0.038,0.012,25,21,8,4,0.247,0.153,0.157,0.073,0.023,0.003,33,20,5,1
0.207,0.094,0.387,-1.14,0.131,0,0.2548,0.2370,0.178,0.987,0.272,0.164,0.201,0.076,0.038,0.012,25,21,8,4,0.247,0.153,0.157,0.073,0.023,0.003,33,20,5,1
0.178,0.096,0.316,2.53,0.140,0,0.2454,0.2339,0.147,-0.121,0.272,0.164,0.201,0.076,0.038,0.012,25,21,8,4,0.247,0.153,0.157,0.073,0.023,0.003,33,20,5,1
0.196,0.109,0.227,3.14,0.186,0,0.2288,0.2244,0.133,-0.486,0.272,0.164,0.201,0.076,0.038,0.012,25,21,8,4,0.247,0.153,0.157,0.073,0.023,0.003,33,20,5,1
0.202,0.120,0.300,1.99,0.186,0,0.2305,0.2325,0.109,-0.326,0.272,0.164,0.201,0.076,0.038,0.012,25,21,8,4,0.247,0.153,0.157,0.073,0.023,0.003,33,20,5,1
0.192,0.142,0.474,-1.19,0.219,1,0.2387,0.2429,0.347,0.586,0.272,0.164,0.201,0.076,0.038,0.012,25,21,8,4,0.247,0.153,0.157,0.073,0.023,0.003,33,20,5,1
0.234,0.203,0.596,0.2,0.291,1,0.2478,0.2547,0.317,0.180,0.272,0.164,0.201,0.076,0.038,0.012,25,21,8,4,0.247,0.153,0.157,0.073,0.023,0.003,33,20,5,1
0.214,0.136,0.382,-0.48,0.134,0,0.2474,0.2580,0.375,0.007,0.272,0.164,0.201,0.076,0.038,0.012,25,21,8,4,0.247,0.153,0.157,0.073,0.023,0.003,33,20,5,1
0.224,0.137,0.429,-0.52,0.062,0,0.2393,0.2563,0.353,0.341,0.272,0.164,0.201,0.076,0.038,0.012,25,21,8,4,0.247,0.153,0.157,0.073,0.023,0.003,33,20,5,1
0.206,0.130,0.550,-0.52,0.062,0,0.2461,0.2675,0.410,0.341,0.272,0.164,0.201,0.076,0.038,0.012,25,21,8,4,0.247,0.153,0.157,0.073,0.023,0.003,33,20,5,1
0.209,0.103,0.348,0.85,0.046,0,0.2589,0.2853,0.287,0.06,0.272,0.164,0.201,0.076,0.038,0.012,25,21,8,4,0.247,0.153,0.157,0.073,0.023,0.003,33,20,5,1
0.212,0.127,0.403,-0.42,0.180,0,0.2643,0.2965,0.379,0.318,0.272,0.164,0.201,0.076,0.038,0.012,25,21,8,4,0.247,0.153,0.157,0.073,0.023,0.003,33,20,5,1
0.215,0.123,0.486,1.37,0.298,0,0.2732,0.3118,0.178,-0.510,0.272,0.164,0.201,0.076,0.038,0.012,25,21,8,4,0.247,0.153,0.157,0.073,0.023,0.003,33,20,5,1
0.223,0.126,0.291,-0.52,0.062,0,0.2763,0.3180,0.266,0.341,0.272,0.164,0.201,0.076,0.038,0.012,25,21,8,4,0.247,0.153,0.157,0.073,0.023,0.003,33,20,5,1
0.236,0.115,0.069,2.53,0.140,0,0.2920,0.3349,0.168,-0.121,0.272,0.164,0.201,0.076,0.038,0.012,25,21,8,4,0.247,0.153,0.157,0.073,0.023,0.003,33,20,5,1
0.245,0.145,0.406,-0.42,0.180,0,0.3088,0.3524,0.355,0.318,0.272,0.164,0.201,0.076,0.038,0.012,25,21,8,4,0.247,0.153,0.157,0.073,0.023,0.003,33,20,5,1
0.195,0.173,0.626,-1.19,0.219,1,0.3207,0.3643,0.399,0.586,0.272,0.164,0.201,0.076,0.038,0.012,25,21,8,4,0.247,0.153,0.157,0.073,0.023,0.003,33,20,5,1
0.169,0.163,0.641,-0.08,0.108,0,0.3326,0.3761,0.247,0.059,0.272,0.164,0.201,0.076,0.038,0.012,25,21,8,4,0.247,0.153,0.157,0.073,0.023,0.003,33,20,5,1
0.169,0.170,0.713,-0.52,0.062,0,0.3353,0.3774,0.262,0.341,0.272,0.164,0.201,0.076,0.038,0.012,25,21,8,4,0.247,0.153,0.157,0.073,0.023,0.003,33,20,5,1
0.164,0.134,0.373,3.14,0.186,0,0.3429,0.3835,0.220,-0.486,0.272,0.164,0.201,0.076,0.038,0.012,25,21,8,4,0.247,0.153,0.157,0.073,0.023,0.003,33,20,5,1
0.164,0.136,0.528,0,0.000,0,0.3401,0.3791,0.208,0.166,0.272,0.164,0.201,0.076,0.038,0.012,25,21,8,4,0.247,0.153,0.157,0.073,0.023,0.003,33,20,5,1
0.171,0.150,0.626,-0.52,0.062,0,0.3402,0.3777,0.225,0.341,0.272,0.164,0.201,0.076,0.038,0.012,25,21,8,4,0.247,0.153,0.157,0.073,0.023,0.003,33,20,5,1
0.178,0.127,0.236,3.14,0.186,0,0.3440,0.3803,0.124,-0.486,0.272,0.164,0.201,0.076,0.038,0.012,25,21,8,4,0.247,0.153,0.157,0.073,0.023,0.003,33,20,5,1
0.201,0.186,0.680,0.2,0.291,1,0.3595,0.3906,0.262,0.180,0.272,0.164,0.201,0.076,0.038,0.012,25,21,8,4,0.247,0.153,0.157,0.073,0.023,0.003,33,20,5,1
0.201,0.112,0.517,1.42,0.221,0,0.3828,0.4074,0.119,-0.397,0.272,0.164,0.201,0.076,0.038,0.012,25,21,8,4,0.247,0.153,0.157,0.073,0.023,0.003,33,20,5,1
0.201,0.219,0.869,0.2,0.291,1,0.4002,0.4165,0.237,0.180,0.272,0.164,0.201,0.076,0.038,0.012,25,21,8,4,0.247,0.153,0.157,0.073,0.023,0.003,33,20,5,1
0.201,0.123,0.705,-1.14,0.131,0,0.4063,0.4165,0.240,0.987,0.272,0.164,0.201,0.076,0.038,0.012,25,21,8,4,0.247,0.153,0.157,0.073,0.023,0.003,33,20,5,1
0.157,0.158,0.909,1.37,0.298,0,0.4002,0.4054,0.263,-0.510,0.272,0.164,0.201,0.076,0.038,0.012,25,21,8,4,0.247,0.153,0.157,0.073,0.023,0.003,33,20,5,1
0.157,0.111,0.798,-0.48,0.134,0,0.3948,0.3956,0.415,0.007,0.272,0.164,0.201,0.076,0.038,0.012,25,21,8,4,0.247,0.153,0.157,0.073,0.023,0.003,33,20,5,1
0.150,0.114,0.606,0,0.000,0,0.3916,0.3875,0.308,0.166,0.272,0.164,0.201,0.076,0.038,0.012,25,21,8,4,0.247,0.153,0.157,0.073,0.023,0.003,33,20,5,1
0.130,0.101,0.635,-0.52,0.062,0,0.3878,0.3804,0.354,0.341,0.272,0.164,0.201,0.076,0.038,0.012,25,21,8,4,0.247,0.153,0.157,0.073,0.023,0.003,33,20,5,1
0.105,0.098,0.644,-0.52,0.062,0,0.3806,0.3682,0.358,0.341,0.272,0.164,0.201,0.076,0.038,0.012,25,21,8,4,0.247,0.153,0.157,0.073,0.023,0.003,33,20,5,1
0.105,0.090,0.611,0.85,0.046,0,0.3786,0.3596,0.356,0.06,0.272,0.164,0.201,0.076,0.038,0.012,25,21,8,4,0.247,0.153,0.157,0.073,0.023,0.003,33,20,5,1
0.107,0.094,0.540,0,0.000,0,0.3678,0.3419,0.232,0.166,0.272,0.164,0.201,0.076,0.038,0.012,25,21,8,4,0.247,0.153,0.157,0.073,0.023,0.003,33,20,5,1
0.087,0.103,0.653,-0.52,0.062,0,0.3604,0.3288,0.287,0.341,0.272,0.164,0.201,0.076,0.038,0.012,25,21,8,4,0.247,0.153,0.157,0.073,0.023,0.003,33,20,5,1
0.080,0.095,0.374,2.53,0.140,0,0.3513,0.3142,0.186,-0.121,0.272,0.164,0.201,0.076,0.038,0.012,25,21,8,4,0.247,0.153,0.157,0.073,0.023,0.003,33,20,5,1
0.062,0.106,0.602,-0.42,0.180,0,0.3388,0.2960,0.285,0.318,0.272,0.164,0.201,0.076,0.038,0.012,25,21,8,4,0.247,0.153,0.157,0.073,0.023,0.003,33,20,5,1
0.062,0.128,0.502,-0.08,0.108,0,0.3340,0.2837,0.155,0.059,0.272,0.164,0.201,0.076,0.038,0.012,25,21,8,4,0.247,0.153,0.157,0.073,0.023,0.003,33,20,5,1
0.070,0.123,0.673,-0.08,0.108,0,0.3214,0.2633,0.199,0.059,0.272,0.164,0.201,0.076,0.038,0.012,25,21,8,4,0.247,0.153,0.157,0.073,0.023,0.003,33,20,5,1
0.070,0.111,0.260,2.53,0.140,0,0.3180,0.2524,0.139,-0.121,0.272,0.164,0.201,0.076,0.038,0.012,25,21,8,4,0.247,0.153,0.157,0.073,0.023,0.003,33,20,5,1
0.065,0.110,0.659,-0.48,0.134,0,0.3093,0.2375,0.288,0.007,0.272,0.164,0.201,0.076,0.038,0.012,25,21,8,4,0.247,0.153,0.157,0.073,0.023,0.003,33,20,5,1
0.059,0.094,0.386,1.69,0.290,0,0.3117,0.2334,0.112,-0.697,0.272,0.164,0.201,0.076,0.038,0.012,25,21,8,4,0.247,0.153,0.157,0.073,0.023,0.003,33,20,5,1
0.056,0.110,0.651,-0.52,0.062,0,0.3069,0.2256,0.218,0.341,0.272,0.164,0.201,0.076,0.038,0.012,25,21,8,4,0.247,0.153,0.157,0.073,0.023,0.003,33,20,5,1
0.052,0.096,0.335,1.99,0.186,0,0.3022,0.2181,0.166,-0.326,0.272,0.164,0.201,0.076,0.038,0.012,25,21,8,4,0.247,0.153,0.157,0.073,0.023,0.003,33,20,5,1
0.054,0.113,0.304,-0.48,0.134,0,0.2875,0.2050,0.270,0.007,0.272,0.164,0.201,0.076,0.038,0.012,25,21,8,4,0.247,0.153,0.157,0.073,0.023,0.003,33,20,5,1
0.053,0.106,0.411,-1.14,0.131,0,0.2634,0.1857,0.339,0.987,0.272,0.164,0.201,0.076,0.038,0.012,25,21,8,4,0.247,0.153,0.157,0.073,0.023,0.003,33,20,5,1
0.055,0.123,0.061,1.69,0.290,0,0.2350,0.1651,0.169,-0.697,0.272,0.164,0.201,0.076,0.038,0.012,25,21,8,4,0.247,0.153,0.157,0.073,0.023,0.003,33,20,5,1
0.057,0.110,0.350,-0.08,0.108,0,0.2150,0.1530,0.298,0.059,0.272,0.164,0.201,0.076,0.038,0.012,25,21,8,4,0.247,0.153,0.157,0.073,0.023,0.003,33,20,5,1
0.060,0.115,0.130,1.99,0.186,0,0.2086,0.1510,0.177,-0.326,0.272,0.164,0.201,0.076,0.038,0.012,25,21,8,4,0.247,0.153,0.157,0.073,0.023,0.003,33,20,5,1
0.060,0.106,0.337,-0.48,0.134,0,0.2094,0.1531,0.397,0.007,0.272,0.164,0.201,0.076,0.038,0.012,25,21,8,4,0.247,0.153,0.157,0.073,0.023,0.003,33,20,5,1
0.057,0.133,0.308,-1.1,0.105,-1,0.2206,0.1605,0.334,0.192,0.272,0.164,0.201,0.076,0.038,0.012,25,21,8,4,0.247,0.153,0.157,0.073,0.023,0.003,33,20,5,1
0.072,0.125,0.401,-0.08,0.108,0,0.2276,0.1619,0.268,0.059,0.272,0.164,0.201,0.076,0.038,0.012,25,21,8,4,0.247,0.153,0.157,0.073,0.023,0.003,33,20,5,1
0.088,0.069,0.429,2.53,0.140,0,0.2470,0.1722,0.183,-0.121,0.272,0.164,0.201,0.076,0.038,0.012,25,21,8,4,0.247,0.153,0.157,0.073,0.023,0.003,33,20,5,1
0.084,0.067,0.672,-0.08,0.108,0,0.2662,0.1801,0.256,0.059,0.272,0.164,0.201,0.076,0.038,0.012,25,21,8,4,0.247,0.153,0.157,0.073,0.023,0.003,33,20,5,1
0.071,0.049,0.481,-0.52,0.062,0,0.2832,0.1862,0.165,0.341,0.272,0.164,0.201,0.076,0.038,0.012,25,21,8,4,0.247,0.153,0.157,0.073,0.023,0.003,33,20,5,1
0.084,0.035,0.348,2.1,0.128,0,0.2963,0.1893,0.074,0.02,0.272,0.164,0.201,0.076,0.038,0.012,25,21,8,4,0.247,0.153,0.157,0.073,0.023,0.003,33,20,5,1
0.093,0.061,0.564,0.2,0.291,1,0.2854,0.1740,0.295,0.180,0.272,0.164,0.201,0.076,0.038,0.012,25,21,8,4,0.247,0.153,0.157,0.073,0.023,0.003,33,20,5,1
0.112,0.062,0.255,1.99,0.186,0,0.2746,0.1594,0.186,-0.326,0.272,0.164,0.201,0.076,0.038,0.012,25,21,8,4,0.247,0.153,0.157,0.073,0.023,0.003,33,20,5,1
0.119,0.079,0.379,1.99,0.186,0,0.2563,0.1431,0.123,-0.326,0.272,0.164,0.201,0.076,0.038,0.012,25,21,8,4,0.247,0.153,0.157,0.073,0.023,0.003,33,20,5,1
0.120,0.150,0.447,-0.08,0.108,0,0.2437,0.1335,0.176,0.059,0.272,0.164,0.201,0.076,0.038,0.012,25,21,8,4,0.247,0.153,0.157,0.073,0.023,0.003,33,20,5,1
0.138,0.126,0.411,-1.14,0.131,0,0.2268,0.1227,0.281,0.987,0.272,0.164,0.201,0.076,0.038,0.012,25,21,8,4,0.247,0.153,0.157,0.073,0.023,0.003,33,20,5,1
0.150,0.100,0.450,-0.52,0.062,0,0.2129,0.1126,0.328,0.341,0.272,0.164,0.201,0.076,0.038,0.012,25,21,8,4,0.247,0.153,0.157,0.073,0.023,0.003,33,20,5,1
0.159,0.085,0.391,0.85,0.046,0,0.1974,0.0997,0.223,0.06,0.272,0.164,0.201,0.076,0.038,0.012,25,21,8,4,0.247,0.153,0.157,0.073,0.023,0.003,33,20,5,1
0.162,0.085,0.123,2.53,0.140,0,0.1970,0.0970,0.146,-0.121,0.272,0.164,0.201,0.076,0.038,0.012,25,21,8,4,0.247,0.153,0.157,0.073,0.023,0.003,33,20,5,1
0.165,0.097,0.481,-0.48,0.134,0,0.2021,0.0989,0.294,0.007,0.272,0.164,0.201,0.076,0.038,0.012,25,21,8,4,0.247,0.153,0.157,0.073,0.023,0.003,33,20,5,1
0.156,0.083,0.295,2.53,0.140,0,0.2241,0.1154,0.079,-0.121,0.272,0.164,0.201,0.076,0.038,0.012,25,21,8,4,0.247,0.153,0.157,0.073,0.023,0.003,33,20,5,1
0.145,0.086,0.623,-0.52,0.062,0,0.2576,0.1391,0.128,0.341,0.272,0.164,0.201,0.076,0.038,0.012,25,21,8,4,0.247,0.153,0.157,0.073,0.023,0.003,33,20,5,1
0.147,0.072,0.415,1.99,0.186,0,0.2949,0.1650,0.094,-0.326,0.272,0.164,0.201,0.076,0.038,0.012,25,21,8,4,0.247,0.153,0.157,0.073,0.023,0.003,33,20,5,1
0.155,0.065,0.623,0.85,0.046,0,0.3295,0.1876,0.152,0.06,0.272,0.164,0.201,0.076,0.038,0.012,25,21,8,4,0.247,0.153,0.157,0.073,0.023,0.003,33,20,5,1
0.159,0.077,0.662,0.85,0.046,0,0.3504,0.2020,0.108,0.06,0.272,0.164,0.201,0.076,0.038,0.012,25,21,8,4,0.247,0.153,0.157,0.073,0.023,0.003,33,20,5,1
0.160,0.105,0.380,3.14,0.186,0,0.3585,0.2067,0.090,-0.486,0.272,0.164,0.201,0.076,0.038,0.012,25,21,8,4,0.247,0.153,0.157,0.073,0.023,0.003,33,20,5,1
0.138,0.090,0.689,-0.52,0.062,0,0.3627,0.2091,0.216,0.341,0.272,0.164,0.201,0.076,0.038,0.012,25,21,8,4,0.247,0.153,0.157,0.073,0.023,0.003,33,20,5,1
0.131,0.082,0.482,0.85,0.046,0,0.3658,0.2126,0.290,0.06,0.272,0.164,0.201,0.076,0.038,0.012,25,21,8,4,0.247,0.153,0.157,0.073,0.023,0.003,33,20,5,1
0.130,0.086,0.441,0,0.000,0,0.3624,0.2124,0.289,0.166,0.272,0.164,0.201,0.076,0.038,0.012,25,21,8,4,0.247,0.153,0.157,0.073,0.023,0.003,33,20,5,1
0.131,0.089,0.302,-0.42,0.180,0,0.3529,0.2094,0.379,0.318,0.272,0.164,0.201,0.076,0.038,0.012,25,21,8,4,0.247,0.153,0.157,0.073,0.023,0.003,33,20,5,1
0.157,0.085,0.095,1.99,0.186,0,0.3605,0.2179,0.170,-0.326,0.272,0.164,0.201,0.076,0.038,0.012,25,21,8,4,0.247,0.153,0.157,0.073,0.023,0.003,33,20,5,1
0.149,0.088,0.161,-1.14,0.131,0,0.3673,0.2281,0.320,0.987,0.272,0.164,0.201,0.076,0.038,0.012,25,21,8,4,0.247,0.153,0.157,0.073,0.023,0.003,33,20,5,1
0.136,0.084,0.478,-0.52,0.062,0,0.3914,0.2539,0.430,0.341,0.272,0.164,0.201,0.076,0.038,0.012,25,21,8,4,0.247,0.153,0.157,0.073,0.023,0.003,33,20,5,1
0.143,0.081,0.524,-0.52,0.062,0,0.4104,0.2749,0.442,0.341,0.272,0.164,0.201,0.076,0.038,0.012,25,21,8,4,0.247,0.153,0.157,0.073,0.023,0.003,33,20,5,1
0.142,0.080,0.126,0,0.000,0,0.4284,0.2955,0.451,0.166,0.272,0.164,0.201,0.076,0.038,0.012,25,21,8,4,0.247,0.153,0.157,0.073,0.023,0.003,33,20,5,1
0.173,0.082,0.076,-1.1,0.105,-1,0.4372,0.3085,0.381,0.192,0.272,0.164,0.201,0.076,0.038,0.012,25,21,8,4,0.247,0.153,0.157,0.073,0.023,0.003,33,20,5,1
0.176,0.092,0.177,-0.79,0.151,-1,0.4360,0.3134,0.316,0.736,0.272,0.164,0.201,0.076,0.038,0.012,25,21,8,4,0.247,0.153,0.157,0.073,0.023,0.003,33,20,5,1
0.163,0.090,0.123,2.53,0.140,0,0.4349,0.3173,0.162,-0.121,0.272,0.164,0.201,0.076,0.038,0.012,25,21,8,4,0.247,0.153,0.157,0.073,0.023,0.003,33,20,5,1
0.167,0.090,0.396,2.53,0.140,0,0.4343,0.3200,0.171,-0.121,0.272,0.164,0.201,0.076,0.038,0.012,25,21,8,4,0.247,0.153,0.157,0.073,0.023,0.003,33,20,5,1
0.157,0.101,0.413,0.85,0.046,0,0.4274,0.3180,0.239,0.06,0.272,0.164,0.201,0.076,0.038,0.012,25,21,8,4,0.247,0.153,0.157,0.073,0.023,0.003,33,20,5,1
0.163,0.109,0.437,0,0.000,0,0.4209,0.3151,0.181,0.166,0.272,0.164,0.201,0.076,0.038,0.012,25,21,8,4,0.247,0.153,0.157,0.073,0.023,0.003,33,20,5,1
0.167,0.133,0.555,-0.08,0.108,0,0.4034,0.3012,0.213,0.059,0.272,0.164,0.201,0.076,0.038,0.012,25,21,8,4,0.247,0.153,0.157,0.073,0.023,0.003,33,20,5,1
0.174,0.158,0.492,-0.08,0.108,0,0.3758,0.2799,0.264,0.059,0.272,0.164,0.201,0.076,0.038,0.012,25,21,8,4,0.247,0.153,0.157,0.073,0.023,0.003,33,20,5,1
0.158,0.149,0.615,-0.52,0.062,0,0.3374,0.2501,0.221,0.341,0.272,0.164,0.201,0.076,0.038,0.012,25,21,8,4,0.247,0.153,0.157,0.073,0.023,0.003,33,20,5,1
0.151,0.102,0.065,1.99,0.186,0,0.3023,0.2230,0.112,-0.326,0.272,0.164,0.201,0.076,0.038,0.012,25,21,8,4,0.247,0.153,0.157,0.073,0.023,0.003,33,20,5,1
0.103,0.094,0.688,-1.19,0.219,1,0.2717,0.1996,0.348,0.586,0.272,0.164,0.201,0.076,0.038,0.012,25,21,8,4,0.247,0.153,0.157,0.073,0.023,0.003,33,20,5,1
0.108,0.079,0.062,1.99,0.186,0,0.2460,0.1809,0.131,-0.326,0.272,0.164,0.201,0.076,0.038,0.012,25,21,8,4,0.247,0.153,0.157,0.073,0.023,0.003,33,20,5,1
0.126,0.091,0.625,-0.42,0.180,0,0.2191,0.1615,0.277,0.318,0.272,0.164,0.201,0.076,0.038,0.012,25,21,8,4,0.247,0.153,0.157,0.073,0.023,0.003,33,20,5,1
0.125,0.071,0.194,2.1,0.128,0,0.2064,0.1531,0.111,0.02,0.272,0.164,0.201,0.076,0.038,0.012,25,21,8,4,0.247,0.153,0.157,0.073,0.023,0.003,33,20,5,1
0.119,0.074,0.398,-1.1,0.105,-1,0.1985,0.1469,0.358,0.192,0.272,0.164,0.201,0.076,0.038,0.012,25,21,8,4,0.247,0.153,0.157,0.073,0.023,0.003,33,20,5,1
0.114,0.068,0.291,0.85,0.046,0,0.2123,0.1581,0.262,0.06,0.272,0.164,0.201,0.076,0.038,0.012,25,21,8,4,0.247,0.153,0.157,0.073,0.023,0.003,33,20,5,1
0.112,0.096,0.285,0,0.000,0,0.2179,0.1612,0.355,0.166,0.272,0.164,0.201,0.076,0.038,0.012,25,21,8,4,0.247,0.153,0.157,0.073,0.023,0.003,33,20,5,1
0.112,0.095,0.063,2.53,0.140,0,0.2401,0.1784,0.083,-0.121,0.272,0.164,0.201,0.076,0.038,0.012,25,21,8,4,0.247,0.153,0.157,0.073,0.023,0.003,33,20,5,1
0.112,0.091,0.513,-0.08,0.108,0,0.2691,0.2025,0.141,0.059,0.272,0.164,0.201,0.076,0.038,0.012,25,21,8,4,0.247,0.153,0.157,0.073,0.023,0.003,33,20,5,1
0.102,0.050,0.056,2.53,0.140,0,0.2987,0.2302,0.063,-0.121,0.272,0.164,0.201,0.076,0.038,0.012,25,21,8,4,0.247,0.153,0.157,0.073,0.023,0.003,33,20,5,1
0.108,0.051,0.525,1.76,0.409,0,0.3318,0.2597,0.112,-0.884,0.272,0.164,0.201,0.076,0.038,0.012,25,21,8,4,0.247,0.153,0.157,0.073,0.023,0.003,33,20,5,1
0.073,0.038,0.212,0.85,0.046,0,0.3655,0.2893,0.070,0.06,0.272,0.164,0.201,0.076,0.038,0.012,25,21,8,4,0.247,0.153,0.157,0.073,0.023,0.003,33,20,5,1
0.076,0.110,0.488,-0.08,0.108,0,0.3933,0.3126,0.142,0.059,0.272,0.164,0.201,0.076,0.038,0.012,25,21,8,4,0.247,0.153,0.157,0.073,0.023,0.003,33,20,5,1
0.083,0.079,0.167,1.99,0.186,0,0.4124,0.3286,0.083,-0.326,0.272,0.164,0.201,0.076,0.038,0.012,25,21,8,4,0.247,0.153,0.157,0.073,0.023,0.003,33,20,5,1
0.077,0.084,0.472,-0.08,0.108,0,0.4184,0.3321,0.216,0.059,0.272,0.164,0.201,0.076,0.038,0.012,25,21,8,4,0.247,0.153,0.157,0.073,0.023,0.003,33,20,5,1
0.078,0.073,0.534,-1.1,0.105,-1,0.4135,0.3243,0.315,0.192,0.272,0.164,0.201,0.076,0.038,0.012,25,21,8,4,0.247,0.153,0.157,0.073,0.023,0.003,33,20,5,1
0.077,0.078,0.313,0.85,0.046,0,0.4018,0.3100,0.274,0.06,0.272,0.164,0.201,0.076,0.038,0.012,25,21,8,4,0.247,0.153,0.157,0.073,0.023,0.003,33,20,5,1
0.072,0.075,0.422,-0.08,0.108,0,0.3896,0.2950,0.356,0.059,0.272,0.164,0.201,0.076,0.038,0.012,25,21,8,4,0.247,0.153,0.157,0.073,0.023,0.003,33,20,5,1
0.072,0.083,0.521,-0.08,0.108,0,0.3862,0.2872,0.308,0.059,0.272,0.164,0.201,0.076,0.038,0.012,25,21,8,4,0.247,0.153,0.157,0.073,0.023,0.003,33,20,5,1
0.072,0.080,0.566,-1.14,0.131,0,0.3965,0.2919,0.408,0.987,0.272,0.164,0.201,0.076,0.038,0.012,25,21,8,4,0.247,0.153,0.157,0.073,0.023,0.003,33,20,5,1
0.073,0.088,0.671,-0.52,0.062,0,0.4130,0.3027,0.417,0.341,0.272,0.164,0.201,0.076,0.038,0.012,25,21,8,4,0.247,0.153,0.157,0.073,0.023,0.003,33,20,5,1
0.107,0.097,0.602,-0.48,0.134,0,0.4453,0.3270,0.371,0.007,0.272,0.164,0.201,0.076,0.038,0.012,25,21,8,4,0.247,0.153,0.157,0.073,0.023,0.003,33,20,5,1
0.112,0.100,0.684,0.2,0.291,1,0.4782,0.3523,0.319,0.180,0.272,0.164,0.201,0.076,0.038,0.012,25,21,8,4,0.247,0.153,0.157,0.073,0.023,0.003,33,20,5,1
0.112,0.098,0.629,-0.52,0.062,0,0.5144,0.3814,0.290,0.341,0.272,0.164,0.201,0.076,0.038,0.012,25,21,8,4,0.247,0.153,0.157,0.073,0.023,0.003,33,20,5,1
0.113,0.094,0.189,-1.1,0.105,-1,0.5360,0.4009,0.206,0.192,0.272,0.164,0.201,0.076,0.038,0.012,25,21,8,4,0.247,0.153,0.157,0.073,0.023,0.003,33,20,5,1
0.113,0.087,0.014,3.14,0.186,0,0.5480,0.4143,0.114,-0.486,0.272,0.164,0.201,0.076,0.038,0.012,25,21,8,4,0.247,0.153,0.157,0.073,0.023,0.003,33,20,5,1
0.120,0.086,0.019,1.99,0.186,0,0.5418,0.4162,0.098,-0.326,0.272,0.164,0.201,0.076,0.038,0.012,25,21,8,4,0.247,0.153,0.157,0.073,0.023,0.003,33,20,5,1
0.120,0.092,0.380,-0.08,0.108,0,0.5201,0.4079,0.201,0.059,0.272,0.164,0.201,0.076,0.038,0.012,25,21,8,4,0.247,0.153,0.157,0.073,0.023,0.003,33,20,5,1
0.129,0.099,0.382,1.99,0.186,0,0.4815,0.3871,0.070,-0.326,0.272,0.164,0.201,0.076,0.038,0.012,25,21,8,4,0.247,0.153,0.157,0.073,0.023,0.003,33,20,5,1
0.134,0.104,0.690,-0.08,0.108,0,0.4307,0.3564,0.209,0.059,0.272,0.164,0.201,0.076,0.038,0.012,25,21,8,4,0.247,0.153,0.157,0.073,0.023,0.003,33,20,5,1
0.146,0.114,0.636,0,0.000,0,0.3823,0.3248,0.211,0.166,0.272,0.164,0.201,0.076,0.038,0.012,25,21,8,4,0.247,0.153,0.157,0.073,0.023,0.003,33,20,5,1
0.136,0.110,0.658,0.85,0.046,0,0.3258,0.2860,0.217,0.06,0.272,0.164,0.201,0.076,0.038,0.012,25,21,8,4,0.247,0.153,0.157,0.073,0.023,0.003,33,20,5,1
0.143,0.129,0.695,-0.52,0.062,0,0.2845,0.2573,0.216,0.341,0.272,0.164,0.201,0.076,0.038,0.012,25,21,8,4,0.247,0.153,0.157,0.073,0.023,0.003,33,20,5,1
0.169,0.129,0.659,-0.08,0.108,0,0.2638,0.2449,0.253,0.059,0.272,0.164,0.201,0.076,0.038,0.012,25,21,8,4,0.247,0.153,0.157,0.073,0.023,0.003,33,20,5,1
0.137,0.114,0.699,0.85,0.046,0,0.2670,0.2502,0.210,0.06,0.272,0.164,0.201,0.076,0.038,0.012,25,21,8,4,0.247,0.153,0.157,0.073,0.023,0.003,33,20,5,1
0.136,0.129,0.624,-0.08,0.108,0,0.2899,0.2721,0.287,0.059,0.272,0.164,0.201,0.076,0.038,0.012,25,21,8,4,0.247,0.153,0.157,0.073,0.023,0.003,33,20,5,1
0.134,0.104,0.627,0,0.000,0,0.3231,0.3034,0.241,0.166,0.272,0.164,0.201,0.076,0.038,0.012,25,21,8,4,0.247,0.153,0.157,0.073,0.023,0.003,33,20,5,1
0.141,0.091,0.075,2.53,0.140,0,0.3576,0.3385,0.159,-0.121,0.272,0.164,0.201,0.076,0.038,0.012,25,21,8,4,0.247,0.153,0.157,0.073,0.023,0.003,33,20,5,1
0.141,0.067,0.381,0,0.000,0,0.3862,0.3705,0.156,0.166,0.272,0.164,0.201,0.076,0.038,0.012,25,21,8,4,0.247,0.153,0.157,0.073,0.023,0.003,33,20,5,1
0.136,0.065,0.133,1.99,0.186,0,0.4056,0.3946,0.071,-0.326,0.272,0.164,0.201,0.076,0.038,0.012,25,21,8,4,0.247,0.153,0.157,0.073,0.023,0.003,33,20,5,1
0.142,0.103,0.703,0.2,0.291,1,0.4098,0.4080,0.216,0.180,0.272,0.164,0.201,0.076,0.038,0.012,25,21,8,4,0.247,0.153,0.157,0.073,0.023,0.003,33,20,5,1
0.171,0.106,0.207,3.14,0.186,0,0.4072,0.4158,0.064,-0.486,0.272,0.164,0.201,0.076,0.038,0.012,25,21,8,4,0.247,0.153,0.157,0.073,0.023,0.003,33,20,5,1
0.141,0.121,0.730,1.37,0.298,0,0.3972,0.4171,0.112,-0.510,0.272,0.164,0.201,0.076,0.038,0.012,25,21,8,4,0.247,0.153,0.157,0.073,0.023,0.003,33,20,5,1
0.137,0.118,0.586,-1.19,0.219,1,0.3912,0.4184,0.347,0.586,0.272,0.164,0.201,0.076,0.038,0.012,25,21,8,4,0.247,0.153,0.157,0.073,0.023,0.003,33,20,5,1
0.138,0.116,0.533,-0.48,0.134,0,0.3839,0.4199,0.296,0.007,0.272,0.164,0.201,0.076,0.038,0.012,25,21,8,4,0.247,0.153,0.157,0.073,0.023,0.003,33,20,5,1
0.132,0.099,0.569,-0.08,0.108,0,0.3810,0.4254,0.394,0.059,0.272,0.164,0.201,0.076,0.038,0.012,25,21,8,4,0.247,0.153,0.157,0.073,0.023,0.003,33,20,5,1
0.146,0.092,0.249,-1.1,0.105,-1,0.3796,0.4304,0.540,0.192,0.272,0.164,0.201,0.076,0.038,0.012,25,21,8,4,0.247,0.153,0.157,0.073,0.023,0.003,33,20,5,1
0.137,0.093,0.276,-0.52,0.062,0,0.3998,0.4479,0.351,0.341,0.272,0.164,0.201,0.076,0.038,0.012,25,21,8,4,0.247,0.153,0.157,0.073,0.023,0.003,33,20,5,1
0.137,0.103,0.199,-0.08,0.108,0,0.4370,0.4747,0.330,0.059,0.272,0.164,0.201,0.076,0.038,0.012,25,21,8,4,0.247,0.153,0.157,0.073,0.023,0.003,33,20,5,1
0.165,0.095,0.309,-1.14,0.131,0,0.4815,0.4989,0.355,0.987,0.272,0.164,0.201,0.076,0.038,0.012,25,21,8,4,0.247,0.153,0.157,0.073,0.023,0.003,33,20,5,1
0.169,0.093,0.174,1.99,0.186,0,0.5337,0.5253,0.173,-0.326,0.272,0.164,0.201,0.076,0.038,0.012,25,21,8,4,0.247,0.153,0.157,0.073,0.023,0.003,33,20,5,1
0.139,0.100,0.518,-1.19,0.219,1,0.5768,0.5454,0.421,0.586,0.272,0.164,0.201,0.076,0.038,0.012,25,21,8,4,0.247,0.153,0.157,0.073,0.023,0.003,33,20,5,1
0.116,0.092,0.448,1.69,0.290,0,0.6229,0.5680,0.174,-0.697,0.272,0.164,0.201,0.076,0.038,0.012,25,21,8,4,0.247,0.153,0.157,0.073,0.023,0.003,33,20,5,1
0.110,0.077,0.397,0,0.000,0,0.6547,0.5845,0.210,0.166,0.272,0.164,0.201,0.076,0.038,0.012,25,21,8,4,0.247,0.153,0.157,0.073,0.023,0.003,33,20,5,1
0.086,0.082,0.588,-1.14,0.131,0,0.6713,0.5943,0.413,0.987,0.272,0.164,0.201,0.076,0.038,0.012,25,21,8,4,0.247,0.153,0.157,0.073,0.023,0.003,33,20,5,1
0.069,0.079,0.565,-1.1,0.105,-1,0.6580,0.5899,0.480,0.192,0.272,0.164,0.201,0.076,0.038,0.012,25,21,8,4,0.247,0.153,0.157,0.073,0.023,0.003,33,20,5,1
0.071,0.084,0.403,-0.52,0.062,0,0.6313,0.5791,0.293,0.341,0.272,0.164,0.201,0.076,0.038,0.012,25,21,8,4,0.247,0.153,0.157,0.073,0.023,0.003,33,20,5,1
0.073,0.083,0.464,-1.14,0.131,0,0.5962,0.5633,0.450,0.987,0.272,0.164,0.201,0.076,0.038,0.012,25,21,8,4,0.247,0.153,0.157,0.073,0.023,0.003,33,20,5,1
0.073,0.084,0.367,2.53,0.140,0,0.5650,0.5478,0.266,-0.121,0.272,0.164,0.201,0.076,0.038,0.012,25,21,8,4,0.247,0.153,0.157,0.073,0.023,0.003,33,20,5,1
0.073,0.090,0.601,-1.19,0.219,1,0.5548,0.5441,0.512,0.586,0.272,0.164,0.201,0.076,0.038,0.012,25,21,8,4,0.247,0.153,0.157,0.073,0.023,0.003,33,20,5,1
0.079,0.088,0.514,0,0.000,0,0.5644,0.5492,0.383,0.166,0.272,0.164,0.201,0.076,0.038,0.012,25,21,8,4,0.247,0.153,0.157,0.073,0.023,0.003,33,20,5,1
0.075,0.083,0.651,-0.48,0.134,0,0.5997,0.5649,0.416,0.007,0.272,0.164,0.201,0.076,0.038,0.012,25,21,8,4,0.247,0.153,0.157,0.073,0.023,0.003,33,20,5,1
0.048,0.081,0.621,-0.79,0.151,-1,0.6499,0.5872,0.463,0.736,0.272,0.164,0.201,0.076,0.038,0.012,25,21,8,4,0.247,0.153,0.157,0.073,0.023,0.003,33,20,5,1
0.056,0.090,0.521,-0.48,0.134,0,0.6975,0.6082,0.328,0.007,0.272,0.164,0.201,0.076,0.038,0.012,25,21,8,4,0.247,0.153,0.157,0.073,0.023,0.003,33,20,5,1
0.058,0.088,0.677,-0.42,0.180,0,0.7240,0.6163,0.295,0.318,0.272,0.164,0.201,0.076,0.038,0.012,25,21,8,4,0.247,0.153,0.157,0.073,0.023,0.003,33,20,5,1
0.058,0.087,0.563,1.76,0.409,0,0.7413,0.6223,0.148,-0.884,0.272,0.164,0.201,0.076,0.038,0.012,25,21,8,4,0.247,0.153,0.157,0.073,0.023,0.003,33,20,5,1
0.064,0.093,0.560,-0.42,0.180,0,0.7349,0.6170,0.293,0.318,0.272,0.164,0.201,0.076,0.038,0.012,25,21,8,4,0.247,0.153,0.157,0.073,0.023,0.003,33,20,5,1
0.060,0.081,0.453,1.99,0.186,0,0.7153,0.6066,0.161,-0.326,0.272,0.164,0.201,0.076,0.038,0.012,25,21,8,4,0.247,0.153,0.157,0.073,0.023,0.003,33,20,5,1
0.066,0.084,0.654,-0.52,0.062,0,0.6669,0.5761,0.249,0.341,0.272,0.164,0.201,0.076,0.038,0.012,25,21,8,4,0.247,0.153,0.157,0.073,0.023,0.003,33,20,5,1
0.065,0.087,0.506,-0.08,0.108,0,0.6040,0.5350,0.377,0.059,0.272,0.164,0.201,0.076,0.038,0.012,25,21,8,4,0.247,0.153,0.157,0.073,0.023,0.003,33,20,5,1
0.046,0.079,0.483,0,0.000,0,0.5372,0.4887,0.315,0.166,0.272,0.164,0.201,0.076,0.038,0.012,25,21,8,4,0.247,0.153,0.157,0.073,0.023,0.003,33,20,5,1
0.045,0.082,0.557,-0.08,0.108,0,0.4688,0.4381,0.393,0.059,0.272,0.164,0.201,0.076,0.038,0.012,25,21,8,4,0.247,0.153,0.157,0.073,0.023,0.003,33,20,5,1
0.068,0.079,0.583,-0.79,0.151,-1,0.4240,0.4012,0.475,0.736,0.272,0.164,0.201,0.076,0.038,0.012,25,21,8,4,0.247,0.153,0.157,0.073,0.023,0.003,33,20,5,1
0.074,0.084,0.379,-0.08,0.108,0,0.3916,0.3740,0.377,0.059,0.272,0.164,0.201,0.076,0.038,0.012,25,21,8,4,0.247,0.153,0.157,0.073,0.023,0.003,33,20,5,1
0.089,0.082,0.684,-0.52,0.062,0,0.3729,0.3546,0.256,0.341,0.272,0.164,0.201,0.076,0.038,0.012,25,21,8,4,0.247,0.153,0.157,0.073,0.023,0.003,33,20,5,1
0.077,0.091,0.341,-1.14,0.131,0,0.3689,0.3444,0.383,0.987,0.272,0.164,0.201,0.076,0.038,0.012,25,21,8,4,0.247,0.153,0.157,0.073,0.023,0.003,33,20,5,1
0.107,0.105,0.711,-0.52,0.062,0,0.3744,0.3386,0.243,0.341,0.272,0.164,0.201,0.076,0.038,0.012,25,21,8,4,0.247,0.153,0.157,0.073,0.023,0.003,33,20,5,1
0.113,0.091,0.104,2.53,0.140,0,0.3931,0.3454,0.055,-0.121,0.272,0.164,0.201,0.076,0.038,0.012,25,21,8,4,0.247,0.153,0.157,0.073,0.023,0.003,33,20,5,1
0.092,0.116,0.703,0.2,0.291,1,0.4196,0.3604,0.268,0.180,0.272,0.164,0.201,0.076,0.038,0.012,25,21,8,4,0.247,0.153,0.157,0.073,0.023,0.003,33,20,5,1
0.089,0.090,0.005,1.99,0.186,0,0.4393,0.3702,0.068,-0.326,0.272,0.164,0.201,0.076,0.038,0.012,25,21,8,4,0.247,0.153,0.157,0.073,0.023,0.003,33,20,5,1
0.092,0.093,0.528,1.37,0.298,0,0.4539,0.3766,0.099,-0.510,0.272,0.164,0.201,0.076,0.038,0.012,25,21,8,4,0.247,0.153,0.157,0.073,0.023,0.003,33,20,5,1
0.075,0.086,0.125,2.53,0.140,0,0.4623,0.3787,0.034,-0.121,0.272,0.164,0.201,0.076,0.038,0.012,25,21,8,4,0.247,0.153,0.157,0.073,0.023,0.003,33,20,5,1
0.076,0.096,0.479,-1.19,0.219,1,0.4477,0.3618,0.250,0.586,0.272,0.164,0.201,0.076,0.038,0.012,25,21,8,4,0.247,0.153,0.157,0.073,0.023,0.003,33,20,5,1
0.096,0.105,0.311,1.37,0.298,0,0.4274,0.3405,0.113,-0.510,0.272,0.164,0.201,0.076,0.038,0.012,25,21,8,4,0.247,0.153,0.157,0.073,0.023,0.003,33,20,5,1
0.096,0.096,0.179,2.53,0.140,0,0.4017,0.3130,0.074,-0.121,0.272,0.164,0.201,0.076,0.038,0.012,25,21,8,4,0.247,0.153,0.157,0.073,0.023,0.003,33,20,5,1
0.091,0.091,0.570,-0.48,0.134,0,0.3911,0.2998,0.258,0.007,0.272,0.164,0.201,0.076,0.038,0.012,25,21,8,4,0.247,0.153,0.157,0.073,0.023,0.003,33,20,5,1
0.080,0.103,0.609,-0.08,0.108,0,0.3771,0.2811,0.355,0.059,0.272,0.164,0.201,0.076,0.038,0.012,25,21,8,4,0.247,0.153,0.157,0.073,0.023,0.003,33,20,5,1
0.078,0.085,0.582,0,0.000,0,0.3751,0.2714,0.424,0.166,0.272,0.164,0.201,0.076,0.038,0.012,25,21,8,4,0.247,0.153,0.157,0.073,0.023,0.003,33,20,5,1
0.076,0.085,0.434,-0.79,0.151,-1,0.3715,0.2619,0.459,0.736,0.272,0.164,0.201,0.076,0.038,0.012,25,21,8,4,0.247,0.153,0.157,0.073,0.023,0.003,33,20,5,1
0.077,0.085,0.329,0,0.000,0,0.3675,0.2498,0.297,0.166,0.272,0.164,0.201,0.076,0.038,0.012,25,21,8,4,0.247,0.153,0.157,0.073,0.023,0.003,33,20,5,1
0.073,0.086,0.245,3.14,0.186,0,0.3730,0.2434,0.180,-0.486,0.272,0.164,0.201,0.076,0.038,0.012,25,21,8,4,0.247,0.153,0.157,0.073,0.023,0.003,33,20,5,1
0.067,0.086,0.502,-0.48,0.134,0,0.3862,0.2428,0.264,0.007,0.272,0.164,0.201,0.076,0.038,0.012,25,21,8,4,0.247,0.153,0.157,0.073,0.023,0.003,33,20,5,1
0.064,0.089,0.245,-1.14,0.131,0,0.4022,0.2464,0.285,0.987,0.272,0.164,0.201,0.076,0.038,0.012,25,21,8,4,0.247,0.153,0.157,0.073,0.023,0.003,33,20,5,1
0.041,0.092,0.468,0,0.000,0,0.4084,0.2467,0.264,0.166,0.272,0.164,0.201,0.076,0.038,0.012,25,21,8,4,0.247,0.153,0.157,0.073,0.023,0.003,33,20,5,1
0.049,0.101,0.613,-0.08,0.108,0,0.4025,0.2448,0.356,0.059,0.272,0.164,0.201,0.076,0.038,0.012,25,21,8,4,0.247,0.153,0.157,0.073,0.023,0.003,33,20,5,1
0.043,0.099,0.441,2.53,0.140,0,0.3960,0.2531,0.166,-0.121,0.272,0.164,0.201,0.076,0.038,0.012,25,21,8,4,0.247,0.153,0.157,0.073,0.023,0.003,33,20,5,1
0.050,0.105,0.677,-0.48,0.134,0,0.3880,0.2710,0.279,0.007,0.272,0.164,0.201,0.076,0.038,0.012,25,21,8,4,0.247,0.153,0.157,0.073,0.023,0.003,33,20,5,1
0.050,0.116,0.610,0,0.000,0,0.3778,0.2992,0.208,0.166,0.272,0.164,0.201,0.076,0.038,0.012,25,21,8,4,0.247,0.153,0.157,0.073,0.023,0.003,33,20,5,1
0.045,0.098,0.577,3.14,0.186,0,0.3640,0.3389,0.197,-0.486,0.272,0.164,0.201,0.076,0.038,0.012,25,21,8,4,0.247,0.153,0.157,0.073,0.023,0.003,33,20,5,1
0.054,0.100,0.648,-0.52,0.062,0,0.3459,0.3849,0.159,0.341,0.272,0.164,0.201,0.076,0.038,0.012,25,21,8,4,0.247,0.153,0.157,0.073,0.023,0.003,33,20,5,1
0.049,0.104,0.681,-0.08,0.108,0,0.3233,0.4345,0.223,0.059,0.272,0.164,0.201,0.076,0.038,0.012,25,21,8,4,0.247,0.153,0.157,0.073,0.023,0.003,33,20,5,1
0.047,0.100,0.508,1.69,0.290,0,0.2964,0.4853,0.141,-0.697,0.272,0.164,0.201,0.076,0.038,0.012,25,21,8,4,0.247,0.153,0.157,0.073,0.023,0.003,33,20,5,1
0.055,0.102,0.552,-0.08,0.108,0,0.2660,0.5355,0.269,0.059,0.272,0.164,0.201,0.076,0.038,0.012,25,21,8,4,0.247,0.153,0.157,0.073,0.023,0.003,33,20,5,1
0.055,0.104,0.529,1.69,0.290,0,0.2338,0.5842,0.173,-0.697,0.272,0.164,0.201,0.076,0.038,0.012,25,21,8,4,0.247,0.153,0.157,0.073,0.023,0.003,33,20,5,1
0.048,0.092,0.429,-0.52,0.062,0,0.2027,0.6319,0.329,0.341,0.272,0.164,0.201,0.076,0.038,0.012,25,21,8,4,0.247,0.153,0.157,0.073,0.023,0.003,33,20,5,1
0.048,0.080,0.466,1.37,0.298,0,0.1765,0.6808,0.318,-0.510,0.272,0.164,0.201,0.076,0.038,0.012,25,21,8,4,0.247,0.153,0.157,0.073,0.023,0.003,33,20,5,1
0.042,0.085,0.395,-0.42,0.180,0,0.1610,0.7355,0.717,0.318,0.272,0.164,0.201,0.076,0.038,0.012,25,21,8,4,0.247,0.153,0.157,0.073,0.023,0.003,33,20,5,1
