0.243,0.146,0.369,1.42,0.221,0,0.0452,0.7079,0.634,-0.397,0.288,0.132,0.170,0.057,0.011,0.000,23,9,3,0,0.273,0.155,0.181,0.067,0.025,0.014,13,6,5,3
0.254,0.282,0.379,-0.52,0.062,0,0.0720,0.6656,0.332,0.341,0.288,0.132,0.170,0.057,0.011,0.000,23,9,3,0,0.273,0.155,0.181,0.067,0.025,0.014,13,6,5,3
0.247,0.214,0.469,2.53,0.140,0,0.0761,0.5963,0.282,-0.121,0.288,0.132,0.170,0.057,0.011,0.000,23,9,3,0,0.273,0.155,0.181,0.067,0.025,0.014,13,6,5,3
0.242,0.173,0.476,3.14,0.186,0,0.0723,0.5153,0.279,-0.486,0.288,0.132,0.170,0.057,0.011,0.000,23,9,3,0,0.273,0.155,0.181,0.067,0.025,0.014,13,6,5,3
0.248,0.255,0.686,0,0.000,0,0.0708,0.4336,0.208,0.166,0.288,0.132,0.170,0.057,0.011,0.000,23,9,3,0,0.273,0.155,0.181,0.067,0.025,0.014,13,6,5,3
0.212,0.342,0.704,-0.52,0.062,0,0.0775,0.3592,0.238,0.341,0.288,0.132,0.170,0.057,0.011,0.000,23,9,3,0,0.273,0.155,0.181,0.067,0.025,0.014,13,6,5,3
0.198,0.373,0.773,-1.19,0.219,1,0.0945,0.2968,0.384,0.586,0.288,0.132,0.170,0.057,0.011,0.000,23,9,3,0,0.273,0.155,0.181,0.067,0.025,0.014,13,6,5,3
0.204,0.387,0.713,-0.52,0.062,0,0.1216,0.2484,0.191,0.341,0.288,0.132,0.170,0.057,0.011,0.000,23,9,3,0,0.273,0.155,0.181,0.067,0.025,0.014,13,6,5,3
0.164,0.315,0.482,2.1,0.128,0,0.1561,0.2143,0.064,0.02,0.288,0.132,0.170,0.057,0.011,0.000,23,9,3,0,0.273,0.155,0.181,0.067,0.025,0.014,13,6,5,3
0.139,0.353,0.251,3.14,0.186,0,0.1938,0.1928,0.105,-0.486,0.288,0.132,0.170,0.057,0.011,0.000,23,9,3,0,0.273,0.155,0.181,0.067,0.025,0.014,13,6,5,3
0.115,0.386,0.463,1.69,0.290,0,0.2327,0.1834,0.101,-0.697,0.288,0.132,0.170,0.057,0.011,0.000,23,9,3,0,0.273,0.155,0.181,0.067,0.025,0.014,13,6,5,3
0.136,0.393,0.584,-0.52,0.062,0,0.2588,0.1755,0.072,0.341,0.288,0.132,0.170,0.057,0.011,0.000,23,9,3,0,0.273,0.155,0.181,0.067,0.025,0.014,13,6,5,3
0.136,0.404,0.557,2.53,0.140,0,0.2720,0.1709,0.054,-0.121,0.288,0.132,0.170,0.057,0.011,0.000,23,9,3,0,0.273,0.155,0.181,0.067,0.025,0.014,13,6,5,3
0.143,0.371,0.693,0.85,0.046,0,0.2655,0.1606,0.088,0.06,0.288,0.132,0.170,0.057,0.011,0.000,23,9,3,0,0.273,0.155,0.181,0.067,0.025,0.014,13,6,5,3
0.151,0.616,0.743,0.2,0.291,1,0.2476,0.1460,0.275,0.180,0.288,0.132,0.170,0.057,0.011,0.000,23,9,3,0,0.273,0.155,0.181,0.067,0.025,0.014,13,6,5,3
0.122,0.874,0.629,1.37,0.298,0,0.2256,0.1315,0.129,-0.510,0.288,0.132,0.170,0.057,0.011,0.000,23,9,3,0,0.273,0.155,0.181,0.067,0.025,0.014,13,6,5,3
0.110,0.580,0.376,-0.08,0.108,0,0.2128,0.1229,0.155,0.059,0.288,0.132,0.170,0.057,0.011,0.000,23,9,3,0,0.273,0.155,0.181,0.067,0.025,0.014,13,6,5,3
0.093,0.719,0.694,0.2,0.291,1,0.2136,0.1223,0.395,0.180,0.288,0.132,0.170,0.057,0.011,0.000,23,9,3,0,0.273,0.155,0.181,0.067,0.025,0.014,13,6,5,3
0.087,0.481,0.236,-0.79,0.151,-1,0.2280,0.1285,0.494,0.736,0.288,0.132,0.170,0.057,0.011,0.000,23,9,3,0,0.273,0.155,0.181,0.067,0.025,0.014,13,6,5,3
0.071,0.448,0.512,-0.48,0.134,0,0.2506,0.1398,0.384,0.007,0.288,0.132,0.170,0.057,0.011,0.000,23,9,3,0,0.273,0.155,0.181,0.067,0.025,0.014,13,6,5,3
0.091,0.359,0.505,-0.79,0.151,-1,0.2925,0.1705,0.413,0.736,0.288,0.132,0.170,0.057,0.011,0.000,23,9,3,0,0.273,0.155,0.181,0.067,0.025,0.014,13,6,5,3
0.137,0.528,0.693,-1.19,0.219,1,0.3397,0.2071,0.453,0.586,0.288,0.132,0.170,0.057,0.011,0.000,23,9,3,0,0.273,0.155,0.181,0.067,0.025,0.014,13,6,5,3
0.137,0.574,0.529,-0.52,0.062,0,0.3866,0.2442,0.267,0.341,0.288,0.132,0.170,0.057,0.011,0.000,23,9,3,0,0.273,0.155,0.181,0.067,0.025,0.014,13,6,5,3
0.143,0.496,0.622,-0.52,0.062,0,0.4134,0.2663,0.245,0.341,0.288,0.132,0.170,0.057,0.011,0.000,23,9,3,0,0.273,0.155,0.181,0.067,0.025,0.014,13,6,5,3
0.142,0.495,0.620,2.1,0.128,0,0.4230,0.2799,0.133,0.02,0.288,0.132,0.170,0.057,0.011,0.000,23,9,3,0,0.273,0.155,0.181,0.067,0.025,0.014,13,6,5,3
0.131,0.740,0.382,1.69,0.290,0,0.4246,0.2889,0.124,-0.697,0.288,0.132,0.170,0.057,0.011,0.000,23,9,3,0,0.273,0.155,0.181,0.067,0.025,0.014,13,6,5,3
0.146,0.832,0.688,-0.08,0.108,0,0.4116,0.2896,0.253,0.059,0.288,0.132,0.170,0.057,0.011,0.000,23,9,3,0,0.273,0.155,0.181,0.067,0.025,0.014,13,6,5,3
0.159,0.866,0.590,-0.52,0.062,0,0.3854,0.2804,0.220,0.341,0.288,0.132,0.170,0.057,0.011,0.000,23,9,3,0,0.273,0.155,0.181,0.067,0.025,0.014,13,6,5,3
0.127,0.767,0.537,3.14,0.186,0,0.3503,0.2598,0.162,-0.486,0.288,0.132,0.170,0.057,0.011,0.000,23,9,3,0,0.273,0.155,0.181,0.067,0.025,0.014,13,6,5,3
0.149,0.833,0.647,-0.48,0.134,0,0.3193,0.2429,0.283,0.007,0.288,0.132,0.170,0.057,0.011,0.000,23,9,3,0,0.273,0.155,0.181,0.067,0.025,0.014,13,6,5,3
0.180,0.835,0.634,-1.19,0.219,1,0.2955,0.2319,0.458,0.586,0.288,0.132,0.170,0.057,0.011,0.000,23,9,3,0,0.273,0.155,0.181,0.067,0.025,0.014,13,6,5,3
0.187,0.831,0.674,-1.19,0.219,1,0.2751,0.2245,0.447,0.586,0.288,0.132,0.170,0.057,0.011,0.000,23,9,3,0,0.273,0.155,0.181,0.067,0.025,0.014,13,6,5,3
0.152,0.863,0.353,-0.52,0.062,0,0.2649,0.2259,0.278,0.341,0.288,0.132,0.170,0.057,0.011,0.000,23,9,3,0,0.273,0.155,0.181,0.067,0.025,0.014,13,6,5,3
0.145,0.854,0.322,-0.52,0.062,0,0.2564,0.2279,0.326,0.341,0.288,0.132,0.170,0.057,0.011,0.000,23,9,3,0,0.273,0.155,0.181,0.067,0.025,0.014,13,6,5,3
0.141,0.704,0.075,1.99,0.186,0,0.2549,0.2353,0.196,-0.326,0.288,0.132,0.170,0.057,0.011,0.000,23,9,3,0,0.273,0.155,0.181,0.067,0.025,0.014,13,6,5,3
0.137,0.704,0.018,-1.1,0.105,-1,0.2571,0.2469,0.291,0.192,0.288,0.132,0.170,0.057,0.011,0.000,23,9,3,0,0.273,0.155,0.181,0.067,0.025,0.014,13,6,5,3
0.173,0.753,0.051,1.99,0.186,0,0.2583,0.2571,0.194,-0.326,0.288,0.132,0.170,0.057,0.011,0.000,23,9,3,0,0.273,0.155,0.181,0.067,0.025,0.014,13,6,5,3
0.187,0.866,0.445,0.2,0.291,1,0.2460,0.2552,0.376,0.180,0.288,0.132,0.170,0.057,0.011,0.000,23,9,3,0,0.273,0.155,0.181,0.067,0.025,0.014,13,6,5,3
0.217,0.901,0.404,1.69,0.290,0,0.2436,0.2603,0.150,-0.697,0.288,0.132,0.170,0.057,0.011,0.000,23,9,3,0,0.273,0.155,0.181,0.067,0.025,0.014,13,6,5,3
0.186,0.515,0.404,-1.14,0.131,0,0.2356,0.2595,0.220,0.987,0.288,0.132,0.170,0.057,0.011,0.000,23,9,3,0,0.273,0.155,0.181,0.067,0.025,0.014,13,6,5,3
0.226,0.707,0.720,0.2,0.291,1,0.2303,0.2580,0.408,0.180,0.288,0.132,0.170,0.057,0.011,0.000,23,9,3,0,0.273,0.155,0.181,0.067,0.025,0.014,13,6,5,3
0.190,0.728,0.568,-0.48,0.134,0,0.2201,0.2528,0.307,0.007,0.288,0.132,0.170,0.057,0.011,0.000,23,9,3,0,0.273,0.155,0.181,0.067,0.025,0.014,13,6,5,3
0.127,0.469,0.450,1.99,0.186,0,0.2186,0.2541,0.148,-0.326,0.288,0.132,0.170,0.057,0.011,0.000,23,9,3,0,0.273,0.155,0.181,0.067,0.025,0.014,13,6,5,3
0.102,0.470,0.319,0.85,0.046,0,0.2375,0.2711,0.231,0.06,0.288,0.132,0.170,0.057,0.011,0.000,23,9,3,0,0.273,0.155,0.181,0.067,0.025,0.014,13,6,5,3
0.093,0.451,0.347,0,0.000,0,0.2773,0.3041,0.263,0.166,0.288,0.132,0.170,0.057,0.011,0.000,23,9,3,0,0.273,0.155,0.181,0.067,0.025,0.014,13,6,5,3
0.095,0.506,0.362,2.53,0.140,0,0.3209,0.3394,0.112,-0.121,0.288,0.132,0.170,0.057,0.011,0.000,23,9,3,0,0.273,0.155,0.181,0.067,0.025,0.014,13,6,5,3
0.094,0.550,0.438,-0.52,0.062,0,0.3476,0.3591,0.163,0.341,0.288,0.132,0.170,0.057,0.011,0.000,23,9,3,0,0.273,0.155,0.181,0.067,0.025,0.014,13,6,5,3
0.080,0.456,0.537,2.1,0.128,0,0.3732,0.3779,0.060,0.02,0.288,0.132,0.170,0.057,0.011,0.000,23,9,3,0,0.273,0.155,0.181,0.067,0.025,0.014,13,6,5,3
0.078,0.731,0.591,-1.19,0.219,1,0.3833,0.3834,0.328,0.586,0.288,0.132,0.170,0.057,0.011,0.000,23,9,3,0,0.273,0.155,0.181,0.067,0.025,0.014,13,6,5,3
0.096,0.565,0.578,1.69,0.290,0,0.3925,0.3891,0.102,-0.697,0.288,0.132,0.170,0.057,0.011,0.000,23,9,3,0,0.273,0.155,0.181,0.067,0.025,0.014,13,6,5,3
0.105,0.890,0.481,-0.52,0.062,0,0.3904,0.3853,0.203,0.341,0.288,0.132,0.170,0.057,0.011,0.000,23,9,3,0,0.273,0.155,0.181,0.067,0.025,0.014,13,6,5,3
0.101,0.863,0.419,0,0.000,0,0.3853,0.3784,0.262,0.166,0.288,0.132,0.170,0.057,0.011,0.000,23,9,3,0,0.273,0.155,0.181,0.067,0.025,0.014,13,6,5,3
0.125,0.517,0.191,-0.79,0.151,-1,0.3816,0.3745,0.469,0.736,0.288,0.132,0.170,0.057,0.011,0.000,23,9,3,0,0.273,0.155,0.181,0.067,0.025,0.014,13,6,5,3
0.132,0.691,0.360,-0.48,0.134,0,0.3858,0.3791,0.278,0.007,0.288,0.132,0.170,0.057,0.011,0.000,23,9,3,0,0.273,0.155,0.181,0.067,0.025,0.014,13,6,5,3
0.162,0.495,0.204,-1.14,0.131,0,0.4002,0.3933,0.384,0.987,0.288,0.132,0.170,0.057,0.011,0.000,23,9,3,0,0.273,0.155,0.181,0.067,0.025,0.014,13,6,5,3
0.135,0.842,0.250,0,0.000,0,0.4244,0.4126,0.292,0.166,0.288,0.132,0.170,0.057,0.011,0.000,23,9,3,0,0.273,0.155,0.181,0.067,0.025,0.014,13,6,5,3
0.167,0.529,0.229,-0.08,0.108,0,0.4671,0.4428,0.296,0.059,0.288,0.132,0.170,0.057,0.011,0.000,23,9,3,0,0.273,0.155,0.181,0.067,0.025,0.014,13,6,5,3
0.165,0.519,0.327,-0.48,0.134,0,0.5148,0.4744,0.377,0.007,0.288,0.132,0.170,0.057,0.011,0.000,23,9,3,0,0.273,0.155,0.181,0.067,0.025,0.014,13,6,5,3
0.132,0.470,0.375,0,0.000,0,0.5584,0.5005,0.222,0.166,0.288,0.132,0.170,0.057,0.011,0.000,23,9,3,0,0.273,0.155,0.181,0.067,0.025,0.014,13,6,5,3
0.102,0.408,0.374,2.53,0.140,0,0.5895,0.5165,0.156,-0.121,0.288,0.132,0.170,0.057,0.011,0.000,23,9,3,0,0.273,0.155,0.181,0.067,0.025,0.014,13,6,5,3
0.111,0.517,0.353,-0.52,0.062,0,0.6077,0.5240,0.217,0.341,0.288,0.132,0.170,0.057,0.011,0.000,23,9,3,0,0.273,0.155,0.181,0.067,0.025,0.014,13,6,5,3
0.089,0.430,0.251,1.99,0.186,0,0.6181,0.5272,0.166,-0.326,0.288,0.132,0.170,0.057,0.011,0.000,23,9,3,0,0.273,0.155,0.181,0.067,0.025,0.014,13,6,5,3
0.082,0.456,0.427,-0.52,0.062,0,0.6153,0.5205,0.228,0.341,0.288,0.132,0.170,0.057,0.011,0.000,23,9,3,0,0.273,0.155,0.181,0.067,0.025,0.014,13,6,5,3
0.102,0.436,0.419,-0.52,0.062,0,0.5909,0.4986,0.247,0.341,0.288,0.132,0.170,0.057,0.011,0.000,23,9,3,0,0.273,0.155,0.181,0.067,0.025,0.014,13,6,5,3
0.126,0.472,0.204,-1.19,0.219,1,0.5551,0.4707,0.451,0.586,0.288,0.132,0.170,0.057,0.011,0.000,23,9,3,0,0.273,0.155,0.181,0.067,0.025,0.014,13,6,5,3
0.162,0.532,0.169,-0.48,0.134,0,0.5121,0.4407,0.350,0.007,0.288,0.132,0.170,0.057,0.011,0.000,23,9,3,0,0.273,0.155,0.181,0.067,0.025,0.014,13,6,5,3
0.165,0.490,0.265,-1.19,0.219,1,0.4742,0.4157,0.358,0.586,0.288,0.132,0.170,0.057,0.011,0.000,23,9,3,0,0.273,0.155,0.181,0.067,0.025,0.014,13,6,5,3
0.172,0.260,0.138,1.42,0.221,0,0.4543,0.4061,0.191,-0.397,0.288,0.132,0.170,0.057,0.011,0.000,23,9,3,0,0.273,0.155,0.181,0.067,0.025,0.014,13,6,5,3
0.208,0.295,0.068,-0.79,0.151,-1,0.4408,0.3995,0.472,0.736,0.288,0.132,0.170,0.057,0.011,0.000,23,9,3,0,0.273,0.155,0.181,0.067,0.025,0.014,13,6,5,3
0.212,0.241,0.025,-1.1,0.105,-1,0.4351,0.3957,0.381,0.192,0.288,0.132,0.170,0.057,0.011,0.000,23,9,3,0,0.273,0.155,0.181,0.067,0.025,0.014,13,6,5,3
0.221,0.331,0.157,1.37,0.298,0,0.4385,0.3973,0.097,-0.510,0.288,0.132,0.170,0.057,0.011,0.000,23,9,3,0,0.273,0.155,0.181,0.067,0.025,0.014,13,6,5,3
0.203,0.365,0.045,-0.48,0.134,0,0.4442,0.3989,0.252,0.007,0.288,0.132,0.170,0.057,0.011,0.000,23,9,3,0,0.273,0.155,0.181,0.067,0.025,0.014,13,6,5,3
0.184,0.353,0.194,-0.08,0.108,0,0.4528,0.4043,0.374,0.059,0.288,0.132,0.170,0.057,0.011,0.000,23,9,3,0,0.273,0.155,0.181,0.067,0.025,0.014,13,6,5,3
0.145,0.282,0.007,0.85,0.046,0,0.4464,0.3967,0.078,0.06,0.288,0.132,0.170,0.057,0.011,0.000,23,9,3,0,0.273,0.155,0.181,0.067,0.025,0.014,13,6,5,3
0.123,0.350,0.011,1.42,0.221,0,0.4403,0.3886,0.073,-0.397,0.288,0.132,0.170,0.057,0.011,0.000,23,9,3,0,0.273,0.155,0.181,0.067,0.025,0.014,13,6,5,3
0.106,0.534,0.130,-1.19,0.219,1,0.4297,0.3776,0.370,0.586,0.288,0.132,0.170,0.057,0.011,0.000,23,9,3,0,0.273,0.155,0.181,0.067,0.025,0.014,13,6,5,3
0.135,0.562,0.315,0.2,0.291,1,0.4094,0.3603,0.403,0.180,0.288,0.132,0.170,0.057,0.011,0.000,23,9,3,0,0.273,0.155,0.181,0.067,0.025,0.014,13,6,5,3
0.104,0.321,0.003,1.99,0.186,0,0.3926,0.3474,0.086,-0.326,0.288,0.132,0.170,0.057,0.011,0.000,23,9,3,0,0.273,0.155,0.181,0.067,0.025,0.014,13,6,5,3
0.100,0.349,0.032,1.42,0.221,0,0.3801,0.3406,0.181,-0.397,0.288,0.132,0.170,0.057,0.011,0.000,23,9,3,0,0.273,0.155,0.181,0.067,0.025,0.014,13,6,5,3
0.125,0.905,0.169,0.2,0.291,1,0.3753,0.3413,0.450,0.180,0.288,0.132,0.170,0.057,0.011,0.000,23,9,3,0,0.273,0.155,0.181,0.067,0.025,0.014,13,6,5,3
0.135,0.921,0.113,-0.52,0.062,0,0.3601,0.3330,0.203,0.341,0.288,0.132,0.170,0.057,0.011,0.000,23,9,3,0,0.273,0.155,0.181,0.067,0.025,0.014,13,6,5,3
0.128,0.411,0.141,-1.14,0.131,0,0.3385,0.3183,0.292,0.987,0.288,0.132,0.170,0.057,0.011,0.000,23,9,3,0,0.273,0.155,0.181,0.067,0.025,0.014,13,6,5,3
0.135,0.852,0.066,1.37,0.298,0,0.3205,0.3070,0.267,-0.510,0.288,0.132,0.170,0.057,0.011,0.000,23,9,3,0,0.273,0.155,0.181,0.067,0.025,0.014,13,6,5,3
0.135,0.365,0.079,-0.79,0.151,-1,0.3016,0.2961,0.343,0.736,0.288,0.132,0.170,0.057,0.011,0.000,23,9,3,0,0.273,0.155,0.181,0.067,0.025,0.014,13,6,5,3
0.134,0.846,0.250,1.37,0.298,0,0.2950,0.2949,0.211,-0.510,0.288,0.132,0.170,0.057,0.011,0.000,23,9,3,0,0.273,0.155,0.181,0.067,0.025,0.014,13,6,5,3
0.125,0.428,0.342,0.22,0.230,0,0.2840,0.2886,0.218,0.303,0.288,0.132,0.170,0.057,0.011,0.000,23,9,3,0,0.273,0.155,0.181,0.067,0.025,0.014,13,6,5,3
0.105,0.449,0.352,0.22,0.230,0,0.2753,0.2824,0.313,0.303,0.288,0.132,0.170,0.057,0.011,0.000,23,9,3,0,0.273,0.155,0.181,0.067,0.025,0.014,13,6,5,3
0.097,0.361,0.191,-1.1,0.105,-1,0.2539,0.2627,0.359,0.192,0.288,0.132,0.170,0.057,0.011,0.000,23,9,3,0,0.273,0.155,0.181,0.067,0.025,0.014,13,6,5,3
0.079,0.355,0.088,1.99,0.186,0,0.2317,0.2397,0.201,-0.326,0.288,0.132,0.170,0.057,0.011,0.000,23,9,3,0,0.273,0.155,0.181,0.067,0.025,0.014,13,6,5,3
0.075,0.417,0.360,0,0.000,0,0.2150,0.2210,0.264,0.166,0.288,0.132,0.170,0.057,0.011,0.000,23,9,3,0,0.273,0.155,0.181,0.067,0.025,0.014,13,6,5,3
0.070,0.407,0.338,1.42,0.221,0,0.2143,0.2152,0.218,-0.397,0.288,0.132,0.170,0.057,0.011,0.000,23,9,3,0,0.273,0.155,0.181,0.067,0.025,0.014,13,6,5,3
0.067,0.533,0.448,-0.48,0.134,0,0.2034,0.2024,0.275,0.007,0.288,0.132,0.170,0.057,0.011,0.000,23,9,3,0,0.273,0.155,0.181,0.067,0.025,0.014,13,6,5,3
0.071,0.544,0.404,1.37,0.298,0,0.1996,0.1963,0.128,-0.510,0.288,0.132,0.170,0.057,0.011,0.000,23,9,3,0,0.273,0.155,0.181,0.067,0.025,0.014,13,6,5,3
0.085,0.521,0.627,-0.08,0.108,0,0.2044,0.2024,0.204,0.059,0.288,0.132,0.170,0.057,0.011,0.000,23,9,3,0,0.273,0.155,0.181,0.067,0.025,0.014,13,6,5,3
0.101,0.478,0.359,1.99,0.186,0,0.2246,0.2236,0.142,-0.326,0.288,0.132,0.170,0.057,0.011,0.000,23,9,3,0,0.273,0.155,0.181,0.067,0.025,0.014,13,6,5,3
0.109,0.499,0.128,3.14,0.186,0,0.2489,0.2491,0.081,-0.486,0.288,0.132,0.170,0.057,0.011,0.000,23,9,3,0,0.273,0.155,0.181,0.067,0.025,0.014,13,6,5,3
0.098,0.509,0.255,0.2,0.291,1,0.2897,0.2907,0.268,0.180,0.288,0.132,0.170,0.057,0.011,0.000,23,9,3,0,0.273,0.155,0.181,0.067,0.025,0.014,13,6,5,3
0.113,0.381,0.105,-1.1,0.105,-1,0.3372,0.3397,0.304,0.192,0.288,0.132,0.170,0.057,0.011,0.000,23,9,3,0,0.273,0.155,0.181,0.067,0.025,0.014,13,6,5,3
0.113,0.309,0.166,-0.79,0.151,-1,0.3631,0.3698,0.215,0.736,0.288,0.132,0.170,0.057,0.011,0.000,23,9,3,0,0.273,0.155,0.181,0.067,0.025,0.014,13,6,5,3
0.092,0.331,0.007,1.99,0.186,0,0.3749,0.3839,0.115,-0.326,0.288,0.132,0.170,0.057,0.011,0.000,23,9,3,0,0.273,0.155,0.181,0.067,0.025,0.014,13,6,5,3
0.086,0.311,0.358,3.14,0.186,0,0.3805,0.3897,0.154,-0.486,0.288,0.132,0.170,0.057,0.011,0.000,23,9,3,0,0.273,0.155,0.181,0.067,0.025,0.014,13,6,5,3
0.081,0.385,0.054,2.53,0.140,0,0.3874,0.3948,0.211,-0.121,0.288,0.132,0.170,0.057,0.011,0.000,23,9,3,0,0.273,0.155,0.181,0.067,0.025,0.014,13,6,5,3
0.092,0.427,0.364,0,0.000,0,0.4043,0.4066,0.173,0.166,0.288,0.132,0.170,0.057,0.011,0.000,23,9,3,0,0.273,0.155,0.181,0.067,0.025,0.014,13,6,5,3
0.111,0.441,0.554,-0.52,0.062,0,0.4160,0.4143,0.279,0.341,0.288,0.132,0.170,0.057,0.011,0.000,23,9,3,0,0.273,0.155,0.181,0.067,0.025,0.014,13,6,5,3
0.116,0.447,0.514,-0.42,0.180,0,0.4363,0.4257,0.358,0.318,0.288,0.132,0.170,0.057,0.011,0.000,23,9,3,0,0.273,0.155,0.181,0.067,0.025,0.014,13,6,5,3
0.144,0.331,0.502,-1.14,0.131,0,0.4603,0.4348,0.400,0.987,0.288,0.132,0.170,0.057,0.011,0.000,23,9,3,0,0.273,0.155,0.181,0.067,0.025,0.014,13,6,5,3
0.143,0.414,0.394,-0.42,0.180,0,0.4957,0.4540,0.436,0.318,0.288,0.132,0.170,0.057,0.011,0.000,23,9,3,0,0.273,0.155,0.181,0.067,0.025,0.014,13,6,5,3
0.113,0.395,0.241,-1.19,0.219,1,0.5308,0.4755,0.412,0.586,0.288,0.132,0.170,0.057,0.011,0.000,23,9,3,0,0.273,0.155,0.181,0.067,0.025,0.014,13,6,5,3
0.113,0.244,0.023,-1.14,0.131,0,0.5715,0.5054,0.389,0.987,0.288,0.132,0.170,0.057,0.011,0.000,23,9,3,0,0.273,0.155,0.181,0.067,0.025,0.014,13,6,5,3
0.118,0.226,0.165,-0.79,0.151,-1,0.5963,0.5254,0.562,0.736,0.288,0.132,0.170,0.057,0.011,0.000,23,9,3,0,0.273,0.155,0.181,0.067,0.025,0.014,13,6,5,3
0.119,0.200,0.141,-1.1,0.105,-1,0.5971,0.5247,0.311,0.192,0.288,0.132,0.170,0.057,0.011,0.000,23,9,3,0,0.273,0.155,0.181,0.067,0.025,0.014,13,6,5,3
0.122,0.199,0.080,3.14,0.186,0,0.5816,0.5137,0.175,-0.486,0.288,0.132,0.170,0.057,0.011,0.000,23,9,3,0,0.273,0.155,0.181,0.067,0.025,0.014,13,6,5,3
0.109,0.209,0.063,-1.1,0.105,-1,0.5537,0.4906,0.464,0.192,0.288,0.132,0.170,0.057,0.011,0.000,23,9,3,0,0.273,0.155,0.181,0.067,0.025,0.014,13,6,5,3
0.104,0.259,0.066,0.22,0.230,0,0.5048,0.4468,0.360,0.303,0.288,0.132,0.170,0.057,0.011,0.000,23,9,3,0,0.273,0.155,0.181,0.067,0.025,0.014,13,6,5,3
0.098,0.215,0.018,1.99,0.186,0,0.4603,0.4029,0.136,-0.326,0.288,0.132,0.170,0.057,0.011,0.000,23,9,3,0,0.273,0.155,0.181,0.067,0.025,0.014,13,6,5,3
0.086,0.326,0.296,-1.19,0.219,1,0.4137,0.3573,0.377,0.586,0.288,0.132,0.170,0.057,0.011,0.000,23,9,3,0,0.273,0.155,0.181,0.067,0.025,0.014,13,6,5,3
0.089,0.305,0.252,-0.42,0.180,0,0.3714,0.3130,0.439,0.318,0.288,0.132,0.170,0.057,0.011,0.000,23,9,3,0,0.273,0.155,0.181,0.067,0.025,0.014,13,6,5,3
0.089,0.291,0.110,-0.79,0.151,-1,0.3413,0.2756,0.360,0.736,0.288,0.132,0.170,0.057,0.011,0.000,23,9,3,0,0.273,0.155,0.181,0.067,0.025,0.014,13,6,5,3
0.069,0.429,0.047,-0.42,0.180,0,0.3188,0.2427,0.301,0.318,0.288,0.132,0.170,0.057,0.011,0.000,23,9,3,0,0.273,0.155,0.181,0.067,0.025,0.014,13,6,5,3
0.069,0.461,0.495,-0.48,0.134,0,0.3140,0.2253,0.232,0.007,0.288,0.132,0.170,0.057,0.011,0.000,23,9,3,0,0.273,0.155,0.181,0.067,0.025,0.014,13,6,5,3
0.107,0.324,0.126,2.53,0.140,0,0.3166,0.2190,0.078,-0.121,0.288,0.132,0.170,0.057,0.011,0.000,23,9,3,0,0.273,0.155,0.181,0.067,0.025,0.014,13,6,5,3
0.107,0.317,0.377,0.85,0.046,0,0.3140,0.2166,0.152,0.06,0.288,0.132,0.170,0.057,0.011,0.000,23,9,3,0,0.273,0.155,0.181,0.067,0.025,0.014,13,6,5,3
0.107,0.352,0.210,1.37,0.298,0,0.3028,0.2097,0.158,-0.510,0.288,0.132,0.170,0.057,0.011,0.000,23,9,3,0,0.273,0.155,0.181,0.067,0.025,0.014,13,6,5,3
0.091,0.323,0.192,3.14,0.186,0,0.2800,0.1933,0.079,-0.486,0.288,0.132,0.170,0.057,0.011,0.000,23,9,3,0,0.273,0.155,0.181,0.067,0.025,0.014,13,6,5,3
0.075,0.363,0.008,1.99,0.186,0,0.2539,0.1757,0.092,-0.326,0.288,0.132,0.170,0.057,0.011,0.000,23,9,3,0,0.273,0.155,0.181,0.067,0.025,0.014,13,6,5,3
0.051,0.447,0.161,-0.48,0.134,0,0.2177,0.1495,0.255,0.007,0.288,0.132,0.170,0.057,0.011,0.000,23,9,3,0,0.273,0.155,0.181,0.067,0.025,0.014,13,6,5,3
0.041,0.380,0.050,1.99,0.186,0,0.1840,0.1291,0.108,-0.326,0.288,0.132,0.170,0.057,0.011,0.000,23,9,3,0,0.273,0.155,0.181,0.067,0.025,0.014,13,6,5,3
0.042,0.399,0.346,-0.42,0.180,0,0.1425,0.1049,0.278,0.318,0.288,0.132,0.170,0.057,0.011,0.000,23,9,3,0,0.273,0.155,0.181,0.067,0.025,0.014,13,6,5,3
0.050,0.402,0.565,-0.42,0.180,0,0.1133,0.0850,0.423,0.318,0.288,0.132,0.170,0.057,0.011,0.000,23,9,3,0,0.273,0.155,0.181,0.067,0.025,0.014,13,6,5,3
0.051,0.369,0.066,-1.1,0.105,-1,0.0924,0.0682,0.437,0.192,0.288,0.132,0.170,0.057,0.011,0.000,23,9,3,0,0.273,0.155,0.181,0.067,0.025,0.014,13,6,5,3
0.059,0.358,0.181,-1.19,0.219,1,0.0814,0.0559,0.479,0.586,0.288,0.132,0.170,0.057,0.011,0.000,23,9,3,0,0.273,0.155,0.181,0.067,0.025,0.014,13,6,5,3
0.062,0.341,0.008,-1.1,0.105,-1,0.0870,0.0564,0.423,0.192,0.288,0.132,0.170,0.057,0.011,0.000,23,9,3,0,0.273,0.155,0.181,0.067,0.025,0.014,13,6,5,3
0.060,0.257,0.193,3.14,0.186,0,0.1016,0.0626,0.105,-0.486,0.288,0.132,0.170,0.057,0.011,0.000,23,9,3,0,0.273,0.155,0.181,0.067,0.025,0.014,13,6,5,3
0.068,0.306,0.413,-0.79,0.151,-1,0.1196,0.0736,0.411,0.736,0.288,0.132,0.170,0.057,0.011,0.000,23,9,3,0,0.273,0.155,0.181,0.067,0.025,0.014,13,6,5,3
0.072,0.498,0.535,1.37,0.298,0,0.1445,0.0916,0.215,-0.510,0.288,0.132,0.170,0.057,0.011,0.000,23,9,3,0,0.273,0.155,0.181,0.067,0.025,0.014,13,6,5,3
0.075,0.855,0.377,1.76,0.409,0,0.1615,0.1064,0.147,-0.884,0.288,0.132,0.170,0.057,0.011,0.000,23,9,3,0,0.273,0.155,0.181,0.067,0.025,0.014,13,6,5,3
0.092,0.876,0.120,0,0.000,0,0.1693,0.1130,0.217,0.166,0.288,0.132,0.170,0.057,0.011,0.000,23,9,3,0,0.273,0.155,0.181,0.067,0.025,0.014,13,6,5,3
0.115,0.899,0.425,3.14,0.186,0,0.1719,0.1160,0.139,-0.486,0.288,0.132,0.170,0.057,0.011,0.000,23,9,3,0,0.273,0.155,0.181,0.067,0.025,0.014,13,6,5,3
0.097,0.503,0.442,-1.1,0.105,-1,0.1559,0.1079,0.220,0.192,0.288,0.132,0.170,0.057,0.011,0.000,23,9,3,0,0.273,0.155,0.181,0.067,0.025,0.014,13,6,5,3
0.100,0.429,0.047,1.99,0.186,0,0.1355,0.0975,0.074,-0.326,0.288,0.132,0.170,0.057,0.011,0.000,23,9,3,0,0.273,0.155,0.181,0.067,0.025,0.014,13,6,5,3
0.106,0.515,0.215,-1.1,0.105,-1,0.1110,0.0830,0.353,0.192,0.288,0.132,0.170,0.057,0.011,0.000,23,9,3,0,0.273,0.155,0.181,0.067,0.025,0.014,13,6,5,3
0.083,0.692,0.375,-0.52,0.062,0,0.0927,0.0708,0.202,0.341,0.288,0.132,0.170,0.057,0.011,0.000,23,9,3,0,0.273,0.155,0.181,0.067,0.025,0.014,13,6,5,3
0.090,0.394,0.056,3.14,0.186,0,0.0786,0.0562,0.043,-0.486,0.288,0.132,0.170,0.057,0.011,0.000,23,9,3,0,0.273,0.155,0.181,0.067,0.025,0.014,13,6,5,3
0.099,0.345,0.120,2.53,0.140,0,0.0916,0.0585,0.095,-0.121,0.288,0.132,0.170,0.057,0.011,0.000,23,9,3,0,0.273,0.155,0.181,0.067,0.025,0.014,13,6,5,3
0.127,0.769,0.305,0.2,0.291,1,0.1262,0.0804,0.391,0.180,0.288,0.132,0.170,0.057,0.011,0.000,23,9,3,0,0.273,0.155,0.181,0.067,0.025,0.014,13,6,5,3
0.148,0.828,0.344,0.2,0.291,1,0.1550,0.1004,0.269,0.180,0.288,0.132,0.170,0.057,0.011,0.000,23,9,3,0,0.273,0.155,0.181,0.067,0.025,0.014,13,6,5,3
0.215,0.420,0.043,2.1,0.128,0,0.1975,0.1310,0.028,0.02,0.288,0.132,0.170,0.057,0.011,0.000,23,9,3,0,0.273,0.155,0.181,0.067,0.025,0.014,13,6,5,3
0.203,0.753,0.205,-1.19,0.219,1,0.2337,0.1560,0.428,0.586,0.288,0.132,0.170,0.057,0.011,0.000,23,9,3,0,0.273,0.155,0.181,0.067,0.025,0.014,13,6,5,3
0.208,0.421,0.044,-0.79,0.151,-1,0.2725,0.1845,0.507,0.736,0.288,0.132,0.170,0.057,0.011,0.000,23,9,3,0,0.273,0.155,0.181,0.067,0.025,0.014,13,6,5,3
0.260,0.404,0.003,1.99,0.186,0,0.3020,0.2105,0.176,-0.326,0.288,0.132,0.170,0.057,0.011,0.000,23,9,3,0,0.273,0.155,0.181,0.067,0.025,0.014,13,6,5,3
0.252,0.440,0.037,0,0.000,0,0.3184,0.2300,0.197,0.166,0.288,0.132,0.170,0.057,0.011,0.000,23,9,3,0,0.273,0.155,0.181,0.067,0.025,0.014,13,6,5,3
0.221,0.466,0.067,3.14,0.186,0,0.3274,0.2458,0.152,-0.486,0.288,0.132,0.170,0.057,0.011,0.000,23,9,3,0,0.273,0.155,0.181,0.067,0.025,0.014,13,6,5,3
0.204,0.764,0.294,0.2,0.291,1,0.3328,0.2569,0.410,0.180,0.288,0.132,0.170,0.057,0.011,0.000,23,9,3,0,0.273,0.155,0.181,0.067,0.025,0.014,13,6,5,3
0.200,0.635,0.547,0.22,0.230,0,0.3316,0.2640,0.182,0.303,0.288,0.132,0.170,0.057,0.011,0.000,23,9,3,0,0.273,0.155,0.181,0.067,0.025,0.014,13,6,5,3
0.199,0.560,0.338,1.42,0.221,0,0.3278,0.2640,0.123,-0.397,0.288,0.132,0.170,0.057,0.011,0.000,23,9,3,0,0.273,0.155,0.181,0.067,0.025,0.014,13,6,5,3
0.202,0.872,0.552,0.2,0.291,1,0.3271,0.2636,0.387,0.180,0.288,0.132,0.170,0.057,0.011,0.000,23,9,3,0,0.273,0.155,0.181,0.067,0.025,0.014,13,6,5,3
0.194,0.840,0.097,0.2,0.291,1,0.3349,0.2703,0.333,0.180,0.288,0.132,0.170,0.057,0.011,0.000,23,9,3,0,0.273,0.155,0.181,0.067,0.025,0.014,13,6,5,3
0.195,0.528,0.253,-1.14,0.131,0,0.3473,0.2824,0.331,0.987,0.288,0.132,0.170,0.057,0.011,0.000,23,9,3,0,0.273,0.155,0.181,0.067,0.025,0.014,13,6,5,3
0.168,0.509,0.076,0.85,0.046,0,0.3554,0.2913,0.288,0.06,0.288,0.132,0.170,0.057,0.011,0.000,23,9,3,0,0.273,0.155,0.181,0.067,0.025,0.014,13,6,5,3
0.197,0.689,0.178,-1.19,0.219,1,0.3731,0.3080,0.514,0.586,0.288,0.132,0.170,0.057,0.011,0.000,23,9,3,0,0.273,0.155,0.181,0.067,0.025,0.014,13,6,5,3
0.197,0.572,0.166,-1.1,0.105,-1,0.3781,0.3148,0.444,0.192,0.288,0.132,0.170,0.057,0.011,0.000,23,9,3,0,0.273,0.155,0.181,0.067,0.025,0.014,13,6,5,3
0.185,0.528,0.031,1.69,0.290,0,0.3960,0.3319,0.186,-0.697,0.288,0.132,0.170,0.057,0.011,0.000,23,9,3,0,0.273,0.155,0.181,0.067,0.025,0.014,13,6,5,3
0.230,0.521,0.004,-1.1,0.105,-1,0.4161,0.3554,0.403,0.192,0.288,0.132,0.170,0.057,0.011,0.000,23,9,3,0,0.273,0.155,0.181,0.067,0.025,0.014,13,6,5,3
0.223,0.502,0.039,-1.14,0.131,0,0.4294,0.3738,0.341,0.987,0.288,0.132,0.170,0.057,0.011,0.000,23,9,3,0,0.273,0.155,0.181,0.067,0.025,0.014,13,6,5,3
0.210,0.540,0.103,1.99,0.186,0,0.4235,0.3776,0.312,-0.326,0.288,0.132,0.170,0.057,0.011,0.000,23,9,3,0,0.273,0.155,0.181,0.067,0.025,0.014,13,6,5,3
0.212,0.836,0.131,-0.52,0.062,0,0.3972,0.3603,0.295,0.341,0.288,0.132,0.170,0.057,0.011,0.000,23,9,3,0,0.273,0.155,0.181,0.067,0.025,0.014,13,6,5,3
0.214,0.508,0.029,1.99,0.186,0,0.3746,0.3442,0.180,-0.326,0.288,0.132,0.170,0.057,0.011,0.000,23,9,3,0,0.273,0.155,0.181,0.067,0.025,0.014,13,6,5,3
0.206,0.729,0.299,0.2,0.291,1,0.3354,0.3125,0.342,0.180,0.288,0.132,0.170,0.057,0.011,0.000,23,9,3,0,0.273,0.155,0.181,0.067,0.025,0.014,13,6,5,3
0.178,0.594,0.119,-0.52,0.062,0,0.2962,0.2810,0.377,0.341,0.288,0.132,0.170,0.057,0.011,0.000,23,9,3,0,0.273,0.155,0.181,0.067,0.025,0.014,13,6,5,3
0.124,0.771,0.264,-0.42,0.180,0,0.2537,0.2452,0.361,0.318,0.288,0.132,0.170,0.057,0.011,0.000,23,9,3,0,0.273,0.155,0.181,0.067,0.025,0.014,13,6,5,3
0.101,0.535,0.005,1.99,0.186,0,0.2239,0.2173,0.130,-0.326,0.288,0.132,0.170,0.057,0.011,0.000,23,9,3,0,0.273,0.155,0.181,0.067,0.025,0.014,13,6,5,3
0.105,0.525,0.103,-1.14,0.131,0,0.2153,0.2101,0.336,0.987,0.288,0.132,0.170,0.057,0.011,0.000,23,9,3,0,0.273,0.155,0.181,0.067,0.025,0.014,13,6,5,3
0.134,0.694,0.209,-1.19,0.219,1,0.2247,0.2164,0.535,0.586,0.288,0.132,0.170,0.057,0.011,0.000,23,9,3,0,0.273,0.155,0.181,0.067,0.025,0.014,13,6,5,3
0.114,0.492,0.003,0.85,0.046,0,0.2353,0.2243,0.149,0.06,0.288,0.132,0.170,0.057,0.011,0.000,23,9,3,0,0.273,0.155,0.181,0.067,0.025,0.014,13,6,5,3
0.121,0.481,0.001,2.53,0.140,0,0.2627,0.2453,0.143,-0.121,0.288,0.132,0.170,0.057,0.011,0.000,23,9,3,0,0.273,0.155,0.181,0.067,0.025,0.014,13,6,5,3
0.150,0.700,0.020,-0.52,0.062,0,0.2875,0.2646,0.313,0.341,0.288,0.132,0.170,0.057,0.011,0.000,23,9,3,0,0.273,0.155,0.181,0.067,0.025,0.014,13,6,5,3
0.146,0.705,0.102,-0.52,0.062,0,0.3015,0.2733,0.237,0.341,0.288,0.132,0.170,0.057,0.011,0.000,23,9,3,0,0.273,0.155,0.181,0.067,0.025,0.014,13,6,5,3
0.152,0.528,0.004,1.99,0.186,0,0.2983,0.2662,0.107,-0.326,0.288,0.132,0.170,0.057,0.011,0.000,23,9,3,0,0.273,0.155,0.181,0.067,0.025,0.014,13,6,5,3
0.147,0.523,0.061,-0.79,0.151,-1,0.2806,0.2448,0.307,0.736,0.288,0.132,0.170,0.057,0.011,0.000,23,9,3,0,0.273,0.155,0.181,0.067,0.025,0.014,13,6,5,3
0.125,0.784,0.032,1.76,0.409,0,0.2581,0.2159,0.186,-0.884,0.288,0.132,0.170,0.057,0.011,0.000,23,9,3,0,0.273,0.155,0.181,0.067,0.025,0.014,13,6,5,3
0.129,0.527,0.004,0.85,0.046,0,0.2229,0.1775,0.101,0.06,0.288,0.132,0.170,0.057,0.011,0.000,23,9,3,0,0.273,0.155,0.181,0.067,0.025,0.014,13,6,5,3
0.139,0.479,0.005,2.53,0.140,0,0.2025,0.1491,0.140,-0.121,0.288,0.132,0.170,0.057,0.011,0.000,23,9,3,0,0.273,0.155,0.181,0.067,0.025,0.014,13,6,5,3
0.149,0.720,0.104,-0.52,0.062,0,0.1718,0.1160,0.360,0.341,0.288,0.132,0.170,0.057,0.011,0.000,23,9,3,0,0.273,0.155,0.181,0.067,0.025,0.014,13,6,5,3
0.127,0.508,0.191,-0.79,0.151,-1,0.1431,0.0858,0.445,0.736,0.288,0.132,0.170,0.057,0.011,0.000,23,9,3,0,0.273,0.155,0.181,0.067,0.025,0.014,13,6,5,3
0.127,0.858,0.224,0,0.000,0,0.1317,0.0719,0.415,0.166,0.288,0.132,0.170,0.057,0.011,0.000,23,9,3,0,0.273,0.155,0.181,0.067,0.025,0.014,13,6,5,3
0.130,0.843,0.285,-1.19,0.219,1,0.1282,0.0643,0.545,0.586,0.288,0.132,0.170,0.057,0.011,0.000,23,9,3,0,0.273,0.155,0.181,0.067,0.025,0.014,13,6,5,3
0.123,0.840,0.311,0,0.000,0,0.1477,0.0729,0.238,0.166,0.288,0.132,0.170,0.057,0.011,0.000,23,9,3,0,0.273,0.155,0.181,0.067,0.025,0.014,13,6,5,3
0.119,0.919,0.320,0.2,0.291,1,0.1688,0.0795,0.248,0.180,0.288,0.132,0.170,0.057,0.011,0.000,23,9,3,0,0.273,0.155,0.181,0.067,0.025,0.014,13,6,5,3
0.124,0.839,0.018,2.53,0.140,0,0.1961,0.0870,0.050,-0.121,0.288,0.132,0.170,0.057,0.011,0.000,23,9,3,0,0.273,0.155,0.181,0.067,0.025,0.014,13,6,5,3
0.153,0.877,0.161,1.37,0.298,0,0.2259,0.0969,0.094,-0.510,0.288,0.132,0.170,0.057,0.011,0.000,23,9,3,0,0.273,0.155,0.181,0.067,0.025,0.014,13,6,5,3
0.206,0.782,0.021,2.53,0.140,0,0.2600,0.1104,0.033,-0.121,0.288,0.132,0.170,0.057,0.011,0.000,23,9,3,0,0.273,0.155,0.181,0.067,0.025,0.014,13,6,5,3
0.209,0.885,0.257,0.22,0.230,0,0.2748,0.1122,0.064,0.303,0.288,0.132,0.170,0.057,0.011,0.000,23,9,3,0,0.273,0.155,0.181,0.067,0.025,0.014,13,6,5,3
0.209,0.855,0.274,2.1,0.128,0,0.2806,0.1112,0.024,0.02,0.288,0.132,0.170,0.057,0.011,0.000,23,9,3,0,0.273,0.155,0.181,0.067,0.025,0.014,13,6,5,3
0.209,0.884,0.450,-0.52,0.062,0,0.2718,0.1046,0.082,0.341,0.288,0.132,0.170,0.057,0.011,0.000,23,9,3,0,0.273,0.155,0.181,0.067,0.025,0.014,13,6,5,3
0.244,0.875,0.653,0.85,0.046,0,0.2497,0.0936,0.178,0.06,0.288,0.132,0.170,0.057,0.011,0.000,23,9,3,0,0.273,0.155,0.181,0.067,0.025,0.014,13,6,5,3
0.241,0.890,0.410,0,0.000,0,0.2062,0.0731,0.148,0.166,0.288,0.132,0.170,0.057,0.011,0.000,23,9,3,0,0.273,0.155,0.181,0.067,0.025,0.014,13,6,5,3
0.180,0.853,0.512,1.99,0.186,0,0.1578,0.0524,0.219,-0.326,0.288,0.132,0.170,0.057,0.011,0.000,23,9,3,0,0.273,0.155,0.181,0.067,0.025,0.014,13,6,5,3
0.183,0.885,0.669,0,0.000,0,0.1143,0.0349,0.222,0.166,0.288,0.132,0.170,0.057,0.011,0.000,23,9,3,0,0.273,0.155,0.181,0.067,0.025,0.014,13,6,5,3
0.159,0.878,0.576,0.2,0.291,1,0.0767,0.0199,0.401,0.180,0.288,0.132,0.170,0.057,0.011,0.000,23,9,3,0,0.273,0.155,0.181,0.067,0.025,0.014,13,6,5,3
0.111,0.921,0.283,0.85,0.046,0,0.0577,0.0146,0.149,0.06,0.288,0.132,0.170,0.057,0.011,0.000,23,9,3,0,0.273,0.155,0.181,0.067,0.025,0.014,13,6,5,3
0.102,0.894,0.122,-1.14,0.131,0,0.0445,0.0119,0.318,0.987,0.288,0.132,0.170,0.057,0.011,0.000,23,9,3,0,0.273,0.155,0.181,0.067,0.025,0.014,13,6,5,3
0.105,0.883,0.071,0,0.000,0,0.0433,0.0133,0.247,0.166,0.288,0.132,0.170,0.057,0.011,0.000,23,9,3,0,0.273,0.155,0.181,0.067,0.025,0.014,13,6,5,3
0.094,0.893,0.007,2.53,0.140,0,0.0477,0.0161,0.092,-0.121,0.288,0.132,0.170,0.057,0.011,0.000,23,9,3,0,0.273,0.155,0.181,0.067,0.025,0.014,13,6,5,3
0.095,0.893,0.004,-0.52,0.062,0,0.0496,0.0163,0.096,0.341,0.288,0.132,0.170,0.057,0.011,0.000,23,9,3,0,0.273,0.155,0.181,0.067,0.025,0.014,13,6,5,3
0.076,0.489,0.005,3.14,0.186,0,0.0568,0.0180,0.064,-0.486,0.288,0.132,0.170,0.057,0.011,0.000,23,9,3,0,0.273,0.155,0.181,0.067,0.025,0.014,13,6,5,3
0.075,0.474,0.014,0.85,0.046,0,0.0602,0.0187,0.046,0.06,0.288,0.132,0.170,0.057,0.011,0.000,23,9,3,0,0.273,0.155,0.181,0.067,0.025,0.014,13,6,5,3
0.062,0.888,0.205,1.37,0.298,0,0.0640,0.0197,0.058,-0.510,0.288,0.132,0.170,0.057,0.011,0.000,23,9,3,0,0.273,0.155,0.181,0.067,0.025,0.014,13,6,5,3
0.059,0.886,0.019,1.42,0.221,0,0.0622,0.0192,0.033,-0.397,0.288,0.132,0.170,0.057,0.011,0.000,23,9,3,0,0.273,0.155,0.181,0.067,0.025,0.014,13,6,5,3
0.058,0.913,0.222,1.37,0.298,0,0.0601,0.0189,0.102,-0.510,0.288,0.132,0.170,0.057,0.011,0.000,23,9,3,0,0.273,0.155,0.181,0.067,0.025,0.014,13,6,5,3
0.049,0.885,0.326,1.76,0.409,0,0.0512,0.0157,0.126,-0.884,0.288,0.132,0.170,0.057,0.011,0.000,23,9,3,0,0.273,0.155,0.181,0.067,0.025,0.014,13,6,5,3
0.047,0.884,0.300,1.69,0.290,0,0.0446,0.0135,0.083,-0.697,0.288,0.132,0.170,0.057,0.011,0.000,23,9,3,0,0.273,0.155,0.181,0.067,0.025,0.014,13,6,5,3
0.047,0.885,0.219,2.1,0.128,0,0.0416,0.0133,0.054,0.02,0.288,0.132,0.170,0.057,0.011,0.000,23,9,3,0,0.273,0.155,0.181,0.067,0.025,0.014,13,6,5,3
0.045,0.867,0.226,-1.1,0.105,-1,0.0386,0.0140,0.192,0.192,0.288,0.132,0.170,0.057,0.011,0.000,23,9,3,0,0.273,0.155,0.181,0.067,0.025,0.014,13,6,5,3
0.045,0.846,0.328,1.42,0.221,0,0.0315,0.0146,0.200,-0.397,0.288,0.132,0.170,0.057,0.011,0.000,23,9,3,0,0.273,0.155,0.181,0.067,0.025,0.014,13,6,5,3
0.045,0.864,0.395,-0.48,0.134,0,0.0203,0.0084,0.256,0.007,0.288,0.132,0.170,0.057,0.011,0.000,23,9,3,0,0.273,0.155,0.181,0.067,0.025,0.014,13,6,5,3
0.059,0.464,0.206,1.99,0.186,0,0.0216,0.0074,0.156,-0.326,0.288,0.132,0.170,0.057,0.011,0.000,23,9,3,0,0.273,0.155,0.181,0.067,0.025,0.014,13,6,5,3
0.061,0.549,0.292,-0.48,0.134,0,0.0351,0.0103,0.284,0.007,0.288,0.132,0.170,0.057,0.011,0.000,23,9,3,0,0.273,0.155,0.181,0.067,0.025,0.014,13,6,5,3
0.065,0.592,0.333,-0.08,0.108,0,0.0717,0.0284,0.274,0.059,0.288,0.132,0.170,0.057,0.011,0.000,23,9,3,0,0.273,0.155,0.181,0.067,0.025,0.014,13,6,5,3
0.065,0.552,0.004,0.85,0.046,0,0.1164,0.0514,0.135,0.06,0.288,0.132,0.170,0.057,0.011,0.000,23,9,3,0,0.273,0.155,0.181,0.067,0.025,0.014,13,6,5,3
0.074,0.852,0.073,1.37,0.298,0,0.1693,0.0800,0.177,-0.510,0.288,0.132,0.170,0.057,0.011,0.000,23,9,3,0,0.273,0.155,0.181,0.067,0.025,0.014,13,6,5,3
0.104,0.547,0.028,-1.1,0.105,-1,0.2274,0.1158,0.277,0.192,0.288,0.132,0.170,0.057,0.011,0.000,23,9,3,0,0.273,0.155,0.181,0.067,0.025,0.014,13,6,5,3
0.107,0.865,0.219,-0.08,0.108,0,0.2795,0.1519,0.193,0.059,0.288,0.132,0.170,0.057,0.011,0.000,23,9,3,0,0.273,0.155,0.181,0.067,0.025,0.014,13,6,5,3
0.128,0.866,0.014,1.99,0.186,0,0.3239,0.1853,0.114,-0.326,0.288,0.132,0.170,0.057,0.011,0.000,23,9,3,0,0.273,0.155,0.181,0.067,0.025,0.014,13,6,5,3
0.136,0.484,0.369,2.53,0.140,0,0.3531,0.2125,0.166,-0.121,0.288,0.132,0.170,0.057,0.011,0.000,23,9,3,0,0.273,0.155,0.181,0.067,0.025,0.014,13,6,5,3
0.132,0.583,0.155,-0.52,0.062,0,0.3790,0.2413,0.290,0.341,0.288,0.132,0.170,0.057,0.011,0.000,23,9,3,0,0.273,0.155,0.181,0.067,0.025,0.014,13,6,5,3
0.151,0.692,0.410,-1.19,0.219,1,0.3914,0.2644,0.389,0.586,0.288,0.132,0.170,0.057,0.011,0.000,23,9,3,0,0.273,0.155,0.181,0.067,0.025,0.014,13,6,5,3
0.157,0.750,0.534,0.2,0.291,1,0.3871,0.2769,0.330,0.180,0.288,0.132,0.170,0.057,0.011,0.000,23,9,3,0,0.273,0.155,0.181,0.067,0.025,0.014,13,6,5,3
0.187,0.512,0.361,-1.14,0.131,0,0.3674,0.2807,0.361,0.987,0.288,0.132,0.170,0.057,0.011,0.000,23,9,3,0,0.273,0.155,0.181,0.067,0.025,0.014,13,6,5,3
0.197,0.495,0.451,2.1,0.128,0,0.3513,0.2842,0.207,0.02,0.288,0.132,0.170,0.057,0.011,0.000,23,9,3,0,0.273,0.155,0.181,0.067,0.025,0.014,13,6,5,3
0.187,0.468,0.411,0,0.000,0,0.3362,0.2849,0.247,0.166,0.288,0.132,0.170,0.057,0.011,0.000,23,9,3,0,0.273,0.155,0.181,0.067,0.025,0.014,13,6,5,3
0.187,0.494,0.408,-1.14,0.131,0,0.3445,0.3020,0.419,0.987,0.288,0.132,0.170,0.057,0.011,0.000,23,9,3,0,0.273,0.155,0.181,0.067,0.025,0.014,13,6,5,3
0.187,0.635,0.629,-0.48,0.134,0,0.3561,0.3203,0.430,0.007,0.288,0.132,0.170,0.057,0.011,0.000,23,9,3,0,0.273,0.155,0.181,0.067,0.025,0.014,13,6,5,3
0.195,0.622,0.540,-1.19,0.219,1,0.3637,0.3316,0.415,0.586,0.288,0.132,0.170,0.057,0.011,0.000,23,9,3,0,0.273,0.155,0.181,0.067,0.025,0.014,13,6,5,3
0.197,0.561,0.520,0,0.000,0,0.3665,0.3393,0.239,0.166,0.288,0.132,0.170,0.057,0.011,0.000,23,9,3,0,0.273,0.155,0.181,0.067,0.025,0.014,13,6,5,3
0.238,0.557,0.430,0.85,0.046,0,0.3744,0.3479,0.193,0.06,0.288,0.132,0.170,0.057,0.011,0.000,23,9,3,0,0.273,0.155,0.181,0.067,0.025,0.014,13,6,5,3
0.197,0.539,0.535,3.14,0.186,0,0.3942,0.3645,0.105,-0.486,0.288,0.132,0.170,0.057,0.011,0.000,23,9,3,0,0.273,0.155,0.181,0.067,0.025,0.014,13,6,5,3
0.155,0.884,0.764,0.2,0.291,1,0.4050,0.3738,0.333,0.180,0.288,0.132,0.170,0.057,0.011,0.000,23,9,3,0,0.273,0.155,0.181,0.067,0.025,0.014,13,6,5,3
0.143,0.887,0.471,0,0.000,0,0.4180,0.3878,0.217,0.166,0.288,0.132,0.170,0.057,0.011,0.000,23,9,3,0,0.273,0.155,0.181,0.067,0.025,0.014,13,6,5,3
0.104,0.903,0.143,0.85,0.046,0,0.4214,0.3970,0.113,0.06,0.288,0.132,0.170,0.057,0.011,0.000,23,9,3,0,0.273,0.155,0.181,0.067,0.025,0.014,13,6,5,3
0.125,0.936,0.181,-0.08,0.108,0,0.4100,0.3983,0.171,0.059,0.288,0.132,0.170,0.057,0.011,0.000,23,9,3,0,0.273,0.155,0.181,0.067,0.025,0.014,13,6,5,3
0.100,0.584,0.321,1.37,0.298,0,0.3885,0.3934,0.182,-0.510,0.288,0.132,0.170,0.057,0.011,0.000,23,9,3,0,0.273,0.155,0.181,0.067,0.025,0.014,13,6,5,3
0.100,0.456,0.035,-1.1,0.105,-1,0.3551,0.3812,0.291,0.192,0.288,0.132,0.170,0.057,0.011,0.000,23,9,3,0,0.273,0.155,0.181,0.067,0.025,0.014,13,6,5,3
0.097,0.355,0.003,1.99,0.186,0,0.3479,0.3856,0.141,-0.326,0.288,0.132,0.170,0.057,0.011,0.000,23,9,3,0,0.273,0.155,0.181,0.067,0.025,0.014,13,6,5,3
0.063,0.342,0.002,0.85,0.046,0,0.3434,0.3897,0.232,0.06,0.288,0.132,0.170,0.057,0.011,0.000,23,9,3,0,0.273,0.155,0.181,0.067,0.025,0.014,13,6,5,3
0.065,0.441,0.289,-1.19,0.219,1,0.3398,0.3916,0.502,0.586,0.288,0.132,0.170,0.057,0.011,0.000,23,9,3,0,0.273,0.155,0.181,0.067,0.025,0.014,13,6,5,3
0.064,0.424,0.100,-0.48,0.134,0,0.3409,0.3969,0.495,0.007,0.288,0.132,0.170,0.057,0.011,0.000,23,9,3,0,0.273,0.155,0.181,0.067,0.025,0.014,13,6,5,3
0.063,0.397,0.099,-1.1,0.105,-1,0.3469,0.4040,0.331,0.192,0.288,0.132,0.170,0.057,0.011,0.000,23,9,3,0,0.273,0.155,0.181,0.067,0.025,0.014,13,6,5,3
0.048,0.365,0.091,-1.14,0.131,0,0.3428,0.4018,0.419,0.987,0.288,0.132,0.170,0.057,0.011,0.000,23,9,3,0,0.273,0.155,0.181,0.067,0.025,0.014,13,6,5,3
0.040,0.471,0.429,1.76,0.409,0,0.3631,0.4170,0.222,-0.884,0.288,0.132,0.170,0.057,0.011,0.000,23,9,3,0,0.273,0.155,0.181,0.067,0.025,0.014,13,6,5,3
0.040,0.422,0.340,-1.19,0.219,1,0.3813,0.4280,0.452,0.586,0.288,0.132,0.170,0.057,0.011,0.000,23,9,3,0,0.273,0.155,0.181,0.067,0.025,0.014,13,6,5,3
0.034,0.351,0.085,-0.79,0.151,-1,0.3993,0.4416,0.445,0.736,0.288,0.132,0.170,0.057,0.011,0.000,23,9,3,0,0.273,0.155,0.181,0.067,0.025,0.014,13,6,5,3
0.031,0.299,0.129,-1.14,0.131,0,0.3926,0.4410,0.315,0.987,0.288,0.132,0.170,0.057,0.011,0.000,23,9,3,0,0.273,0.155,0.181,0.067,0.025,0.014,13,6,5,3
0.031,0.327,0.256,1.69,0.290,0,0.3838,0.4385,0.185,-0.697,0.288,0.132,0.170,0.057,0.011,0.000,23,9,3,0,0.273,0.155,0.181,0.067,0.025,0.014,13,6,5,3
0.030,0.299,0.012,-0.79,0.151,-1,0.3756,0.4348,0.480,0.736,0.288,0.132,0.170,0.057,0.011,0.000,23,9,3,0,0.273,0.155,0.181,0.067,0.025,0.014,13,6,5,3
0.030,0.387,0.059,-0.52,0.062,0,0.3720,0.4309,0.454,0.341,0.288,0.132,0.170,0.057,0.011,0.000,23,9,3,0,0.273,0.155,0.181,0.067,0.025,0.014,13,6,5,3
0.023,0.338,0.134,1.99,0.186,0,0.3659,0.4247,0.175,-0.326,0.288,0.132,0.170,0.057,0.011,0.000,23,9,3,0,0.273,0.155,0.181,0.067,0.025,0.014,13,6,5,3
0.018,0.342,0.122,-1.14,0.131,0,0.3473,0.4068,0.344,0.987,0.288,0.132,0.170,0.057,0.011,0.000,23,9,3,0,0.273,0.155,0.181,0.067,0.025,0.014,13,6,5,3
0.015,0.375,0.143,-0.79,0.151,-1,0.3311,0.3912,0.533,0.736,0.288,0.132,0.170,0.057,0.011,0.000,23,9,3,0,0.273,0.155,0.181,0.067,0.025,0.014,13,6,5,3
0.017,0.467,0.213,-0.48,0.134,0,0.3049,0.3688,0.418,0.007,0.288,0.132,0.170,0.057,0.011,0.000,23,9,3,0,0.273,0.155,0.181,0.067,0.025,0.014,13,6,5,3
0.032,0.371,0.041,0.85,0.046,0,0.2741,0.3429,0.120,0.06,0.288,0.132,0.170,0.057,0.011,0.000,23,9,3,0,0.273,0.155,0.181,0.067,0.025,0.014,13,6,5,3
0.025,0.331,0.352,1.69,0.290,0,0.2692,0.3325,0.169,-0.697,0.288,0.132,0.170,0.057,0.011,0.000,23,9,3,0,0.273,0.155,0.181,0.067,0.025,0.014,13,6,5,3
0.030,0.296,0.048,-0.79,0.151,-1,0.2697,0.3245,0.483,0.736,0.288,0.132,0.170,0.057,0.011,0.000,23,9,3,0,0.273,0.155,0.181,0.067,0.025,0.014,13,6,5,3
0.031,0.321,0.028,-1.1,0.105,-1,0.2771,0.3188,0.332,0.192,0.288,0.132,0.170,0.057,0.011,0.000,23,9,3,0,0.273,0.155,0.181,0.067,0.025,0.014,13,6,5,3
0.030,0.327,0.003,3.14,0.186,0,0.2734,0.3083,0.069,-0.486,0.288,0.132,0.170,0.057,0.011,0.000,23,9,3,0,0.273,0.155,0.181,0.067,0.025,0.014,13,6,5,3
0.039,0.368,0.004,0.85,0.046,0,0.2647,0.2922,0.247,0.06,0.288,0.132,0.170,0.057,0.011,0.000,23,9,3,0,0.273,0.155,0.181,0.067,0.025,0.014,13,6,5,3
0.037,0.390,0.002,-1.1,0.105,-1,0.2531,0.2697,0.439,0.192,0.288,0.132,0.170,0.057,0.011,0.000,23,9,3,0,0.273,0.155,0.181,0.067,0.025,0.014,13,6,5,3
0.039,0.885,0.171,1.76,0.409,0,0.2446,0.2456,0.155,-0.884,0.288,0.132,0.170,0.057,0.011,0.000,23,9,3,0,0.273,0.155,0.181,0.067,0.025,0.014,13,6,5,3
0.041,0.419,0.004,-0.79,0.151,-1,0.2336,0.2196,0.191,0.736,0.288,0.132,0.170,0.057,0.011,0.000,23,9,3,0,0.273,0.155,0.181,0.067,0.025,0.014,13,6,5,3
0.051,0.861,0.387,0.2,0.291,1,0.2380,0.2097,0.398,0.180,0.288,0.132,0.170,0.057,0.011,0.000,23,9,3,0,0.273,0.155,0.181,0.067,0.025,0.014,13,6,5,3
0.064,0.598,0.236,-1.19,0.219,1,0.2239,0.1992,0.489,0.586,0.288,0.132,0.170,0.057,0.011,0.000,23,9,3,0,0.273,0.155,0.181,0.067,0.025,0.014,13,6,5,3
0.065,0.864,0.190,1.99,0.186,0,0.2115,0.2033,0.102,-0.326,0.288,0.132,0.170,0.057,0.011,0.000,23,9,3,0,0.273,0.155,0.181,0.067,0.025,0.014,13,6,5,3
0.075,0.856,0.005,3.14,0.186,0,0.2136,0.2301,0.076,-0.486,0.288,0.132,0.170,0.057,0.011,0.000,23,9,3,0,0.273,0.155,0.181,0.067,0.025,0.014,13,6,5,3
0.090,0.848,0.365,-0.42,0.180,0,0.2395,0.2824,0.383,0.318,0.288,0.132,0.170,0.057,0.011,0.000,23,9,3,0,0.273,0.155,0.181,0.067,0.025,0.014,13,6,5,3
0.091,0.865,0.163,-0.79,0.151,-1,0.2606,0.3445,0.408,0.736,0.288,0.132,0.170,0.057,0.011,0.000,23,9,3,0,0.273,0.155,0.181,0.067,0.025,0.014,13,6,5,3
0.091,0.888,0.514,0.2,0.291,1,0.2788,0.4129,0.208,0.180,0.288,0.132,0.170,0.057,0.011,0.000,23,9,3,0,0.273,0.155,0.181,0.067,0.025,0.014,13,6,5,3
0.087,0.873,0.097,2.53,0.140,0,0.2905,0.4825,0.090,-0.121,0.288,0.132,0.170,0.057,0.011,0.000,23,9,3,0,0.273,0.155,0.181,0.067,0.025,0.014,13,6,5,3
0.088,0.817,0.639,0.2,0.291,1,0.2936,0.5492,0.449,0.180,0.288,0.132,0.170,0.057,0.011,0.000,23,9,3,0,0.273,0.155,0.181,0.067,0.025,0.014,13,6,5,3
0.141,0.567,0.268,0.85,0.046,0,0.2883,0.6105,0.389,0.06,0.288,0.132,0.170,0.057,0.011,0.000,23,9,3,0,0.273,0.155,0.181,0.067,0.025,0.014,13,6,5,3
0.186,0.872,0.287,1.99,0.186,0,0.2779,0.6661,0.196,-0.326,0.288,0.132,0.170,0.057,0.011,0.000,23,9,3,0,0.273,0.155,0.181,0.067,0.025,0.014,13,6,5,3
0.177,0.860,0.535,0.2,0.291,1,0.2693,0.7192,0.485,0.180,0.288,0.132,0.170,0.057,0.011,0.000,23,9,3,0,0.273,0.155,0.181,0.067,0.025,0.014,13,6,5,3
0.124,0.850,0.266,0,0.000,0,0.2741,0.7764,0.633,0.166,0.288,0.132,0.170,0.057,0.011,0.000,23,9,3,0,0.273,0.155,0.181,0.067,0.025,0.014,13,6,5,3
0.121,0.890,0.275,-0.08,0.108,0,0.3092,0.8491,0.831,0.059,0.288,0.132,0.170,0.057,0.011,0.000,23,9,3,0,0.273,0.155,0.181,0.067,0.025,0.014,13,6,5,3
