0.474,0.704,0.550,1.42,0.221,0,0.1878,0.6566,0.769,-0.397,0.217,0.148,0.169,0.013,0.000,0.000,21,3,0,0,0.247,0.198,0.186,0.093,0.038,0.025,23,11,8,6
0.431,0.718,0.617,1.42,0.221,0,0.1144,0.4651,0.420,-0.397,0.217,0.148,0.169,0.013,0.000,0.000,21,3,0,0,0.247,0.198,0.186,0.093,0.038,0.025,23,11,8,6
0.324,0.858,0.633,-1.19,0.219,1,0.0718,0.3137,0.497,0.586,0.217,0.148,0.169,0.013,0.000,0.000,21,3,0,0,0.247,0.198,0.186,0.093,0.038,0.025,23,11,8,6
0.311,0.859,0.515,-1.14,0.131,0,0.0493,0.1984,0.408,0.987,0.217,0.148,0.169,0.013,0.000,0.000,21,3,0,0,0.247,0.198,0.186,0.093,0.038,0.025,23,11,8,6
0.300,0.888,0.639,-0.42,0.180,0,0.0388,0.1144,0.421,0.318,0.217,0.148,0.169,0.013,0.000,0.000,21,3,0,0,0.247,0.198,0.186,0.093,0.038,0.025,23,11,8,6
0.280,0.883,0.674,-1.19,0.219,1,0.0344,0.0569,0.371,0.586,0.217,0.148,0.169,0.013,0.000,0.000,21,3,0,0,0.247,0.198,0.186,0.093,0.038,0.025,23,11,8,6
0.281,0.909,0.498,-0.52,0.062,0,0.0321,0.0210,0.265,0.341,0.217,0.148,0.169,0.013,0.000,0.000,21,3,0,0,0.247,0.198,0.186,0.093,0.038,0.025,23,11,8,6
0.272,0.926,0.177,1.99,0.186,0,0.0296,0.0016,0.136,-0.326,0.217,0.148,0.169,0.013,0.000,0.000,21,3,0,0,0.247,0.198,0.186,0.093,0.038,0.025,23,11,8,6
0.264,0.934,0.155,1.99,0.186,0,0.0259,-0.0057,0.124,-0.326,0.217,0.148,0.169,0.013,0.000,0.000,21,3,0,0,0.247,0.198,0.186,0.093,0.038,0.025,23,11,8,6
0.259,0.893,0.204,2.53,0.140,0,0.0209,-0.0055,0.059,-0.121,0.217,0.148,0.169,0.013,0.000,0.000,21,3,0,0,0.247,0.198,0.186,0.093,0.038,0.025,23,11,8,6
0.253,0.852,0.371,-1.19,0.219,1,0.0164,0.0001,0.167,0.586,0.217,0.148,0.169,0.013,0.000,0.000,21,3,0,0,0.247,0.198,0.186,0.093,0.038,0.025,23,11,8,6
0.250,0.872,0.036,3.14,0.186,0,0.0105,0.0019,0.040,-0.486,0.217,0.148,0.169,0.013,0.000,0.000,21,3,0,0,0.247,0.198,0.186,0.093,0.038,0.025,23,11,8,6
0.242,0.844,0.166,1.69,0.290,0,0.0083,0.0016,0.048,-0.697,0.217,0.148,0.169,0.013,0.000,0.000,21,3,0,0,0.247,0.198,0.186,0.093,0.038,0.025,23,11,8,6
0.201,0.453,0.048,2.53,0.140,0,0.0077,0.0006,0.034,-0.121,0.217,0.148,0.169,0.013,0.000,0.000,21,3,0,0,0.247,0.198,0.186,0.093,0.038,0.025,23,11,8,6
0.203,0.840,0.035,2.53,0.140,0,0.0092,0.0017,0.045,-0.121,0.217,0.148,0.169,0.013,0.000,0.000,21,3,0,0,0.247,0.198,0.186,0.093,0.038,0.025,23,11,8,6
0.202,0.435,0.002,-0.42,0.180,0,0.0075,0.0007,0.116,0.318,0.217,0.148,0.169,0.013,0.000,0.000,21,3,0,0,0.247,0.198,0.186,0.093,0.038,0.025,23,11,8,6
0.137,0.369,0.003,2.1,0.128,0,0.0067,0.0003,0.026,0.02,0.217,0.148,0.169,0.013,0.000,0.000,21,3,0,0,0.247,0.198,0.186,0.093,0.038,0.025,23,11,8,6
0.126,0.333,0.005,1.99,0.186,0,0.0060,0.0002,0.038,-0.326,0.217,0.148,0.169,0.013,0.000,0.000,21,3,0,0,0.247,0.198,0.186,0.093,0.038,0.025,23,11,8,6
0.104,0.870,0.004,1.99,0.186,0,0.0058,0.0001,0.045,-0.326,0.217,0.148,0.169,0.013,0.000,0.000,21,3,0,0,0.247,0.198,0.186,0.093,0.038,0.025,23,11,8,6
0.086,0.901,0.015,2.53,0.140,0,0.0053,0.0001,0.042,-0.121,0.217,0.148,0.169,0.013,0.000,0.000,21,3,0,0,0.247,0.198,0.186,0.093,0.038,0.025,23,11,8,6
0.076,0.899,0.034,1.99,0.186,0,0.0046,0.0001,0.035,-0.326,0.217,0.148,0.169,0.013,0.000,0.000,21,3,0,0,0.247,0.198,0.186,0.093,0.038,0.025,23,11,8,6
0.049,0.886,0.144,2.1,0.128,0,0.0042,0.0001,0.034,0.02,0.217,0.148,0.169,0.013,0.000,0.000,21,3,0,0,0.247,0.198,0.186,0.093,0.038,0.025,23,11,8,6
0.051,0.914,0.256,2.53,0.140,0,0.0045,0.0001,0.069,-0.121,0.217,0.148,0.169,0.013,0.000,0.000,21,3,0,0,0.247,0.198,0.186,0.093,0.038,0.025,23,11,8,6
0.060,0.894,0.398,0.85,0.046,0,0.0053,0.0003,0.102,0.06,0.217,0.148,0.169,0.013,0.000,0.000,21,3,0,0,0.247,0.198,0.186,0.093,0.038,0.025,23,11,8,6
0.058,0.898,0.342,-0.42,0.180,0,0.0059,0.0004,0.297,0.318,0.217,0.148,0.169,0.013,0.000,0.000,21,3,0,0,0.247,0.198,0.186,0.093,0.038,0.025,23,11,8,6
0.039,0.909,0.275,-1.1,0.105,-1,0.0059,0.0002,0.320,0.192,0.217,0.148,0.169,0.013,0.000,0.000,21,3,0,0,0.247,0.198,0.186,0.093,0.038,0.025,23,11,8,6
0.039,0.915,0.185,1.69,0.290,0,0.0060,-0.0000,0.154,-0.697,0.217,0.148,0.169,0.013,0.000,0.000,21,3,0,0,0.247,0.198,0.186,0.093,0.038,0.025,23,11,8,6
0.038,0.897,0.282,-1.1,0.105,-1,0.0060,-0.0003,0.285,0.192,0.217,0.148,0.169,0.013,0.000,0.000,21,3,0,0,0.247,0.198,0.186,0.093,0.038,0.025,23,11,8,6
0.040,0.935,0.402,1.69,0.290,0,0.0076,0.0001,0.072,-0.697,0.217,0.148,0.169,0.013,0.000,0.000,21,3,0,0,0.247,0.198,0.186,0.093,0.038,0.025,23,11,8,6
0.035,0.936,0.015,1.69,0.290,0,0.0098,0.0008,0.090,-0.697,0.217,0.148,0.169,0.013,0.000,0.000,21,3,0,0,0.247,0.198,0.186,0.093,0.038,0.025,23,11,8,6
0.037,0.930,0.187,1.37,0.298,0,0.0129,0.0021,0.140,-0.510,0.217,0.148,0.169,0.013,0.000,0.000,21,3,0,0,0.247,0.198,0.186,0.093,0.038,0.025,23,11,8,6
0.035,0.920,0.081,1.69,0.290,0,0.0161,0.0035,0.066,-0.697,0.217,0.148,0.169,0.013,0.000,0.000,21,3,0,0,0.247,0.198,0.186,0.093,0.038,0.025,23,11,8,6
0.032,0.945,0.147,2.53,0.140,0,0.0188,0.0047,0.054,-0.121,0.217,0.148,0.169,0.013,0.000,0.000,21,3,0,0,0.247,0.198,0.186,0.093,0.038,0.025,23,11,8,6
0.034,0.928,0.393,-0.42,0.180,0,0.0209,0.0059,0.214,0.318,0.217,0.148,0.169,0.013,0.000,0.000,21,3,0,0,0.247,0.198,0.186,0.093,0.038,0.025,23,11,8,6
0.035,0.914,0.534,-0.42,0.180,0,0.0195,0.0059,0.298,0.318,0.217,0.148,0.169,0.013,0.000,0.000,21,3,0,0,0.247,0.198,0.186,0.093,0.038,0.025,23,11,8,6
0.038,0.937,0.385,1.76,0.409,0,0.0150,0.0043,0.133,-0.884,0.217,0.148,0.169,0.013,0.000,0.000,21,3,0,0,0.247,0.198,0.186,0.093,0.038,0.025,23,11,8,6
0.041,0.932,0.291,-1.14,0.131,0,0.0108,0.0024,0.234,0.987,0.217,0.148,0.169,0.013,0.000,0.000,21,3,0,0,0.247,0.198,0.186,0.093,0.038,0.025,23,11,8,6
0.052,0.919,0.423,0.85,0.046,0,0.0139,0.0043,0.332,0.06,0.217,0.148,0.169,0.013,0.000,0.000,21,3,0,0,0.247,0.198,0.186,0.093,0.038,0.025,23,11,8,6
0.048,0.933,0.347,-0.52,0.062,0,0.0142,0.0043,0.285,0.341,0.217,0.148,0.169,0.013,0.000,0.000,21,3,0,0,0.247,0.198,0.186,0.093,0.038,0.025,23,11,8,6
0.057,0.932,0.510,1.37,0.298,0,0.0162,0.0074,0.205,-0.510,0.217,0.148,0.169,0.013,0.000,0.000,21,3,0,0,0.247,0.198,0.186,0.093,0.038,0.025,23,11,8,6
0.066,0.926,0.353,2.1,0.128,0,0.0314,0.0157,0.150,0.02,0.217,0.148,0.169,0.013,0.000,0.000,21,3,0,0,0.247,0.198,0.186,0.093,0.038,0.025,23,11,8,6
0.070,0.931,0.534,-1.1,0.105,-1,0.0569,0.0307,0.344,0.192,0.217,0.148,0.169,0.013,0.000,0.000,21,3,0,0,0.247,0.198,0.186,0.093,0.038,0.025,23,11,8,6
0.088,0.949,0.547,-0.08,0.108,0,0.0903,0.0513,0.278,0.059,0.217,0.148,0.169,0.013,0.000,0.000,21,3,0,0,0.247,0.198,0.186,0.093,0.038,0.025,23,11,8,6
0.109,0.942,0.694,0.2,0.291,1,0.1149,0.0622,0.349,0.180,0.217,0.148,0.169,0.013,0.000,0.000,21,3,0,0,0.247,0.198,0.186,0.093,0.038,0.025,23,11,8,6
0.108,0.941,0.713,0.2,0.291,1,0.1312,0.0706,0.321,0.180,0.217,0.148,0.169,0.013,0.000,0.000,21,3,0,0,0.247,0.198,0.186,0.093,0.038,0.025,23,11,8,6
0.107,0.956,0.692,-0.52,0.062,0,0.1462,0.0806,0.180,0.341,0.217,0.148,0.169,0.013,0.000,0.000,21,3,0,0,0.247,0.198,0.186,0.093,0.038,0.025,23,11,8,6
0.126,0.888,0.508,2.1,0.128,0,0.1670,0.1012,0.082,0.02,0.217,0.148,0.169,0.013,0.000,0.000,21,3,0,0,0.247,0.198,0.186,0.093,0.038,0.025,23,11,8,6
0.127,0.885,0.512,2.1,0.128,0,0.1843,0.1229,0.090,0.02,0.217,0.148,0.169,0.013,0.000,0.000,21,3,0,0,0.247,0.198,0.186,0.093,0.038,0.025,23,11,8,6
0.104,0.908,0.424,1.37,0.298,0,0.1956,0.1479,0.178,-0.510,0.217,0.148,0.169,0.013,0.000,0.000,21,3,0,0,0.247,0.198,0.186,0.093,0.038,0.025,23,11,8,6
0.104,0.888,0.071,-1.14,0.131,0,0.2048,0.1727,0.225,0.987,0.217,0.148,0.169,0.013,0.000,0.000,21,3,0,0,0.247,0.198,0.186,0.093,0.038,0.025,23,11,8,6
0.114,0.899,0.131,-0.08,0.108,0,0.2046,0.1910,0.292,0.059,0.217,0.148,0.169,0.013,0.000,0.000,21,3,0,0,0.247,0.198,0.186,0.093,0.038,0.025,23,11,8,6
0.119,0.931,0.196,-0.08,0.108,0,0.1900,0.1995,0.486,0.059,0.217,0.148,0.169,0.013,0.000,0.000,21,3,0,0,0.247,0.198,0.186,0.093,0.038,0.025,23,11,8,6
0.126,0.938,0.238,0,0.000,0,0.1736,0.2079,0.359,0.166,0.217,0.148,0.169,0.013,0.000,0.000,21,3,0,0,0.247,0.198,0.186,0.093,0.038,0.025,23,11,8,6
0.132,0.916,0.298,-1.19,0.219,1,0.1584,0.2176,0.458,0.586,0.217,0.148,0.169,0.013,0.000,0.000,21,3,0,0,0.247,0.198,0.186,0.093,0.038,0.025,23,11,8,6
0.087,0.881,0.340,-1.14,0.131,0,0.1634,0.2397,0.411,0.987,0.217,0.148,0.169,0.013,0.000,0.000,21,3,0,0,0.247,0.198,0.186,0.093,0.038,0.025,23,11,8,6
0.080,0.867,0.362,-1.1,0.105,-1,0.1857,0.2694,0.480,0.192,0.217,0.148,0.169,0.013,0.000,0.000,21,3,0,0,0.247,0.198,0.186,0.093,0.038,0.025,23,11,8,6
0.064,0.353,0.284,-0.79,0.151,-1,0.2062,0.2931,0.474,0.736,0.217,0.148,0.169,0.013,0.000,0.000,21,3,0,0,0.247,0.198,0.186,0.093,0.038,0.025,23,11,8,6
0.055,0.866,0.365,-1.1,0.105,-1,0.2222,0.3162,0.371,0.192,0.217,0.148,0.169,0.013,0.000,0.000,21,3,0,0,0.247,0.198,0.186,0.093,0.038,0.025,23,11,8,6
0.043,0.915,0.264,1.69,0.290,0,0.2549,0.3456,0.131,-0.697,0.217,0.148,0.169,0.013,0.000,0.000,21,3,0,0,0.247,0.198,0.186,0.093,0.038,0.025,23,11,8,6
0.040,0.921,0.443,-0.52,0.062,0,0.2935,0.3785,0.196,0.341,0.217,0.148,0.169,0.013,0.000,0.000,21,3,0,0,0.247,0.198,0.186,0.093,0.038,0.025,23,11,8,6
0.043,0.930,0.345,3.14,0.186,0,0.3375,0.4173,0.101,-0.486,0.217,0.148,0.169,0.013,0.000,0.000,21,3,0,0,0.247,0.198,0.186,0.093,0.038,0.025,23,11,8,6
0.058,0.915,0.825,0.22,0.230,0,0.3499,0.4319,0.244,0.303,0.217,0.148,0.169,0.013,0.000,0.000,21,3,0,0,0.247,0.198,0.186,0.093,0.038,0.025,23,11,8,6
0.041,0.931,0.724,0,0.000,0,0.3377,0.4310,0.156,0.166,0.217,0.148,0.169,0.013,0.000,0.000,21,3,0,0,0.247,0.198,0.186,0.093,0.038,0.025,23,11,8,6
0.038,0.935,0.461,1.99,0.186,0,0.3009,0.4140,0.101,-0.326,0.217,0.148,0.169,0.013,0.000,0.000,21,3,0,0,0.247,0.198,0.186,0.093,0.038,0.025,23,11,8,6
0.029,0.932,0.659,1.76,0.409,0,0.2657,0.3979,0.122,-0.884,0.217,0.148,0.169,0.013,0.000,0.000,21,3,0,0,0.247,0.198,0.186,0.093,0.038,0.025,23,11,8,6
0.025,0.917,0.469,-1.14,0.131,0,0.2370,0.3835,0.246,0.987,0.217,0.148,0.169,0.013,0.000,0.000,21,3,0,0,0.247,0.198,0.186,0.093,0.038,0.025,23,11,8,6
0.027,0.917,0.635,-0.48,0.134,0,0.2173,0.3783,0.298,0.007,0.217,0.148,0.169,0.013,0.000,0.000,21,3,0,0,0.247,0.198,0.186,0.093,0.038,0.025,23,11,8,6
0.033,0.921,0.668,1.37,0.298,0,0.2102,0.3783,0.209,-0.510,0.217,0.148,0.169,0.013,0.000,0.000,21,3,0,0,0.247,0.198,0.186,0.093,0.038,0.025,23,11,8,6
0.036,0.873,0.424,-0.79,0.151,-1,0.2121,0.3825,0.557,0.736,0.217,0.148,0.169,0.013,0.000,0.000,21,3,0,0,0.247,0.198,0.186,0.093,0.038,0.025,23,11,8,6
0.035,0.893,0.499,-0.48,0.134,0,0.2299,0.3934,0.534,0.007,0.217,0.148,0.169,0.013,0.000,0.000,21,3,0,0,0.247,0.198,0.186,0.093,0.038,0.025,23,11,8,6
0.035,0.929,0.533,0,0.000,0,0.2535,0.4064,0.338,0.166,0.217,0.148,0.169,0.013,0.000,0.000,21,3,0,0,0.247,0.198,0.186,0.093,0.038,0.025,23,11,8,6
0.038,0.903,0.504,-1.19,0.219,1,0.2751,0.4189,0.510,0.586,0.217,0.148,0.169,0.013,0.000,0.000,21,3,0,0,0.247,0.198,0.186,0.093,0.038,0.025,23,11,8,6
0.035,0.931,0.665,1.76,0.409,0,0.3123,0.4420,0.164,-0.884,0.217,0.148,0.169,0.013,0.000,0.000,21,3,0,0,0.247,0.198,0.186,0.093,0.038,0.025,23,11,8,6
0.033,0.906,0.422,-1.14,0.131,0,0.3574,0.4712,0.269,0.987,0.217,0.148,0.169,0.013,0.000,0.000,21,3,0,0,0.247,0.198,0.186,0.093,0.038,0.025,23,11,8,6
0.027,0.897,0.625,-0.42,0.180,0,0.3994,0.4978,0.459,0.318,0.217,0.148,0.169,0.013,0.000,0.000,21,3,0,0,0.247,0.198,0.186,0.093,0.038,0.025,23,11,8,6
0.042,0.920,0.506,-0.48,0.134,0,0.4128,0.5094,0.332,0.007,0.217,0.148,0.169,0.013,0.000,0.000,21,3,0,0,0.247,0.198,0.186,0.093,0.038,0.025,23,11,8,6
0.035,0.922,0.351,2.1,0.128,0,0.4221,0.5180,0.170,0.02,0.217,0.148,0.169,0.013,0.000,0.000,21,3,0,0,0.247,0.198,0.186,0.093,0.038,0.025,23,11,8,6
0.041,0.892,0.313,-1.1,0.105,-1,0.4222,0.5219,0.441,0.192,0.217,0.148,0.169,0.013,0.000,0.000,21,3,0,0,0.247,0.198,0.186,0.093,0.038,0.025,23,11,8,6
0.049,0.920,0.543,0.2,0.291,1,0.4286,0.5299,0.424,0.180,0.217,0.148,0.169,0.013,0.000,0.000,21,3,0,0,0.247,0.198,0.186,0.093,0.038,0.025,23,11,8,6
0.059,0.876,0.414,-0.79,0.151,-1,0.4078,0.5230,0.490,0.736,0.217,0.148,0.169,0.013,0.000,0.000,21,3,0,0,0.247,0.198,0.186,0.093,0.038,0.025,23,11,8,6
0.070,0.880,0.430,-0.52,0.062,0,0.3907,0.5216,0.323,0.341,0.217,0.148,0.169,0.013,0.000,0.000,21,3,0,0,0.247,0.198,0.186,0.093,0.038,0.025,23,11,8,6
0.066,0.863,0.482,-0.52,0.062,0,0.3632,0.5123,0.401,0.341,0.217,0.148,0.169,0.013,0.000,0.000,21,3,0,0,0.247,0.198,0.186,0.093,0.038,0.025,23,11,8,6
0.056,0.319,0.478,1.99,0.186,0,0.3441,0.5035,0.225,-0.326,0.217,0.148,0.169,0.013,0.000,0.000,21,3,0,0,0.247,0.198,0.186,0.093,0.038,0.025,23,11,8,6
0.078,0.312,0.100,-1.1,0.105,-1,0.3446,0.5043,0.427,0.192,0.217,0.148,0.169,0.013,0.000,0.000,21,3,0,0,0.247,0.198,0.186,0.093,0.038,0.025,23,11,8,6
0.085,0.248,0.071,-0.79,0.151,-1,0.3533,0.5086,0.452,0.736,0.217,0.148,0.169,0.013,0.000,0.000,21,3,0,0,0.247,0.198,0.186,0.093,0.038,0.025,23,11,8,6
0.071,0.292,0.210,-0.52,0.062,0,0.3630,0.5072,0.461,0.341,0.217,0.148,0.169,0.013,0.000,0.000,21,3,0,0,0.247,0.198,0.186,0.093,0.038,0.025,23,11,8,6
0.106,0.277,0.026,-0.79,0.151,-1,0.3681,0.4997,0.342,0.736,0.217,0.148,0.169,0.013,0.000,0.000,21,3,0,0,0.247,0.198,0.186,0.093,0.038,0.025,23,11,8,6
0.087,0.288,0.001,3.14,0.186,0,0.3802,0.4947,0.062,-0.486,0.217,0.148,0.169,0.013,0.000,0.000,21,3,0,0,0.247,0.198,0.186,0.093,0.038,0.025,23,11,8,6
0.061,0.317,0.123,-0.52,0.062,0,0.3774,0.4818,0.293,0.341,0.217,0.148,0.169,0.013,0.000,0.000,21,3,0,0,0.247,0.198,0.186,0.093,0.038,0.025,23,11,8,6
0.056,0.315,0.008,-1.1,0.105,-1,0.3610,0.4644,0.401,0.192,0.217,0.148,0.169,0.013,0.000,0.000,21,3,0,0,0.247,0.198,0.186,0.093,0.038,0.025,23,11,8,6
0.074,0.329,0.005,1.99,0.186,0,0.3279,0.4379,0.078,-0.326,0.217,0.148,0.169,0.013,0.000,0.000,21,3,0,0,0.247,0.198,0.186,0.093,0.038,0.025,23,11,8,6
0.070,0.320,0.023,3.14,0.186,0,0.2980,0.4186,0.078,-0.486,0.217,0.148,0.169,0.013,0.000,0.000,21,3,0,0,0.247,0.198,0.186,0.093,0.038,0.025,23,11,8,6
0.066,0.850,0.040,-0.52,0.062,0,0.2744,0.4064,0.319,0.341,0.217,0.148,0.169,0.013,0.000,0.000,21,3,0,0,0.247,0.198,0.186,0.093,0.038,0.025,23,11,8,6
0.069,0.875,0.015,-0.08,0.108,0,0.2473,0.3931,0.246,0.059,0.217,0.148,0.169,0.013,0.000,0.000,21,3,0,0,0.247,0.198,0.186,0.093,0.038,0.025,23,11,8,6
0.068,0.880,0.099,1.42,0.221,0,0.2319,0.3885,0.113,-0.397,0.217,0.148,0.169,0.013,0.000,0.000,21,3,0,0,0.247,0.198,0.186,0.093,0.038,0.025,23,11,8,6
0.089,0.878,0.035,-0.79,0.151,-1,0.2244,0.3874,0.396,0.736,0.217,0.148,0.169,0.013,0.000,0.000,21,3,0,0,0.247,0.198,0.186,0.093,0.038,0.025,23,11,8,6
0.089,0.857,0.155,-1.19,0.219,1,0.2323,0.3907,0.575,0.586,0.217,0.148,0.169,0.013,0.000,0.000,21,3,0,0,0.247,0.198,0.186,0.093,0.038,0.025,23,11,8,6
0.105,0.894,0.256,-0.48,0.134,0,0.2227,0.3799,0.412,0.007,0.217,0.148,0.169,0.013,0.000,0.000,21,3,0,0,0.247,0.198,0.186,0.093,0.038,0.025,23,11,8,6
0.110,0.924,0.309,1.76,0.409,0,0.2243,0.3762,0.141,-0.884,0.217,0.148,0.169,0.013,0.000,0.000,21,3,0,0,0.247,0.198,0.186,0.093,0.038,0.025,23,11,8,6
0.105,0.886,0.070,-1.14,0.131,0,0.2247,0.3678,0.334,0.987,0.217,0.148,0.169,0.013,0.000,0.000,21,3,0,0,0.247,0.198,0.186,0.093,0.038,0.025,23,11,8,6
0.114,0.902,0.164,-0.52,0.062,0,0.2221,0.3529,0.327,0.341,0.217,0.148,0.169,0.013,0.000,0.000,21,3,0,0,0.247,0.198,0.186,0.093,0.038,0.025,23,11,8,6
0.094,0.870,0.043,1.99,0.186,0,0.2117,0.3304,0.157,-0.326,0.217,0.148,0.169,0.013,0.000,0.000,21,3,0,0,0.247,0.198,0.186,0.093,0.038,0.025,23,11,8,6
0.066,0.877,0.086,0.85,0.046,0,0.1944,0.3046,0.246,0.06,0.217,0.148,0.169,0.013,0.000,0.000,21,3,0,0,0.247,0.198,0.186,0.093,0.038,0.025,23,11,8,6
0.066,0.887,0.131,2.1,0.128,0,0.1750,0.2763,0.098,0.02,0.217,0.148,0.169,0.013,0.000,0.000,21,3,0,0,0.247,0.198,0.186,0.093,0.038,0.025,23,11,8,6
0.075,0.918,0.131,-1.14,0.131,0,0.1547,0.2480,0.289,0.987,0.217,0.148,0.169,0.013,0.000,0.000,21,3,0,0,0.247,0.198,0.186,0.093,0.038,0.025,23,11,8,6
0.057,0.935,0.365,-0.52,0.062,0,0.1402,0.2248,0.292,0.341,0.217,0.148,0.169,0.013,0.000,0.000,21,3,0,0,0.247,0.198,0.186,0.093,0.038,0.025,23,11,8,6
0.048,0.924,0.452,-0.52,0.062,0,0.1214,0.2015,0.344,0.341,0.217,0.148,0.169,0.013,0.000,0.000,21,3,0,0,0.247,0.198,0.186,0.093,0.038,0.025,23,11,8,6
0.038,0.855,0.339,-1.1,0.105,-1,0.1139,0.1913,0.461,0.192,0.217,0.148,0.169,0.013,0.000,0.000,21,3,0,0,0.247,0.198,0.186,0.093,0.038,0.025,23,11,8,6
0.057,0.875,0.452,0,0.000,0,0.1041,0.1812,0.171,0.166,0.217,0.148,0.169,0.013,0.000,0.000,21,3,0,0,0.247,0.198,0.186,0.093,0.038,0.025,23,11,8,6
0.091,0.396,0.352,2.53,0.140,0,0.0977,0.1744,0.087,-0.121,0.217,0.148,0.169,0.013,0.000,0.000,21,3,0,0,0.247,0.198,0.186,0.093,0.038,0.025,23,11,8,6
0.097,0.916,0.583,0.2,0.291,1,0.0932,0.1675,0.237,0.180,0.217,0.148,0.169,0.013,0.000,0.000,21,3,0,0,0.247,0.198,0.186,0.093,0.038,0.025,23,11,8,6
0.088,0.925,0.508,1.69,0.290,0,0.0934,0.1625,0.111,-0.697,0.217,0.148,0.169,0.013,0.000,0.000,21,3,0,0,0.247,0.198,0.186,0.093,0.038,0.025,23,11,8,6
0.091,0.933,0.793,1.76,0.409,0,0.0979,0.1598,0.123,-0.884,0.217,0.148,0.169,0.013,0.000,0.000,21,3,0,0,0.247,0.198,0.186,0.093,0.038,0.025,23,11,8,6
0.095,0.947,0.462,-0.52,0.062,0,0.1092,0.1611,0.094,0.341,0.217,0.148,0.169,0.013,0.000,0.000,21,3,0,0,0.247,0.198,0.186,0.093,0.038,0.025,23,11,8,6
0.093,0.927,0.669,0.22,0.230,0,0.1202,0.1595,0.219,0.303,0.217,0.148,0.169,0.013,0.000,0.000,21,3,0,0,0.247,0.198,0.186,0.093,0.038,0.025,23,11,8,6
0.097,0.899,0.464,-0.79,0.151,-1,0.1130,0.1424,0.303,0.736,0.217,0.148,0.169,0.013,0.000,0.000,21,3,0,0,0.247,0.198,0.186,0.093,0.038,0.025,23,11,8,6
0.094,0.911,0.373,1.76,0.409,0,0.1016,0.1233,0.126,-0.884,0.217,0.148,0.169,0.013,0.000,0.000,21,3,0,0,0.247,0.198,0.186,0.093,0.038,0.025,23,11,8,6
0.072,0.915,0.446,1.99,0.186,0,0.0952,0.1107,0.122,-0.326,0.217,0.148,0.169,0.013,0.000,0.000,21,3,0,0,0.247,0.198,0.186,0.093,0.038,0.025,23,11,8,6
0.078,0.851,0.704,-1.19,0.219,1,0.0949,0.1042,0.444,0.586,0.217,0.148,0.169,0.013,0.000,0.000,21,3,0,0,0.247,0.198,0.186,0.093,0.038,0.025,23,11,8,6
0.077,0.846,0.498,0.22,0.230,0,0.0952,0.1004,0.314,0.303,0.217,0.148,0.169,0.013,0.000,0.000,21,3,0,0,0.247,0.198,0.186,0.093,0.038,0.025,23,11,8,6
0.068,0.917,0.229,0,0.000,0,0.0936,0.0978,0.215,0.166,0.217,0.148,0.169,0.013,0.000,0.000,21,3,0,0,0.247,0.198,0.186,0.093,0.038,0.025,23,11,8,6
0.053,0.926,0.335,-0.08,0.108,0,0.0915,0.0965,0.269,0.059,0.217,0.148,0.169,0.013,0.000,0.000,21,3,0,0,0.247,0.198,0.186,0.093,0.038,0.025,23,11,8,6
0.063,0.943,0.221,2.1,0.128,0,0.0944,0.0983,0.081,0.02,0.217,0.148,0.169,0.013,0.000,0.000,21,3,0,0,0.247,0.198,0.186,0.093,0.038,0.025,23,11,8,6
0.093,0.912,0.197,-0.52,0.062,0,0.1029,0.1017,0.238,0.341,0.217,0.148,0.169,0.013,0.000,0.000,21,3,0,0,0.247,0.198,0.186,0.093,0.038,0.025,23,11,8,6
0.089,0.912,0.314,0.85,0.046,0,0.1071,0.1007,0.204,0.06,0.217,0.148,0.169,0.013,0.000,0.000,21,3,0,0,0.247,0.198,0.186,0.093,0.038,0.025,23,11,8,6
0.082,0.904,0.298,1.99,0.186,0,0.1105,0.1009,0.239,-0.326,0.217,0.148,0.169,0.013,0.000,0.000,21,3,0,0,0.247,0.198,0.186,0.093,0.038,0.025,23,11,8,6
0.098,0.912,0.338,0,0.000,0,0.1193,0.1065,0.179,0.166,0.217,0.148,0.169,0.013,0.000,0.000,21,3,0,0,0.247,0.198,0.186,0.093,0.038,0.025,23,11,8,6
0.116,0.896,0.243,-0.79,0.151,-1,0.1280,0.1134,0.265,0.736,0.217,0.148,0.169,0.013,0.000,0.000,21,3,0,0,0.247,0.198,0.186,0.093,0.038,0.025,23,11,8,6
0.121,0.907,0.386,0.2,0.291,1,0.1261,0.1117,0.329,0.180,0.217,0.148,0.169,0.013,0.000,0.000,21,3,0,0,0.247,0.198,0.186,0.093,0.038,0.025,23,11,8,6
0.121,0.915,0.302,0.85,0.046,0,0.1257,0.1114,0.134,0.06,0.217,0.148,0.169,0.013,0.000,0.000,21,3,0,0,0.247,0.198,0.186,0.093,0.038,0.025,23,11,8,6
0.140,0.925,0.280,1.37,0.298,0,0.1308,0.1143,0.098,-0.510,0.217,0.148,0.169,0.013,0.000,0.000,21,3,0,0,0.247,0.198,0.186,0.093,0.038,0.025,23,11,8,6
0.144,0.914,0.234,1.69,0.290,0,0.1453,0.1247,0.094,-0.697,0.217,0.148,0.169,0.013,0.000,0.000,21,3,0,0,0.247,0.198,0.186,0.093,0.038,0.025,23,11,8,6
0.129,0.910,0.151,-0.42,0.180,0,0.1650,0.1379,0.293,0.318,0.217,0.148,0.169,0.013,0.000,0.000,21,3,0,0,0.247,0.198,0.186,0.093,0.038,0.025,23,11,8,6
0.125,0.903,0.334,0.85,0.046,0,0.1731,0.1416,0.155,0.06,0.217,0.148,0.169,0.013,0.000,0.000,21,3,0,0,0.247,0.198,0.186,0.093,0.038,0.025,23,11,8,6
0.118,0.902,0.055,0.85,0.046,0,0.1708,0.1378,0.057,0.06,0.217,0.148,0.169,0.013,0.000,0.000,21,3,0,0,0.247,0.198,0.186,0.093,0.038,0.025,23,11,8,6
0.095,0.872,0.116,1.99,0.186,0,0.1711,0.1375,0.130,-0.326,0.217,0.148,0.169,0.013,0.000,0.000,21,3,0,0,0.247,0.198,0.186,0.093,0.038,0.025,23,11,8,6
0.081,0.881,0.123,-1.1,0.105,-1,0.1715,0.1354,0.307,0.192,0.217,0.148,0.169,0.013,0.000,0.000,21,3,0,0,0.247,0.198,0.186,0.093,0.038,0.025,23,11,8,6
0.079,0.893,0.196,1.69,0.290,0,0.1805,0.1395,0.112,-0.697,0.217,0.148,0.169,0.013,0.000,0.000,21,3,0,0,0.247,0.198,0.186,0.093,0.038,0.025,23,11,8,6
0.121,0.880,0.488,0.2,0.291,1,0.1844,0.1398,0.352,0.180,0.217,0.148,0.169,0.013,0.000,0.000,21,3,0,0,0.247,0.198,0.186,0.093,0.038,0.025,23,11,8,6
0.098,0.859,0.225,-1.19,0.219,1,0.1981,0.1472,0.442,0.586,0.217,0.148,0.169,0.013,0.000,0.000,21,3,0,0,0.247,0.198,0.186,0.093,0.038,0.025,23,11,8,6
0.098,0.904,0.247,-1.19,0.219,1,0.2090,0.1528,0.340,0.586,0.217,0.148,0.169,0.013,0.000,0.000,21,3,0,0,0.247,0.198,0.186,0.093,0.038,0.025,23,11,8,6
0.090,0.478,0.173,-0.52,0.062,0,0.2219,0.1607,0.337,0.341,0.217,0.148,0.169,0.013,0.000,0.000,21,3,0,0,0.247,0.198,0.186,0.093,0.038,0.025,23,11,8,6
0.106,0.842,0.537,-0.48,0.134,0,0.2517,0.1816,0.379,0.007,0.217,0.148,0.169,0.013,0.000,0.000,21,3,0,0,0.247,0.198,0.186,0.093,0.038,0.025,23,11,8,6
0.104,0.386,0.044,1.99,0.186,0,0.2828,0.2056,0.114,-0.326,0.217,0.148,0.169,0.013,0.000,0.000,21,3,0,0,0.247,0.198,0.186,0.093,0.038,0.025,23,11,8,6
0.099,0.343,0.332,1.99,0.186,0,0.3307,0.2459,0.135,-0.326,0.217,0.148,0.169,0.013,0.000,0.000,21,3,0,0,0.247,0.198,0.186,0.093,0.038,0.025,23,11,8,6
0.103,0.347,0.165,-0.79,0.151,-1,0.3833,0.2940,0.471,0.736,0.217,0.148,0.169,0.013,0.000,0.000,21,3,0,0,0.247,0.198,0.186,0.093,0.038,0.025,23,11,8,6
0.087,0.858,0.054,-0.48,0.134,0,0.4151,0.3265,0.360,0.007,0.217,0.148,0.169,0.013,0.000,0.000,21,3,0,0,0.247,0.198,0.186,0.093,0.038,0.025,23,11,8,6
0.093,0.886,0.010,1.99,0.186,0,0.4353,0.3505,0.091,-0.326,0.217,0.148,0.169,0.013,0.000,0.000,21,3,0,0,0.247,0.198,0.186,0.093,0.038,0.025,23,11,8,6
0.091,0.430,0.167,-1.19,0.219,1,0.4479,0.3667,0.502,0.586,0.217,0.148,0.169,0.013,0.000,0.000,21,3,0,0,0.247,0.198,0.186,0.093,0.038,0.025,23,11,8,6
0.095,0.444,0.241,-0.48,0.134,0,0.4580,0.3783,0.457,0.007,0.217,0.148,0.169,0.013,0.000,0.000,21,3,0,0,0.247,0.198,0.186,0.093,0.038,0.025,23,11,8,6
0.067,0.418,0.021,0.85,0.046,0,0.4605,0.3802,0.255,0.06,0.217,0.148,0.169,0.013,0.000,0.000,21,3,0,0,0.247,0.198,0.186,0.093,0.038,0.025,23,11,8,6
0.051,0.843,0.164,-0.79,0.151,-1,0.4567,0.3760,0.454,0.736,0.217,0.148,0.169,0.013,0.000,0.000,21,3,0,0,0.247,0.198,0.186,0.093,0.038,0.025,23,11,8,6
0.048,0.884,0.141,3.14,0.186,0,0.4486,0.3691,0.150,-0.486,0.217,0.148,0.169,0.013,0.000,0.000,21,3,0,0,0.247,0.198,0.186,0.093,0.038,0.025,23,11,8,6
0.046,0.906,0.431,-0.08,0.108,0,0.4382,0.3623,0.271,0.059,0.217,0.148,0.169,0.013,0.000,0.000,21,3,0,0,0.247,0.198,0.186,0.093,0.038,0.025,23,11,8,6
0.049,0.893,0.289,-1.14,0.131,0,0.4290,0.3564,0.323,0.987,0.217,0.148,0.169,0.013,0.000,0.000,21,3,0,0,0.247,0.198,0.186,0.093,0.038,0.025,23,11,8,6
0.047,0.916,0.631,0.2,0.291,1,0.4267,0.3565,0.486,0.180,0.217,0.148,0.169,0.013,0.000,0.000,21,3,0,0,0.247,0.198,0.186,0.093,0.038,0.025,23,11,8,6
0.074,0.885,0.624,-0.48,0.134,0,0.4251,0.3577,0.430,0.007,0.217,0.148,0.169,0.013,0.000,0.000,21,3,0,0,0.247,0.198,0.186,0.093,0.038,0.025,23,11,8,6
0.110,0.894,0.361,0,0.000,0,0.4384,0.3711,0.278,0.166,0.217,0.148,0.169,0.013,0.000,0.000,21,3,0,0,0.247,0.198,0.186,0.093,0.038,0.025,23,11,8,6
0.111,0.368,0.480,-0.79,0.151,-1,0.4467,0.3815,0.418,0.736,0.217,0.148,0.169,0.013,0.000,0.000,21,3,0,0,0.247,0.198,0.186,0.093,0.038,0.025,23,11,8,6
0.087,0.436,0.540,0.22,0.230,0,0.4424,0.3808,0.375,0.303,0.217,0.148,0.169,0.013,0.000,0.000,21,3,0,0,0.247,0.198,0.186,0.093,0.038,0.025,23,11,8,6
0.083,0.862,0.668,1.37,0.298,0,0.4421,0.3802,0.175,-0.510,0.217,0.148,0.169,0.013,0.000,0.000,21,3,0,0,0.247,0.198,0.186,0.093,0.038,0.025,23,11,8,6
0.067,0.389,0.473,-0.08,0.108,0,0.4453,0.3812,0.142,0.059,0.217,0.148,0.169,0.013,0.000,0.000,21,3,0,0,0.247,0.198,0.186,0.093,0.038,0.025,23,11,8,6
0.085,0.319,0.460,1.99,0.186,0,0.4517,0.3860,0.092,-0.326,0.217,0.148,0.169,0.013,0.000,0.000,21,3,0,0,0.247,0.198,0.186,0.093,0.038,0.025,23,11,8,6
0.087,0.303,0.289,-0.79,0.151,-1,0.4594,0.3948,0.475,0.736,0.217,0.148,0.169,0.013,0.000,0.000,21,3,0,0,0.247,0.198,0.186,0.093,0.038,0.025,23,11,8,6
0.094,0.873,0.500,-0.52,0.062,0,0.4564,0.3957,0.156,0.341,0.217,0.148,0.169,0.013,0.000,0.000,21,3,0,0,0.247,0.198,0.186,0.093,0.038,0.025,23,11,8,6
0.105,0.879,0.006,3.14,0.186,0,0.4409,0.3895,0.029,-0.486,0.217,0.148,0.169,0.013,0.000,0.000,21,3,0,0,0.247,0.198,0.186,0.093,0.038,0.025,23,11,8,6
0.107,0.403,0.212,-1.19,0.219,1,0.4192,0.3760,0.336,0.586,0.217,0.148,0.169,0.013,0.000,0.000,21,3,0,0,0.247,0.198,0.186,0.093,0.038,0.025,23,11,8,6
0.120,0.836,0.345,-1.19,0.219,1,0.3981,0.3623,0.428,0.586,0.217,0.148,0.169,0.013,0.000,0.000,21,3,0,0,0.247,0.198,0.186,0.093,0.038,0.025,23,11,8,6
0.105,0.332,0.102,0.85,0.046,0,0.3624,0.3329,0.091,0.06,0.217,0.148,0.169,0.013,0.000,0.000,21,3,0,0,0.247,0.198,0.186,0.093,0.038,0.025,23,11,8,6
0.126,0.309,0.002,3.14,0.186,0,0.3307,0.3055,0.084,-0.486,0.217,0.148,0.169,0.013,0.000,0.000,21,3,0,0,0.247,0.198,0.186,0.093,0.038,0.025,23,11,8,6
0.095,0.275,0.232,-0.79,0.151,-1,0.3064,0.2826,0.495,0.736,0.217,0.148,0.169,0.013,0.000,0.000,21,3,0,0,0.247,0.198,0.186,0.093,0.038,0.025,23,11,8,6
0.110,0.296,0.302,-0.79,0.151,-1,0.2917,0.2661,0.532,0.736,0.217,0.148,0.169,0.013,0.000,0.000,21,3,0,0,0.247,0.198,0.186,0.093,0.038,0.025,23,11,8,6
0.098,0.354,0.167,0,0.000,0,0.2805,0.2497,0.310,0.166,0.217,0.148,0.169,0.013,0.000,0.000,21,3,0,0,0.247,0.198,0.186,0.093,0.038,0.025,23,11,8,6
0.099,0.831,0.315,2.53,0.140,0,0.2814,0.2406,0.223,-0.121,0.217,0.148,0.169,0.013,0.000,0.000,21,3,0,0,0.247,0.198,0.186,0.093,0.038,0.025,23,11,8,6
0.116,0.850,0.256,0,0.000,0,0.3042,0.2491,0.407,0.166,0.217,0.148,0.169,0.013,0.000,0.000,21,3,0,0,0.247,0.198,0.186,0.093,0.038,0.025,23,11,8,6
0.105,0.856,0.145,0.22,0.230,0,0.3409,0.2706,0.333,0.303,0.217,0.148,0.169,0.013,0.000,0.000,21,3,0,0,0.247,0.198,0.186,0.093,0.038,0.025,23,11,8,6
0.104,0.936,0.507,-0.52,0.062,0,0.3751,0.2927,0.185,0.341,0.217,0.148,0.169,0.013,0.000,0.000,21,3,0,0,0.247,0.198,0.186,0.093,0.038,0.025,23,11,8,6
0.085,0.925,0.028,-1.14,0.131,0,0.3989,0.3079,0.225,0.987,0.217,0.148,0.169,0.013,0.000,0.000,21,3,0,0,0.247,0.198,0.186,0.093,0.038,0.025,23,11,8,6
0.057,0.937,0.529,1.37,0.298,0,0.4154,0.3175,0.156,-0.510,0.217,0.148,0.169,0.013,0.000,0.000,21,3,0,0,0.247,0.198,0.186,0.093,0.038,0.025,23,11,8,6
0.061,0.929,0.105,3.14,0.186,0,0.4309,0.3290,0.093,-0.486,0.217,0.148,0.169,0.013,0.000,0.000,21,3,0,0,0.247,0.198,0.186,0.093,0.038,0.025,23,11,8,6
0.061,0.918,0.398,-0.79,0.151,-1,0.4350,0.3321,0.256,0.736,0.217,0.148,0.169,0.013,0.000,0.000,21,3,0,0,0.247,0.198,0.186,0.093,0.038,0.025,23,11,8,6
0.074,0.923,0.397,2.1,0.128,0,0.4219,0.3229,0.067,0.02,0.217,0.148,0.169,0.013,0.000,0.000,21,3,0,0,0.247,0.198,0.186,0.093,0.038,0.025,23,11,8,6
0.081,0.926,0.410,-0.48,0.134,0,0.3859,0.2964,0.222,0.007,0.217,0.148,0.169,0.013,0.000,0.000,21,3,0,0,0.247,0.198,0.186,0.093,0.038,0.025,23,11,8,6
0.076,0.938,0.553,2.53,0.140,0,0.3366,0.2598,0.115,-0.121,0.217,0.148,0.169,0.013,0.000,0.000,21,3,0,0,0.247,0.198,0.186,0.093,0.038,0.025,23,11,8,6
0.076,0.916,0.305,-1.1,0.105,-1,0.2766,0.2129,0.272,0.192,0.217,0.148,0.169,0.013,0.000,0.000,21,3,0,0,0.247,0.198,0.186,0.093,0.038,0.025,23,11,8,6
0.066,0.917,0.340,-0.08,0.108,0,0.2236,0.1710,0.311,0.059,0.217,0.148,0.169,0.013,0.000,0.000,21,3,0,0,0.247,0.198,0.186,0.093,0.038,0.025,23,11,8,6
0.061,0.911,0.381,-0.42,0.180,0,0.1658,0.1235,0.468,0.318,0.217,0.148,0.169,0.013,0.000,0.000,21,3,0,0,0.247,0.198,0.186,0.093,0.038,0.025,23,11,8,6
0.060,0.934,0.270,0,0.000,0,0.1281,0.0874,0.329,0.166,0.217,0.148,0.169,0.013,0.000,0.000,21,3,0,0,0.247,0.198,0.186,0.093,0.038,0.025,23,11,8,6
0.063,0.920,0.229,-0.48,0.134,0,0.1165,0.0680,0.336,0.007,0.217,0.148,0.169,0.013,0.000,0.000,21,3,0,0,0.247,0.198,0.186,0.093,0.038,0.025,23,11,8,6
0.068,0.890,0.247,0.22,0.230,0,0.1239,0.0626,0.235,0.303,0.217,0.148,0.169,0.013,0.000,0.000,21,3,0,0,0.247,0.198,0.186,0.093,0.038,0.025,23,11,8,6
0.087,0.886,0.223,-0.42,0.180,0,0.1357,0.0599,0.227,0.318,0.217,0.148,0.169,0.013,0.000,0.000,21,3,0,0,0.247,0.198,0.186,0.093,0.038,0.025,23,11,8,6
0.102,0.919,0.063,3.14,0.186,0,0.1519,0.0630,0.051,-0.486,0.217,0.148,0.169,0.013,0.000,0.000,21,3,0,0,0.247,0.198,0.186,0.093,0.038,0.025,23,11,8,6
0.100,0.929,0.229,1.37,0.298,0,0.1756,0.0766,0.081,-0.510,0.217,0.148,0.169,0.013,0.000,0.000,21,3,0,0,0.247,0.198,0.186,0.093,0.038,0.025,23,11,8,6
0.112,0.911,0.388,-0.42,0.180,0,0.1941,0.0911,0.122,0.318,0.217,0.148,0.169,0.013,0.000,0.000,21,3,0,0,0.247,0.198,0.186,0.093,0.038,0.025,23,11,8,6
0.108,0.929,0.045,2.53,0.140,0,0.1945,0.0958,0.026,-0.121,0.217,0.148,0.169,0.013,0.000,0.000,21,3,0,0,0.247,0.198,0.186,0.093,0.038,0.025,23,11,8,6
0.092,0.934,0.429,1.37,0.298,0,0.1770,0.0903,0.058,-0.510,0.217,0.148,0.169,0.013,0.000,0.000,21,3,0,0,0.247,0.198,0.186,0.093,0.038,0.025,23,11,8,6
0.095,0.906,0.031,1.99,0.186,0,0.1455,0.0763,0.062,-0.326,0.217,0.148,0.169,0.013,0.000,0.000,21,3,0,0,0.247,0.198,0.186,0.093,0.038,0.025,23,11,8,6
0.094,0.914,0.405,2.1,0.128,0,0.1112,0.0624,0.054,0.02,0.217,0.148,0.169,0.013,0.000,0.000,21,3,0,0,0.247,0.198,0.186,0.093,0.038,0.025,23,11,8,6
0.095,0.935,0.242,2.53,0.140,0,0.0772,0.0472,0.081,-0.121,0.217,0.148,0.169,0.013,0.000,0.000,21,3,0,0,0.247,0.198,0.186,0.093,0.038,0.025,23,11,8,6
0.107,0.916,0.586,-1.1,0.105,-1,0.0540,0.0402,0.242,0.192,0.217,0.148,0.169,0.013,0.000,0.000,21,3,0,0,0.247,0.198,0.186,0.093,0.038,0.025,23,11,8,6
0.097,0.904,0.650,-1.19,0.219,1,0.0352,0.0323,0.416,0.586,0.217,0.148,0.169,0.013,0.000,0.000,21,3,0,0,0.247,0.198,0.186,0.093,0.038,0.025,23,11,8,6
0.083,0.943,0.319,-0.08,0.108,0,0.0275,0.0255,0.316,0.059,0.217,0.148,0.169,0.013,0.000,0.000,21,3,0,0,0.247,0.198,0.186,0.093,0.038,0.025,23,11,8,6
0.081,0.952,0.014,0.85,0.046,0,0.0275,0.0241,0.218,0.06,0.217,0.148,0.169,0.013,0.000,0.000,21,3,0,0,0.247,0.198,0.186,0.093,0.038,0.025,23,11,8,6
0.098,0.917,0.064,-0.08,0.108,0,0.0471,0.0369,0.312,0.059,0.217,0.148,0.169,0.013,0.000,0.000,21,3,0,0,0.247,0.198,0.186,0.093,0.038,0.025,23,11,8,6
0.103,0.901,0.041,-1.1,0.105,-1,0.0624,0.0491,0.289,0.192,0.217,0.148,0.169,0.013,0.000,0.000,21,3,0,0,0.247,0.198,0.186,0.093,0.038,0.025,23,11,8,6
0.107,0.899,0.120,1.69,0.290,0,0.0904,0.0713,0.132,-0.697,0.217,0.148,0.169,0.013,0.000,0.000,21,3,0,0,0.247,0.198,0.186,0.093,0.038,0.025,23,11,8,6
0.123,0.910,0.104,3.14,0.186,0,0.1221,0.0958,0.108,-0.486,0.217,0.148,0.169,0.013,0.000,0.000,21,3,0,0,0.247,0.198,0.186,0.093,0.038,0.025,23,11,8,6
0.127,0.874,0.064,-1.1,0.105,-1,0.1463,0.1165,0.316,0.192,0.217,0.148,0.169,0.013,0.000,0.000,21,3,0,0,0.247,0.198,0.186,0.093,0.038,0.025,23,11,8,6
0.126,0.877,0.074,2.1,0.128,0,0.1691,0.1388,0.045,0.02,0.217,0.148,0.169,0.013,0.000,0.000,21,3,0,0,0.247,0.198,0.186,0.093,0.038,0.025,23,11,8,6
0.132,0.888,0.013,-1.14,0.131,0,0.1768,0.1518,0.214,0.987,0.217,0.148,0.169,0.013,0.000,0.000,21,3,0,0,0.247,0.198,0.186,0.093,0.038,0.025,23,11,8,6
0.169,0.923,0.134,3.14,0.186,0,0.1816,0.1674,0.104,-0.486,0.217,0.148,0.169,0.013,0.000,0.000,21,3,0,0,0.247,0.198,0.186,0.093,0.038,0.025,23,11,8,6
0.134,0.911,0.191,1.69,0.290,0,0.1712,0.1701,0.113,-0.697,0.217,0.148,0.169,0.013,0.000,0.000,21,3,0,0,0.247,0.198,0.186,0.093,0.038,0.025,23,11,8,6
0.115,0.890,0.245,-1.14,0.131,0,0.1610,0.1738,0.233,0.987,0.217,0.148,0.169,0.013,0.000,0.000,21,3,0,0,0.247,0.198,0.186,0.093,0.038,0.025,23,11,8,6
0.094,0.878,0.405,0.22,0.230,0,0.1495,0.1765,0.302,0.303,0.217,0.148,0.169,0.013,0.000,0.000,21,3,0,0,0.247,0.198,0.186,0.093,0.038,0.025,23,11,8,6
0.095,0.937,0.392,0,0.000,0,0.1359,0.1793,0.245,0.166,0.217,0.148,0.169,0.013,0.000,0.000,21,3,0,0,0.247,0.198,0.186,0.093,0.038,0.025,23,11,8,6
0.094,0.920,0.612,0.2,0.291,1,0.1342,0.1930,0.444,0.180,0.217,0.148,0.169,0.013,0.000,0.000,21,3,0,0,0.247,0.198,0.186,0.093,0.038,0.025,23,11,8,6
0.094,0.930,0.405,0,0.000,0,0.1395,0.2098,0.245,0.166,0.217,0.148,0.169,0.013,0.000,0.000,21,3,0,0,0.247,0.198,0.186,0.093,0.038,0.025,23,11,8,6
0.102,0.910,0.262,2.1,0.128,0,0.1762,0.2527,0.178,0.02,0.217,0.148,0.169,0.013,0.000,0.000,21,3,0,0,0.247,0.198,0.186,0.093,0.038,0.025,23,11,8,6
0.111,0.927,0.217,0,0.000,0,0.2275,0.3000,0.274,0.166,0.217,0.148,0.169,0.013,0.000,0.000,21,3,0,0,0.247,0.198,0.186,0.093,0.038,0.025,23,11,8,6
0.088,0.872,0.308,-0.52,0.062,0,0.2876,0.3472,0.279,0.341,0.217,0.148,0.169,0.013,0.000,0.000,21,3,0,0,0.247,0.198,0.186,0.093,0.038,0.025,23,11,8,6
0.097,0.345,0.283,-1.19,0.219,1,0.3335,0.3806,0.419,0.586,0.217,0.148,0.169,0.013,0.000,0.000,21,3,0,0,0.247,0.198,0.186,0.093,0.038,0.025,23,11,8,6
0.095,0.307,0.137,3.14,0.186,0,0.3713,0.4075,0.127,-0.486,0.217,0.148,0.169,0.013,0.000,0.000,21,3,0,0,0.247,0.198,0.186,0.093,0.038,0.025,23,11,8,6
0.124,0.295,0.451,-0.79,0.151,-1,0.3944,0.4282,0.370,0.736,0.217,0.148,0.169,0.013,0.000,0.000,21,3,0,0,0.247,0.198,0.186,0.093,0.038,0.025,23,11,8,6
0.125,0.845,0.212,1.69,0.290,0,0.4154,0.4511,0.107,-0.697,0.217,0.148,0.169,0.013,0.000,0.000,21,3,0,0,0.247,0.198,0.186,0.093,0.038,0.025,23,11,8,6
0.095,0.287,0.219,-1.14,0.131,0,0.4171,0.4710,0.272,0.987,0.217,0.148,0.169,0.013,0.000,0.000,21,3,0,0,0.247,0.198,0.186,0.093,0.038,0.025,23,11,8,6
0.076,0.282,0.373,-1.14,0.131,0,0.4193,0.4974,0.372,0.987,0.217,0.148,0.169,0.013,0.000,0.000,21,3,0,0,0.247,0.198,0.186,0.093,0.038,0.025,23,11,8,6
0.070,0.284,0.618,1.69,0.290,0,0.4035,0.5304,0.210,-0.697,0.217,0.148,0.169,0.013,0.000,0.000,21,3,0,0,0.247,0.198,0.186,0.093,0.038,0.025,23,11,8,6
0.065,0.248,0.506,-0.52,0.062,0,0.3889,0.5741,0.381,0.341,0.217,0.148,0.169,0.013,0.000,0.000,21,3,0,0,0.247,0.198,0.186,0.093,0.038,0.025,23,11,8,6
0.059,0.256,0.556,-0.52,0.062,0,0.3808,0.6265,0.431,0.341,0.217,0.148,0.169,0.013,0.000,0.000,21,3,0,0,0.247,0.198,0.186,0.093,0.038,0.025,23,11,8,6
0.054,0.255,0.491,-0.79,0.151,-1,0.3839,0.6862,0.496,0.736,0.217,0.148,0.169,0.013,0.000,0.000,21,3,0,0,0.247,0.198,0.186,0.093,0.038,0.025,23,11,8,6
0.047,0.283,0.459,-0.52,0.062,0,0.4011,0.7506,0.419,0.341,0.217,0.148,0.169,0.013,0.000,0.000,21,3,0,0,0.247,0.198,0.186,0.093,0.038,0.025,23,11,8,6
0.031,0.267,0.265,-1.1,0.105,-1,0.4322,0.8157,0.404,0.192,0.217,0.148,0.169,0.013,0.000,0.000,21,3,0,0,0.247,0.198,0.186,0.093,0.038,0.025,23,11,8,6
0.028,0.271,0.426,0.22,0.230,0,0.4732,0.8760,0.357,0.303,0.217,0.148,0.169,0.013,0.000,0.000,21,3,0,0,0.247,0.198,0.186,0.093,0.038,0.025,23,11,8,6
0.035,0.220,0.176,-1.1,0.105,-1,0.5154,0.9247,0.531,0.192,0.217,0.148,0.169,0.013,0.000,0.000,21,3,0,0,0.247,0.198,0.186,0.093,0.038,0.025,23,11,8,6
0.044,0.221,0.132,-0.79,0.151,-1,0.5444,0.9534,0.517,0.736,0.217,0.148,0.169,0.013,0.000,0.000,21,3,0,0,0.247,0.198,0.186,0.093,0.038,0.025,23,11,8,6
0.043,0.241,0.201,1.69,0.290,0,0.5394,0.9518,0.431,-0.697,0.217,0.148,0.169,0.013,0.000,0.000,21,3,0,0,0.247,0.198,0.186,0.093,0.038,0.025,23,11,8,6
