0.111,0.056,0.417,1.42,0.221,0,0.2308,0.8576,0.674,-0.397,0.090,0.066,0.000,0.000,0.000,0.000,0,0,0,0,0.133,0.142,0.052,0.041,0.026,0.011,8,7,5,2
0.115,0.040,0.292,0,0.000,0,0.1341,0.7580,0.328,0.166,0.090,0.066,0.000,0.000,0.000,0.000,0,0,0,0,0.133,0.142,0.052,0.041,0.026,0.011,8,7,5,2
0.114,0.024,0.328,2.53,0.140,0,0.1045,0.6943,0.295,-0.121,0.090,0.066,0.000,0.000,0.000,0.000,0,0,0,0,0.133,0.142,0.052,0.041,0.026,0.011,8,7,5,2
0.121,0.041,0.093,2.53,0.140,0,0.1131,0.6474,0.216,-0.121,0.090,0.066,0.000,0.000,0.000,0.000,0,0,0,0,0.133,0.142,0.052,0.041,0.026,0.011,8,7,5,2
0.133,0.030,0.378,-0.79,0.151,-1,0.1385,0.6043,0.375,0.736,0.090,0.066,0.000,0.000,0.000,0.000,0,0,0,0,0.133,0.142,0.052,0.041,0.026,0.011,8,7,5,2
0.138,0.058,0.329,-0.79,0.151,-1,0.1661,0.5574,0.367,0.736,0.090,0.066,0.000,0.000,0.000,0.000,0,0,0,0,0.133,0.142,0.052,0.041,0.026,0.011,8,7,5,2
0.109,0.117,0.410,0.85,0.046,0,0.1867,0.5037,0.278,0.06,0.090,0.066,0.000,0.000,0.000,0.000,0,0,0,0,0.133,0.142,0.052,0.041,0.026,0.011,8,7,5,2
0.112,0.205,0.249,0.22,0.230,0,0.1960,0.4435,0.319,0.303,0.090,0.066,0.000,0.000,0.000,0.000,0,0,0,0,0.133,0.142,0.052,0.041,0.026,0.011,8,7,5,2
0.109,0.223,0.544,-0.48,0.134,0,0.1931,0.3796,0.454,0.007,0.090,0.066,0.000,0.000,0.000,0.000,0,0,0,0,0.133,0.142,0.052,0.041,0.026,0.011,8,7,5,2
0.108,0.165,0.137,2.53,0.140,0,0.1803,0.3166,0.113,-0.121,0.090,0.066,0.000,0.000,0.000,0.000,0,0,0,0,0.133,0.142,0.052,0.041,0.026,0.011,8,7,5,2
0.111,0.208,0.386,-1.19,0.219,1,0.1659,0.2662,0.381,0.586,0.090,0.066,0.000,0.000,0.000,0.000,0,0,0,0,0.133,0.142,0.052,0.041,0.026,0.011,8,7,5,2
0.105,0.152,0.294,2.53,0.140,0,0.1480,0.2247,0.143,-0.121,0.090,0.066,0.000,0.000,0.000,0.000,0,0,0,0,0.133,0.142,0.052,0.041,0.026,0.011,8,7,5,2
0.105,0.130,0.299,3.14,0.186,0,0.1289,0.1916,0.147,-0.486,0.090,0.066,0.000,0.000,0.000,0.000,0,0,0,0,0.133,0.142,0.052,0.041,0.026,0.011,8,7,5,2
0.113,0.147,0.364,0,0.000,0,0.1153,0.1728,0.186,0.166,0.090,0.066,0.000,0.000,0.000,0.000,0,0,0,0,0.133,0.142,0.052,0.041,0.026,0.011,8,7,5,2
0.115,0.154,0.484,-0.52,0.062,0,0.1142,0.1727,0.261,0.341,0.090,0.066,0.000,0.000,0.000,0.000,0,0,0,0,0.133,0.142,0.052,0.041,0.026,0.011,8,7,5,2
0.117,0.088,0.271,0,0.000,0,0.1164,0.1780,0.269,0.166,0.090,0.066,0.000,0.000,0.000,0.000,0,0,0,0,0.133,0.142,0.052,0.041,0.026,0.011,8,7,5,2
0.146,0.074,0.071,-0.79,0.151,-1,0.1141,0.1807,0.359,0.736,0.090,0.066,0.000,0.000,0.000,0.000,0,0,0,0,0.133,0.142,0.052,0.041,0.026,0.011,8,7,5,2
0.138,0.051,0.109,0.85,0.046,0,0.1183,0.1864,0.066,0.06,0.090,0.066,0.000,0.000,0.000,0.000,0,0,0,0,0.133,0.142,0.052,0.041,0.026,0.011,8,7,5,2
0.124,0.082,0.050,-0.08,0.108,0,0.1197,0.1896,0.087,0.059,0.090,0.066,0.000,0.000,0.000,0.000,0,0,0,0,0.133,0.142,0.052,0.041,0.026,0.011,8,7,5,2
0.141,0.061,0.003,3.14,0.186,0,0.1234,0.1914,0.065,-0.486,0.090,0.066,0.000,0.000,0.000,0.000,0,0,0,0,0.133,0.142,0.052,0.041,0.026,0.011,8,7,5,2
0.148,0.056,0.004,2.53,0.140,0,0.1233,0.1910,0.061,-0.121,0.090,0.066,0.000,0.000,0.000,0.000,0,0,0,0,0.133,0.142,0.052,0.041,0.026,0.011,8,7,5,2
0.120,0.071,0.004,1.99,0.186,0,0.1278,0.1959,0.063,-0.326,0.090,0.066,0.000,0.000,0.000,0.000,0,0,0,0,0.133,0.142,0.052,0.041,0.026,0.011,8,7,5,2
0.082,0.096,0.012,0,0.000,0,0.1358,0.2032,0.082,0.166,0.090,0.066,0.000,0.000,0.000,0.000,0,0,0,0,0.133,0.142,0.052,0.041,0.026,0.011,8,7,5,2
0.105,0.204,0.317,0.22,0.230,0,0.1382,0.2034,0.190,0.303,0.090,0.066,0.000,0.000,0.000,0.000,0,0,0,0,0.133,0.142,0.052,0.041,0.026,0.011,8,7,5,2
0.111,0.226,0.459,0,0.000,0,0.1139,0.1755,0.154,0.166,0.090,0.066,0.000,0.000,0.000,0.000,0,0,0,0,0.133,0.142,0.052,0.041,0.026,0.011,8,7,5,2
0.105,0.228,0.367,1.69,0.290,0,0.0952,0.1531,0.216,-0.697,0.090,0.066,0.000,0.000,0.000,0.000,0,0,0,0,0.133,0.142,0.052,0.041,0.026,0.011,8,7,5,2
0.103,0.187,0.408,0,0.000,0,0.0804,0.1354,0.165,0.166,0.090,0.066,0.000,0.000,0.000,0.000,0,0,0,0,0.133,0.142,0.052,0.041,0.026,0.011,8,7,5,2
0.121,0.238,0.509,-0.08,0.108,0,0.0741,0.1265,0.271,0.059,0.090,0.066,0.000,0.000,0.000,0.000,0,0,0,0,0.133,0.142,0.052,0.041,0.026,0.011,8,7,5,2
0.129,0.163,0.677,-1.1,0.105,-1,0.0702,0.1203,0.358,0.192,0.090,0.066,0.000,0.000,0.000,0.000,0,0,0,0,0.133,0.142,0.052,0.041,0.026,0.011,8,7,5,2
0.135,0.207,0.487,-0.42,0.180,0,0.0743,0.1220,0.349,0.318,0.090,0.066,0.000,0.000,0.000,0.000,0,0,0,0,0.133,0.142,0.052,0.041,0.026,0.011,8,7,5,2
0.138,0.202,0.546,-0.52,0.062,0,0.0783,0.1245,0.292,0.341,0.090,0.066,0.000,0.000,0.000,0.000,0,0,0,0,0.133,0.142,0.052,0.041,0.026,0.011,8,7,5,2
0.133,0.127,0.189,2.53,0.140,0,0.0873,0.1326,0.100,-0.121,0.090,0.066,0.000,0.000,0.000,0.000,0,0,0,0,0.133,0.142,0.052,0.041,0.026,0.011,8,7,5,2
0.128,0.257,0.211,1.76,0.409,0,0.1010,0.1451,0.117,-0.884,0.090,0.066,0.000,0.000,0.000,0.000,0,0,0,0,0.133,0.142,0.052,0.041,0.026,0.011,8,7,5,2
0.112,0.188,0.278,-1.19,0.219,1,0.1067,0.1501,0.337,0.586,0.090,0.066,0.000,0.000,0.000,0.000,0,0,0,0,0.133,0.142,0.052,0.041,0.026,0.011,8,7,5,2
0.108,0.217,0.128,0.22,0.230,0,0.1017,0.1437,0.307,0.303,0.090,0.066,0.000,0.000,0.000,0.000,0,0,0,0,0.133,0.142,0.052,0.041,0.026,0.011,8,7,5,2
0.106,0.101,0.002,1.99,0.186,0,0.0898,0.1292,0.100,-0.326,0.090,0.066,0.000,0.000,0.000,0.000,0,0,0,0,0.133,0.142,0.052,0.041,0.026,0.011,8,7,5,2
0.129,0.091,0.003,2.53,0.140,0,0.0753,0.1122,0.127,-0.121,0.090,0.066,0.000,0.000,0.000,0.000,0,0,0,0,0.133,0.142,0.052,0.041,0.026,0.011,8,7,5,2
0.126,0.072,0.009,-1.14,0.131,0,0.0608,0.0944,0.316,0.987,0.090,0.066,0.000,0.000,0.000,0.000,0,0,0,0,0.133,0.142,0.052,0.041,0.026,0.011,8,7,5,2
0.118,0.126,0.001,0.22,0.230,0,0.0429,0.0736,0.292,0.303,0.090,0.066,0.000,0.000,0.000,0.000,0,0,0,0,0.133,0.142,0.052,0.041,0.026,0.011,8,7,5,2
0.118,0.081,0.003,1.99,0.186,0,0.0270,0.0573,0.182,-0.326,0.090,0.066,0.000,0.000,0.000,0.000,0,0,0,0,0.133,0.142,0.052,0.041,0.026,0.011,8,7,5,2
0.103,0.077,0.002,2.53,0.140,0,0.0212,0.0514,0.203,-0.121,0.090,0.066,0.000,0.000,0.000,0.000,0,0,0,0,0.133,0.142,0.052,0.041,0.026,0.011,8,7,5,2
0.102,0.105,0.041,-1.1,0.105,-1,0.0247,0.0539,0.406,0.192,0.090,0.066,0.000,0.000,0.000,0.000,0,0,0,0,0.133,0.142,0.052,0.041,0.026,0.011,8,7,5,2
0.104,0.151,0.081,-1.1,0.105,-1,0.0267,0.0540,0.354,0.192,0.090,0.066,0.000,0.000,0.000,0.000,0,0,0,0,0.133,0.142,0.052,0.041,0.026,0.011,8,7,5,2
0.151,0.205,0.072,1.37,0.298,0,0.0432,0.0678,0.136,-0.510,0.090,0.066,0.000,0.000,0.000,0.000,0,0,0,0,0.133,0.142,0.052,0.041,0.026,0.011,8,7,5,2
0.125,0.233,0.199,0.2,0.291,1,0.0620,0.0835,0.230,0.180,0.090,0.066,0.000,0.000,0.000,0.000,0,0,0,0,0.133,0.142,0.052,0.041,0.026,0.011,8,7,5,2
0.111,0.208,0.011,2.53,0.140,0,0.0963,0.1145,0.085,-0.121,0.090,0.066,0.000,0.000,0.000,0.000,0,0,0,0,0.133,0.142,0.052,0.041,0.026,0.011,8,7,5,2
0.106,0.188,0.029,2.53,0.140,0,0.1226,0.1362,0.078,-0.121,0.090,0.066,0.000,0.000,0.000,0.000,0,0,0,0,0.133,0.142,0.052,0.041,0.026,0.011,8,7,5,2
0.089,0.238,0.008,1.99,0.186,0,0.1422,0.1518,0.043,-0.326,0.090,0.066,0.000,0.000,0.000,0.000,0,0,0,0,0.133,0.142,0.052,0.041,0.026,0.011,8,7,5,2
0.089,0.296,0.053,1.37,0.298,0,0.1586,0.1657,0.082,-0.510,0.090,0.066,0.000,0.000,0.000,0.000,0,0,0,0,0.133,0.142,0.052,0.041,0.026,0.011,8,7,5,2
0.079,0.284,0.321,-1.1,0.105,-1,0.1670,0.1721,0.183,0.192,0.090,0.066,0.000,0.000,0.000,0.000,0,0,0,0,0.133,0.142,0.052,0.041,0.026,0.011,8,7,5,2
0.071,0.301,0.235,-0.48,0.134,0,0.1580,0.1653,0.202,0.007,0.090,0.066,0.000,0.000,0.000,0.000,0,0,0,0,0.133,0.142,0.052,0.041,0.026,0.011,8,7,5,2
0.058,0.265,0.243,1.42,0.221,0,0.1425,0.1562,0.205,-0.397,0.090,0.066,0.000,0.000,0.000,0.000,0,0,0,0,0.133,0.142,0.052,0.041,0.026,0.011,8,7,5,2
0.058,0.276,0.429,0,0.000,0,0.1241,0.1450,0.214,0.166,0.090,0.066,0.000,0.000,0.000,0.000,0,0,0,0,0.133,0.142,0.052,0.041,0.026,0.011,8,7,5,2
0.049,0.215,0.355,0.85,0.046,0,0.1079,0.1328,0.326,0.06,0.090,0.066,0.000,0.000,0.000,0.000,0,0,0,0,0.133,0.142,0.052,0.041,0.026,0.011,8,7,5,2
0.053,0.257,0.511,0,0.000,0,0.1050,0.1272,0.262,0.166,0.090,0.066,0.000,0.000,0.000,0.000,0,0,0,0,0.133,0.142,0.052,0.041,0.026,0.011,8,7,5,2
0.053,0.265,0.538,-0.08,0.108,0,0.1148,0.1301,0.292,0.059,0.090,0.066,0.000,0.000,0.000,0.000,0,0,0,0,0.133,0.142,0.052,0.041,0.026,0.011,8,7,5,2
0.047,0.279,0.483,-0.08,0.108,0,0.1408,0.1439,0.318,0.059,0.090,0.066,0.000,0.000,0.000,0.000,0,0,0,0,0.133,0.142,0.052,0.041,0.026,0.011,8,7,5,2
0.050,0.284,0.322,-0.48,0.134,0,0.1667,0.1570,0.225,0.007,0.090,0.066,0.000,0.000,0.000,0.000,0,0,0,0,0.133,0.142,0.052,0.041,0.026,0.011,8,7,5,2
0.042,0.248,0.527,-1.14,0.131,0,0.1954,0.1733,0.291,0.987,0.090,0.066,0.000,0.000,0.000,0.000,0,0,0,0,0.133,0.142,0.052,0.041,0.026,0.011,8,7,5,2
0.047,0.226,0.171,-1.1,0.105,-1,0.2192,0.1870,0.387,0.192,0.090,0.066,0.000,0.000,0.000,0.000,0,0,0,0,0.133,0.142,0.052,0.041,0.026,0.011,8,7,5,2
0.039,0.239,0.358,1.37,0.298,0,0.2297,0.1918,0.227,-0.510,0.090,0.066,0.000,0.000,0.000,0.000,0,0,0,0,0.133,0.142,0.052,0.041,0.026,0.011,8,7,5,2
0.048,0.234,0.032,1.69,0.290,0,0.2275,0.1899,0.142,-0.697,0.090,0.066,0.000,0.000,0.000,0.000,0,0,0,0,0.133,0.142,0.052,0.041,0.026,0.011,8,7,5,2
0.041,0.209,0.012,-1.1,0.105,-1,0.2075,0.1754,0.225,0.192,0.090,0.066,0.000,0.000,0.000,0.000,0,0,0,0,0.133,0.142,0.052,0.041,0.026,0.011,8,7,5,2
0.042,0.206,0.082,1.69,0.290,0,0.1833,0.1604,0.137,-0.697,0.090,0.066,0.000,0.000,0.000,0.000,0,0,0,0,0.133,0.142,0.052,0.041,0.026,0.011,8,7,5,2
0.034,0.210,0.142,-1.1,0.105,-1,0.1449,0.1325,0.335,0.192,0.090,0.066,0.000,0.000,0.000,0.000,0,0,0,0,0.133,0.142,0.052,0.041,0.026,0.011,8,7,5,2
0.032,0.230,0.541,0.2,0.291,1,0.1050,0.1028,0.355,0.180,0.090,0.066,0.000,0.000,0.000,0.000,0,0,0,0,0.133,0.142,0.052,0.041,0.026,0.011,8,7,5,2
0.033,0.248,0.476,1.37,0.298,0,0.0718,0.0765,0.213,-0.510,0.090,0.066,0.000,0.000,0.000,0.000,0,0,0,0,0.133,0.142,0.052,0.041,0.026,0.011,8,7,5,2
0.034,0.236,0.483,-0.52,0.062,0,0.0500,0.0560,0.274,0.341,0.090,0.066,0.000,0.000,0.000,0.000,0,0,0,0,0.133,0.142,0.052,0.041,0.026,0.011,8,7,5,2
0.041,0.241,0.391,-0.48,0.134,0,0.0321,0.0374,0.424,0.007,0.090,0.066,0.000,0.000,0.000,0.000,0,0,0,0,0.133,0.142,0.052,0.041,0.026,0.011,8,7,5,2
0.042,0.216,0.298,1.99,0.186,0,0.0207,0.0243,0.232,-0.326,0.090,0.066,0.000,0.000,0.000,0.000,0,0,0,0,0.133,0.142,0.052,0.041,0.026,0.011,8,7,5,2
0.044,0.213,0.251,-0.79,0.151,-1,0.0142,0.0161,0.455,0.736,0.090,0.066,0.000,0.000,0.000,0.000,0,0,0,0,0.133,0.142,0.052,0.041,0.026,0.011,8,7,5,2
0.040,0.229,0.218,0,0.000,0,0.0130,0.0125,0.369,0.166,0.090,0.066,0.000,0.000,0.000,0.000,0,0,0,0,0.133,0.142,0.052,0.041,0.026,0.011,8,7,5,2
0.047,0.265,0.004,1.37,0.298,0,0.0178,0.0139,0.158,-0.510,0.090,0.066,0.000,0.000,0.000,0.000,0,0,0,0,0.133,0.142,0.052,0.041,0.026,0.011,8,7,5,2
0.049,0.238,0.001,-0.52,0.062,0,0.0212,0.0158,0.194,0.341,0.090,0.066,0.000,0.000,0.000,0.000,0,0,0,0,0.133,0.142,0.052,0.041,0.026,0.011,8,7,5,2
0.075,0.232,0.004,1.69,0.290,0,0.0283,0.0210,0.141,-0.697,0.090,0.066,0.000,0.000,0.000,0.000,0,0,0,0,0.133,0.142,0.052,0.041,0.026,0.011,8,7,5,2
0.076,0.148,0.004,-1.1,0.105,-1,0.0289,0.0211,0.226,0.192,0.090,0.066,0.000,0.000,0.000,0.000,0,0,0,0,0.133,0.142,0.052,0.041,0.026,0.011,8,7,5,2
0.059,0.110,0.003,1.99,0.186,0,0.0278,0.0200,0.037,-0.326,0.090,0.066,0.000,0.000,0.000,0.000,0,0,0,0,0.133,0.142,0.052,0.041,0.026,0.011,8,7,5,2
0.070,0.078,0.002,3.14,0.186,0,0.0254,0.0179,0.107,-0.486,0.090,0.066,0.000,0.000,0.000,0.000,0,0,0,0,0.133,0.142,0.052,0.041,0.026,0.011,8,7,5,2
0.069,0.067,0.002,0.85,0.046,0,0.0214,0.0139,0.148,0.06,0.090,0.066,0.000,0.000,0.000,0.000,0,0,0,0,0.133,0.142,0.052,0.041,0.026,0.011,8,7,5,2
0.080,0.083,0.002,3.14,0.186,0,0.0174,0.0106,0.074,-0.486,0.090,0.066,0.000,0.000,0.000,0.000,0,0,0,0,0.133,0.142,0.052,0.041,0.026,0.011,8,7,5,2
0.065,0.051,0.003,1.99,0.186,0,0.0140,0.0083,0.066,-0.326,0.090,0.066,0.000,0.000,0.000,0.000,0,0,0,0,0.133,0.142,0.052,0.041,0.026,0.011,8,7,5,2
0.081,0.061,0.005,-0.79,0.151,-1,0.0129,0.0077,0.406,0.736,0.090,0.066,0.000,0.000,0.000,0.000,0,0,0,0,0.133,0.142,0.052,0.041,0.026,0.011,8,7,5,2
0.081,0.082,0.003,-1.1,0.105,-1,0.0106,0.0055,0.455,0.192,0.090,0.066,0.000,0.000,0.000,0.000,0,0,0,0,0.133,0.142,0.052,0.041,0.026,0.011,8,7,5,2
0.098,0.096,0.004,1.99,0.186,0,0.0098,0.0050,0.125,-0.326,0.090,0.066,0.000,0.000,0.000,0.000,0,0,0,0,0.133,0.142,0.052,0.041,0.026,0.011,8,7,5,2
0.098,0.107,0.012,-1.19,0.219,1,0.0095,0.0040,0.450,0.586,0.090,0.066,0.000,0.000,0.000,0.000,0,0,0,0,0.133,0.142,0.052,0.041,0.026,0.011,8,7,5,2
0.119,0.101,0.005,3.14,0.186,0,0.0131,0.0058,0.194,-0.486,0.090,0.066,0.000,0.000,0.000,0.000,0,0,0,0,0.133,0.142,0.052,0.041,0.026,0.011,8,7,5,2
0.130,0.114,0.041,-0.79,0.151,-1,0.0174,0.0083,0.337,0.736,0.090,0.066,0.000,0.000,0.000,0.000,0,0,0,0,0.133,0.142,0.052,0.041,0.026,0.011,8,7,5,2
0.132,0.212,0.144,-0.52,0.062,0,0.0206,0.0095,0.140,0.341,0.090,0.066,0.000,0.000,0.000,0.000,0,0,0,0,0.133,0.142,0.052,0.041,0.026,0.011,8,7,5,2
0.140,0.196,0.042,2.1,0.128,0,0.0222,0.0099,0.055,0.02,0.090,0.066,0.000,0.000,0.000,0.000,0,0,0,0,0.133,0.142,0.052,0.041,0.026,0.011,8,7,5,2
0.136,0.302,0.053,3.14,0.186,0,0.0234,0.0101,0.096,-0.486,0.090,0.066,0.000,0.000,0.000,0.000,0,0,0,0,0.133,0.142,0.052,0.041,0.026,0.011,8,7,5,2
0.142,0.422,0.096,1.69,0.290,0,0.0240,0.0099,0.107,-0.697,0.090,0.066,0.000,0.000,0.000,0.000,0,0,0,0,0.133,0.142,0.052,0.041,0.026,0.011,8,7,5,2
0.143,0.418,0.023,2.53,0.140,0,0.0228,0.0092,0.087,-0.121,0.090,0.066,0.000,0.000,0.000,0.000,0,0,0,0,0.133,0.142,0.052,0.041,0.026,0.011,8,7,5,2
0.173,0.440,0.218,0,0.000,0,0.0209,0.0085,0.107,0.166,0.090,0.066,0.000,0.000,0.000,0.000,0,0,0,0,0.133,0.142,0.052,0.041,0.026,0.011,8,7,5,2
0.181,0.370,0.379,0.22,0.230,0,0.0202,0.0082,0.184,0.303,0.090,0.066,0.000,0.000,0.000,0.000,0,0,0,0,0.133,0.142,0.052,0.041,0.026,0.011,8,7,5,2
0.190,0.387,0.676,-0.52,0.062,0,0.0187,0.0069,0.149,0.341,0.090,0.066,0.000,0.000,0.000,0.000,0,0,0,0,0.133,0.142,0.052,0.041,0.026,0.011,8,7,5,2
0.155,0.259,0.255,2.53,0.140,0,0.0167,0.0054,0.101,-0.121,0.090,0.066,0.000,0.000,0.000,0.000,0,0,0,0,0.133,0.142,0.052,0.041,0.026,0.011,8,7,5,2
0.135,0.291,0.237,-0.52,0.062,0,0.0186,0.0059,0.139,0.341,0.090,0.066,0.000,0.000,0.000,0.000,0,0,0,0,0.133,0.142,0.052,0.041,0.026,0.011,8,7,5,2
0.170,0.216,0.171,0.85,0.046,0,0.0244,0.0093,0.116,0.06,0.090,0.066,0.000,0.000,0.000,0.000,0,0,0,0,0.133,0.142,0.052,0.041,0.026,0.011,8,7,5,2
0.156,0.197,0.050,1.42,0.221,0,0.0310,0.0129,0.080,-0.397,0.090,0.066,0.000,0.000,0.000,0.000,0,0,0,0,0.133,0.142,0.052,0.041,0.026,0.011,8,7,5,2
0.146,0.241,0.017,3.14,0.186,0,0.0396,0.0183,0.083,-0.486,0.090,0.066,0.000,0.000,0.000,0.000,0,0,0,0,0.133,0.142,0.052,0.041,0.026,0.011,8,7,5,2
0.148,0.208,0.027,0,0.000,0,0.0462,0.0228,0.102,0.166,0.090,0.066,0.000,0.000,0.000,0.000,0,0,0,0,0.133,0.142,0.052,0.041,0.026,0.011,8,7,5,2
0.148,0.175,0.027,2.53,0.140,0,0.0493,0.0262,0.074,-0.121,0.090,0.066,0.000,0.000,0.000,0.000,0,0,0,0,0.133,0.142,0.052,0.041,0.026,0.011,8,7,5,2
0.156,0.080,0.065,1.99,0.186,0,0.0493,0.0273,0.085,-0.326,0.090,0.066,0.000,0.000,0.000,0.000,0,0,0,0,0.133,0.142,0.052,0.041,0.026,0.011,8,7,5,2
0.187,0.067,0.034,0.85,0.046,0,0.0471,0.0272,0.154,0.06,0.090,0.066,0.000,0.000,0.000,0.000,0,0,0,0,0.133,0.142,0.052,0.041,0.026,0.011,8,7,5,2
0.171,0.127,0.081,-0.52,0.062,0,0.0398,0.0239,0.219,0.341,0.090,0.066,0.000,0.000,0.000,0.000,0,0,0,0,0.133,0.142,0.052,0.041,0.026,0.011,8,7,5,2
0.163,0.099,0.027,1.99,0.186,0,0.0315,0.0188,0.170,-0.326,0.090,0.066,0.000,0.000,0.000,0.000,0,0,0,0,0.133,0.142,0.052,0.041,0.026,0.011,8,7,5,2
0.170,0.142,0.069,-0.48,0.134,0,0.0251,0.0153,0.412,0.007,0.090,0.066,0.000,0.000,0.000,0.000,0,0,0,0,0.133,0.142,0.052,0.041,0.026,0.011,8,7,5,2
0.158,0.230,0.208,0.2,0.291,1,0.0243,0.0177,0.332,0.180,0.090,0.066,0.000,0.000,0.000,0.000,0,0,0,0,0.133,0.142,0.052,0.041,0.026,0.011,8,7,5,2
0.165,0.181,0.077,-1.14,0.131,0,0.0213,0.0167,0.398,0.987,0.090,0.066,0.000,0.000,0.000,0.000,0,0,0,0,0.133,0.142,0.052,0.041,0.026,0.011,8,7,5,2
0.159,0.201,0.092,-1.1,0.105,-1,0.0236,0.0212,0.418,0.192,0.090,0.066,0.000,0.000,0.000,0.000,0,0,0,0,0.133,0.142,0.052,0.041,0.026,0.011,8,7,5,2
0.171,0.130,0.287,1.99,0.186,0,0.0288,0.0279,0.131,-0.326,0.090,0.066,0.000,0.000,0.000,0.000,0,0,0,0,0.133,0.142,0.052,0.041,0.026,0.011,8,7,5,2
0.161,0.219,0.099,1.69,0.290,0,0.0415,0.0423,0.152,-0.697,0.090,0.066,0.000,0.000,0.000,0.000,0,0,0,0,0.133,0.142,0.052,0.041,0.026,0.011,8,7,5,2
0.167,0.240,0.282,-0.52,0.062,0,0.0553,0.0597,0.203,0.341,0.090,0.066,0.000,0.000,0.000,0.000,0,0,0,0,0.133,0.142,0.052,0.041,0.026,0.011,8,7,5,2
0.150,0.297,0.217,-1.19,0.219,1,0.0664,0.0747,0.228,0.586,0.090,0.066,0.000,0.000,0.000,0.000,0,0,0,0,0.133,0.142,0.052,0.041,0.026,0.011,8,7,5,2
0.150,0.213,0.010,3.14,0.186,0,0.0664,0.0786,0.082,-0.486,0.090,0.066,0.000,0.000,0.000,0.000,0,0,0,0,0.133,0.142,0.052,0.041,0.026,0.011,8,7,5,2
0.121,0.199,0.003,2.53,0.140,0,0.0673,0.0828,0.072,-0.121,0.090,0.066,0.000,0.000,0.000,0.000,0,0,0,0,0.133,0.142,0.052,0.041,0.026,0.011,8,7,5,2
0.117,0.244,0.005,1.42,0.221,0,0.0683,0.0867,0.147,-0.397,0.090,0.066,0.000,0.000,0.000,0.000,0,0,0,0,0.133,0.142,0.052,0.041,0.026,0.011,8,7,5,2
0.138,0.286,0.009,3.14,0.186,0,0.0676,0.0873,0.070,-0.486,0.090,0.066,0.000,0.000,0.000,0.000,0,0,0,0,0.133,0.142,0.052,0.041,0.026,0.011,8,7,5,2
0.127,0.279,0.199,-0.52,0.062,0,0.0621,0.0827,0.093,0.341,0.090,0.066,0.000,0.000,0.000,0.000,0,0,0,0,0.133,0.142,0.052,0.041,0.026,0.011,8,7,5,2
0.119,0.262,0.319,0.85,0.046,0,0.0521,0.0747,0.162,0.06,0.090,0.066,0.000,0.000,0.000,0.000,0,0,0,0,0.133,0.142,0.052,0.041,0.026,0.011,8,7,5,2
0.120,0.299,0.482,-0.52,0.062,0,0.0458,0.0697,0.201,0.341,0.090,0.066,0.000,0.000,0.000,0.000,0,0,0,0,0.133,0.142,0.052,0.041,0.026,0.011,8,7,5,2
0.123,0.270,0.337,-1.14,0.131,0,0.0497,0.0762,0.254,0.987,0.090,0.066,0.000,0.000,0.000,0.000,0,0,0,0,0.133,0.142,0.052,0.041,0.026,0.011,8,7,5,2
0.151,0.315,0.479,0.2,0.291,1,0.0539,0.0842,0.348,0.180,0.090,0.066,0.000,0.000,0.000,0.000,0,0,0,0,0.133,0.142,0.052,0.041,0.026,0.011,8,7,5,2
0.119,0.297,0.376,1.37,0.298,0,0.0684,0.1007,0.206,-0.510,0.090,0.066,0.000,0.000,0.000,0.000,0,0,0,0,0.133,0.142,0.052,0.041,0.026,0.011,8,7,5,2
0.078,0.180,0.154,2.53,0.140,0,0.1083,0.1385,0.139,-0.121,0.090,0.066,0.000,0.000,0.000,0.000,0,0,0,0,0.133,0.142,0.052,0.041,0.026,0.011,8,7,5,2
0.077,0.228,0.322,-0.48,0.134,0,0.1607,0.1871,0.302,0.007,0.090,0.066,0.000,0.000,0.000,0.000,0,0,0,0,0.133,0.142,0.052,0.041,0.026,0.011,8,7,5,2
0.062,0.175,0.320,-1.1,0.105,-1,0.2004,0.2231,0.306,0.192,0.090,0.066,0.000,0.000,0.000,0.000,0,0,0,0,0.133,0.142,0.052,0.041,0.026,0.011,8,7,5,2
0.057,0.174,0.003,2.53,0.140,0,0.2318,0.2504,0.225,-0.121,0.090,0.066,0.000,0.000,0.000,0.000,0,0,0,0,0.133,0.142,0.052,0.041,0.026,0.011,8,7,5,2
0.058,0.211,0.098,-1.1,0.105,-1,0.2478,0.2627,0.286,0.192,0.090,0.066,0.000,0.000,0.000,0.000,0,0,0,0,0.133,0.142,0.052,0.041,0.026,0.011,8,7,5,2
0.046,0.234,0.391,1.37,0.298,0,0.2568,0.2702,0.246,-0.510,0.090,0.066,0.000,0.000,0.000,0.000,0,0,0,0,0.133,0.142,0.052,0.041,0.026,0.011,8,7,5,2
0.044,0.222,0.254,-0.42,0.180,0,0.2452,0.2609,0.436,0.318,0.090,0.066,0.000,0.000,0.000,0.000,0,0,0,0,0.133,0.142,0.052,0.041,0.026,0.011,8,7,5,2
0.042,0.218,0.072,0,0.000,0,0.2307,0.2497,0.330,0.166,0.090,0.066,0.000,0.000,0.000,0.000,0,0,0,0,0.133,0.142,0.052,0.041,0.026,0.011,8,7,5,2
0.035,0.170,0.165,0,0.000,0,0.1948,0.2202,0.301,0.166,0.090,0.066,0.000,0.000,0.000,0.000,0,0,0,0,0.133,0.142,0.052,0.041,0.026,0.011,8,7,5,2
0.027,0.148,0.201,1.69,0.290,0,0.1603,0.1933,0.187,-0.697,0.090,0.066,0.000,0.000,0.000,0.000,0,0,0,0,0.133,0.142,0.052,0.041,0.026,0.011,8,7,5,2
0.031,0.105,0.145,-0.79,0.151,-1,0.1395,0.1790,0.387,0.736,0.090,0.066,0.000,0.000,0.000,0.000,0,0,0,0,0.133,0.142,0.052,0.041,0.026,0.011,8,7,5,2
0.030,0.085,0.050,-0.42,0.180,0,0.1348,0.1775,0.365,0.318,0.090,0.066,0.000,0.000,0.000,0.000,0,0,0,0,0.133,0.142,0.052,0.041,0.026,0.011,8,7,5,2
0.038,0.071,0.006,-0.79,0.151,-1,0.1374,0.1815,0.528,0.736,0.090,0.066,0.000,0.000,0.000,0.000,0,0,0,0,0.133,0.142,0.052,0.041,0.026,0.011,8,7,5,2
0.042,0.065,0.005,-1.1,0.105,-1,0.1406,0.1836,0.261,0.192,0.090,0.066,0.000,0.000,0.000,0.000,0,0,0,0,0.133,0.142,0.052,0.041,0.026,0.011,8,7,5,2
0.035,0.048,0.001,1.99,0.186,0,0.1479,0.1862,0.057,-0.326,0.090,0.066,0.000,0.000,0.000,0.000,0,0,0,0,0.133,0.142,0.052,0.041,0.026,0.011,8,7,5,2
0.032,0.080,0.012,-0.48,0.134,0,0.1526,0.1865,0.375,0.007,0.090,0.066,0.000,0.000,0.000,0.000,0,0,0,0,0.133,0.142,0.052,0.041,0.026,0.011,8,7,5,2
0.046,0.124,0.003,-0.42,0.180,0,0.1390,0.1696,0.406,0.318,0.090,0.066,0.000,0.000,0.000,0.000,0,0,0,0,0.133,0.142,0.052,0.041,0.026,0.011,8,7,5,2
0.048,0.082,0.002,1.99,0.186,0,0.1148,0.1428,0.043,-0.326,0.090,0.066,0.000,0.000,0.000,0.000,0,0,0,0,0.133,0.142,0.052,0.041,0.026,0.011,8,7,5,2
0.031,0.085,0.054,1.69,0.290,0,0.0955,0.1194,0.071,-0.697,0.090,0.066,0.000,0.000,0.000,0.000,0,0,0,0,0.133,0.142,0.052,0.041,0.026,0.011,8,7,5,2
0.032,0.075,0.077,-0.79,0.151,-1,0.0774,0.0981,0.482,0.736,0.090,0.066,0.000,0.000,0.000,0.000,0,0,0,0,0.133,0.142,0.052,0.041,0.026,0.011,8,7,5,2
0.039,0.089,0.035,0.85,0.046,0,0.0563,0.0751,0.186,0.06,0.090,0.066,0.000,0.000,0.000,0.000,0,0,0,0,0.133,0.142,0.052,0.041,0.026,0.011,8,7,5,2
0.050,0.127,0.004,3.14,0.186,0,0.0365,0.0529,0.043,-0.486,0.090,0.066,0.000,0.000,0.000,0.000,0,0,0,0,0.133,0.142,0.052,0.041,0.026,0.011,8,7,5,2
0.042,0.221,0.332,0.2,0.291,1,0.0221,0.0364,0.328,0.180,0.090,0.066,0.000,0.000,0.000,0.000,0,0,0,0,0.133,0.142,0.052,0.041,0.026,0.011,8,7,5,2
0.052,0.219,0.195,-0.52,0.062,0,0.0186,0.0307,0.484,0.341,0.090,0.066,0.000,0.000,0.000,0.000,0,0,0,0,0.133,0.142,0.052,0.041,0.026,0.011,8,7,5,2
0.052,0.287,0.419,-0.48,0.134,0,0.0103,0.0215,0.358,0.007,0.090,0.066,0.000,0.000,0.000,0.000,0,0,0,0,0.133,0.142,0.052,0.041,0.026,0.011,8,7,5,2
0.052,0.318,0.318,1.37,0.298,0,0.0131,0.0228,0.137,-0.510,0.090,0.066,0.000,0.000,0.000,0.000,0,0,0,0,0.133,0.142,0.052,0.041,0.026,0.011,8,7,5,2
0.062,0.318,0.292,-1.19,0.219,1,0.0129,0.0225,0.377,0.586,0.090,0.066,0.000,0.000,0.000,0.000,0,0,0,0,0.133,0.142,0.052,0.041,0.026,0.011,8,7,5,2
0.065,0.228,0.191,0.85,0.046,0,0.0132,0.0234,0.174,0.06,0.090,0.066,0.000,0.000,0.000,0.000,0,0,0,0,0.133,0.142,0.052,0.041,0.026,0.011,8,7,5,2
0.066,0.279,0.081,1.76,0.409,0,0.0173,0.0278,0.163,-0.884,0.090,0.066,0.000,0.000,0.000,0.000,0,0,0,0,0.133,0.142,0.052,0.041,0.026,0.011,8,7,5,2
0.083,0.197,0.003,2.1,0.128,0,0.0251,0.0355,0.065,0.02,0.090,0.066,0.000,0.000,0.000,0.000,0,0,0,0,0.133,0.142,0.052,0.041,0.026,0.011,8,7,5,2
0.098,0.210,0.013,1.99,0.186,0,0.0297,0.0405,0.119,-0.326,0.090,0.066,0.000,0.000,0.000,0.000,0,0,0,0,0.133,0.142,0.052,0.041,0.026,0.011,8,7,5,2
0.102,0.212,0.005,0,0.000,0,0.0327,0.0437,0.130,0.166,0.090,0.066,0.000,0.000,0.000,0.000,0,0,0,0,0.133,0.142,0.052,0.041,0.026,0.011,8,7,5,2
0.100,0.226,0.005,1.69,0.290,0,0.0356,0.0466,0.127,-0.697,0.090,0.066,0.000,0.000,0.000,0.000,0,0,0,0,0.133,0.142,0.052,0.041,0.026,0.011,8,7,5,2
0.102,0.199,0.005,0.85,0.046,0,0.0342,0.0445,0.094,0.06,0.090,0.066,0.000,0.000,0.000,0.000,0,0,0,0,0.133,0.142,0.052,0.041,0.026,0.011,8,7,5,2
0.094,0.222,0.031,-1.14,0.131,0,0.0311,0.0409,0.197,0.987,0.090,0.066,0.000,0.000,0.000,0.000,0,0,0,0,0.133,0.142,0.052,0.041,0.026,0.011,8,7,5,2
0.112,0.144,0.113,1.99,0.186,0,0.0246,0.0358,0.129,-0.326,0.090,0.066,0.000,0.000,0.000,0.000,0,0,0,0,0.133,0.142,0.052,0.041,0.026,0.011,8,7,5,2
0.126,0.148,0.120,0.85,0.046,0,0.0237,0.0357,0.138,0.06,0.090,0.066,0.000,0.000,0.000,0.000,0,0,0,0,0.133,0.142,0.052,0.041,0.026,0.011,8,7,5,2
0.098,0.179,0.008,2.53,0.140,0,0.0303,0.0446,0.194,-0.121,0.090,0.066,0.000,0.000,0.000,0.000,0,0,0,0,0.133,0.142,0.052,0.041,0.026,0.011,8,7,5,2
0.079,0.199,0.058,0,0.000,0,0.0404,0.0571,0.265,0.166,0.090,0.066,0.000,0.000,0.000,0.000,0,0,0,0,0.133,0.142,0.052,0.041,0.026,0.011,8,7,5,2
0.094,0.217,0.200,0,0.000,0,0.0537,0.0722,0.226,0.166,0.090,0.066,0.000,0.000,0.000,0.000,0,0,0,0,0.133,0.142,0.052,0.041,0.026,0.011,8,7,5,2
0.096,0.207,0.008,-1.1,0.105,-1,0.0620,0.0818,0.346,0.192,0.090,0.066,0.000,0.000,0.000,0.000,0,0,0,0,0.133,0.142,0.052,0.041,0.026,0.011,8,7,5,2
0.101,0.203,0.006,1.42,0.221,0,0.0653,0.0860,0.166,-0.397,0.090,0.066,0.000,0.000,0.000,0.000,0,0,0,0,0.133,0.142,0.052,0.041,0.026,0.011,8,7,5,2
0.094,0.232,0.001,-1.1,0.105,-1,0.0721,0.0915,0.286,0.192,0.090,0.066,0.000,0.000,0.000,0.000,0,0,0,0,0.133,0.142,0.052,0.041,0.026,0.011,8,7,5,2
0.113,0.228,0.005,-0.52,0.062,0,0.0822,0.0980,0.229,0.341,0.090,0.066,0.000,0.000,0.000,0.000,0,0,0,0,0.133,0.142,0.052,0.041,0.026,0.011,8,7,5,2
0.093,0.200,0.002,3.14,0.186,0,0.0972,0.1083,0.169,-0.486,0.090,0.066,0.000,0.000,0.000,0.000,0,0,0,0,0.133,0.142,0.052,0.041,0.026,0.011,8,7,5,2
0.082,0.168,0.002,0.85,0.046,0,0.1121,0.1180,0.107,0.06,0.090,0.066,0.000,0.000,0.000,0.000,0,0,0,0,0.133,0.142,0.052,0.041,0.026,0.011,8,7,5,2
0.086,0.171,0.002,2.53,0.140,0,0.1277,0.1302,0.077,-0.121,0.090,0.066,0.000,0.000,0.000,0.000,0,0,0,0,0.133,0.142,0.052,0.041,0.026,0.011,8,7,5,2
0.089,0.185,0.071,-0.42,0.180,0,0.1375,0.1381,0.286,0.318,0.090,0.066,0.000,0.000,0.000,0.000,0,0,0,0,0.133,0.142,0.052,0.041,0.026,0.011,8,7,5,2
0.085,0.206,0.009,-0.79,0.151,-1,0.1410,0.1407,0.284,0.736,0.090,0.066,0.000,0.000,0.000,0.000,0,0,0,0,0.133,0.142,0.052,0.041,0.026,0.011,8,7,5,2
0.080,0.222,0.002,1.69,0.290,0,0.1322,0.1342,0.098,-0.697,0.090,0.066,0.000,0.000,0.000,0.000,0,0,0,0,0.133,0.142,0.052,0.041,0.026,0.011,8,7,5,2
0.076,0.229,0.049,-0.52,0.062,0,0.1223,0.1278,0.138,0.341,0.090,0.066,0.000,0.000,0.000,0.000,0,0,0,0,0.133,0.142,0.052,0.041,0.026,0.011,8,7,5,2
0.080,0.247,0.509,0.2,0.291,1,0.1158,0.1236,0.375,0.180,0.090,0.066,0.000,0.000,0.000,0.000,0,0,0,0,0.133,0.142,0.052,0.041,0.026,0.011,8,7,5,2
0.076,0.232,0.027,-0.08,0.108,0,0.1051,0.1157,0.242,0.059,0.090,0.066,0.000,0.000,0.000,0.000,0,0,0,0,0.133,0.142,0.052,0.041,0.026,0.011,8,7,5,2
0.083,0.225,0.004,1.99,0.186,0,0.0884,0.1026,0.119,-0.326,0.090,0.066,0.000,0.000,0.000,0.000,0,0,0,0,0.133,0.142,0.052,0.041,0.026,0.011,8,7,5,2
0.079,0.244,0.207,1.69,0.290,0,0.0735,0.0894,0.197,-0.697,0.090,0.066,0.000,0.000,0.000,0.000,0,0,0,0,0.133,0.142,0.052,0.041,0.026,0.011,8,7,5,2
0.083,0.249,0.269,-0.48,0.134,0,0.0706,0.0864,0.430,0.007,0.090,0.066,0.000,0.000,0.000,0.000,0,0,0,0,0.133,0.142,0.052,0.041,0.026,0.011,8,7,5,2
0.080,0.267,0.215,1.42,0.221,0,0.0772,0.0898,0.184,-0.397,0.090,0.066,0.000,0.000,0.000,0.000,0,0,0,0,0.133,0.142,0.052,0.041,0.026,0.011,8,7,5,2
0.076,0.286,0.509,0.2,0.291,1,0.0790,0.0909,0.288,0.180,0.090,0.066,0.000,0.000,0.000,0.000,0,0,0,0,0.133,0.142,0.052,0.041,0.026,0.011,8,7,5,2
0.076,0.233,0.385,-1.14,0.131,0,0.0806,0.0911,0.304,0.987,0.090,0.066,0.000,0.000,0.000,0.000,0,0,0,0,0.133,0.142,0.052,0.041,0.026,0.011,8,7,5,2
0.077,0.239,0.251,-1.1,0.105,-1,0.0821,0.0913,0.376,0.192,0.090,0.066,0.000,0.000,0.000,0.000,0,0,0,0,0.133,0.142,0.052,0.041,0.026,0.011,8,7,5,2
0.091,0.152,0.081,3.14,0.186,0,0.0832,0.0905,0.113,-0.486,0.090,0.066,0.000,0.000,0.000,0.000,0,0,0,0,0.133,0.142,0.052,0.041,0.026,0.011,8,7,5,2
0.091,0.182,0.136,0.85,0.046,0,0.0899,0.0944,0.153,0.06,0.090,0.066,0.000,0.000,0.000,0.000,0,0,0,0,0.133,0.142,0.052,0.041,0.026,0.011,8,7,5,2
0.084,0.180,0.131,1.99,0.186,0,0.1025,0.1038,0.150,-0.326,0.090,0.066,0.000,0.000,0.000,0.000,0,0,0,0,0.133,0.142,0.052,0.041,0.026,0.011,8,7,5,2
0.092,0.228,0.167,-0.52,0.062,0,0.1123,0.1109,0.174,0.341,0.090,0.066,0.000,0.000,0.000,0.000,0,0,0,0,0.133,0.142,0.052,0.041,0.026,0.011,8,7,5,2
0.097,0.209,0.036,2.53,0.140,0,0.1269,0.1237,0.156,-0.121,0.090,0.066,0.000,0.000,0.000,0.000,0,0,0,0,0.133,0.142,0.052,0.041,0.026,0.011,8,7,5,2
0.114,0.207,0.005,0,0.000,0,0.1321,0.1286,0.166,0.166,0.090,0.066,0.000,0.000,0.000,0.000,0,0,0,0,0.133,0.142,0.052,0.041,0.026,0.011,8,7,5,2
0.131,0.222,0.265,-0.42,0.180,0,0.1347,0.1301,0.236,0.318,0.090,0.066,0.000,0.000,0.000,0.000,0,0,0,0,0.133,0.142,0.052,0.041,0.026,0.011,8,7,5,2
0.125,0.218,0.082,-0.08,0.108,0,0.1167,0.1131,0.249,0.059,0.090,0.066,0.000,0.000,0.000,0.000,0,0,0,0,0.133,0.142,0.052,0.041,0.026,0.011,8,7,5,2
0.115,0.227,0.003,3.14,0.186,0,0.0962,0.0927,0.125,-0.486,0.090,0.066,0.000,0.000,0.000,0.000,0,0,0,0,0.133,0.142,0.052,0.041,0.026,0.011,8,7,5,2
0.099,0.198,0.149,1.69,0.290,0,0.0830,0.0778,0.148,-0.697,0.090,0.066,0.000,0.000,0.000,0.000,0,0,0,0,0.133,0.142,0.052,0.041,0.026,0.011,8,7,5,2
0.103,0.241,0.251,-0.42,0.180,0,0.0701,0.0632,0.289,0.318,0.090,0.066,0.000,0.000,0.000,0.000,0,0,0,0,0.133,0.142,0.052,0.041,0.026,0.011,8,7,5,2
0.101,0.248,0.272,-0.52,0.062,0,0.0591,0.0500,0.305,0.341,0.090,0.066,0.000,0.000,0.000,0.000,0,0,0,0,0.133,0.142,0.052,0.041,0.026,0.011,8,7,5,2
0.100,0.233,0.263,-1.1,0.105,-1,0.0492,0.0391,0.315,0.192,0.090,0.066,0.000,0.000,0.000,0.000,0,0,0,0,0.133,0.142,0.052,0.041,0.026,0.011,8,7,5,2
0.096,0.215,0.048,1.42,0.221,0,0.0518,0.0395,0.142,-0.397,0.090,0.066,0.000,0.000,0.000,0.000,0,0,0,0,0.133,0.142,0.052,0.041,0.026,0.011,8,7,5,2
0.094,0.251,0.446,0.2,0.291,1,0.0585,0.0434,0.416,0.180,0.090,0.066,0.000,0.000,0.000,0.000,0,0,0,0,0.133,0.142,0.052,0.041,0.026,0.011,8,7,5,2
0.101,0.235,0.134,-0.42,0.180,0,0.0567,0.0410,0.358,0.318,0.090,0.066,0.000,0.000,0.000,0.000,0,0,0,0,0.133,0.142,0.052,0.041,0.026,0.011,8,7,5,2
0.096,0.297,0.017,3.14,0.186,0,0.0573,0.0408,0.175,-0.486,0.090,0.066,0.000,0.000,0.000,0.000,0,0,0,0,0.133,0.142,0.052,0.041,0.026,0.011,8,7,5,2
0.099,0.274,0.002,1.99,0.186,0,0.0598,0.0426,0.102,-0.326,0.090,0.066,0.000,0.000,0.000,0.000,0,0,0,0,0.133,0.142,0.052,0.041,0.026,0.011,8,7,5,2
0.101,0.273,0.012,-1.14,0.131,0,0.0544,0.0373,0.260,0.987,0.090,0.066,0.000,0.000,0.000,0.000,0,0,0,0,0.133,0.142,0.052,0.041,0.026,0.011,8,7,5,2
0.109,0.272,0.023,1.69,0.290,0,0.0507,0.0337,0.197,-0.697,0.090,0.066,0.000,0.000,0.000,0.000,0,0,0,0,0.133,0.142,0.052,0.041,0.026,0.011,8,7,5,2
0.132,0.231,0.012,2.53,0.140,0,0.0485,0.0315,0.093,-0.121,0.090,0.066,0.000,0.000,0.000,0.000,0,0,0,0,0.133,0.142,0.052,0.041,0.026,0.011,8,7,5,2
0.168,0.191,0.139,-0.08,0.108,0,0.0475,0.0302,0.226,0.059,0.090,0.066,0.000,0.000,0.000,0.000,0,0,0,0,0.133,0.142,0.052,0.041,0.026,0.011,8,7,5,2
0.154,0.180,0.182,2.53,0.140,0,0.0506,0.0321,0.083,-0.121,0.090,0.066,0.000,0.000,0.000,0.000,0,0,0,0,0.133,0.142,0.052,0.041,0.026,0.011,8,7,5,2
0.159,0.177,0.227,-1.14,0.131,0,0.0443,0.0272,0.177,0.987,0.090,0.066,0.000,0.000,0.000,0.000,0,0,0,0,0.133,0.142,0.052,0.041,0.026,0.011,8,7,5,2
0.154,0.249,0.026,2.1,0.128,0,0.0418,0.0254,0.101,0.02,0.090,0.066,0.000,0.000,0.000,0.000,0,0,0,0,0.133,0.142,0.052,0.041,0.026,0.011,8,7,5,2
0.148,0.284,0.015,0.22,0.230,0,0.0344,0.0196,0.224,0.303,0.090,0.066,0.000,0.000,0.000,0.000,0,0,0,0,0.133,0.142,0.052,0.041,0.026,0.011,8,7,5,2
0.146,0.224,0.033,3.14,0.186,0,0.0293,0.0159,0.114,-0.486,0.090,0.066,0.000,0.000,0.000,0.000,0,0,0,0,0.133,0.142,0.052,0.041,0.026,0.011,8,7,5,2
0.150,0.184,0.007,1.99,0.186,0,0.0277,0.0147,0.134,-0.326,0.090,0.066,0.000,0.000,0.000,0.000,0,0,0,0,0.133,0.142,0.052,0.041,0.026,0.011,8,7,5,2
0.151,0.197,0.143,-0.42,0.180,0,0.0298,0.0165,0.356,0.318,0.090,0.066,0.000,0.000,0.000,0.000,0,0,0,0,0.133,0.142,0.052,0.041,0.026,0.011,8,7,5,2
0.157,0.235,0.200,-0.52,0.062,0,0.0348,0.0203,0.250,0.341,0.090,0.066,0.000,0.000,0.000,0.000,0,0,0,0,0.133,0.142,0.052,0.041,0.026,0.011,8,7,5,2
0.198,0.125,0.419,2.53,0.140,0,0.0353,0.0215,0.116,-0.121,0.090,0.066,0.000,0.000,0.000,0.000,0,0,0,0,0.133,0.142,0.052,0.041,0.026,0.011,8,7,5,2
0.163,0.157,0.546,-1.19,0.219,1,0.0376,0.0242,0.482,0.586,0.090,0.066,0.000,0.000,0.000,0.000,0,0,0,0,0.133,0.142,0.052,0.041,0.026,0.011,8,7,5,2
0.154,0.169,0.056,-1.1,0.105,-1,0.0381,0.0262,0.469,0.192,0.090,0.066,0.000,0.000,0.000,0.000,0,0,0,0,0.133,0.142,0.052,0.041,0.026,0.011,8,7,5,2
0.153,0.148,0.078,1.99,0.186,0,0.0366,0.0265,0.203,-0.326,0.090,0.066,0.000,0.000,0.000,0.000,0,0,0,0,0.133,0.142,0.052,0.041,0.026,0.011,8,7,5,2
0.171,0.179,0.009,0.85,0.046,0,0.0347,0.0263,0.308,0.06,0.090,0.066,0.000,0.000,0.000,0.000,0,0,0,0,0.133,0.142,0.052,0.041,0.026,0.011,8,7,5,2
0.167,0.138,0.033,2.53,0.140,0,0.0377,0.0302,0.109,-0.121,0.090,0.066,0.000,0.000,0.000,0.000,0,0,0,0,0.133,0.142,0.052,0.041,0.026,0.011,8,7,5,2
0.133,0.161,0.294,-1.14,0.131,0,0.0395,0.0326,0.195,0.987,0.090,0.066,0.000,0.000,0.000,0.000,0,0,0,0,0.133,0.142,0.052,0.041,0.026,0.011,8,7,5,2
0.136,0.152,0.411,2.53,0.140,0,0.0416,0.0347,0.115,-0.121,0.090,0.066,0.000,0.000,0.000,0.000,0,0,0,0,0.133,0.142,0.052,0.041,0.026,0.011,8,7,5,2
0.139,0.127,0.236,2.53,0.140,0,0.0435,0.0366,0.131,-0.121,0.090,0.066,0.000,0.000,0.000,0.000,0,0,0,0,0.133,0.142,0.052,0.041,0.026,0.011,8,7,5,2
0.147,0.160,0.014,2.53,0.140,0,0.0490,0.0411,0.085,-0.121,0.090,0.066,0.000,0.000,0.000,0.000,0,0,0,0,0.133,0.142,0.052,0.041,0.026,0.011,8,7,5,2
0.115,0.162,0.029,-0.52,0.062,0,0.0544,0.0460,0.129,0.341,0.090,0.066,0.000,0.000,0.000,0.000,0,0,0,0,0.133,0.142,0.052,0.041,0.026,0.011,8,7,5,2
0.121,0.220,0.073,-0.79,0.151,-1,0.0522,0.0457,0.249,0.736,0.090,0.066,0.000,0.000,0.000,0.000,0,0,0,0,0.133,0.142,0.052,0.041,0.026,0.011,8,7,5,2
0.097,0.262,0.010,1.37,0.298,0,0.0449,0.0400,0.190,-0.510,0.090,0.066,0.000,0.000,0.000,0.000,0,0,0,0,0.133,0.142,0.052,0.041,0.026,0.011,8,7,5,2
0.101,0.208,0.008,1.99,0.186,0,0.0335,0.0305,0.111,-0.326,0.090,0.066,0.000,0.000,0.000,0.000,0,0,0,0,0.133,0.142,0.052,0.041,0.026,0.011,8,7,5,2
0.082,0.229,0.020,0.22,0.230,0,0.0346,0.0341,0.261,0.303,0.090,0.066,0.000,0.000,0.000,0.000,0,0,0,0,0.133,0.142,0.052,0.041,0.026,0.011,8,7,5,2
0.082,0.196,0.033,0.85,0.046,0,0.0405,0.0427,0.290,0.06,0.090,0.066,0.000,0.000,0.000,0.000,0,0,0,0,0.133,0.142,0.052,0.041,0.026,0.011,8,7,5,2
0.080,0.187,0.088,-0.48,0.134,0,0.0388,0.0455,0.357,0.007,0.090,0.066,0.000,0.000,0.000,0.000,0,0,0,0,0.133,0.142,0.052,0.041,0.026,0.011,8,7,5,2
0.080,0.171,0.010,1.99,0.186,0,0.0488,0.0588,0.188,-0.326,0.090,0.066,0.000,0.000,0.000,0.000,0,0,0,0,0.133,0.142,0.052,0.041,0.026,0.011,8,7,5,2
0.084,0.193,0.129,0,0.000,0,0.0598,0.0727,0.340,0.166,0.090,0.066,0.000,0.000,0.000,0.000,0,0,0,0,0.133,0.142,0.052,0.041,0.026,0.011,8,7,5,2
0.081,0.126,0.096,2.1,0.128,0,0.0839,0.0967,0.131,0.02,0.090,0.066,0.000,0.000,0.000,0.000,0,0,0,0,0.133,0.142,0.052,0.041,0.026,0.011,8,7,5,2
0.082,0.123,0.158,-0.79,0.151,-1,0.1031,0.1146,0.410,0.736,0.090,0.066,0.000,0.000,0.000,0.000,0,0,0,0,0.133,0.142,0.052,0.041,0.026,0.011,8,7,5,2
0.084,0.104,0.154,-0.52,0.062,0,0.1188,0.1304,0.158,0.341,0.090,0.066,0.000,0.000,0.000,0.000,0,0,0,0,0.133,0.142,0.052,0.041,0.026,0.011,8,7,5,2
0.103,0.141,0.242,2.53,0.140,0,0.1241,0.1356,0.104,-0.121,0.090,0.066,0.000,0.000,0.000,0.000,0,0,0,0,0.133,0.142,0.052,0.041,0.026,0.011,8,7,5,2
0.111,0.136,0.162,2.53,0.140,0,0.1349,0.1461,0.083,-0.121,0.090,0.066,0.000,0.000,0.000,0.000,0,0,0,0,0.133,0.142,0.052,0.041,0.026,0.011,8,7,5,2
0.108,0.129,0.121,-0.79,0.151,-1,0.1610,0.1707,0.258,0.736,0.090,0.066,0.000,0.000,0.000,0.000,0,0,0,0,0.133,0.142,0.052,0.041,0.026,0.011,8,7,5,2
0.100,0.150,0.093,2.53,0.140,0,0.1846,0.1943,0.084,-0.121,0.090,0.066,0.000,0.000,0.000,0.000,0,0,0,0,0.133,0.142,0.052,0.041,0.026,0.011,8,7,5,2
0.104,0.166,0.065,3.14,0.186,0,0.2013,0.2142,0.079,-0.486,0.090,0.066,0.000,0.000,0.000,0.000,0,0,0,0,0.133,0.142,0.052,0.041,0.026,0.011,8,7,5,2
0.130,0.150,0.090,-1.14,0.131,0,0.2263,0.2426,0.236,0.987,0.090,0.066,0.000,0.000,0.000,0.000,0,0,0,0,0.133,0.142,0.052,0.041,0.026,0.011,8,7,5,2
0.125,0.213,0.370,-0.52,0.062,0,0.2595,0.2805,0.500,0.341,0.090,0.066,0.000,0.000,0.000,0.000,0,0,0,0,0.133,0.142,0.052,0.041,0.026,0.011,8,7,5,2
0.117,0.207,0.147,-1.1,0.105,-1,0.2787,0.3072,0.475,0.192,0.090,0.066,0.000,0.000,0.000,0.000,0,0,0,0,0.133,0.142,0.052,0.041,0.026,0.011,8,7,5,2
0.120,0.198,0.191,0,0.000,0,0.2799,0.3158,0.352,0.166,0.090,0.066,0.000,0.000,0.000,0.000,0,0,0,0,0.133,0.142,0.052,0.041,0.026,0.011,8,7,5,2
0.146,0.215,0.369,0.22,0.230,0,0.2751,0.3180,0.330,0.303,0.090,0.066,0.000,0.000,0.000,0.000,0,0,0,0,0.133,0.142,0.052,0.041,0.026,0.011,8,7,5,2
0.136,0.154,0.189,1.99,0.186,0,0.2766,0.3256,0.187,-0.326,0.090,0.066,0.000,0.000,0.000,0.000,0,0,0,0,0.133,0.142,0.052,0.041,0.026,0.011,8,7,5,2
0.130,0.144,0.022,-1.14,0.131,0,0.2718,0.3273,0.330,0.987,0.090,0.066,0.000,0.000,0.000,0.000,0,0,0,0,0.133,0.142,0.052,0.041,0.026,0.011,8,7,5,2
0.130,0.198,0.311,-0.42,0.180,0,0.2470,0.3113,0.481,0.318,0.090,0.066,0.000,0.000,0.000,0.000,0,0,0,0,0.133,0.142,0.052,0.041,0.026,0.011,8,7,5,2
0.155,0.159,0.154,1.99,0.186,0,0.2221,0.2922,0.244,-0.326,0.090,0.066,0.000,0.000,0.000,0.000,0,0,0,0,0.133,0.142,0.052,0.041,0.026,0.011,8,7,5,2
0.154,0.212,0.229,-0.52,0.062,0,0.2000,0.2729,0.374,0.341,0.090,0.066,0.000,0.000,0.000,0.000,0,0,0,0,0.133,0.142,0.052,0.041,0.026,0.011,8,7,5,2
0.164,0.173,0.346,-0.52,0.062,0,0.1956,0.2714,0.251,0.341,0.090,0.066,0.000,0.000,0.000,0.000,0,0,0,0,0.133,0.142,0.052,0.041,0.026,0.011,8,7,5,2
0.182,0.130,0.108,-1.14,0.131,0,0.1866,0.2604,0.393,0.987,0.090,0.066,0.000,0.000,0.000,0.000,0,0,0,0,0.133,0.142,0.052,0.041,0.026,0.011,8,7,5,2
0.170,0.121,0.081,-1.1,0.105,-1,0.1802,0.2484,0.486,0.192,0.090,0.066,0.000,0.000,0.000,0.000,0,0,0,0,0.133,0.142,0.052,0.041,0.026,0.011,8,7,5,2
0.183,0.144,0.030,-0.52,0.062,0,0.1612,0.2222,0.242,0.341,0.090,0.066,0.000,0.000,0.000,0.000,0,0,0,0,0.133,0.142,0.052,0.041,0.026,0.011,8,7,5,2
0.154,0.100,0.001,2.53,0.140,0,0.1457,0.2004,0.139,-0.121,0.090,0.066,0.000,0.000,0.000,0.000,0,0,0,0,0.133,0.142,0.052,0.041,0.026,0.011,8,7,5,2
0.138,0.090,0.003,3.14,0.186,0,0.1454,0.1972,0.060,-0.486,0.090,0.066,0.000,0.000,0.000,0.000,0,0,0,0,0.133,0.142,0.052,0.041,0.026,0.011,8,7,5,2
0.135,0.087,0.003,-1.14,0.131,0,0.1393,0.1997,0.168,0.987,0.090,0.066,0.000,0.000,0.000,0.000,0,0,0,0,0.133,0.142,0.052,0.041,0.026,0.011,8,7,5,2
0.142,0.089,0.005,2.53,0.140,0,0.1248,0.2039,0.088,-0.121,0.090,0.066,0.000,0.000,0.000,0.000,0,0,0,0,0.133,0.142,0.052,0.041,0.026,0.011,8,7,5,2
0.153,0.097,0.003,3.14,0.186,0,0.1126,0.2149,0.043,-0.486,0.090,0.066,0.000,0.000,0.000,0.000,0,0,0,0,0.133,0.142,0.052,0.041,0.026,0.011,8,7,5,2
0.153,0.086,0.004,1.99,0.186,0,0.1089,0.2454,0.066,-0.326,0.090,0.066,0.000,0.000,0.000,0.000,0,0,0,0,0.133,0.142,0.052,0.041,0.026,0.011,8,7,5,2
0.144,0.194,0.214,0.2,0.291,1,0.0922,0.2753,0.315,0.180,0.090,0.066,0.000,0.000,0.000,0.000,0,0,0,0,0.133,0.142,0.052,0.041,0.026,0.011,8,7,5,2
0.135,0.194,0.303,0.22,0.230,0,0.0748,0.3118,0.173,0.303,0.090,0.066,0.000,0.000,0.000,0.000,0,0,0,0,0.133,0.142,0.052,0.041,0.026,0.011,8,7,5,2
0.141,0.183,0.012,3.14,0.186,0,0.0586,0.3550,0.094,-0.486,0.090,0.066,0.000,0.000,0.000,0.000,0,0,0,0,0.133,0.142,0.052,0.041,0.026,0.011,8,7,5,2
0.146,0.253,0.273,0.2,0.291,1,0.0457,0.4050,0.361,0.180,0.090,0.066,0.000,0.000,0.000,0.000,0,0,0,0,0.133,0.142,0.052,0.041,0.026,0.011,8,7,5,2
0.135,0.197,0.161,-0.48,0.134,0,0.0375,0.4618,0.401,0.007,0.090,0.066,0.000,0.000,0.000,0.000,0,0,0,0,0.133,0.142,0.052,0.041,0.026,0.011,8,7,5,2
0.133,0.089,0.160,-1.1,0.105,-1,0.0347,0.5251,0.341,0.192,0.090,0.066,0.000,0.000,0.000,0.000,0,0,0,0,0.133,0.142,0.052,0.041,0.026,0.011,8,7,5,2
0.136,0.059,0.029,3.14,0.186,0,0.0366,0.5947,0.278,-0.486,0.090,0.066,0.000,0.000,0.000,0.000,0,0,0,0,0.133,0.142,0.052,0.041,0.026,0.011,8,7,5,2
0.144,0.048,0.056,0.85,0.046,0,0.0411,0.6698,0.480,0.06,0.090,0.066,0.000,0.000,0.000,0.000,0,0,0,0,0.133,0.142,0.052,0.041,0.026,0.011,8,7,5,2
0.142,0.054,0.114,1.42,0.221,0,0.0442,0.7492,0.749,-0.397,0.090,0.066,0.000,0.000,0.000,0.000,0,0,0,0,0.133,0.142,0.052,0.041,0.026,0.011,8,7,5,2
