0.158,0.234,0.457,1.42,0.221,0,0.5153,0.9154,0.665,-0.397,0.463,0.174,0.598,0.384,0.214,0.116,159,106,45,25,0.387,0.194,0.438,0.310,0.150,0.042,105,86,43,12
0.158,0.340,0.499,-0.52,0.062,0,0.5011,0.8868,0.490,0.341,0.463,0.174,0.598,0.384,0.214,0.116,159,106,45,25,0.387,0.194,0.438,0.310,0.150,0.042,105,86,43,12
0.147,0.259,0.487,1.99,0.186,0,0.4950,0.8475,0.314,-0.326,0.463,0.174,0.598,0.384,0.214,0.116,159,106,45,25,0.387,0.194,0.438,0.310,0.150,0.042,105,86,43,12
0.109,0.337,0.463,-0.52,0.062,0,0.4893,0.7964,0.337,0.341,0.463,0.174,0.598,0.384,0.214,0.116,159,106,45,25,0.387,0.194,0.438,0.310,0.150,0.042,105,86,43,12
0.089,0.393,0.701,0.2,0.291,1,0.4797,0.7349,0.379,0.180,0.463,0.174,0.598,0.384,0.214,0.116,159,106,45,25,0.387,0.194,0.438,0.310,0.150,0.042,105,86,43,12
0.093,0.372,0.543,-0.52,0.062,0,0.4643,0.6655,0.309,0.341,0.463,0.174,0.598,0.384,0.214,0.116,159,106,45,25,0.387,0.194,0.438,0.310,0.150,0.042,105,86,43,12
0.083,0.308,0.446,-0.79,0.151,-1,0.4439,0.5922,0.439,0.736,0.463,0.174,0.598,0.384,0.214,0.116,159,106,45,25,0.387,0.194,0.438,0.310,0.150,0.042,105,86,43,12
0.112,0.255,0.158,-0.79,0.151,-1,0.4204,0.5194,0.289,0.736,0.463,0.174,0.598,0.384,0.214,0.116,159,106,45,25,0.387,0.194,0.438,0.310,0.150,0.042,105,86,43,12
0.108,0.237,0.162,1.42,0.221,0,0.3968,0.4518,0.113,-0.397,0.463,0.174,0.598,0.384,0.214,0.116,159,106,45,25,0.387,0.194,0.438,0.310,0.150,0.042,105,86,43,12
0.108,0.394,0.470,0.22,0.230,0,0.3763,0.3935,0.288,0.303,0.463,0.174,0.598,0.384,0.214,0.116,159,106,45,25,0.387,0.194,0.438,0.310,0.150,0.042,105,86,43,12
0.115,0.508,0.524,0.2,0.291,1,0.3644,0.3536,0.407,0.180,0.463,0.174,0.598,0.384,0.214,0.116,159,106,45,25,0.387,0.194,0.438,0.310,0.150,0.042,105,86,43,12
0.089,0.295,0.136,1.99,0.186,0,0.3611,0.3244,0.090,-0.326,0.463,0.174,0.598,0.384,0.214,0.116,159,106,45,25,0.387,0.194,0.438,0.310,0.150,0.042,105,86,43,12
0.082,0.398,0.249,-0.08,0.108,0,0.3699,0.3102,0.093,0.059,0.463,0.174,0.598,0.384,0.214,0.116,159,106,45,25,0.387,0.194,0.438,0.310,0.150,0.042,105,86,43,12
0.067,0.377,0.379,-0.79,0.151,-1,0.3884,0.3120,0.402,0.736,0.463,0.174,0.598,0.384,0.214,0.116,159,106,45,25,0.387,0.194,0.438,0.310,0.150,0.042,105,86,43,12
0.053,0.531,0.481,-0.48,0.134,0,0.3895,0.3108,0.336,0.007,0.463,0.174,0.598,0.384,0.214,0.116,159,106,45,25,0.387,0.194,0.438,0.310,0.150,0.042,105,86,43,12
0.049,0.422,0.018,2.53,0.140,0,0.3823,0.3079,0.060,-0.121,0.463,0.174,0.598,0.384,0.214,0.116,159,106,45,25,0.387,0.194,0.438,0.310,0.150,0.042,105,86,43,12
0.049,0.577,0.105,1.37,0.298,0,0.3731,0.3044,0.092,-0.510,0.463,0.174,0.598,0.384,0.214,0.116,159,106,45,25,0.387,0.194,0.438,0.310,0.150,0.042,105,86,43,12
0.061,0.696,0.175,-1.19,0.219,1,0.3583,0.2928,0.381,0.586,0.463,0.174,0.598,0.384,0.214,0.116,159,106,45,25,0.387,0.194,0.438,0.310,0.150,0.042,105,86,43,12
0.078,0.626,0.324,-0.08,0.108,0,0.3228,0.2619,0.219,0.059,0.463,0.174,0.598,0.384,0.214,0.116,159,106,45,25,0.387,0.194,0.438,0.310,0.150,0.042,105,86,43,12
0.063,0.585,0.002,3.14,0.186,0,0.2845,0.2270,0.050,-0.486,0.463,0.174,0.598,0.384,0.214,0.116,159,106,45,25,0.387,0.194,0.438,0.310,0.150,0.042,105,86,43,12
0.047,0.530,0.024,1.42,0.221,0,0.2488,0.1963,0.096,-0.397,0.463,0.174,0.598,0.384,0.214,0.116,159,106,45,25,0.387,0.194,0.438,0.310,0.150,0.042,105,86,43,12
0.044,0.570,0.051,-0.79,0.151,-1,0.2174,0.1683,0.447,0.736,0.463,0.174,0.598,0.384,0.214,0.116,159,106,45,25,0.387,0.194,0.438,0.310,0.150,0.042,105,86,43,12
0.045,0.711,0.028,-0.42,0.180,0,0.1856,0.1395,0.285,0.318,0.463,0.174,0.598,0.384,0.214,0.116,159,106,45,25,0.387,0.194,0.438,0.310,0.150,0.042,105,86,43,12
0.049,0.750,0.213,1.69,0.290,0,0.1684,0.1216,0.070,-0.697,0.463,0.174,0.598,0.384,0.214,0.116,159,106,45,25,0.387,0.194,0.438,0.310,0.150,0.042,105,86,43,12
0.063,0.820,0.357,-0.48,0.134,0,0.1684,0.1165,0.204,0.007,0.463,0.174,0.598,0.384,0.214,0.116,159,106,45,25,0.387,0.194,0.438,0.310,0.150,0.042,105,86,43,12
0.094,0.737,0.312,-1.14,0.131,0,0.1800,0.1185,0.372,0.987,0.463,0.174,0.598,0.384,0.214,0.116,159,106,45,25,0.387,0.194,0.438,0.310,0.150,0.042,105,86,43,12
0.079,0.766,0.239,-0.52,0.062,0,0.1892,0.1200,0.216,0.341,0.463,0.174,0.598,0.384,0.214,0.116,159,106,45,25,0.387,0.194,0.438,0.310,0.150,0.042,105,86,43,12
0.079,0.652,0.227,1.99,0.186,0,0.2032,0.1265,0.046,-0.326,0.463,0.174,0.598,0.384,0.214,0.116,159,106,45,25,0.387,0.194,0.438,0.310,0.150,0.042,105,86,43,12
0.051,0.809,0.541,0.2,0.291,1,0.2269,0.1373,0.307,0.180,0.463,0.174,0.598,0.384,0.214,0.116,159,106,45,25,0.387,0.194,0.438,0.310,0.150,0.042,105,86,43,12
0.067,0.781,0.175,-0.48,0.134,0,0.2408,0.1388,0.240,0.007,0.463,0.174,0.598,0.384,0.214,0.116,159,106,45,25,0.387,0.194,0.438,0.310,0.150,0.042,105,86,43,12
0.069,0.658,0.048,1.69,0.290,0,0.2482,0.1356,0.036,-0.697,0.463,0.174,0.598,0.384,0.214,0.116,159,106,45,25,0.387,0.194,0.438,0.310,0.150,0.042,105,86,43,12
0.066,0.574,0.005,3.14,0.186,0,0.2523,0.1316,0.099,-0.486,0.463,0.174,0.598,0.384,0.214,0.116,159,106,45,25,0.387,0.194,0.438,0.310,0.150,0.042,105,86,43,12
0.082,0.541,0.093,0.85,0.046,0,0.2438,0.1190,0.276,0.06,0.463,0.174,0.598,0.384,0.214,0.116,159,106,45,25,0.387,0.194,0.438,0.310,0.150,0.042,105,86,43,12
0.087,0.602,0.301,1.42,0.221,0,0.2263,0.1041,0.121,-0.397,0.463,0.174,0.598,0.384,0.214,0.116,159,106,45,25,0.387,0.194,0.438,0.310,0.150,0.042,105,86,43,12
0.106,0.842,0.172,0,0.000,0,0.2075,0.0900,0.108,0.166,0.463,0.174,0.598,0.384,0.214,0.116,159,106,45,25,0.387,0.194,0.438,0.310,0.150,0.042,105,86,43,12
0.119,0.814,0.404,-1.19,0.219,1,0.1913,0.0783,0.422,0.586,0.463,0.174,0.598,0.384,0.214,0.116,159,106,45,25,0.387,0.194,0.438,0.310,0.150,0.042,105,86,43,12
0.111,0.832,0.343,-0.48,0.134,0,0.1691,0.0641,0.326,0.007,0.463,0.174,0.598,0.384,0.214,0.116,159,106,45,25,0.387,0.194,0.438,0.310,0.150,0.042,105,86,43,12
0.106,0.851,0.367,1.37,0.298,0,0.1533,0.0547,0.095,-0.510,0.463,0.174,0.598,0.384,0.214,0.116,159,106,45,25,0.387,0.194,0.438,0.310,0.150,0.042,105,86,43,12
0.107,0.617,0.287,-0.79,0.151,-1,0.1460,0.0505,0.360,0.736,0.463,0.174,0.598,0.384,0.214,0.116,159,106,45,25,0.387,0.194,0.438,0.310,0.150,0.042,105,86,43,12
0.128,0.791,0.595,-1.19,0.219,1,0.1509,0.0519,0.358,0.586,0.463,0.174,0.598,0.384,0.214,0.116,159,106,45,25,0.387,0.194,0.438,0.310,0.150,0.042,105,86,43,12
0.153,0.601,0.232,0.85,0.046,0,0.1493,0.0499,0.088,0.06,0.463,0.174,0.598,0.384,0.214,0.116,159,106,45,25,0.387,0.194,0.438,0.310,0.150,0.042,105,86,43,12
0.165,0.521,0.051,1.99,0.186,0,0.1483,0.0492,0.105,-0.326,0.463,0.174,0.598,0.384,0.214,0.116,159,106,45,25,0.387,0.194,0.438,0.310,0.150,0.042,105,86,43,12
0.141,0.530,0.363,0.85,0.046,0,0.1487,0.0494,0.249,0.06,0.463,0.174,0.598,0.384,0.214,0.116,159,106,45,25,0.387,0.194,0.438,0.310,0.150,0.042,105,86,43,12
0.134,0.558,0.317,0,0.000,0,0.1540,0.0519,0.192,0.166,0.463,0.174,0.598,0.384,0.214,0.116,159,106,45,25,0.387,0.194,0.438,0.310,0.150,0.042,105,86,43,12
0.130,0.579,0.141,2.53,0.140,0,0.1497,0.0513,0.053,-0.121,0.463,0.174,0.598,0.384,0.214,0.116,159,106,45,25,0.387,0.194,0.438,0.310,0.150,0.042,105,86,43,12
0.127,0.627,0.063,-0.08,0.108,0,0.1342,0.0450,0.176,0.059,0.463,0.174,0.598,0.384,0.214,0.116,159,106,45,25,0.387,0.194,0.438,0.310,0.150,0.042,105,86,43,12
0.102,0.650,0.300,1.37,0.298,0,0.1232,0.0410,0.173,-0.510,0.463,0.174,0.598,0.384,0.214,0.116,159,106,45,25,0.387,0.194,0.438,0.310,0.150,0.042,105,86,43,12
0.149,0.545,0.193,0.85,0.046,0,0.1125,0.0362,0.119,0.06,0.463,0.174,0.598,0.384,0.214,0.116,159,106,45,25,0.387,0.194,0.438,0.310,0.150,0.042,105,86,43,12
0.173,0.524,0.046,0.85,0.046,0,0.1052,0.0333,0.082,0.06,0.463,0.174,0.598,0.384,0.214,0.116,159,106,45,25,0.387,0.194,0.438,0.310,0.150,0.042,105,86,43,12
0.212,0.611,0.234,-1.19,0.219,1,0.0978,0.0302,0.341,0.586,0.463,0.174,0.598,0.384,0.214,0.116,159,106,45,25,0.387,0.194,0.438,0.310,0.150,0.042,105,86,43,12
0.143,0.546,0.016,0,0.000,0,0.0973,0.0284,0.191,0.166,0.463,0.174,0.598,0.384,0.214,0.116,159,106,45,25,0.387,0.194,0.438,0.310,0.150,0.042,105,86,43,12
0.142,0.630,0.259,1.37,0.298,0,0.1029,0.0295,0.089,-0.510,0.463,0.174,0.598,0.384,0.214,0.116,159,106,45,25,0.387,0.194,0.438,0.310,0.150,0.042,105,86,43,12
0.143,0.578,0.051,1.69,0.290,0,0.1166,0.0327,0.059,-0.697,0.463,0.174,0.598,0.384,0.214,0.116,159,106,45,25,0.387,0.194,0.438,0.310,0.150,0.042,105,86,43,12
0.150,0.450,0.169,-1.1,0.105,-1,0.1450,0.0488,0.248,0.192,0.463,0.174,0.598,0.384,0.214,0.116,159,106,45,25,0.387,0.194,0.438,0.310,0.150,0.042,105,86,43,12
0.120,0.424,0.007,0.85,0.046,0,0.1757,0.0692,0.077,0.06,0.463,0.174,0.598,0.384,0.214,0.116,159,106,45,25,0.387,0.194,0.438,0.310,0.150,0.042,105,86,43,12
0.126,0.394,0.008,1.99,0.186,0,0.1967,0.0808,0.044,-0.326,0.463,0.174,0.598,0.384,0.214,0.116,159,106,45,25,0.387,0.194,0.438,0.310,0.150,0.042,105,86,43,12
0.128,0.354,0.052,2.53,0.140,0,0.2221,0.0979,0.122,-0.121,0.463,0.174,0.598,0.384,0.214,0.116,159,106,45,25,0.387,0.194,0.438,0.310,0.150,0.042,105,86,43,12
0.146,0.539,0.061,-1.19,0.219,1,0.2552,0.1227,0.406,0.586,0.463,0.174,0.598,0.384,0.214,0.116,159,106,45,25,0.387,0.194,0.438,0.310,0.150,0.042,105,86,43,12
0.153,0.403,0.009,1.42,0.221,0,0.2926,0.1547,0.090,-0.397,0.463,0.174,0.598,0.384,0.214,0.116,159,106,45,25,0.387,0.194,0.438,0.310,0.150,0.042,105,86,43,12
0.186,0.431,0.179,0,0.000,0,0.3217,0.1804,0.168,0.166,0.463,0.174,0.598,0.384,0.214,0.116,159,106,45,25,0.387,0.194,0.438,0.310,0.150,0.042,105,86,43,12
0.125,0.358,0.012,-0.79,0.151,-1,0.3436,0.2023,0.340,0.736,0.463,0.174,0.598,0.384,0.214,0.116,159,106,45,25,0.387,0.194,0.438,0.310,0.150,0.042,105,86,43,12
0.122,0.384,0.002,1.99,0.186,0,0.3622,0.2212,0.185,-0.326,0.463,0.174,0.598,0.384,0.214,0.116,159,106,45,25,0.387,0.194,0.438,0.310,0.150,0.042,105,86,43,12
0.139,0.414,0.132,0.85,0.046,0,0.3687,0.2303,0.159,0.06,0.463,0.174,0.598,0.384,0.214,0.116,159,106,45,25,0.387,0.194,0.438,0.310,0.150,0.042,105,86,43,12
0.161,0.454,0.187,-0.52,0.062,0,0.3783,0.2455,0.279,0.341,0.463,0.174,0.598,0.384,0.214,0.116,159,106,45,25,0.387,0.194,0.438,0.310,0.150,0.042,105,86,43,12
0.167,0.413,0.015,-0.79,0.151,-1,0.3823,0.2556,0.446,0.736,0.463,0.174,0.598,0.384,0.214,0.116,159,106,45,25,0.387,0.194,0.438,0.310,0.150,0.042,105,86,43,12
0.165,0.481,0.226,-0.52,0.062,0,0.3776,0.2583,0.334,0.341,0.463,0.174,0.598,0.384,0.214,0.116,159,106,45,25,0.387,0.194,0.438,0.310,0.150,0.042,105,86,43,12
0.138,0.563,0.302,-0.42,0.180,0,0.3703,0.2579,0.422,0.318,0.463,0.174,0.598,0.384,0.214,0.116,159,106,45,25,0.387,0.194,0.438,0.310,0.150,0.042,105,86,43,12
0.134,0.586,0.320,0,0.000,0,0.3669,0.2645,0.318,0.166,0.463,0.174,0.598,0.384,0.214,0.116,159,106,45,25,0.387,0.194,0.438,0.310,0.150,0.042,105,86,43,12
0.113,0.730,0.422,-0.52,0.062,0,0.3663,0.2742,0.192,0.341,0.463,0.174,0.598,0.384,0.214,0.116,159,106,45,25,0.387,0.194,0.438,0.310,0.150,0.042,105,86,43,12
0.109,0.559,0.510,-1.19,0.219,1,0.3654,0.2829,0.457,0.586,0.463,0.174,0.598,0.384,0.214,0.116,159,106,45,25,0.387,0.194,0.438,0.310,0.150,0.042,105,86,43,12
0.086,0.472,0.094,-0.79,0.151,-1,0.3586,0.2833,0.371,0.736,0.463,0.174,0.598,0.384,0.214,0.116,159,106,45,25,0.387,0.194,0.438,0.310,0.150,0.042,105,86,43,12
0.106,0.343,0.001,1.99,0.186,0,0.3703,0.2992,0.070,-0.326,0.463,0.174,0.598,0.384,0.214,0.116,159,106,45,25,0.387,0.194,0.438,0.310,0.150,0.042,105,86,43,12
0.115,0.364,0.003,0,0.000,0,0.3846,0.3135,0.121,0.166,0.463,0.174,0.598,0.384,0.214,0.116,159,106,45,25,0.387,0.194,0.438,0.310,0.150,0.042,105,86,43,12
0.119,0.311,0.004,-1.1,0.105,-1,0.3853,0.3121,0.277,0.192,0.463,0.174,0.598,0.384,0.214,0.116,159,106,45,25,0.387,0.194,0.438,0.310,0.150,0.042,105,86,43,12
0.109,0.256,0.002,2.53,0.140,0,0.3748,0.2966,0.068,-0.121,0.463,0.174,0.598,0.384,0.214,0.116,159,106,45,25,0.387,0.194,0.438,0.310,0.150,0.042,105,86,43,12
0.130,0.228,0.003,1.99,0.186,0,0.3650,0.2819,0.055,-0.326,0.463,0.174,0.598,0.384,0.214,0.116,159,106,45,25,0.387,0.194,0.438,0.310,0.150,0.042,105,86,43,12
0.120,0.265,0.044,1.69,0.290,0,0.3635,0.2747,0.125,-0.697,0.463,0.174,0.598,0.384,0.214,0.116,159,106,45,25,0.387,0.194,0.438,0.310,0.150,0.042,105,86,43,12
0.105,0.319,0.070,-0.42,0.180,0,0.3490,0.2557,0.229,0.318,0.463,0.174,0.598,0.384,0.214,0.116,159,106,45,25,0.387,0.194,0.438,0.310,0.150,0.042,105,86,43,12
0.100,0.206,0.004,1.42,0.221,0,0.3403,0.2415,0.034,-0.397,0.463,0.174,0.598,0.384,0.214,0.116,159,106,45,25,0.387,0.194,0.438,0.310,0.150,0.042,105,86,43,12
0.094,0.202,0.002,0.85,0.046,0,0.3237,0.2205,0.100,0.06,0.463,0.174,0.598,0.384,0.214,0.116,159,106,45,25,0.387,0.194,0.438,0.310,0.150,0.042,105,86,43,12
0.061,0.220,0.004,-0.79,0.151,-1,0.3042,0.1975,0.295,0.736,0.463,0.174,0.598,0.384,0.214,0.116,159,106,45,25,0.387,0.194,0.438,0.310,0.150,0.042,105,86,43,12
0.061,0.216,0.019,2.53,0.140,0,0.2950,0.1874,0.080,-0.121,0.463,0.174,0.598,0.384,0.214,0.116,159,106,45,25,0.387,0.194,0.438,0.310,0.150,0.042,105,86,43,12
0.064,0.358,0.256,0.22,0.230,0,0.2896,0.1821,0.082,0.303,0.463,0.174,0.598,0.384,0.214,0.116,159,106,45,25,0.387,0.194,0.438,0.310,0.150,0.042,105,86,43,12
0.062,0.693,0.563,0.2,0.291,1,0.3001,0.1929,0.437,0.180,0.463,0.174,0.598,0.384,0.214,0.116,159,106,45,25,0.387,0.194,0.438,0.310,0.150,0.042,105,86,43,12
0.081,0.406,0.444,-0.42,0.180,0,0.3085,0.2015,0.329,0.318,0.463,0.174,0.598,0.384,0.214,0.116,159,106,45,25,0.387,0.194,0.438,0.310,0.150,0.042,105,86,43,12
0.086,0.232,0.033,3.14,0.186,0,0.3234,0.2159,0.026,-0.486,0.463,0.174,0.598,0.384,0.214,0.116,159,106,45,25,0.387,0.194,0.438,0.310,0.150,0.042,105,86,43,12
0.070,0.358,0.246,-0.42,0.180,0,0.3468,0.2366,0.232,0.318,0.463,0.174,0.598,0.384,0.214,0.116,159,106,45,25,0.387,0.194,0.438,0.310,0.150,0.042,105,86,43,12
0.092,0.323,0.061,-0.48,0.134,0,0.3736,0.2595,0.496,0.007,0.463,0.174,0.598,0.384,0.214,0.116,159,106,45,25,0.387,0.194,0.438,0.310,0.150,0.042,105,86,43,12
0.081,0.313,0.008,-0.42,0.180,0,0.3842,0.2661,0.214,0.318,0.463,0.174,0.598,0.384,0.214,0.116,159,106,45,25,0.387,0.194,0.438,0.310,0.150,0.042,105,86,43,12
0.062,0.163,0.001,1.99,0.186,0,0.3881,0.2665,0.031,-0.326,0.463,0.174,0.598,0.384,0.214,0.116,159,106,45,25,0.387,0.194,0.438,0.310,0.150,0.042,105,86,43,12
0.061,0.198,0.000,-0.79,0.151,-1,0.3913,0.2662,0.349,0.736,0.463,0.174,0.598,0.384,0.214,0.116,159,106,45,25,0.387,0.194,0.438,0.310,0.150,0.042,105,86,43,12
0.076,0.247,0.001,-0.79,0.151,-1,0.3907,0.2642,0.531,0.736,0.463,0.174,0.598,0.384,0.214,0.116,159,106,45,25,0.387,0.194,0.438,0.310,0.150,0.042,105,86,43,12
0.072,0.217,0.006,1.42,0.221,0,0.3773,0.2486,0.063,-0.397,0.463,0.174,0.598,0.384,0.214,0.116,159,106,45,25,0.387,0.194,0.438,0.310,0.150,0.042,105,86,43,12
0.065,0.215,0.006,1.99,0.186,0,0.3626,0.2345,0.036,-0.326,0.463,0.174,0.598,0.384,0.214,0.116,159,106,45,25,0.387,0.194,0.438,0.310,0.150,0.042,105,86,43,12
0.062,0.399,0.236,-1.19,0.219,1,0.3531,0.2266,0.493,0.586,0.463,0.174,0.598,0.384,0.214,0.116,159,106,45,25,0.387,0.194,0.438,0.310,0.150,0.042,105,86,43,12
0.051,0.355,0.113,-0.52,0.062,0,0.3391,0.2183,0.390,0.341,0.463,0.174,0.598,0.384,0.214,0.116,159,106,45,25,0.387,0.194,0.438,0.310,0.150,0.042,105,86,43,12
0.051,0.336,0.006,1.69,0.290,0,0.3337,0.2162,0.058,-0.697,0.463,0.174,0.598,0.384,0.214,0.116,159,106,45,25,0.387,0.194,0.438,0.310,0.150,0.042,105,86,43,12
0.066,0.382,0.174,0.22,0.230,0,0.3313,0.2167,0.148,0.303,0.463,0.174,0.598,0.384,0.214,0.116,159,106,45,25,0.387,0.194,0.438,0.310,0.150,0.042,105,86,43,12
0.079,0.409,0.065,-0.48,0.134,0,0.3359,0.2235,0.434,0.007,0.463,0.174,0.598,0.384,0.214,0.116,159,106,45,25,0.387,0.194,0.438,0.310,0.150,0.042,105,86,43,12
0.066,0.359,0.010,-0.79,0.151,-1,0.3255,0.2168,0.406,0.736,0.463,0.174,0.598,0.384,0.214,0.116,159,106,45,25,0.387,0.194,0.438,0.310,0.150,0.042,105,86,43,12
0.066,0.276,0.002,1.99,0.186,0,0.3087,0.2051,0.063,-0.326,0.463,0.174,0.598,0.384,0.214,0.116,159,106,45,25,0.387,0.194,0.438,0.310,0.150,0.042,105,86,43,12
0.078,0.266,0.003,1.99,0.186,0,0.3062,0.2073,0.102,-0.326,0.463,0.174,0.598,0.384,0.214,0.116,159,106,45,25,0.387,0.194,0.438,0.310,0.150,0.042,105,86,43,12
0.102,0.353,0.038,-0.08,0.108,0,0.3040,0.2105,0.440,0.059,0.463,0.174,0.598,0.384,0.214,0.116,159,106,45,25,0.387,0.194,0.438,0.310,0.150,0.042,105,86,43,12
0.101,0.421,0.004,-0.42,0.180,0,0.2930,0.2064,0.291,0.318,0.463,0.174,0.598,0.384,0.214,0.116,159,106,45,25,0.387,0.194,0.438,0.310,0.150,0.042,105,86,43,12
0.091,0.257,0.001,1.99,0.186,0,0.2863,0.2046,0.090,-0.326,0.463,0.174,0.598,0.384,0.214,0.116,159,106,45,25,0.387,0.194,0.438,0.310,0.150,0.042,105,86,43,12
0.072,0.272,0.044,-0.79,0.151,-1,0.2839,0.2069,0.342,0.736,0.463,0.174,0.598,0.384,0.214,0.116,159,106,45,25,0.387,0.194,0.438,0.310,0.150,0.042,105,86,43,12
0.072,0.388,0.117,-0.42,0.180,0,0.2774,0.2058,0.426,0.318,0.463,0.174,0.598,0.384,0.214,0.116,159,106,45,25,0.387,0.194,0.438,0.310,0.150,0.042,105,86,43,12
0.089,0.485,0.303,-1.19,0.219,1,0.2588,0.1943,0.307,0.586,0.463,0.174,0.598,0.384,0.214,0.116,159,106,45,25,0.387,0.194,0.438,0.310,0.150,0.042,105,86,43,12
0.083,0.297,0.003,2.53,0.140,0,0.2432,0.1866,0.145,-0.121,0.463,0.174,0.598,0.384,0.214,0.116,159,106,45,25,0.387,0.194,0.438,0.310,0.150,0.042,105,86,43,12
0.098,0.379,0.003,-0.79,0.151,-1,0.2308,0.1814,0.448,0.736,0.463,0.174,0.598,0.384,0.214,0.116,159,106,45,25,0.387,0.194,0.438,0.310,0.150,0.042,105,86,43,12
0.149,0.346,0.010,1.99,0.186,0,0.2267,0.1830,0.157,-0.326,0.463,0.174,0.598,0.384,0.214,0.116,159,106,45,25,0.387,0.194,0.438,0.310,0.150,0.042,105,86,43,12
0.183,0.474,0.030,-1.1,0.105,-1,0.2245,0.1851,0.195,0.192,0.463,0.174,0.598,0.384,0.214,0.116,159,106,45,25,0.387,0.194,0.438,0.310,0.150,0.042,105,86,43,12
0.165,0.761,0.163,-0.52,0.062,0,0.2351,0.1972,0.233,0.341,0.463,0.174,0.598,0.384,0.214,0.116,159,106,45,25,0.387,0.194,0.438,0.310,0.150,0.042,105,86,43,12
0.168,0.784,0.174,0.2,0.291,1,0.2410,0.2072,0.457,0.180,0.463,0.174,0.598,0.384,0.214,0.116,159,106,45,25,0.387,0.194,0.438,0.310,0.150,0.042,105,86,43,12
0.165,0.704,0.263,1.37,0.298,0,0.2468,0.2157,0.155,-0.510,0.463,0.174,0.598,0.384,0.214,0.116,159,106,45,25,0.387,0.194,0.438,0.310,0.150,0.042,105,86,43,12
0.136,0.546,0.009,1.99,0.186,0,0.2698,0.2384,0.057,-0.326,0.463,0.174,0.598,0.384,0.214,0.116,159,106,45,25,0.387,0.194,0.438,0.310,0.150,0.042,105,86,43,12
0.161,0.701,0.336,-0.52,0.062,0,0.3056,0.2728,0.234,0.341,0.463,0.174,0.598,0.384,0.214,0.116,159,106,45,25,0.387,0.194,0.438,0.310,0.150,0.042,105,86,43,12
0.172,0.533,0.049,0.85,0.046,0,0.3254,0.2950,0.367,0.06,0.463,0.174,0.598,0.384,0.214,0.116,159,106,45,25,0.387,0.194,0.438,0.310,0.150,0.042,105,86,43,12
0.147,0.537,0.044,0.85,0.046,0,0.3376,0.3095,0.087,0.06,0.463,0.174,0.598,0.384,0.214,0.116,159,106,45,25,0.387,0.194,0.438,0.310,0.150,0.042,105,86,43,12
0.180,0.451,0.077,1.99,0.186,0,0.3502,0.3244,0.070,-0.326,0.463,0.174,0.598,0.384,0.214,0.116,159,106,45,25,0.387,0.194,0.438,0.310,0.150,0.042,105,86,43,12
0.221,0.696,0.369,-1.19,0.219,1,0.3650,0.3423,0.446,0.586,0.463,0.174,0.598,0.384,0.214,0.116,159,106,45,25,0.387,0.194,0.438,0.310,0.150,0.042,105,86,43,12
0.214,0.721,0.148,-1.19,0.219,1,0.3696,0.3547,0.459,0.586,0.463,0.174,0.598,0.384,0.214,0.116,159,106,45,25,0.387,0.194,0.438,0.310,0.150,0.042,105,86,43,12
0.223,0.660,0.153,1.37,0.298,0,0.3708,0.3626,0.119,-0.510,0.463,0.174,0.598,0.384,0.214,0.116,159,106,45,25,0.387,0.194,0.438,0.310,0.150,0.042,105,86,43,12
0.212,0.737,0.173,-0.42,0.180,0,0.3721,0.3686,0.293,0.318,0.463,0.174,0.598,0.384,0.214,0.116,159,106,45,25,0.387,0.194,0.438,0.310,0.150,0.042,105,86,43,12
0.198,0.565,0.246,-0.08,0.108,0,0.3794,0.3786,0.389,0.059,0.463,0.174,0.598,0.384,0.214,0.116,159,106,45,25,0.387,0.194,0.438,0.310,0.150,0.042,105,86,43,12
0.264,0.573,0.048,-0.79,0.151,-1,0.3819,0.3843,0.444,0.736,0.463,0.174,0.598,0.384,0.214,0.116,159,106,45,25,0.387,0.194,0.438,0.310,0.150,0.042,105,86,43,12
0.271,0.565,0.273,-0.42,0.180,0,0.3853,0.3902,0.288,0.318,0.463,0.174,0.598,0.384,0.214,0.116,159,106,45,25,0.387,0.194,0.438,0.310,0.150,0.042,105,86,43,12
0.253,0.776,0.342,0.2,0.291,1,0.3923,0.3980,0.385,0.180,0.463,0.174,0.598,0.384,0.214,0.116,159,106,45,25,0.387,0.194,0.438,0.310,0.150,0.042,105,86,43,12
0.253,0.638,0.255,-0.52,0.062,0,0.4057,0.4114,0.428,0.341,0.463,0.174,0.598,0.384,0.214,0.116,159,106,45,25,0.387,0.194,0.438,0.310,0.150,0.042,105,86,43,12
0.211,0.731,0.142,-1.19,0.219,1,0.4184,0.4229,0.492,0.586,0.463,0.174,0.598,0.384,0.214,0.116,159,106,45,25,0.387,0.194,0.438,0.310,0.150,0.042,105,86,43,12
0.211,0.734,0.071,0,0.000,0,0.4346,0.4382,0.349,0.166,0.463,0.174,0.598,0.384,0.214,0.116,159,106,45,25,0.387,0.194,0.438,0.310,0.150,0.042,105,86,43,12
0.211,0.590,0.002,-1.1,0.105,-1,0.4387,0.4453,0.409,0.192,0.463,0.174,0.598,0.384,0.214,0.116,159,106,45,25,0.387,0.194,0.438,0.310,0.150,0.042,105,86,43,12
0.211,0.523,0.002,0.85,0.046,0,0.4353,0.4477,0.191,0.06,0.463,0.174,0.598,0.384,0.214,0.116,159,106,45,25,0.387,0.194,0.438,0.310,0.150,0.042,105,86,43,12
0.232,0.444,0.019,1.99,0.186,0,0.4341,0.4536,0.127,-0.326,0.463,0.174,0.598,0.384,0.214,0.116,159,106,45,25,0.387,0.194,0.438,0.310,0.150,0.042,105,86,43,12
0.247,0.430,0.092,-1.1,0.105,-1,0.4374,0.4655,0.484,0.192,0.463,0.174,0.598,0.384,0.214,0.116,159,106,45,25,0.387,0.194,0.438,0.310,0.150,0.042,105,86,43,12
0.307,0.510,0.280,-1.19,0.219,1,0.4319,0.4707,0.416,0.586,0.463,0.174,0.598,0.384,0.214,0.116,159,106,45,25,0.387,0.194,0.438,0.310,0.150,0.042,105,86,43,12
0.416,0.313,0.100,2.1,0.128,0,0.4188,0.4688,0.055,0.02,0.463,0.174,0.598,0.384,0.214,0.116,159,106,45,25,0.387,0.194,0.438,0.310,0.150,0.042,105,86,43,12
0.439,0.438,0.065,-0.42,0.180,0,0.4039,0.4633,0.292,0.318,0.463,0.174,0.598,0.384,0.214,0.116,159,106,45,25,0.387,0.194,0.438,0.310,0.150,0.042,105,86,43,12
0.419,0.350,0.055,0.85,0.046,0,0.4076,0.4680,0.498,0.06,0.463,0.174,0.598,0.384,0.214,0.116,159,106,45,25,0.387,0.194,0.438,0.310,0.150,0.042,105,86,43,12
0.411,0.422,0.006,-0.79,0.151,-1,0.4113,0.4734,0.215,0.736,0.463,0.174,0.598,0.384,0.214,0.116,159,106,45,25,0.387,0.194,0.438,0.310,0.150,0.042,105,86,43,12
0.366,0.432,0.004,1.99,0.186,0,0.4204,0.4816,0.041,-0.326,0.463,0.174,0.598,0.384,0.214,0.116,159,106,45,25,0.387,0.194,0.438,0.310,0.150,0.042,105,86,43,12
0.419,0.616,0.198,-1.19,0.219,1,0.4327,0.4914,0.419,0.586,0.463,0.174,0.598,0.384,0.214,0.116,159,106,45,25,0.387,0.194,0.438,0.310,0.150,0.042,105,86,43,12
0.385,0.668,0.144,-1.19,0.219,1,0.4507,0.5044,0.475,0.586,0.463,0.174,0.598,0.384,0.214,0.116,159,106,45,25,0.387,0.194,0.438,0.310,0.150,0.042,105,86,43,12
0.371,0.480,0.075,1.99,0.186,0,0.4728,0.5210,0.081,-0.326,0.463,0.174,0.598,0.384,0.214,0.116,159,106,45,25,0.387,0.194,0.438,0.310,0.150,0.042,105,86,43,12
0.364,0.696,0.425,0.2,0.291,1,0.4924,0.5360,0.283,0.180,0.463,0.174,0.598,0.384,0.214,0.116,159,106,45,25,0.387,0.194,0.438,0.310,0.150,0.042,105,86,43,12
0.433,0.650,0.265,-1.19,0.219,1,0.5193,0.5547,0.533,0.586,0.463,0.174,0.598,0.384,0.214,0.116,159,106,45,25,0.387,0.194,0.438,0.310,0.150,0.042,105,86,43,12
0.345,0.763,0.445,-1.19,0.219,1,0.5489,0.5734,0.484,0.586,0.463,0.174,0.598,0.384,0.214,0.116,159,106,45,25,0.387,0.194,0.438,0.310,0.150,0.042,105,86,43,12
0.350,0.716,0.379,-0.52,0.062,0,0.5733,0.5886,0.330,0.341,0.463,0.174,0.598,0.384,0.214,0.116,159,106,45,25,0.387,0.194,0.438,0.310,0.150,0.042,105,86,43,12
0.348,0.691,0.318,-0.42,0.180,0,0.5878,0.5973,0.523,0.318,0.463,0.174,0.598,0.384,0.214,0.116,159,106,45,25,0.387,0.194,0.438,0.310,0.150,0.042,105,86,43,12
0.404,0.517,0.305,0,0.000,0,0.6002,0.6041,0.504,0.166,0.463,0.174,0.598,0.384,0.214,0.116,159,106,45,25,0.387,0.194,0.438,0.310,0.150,0.042,105,86,43,12
0.404,0.568,0.267,-0.52,0.062,0,0.6062,0.6060,0.433,0.341,0.463,0.174,0.598,0.384,0.214,0.116,159,106,45,25,0.387,0.194,0.438,0.310,0.150,0.042,105,86,43,12
0.404,0.730,0.378,-1.19,0.219,1,0.6039,0.6037,0.591,0.586,0.463,0.174,0.598,0.384,0.214,0.116,159,106,45,25,0.387,0.194,0.438,0.310,0.150,0.042,105,86,43,12
0.339,0.560,0.233,-0.48,0.134,0,0.5982,0.6002,0.376,0.007,0.463,0.174,0.598,0.384,0.214,0.116,159,106,45,25,0.387,0.194,0.438,0.310,0.150,0.042,105,86,43,12
0.261,0.411,0.099,-1.14,0.131,0,0.5841,0.5906,0.345,0.987,0.463,0.174,0.598,0.384,0.214,0.116,159,106,45,25,0.387,0.194,0.438,0.310,0.150,0.042,105,86,43,12
0.256,0.593,0.226,-0.42,0.180,0,0.5547,0.5708,0.513,0.318,0.463,0.174,0.598,0.384,0.214,0.116,159,106,45,25,0.387,0.194,0.438,0.310,0.150,0.042,105,86,43,12
0.240,0.607,0.308,-1.19,0.219,1,0.5148,0.5400,0.501,0.586,0.463,0.174,0.598,0.384,0.214,0.116,159,106,45,25,0.387,0.194,0.438,0.310,0.150,0.042,105,86,43,12
0.199,0.596,0.220,1.37,0.298,0,0.4965,0.5237,0.180,-0.510,0.463,0.174,0.598,0.384,0.214,0.116,159,106,45,25,0.387,0.194,0.438,0.310,0.150,0.042,105,86,43,12
0.159,0.501,0.046,-0.52,0.062,0,0.4818,0.5101,0.300,0.341,0.463,0.174,0.598,0.384,0.214,0.116,159,106,45,25,0.387,0.194,0.438,0.310,0.150,0.042,105,86,43,12
0.159,0.454,0.003,-1.1,0.105,-1,0.4716,0.4993,0.462,0.192,0.463,0.174,0.598,0.384,0.214,0.116,159,106,45,25,0.387,0.194,0.438,0.310,0.150,0.042,105,86,43,12
0.140,0.751,0.263,-1.19,0.219,1,0.4594,0.4858,0.448,0.586,0.463,0.174,0.598,0.384,0.214,0.116,159,106,45,25,0.387,0.194,0.438,0.310,0.150,0.042,105,86,43,12
0.169,0.433,0.003,-0.79,0.151,-1,0.4525,0.4765,0.215,0.736,0.463,0.174,0.598,0.384,0.214,0.116,159,106,45,25,0.387,0.194,0.438,0.310,0.150,0.042,105,86,43,12
0.156,0.240,0.016,1.99,0.186,0,0.4478,0.4681,0.135,-0.326,0.463,0.174,0.598,0.384,0.214,0.116,159,106,45,25,0.387,0.194,0.438,0.310,0.150,0.042,105,86,43,12
0.129,0.385,0.044,-0.42,0.180,0,0.4336,0.4528,0.356,0.318,0.463,0.174,0.598,0.384,0.214,0.116,159,106,45,25,0.387,0.194,0.438,0.310,0.150,0.042,105,86,43,12
0.124,0.394,0.006,1.37,0.298,0,0.4218,0.4355,0.138,-0.510,0.463,0.174,0.598,0.384,0.214,0.116,159,106,45,25,0.387,0.194,0.438,0.310,0.150,0.042,105,86,43,12
0.130,0.277,0.009,3.14,0.186,0,0.4085,0.4141,0.057,-0.486,0.463,0.174,0.598,0.384,0.214,0.116,159,106,45,25,0.387,0.194,0.438,0.310,0.150,0.042,105,86,43,12
0.109,0.301,0.001,-1.1,0.105,-1,0.3927,0.3925,0.259,0.192,0.463,0.174,0.598,0.384,0.214,0.116,159,106,45,25,0.387,0.194,0.438,0.310,0.150,0.042,105,86,43,12
0.074,0.311,0.002,0.85,0.046,0,0.3676,0.3662,0.219,0.06,0.463,0.174,0.598,0.384,0.214,0.116,159,106,45,25,0.387,0.194,0.438,0.310,0.150,0.042,105,86,43,12
0.074,0.353,0.001,3.14,0.186,0,0.3389,0.3370,0.101,-0.486,0.463,0.174,0.598,0.384,0.214,0.116,159,106,45,25,0.387,0.194,0.438,0.310,0.150,0.042,105,86,43,12
0.070,0.456,0.190,-0.52,0.062,0,0.3225,0.3185,0.194,0.341,0.463,0.174,0.598,0.384,0.214,0.116,159,106,45,25,0.387,0.194,0.438,0.310,0.150,0.042,105,86,43,12
0.077,0.607,0.228,-0.48,0.134,0,0.3175,0.3099,0.390,0.007,0.463,0.174,0.598,0.384,0.214,0.116,159,106,45,25,0.387,0.194,0.438,0.310,0.150,0.042,105,86,43,12
0.059,0.580,0.292,-1.19,0.219,1,0.3154,0.3040,0.461,0.586,0.463,0.174,0.598,0.384,0.214,0.116,159,106,45,25,0.387,0.194,0.438,0.310,0.150,0.042,105,86,43,12
0.074,0.743,0.216,-0.42,0.180,0,0.3161,0.3005,0.399,0.318,0.463,0.174,0.598,0.384,0.214,0.116,159,106,45,25,0.387,0.194,0.438,0.310,0.150,0.042,105,86,43,12
0.066,0.558,0.112,0,0.000,0,0.3214,0.2986,0.353,0.166,0.463,0.174,0.598,0.384,0.214,0.116,159,106,45,25,0.387,0.194,0.438,0.310,0.150,0.042,105,86,43,12
0.086,0.534,0.047,-0.79,0.151,-1,0.3272,0.2919,0.353,0.736,0.463,0.174,0.598,0.384,0.214,0.116,159,106,45,25,0.387,0.194,0.438,0.310,0.150,0.042,105,86,43,12
0.092,0.427,0.004,1.99,0.186,0,0.3421,0.2912,0.117,-0.326,0.463,0.174,0.598,0.384,0.214,0.116,159,106,45,25,0.387,0.194,0.438,0.310,0.150,0.042,105,86,43,12
0.095,0.460,0.020,-0.79,0.151,-1,0.3665,0.2966,0.336,0.736,0.463,0.174,0.598,0.384,0.214,0.116,159,106,45,25,0.387,0.194,0.438,0.310,0.150,0.042,105,86,43,12
0.098,0.549,0.003,-0.48,0.134,0,0.4001,0.3095,0.353,0.007,0.463,0.174,0.598,0.384,0.214,0.116,159,106,45,25,0.387,0.194,0.438,0.310,0.150,0.042,105,86,43,12
0.093,0.844,0.010,1.37,0.298,0,0.4284,0.3184,0.138,-0.510,0.463,0.174,0.598,0.384,0.214,0.116,159,106,45,25,0.387,0.194,0.438,0.310,0.150,0.042,105,86,43,12
0.077,0.451,0.001,2.53,0.140,0,0.4536,0.3279,0.126,-0.121,0.463,0.174,0.598,0.384,0.214,0.116,159,106,45,25,0.387,0.194,0.438,0.310,0.150,0.042,105,86,43,12
0.059,0.598,0.247,-0.52,0.062,0,0.4763,0.3361,0.276,0.341,0.463,0.174,0.598,0.384,0.214,0.116,159,106,45,25,0.387,0.194,0.438,0.310,0.150,0.042,105,86,43,12
0.073,0.619,0.014,-1.1,0.105,-1,0.4780,0.3327,0.418,0.192,0.463,0.174,0.598,0.384,0.214,0.116,159,106,45,25,0.387,0.194,0.438,0.310,0.150,0.042,105,86,43,12
0.061,0.755,0.003,0,0.000,0,0.4550,0.3123,0.292,0.166,0.463,0.174,0.598,0.384,0.214,0.116,159,106,45,25,0.387,0.194,0.438,0.310,0.150,0.042,105,86,43,12
0.065,0.840,0.005,1.37,0.298,0,0.4104,0.2767,0.158,-0.510,0.463,0.174,0.598,0.384,0.214,0.116,159,106,45,25,0.387,0.194,0.438,0.310,0.150,0.042,105,86,43,12
0.052,0.833,0.326,-1.19,0.219,1,0.3674,0.2436,0.373,0.586,0.463,0.174,0.598,0.384,0.214,0.116,159,106,45,25,0.387,0.194,0.438,0.310,0.150,0.042,105,86,43,12
0.067,0.813,0.028,-0.08,0.108,0,0.3224,0.2083,0.360,0.059,0.463,0.174,0.598,0.384,0.214,0.116,159,106,45,25,0.387,0.194,0.438,0.310,0.150,0.042,105,86,43,12
0.055,0.673,0.002,0.85,0.046,0,0.2701,0.1675,0.215,0.06,0.463,0.174,0.598,0.384,0.214,0.116,159,106,45,25,0.387,0.194,0.438,0.310,0.150,0.042,105,86,43,12
0.068,0.741,0.001,1.99,0.186,0,0.2330,0.1389,0.111,-0.326,0.463,0.174,0.598,0.384,0.214,0.116,159,106,45,25,0.387,0.194,0.438,0.310,0.150,0.042,105,86,43,12
0.080,0.826,0.065,-0.08,0.108,0,0.2132,0.1226,0.243,0.059,0.463,0.174,0.598,0.384,0.214,0.116,159,106,45,25,0.387,0.194,0.438,0.310,0.150,0.042,105,86,43,12
0.073,0.761,0.029,-0.79,0.151,-1,0.2011,0.1126,0.356,0.736,0.463,0.174,0.598,0.384,0.214,0.116,159,106,45,25,0.387,0.194,0.438,0.310,0.150,0.042,105,86,43,12
0.092,0.779,0.135,-0.79,0.151,-1,0.1906,0.1050,0.200,0.736,0.463,0.174,0.598,0.384,0.214,0.116,159,106,45,25,0.387,0.194,0.438,0.310,0.150,0.042,105,86,43,12
0.084,0.871,0.469,0.2,0.291,1,0.1880,0.1027,0.132,0.180,0.463,0.174,0.598,0.384,0.214,0.116,159,106,45,25,0.387,0.194,0.438,0.310,0.150,0.042,105,86,43,12
0.090,0.862,0.682,0.2,0.291,1,0.1879,0.1006,0.251,0.180,0.463,0.174,0.598,0.384,0.214,0.116,159,106,45,25,0.387,0.194,0.438,0.310,0.150,0.042,105,86,43,12
0.089,0.865,0.493,0.2,0.291,1,0.1877,0.0974,0.234,0.180,0.463,0.174,0.598,0.384,0.214,0.116,159,106,45,25,0.387,0.194,0.438,0.310,0.150,0.042,105,86,43,12
0.100,0.752,0.310,1.69,0.290,0,0.1864,0.0939,0.035,-0.697,0.463,0.174,0.598,0.384,0.214,0.116,159,106,45,25,0.387,0.194,0.438,0.310,0.150,0.042,105,86,43,12
0.081,0.623,0.376,2.1,0.128,0,0.1858,0.0937,0.045,0.02,0.463,0.174,0.598,0.384,0.214,0.116,159,106,45,25,0.387,0.194,0.438,0.310,0.150,0.042,105,86,43,12
0.106,0.781,0.318,1.69,0.290,0,0.1831,0.0921,0.099,-0.697,0.463,0.174,0.598,0.384,0.214,0.116,159,106,45,25,0.387,0.194,0.438,0.310,0.150,0.042,105,86,43,12
0.089,0.709,0.071,1.99,0.186,0,0.1793,0.0918,0.066,-0.326,0.463,0.174,0.598,0.384,0.214,0.116,159,106,45,25,0.387,0.194,0.438,0.310,0.150,0.042,105,86,43,12
0.094,0.586,0.002,2.53,0.140,0,0.1810,0.0943,0.035,-0.121,0.463,0.174,0.598,0.384,0.214,0.116,159,106,45,25,0.387,0.194,0.438,0.310,0.150,0.042,105,86,43,12
0.100,0.582,0.018,-0.79,0.151,-1,0.1725,0.0902,0.219,0.736,0.463,0.174,0.598,0.384,0.214,0.116,159,106,45,25,0.387,0.194,0.438,0.310,0.150,0.042,105,86,43,12
0.123,0.745,0.245,-1.19,0.219,1,0.1581,0.0823,0.316,0.586,0.463,0.174,0.598,0.384,0.214,0.116,159,106,45,25,0.387,0.194,0.438,0.310,0.150,0.042,105,86,43,12
0.134,0.698,0.068,-0.42,0.180,0,0.1397,0.0718,0.152,0.318,0.463,0.174,0.598,0.384,0.214,0.116,159,106,45,25,0.387,0.194,0.438,0.310,0.150,0.042,105,86,43,12
0.139,0.564,0.004,2.1,0.128,0,0.1381,0.0723,0.073,0.02,0.463,0.174,0.598,0.384,0.214,0.116,159,106,45,25,0.387,0.194,0.438,0.310,0.150,0.042,105,86,43,12
0.140,0.518,0.000,0.85,0.046,0,0.1503,0.0809,0.234,0.06,0.463,0.174,0.598,0.384,0.214,0.116,159,106,45,25,0.387,0.194,0.438,0.310,0.150,0.042,105,86,43,12
0.166,0.524,0.006,2.53,0.140,0,0.1751,0.0965,0.170,-0.121,0.463,0.174,0.598,0.384,0.214,0.116,159,106,45,25,0.387,0.194,0.438,0.310,0.150,0.042,105,86,43,12
0.202,0.608,0.001,0.85,0.046,0,0.2127,0.1198,0.143,0.06,0.463,0.174,0.598,0.384,0.214,0.116,159,106,45,25,0.387,0.194,0.438,0.310,0.150,0.042,105,86,43,12
0.239,0.842,0.221,-1.19,0.219,1,0.2558,0.1432,0.432,0.586,0.463,0.174,0.598,0.384,0.214,0.116,159,106,45,25,0.387,0.194,0.438,0.310,0.150,0.042,105,86,43,12
0.236,0.739,0.021,-0.48,0.134,0,0.2984,0.1656,0.296,0.007,0.463,0.174,0.598,0.384,0.214,0.116,159,106,45,25,0.387,0.194,0.438,0.310,0.150,0.042,105,86,43,12
0.236,0.832,0.006,-0.52,0.062,0,0.3363,0.1830,0.151,0.341,0.463,0.174,0.598,0.384,0.214,0.116,159,106,45,25,0.387,0.194,0.438,0.310,0.150,0.042,105,86,43,12
0.235,0.704,0.096,0.85,0.046,0,0.3646,0.1947,0.290,0.06,0.463,0.174,0.598,0.384,0.214,0.116,159,106,45,25,0.387,0.194,0.438,0.310,0.150,0.042,105,86,43,12
0.280,0.770,0.338,0.85,0.046,0,0.3779,0.1971,0.266,0.06,0.463,0.174,0.598,0.384,0.214,0.116,159,106,45,25,0.387,0.194,0.438,0.310,0.150,0.042,105,86,43,12
0.228,0.712,0.412,1.37,0.298,0,0.3825,0.1969,0.161,-0.510,0.463,0.174,0.598,0.384,0.214,0.116,159,106,45,25,0.387,0.194,0.438,0.310,0.150,0.042,105,86,43,12
0.280,0.640,0.447,0.22,0.230,0,0.3832,0.1970,0.208,0.303,0.463,0.174,0.598,0.384,0.214,0.116,159,106,45,25,0.387,0.194,0.438,0.310,0.150,0.042,105,86,43,12
0.273,0.602,0.390,-0.52,0.062,0,0.3852,0.2019,0.400,0.341,0.463,0.174,0.598,0.384,0.214,0.116,159,106,45,25,0.387,0.194,0.438,0.310,0.150,0.042,105,86,43,12
0.262,0.734,0.480,-1.19,0.219,1,0.3848,0.2060,0.474,0.586,0.463,0.174,0.598,0.384,0.214,0.116,159,106,45,25,0.387,0.194,0.438,0.310,0.150,0.042,105,86,43,12
0.260,0.543,0.137,0,0.000,0,0.3828,0.2094,0.177,0.166,0.463,0.174,0.598,0.384,0.214,0.116,159,106,45,25,0.387,0.194,0.438,0.310,0.150,0.042,105,86,43,12
0.188,0.756,0.493,-1.19,0.219,1,0.3802,0.2116,0.327,0.586,0.463,0.174,0.598,0.384,0.214,0.116,159,106,45,25,0.387,0.194,0.438,0.310,0.150,0.042,105,86,43,12
0.149,0.485,0.013,-0.79,0.151,-1,0.3670,0.2050,0.392,0.736,0.463,0.174,0.598,0.384,0.214,0.116,159,106,45,25,0.387,0.194,0.438,0.310,0.150,0.042,105,86,43,12
0.169,0.382,0.006,1.99,0.186,0,0.3600,0.2051,0.126,-0.326,0.463,0.174,0.598,0.384,0.214,0.116,159,106,45,25,0.387,0.194,0.438,0.310,0.150,0.042,105,86,43,12
0.162,0.386,0.006,1.99,0.186,0,0.3524,0.2057,0.087,-0.326,0.463,0.174,0.598,0.384,0.214,0.116,159,106,45,25,0.387,0.194,0.438,0.310,0.150,0.042,105,86,43,12
0.165,0.359,0.005,0.85,0.046,0,0.3522,0.2129,0.250,0.06,0.463,0.174,0.598,0.384,0.214,0.116,159,106,45,25,0.387,0.194,0.438,0.310,0.150,0.042,105,86,43,12
0.165,0.548,0.003,-0.42,0.180,0,0.3512,0.2175,0.400,0.318,0.463,0.174,0.598,0.384,0.214,0.116,159,106,45,25,0.387,0.194,0.438,0.310,0.150,0.042,105,86,43,12
0.177,0.652,0.017,-1.19,0.219,1,0.3513,0.2199,0.275,0.586,0.463,0.174,0.598,0.384,0.214,0.116,159,106,45,25,0.387,0.194,0.438,0.310,0.150,0.042,105,86,43,12
0.159,0.422,0.001,1.99,0.186,0,0.3591,0.2296,0.063,-0.326,0.463,0.174,0.598,0.384,0.214,0.116,159,106,45,25,0.387,0.194,0.438,0.310,0.150,0.042,105,86,43,12
0.159,0.468,0.001,-1.14,0.131,0,0.3640,0.2364,0.350,0.987,0.463,0.174,0.598,0.384,0.214,0.116,159,106,45,25,0.387,0.194,0.438,0.310,0.150,0.042,105,86,43,12
0.159,0.424,0.001,1.99,0.186,0,0.3753,0.2532,0.191,-0.326,0.463,0.174,0.598,0.384,0.214,0.116,159,106,45,25,0.387,0.194,0.438,0.310,0.150,0.042,105,86,43,12
0.152,0.490,0.352,1.76,0.409,0,0.3895,0.2706,0.077,-0.884,0.463,0.174,0.598,0.384,0.214,0.116,159,106,45,25,0.387,0.194,0.438,0.310,0.150,0.042,105,86,43,12
0.118,0.406,0.109,-0.42,0.180,0,0.4057,0.2905,0.253,0.318,0.463,0.174,0.598,0.384,0.214,0.116,159,106,45,25,0.387,0.194,0.438,0.310,0.150,0.042,105,86,43,12
0.118,0.398,0.164,-0.42,0.180,0,0.4122,0.2992,0.340,0.318,0.463,0.174,0.598,0.384,0.214,0.116,159,106,45,25,0.387,0.194,0.438,0.310,0.150,0.042,105,86,43,12
0.123,0.238,0.014,0.85,0.046,0,0.4071,0.3015,0.157,0.06,0.463,0.174,0.598,0.384,0.214,0.116,159,106,45,25,0.387,0.194,0.438,0.310,0.150,0.042,105,86,43,12
0.124,0.268,0.060,2.1,0.128,0,0.4092,0.3089,0.137,0.02,0.463,0.174,0.598,0.384,0.214,0.116,159,106,45,25,0.387,0.194,0.438,0.310,0.150,0.042,105,86,43,12
0.124,0.279,0.151,0.85,0.046,0,0.4242,0.3254,0.403,0.06,0.463,0.174,0.598,0.384,0.214,0.116,159,106,45,25,0.387,0.194,0.438,0.310,0.150,0.042,105,86,43,12
0.124,0.262,0.085,-1.1,0.105,-1,0.4400,0.3395,0.348,0.192,0.463,0.174,0.598,0.384,0.214,0.116,159,106,45,25,0.387,0.194,0.438,0.310,0.150,0.042,105,86,43,12
0.099,0.283,0.105,-1.14,0.131,0,0.4442,0.3414,0.343,0.987,0.463,0.174,0.598,0.384,0.214,0.116,159,106,45,25,0.387,0.194,0.438,0.310,0.150,0.042,105,86,43,12
0.104,0.371,0.272,-0.52,0.062,0,0.4415,0.3354,0.548,0.341,0.463,0.174,0.598,0.384,0.214,0.116,159,106,45,25,0.387,0.194,0.438,0.310,0.150,0.042,105,86,43,12
0.105,0.508,0.517,-1.19,0.219,1,0.4321,0.3207,0.518,0.586,0.463,0.174,0.598,0.384,0.214,0.116,159,106,45,25,0.387,0.194,0.438,0.310,0.150,0.042,105,86,43,12
0.102,0.293,0.417,3.14,0.186,0,0.4459,0.3250,0.122,-0.486,0.463,0.174,0.598,0.384,0.214,0.116,159,106,45,25,0.387,0.194,0.438,0.310,0.150,0.042,105,86,43,12
0.148,0.292,0.476,-1.14,0.131,0,0.4677,0.3376,0.263,0.987,0.463,0.174,0.598,0.384,0.214,0.116,159,106,45,25,0.387,0.194,0.438,0.310,0.150,0.042,105,86,43,12
0.153,0.328,0.245,-0.79,0.151,-1,0.5018,0.3631,0.546,0.736,0.463,0.174,0.598,0.384,0.214,0.116,159,106,45,25,0.387,0.194,0.438,0.310,0.150,0.042,105,86,43,12
0.166,0.472,0.554,0.2,0.291,1,0.5239,0.3775,0.279,0.180,0.463,0.174,0.598,0.384,0.214,0.116,159,106,45,25,0.387,0.194,0.438,0.310,0.150,0.042,105,86,43,12
0.140,0.283,0.085,0.85,0.046,0,0.5425,0.3888,0.020,0.06,0.463,0.174,0.598,0.384,0.214,0.116,159,106,45,25,0.387,0.194,0.438,0.310,0.150,0.042,105,86,43,12
0.139,0.250,0.067,2.53,0.140,0,0.5571,0.3958,0.117,-0.121,0.463,0.174,0.598,0.384,0.214,0.116,159,106,45,25,0.387,0.194,0.438,0.310,0.150,0.042,105,86,43,12
0.139,0.366,0.016,-0.42,0.180,0,0.5641,0.3970,0.359,0.318,0.463,0.174,0.598,0.384,0.214,0.116,159,106,45,25,0.387,0.194,0.438,0.310,0.150,0.042,105,86,43,12
0.138,0.225,0.003,1.99,0.186,0,0.5702,0.4009,0.040,-0.326,0.463,0.174,0.598,0.384,0.214,0.116,159,106,45,25,0.387,0.194,0.438,0.310,0.150,0.042,105,86,43,12
0.143,0.262,0.003,1.42,0.221,0,0.5604,0.3890,0.032,-0.397,0.463,0.174,0.598,0.384,0.214,0.116,159,106,45,25,0.387,0.194,0.438,0.310,0.150,0.042,105,86,43,12
0.131,0.360,0.007,-0.42,0.180,0,0.5530,0.3791,0.306,0.318,0.463,0.174,0.598,0.384,0.214,0.116,159,106,45,25,0.387,0.194,0.438,0.310,0.150,0.042,105,86,43,12
0.111,0.362,0.002,-0.42,0.180,0,0.5285,0.3520,0.269,0.318,0.463,0.174,0.598,0.384,0.214,0.116,159,106,45,25,0.387,0.194,0.438,0.310,0.150,0.042,105,86,43,12
0.114,0.230,0.004,2.53,0.140,0,0.4957,0.3215,0.052,-0.121,0.463,0.174,0.598,0.384,0.214,0.116,159,106,45,25,0.387,0.194,0.438,0.310,0.150,0.042,105,86,43,12
0.119,0.213,0.005,0.85,0.046,0,0.4712,0.3026,0.173,0.06,0.463,0.174,0.598,0.384,0.214,0.116,159,106,45,25,0.387,0.194,0.438,0.310,0.150,0.042,105,86,43,12
0.153,0.294,0.122,-0.52,0.062,0,0.4724,0.3089,0.413,0.341,0.463,0.174,0.598,0.384,0.214,0.116,159,106,45,25,0.387,0.194,0.438,0.310,0.150,0.042,105,86,43,12
0.148,0.350,0.018,-0.48,0.134,0,0.4876,0.3273,0.375,0.007,0.463,0.174,0.598,0.384,0.214,0.116,159,106,45,25,0.387,0.194,0.438,0.310,0.150,0.042,105,86,43,12
0.154,0.351,0.038,0,0.000,0,0.4958,0.3400,0.320,0.166,0.463,0.174,0.598,0.384,0.214,0.116,159,106,45,25,0.387,0.194,0.438,0.310,0.150,0.042,105,86,43,12
0.189,0.367,0.006,0.85,0.046,0,0.4907,0.3427,0.249,0.06,0.463,0.174,0.598,0.384,0.214,0.116,159,106,45,25,0.387,0.194,0.438,0.310,0.150,0.042,105,86,43,12
0.204,0.470,0.026,-0.08,0.108,0,0.4853,0.3442,0.369,0.059,0.463,0.174,0.598,0.384,0.214,0.116,159,106,45,25,0.387,0.194,0.438,0.310,0.150,0.042,105,86,43,12
0.176,0.424,0.002,1.99,0.186,0,0.4896,0.3549,0.104,-0.326,0.463,0.174,0.598,0.384,0.214,0.116,159,106,45,25,0.387,0.194,0.438,0.310,0.150,0.042,105,86,43,12
0.168,0.387,0.004,-1.14,0.131,0,0.4888,0.3602,0.273,0.987,0.463,0.174,0.598,0.384,0.214,0.116,159,106,45,25,0.387,0.194,0.438,0.310,0.150,0.042,105,86,43,12
0.174,0.465,0.005,-0.52,0.062,0,0.4910,0.3677,0.334,0.341,0.463,0.174,0.598,0.384,0.214,0.116,159,106,45,25,0.387,0.194,0.438,0.310,0.150,0.042,105,86,43,12
0.175,0.329,0.007,0.85,0.046,0,0.4739,0.3560,0.142,0.06,0.463,0.174,0.598,0.384,0.214,0.116,159,106,45,25,0.387,0.194,0.438,0.310,0.150,0.042,105,86,43,12
0.183,0.298,0.033,1.99,0.186,0,0.4543,0.3406,0.132,-0.326,0.463,0.174,0.598,0.384,0.214,0.116,159,106,45,25,0.387,0.194,0.438,0.310,0.150,0.042,105,86,43,12
0.176,0.474,0.230,-0.52,0.062,0,0.4431,0.3325,0.292,0.341,0.463,0.174,0.598,0.384,0.214,0.116,159,106,45,25,0.387,0.194,0.438,0.310,0.150,0.042,105,86,43,12
0.160,0.420,0.215,0.85,0.046,0,0.4394,0.3333,0.285,0.06,0.463,0.174,0.598,0.384,0.214,0.116,159,106,45,25,0.387,0.194,0.438,0.310,0.150,0.042,105,86,43,12
0.183,0.591,0.172,-0.52,0.062,0,0.4445,0.3438,0.254,0.341,0.463,0.174,0.598,0.384,0.214,0.116,159,106,45,25,0.387,0.194,0.438,0.310,0.150,0.042,105,86,43,12
0.172,0.556,0.293,-1.19,0.219,1,0.4532,0.3566,0.414,0.586,0.463,0.174,0.598,0.384,0.214,0.116,159,106,45,25,0.387,0.194,0.438,0.310,0.150,0.042,105,86,43,12
0.175,0.522,0.310,-0.52,0.062,0,0.4654,0.3722,0.243,0.341,0.463,0.174,0.598,0.384,0.214,0.116,159,106,45,25,0.387,0.194,0.438,0.310,0.150,0.042,105,86,43,12
0.184,0.752,0.291,-0.48,0.134,0,0.4628,0.3720,0.264,0.007,0.463,0.174,0.598,0.384,0.214,0.116,159,106,45,25,0.387,0.194,0.438,0.310,0.150,0.042,105,86,43,12
0.225,0.326,0.049,1.99,0.186,0,0.4630,0.3681,0.082,-0.326,0.463,0.174,0.598,0.384,0.214,0.116,159,106,45,25,0.387,0.194,0.438,0.310,0.150,0.042,105,86,43,12
0.225,0.351,0.372,2.53,0.140,0,0.4709,0.3693,0.131,-0.121,0.463,0.174,0.598,0.384,0.214,0.116,159,106,45,25,0.387,0.194,0.438,0.310,0.150,0.042,105,86,43,12
0.214,0.385,0.159,3.14,0.186,0,0.4909,0.3826,0.093,-0.486,0.463,0.174,0.598,0.384,0.214,0.116,159,106,45,25,0.387,0.194,0.438,0.310,0.150,0.042,105,86,43,12
0.204,0.553,0.337,-0.52,0.062,0,0.5162,0.3975,0.164,0.341,0.463,0.174,0.598,0.384,0.214,0.116,159,106,45,25,0.387,0.194,0.438,0.310,0.150,0.042,105,86,43,12
0.205,0.439,0.199,-1.1,0.105,-1,0.5435,0.4105,0.187,0.192,0.463,0.174,0.598,0.384,0.214,0.116,159,106,45,25,0.387,0.194,0.438,0.310,0.150,0.042,105,86,43,12
0.188,0.488,0.324,-1.14,0.131,0,0.5524,0.4085,0.304,0.987,0.463,0.174,0.598,0.384,0.214,0.116,159,106,45,25,0.387,0.194,0.438,0.310,0.150,0.042,105,86,43,12
0.180,0.456,0.494,3.14,0.186,0,0.5564,0.4052,0.154,-0.486,0.463,0.174,0.598,0.384,0.214,0.116,159,106,45,25,0.387,0.194,0.438,0.310,0.150,0.042,105,86,43,12
0.141,0.399,0.343,-1.14,0.131,0,0.5580,0.4077,0.403,0.987,0.463,0.174,0.598,0.384,0.214,0.116,159,106,45,25,0.387,0.194,0.438,0.310,0.150,0.042,105,86,43,12
0.113,0.390,0.398,0,0.000,0,0.5614,0.4152,0.394,0.166,0.463,0.174,0.598,0.384,0.214,0.116,159,106,45,25,0.387,0.194,0.438,0.310,0.150,0.042,105,86,43,12
0.108,0.332,0.276,0.85,0.046,0,0.5629,0.4266,0.334,0.06,0.463,0.174,0.598,0.384,0.214,0.116,159,106,45,25,0.387,0.194,0.438,0.310,0.150,0.042,105,86,43,12
0.122,0.364,0.351,-1.19,0.219,1,0.5573,0.4305,0.493,0.586,0.463,0.174,0.598,0.384,0.214,0.116,159,106,45,25,0.387,0.194,0.438,0.310,0.150,0.042,105,86,43,12
0.101,0.293,0.159,-1.14,0.131,0,0.5473,0.4293,0.432,0.987,0.463,0.174,0.598,0.384,0.214,0.116,159,106,45,25,0.387,0.194,0.438,0.310,0.150,0.042,105,86,43,12
0.101,0.288,0.090,1.99,0.186,0,0.5438,0.4326,0.195,-0.326,0.463,0.174,0.598,0.384,0.214,0.116,159,106,45,25,0.387,0.194,0.438,0.310,0.150,0.042,105,86,43,12
0.106,0.296,0.031,-1.14,0.131,0,0.5413,0.4349,0.478,0.987,0.463,0.174,0.598,0.384,0.214,0.116,159,106,45,25,0.387,0.194,0.438,0.310,0.150,0.042,105,86,43,12
0.105,0.302,0.030,2.53,0.140,0,0.5455,0.4434,0.221,-0.121,0.463,0.174,0.598,0.384,0.214,0.116,159,106,45,25,0.387,0.194,0.438,0.310,0.150,0.042,105,86,43,12
0.114,0.228,0.074,-1.14,0.131,0,0.5557,0.4540,0.265,0.987,0.463,0.174,0.598,0.384,0.214,0.116,159,106,45,25,0.387,0.194,0.438,0.310,0.150,0.042,105,86,43,12
0.125,0.231,0.038,-1.14,0.131,0,0.5729,0.4690,0.419,0.987,0.463,0.174,0.598,0.384,0.214,0.116,159,106,45,25,0.387,0.194,0.438,0.310,0.150,0.042,105,86,43,12
0.129,0.250,0.190,-0.79,0.151,-1,0.5760,0.4739,0.424,0.736,0.463,0.174,0.598,0.384,0.214,0.116,159,106,45,25,0.387,0.194,0.438,0.310,0.150,0.042,105,86,43,12
0.130,0.240,0.095,1.99,0.186,0,0.5761,0.4763,0.112,-0.326,0.463,0.174,0.598,0.384,0.214,0.116,159,106,45,25,0.387,0.194,0.438,0.310,0.150,0.042,105,86,43,12
0.104,0.310,0.103,0.85,0.046,0,0.5833,0.4868,0.149,0.06,0.463,0.174,0.598,0.384,0.214,0.116,159,106,45,25,0.387,0.194,0.438,0.310,0.150,0.042,105,86,43,12
0.109,0.274,0.187,-1.14,0.131,0,0.5925,0.5036,0.302,0.987,0.463,0.174,0.598,0.384,0.214,0.116,159,106,45,25,0.387,0.194,0.438,0.310,0.150,0.042,105,86,43,12
0.083,0.348,0.447,1.69,0.290,0,0.6009,0.5208,0.124,-0.697,0.463,0.174,0.598,0.384,0.214,0.116,159,106,45,25,0.387,0.194,0.438,0.310,0.150,0.042,105,86,43,12
0.083,0.320,0.368,2.53,0.140,0,0.6030,0.5348,0.145,-0.121,0.463,0.174,0.598,0.384,0.214,0.116,159,106,45,25,0.387,0.194,0.438,0.310,0.150,0.042,105,86,43,12
0.081,0.417,0.445,0,0.000,0,0.5995,0.5391,0.211,0.166,0.463,0.174,0.598,0.384,0.214,0.116,159,106,45,25,0.387,0.194,0.438,0.310,0.150,0.042,105,86,43,12
0.089,0.838,0.743,0.2,0.291,1,0.5802,0.5308,0.333,0.180,0.463,0.174,0.598,0.384,0.214,0.116,159,106,45,25,0.387,0.194,0.438,0.310,0.150,0.042,105,86,43,12
0.075,0.427,0.552,1.42,0.221,0,0.5545,0.5192,0.129,-0.397,0.463,0.174,0.598,0.384,0.214,0.116,159,106,45,25,0.387,0.194,0.438,0.310,0.150,0.042,105,86,43,12
0.080,0.464,0.516,-0.52,0.062,0,0.5323,0.5102,0.230,0.341,0.463,0.174,0.598,0.384,0.214,0.116,159,106,45,25,0.387,0.194,0.438,0.310,0.150,0.042,105,86,43,12
0.084,0.333,0.658,0.85,0.046,0,0.5271,0.5118,0.309,0.06,0.463,0.174,0.598,0.384,0.214,0.116,159,106,45,25,0.387,0.194,0.438,0.310,0.150,0.042,105,86,43,12
0.098,0.447,0.664,-0.42,0.180,0,0.5430,0.5231,0.394,0.318,0.463,0.174,0.598,0.384,0.214,0.116,159,106,45,25,0.387,0.194,0.438,0.310,0.150,0.042,105,86,43,12
0.101,0.319,0.406,-0.79,0.151,-1,0.5682,0.5395,0.383,0.736,0.463,0.174,0.598,0.384,0.214,0.116,159,106,45,25,0.387,0.194,0.438,0.310,0.150,0.042,105,86,43,12
0.096,0.396,0.457,-0.52,0.062,0,0.6067,0.5623,0.252,0.341,0.463,0.174,0.598,0.384,0.214,0.116,159,106,45,25,0.387,0.194,0.438,0.310,0.150,0.042,105,86,43,12
0.096,0.445,0.319,-0.08,0.108,0,0.6559,0.5937,0.160,0.059,0.463,0.174,0.598,0.384,0.214,0.116,159,106,45,25,0.387,0.194,0.438,0.310,0.150,0.042,105,86,43,12
0.120,0.348,0.416,-1.14,0.131,0,0.7041,0.6277,0.260,0.987,0.463,0.174,0.598,0.384,0.214,0.116,159,106,45,25,0.387,0.194,0.438,0.310,0.150,0.042,105,86,43,12
0.097,0.329,0.380,3.14,0.186,0,0.7425,0.6552,0.115,-0.486,0.463,0.174,0.598,0.384,0.214,0.116,159,106,45,25,0.387,0.194,0.438,0.310,0.150,0.042,105,86,43,12
0.091,0.279,0.407,1.42,0.221,0,0.7728,0.6794,0.130,-0.397,0.463,0.174,0.598,0.384,0.214,0.116,159,106,45,25,0.387,0.194,0.438,0.310,0.150,0.042,105,86,43,12
0.078,0.376,0.567,-0.48,0.134,0,0.7851,0.6913,0.284,0.007,0.463,0.174,0.598,0.384,0.214,0.116,159,106,45,25,0.387,0.194,0.438,0.310,0.150,0.042,105,86,43,12
0.079,0.304,0.489,0,0.000,0,0.7730,0.6873,0.172,0.166,0.463,0.174,0.598,0.384,0.214,0.116,159,106,45,25,0.387,0.194,0.438,0.310,0.150,0.042,105,86,43,12
0.071,0.263,0.395,2.53,0.140,0,0.7477,0.6732,0.110,-0.121,0.463,0.174,0.598,0.384,0.214,0.116,159,106,45,25,0.387,0.194,0.438,0.310,0.150,0.042,105,86,43,12
0.048,0.306,0.517,-0.08,0.108,0,0.7172,0.6548,0.354,0.059,0.463,0.174,0.598,0.384,0.214,0.116,159,106,45,25,0.387,0.194,0.438,0.310,0.150,0.042,105,86,43,12
0.050,0.297,0.452,0,0.000,0,0.6890,0.6367,0.113,0.166,0.463,0.174,0.598,0.384,0.214,0.116,159,106,45,25,0.387,0.194,0.438,0.310,0.150,0.042,105,86,43,12
0.059,0.229,0.366,-1.14,0.131,0,0.6561,0.6157,0.353,0.987,0.463,0.174,0.598,0.384,0.214,0.116,159,106,45,25,0.387,0.194,0.438,0.310,0.150,0.042,105,86,43,12
0.059,0.204,0.333,-1.1,0.105,-1,0.6494,0.6073,0.451,0.192,0.463,0.174,0.598,0.384,0.214,0.116,159,106,45,25,0.387,0.194,0.438,0.310,0.150,0.042,105,86,43,12
0.078,0.171,0.328,0,0.000,0,0.6549,0.6081,0.218,0.166,0.463,0.174,0.598,0.384,0.214,0.116,159,106,45,25,0.387,0.194,0.438,0.310,0.150,0.042,105,86,43,12
0.082,0.176,0.381,-0.79,0.151,-1,0.6663,0.6131,0.537,0.736,0.463,0.174,0.598,0.384,0.214,0.116,159,106,45,25,0.387,0.194,0.438,0.310,0.150,0.042,105,86,43,12
0.085,0.189,0.279,-1.1,0.105,-1,0.6768,0.6206,0.388,0.192,0.463,0.174,0.598,0.384,0.214,0.116,159,106,45,25,0.387,0.194,0.438,0.310,0.150,0.042,105,86,43,12
0.078,0.301,0.440,1.37,0.298,0,0.6964,0.6365,0.156,-0.510,0.463,0.174,0.598,0.384,0.214,0.116,159,106,45,25,0.387,0.194,0.438,0.310,0.150,0.042,105,86,43,12
0.089,0.322,0.397,-0.52,0.062,0,0.7175,0.6534,0.241,0.341,0.463,0.174,0.598,0.384,0.214,0.116,159,106,45,25,0.387,0.194,0.438,0.310,0.150,0.042,105,86,43,12
0.108,0.270,0.172,-1.14,0.131,0,0.7320,0.6660,0.361,0.987,0.463,0.174,0.598,0.384,0.214,0.116,159,106,45,25,0.387,0.194,0.438,0.310,0.150,0.042,105,86,43,12
0.114,0.330,0.382,1.76,0.409,0,0.7357,0.6712,0.180,-0.884,0.463,0.174,0.598,0.384,0.214,0.116,159,106,45,25,0.387,0.194,0.438,0.310,0.150,0.042,105,86,43,12
0.119,0.200,0.156,0.85,0.046,0,0.7309,0.6716,0.259,0.06,0.463,0.174,0.598,0.384,0.214,0.116,159,106,45,25,0.387,0.194,0.438,0.310,0.150,0.042,105,86,43,12
0.123,0.192,0.127,-1.1,0.105,-1,0.7356,0.6760,0.430,0.192,0.463,0.174,0.598,0.384,0.214,0.116,159,106,45,25,0.387,0.194,0.438,0.310,0.150,0.042,105,86,43,12
0.123,0.303,0.460,0.2,0.291,1,0.7331,0.6747,0.363,0.180,0.463,0.174,0.598,0.384,0.214,0.116,159,106,45,25,0.387,0.194,0.438,0.310,0.150,0.042,105,86,43,12
0.122,0.321,0.309,-1.19,0.219,1,0.7226,0.6675,0.445,0.586,0.463,0.174,0.598,0.384,0.214,0.116,159,106,45,25,0.387,0.194,0.438,0.310,0.150,0.042,105,86,43,12
0.116,0.202,0.262,0.85,0.046,0,0.7201,0.6654,0.359,0.06,0.463,0.174,0.598,0.384,0.214,0.116,159,106,45,25,0.387,0.194,0.438,0.310,0.150,0.042,105,86,43,12
0.149,0.213,0.345,0.85,0.046,0,0.7319,0.6725,0.413,0.06,0.463,0.174,0.598,0.384,0.214,0.116,159,106,45,25,0.387,0.194,0.438,0.310,0.150,0.042,105,86,43,12
0.150,0.311,0.433,-0.42,0.180,0,0.7522,0.6836,0.426,0.318,0.463,0.174,0.598,0.384,0.214,0.116,159,106,45,25,0.387,0.194,0.438,0.310,0.150,0.042,105,86,43,12
0.175,0.258,0.328,-1.14,0.131,0,0.7719,0.6941,0.391,0.987,0.463,0.174,0.598,0.384,0.214,0.116,159,106,45,25,0.387,0.194,0.438,0.310,0.150,0.042,105,86,43,12
0.204,0.352,0.565,-1.19,0.219,1,0.7844,0.7020,0.566,0.586,0.463,0.174,0.598,0.384,0.214,0.116,159,106,45,25,0.387,0.194,0.438,0.310,0.150,0.042,105,86,43,12
0.211,0.307,0.487,-0.52,0.062,0,0.7894,0.7055,0.531,0.341,0.463,0.174,0.598,0.384,0.214,0.116,159,106,45,25,0.387,0.194,0.438,0.310,0.150,0.042,105,86,43,12
0.301,0.236,0.224,1.99,0.186,0,0.7917,0.7068,0.270,-0.326,0.463,0.174,0.598,0.384,0.214,0.116,159,106,45,25,0.387,0.194,0.438,0.310,0.150,0.042,105,86,43,12
0.290,0.299,0.355,-0.52,0.062,0,0.7950,0.7092,0.463,0.341,0.463,0.174,0.598,0.384,0.214,0.116,159,106,45,25,0.387,0.194,0.438,0.310,0.150,0.042,105,86,43,12
0.312,0.259,0.290,-1.14,0.131,0,0.7978,0.7085,0.393,0.987,0.463,0.174,0.598,0.384,0.214,0.116,159,106,45,25,0.387,0.194,0.438,0.310,0.150,0.042,105,86,43,12
0.276,0.288,0.254,-1.14,0.131,0,0.7874,0.7015,0.495,0.987,0.463,0.174,0.598,0.384,0.214,0.116,159,106,45,25,0.387,0.194,0.438,0.310,0.150,0.042,105,86,43,12
0.240,0.370,0.365,-0.42,0.180,0,0.7617,0.6868,0.472,0.318,0.463,0.174,0.598,0.384,0.214,0.116,159,106,45,25,0.387,0.194,0.438,0.310,0.150,0.042,105,86,43,12
0.207,0.353,0.468,-0.52,0.062,0,0.7427,0.6761,0.298,0.341,0.463,0.174,0.598,0.384,0.214,0.116,159,106,45,25,0.387,0.194,0.438,0.310,0.150,0.042,105,86,43,12
0.196,0.352,0.422,-0.42,0.180,0,0.7356,0.6725,0.396,0.318,0.463,0.174,0.598,0.384,0.214,0.116,159,106,45,25,0.387,0.194,0.438,0.310,0.150,0.042,105,86,43,12
0.201,0.400,0.452,-0.52,0.062,0,0.7209,0.6666,0.378,0.341,0.463,0.174,0.598,0.384,0.214,0.116,159,106,45,25,0.387,0.194,0.438,0.310,0.150,0.042,105,86,43,12
0.201,0.409,0.571,-1.19,0.219,1,0.7008,0.6576,0.475,0.586,0.463,0.174,0.598,0.384,0.214,0.116,159,106,45,25,0.387,0.194,0.438,0.310,0.150,0.042,105,86,43,12
0.165,0.329,0.370,1.99,0.186,0,0.6946,0.6569,0.144,-0.326,0.463,0.174,0.598,0.384,0.214,0.116,159,106,45,25,0.387,0.194,0.438,0.310,0.150,0.042,105,86,43,12
0.163,0.421,0.440,-0.52,0.062,0,0.6803,0.6508,0.273,0.341,0.463,0.174,0.598,0.384,0.214,0.116,159,106,45,25,0.387,0.194,0.438,0.310,0.150,0.042,105,86,43,12
0.200,0.330,0.388,-1.1,0.105,-1,0.6694,0.6429,0.397,0.192,0.463,0.174,0.598,0.384,0.214,0.116,159,106,45,25,0.387,0.194,0.438,0.310,0.150,0.042,105,86,43,12
0.200,0.401,0.404,-0.52,0.062,0,0.6509,0.6312,0.290,0.341,0.463,0.174,0.598,0.384,0.214,0.116,159,106,45,25,0.387,0.194,0.438,0.310,0.150,0.042,105,86,43,12
0.209,0.419,0.481,1.37,0.298,0,0.6368,0.6205,0.196,-0.510,0.463,0.174,0.598,0.384,0.214,0.116,159,106,45,25,0.387,0.194,0.438,0.310,0.150,0.042,105,86,43,12
0.208,0.399,0.335,-0.52,0.062,0,0.6275,0.6113,0.289,0.341,0.463,0.174,0.598,0.384,0.214,0.116,159,106,45,25,0.387,0.194,0.438,0.310,0.150,0.042,105,86,43,12
0.205,0.480,0.279,-0.48,0.134,0,0.6198,0.6026,0.357,0.007,0.463,0.174,0.598,0.384,0.214,0.116,159,106,45,25,0.387,0.194,0.438,0.310,0.150,0.042,105,86,43,12
0.237,0.466,0.325,-0.08,0.108,0,0.5920,0.5850,0.315,0.059,0.463,0.174,0.598,0.384,0.214,0.116,159,106,45,25,0.387,0.194,0.438,0.310,0.150,0.042,105,86,43,12
0.211,0.386,0.293,1.99,0.186,0,0.5649,0.5672,0.162,-0.326,0.463,0.174,0.598,0.384,0.214,0.116,159,106,45,25,0.387,0.194,0.438,0.310,0.150,0.042,105,86,43,12
0.211,0.385,0.272,-1.14,0.131,0,0.5372,0.5502,0.321,0.987,0.463,0.174,0.598,0.384,0.214,0.116,159,106,45,25,0.387,0.194,0.438,0.310,0.150,0.042,105,86,43,12
0.156,0.340,0.188,2.53,0.140,0,0.5403,0.5489,0.181,-0.121,0.463,0.174,0.598,0.384,0.214,0.116,159,106,45,25,0.387,0.194,0.438,0.310,0.150,0.042,105,86,43,12
0.157,0.506,0.461,0.2,0.291,1,0.5502,0.5517,0.307,0.180,0.463,0.174,0.598,0.384,0.214,0.116,159,106,45,25,0.387,0.194,0.438,0.310,0.150,0.042,105,86,43,12
0.143,0.483,0.407,-1.19,0.219,1,0.5653,0.5571,0.442,0.586,0.463,0.174,0.598,0.384,0.214,0.116,159,106,45,25,0.387,0.194,0.438,0.310,0.150,0.042,105,86,43,12
0.141,0.426,0.390,-0.52,0.062,0,0.5729,0.5566,0.319,0.341,0.463,0.174,0.598,0.384,0.214,0.116,159,106,45,25,0.387,0.194,0.438,0.310,0.150,0.042,105,86,43,12
0.110,0.348,0.394,2.53,0.140,0,0.5886,0.5597,0.223,-0.121,0.463,0.174,0.598,0.384,0.214,0.116,159,106,45,25,0.387,0.194,0.438,0.310,0.150,0.042,105,86,43,12
0.104,0.437,0.425,-0.08,0.108,0,0.6111,0.5671,0.298,0.059,0.463,0.174,0.598,0.384,0.214,0.116,159,106,45,25,0.387,0.194,0.438,0.310,0.150,0.042,105,86,43,12
0.123,0.381,0.364,-1.14,0.131,0,0.6396,0.5786,0.318,0.987,0.463,0.174,0.598,0.384,0.214,0.116,159,106,45,25,0.387,0.194,0.438,0.310,0.150,0.042,105,86,43,12
0.138,0.491,0.448,-1.19,0.219,1,0.6636,0.5872,0.514,0.586,0.463,0.174,0.598,0.384,0.214,0.116,159,106,45,25,0.387,0.194,0.438,0.310,0.150,0.042,105,86,43,12
0.144,0.477,0.438,-0.48,0.134,0,0.6818,0.5944,0.323,0.007,0.463,0.174,0.598,0.384,0.214,0.116,159,106,45,25,0.387,0.194,0.438,0.310,0.150,0.042,105,86,43,12
0.138,0.381,0.481,-0.52,0.062,0,0.6880,0.5962,0.270,0.341,0.463,0.174,0.598,0.384,0.214,0.116,159,106,45,25,0.387,0.194,0.438,0.310,0.150,0.042,105,86,43,12
0.150,0.385,0.579,1.37,0.298,0,0.7056,0.6037,0.255,-0.510,0.463,0.174,0.598,0.384,0.214,0.116,159,106,45,25,0.387,0.194,0.438,0.310,0.150,0.042,105,86,43,12
0.157,0.261,0.309,0.85,0.046,0,0.7175,0.6101,0.259,0.06,0.463,0.174,0.598,0.384,0.214,0.116,159,106,45,25,0.387,0.194,0.438,0.310,0.150,0.042,105,86,43,12
0.159,0.333,0.381,-0.08,0.108,0,0.7285,0.6136,0.286,0.059,0.463,0.174,0.598,0.384,0.214,0.116,159,106,45,25,0.387,0.194,0.438,0.310,0.150,0.042,105,86,43,12
0.136,0.308,0.429,-0.08,0.108,0,0.7288,0.6106,0.303,0.059,0.463,0.174,0.598,0.384,0.214,0.116,159,106,45,25,0.387,0.194,0.438,0.310,0.150,0.042,105,86,43,12
0.135,0.262,0.381,-0.79,0.151,-1,0.7246,0.6044,0.472,0.736,0.463,0.174,0.598,0.384,0.214,0.116,159,106,45,25,0.387,0.194,0.438,0.310,0.150,0.042,105,86,43,12
0.135,0.385,0.399,-0.48,0.134,0,0.7041,0.5892,0.385,0.007,0.463,0.174,0.598,0.384,0.214,0.116,159,106,45,25,0.387,0.194,0.438,0.310,0.150,0.042,105,86,43,12
0.143,0.522,0.396,-1.19,0.219,1,0.6815,0.5729,0.403,0.586,0.463,0.174,0.598,0.384,0.214,0.116,159,106,45,25,0.387,0.194,0.438,0.310,0.150,0.042,105,86,43,12
0.152,0.489,0.338,-0.08,0.108,0,0.6584,0.5538,0.376,0.059,0.463,0.174,0.598,0.384,0.214,0.116,159,106,45,25,0.387,0.194,0.438,0.310,0.150,0.042,105,86,43,12
0.123,0.455,0.384,1.99,0.186,0,0.6624,0.5495,0.159,-0.326,0.463,0.174,0.598,0.384,0.214,0.116,159,106,45,25,0.387,0.194,0.438,0.310,0.150,0.042,105,86,43,12
0.118,0.439,0.321,-1.14,0.131,0,0.6676,0.5484,0.290,0.987,0.463,0.174,0.598,0.384,0.214,0.116,159,106,45,25,0.387,0.194,0.438,0.310,0.150,0.042,105,86,43,12
0.117,0.672,0.676,0.2,0.291,1,0.6872,0.5558,0.342,0.180,0.463,0.174,0.598,0.384,0.214,0.116,159,106,45,25,0.387,0.194,0.438,0.310,0.150,0.042,105,86,43,12
0.111,0.576,0.600,-0.52,0.062,0,0.6985,0.5594,0.238,0.341,0.463,0.174,0.598,0.384,0.214,0.116,159,106,45,25,0.387,0.194,0.438,0.310,0.150,0.042,105,86,43,12
0.112,0.854,0.585,-0.52,0.062,0,0.7184,0.5708,0.267,0.341,0.463,0.174,0.598,0.384,0.214,0.116,159,106,45,25,0.387,0.194,0.438,0.310,0.150,0.042,105,86,43,12
0.123,0.587,0.635,-0.52,0.062,0,0.7345,0.5826,0.261,0.341,0.463,0.174,0.598,0.384,0.214,0.116,159,106,45,25,0.387,0.194,0.438,0.310,0.150,0.042,105,86,43,12
0.135,0.441,0.591,1.42,0.221,0,0.7408,0.5871,0.177,-0.397,0.463,0.174,0.598,0.384,0.214,0.116,159,106,45,25,0.387,0.194,0.438,0.310,0.150,0.042,105,86,43,12
0.170,0.433,0.156,0.85,0.046,0,0.7259,0.5781,0.180,0.06,0.463,0.174,0.598,0.384,0.214,0.116,159,106,45,25,0.387,0.194,0.438,0.310,0.150,0.042,105,86,43,12
0.198,0.350,0.172,0.85,0.046,0,0.6937,0.5576,0.291,0.06,0.463,0.174,0.598,0.384,0.214,0.116,159,106,45,25,0.387,0.194,0.438,0.310,0.150,0.042,105,86,43,12
0.198,0.411,0.236,0,0.000,0,0.6432,0.5231,0.200,0.166,0.463,0.174,0.598,0.384,0.214,0.116,159,106,45,25,0.387,0.194,0.438,0.310,0.150,0.042,105,86,43,12
0.208,0.342,0.060,1.99,0.186,0,0.5894,0.4828,0.107,-0.326,0.463,0.174,0.598,0.384,0.214,0.116,159,106,45,25,0.387,0.194,0.438,0.310,0.150,0.042,105,86,43,12
0.205,0.340,0.069,-0.79,0.151,-1,0.5353,0.4398,0.313,0.736,0.463,0.174,0.598,0.384,0.214,0.116,159,106,45,25,0.387,0.194,0.438,0.310,0.150,0.042,105,86,43,12
0.179,0.560,0.595,0.2,0.291,1,0.5016,0.4047,0.419,0.180,0.463,0.174,0.598,0.384,0.214,0.116,159,106,45,25,0.387,0.194,0.438,0.310,0.150,0.042,105,86,43,12
0.181,0.542,0.496,-0.48,0.134,0,0.4652,0.3663,0.321,0.007,0.463,0.174,0.598,0.384,0.214,0.116,159,106,45,25,0.387,0.194,0.438,0.310,0.150,0.042,105,86,43,12
0.184,0.492,0.434,0,0.000,0,0.4421,0.3365,0.200,0.166,0.463,0.174,0.598,0.384,0.214,0.116,159,106,45,25,0.387,0.194,0.438,0.310,0.150,0.042,105,86,43,12
0.177,0.869,0.618,0.2,0.291,1,0.4366,0.3249,0.308,0.180,0.463,0.174,0.598,0.384,0.214,0.116,159,106,45,25,0.387,0.194,0.438,0.310,0.150,0.042,105,86,43,12
0.169,0.547,0.553,1.42,0.221,0,0.4419,0.3246,0.167,-0.397,0.463,0.174,0.598,0.384,0.214,0.116,159,106,45,25,0.387,0.194,0.438,0.310,0.150,0.042,105,86,43,12
0.166,0.706,0.627,0.2,0.291,1,0.4598,0.3335,0.178,0.180,0.463,0.174,0.598,0.384,0.214,0.116,159,106,45,25,0.387,0.194,0.438,0.310,0.150,0.042,105,86,43,12
0.159,0.518,0.357,2.53,0.140,0,0.4886,0.3519,0.028,-0.121,0.463,0.174,0.598,0.384,0.214,0.116,159,106,45,25,0.387,0.194,0.438,0.310,0.150,0.042,105,86,43,12
0.135,0.853,0.469,-1.19,0.219,1,0.5074,0.3621,0.202,0.586,0.463,0.174,0.598,0.384,0.214,0.116,159,106,45,25,0.387,0.194,0.438,0.310,0.150,0.042,105,86,43,12
0.139,0.530,0.386,0.85,0.046,0,0.5150,0.3642,0.074,0.06,0.463,0.174,0.598,0.384,0.214,0.116,159,106,45,25,0.387,0.194,0.438,0.310,0.150,0.042,105,86,43,12
0.133,0.549,0.119,3.14,0.186,0,0.4920,0.3425,0.034,-0.486,0.463,0.174,0.598,0.384,0.214,0.116,159,106,45,25,0.387,0.194,0.438,0.310,0.150,0.042,105,86,43,12
0.161,0.608,0.209,1.69,0.290,0,0.4657,0.3181,0.037,-0.697,0.463,0.174,0.598,0.384,0.214,0.116,159,106,45,25,0.387,0.194,0.438,0.310,0.150,0.042,105,86,43,12
0.154,0.624,0.140,-0.52,0.062,0,0.4406,0.2957,0.136,0.341,0.463,0.174,0.598,0.384,0.214,0.116,159,106,45,25,0.387,0.194,0.438,0.310,0.150,0.042,105,86,43,12
0.189,0.509,0.298,0.22,0.230,0,0.4080,0.2640,0.160,0.303,0.463,0.174,0.598,0.384,0.214,0.116,159,106,45,25,0.387,0.194,0.438,0.310,0.150,0.042,105,86,43,12
0.155,0.410,0.056,0.85,0.046,0,0.3703,0.2282,0.160,0.06,0.463,0.174,0.598,0.384,0.214,0.116,159,106,45,25,0.387,0.194,0.438,0.310,0.150,0.042,105,86,43,12
0.183,0.386,0.114,0.85,0.046,0,0.3435,0.2029,0.224,0.06,0.463,0.174,0.598,0.384,0.214,0.116,159,106,45,25,0.387,0.194,0.438,0.310,0.150,0.042,105,86,43,12
0.145,0.407,0.162,0,0.000,0,0.3359,0.1944,0.309,0.166,0.463,0.174,0.598,0.384,0.214,0.116,159,106,45,25,0.387,0.194,0.438,0.310,0.150,0.042,105,86,43,12
0.142,0.426,0.011,-1.1,0.105,-1,0.3387,0.1952,0.331,0.192,0.463,0.174,0.598,0.384,0.214,0.116,159,106,45,25,0.387,0.194,0.438,0.310,0.150,0.042,105,86,43,12
0.137,0.552,0.038,-0.48,0.134,0,0.3431,0.1973,0.311,0.007,0.463,0.174,0.598,0.384,0.214,0.116,159,106,45,25,0.387,0.194,0.438,0.310,0.150,0.042,105,86,43,12
0.110,0.862,0.076,-0.52,0.062,0,0.3561,0.2048,0.191,0.341,0.463,0.174,0.598,0.384,0.214,0.116,159,106,45,25,0.387,0.194,0.438,0.310,0.150,0.042,105,86,43,12
0.107,0.565,0.022,-0.08,0.108,0,0.3590,0.2028,0.189,0.059,0.463,0.174,0.598,0.384,0.214,0.116,159,106,45,25,0.387,0.194,0.438,0.310,0.150,0.042,105,86,43,12
0.104,0.493,0.044,1.99,0.186,0,0.3601,0.1963,0.096,-0.326,0.463,0.174,0.598,0.384,0.214,0.116,159,106,45,25,0.387,0.194,0.438,0.310,0.150,0.042,105,86,43,12
0.126,0.692,0.081,1.99,0.186,0,0.3535,0.1874,0.116,-0.326,0.463,0.174,0.598,0.384,0.214,0.116,159,106,45,25,0.387,0.194,0.438,0.310,0.150,0.042,105,86,43,12
0.119,0.865,0.307,-0.52,0.062,0,0.3498,0.1787,0.195,0.341,0.463,0.174,0.598,0.384,0.214,0.116,159,106,45,25,0.387,0.194,0.438,0.310,0.150,0.042,105,86,43,12
0.111,0.891,0.344,1.69,0.290,0,0.3476,0.1732,0.080,-0.697,0.463,0.174,0.598,0.384,0.214,0.116,159,106,45,25,0.387,0.194,0.438,0.310,0.150,0.042,105,86,43,12
0.105,0.730,0.454,-1.19,0.219,1,0.3495,0.1711,0.391,0.586,0.463,0.174,0.598,0.384,0.214,0.116,159,106,45,25,0.387,0.194,0.438,0.310,0.150,0.042,105,86,43,12
0.085,0.758,0.287,-0.79,0.151,-1,0.3534,0.1714,0.394,0.736,0.463,0.174,0.598,0.384,0.214,0.116,159,106,45,25,0.387,0.194,0.438,0.310,0.150,0.042,105,86,43,12
0.084,0.868,0.165,0,0.000,0,0.3491,0.1682,0.218,0.166,0.463,0.174,0.598,0.384,0.214,0.116,159,106,45,25,0.387,0.194,0.438,0.310,0.150,0.042,105,86,43,12
0.091,0.694,0.038,-1.1,0.105,-1,0.3321,0.1553,0.253,0.192,0.463,0.174,0.598,0.384,0.214,0.116,159,106,45,25,0.387,0.194,0.438,0.310,0.150,0.042,105,86,43,12
0.103,0.431,0.054,1.99,0.186,0,0.3168,0.1457,0.075,-0.326,0.463,0.174,0.598,0.384,0.214,0.116,159,106,45,25,0.387,0.194,0.438,0.310,0.150,0.042,105,86,43,12
0.100,0.401,0.007,3.14,0.186,0,0.3133,0.1465,0.037,-0.486,0.463,0.174,0.598,0.384,0.214,0.116,159,106,45,25,0.387,0.194,0.438,0.310,0.150,0.042,105,86,43,12
0.072,0.398,0.142,-0.08,0.108,0,0.3163,0.1496,0.138,0.059,0.463,0.174,0.598,0.384,0.214,0.116,159,106,45,25,0.387,0.194,0.438,0.310,0.150,0.042,105,86,43,12
0.078,0.420,0.009,1.99,0.186,0,0.3148,0.1471,0.060,-0.326,0.463,0.174,0.598,0.384,0.214,0.116,159,106,45,25,0.387,0.194,0.438,0.310,0.150,0.042,105,86,43,12
0.069,0.309,0.038,1.99,0.186,0,0.3156,0.1458,0.052,-0.326,0.463,0.174,0.598,0.384,0.214,0.116,159,106,45,25,0.387,0.194,0.438,0.310,0.150,0.042,105,86,43,12
0.067,0.360,0.007,2.53,0.140,0,0.3322,0.1599,0.043,-0.121,0.463,0.174,0.598,0.384,0.214,0.116,159,106,45,25,0.387,0.194,0.438,0.310,0.150,0.042,105,86,43,12
0.066,0.410,0.006,-1.14,0.131,0,0.3467,0.1721,0.174,0.987,0.463,0.174,0.598,0.384,0.214,0.116,159,106,45,25,0.387,0.194,0.438,0.310,0.150,0.042,105,86,43,12
0.056,0.467,0.043,-0.79,0.151,-1,0.3626,0.1854,0.237,0.736,0.463,0.174,0.598,0.384,0.214,0.116,159,106,45,25,0.387,0.194,0.438,0.310,0.150,0.042,105,86,43,12
0.056,0.364,0.032,0.85,0.046,0,0.3892,0.2060,0.130,0.06,0.463,0.174,0.598,0.384,0.214,0.116,159,106,45,25,0.387,0.194,0.438,0.310,0.150,0.042,105,86,43,12
0.069,0.562,0.363,0.2,0.291,1,0.4143,0.2269,0.339,0.180,0.463,0.174,0.598,0.384,0.214,0.116,159,106,45,25,0.387,0.194,0.438,0.310,0.150,0.042,105,86,43,12
0.068,0.503,0.345,-1.1,0.105,-1,0.4461,0.2554,0.384,0.192,0.463,0.174,0.598,0.384,0.214,0.116,159,106,45,25,0.387,0.194,0.438,0.310,0.150,0.042,105,86,43,12
0.085,0.509,0.512,0,0.000,0,0.4635,0.2755,0.185,0.166,0.463,0.174,0.598,0.384,0.214,0.116,159,106,45,25,0.387,0.194,0.438,0.310,0.150,0.042,105,86,43,12
0.092,0.748,0.612,1.76,0.409,0,0.4886,0.3009,0.162,-0.884,0.463,0.174,0.598,0.384,0.214,0.116,159,106,45,25,0.387,0.194,0.438,0.310,0.150,0.042,105,86,43,12
0.100,0.605,0.420,0.22,0.230,0,0.5016,0.3184,0.307,0.303,0.463,0.174,0.598,0.384,0.214,0.116,159,106,45,25,0.387,0.194,0.438,0.310,0.150,0.042,105,86,43,12
0.103,0.612,0.362,1.37,0.298,0,0.5081,0.3317,0.222,-0.510,0.463,0.174,0.598,0.384,0.214,0.116,159,106,45,25,0.387,0.194,0.438,0.310,0.150,0.042,105,86,43,12
0.071,0.483,0.196,0,0.000,0,0.5003,0.3341,0.217,0.166,0.463,0.174,0.598,0.384,0.214,0.116,159,106,45,25,0.387,0.194,0.438,0.310,0.150,0.042,105,86,43,12
0.058,0.487,0.393,-0.79,0.151,-1,0.4804,0.3263,0.403,0.736,0.463,0.174,0.598,0.384,0.214,0.116,159,106,45,25,0.387,0.194,0.438,0.310,0.150,0.042,105,86,43,12
0.058,0.487,0.385,-0.52,0.062,0,0.4419,0.3024,0.346,0.341,0.463,0.174,0.598,0.384,0.214,0.116,159,106,45,25,0.387,0.194,0.438,0.310,0.150,0.042,105,86,43,12
0.058,0.481,0.382,-0.79,0.151,-1,0.3944,0.2703,0.365,0.736,0.463,0.174,0.598,0.384,0.214,0.116,159,106,45,25,0.387,0.194,0.438,0.310,0.150,0.042,105,86,43,12
0.061,0.759,0.510,-1.19,0.219,1,0.3479,0.2398,0.386,0.586,0.463,0.174,0.598,0.384,0.214,0.116,159,106,45,25,0.387,0.194,0.438,0.310,0.150,0.042,105,86,43,12
0.052,0.836,0.517,-0.08,0.108,0,0.3133,0.2184,0.249,0.059,0.463,0.174,0.598,0.384,0.214,0.116,159,106,45,25,0.387,0.194,0.438,0.310,0.150,0.042,105,86,43,12
0.051,0.837,0.734,-1.19,0.219,1,0.2920,0.2056,0.389,0.586,0.463,0.174,0.598,0.384,0.214,0.116,159,106,45,25,0.387,0.194,0.438,0.310,0.150,0.042,105,86,43,12
0.052,0.692,0.670,1.42,0.221,0,0.2836,0.2015,0.152,-0.397,0.463,0.174,0.598,0.384,0.214,0.116,159,106,45,25,0.387,0.194,0.438,0.310,0.150,0.042,105,86,43,12
0.077,0.858,0.732,0.2,0.291,1,0.2877,0.2093,0.312,0.180,0.463,0.174,0.598,0.384,0.214,0.116,159,106,45,25,0.387,0.194,0.438,0.310,0.150,0.042,105,86,43,12
0.071,0.858,0.555,0,0.000,0,0.2989,0.2222,0.271,0.166,0.463,0.174,0.598,0.384,0.214,0.116,159,106,45,25,0.387,0.194,0.438,0.310,0.150,0.042,105,86,43,12
0.077,0.896,0.573,1.76,0.409,0,0.3108,0.2365,0.131,-0.884,0.463,0.174,0.598,0.384,0.214,0.116,159,106,45,25,0.387,0.194,0.438,0.310,0.150,0.042,105,86,43,12
0.080,0.918,0.200,1.69,0.290,0,0.3256,0.2494,0.064,-0.697,0.463,0.174,0.598,0.384,0.214,0.116,159,106,45,25,0.387,0.194,0.438,0.310,0.150,0.042,105,86,43,12
0.094,0.713,0.350,-1.14,0.131,0,0.3332,0.2558,0.178,0.987,0.463,0.174,0.598,0.384,0.214,0.116,159,106,45,25,0.387,0.194,0.438,0.310,0.150,0.042,105,86,43,12
0.092,0.787,0.473,1.69,0.290,0,0.3434,0.2649,0.101,-0.697,0.463,0.174,0.598,0.384,0.214,0.116,159,106,45,25,0.387,0.194,0.438,0.310,0.150,0.042,105,86,43,12
0.119,0.819,0.335,-0.52,0.062,0,0.3299,0.2535,0.159,0.341,0.463,0.174,0.598,0.384,0.214,0.116,159,106,45,25,0.387,0.194,0.438,0.310,0.150,0.042,105,86,43,12
0.091,0.910,0.393,1.37,0.298,0,0.3192,0.2431,0.092,-0.510,0.463,0.174,0.598,0.384,0.214,0.116,159,106,45,25,0.387,0.194,0.438,0.310,0.150,0.042,105,86,43,12
0.100,0.864,0.139,-0.08,0.108,0,0.3018,0.2272,0.147,0.059,0.463,0.174,0.598,0.384,0.214,0.116,159,106,45,25,0.387,0.194,0.438,0.310,0.150,0.042,105,86,43,12
0.080,0.874,0.345,0.2,0.291,1,0.2932,0.2216,0.217,0.180,0.463,0.174,0.598,0.384,0.214,0.116,159,106,45,25,0.387,0.194,0.438,0.310,0.150,0.042,105,86,43,12
0.082,0.851,0.039,2.53,0.140,0,0.2800,0.2166,0.082,-0.121,0.463,0.174,0.598,0.384,0.214,0.116,159,106,45,25,0.387,0.194,0.438,0.310,0.150,0.042,105,86,43,12
0.083,0.860,0.055,1.99,0.186,0,0.2873,0.2293,0.104,-0.326,0.463,0.174,0.598,0.384,0.214,0.116,159,106,45,25,0.387,0.194,0.438,0.310,0.150,0.042,105,86,43,12
0.085,0.463,0.033,-1.1,0.105,-1,0.3082,0.2512,0.263,0.192,0.463,0.174,0.598,0.384,0.214,0.116,159,106,45,25,0.387,0.194,0.438,0.310,0.150,0.042,105,86,43,12
0.123,0.869,0.114,-0.52,0.062,0,0.3424,0.2845,0.348,0.341,0.463,0.174,0.598,0.384,0.214,0.116,159,106,45,25,0.387,0.194,0.438,0.310,0.150,0.042,105,86,43,12
0.144,0.867,0.041,-1.1,0.105,-1,0.3811,0.3223,0.421,0.192,0.463,0.174,0.598,0.384,0.214,0.116,159,106,45,25,0.387,0.194,0.438,0.310,0.150,0.042,105,86,43,12
0.146,0.425,0.152,0,0.000,0,0.4221,0.3614,0.277,0.166,0.463,0.174,0.598,0.384,0.214,0.116,159,106,45,25,0.387,0.194,0.438,0.310,0.150,0.042,105,86,43,12
0.179,0.906,0.362,-0.52,0.062,0,0.4722,0.4063,0.250,0.341,0.463,0.174,0.598,0.384,0.214,0.116,159,106,45,25,0.387,0.194,0.438,0.310,0.150,0.042,105,86,43,12
0.208,0.852,0.249,-1.1,0.105,-1,0.5340,0.4545,0.326,0.192,0.463,0.174,0.598,0.384,0.214,0.116,159,106,45,25,0.387,0.194,0.438,0.310,0.150,0.042,105,86,43,12
0.240,0.566,0.546,0.2,0.291,1,0.5912,0.4955,0.248,0.180,0.463,0.174,0.598,0.384,0.214,0.116,159,106,45,25,0.387,0.194,0.438,0.310,0.150,0.042,105,86,43,12
0.261,0.321,0.304,1.99,0.186,0,0.6427,0.5319,0.080,-0.326,0.463,0.174,0.598,0.384,0.214,0.116,159,106,45,25,0.387,0.194,0.438,0.310,0.150,0.042,105,86,43,12
0.264,0.421,0.437,0.22,0.230,0,0.6744,0.5542,0.185,0.303,0.463,0.174,0.598,0.384,0.214,0.116,159,106,45,25,0.387,0.194,0.438,0.310,0.150,0.042,105,86,43,12
0.253,0.265,0.436,1.42,0.221,0,0.6907,0.5650,0.142,-0.397,0.463,0.174,0.598,0.384,0.214,0.116,159,106,45,25,0.387,0.194,0.438,0.310,0.150,0.042,105,86,43,12
0.258,0.274,0.249,-0.52,0.062,0,0.6949,0.5696,0.084,0.341,0.463,0.174,0.598,0.384,0.214,0.116,159,106,45,25,0.387,0.194,0.438,0.310,0.150,0.042,105,86,43,12
0.232,0.234,0.152,1.99,0.186,0,0.6917,0.5713,0.083,-0.326,0.463,0.174,0.598,0.384,0.214,0.116,159,106,45,25,0.387,0.194,0.438,0.310,0.150,0.042,105,86,43,12
0.221,0.315,0.237,-0.42,0.180,0,0.6799,0.5672,0.313,0.318,0.463,0.174,0.598,0.384,0.214,0.116,159,106,45,25,0.387,0.194,0.438,0.310,0.150,0.042,105,86,43,12
0.228,0.408,0.283,-0.42,0.180,0,0.6717,0.5676,0.350,0.318,0.463,0.174,0.598,0.384,0.214,0.116,159,106,45,25,0.387,0.194,0.438,0.310,0.150,0.042,105,86,43,12
0.216,0.454,0.236,0,0.000,0,0.6431,0.5541,0.216,0.166,0.463,0.174,0.598,0.384,0.214,0.116,159,106,45,25,0.387,0.194,0.438,0.310,0.150,0.042,105,86,43,12
0.249,0.588,0.463,-1.19,0.219,1,0.6127,0.5420,0.449,0.586,0.463,0.174,0.598,0.384,0.214,0.116,159,106,45,25,0.387,0.194,0.438,0.310,0.150,0.042,105,86,43,12
0.249,0.690,0.454,-0.52,0.062,0,0.5750,0.5265,0.320,0.341,0.463,0.174,0.598,0.384,0.214,0.116,159,106,45,25,0.387,0.194,0.438,0.310,0.150,0.042,105,86,43,12
0.233,0.713,0.540,-0.52,0.062,0,0.5597,0.5249,0.269,0.341,0.463,0.174,0.598,0.384,0.214,0.116,159,106,45,25,0.387,0.194,0.438,0.310,0.150,0.042,105,86,43,12
0.233,0.580,0.633,-0.52,0.062,0,0.5666,0.5357,0.284,0.341,0.463,0.174,0.598,0.384,0.214,0.116,159,106,45,25,0.387,0.194,0.438,0.310,0.150,0.042,105,86,43,12
0.220,0.523,0.543,-0.08,0.108,0,0.5878,0.5555,0.313,0.059,0.463,0.174,0.598,0.384,0.214,0.116,159,106,45,25,0.387,0.194,0.438,0.310,0.150,0.042,105,86,43,12
0.208,0.441,0.475,0,0.000,0,0.6097,0.5750,0.202,0.166,0.463,0.174,0.598,0.384,0.214,0.116,159,106,45,25,0.387,0.194,0.438,0.310,0.150,0.042,105,86,43,12
0.190,0.456,0.405,-0.48,0.134,0,0.6227,0.5888,0.317,0.007,0.463,0.174,0.598,0.384,0.214,0.116,159,106,45,25,0.387,0.194,0.438,0.310,0.150,0.042,105,86,43,12
0.184,0.298,0.230,1.99,0.186,0,0.6264,0.5951,0.167,-0.326,0.463,0.174,0.598,0.384,0.214,0.116,159,106,45,25,0.387,0.194,0.438,0.310,0.150,0.042,105,86,43,12
0.181,0.233,0.268,1.99,0.186,0,0.6274,0.5971,0.153,-0.326,0.463,0.174,0.598,0.384,0.214,0.116,159,106,45,25,0.387,0.194,0.438,0.310,0.150,0.042,105,86,43,12
0.180,0.208,0.299,-1.1,0.105,-1,0.6363,0.6030,0.321,0.192,0.463,0.174,0.598,0.384,0.214,0.116,159,106,45,25,0.387,0.194,0.438,0.310,0.150,0.042,105,86,43,12
0.159,0.197,0.281,-1.19,0.219,1,0.6337,0.5989,0.421,0.586,0.463,0.174,0.598,0.384,0.214,0.116,159,106,45,25,0.387,0.194,0.438,0.310,0.150,0.042,105,86,43,12
0.131,0.175,0.002,-1.1,0.105,-1,0.6151,0.5843,0.463,0.192,0.463,0.174,0.598,0.384,0.214,0.116,159,106,45,25,0.387,0.194,0.438,0.310,0.150,0.042,105,86,43,12
0.126,0.158,0.002,-1.1,0.105,-1,0.5829,0.5606,0.331,0.192,0.463,0.174,0.598,0.384,0.214,0.116,159,106,45,25,0.387,0.194,0.438,0.310,0.150,0.042,105,86,43,12
0.120,0.137,0.004,1.99,0.186,0,0.5402,0.5303,0.164,-0.326,0.463,0.174,0.598,0.384,0.214,0.116,159,106,45,25,0.387,0.194,0.438,0.310,0.150,0.042,105,86,43,12
0.120,0.149,0.003,0.85,0.046,0,0.5031,0.5040,0.357,0.06,0.463,0.174,0.598,0.384,0.214,0.116,159,106,45,25,0.387,0.194,0.438,0.310,0.150,0.042,105,86,43,12
0.131,0.180,0.001,3.14,0.186,0,0.4909,0.4960,0.129,-0.486,0.463,0.174,0.598,0.384,0.214,0.116,159,106,45,25,0.387,0.194,0.438,0.310,0.150,0.042,105,86,43,12
0.129,0.183,0.022,-1.14,0.131,0,0.4878,0.4941,0.221,0.987,0.463,0.174,0.598,0.384,0.214,0.116,159,106,45,25,0.387,0.194,0.438,0.310,0.150,0.042,105,86,43,12
0.126,0.198,0.178,-1.14,0.131,0,0.4959,0.4986,0.235,0.987,0.463,0.174,0.598,0.384,0.214,0.116,159,106,45,25,0.387,0.194,0.438,0.310,0.150,0.042,105,86,43,12
0.121,0.267,0.239,-1.14,0.131,0,0.5006,0.5000,0.416,0.987,0.463,0.174,0.598,0.384,0.214,0.116,159,106,45,25,0.387,0.194,0.438,0.310,0.150,0.042,105,86,43,12
0.122,0.291,0.311,-1.1,0.105,-1,0.4997,0.4974,0.344,0.192,0.463,0.174,0.598,0.384,0.214,0.116,159,106,45,25,0.387,0.194,0.438,0.310,0.150,0.042,105,86,43,12
0.123,0.393,0.438,1.37,0.298,0,0.5118,0.5006,0.181,-0.510,0.463,0.174,0.598,0.384,0.214,0.116,159,106,45,25,0.387,0.194,0.438,0.310,0.150,0.042,105,86,43,12
0.094,0.311,0.493,0,0.000,0,0.5199,0.4994,0.251,0.166,0.463,0.174,0.598,0.384,0.214,0.116,159,106,45,25,0.387,0.194,0.438,0.310,0.150,0.042,105,86,43,12
0.099,0.255,0.409,0.85,0.046,0,0.5394,0.5078,0.274,0.06,0.463,0.174,0.598,0.384,0.214,0.116,159,106,45,25,0.387,0.194,0.438,0.310,0.150,0.042,105,86,43,12
0.108,0.241,0.263,0.85,0.046,0,0.5500,0.5101,0.178,0.06,0.463,0.174,0.598,0.384,0.214,0.116,159,106,45,25,0.387,0.194,0.438,0.310,0.150,0.042,105,86,43,12
0.111,0.347,0.405,-0.52,0.062,0,0.5555,0.5113,0.198,0.341,0.463,0.174,0.598,0.384,0.214,0.116,159,106,45,25,0.387,0.194,0.438,0.310,0.150,0.042,105,86,43,12
0.091,0.407,0.407,0.2,0.291,1,0.5482,0.5034,0.379,0.180,0.463,0.174,0.598,0.384,0.214,0.116,159,106,45,25,0.387,0.194,0.438,0.310,0.150,0.042,105,86,43,12
0.116,0.271,0.241,0.85,0.046,0,0.5349,0.4937,0.199,0.06,0.463,0.174,0.598,0.384,0.214,0.116,159,106,45,25,0.387,0.194,0.438,0.310,0.150,0.042,105,86,43,12
0.117,0.277,0.392,1.69,0.290,0,0.5291,0.4877,0.095,-0.697,0.463,0.174,0.598,0.384,0.214,0.116,159,106,45,25,0.387,0.194,0.438,0.310,0.150,0.042,105,86,43,12
0.127,0.229,0.102,-1.14,0.131,0,0.5162,0.4758,0.261,0.987,0.463,0.174,0.598,0.384,0.214,0.116,159,106,45,25,0.387,0.194,0.438,0.310,0.150,0.042,105,86,43,12
0.127,0.244,0.166,0.85,0.046,0,0.5094,0.4675,0.358,0.06,0.463,0.174,0.598,0.384,0.214,0.116,159,106,45,25,0.387,0.194,0.438,0.310,0.150,0.042,105,86,43,12
0.118,0.278,0.439,-0.42,0.180,0,0.4926,0.4491,0.344,0.318,0.463,0.174,0.598,0.384,0.214,0.116,159,106,45,25,0.387,0.194,0.438,0.310,0.150,0.042,105,86,43,12
0.139,0.266,0.396,-0.08,0.108,0,0.4716,0.4255,0.249,0.059,0.463,0.174,0.598,0.384,0.214,0.116,159,106,45,25,0.387,0.194,0.438,0.310,0.150,0.042,105,86,43,12
0.137,0.218,0.420,0.85,0.046,0,0.4484,0.3971,0.285,0.06,0.463,0.174,0.598,0.384,0.214,0.116,159,106,45,25,0.387,0.194,0.438,0.310,0.150,0.042,105,86,43,12
0.137,0.358,0.484,-0.52,0.062,0,0.4405,0.3816,0.413,0.341,0.463,0.174,0.598,0.384,0.214,0.116,159,106,45,25,0.387,0.194,0.438,0.310,0.150,0.042,105,86,43,12
0.136,0.339,0.485,0,0.000,0,0.4324,0.3682,0.328,0.166,0.463,0.174,0.598,0.384,0.214,0.116,159,106,45,25,0.387,0.194,0.438,0.310,0.150,0.042,105,86,43,12
0.124,0.356,0.565,1.69,0.290,0,0.4322,0.3599,0.134,-0.697,0.463,0.174,0.598,0.384,0.214,0.116,159,106,45,25,0.387,0.194,0.438,0.310,0.150,0.042,105,86,43,12
0.120,0.535,0.639,-1.19,0.219,1,0.4342,0.3556,0.434,0.586,0.463,0.174,0.598,0.384,0.214,0.116,159,106,45,25,0.387,0.194,0.438,0.310,0.150,0.042,105,86,43,12
0.098,0.489,0.502,-0.42,0.180,0,0.4397,0.3554,0.444,0.318,0.463,0.174,0.598,0.384,0.214,0.116,159,106,45,25,0.387,0.194,0.438,0.310,0.150,0.042,105,86,43,12
0.125,0.641,0.763,0.2,0.291,1,0.4387,0.3526,0.278,0.180,0.463,0.174,0.598,0.384,0.214,0.116,159,106,45,25,0.387,0.194,0.438,0.310,0.150,0.042,105,86,43,12
0.127,0.403,0.411,-1.14,0.131,0,0.4273,0.3429,0.262,0.987,0.463,0.174,0.598,0.384,0.214,0.116,159,106,45,25,0.387,0.194,0.438,0.310,0.150,0.042,105,86,43,12
0.129,0.481,0.418,1.37,0.298,0,0.4243,0.3415,0.139,-0.510,0.463,0.174,0.598,0.384,0.214,0.116,159,106,45,25,0.387,0.194,0.438,0.310,0.150,0.042,105,86,43,12
0.132,0.390,0.323,-0.52,0.062,0,0.4138,0.3367,0.214,0.341,0.463,0.174,0.598,0.384,0.214,0.116,159,106,45,25,0.387,0.194,0.438,0.310,0.150,0.042,105,86,43,12
0.134,0.288,0.338,2.53,0.140,0,0.4144,0.3417,0.097,-0.121,0.463,0.174,0.598,0.384,0.214,0.116,159,106,45,25,0.387,0.194,0.438,0.310,0.150,0.042,105,86,43,12
0.128,0.280,0.059,0.85,0.046,0,0.4089,0.3397,0.131,0.06,0.463,0.174,0.598,0.384,0.214,0.116,159,106,45,25,0.387,0.194,0.438,0.310,0.150,0.042,105,86,43,12
0.108,0.304,0.187,2.53,0.140,0,0.4079,0.3403,0.079,-0.121,0.463,0.174,0.598,0.384,0.214,0.116,159,106,45,25,0.387,0.194,0.438,0.310,0.150,0.042,105,86,43,12
0.108,0.352,0.059,-1.14,0.131,0,0.3914,0.3251,0.177,0.987,0.463,0.174,0.598,0.384,0.214,0.116,159,106,45,25,0.387,0.194,0.438,0.310,0.150,0.042,105,86,43,12
0.132,0.355,0.115,0.85,0.046,0,0.3821,0.3143,0.110,0.06,0.463,0.174,0.598,0.384,0.214,0.116,159,106,45,25,0.387,0.194,0.438,0.310,0.150,0.042,105,86,43,12
0.111,0.266,0.175,1.69,0.290,0,0.3882,0.3119,0.105,-0.697,0.463,0.174,0.598,0.384,0.214,0.116,159,106,45,25,0.387,0.194,0.438,0.310,0.150,0.042,105,86,43,12
0.120,0.257,0.152,-0.52,0.062,0,0.3960,0.3109,0.169,0.341,0.463,0.174,0.598,0.384,0.214,0.116,159,106,45,25,0.387,0.194,0.438,0.310,0.150,0.042,105,86,43,12
0.121,0.258,0.135,-0.42,0.180,0,0.4180,0.3232,0.370,0.318,0.463,0.174,0.598,0.384,0.214,0.116,159,106,45,25,0.387,0.194,0.438,0.310,0.150,0.042,105,86,43,12
0.133,0.233,0.083,0,0.000,0,0.4229,0.3237,0.187,0.166,0.463,0.174,0.598,0.384,0.214,0.116,159,106,45,25,0.387,0.194,0.438,0.310,0.150,0.042,105,86,43,12
0.154,0.170,0.002,1.99,0.186,0,0.4350,0.3348,0.118,-0.326,0.463,0.174,0.598,0.384,0.214,0.116,159,106,45,25,0.387,0.194,0.438,0.310,0.150,0.042,105,86,43,12
0.125,0.222,0.003,-1.1,0.105,-1,0.4525,0.3549,0.374,0.192,0.463,0.174,0.598,0.384,0.214,0.116,159,106,45,25,0.387,0.194,0.438,0.310,0.150,0.042,105,86,43,12
0.119,0.248,0.068,-1.1,0.105,-1,0.4651,0.3720,0.342,0.192,0.463,0.174,0.598,0.384,0.214,0.116,159,106,45,25,0.387,0.194,0.438,0.310,0.150,0.042,105,86,43,12
0.097,0.308,0.102,1.37,0.298,0,0.4722,0.3876,0.215,-0.510,0.463,0.174,0.598,0.384,0.214,0.116,159,106,45,25,0.387,0.194,0.438,0.310,0.150,0.042,105,86,43,12
0.098,0.294,0.055,0,0.000,0,0.4862,0.4081,0.204,0.166,0.463,0.174,0.598,0.384,0.214,0.116,159,106,45,25,0.387,0.194,0.438,0.310,0.150,0.042,105,86,43,12
0.110,0.273,0.156,0.85,0.046,0,0.5018,0.4287,0.171,0.06,0.463,0.174,0.598,0.384,0.214,0.116,159,106,45,25,0.387,0.194,0.438,0.310,0.150,0.042,105,86,43,12
0.109,0.525,0.568,0.2,0.291,1,0.5029,0.4372,0.349,0.180,0.463,0.174,0.598,0.384,0.214,0.116,159,106,45,25,0.387,0.194,0.438,0.310,0.150,0.042,105,86,43,12
0.128,0.492,0.534,-0.52,0.062,0,0.4978,0.4388,0.214,0.341,0.463,0.174,0.598,0.384,0.214,0.116,159,106,45,25,0.387,0.194,0.438,0.310,0.150,0.042,105,86,43,12
0.122,0.408,0.673,1.42,0.221,0,0.4865,0.4346,0.155,-0.397,0.463,0.174,0.598,0.384,0.214,0.116,159,106,45,25,0.387,0.194,0.438,0.310,0.150,0.042,105,86,43,12
0.155,0.585,0.609,-0.52,0.062,0,0.4973,0.4447,0.222,0.341,0.463,0.174,0.598,0.384,0.214,0.116,159,106,45,25,0.387,0.194,0.438,0.310,0.150,0.042,105,86,43,12
0.145,0.692,0.653,0.2,0.291,1,0.5122,0.4560,0.382,0.180,0.463,0.174,0.598,0.384,0.214,0.116,159,106,45,25,0.387,0.194,0.438,0.310,0.150,0.042,105,86,43,12
0.139,0.603,0.647,-0.48,0.134,0,0.5387,0.4746,0.231,0.007,0.463,0.174,0.598,0.384,0.214,0.116,159,106,45,25,0.387,0.194,0.438,0.310,0.150,0.042,105,86,43,12
0.145,0.397,0.583,-1.14,0.131,0,0.5547,0.4836,0.259,0.987,0.463,0.174,0.598,0.384,0.214,0.116,159,106,45,25,0.387,0.194,0.438,0.310,0.150,0.042,105,86,43,12
0.143,0.392,0.568,1.69,0.290,0,0.5764,0.4965,0.141,-0.697,0.463,0.174,0.598,0.384,0.214,0.116,159,106,45,25,0.387,0.194,0.438,0.310,0.150,0.042,105,86,43,12
0.136,0.306,0.370,0.85,0.046,0,0.5874,0.5001,0.151,0.06,0.463,0.174,0.598,0.384,0.214,0.116,159,106,45,25,0.387,0.194,0.438,0.310,0.150,0.042,105,86,43,12
0.128,0.345,0.570,0.22,0.230,0,0.6043,0.5083,0.252,0.303,0.463,0.174,0.598,0.384,0.214,0.116,159,106,45,25,0.387,0.194,0.438,0.310,0.150,0.042,105,86,43,12
0.133,0.240,0.311,2.53,0.140,0,0.6117,0.5137,0.124,-0.121,0.463,0.174,0.598,0.384,0.214,0.116,159,106,45,25,0.387,0.194,0.438,0.310,0.150,0.042,105,86,43,12
0.131,0.395,0.600,-0.42,0.180,0,0.5912,0.5012,0.285,0.318,0.463,0.174,0.598,0.384,0.214,0.116,159,106,45,25,0.387,0.194,0.438,0.310,0.150,0.042,105,86,43,12
0.120,0.335,0.128,1.99,0.186,0,0.5701,0.4900,0.118,-0.326,0.463,0.174,0.598,0.384,0.214,0.116,159,106,45,25,0.387,0.194,0.438,0.310,0.150,0.042,105,86,43,12
0.115,0.346,0.694,-1.19,0.219,1,0.5503,0.4809,0.324,0.586,0.463,0.174,0.598,0.384,0.214,0.116,159,106,45,25,0.387,0.194,0.438,0.310,0.150,0.042,105,86,43,12
0.115,0.250,0.377,-1.14,0.131,0,0.5421,0.4790,0.270,0.987,0.463,0.174,0.598,0.384,0.214,0.116,159,106,45,25,0.387,0.194,0.438,0.310,0.150,0.042,105,86,43,12
0.111,0.300,0.446,-0.08,0.108,0,0.5296,0.4741,0.281,0.059,0.463,0.174,0.598,0.384,0.214,0.116,159,106,45,25,0.387,0.194,0.438,0.310,0.150,0.042,105,86,43,12
0.127,0.218,0.430,2.53,0.140,0,0.5353,0.4797,0.187,-0.121,0.463,0.174,0.598,0.384,0.214,0.116,159,106,45,25,0.387,0.194,0.438,0.310,0.150,0.042,105,86,43,12
0.135,0.239,0.592,-0.08,0.108,0,0.5695,0.5028,0.316,0.059,0.463,0.174,0.598,0.384,0.214,0.116,159,106,45,25,0.387,0.194,0.438,0.310,0.150,0.042,105,86,43,12
0.156,0.251,0.540,-0.48,0.134,0,0.6157,0.5338,0.341,0.007,0.463,0.174,0.598,0.384,0.214,0.116,159,106,45,25,0.387,0.194,0.438,0.310,0.150,0.042,105,86,43,12
0.127,0.200,0.341,-1.1,0.105,-1,0.6657,0.5661,0.349,0.192,0.463,0.174,0.598,0.384,0.214,0.116,159,106,45,25,0.387,0.194,0.438,0.310,0.150,0.042,105,86,43,12
0.121,0.265,0.805,0.2,0.291,1,0.7093,0.5915,0.297,0.180,0.463,0.174,0.598,0.384,0.214,0.116,159,106,45,25,0.387,0.194,0.438,0.310,0.150,0.042,105,86,43,12
0.126,0.187,0.547,2.1,0.128,0,0.7564,0.6196,0.138,0.02,0.463,0.174,0.598,0.384,0.214,0.116,159,106,45,25,0.387,0.194,0.438,0.310,0.150,0.042,105,86,43,12
0.106,0.194,0.266,-1.1,0.105,-1,0.7916,0.6414,0.282,0.192,0.463,0.174,0.598,0.384,0.214,0.116,159,106,45,25,0.387,0.194,0.438,0.310,0.150,0.042,105,86,43,12
0.114,0.144,0.215,1.99,0.186,0,0.8270,0.6638,0.130,-0.326,0.463,0.174,0.598,0.384,0.214,0.116,159,106,45,25,0.387,0.194,0.438,0.310,0.150,0.042,105,86,43,12
0.094,0.155,0.661,-0.52,0.062,0,0.8445,0.6734,0.245,0.341,0.463,0.174,0.598,0.384,0.214,0.116,159,106,45,25,0.387,0.194,0.438,0.310,0.150,0.042,105,86,43,12
0.094,0.143,0.305,0.85,0.046,0,0.8541,0.6783,0.346,0.06,0.463,0.174,0.598,0.384,0.214,0.116,159,106,45,25,0.387,0.194,0.438,0.310,0.150,0.042,105,86,43,12
0.101,0.162,0.465,-0.42,0.180,0,0.8498,0.6767,0.445,0.318,0.463,0.174,0.598,0.384,0.214,0.116,159,106,45,25,0.387,0.194,0.438,0.310,0.150,0.042,105,86,43,12
0.106,0.124,0.469,0,0.000,0,0.8521,0.6811,0.171,0.166,0.463,0.174,0.598,0.384,0.214,0.116,159,106,45,25,0.387,0.194,0.438,0.310,0.150,0.042,105,86,43,12
0.113,0.103,0.382,-1.14,0.131,0,0.8434,0.6778,0.346,0.987,0.463,0.174,0.598,0.384,0.214,0.116,159,106,45,25,0.387,0.194,0.438,0.310,0.150,0.042,105,86,43,12
0.138,0.119,0.356,-0.79,0.151,-1,0.8330,0.6744,0.517,0.736,0.463,0.174,0.598,0.384,0.214,0.116,159,106,45,25,0.387,0.194,0.438,0.310,0.150,0.042,105,86,43,12
0.136,0.094,0.415,0,0.000,0,0.8283,0.6768,0.215,0.166,0.463,0.174,0.598,0.384,0.214,0.116,159,106,45,25,0.387,0.194,0.438,0.310,0.150,0.042,105,86,43,12
0.131,0.169,0.677,0.2,0.291,1,0.8274,0.6835,0.357,0.180,0.463,0.174,0.598,0.384,0.214,0.116,159,106,45,25,0.387,0.194,0.438,0.310,0.150,0.042,105,86,43,12
0.128,0.114,0.404,-0.79,0.151,-1,0.8392,0.6999,0.453,0.736,0.463,0.174,0.598,0.384,0.214,0.116,159,106,45,25,0.387,0.194,0.438,0.310,0.150,0.042,105,86,43,12
0.136,0.134,0.845,0.22,0.230,0,0.8497,0.7189,0.284,0.303,0.463,0.174,0.598,0.384,0.214,0.116,159,106,45,25,0.387,0.194,0.438,0.310,0.150,0.042,105,86,43,12
0.141,0.152,0.816,0,0.000,0,0.8592,0.7411,0.221,0.166,0.463,0.174,0.598,0.384,0.214,0.116,159,106,45,25,0.387,0.194,0.438,0.310,0.150,0.042,105,86,43,12
0.133,0.164,0.663,-1.1,0.105,-1,0.8711,0.7699,0.370,0.192,0.463,0.174,0.598,0.384,0.214,0.116,159,106,45,25,0.387,0.194,0.438,0.310,0.150,0.042,105,86,43,12
0.131,0.164,0.562,0,0.000,0,0.8849,0.8044,0.236,0.166,0.463,0.174,0.598,0.384,0.214,0.116,159,106,45,25,0.387,0.194,0.438,0.310,0.150,0.042,105,86,43,12
0.134,0.194,0.587,-0.52,0.062,0,0.8917,0.8381,0.249,0.341,0.463,0.174,0.598,0.384,0.214,0.116,159,106,45,25,0.387,0.194,0.438,0.310,0.150,0.042,105,86,43,12
0.129,0.166,0.542,0.85,0.046,0,0.8886,0.8679,0.202,0.06,0.463,0.174,0.598,0.384,0.214,0.116,159,106,45,25,0.387,0.194,0.438,0.310,0.150,0.042,105,86,43,12
0.134,0.330,0.640,0.2,0.291,1,0.8736,0.8921,0.330,0.180,0.463,0.174,0.598,0.384,0.214,0.116,159,106,45,25,0.387,0.194,0.438,0.310,0.150,0.042,105,86,43,12
0.174,0.237,0.542,-0.08,0.108,0,0.8471,0.9097,0.286,0.059,0.463,0.174,0.598,0.384,0.214,0.116,159,106,45,25,0.387,0.194,0.438,0.310,0.150,0.042,105,86,43,12
0.170,0.178,0.460,1.99,0.186,0,0.8123,0.9220,0.214,-0.326,0.463,0.174,0.598,0.384,0.214,0.116,159,106,45,25,0.387,0.194,0.438,0.310,0.150,0.042,105,86,43,12
0.160,0.162,0.444,0.85,0.046,0,0.7757,0.9323,0.323,0.06,0.463,0.174,0.598,0.384,0.214,0.116,159,106,45,25,0.387,0.194,0.438,0.310,0.150,0.042,105,86,43,12
0.221,0.168,0.423,0,0.000,0,0.7478,0.9466,0.418,0.166,0.463,0.174,0.598,0.384,0.214,0.116,159,106,45,25,0.387,0.194,0.438,0.310,0.150,0.042,105,86,43,12
0.201,0.240,0.430,0.2,0.291,1,0.7440,0.9744,0.637,0.180,0.463,0.174,0.598,0.384,0.214,0.116,159,106,45,25,0.387,0.194,0.438,0.310,0.150,0.042,105,86,43,12
