0.168,0.094,0.496,1.42,0.221,0,0.3772,0.8806,0.659,-0.397,0.510,0.250,0.565,0.411,0.337,0.271,185,145,102,94,0.437,0.229,0.464,0.344,0.252,0.210,157,128,81,72
0.156,0.091,0.466,1.99,0.186,0,0.5111,0.8962,0.290,-0.326,0.510,0.250,0.565,0.411,0.337,0.271,185,145,102,94,0.437,0.229,0.464,0.344,0.252,0.210,157,128,81,72
0.170,0.120,0.422,0,0.000,0,0.5548,0.8693,0.249,0.166,0.510,0.250,0.565,0.411,0.337,0.271,185,145,102,94,0.437,0.229,0.464,0.344,0.252,0.210,157,128,81,72
0.160,0.114,0.410,0.85,0.046,0,0.5423,0.8128,0.214,0.06,0.510,0.250,0.565,0.411,0.337,0.271,185,145,102,94,0.437,0.229,0.464,0.344,0.252,0.210,157,128,81,72
0.097,0.132,0.473,2.53,0.140,0,0.5003,0.7383,0.126,-0.121,0.510,0.250,0.565,0.411,0.337,0.271,185,145,102,94,0.437,0.229,0.464,0.344,0.252,0.210,157,128,81,72
0.107,0.195,0.625,-1.19,0.219,1,0.4488,0.6558,0.393,0.586,0.510,0.250,0.565,0.411,0.337,0.271,185,145,102,94,0.437,0.229,0.464,0.344,0.252,0.210,157,128,81,72
0.117,0.126,0.429,1.42,0.221,0,0.4015,0.5733,0.167,-0.397,0.510,0.250,0.565,0.411,0.337,0.271,185,145,102,94,0.437,0.229,0.464,0.344,0.252,0.210,157,128,81,72
0.105,0.134,0.301,-0.79,0.151,-1,0.3674,0.4977,0.387,0.736,0.510,0.250,0.565,0.411,0.337,0.271,185,145,102,94,0.437,0.229,0.464,0.344,0.252,0.210,157,128,81,72
0.094,0.116,0.421,0,0.000,0,0.3506,0.4337,0.384,0.166,0.510,0.250,0.565,0.411,0.337,0.271,185,145,102,94,0.437,0.229,0.464,0.344,0.252,0.210,157,128,81,72
0.098,0.133,0.507,0.22,0.230,0,0.3520,0.3849,0.296,0.303,0.510,0.250,0.565,0.411,0.337,0.271,185,145,102,94,0.437,0.229,0.464,0.344,0.252,0.210,157,128,81,72
0.081,0.110,0.314,-0.79,0.151,-1,0.3669,0.3535,0.374,0.736,0.510,0.250,0.565,0.411,0.337,0.271,185,145,102,94,0.437,0.229,0.464,0.344,0.252,0.210,157,128,81,72
0.074,0.103,0.203,-1.14,0.131,0,0.3908,0.3388,0.311,0.987,0.510,0.250,0.565,0.411,0.337,0.271,185,145,102,94,0.437,0.229,0.464,0.344,0.252,0.210,157,128,81,72
0.060,0.121,0.507,-0.52,0.062,0,0.4281,0.3412,0.390,0.341,0.510,0.250,0.565,0.411,0.337,0.271,185,145,102,94,0.437,0.229,0.464,0.344,0.252,0.210,157,128,81,72
0.060,0.119,0.470,-1.1,0.105,-1,0.4576,0.3488,0.364,0.192,0.510,0.250,0.565,0.411,0.337,0.271,185,145,102,94,0.437,0.229,0.464,0.344,0.252,0.210,157,128,81,72
0.053,0.129,0.469,1.76,0.409,0,0.4969,0.3700,0.115,-0.884,0.510,0.250,0.565,0.411,0.337,0.271,185,145,102,94,0.437,0.229,0.464,0.344,0.252,0.210,157,128,81,72
0.056,0.128,0.493,-0.52,0.062,0,0.5195,0.3867,0.226,0.341,0.510,0.250,0.565,0.411,0.337,0.271,185,145,102,94,0.437,0.229,0.464,0.344,0.252,0.210,157,128,81,72
0.047,0.136,0.512,-0.52,0.062,0,0.5221,0.3963,0.272,0.341,0.510,0.250,0.565,0.411,0.337,0.271,185,145,102,94,0.437,0.229,0.464,0.344,0.252,0.210,157,128,81,72
0.045,0.153,0.541,1.37,0.298,0,0.4976,0.3852,0.175,-0.510,0.510,0.250,0.565,0.411,0.337,0.271,185,145,102,94,0.437,0.229,0.464,0.344,0.252,0.210,157,128,81,72
0.059,0.136,0.423,1.37,0.298,0,0.4680,0.3672,0.173,-0.510,0.510,0.250,0.565,0.411,0.337,0.271,185,145,102,94,0.437,0.229,0.464,0.344,0.252,0.210,157,128,81,72
0.048,0.099,0.245,0.85,0.046,0,0.4432,0.3513,0.249,0.06,0.510,0.250,0.565,0.411,0.337,0.271,185,145,102,94,0.437,0.229,0.464,0.344,0.252,0.210,157,128,81,72
0.047,0.121,0.224,-0.79,0.151,-1,0.4133,0.3354,0.327,0.736,0.510,0.250,0.565,0.411,0.337,0.271,185,145,102,94,0.437,0.229,0.464,0.344,0.252,0.210,157,128,81,72
0.049,0.095,0.231,-1.14,0.131,0,0.3783,0.3153,0.330,0.987,0.510,0.250,0.565,0.411,0.337,0.271,185,145,102,94,0.437,0.229,0.464,0.344,0.252,0.210,157,128,81,72
0.051,0.121,0.344,-0.79,0.151,-1,0.3312,0.2865,0.503,0.736,0.510,0.250,0.565,0.411,0.337,0.271,185,145,102,94,0.437,0.229,0.464,0.344,0.252,0.210,157,128,81,72
0.050,0.107,0.371,0,0.000,0,0.2816,0.2547,0.308,0.166,0.510,0.250,0.565,0.411,0.337,0.271,185,145,102,94,0.437,0.229,0.464,0.344,0.252,0.210,157,128,81,72
0.052,0.179,0.508,1.37,0.298,0,0.2624,0.2458,0.192,-0.510,0.510,0.250,0.565,0.411,0.337,0.271,185,145,102,94,0.437,0.229,0.464,0.344,0.252,0.210,157,128,81,72
0.078,0.131,0.673,-0.52,0.062,0,0.2698,0.2554,0.244,0.341,0.510,0.250,0.565,0.411,0.337,0.271,185,145,102,94,0.437,0.229,0.464,0.344,0.252,0.210,157,128,81,72
0.077,0.154,0.581,-0.52,0.062,0,0.2964,0.2775,0.210,0.341,0.510,0.250,0.565,0.411,0.337,0.271,185,145,102,94,0.437,0.229,0.464,0.344,0.252,0.210,157,128,81,72
0.062,0.135,0.560,2.53,0.140,0,0.3220,0.2982,0.127,-0.121,0.510,0.250,0.565,0.411,0.337,0.271,185,145,102,94,0.437,0.229,0.464,0.344,0.252,0.210,157,128,81,72
0.071,0.189,0.614,-0.52,0.062,0,0.3435,0.3148,0.194,0.341,0.510,0.250,0.565,0.411,0.337,0.271,185,145,102,94,0.437,0.229,0.464,0.344,0.252,0.210,157,128,81,72
0.083,0.189,0.611,-0.48,0.134,0,0.3540,0.3268,0.228,0.007,0.510,0.250,0.565,0.411,0.337,0.271,185,145,102,94,0.437,0.229,0.464,0.344,0.252,0.210,157,128,81,72
0.070,0.169,0.632,1.42,0.221,0,0.3520,0.3301,0.114,-0.397,0.510,0.250,0.565,0.411,0.337,0.271,185,145,102,94,0.437,0.229,0.464,0.344,0.252,0.210,157,128,81,72
0.082,0.166,0.592,-0.48,0.134,0,0.3346,0.3244,0.173,0.007,0.510,0.250,0.565,0.411,0.337,0.271,185,145,102,94,0.437,0.229,0.464,0.344,0.252,0.210,157,128,81,72
0.076,0.129,0.466,0.85,0.046,0,0.3153,0.3155,0.236,0.06,0.510,0.250,0.565,0.411,0.337,0.271,185,145,102,94,0.437,0.229,0.464,0.344,0.252,0.210,157,128,81,72
0.098,0.126,0.474,0,0.000,0,0.2822,0.2965,0.189,0.166,0.510,0.250,0.565,0.411,0.337,0.271,185,145,102,94,0.437,0.229,0.464,0.344,0.252,0.210,157,128,81,72
0.101,0.123,0.318,1.99,0.186,0,0.2539,0.2806,0.131,-0.326,0.510,0.250,0.565,0.411,0.337,0.271,185,145,102,94,0.437,0.229,0.464,0.344,0.252,0.210,157,128,81,72
0.119,0.123,0.521,0,0.000,0,0.2157,0.2551,0.176,0.166,0.510,0.250,0.565,0.411,0.337,0.271,185,145,102,94,0.437,0.229,0.464,0.344,0.252,0.210,157,128,81,72
0.119,0.130,0.605,1.42,0.221,0,0.1911,0.2350,0.158,-0.397,0.510,0.250,0.565,0.411,0.337,0.271,185,145,102,94,0.437,0.229,0.464,0.344,0.252,0.210,157,128,81,72
0.113,0.151,0.606,-0.48,0.134,0,0.1821,0.2247,0.243,0.007,0.510,0.250,0.565,0.411,0.337,0.271,185,145,102,94,0.437,0.229,0.464,0.344,0.252,0.210,157,128,81,72
0.114,0.131,0.603,0,0.000,0,0.1803,0.2187,0.143,0.166,0.510,0.250,0.565,0.411,0.337,0.271,185,145,102,94,0.437,0.229,0.464,0.344,0.252,0.210,157,128,81,72
0.109,0.139,0.656,1.42,0.221,0,0.1849,0.2165,0.118,-0.397,0.510,0.250,0.565,0.411,0.337,0.271,185,145,102,94,0.437,0.229,0.464,0.344,0.252,0.210,157,128,81,72
0.134,0.204,0.692,-0.48,0.134,0,0.1859,0.2112,0.127,0.007,0.510,0.250,0.565,0.411,0.337,0.271,185,145,102,94,0.437,0.229,0.464,0.344,0.252,0.210,157,128,81,72
0.131,0.201,0.591,-0.08,0.108,0,0.1850,0.2055,0.090,0.059,0.510,0.250,0.565,0.411,0.337,0.271,185,145,102,94,0.437,0.229,0.464,0.344,0.252,0.210,157,128,81,72
0.162,0.213,0.621,1.37,0.298,0,0.1863,0.2043,0.105,-0.510,0.510,0.250,0.565,0.411,0.337,0.271,185,145,102,94,0.437,0.229,0.464,0.344,0.252,0.210,157,128,81,72
0.164,0.171,0.513,1.42,0.221,0,0.1955,0.2106,0.071,-0.397,0.510,0.250,0.565,0.411,0.337,0.271,185,145,102,94,0.437,0.229,0.464,0.344,0.252,0.210,157,128,81,72
0.169,0.177,0.485,-0.52,0.062,0,0.2243,0.2320,0.090,0.341,0.510,0.250,0.565,0.411,0.337,0.271,185,145,102,94,0.437,0.229,0.464,0.344,0.252,0.210,157,128,81,72
0.173,0.158,0.442,1.42,0.221,0,0.2442,0.2448,0.080,-0.397,0.510,0.250,0.565,0.411,0.337,0.271,185,145,102,94,0.437,0.229,0.464,0.344,0.252,0.210,157,128,81,72
0.145,0.147,0.435,-0.52,0.062,0,0.2586,0.2516,0.070,0.341,0.510,0.250,0.565,0.411,0.337,0.271,185,145,102,94,0.437,0.229,0.464,0.344,0.252,0.210,157,128,81,72
0.145,0.117,0.097,0.85,0.046,0,0.2751,0.2588,0.080,0.06,0.510,0.250,0.565,0.411,0.337,0.271,185,145,102,94,0.437,0.229,0.464,0.344,0.252,0.210,157,128,81,72
0.178,0.112,0.329,0.85,0.046,0,0.2746,0.2528,0.143,0.06,0.510,0.250,0.565,0.411,0.337,0.271,185,145,102,94,0.437,0.229,0.464,0.344,0.252,0.210,157,128,81,72
0.175,0.116,0.241,0.85,0.046,0,0.2784,0.2542,0.112,0.06,0.510,0.250,0.565,0.411,0.337,0.271,185,145,102,94,0.437,0.229,0.464,0.344,0.252,0.210,157,128,81,72
0.172,0.122,0.244,1.42,0.221,0,0.2936,0.2640,0.137,-0.397,0.510,0.250,0.565,0.411,0.337,0.271,185,145,102,94,0.437,0.229,0.464,0.344,0.252,0.210,157,128,81,72
0.209,0.147,0.335,0,0.000,0,0.3061,0.2717,0.192,0.166,0.510,0.250,0.565,0.411,0.337,0.271,185,145,102,94,0.437,0.229,0.464,0.344,0.252,0.210,157,128,81,72
0.227,0.176,0.462,-0.52,0.062,0,0.3223,0.2805,0.224,0.341,0.510,0.250,0.565,0.411,0.337,0.271,185,145,102,94,0.437,0.229,0.464,0.344,0.252,0.210,157,128,81,72
0.217,0.184,0.443,0,0.000,0,0.3297,0.2860,0.203,0.166,0.510,0.250,0.565,0.411,0.337,0.271,185,145,102,94,0.437,0.229,0.464,0.344,0.252,0.210,157,128,81,72
0.217,0.190,0.646,-0.52,0.062,0,0.3416,0.2928,0.254,0.341,0.510,0.250,0.565,0.411,0.337,0.271,185,145,102,94,0.437,0.229,0.464,0.344,0.252,0.210,157,128,81,72
0.217,0.169,0.494,0,0.000,0,0.3512,0.2986,0.171,0.166,0.510,0.250,0.565,0.411,0.337,0.271,185,145,102,94,0.437,0.229,0.464,0.344,0.252,0.210,157,128,81,72
0.219,0.171,0.601,-0.48,0.134,0,0.3534,0.2985,0.261,0.007,0.510,0.250,0.565,0.411,0.337,0.271,185,145,102,94,0.437,0.229,0.464,0.344,0.252,0.210,157,128,81,72
0.189,0.124,0.525,1.42,0.221,0,0.3470,0.2927,0.119,-0.397,0.510,0.250,0.565,0.411,0.337,0.271,185,145,102,94,0.437,0.229,0.464,0.344,0.252,0.210,157,128,81,72
0.188,0.120,0.493,-0.52,0.062,0,0.3398,0.2831,0.171,0.341,0.510,0.250,0.565,0.411,0.337,0.271,185,145,102,94,0.437,0.229,0.464,0.344,0.252,0.210,157,128,81,72
0.190,0.109,0.460,0.85,0.046,0,0.3428,0.2820,0.167,0.06,0.510,0.250,0.565,0.411,0.337,0.271,185,145,102,94,0.437,0.229,0.464,0.344,0.252,0.210,157,128,81,72
0.190,0.098,0.520,0,0.000,0,0.3343,0.2768,0.133,0.166,0.510,0.250,0.565,0.411,0.337,0.271,185,145,102,94,0.437,0.229,0.464,0.344,0.252,0.210,157,128,81,72
0.187,0.118,0.441,-0.52,0.062,0,0.3287,0.2760,0.137,0.341,0.510,0.250,0.565,0.411,0.337,0.271,185,145,102,94,0.437,0.229,0.464,0.344,0.252,0.210,157,128,81,72
0.190,0.116,0.341,1.42,0.221,0,0.3358,0.2834,0.118,-0.397,0.510,0.250,0.565,0.411,0.337,0.271,185,145,102,94,0.437,0.229,0.464,0.344,0.252,0.210,157,128,81,72
0.190,0.119,0.523,-0.48,0.134,0,0.3323,0.2828,0.178,0.007,0.510,0.250,0.565,0.411,0.337,0.271,185,145,102,94,0.437,0.229,0.464,0.344,0.252,0.210,157,128,81,72
0.179,0.104,0.449,1.42,0.221,0,0.3290,0.2817,0.079,-0.397,0.510,0.250,0.565,0.411,0.337,0.271,185,145,102,94,0.437,0.229,0.464,0.344,0.252,0.210,157,128,81,72
0.179,0.109,0.507,-0.52,0.062,0,0.3226,0.2789,0.125,0.341,0.510,0.250,0.565,0.411,0.337,0.271,185,145,102,94,0.437,0.229,0.464,0.344,0.252,0.210,157,128,81,72
0.175,0.119,0.517,-0.52,0.062,0,0.3049,0.2662,0.153,0.341,0.510,0.250,0.565,0.411,0.337,0.271,185,145,102,94,0.437,0.229,0.464,0.344,0.252,0.210,157,128,81,72
0.205,0.128,0.611,1.37,0.298,0,0.2891,0.2591,0.123,-0.510,0.510,0.250,0.565,0.411,0.337,0.271,185,145,102,94,0.437,0.229,0.464,0.344,0.252,0.210,157,128,81,72
0.201,0.086,0.399,2.53,0.140,0,0.2824,0.2572,0.115,-0.121,0.510,0.250,0.565,0.411,0.337,0.271,185,145,102,94,0.437,0.229,0.464,0.344,0.252,0.210,157,128,81,72
0.199,0.096,0.527,0,0.000,0,0.2893,0.2649,0.128,0.166,0.510,0.250,0.565,0.411,0.337,0.271,185,145,102,94,0.437,0.229,0.464,0.344,0.252,0.210,157,128,81,72
0.208,0.089,0.408,0.85,0.046,0,0.2957,0.2684,0.184,0.06,0.510,0.250,0.565,0.411,0.337,0.271,185,145,102,94,0.437,0.229,0.464,0.344,0.252,0.210,157,128,81,72
0.196,0.090,0.353,0,0.000,0,0.2956,0.2672,0.199,0.166,0.510,0.250,0.565,0.411,0.337,0.271,185,145,102,94,0.437,0.229,0.464,0.344,0.252,0.210,157,128,81,72
0.190,0.095,0.483,1.42,0.221,0,0.3021,0.2684,0.145,-0.397,0.510,0.250,0.565,0.411,0.337,0.271,185,145,102,94,0.437,0.229,0.464,0.344,0.252,0.210,157,128,81,72
0.184,0.105,0.530,-0.52,0.062,0,0.3101,0.2710,0.112,0.341,0.510,0.250,0.565,0.411,0.337,0.271,185,145,102,94,0.437,0.229,0.464,0.344,0.252,0.210,157,128,81,72
0.218,0.104,0.313,-1.14,0.131,0,0.3145,0.2697,0.201,0.987,0.510,0.250,0.565,0.411,0.337,0.271,185,145,102,94,0.437,0.229,0.464,0.344,0.252,0.210,157,128,81,72
0.211,0.107,0.394,-0.52,0.062,0,0.3113,0.2666,0.180,0.341,0.510,0.250,0.565,0.411,0.337,0.271,185,145,102,94,0.437,0.229,0.464,0.344,0.252,0.210,157,128,81,72
0.209,0.102,0.312,1.99,0.186,0,0.3071,0.2631,0.109,-0.326,0.510,0.250,0.565,0.411,0.337,0.271,185,145,102,94,0.437,0.229,0.464,0.344,0.252,0.210,157,128,81,72
0.201,0.092,0.381,0.85,0.046,0,0.3129,0.2698,0.200,0.06,0.510,0.250,0.565,0.411,0.337,0.271,185,145,102,94,0.437,0.229,0.464,0.344,0.252,0.210,157,128,81,72
0.227,0.100,0.423,0,0.000,0,0.3224,0.2836,0.203,0.166,0.510,0.250,0.565,0.411,0.337,0.271,185,145,102,94,0.437,0.229,0.464,0.344,0.252,0.210,157,128,81,72
0.235,0.093,0.287,1.42,0.221,0,0.3364,0.3035,0.117,-0.397,0.510,0.250,0.565,0.411,0.337,0.271,185,145,102,94,0.437,0.229,0.464,0.344,0.252,0.210,157,128,81,72
0.235,0.100,0.312,-0.52,0.062,0,0.3498,0.3214,0.107,0.341,0.510,0.250,0.565,0.411,0.337,0.271,185,145,102,94,0.437,0.229,0.464,0.344,0.252,0.210,157,128,81,72
0.238,0.094,0.335,-1.14,0.131,0,0.3643,0.3372,0.249,0.987,0.510,0.250,0.565,0.411,0.337,0.271,185,145,102,94,0.437,0.229,0.464,0.344,0.252,0.210,157,128,81,72
0.244,0.102,0.333,0,0.000,0,0.3707,0.3435,0.181,0.166,0.510,0.250,0.565,0.411,0.337,0.271,185,145,102,94,0.437,0.229,0.464,0.344,0.252,0.210,157,128,81,72
0.237,0.094,0.298,0.85,0.046,0,0.3714,0.3431,0.138,0.06,0.510,0.250,0.565,0.411,0.337,0.271,185,145,102,94,0.437,0.229,0.464,0.344,0.252,0.210,157,128,81,72
0.231,0.080,0.310,0,0.000,0,0.3721,0.3387,0.115,0.166,0.510,0.250,0.565,0.411,0.337,0.271,185,145,102,94,0.437,0.229,0.464,0.344,0.252,0.210,157,128,81,72
0.241,0.076,0.196,0.85,0.046,0,0.3608,0.3254,0.089,0.06,0.510,0.250,0.565,0.411,0.337,0.271,185,145,102,94,0.437,0.229,0.464,0.344,0.252,0.210,157,128,81,72
0.232,0.074,0.371,1.42,0.221,0,0.3415,0.3020,0.079,-0.397,0.510,0.250,0.565,0.411,0.337,0.271,185,145,102,94,0.437,0.229,0.464,0.344,0.252,0.210,157,128,81,72
0.237,0.068,0.301,0.85,0.046,0,0.3345,0.2905,0.091,0.06,0.510,0.250,0.565,0.411,0.337,0.271,185,145,102,94,0.437,0.229,0.464,0.344,0.252,0.210,157,128,81,72
0.236,0.072,0.333,0,0.000,0,0.3247,0.2765,0.119,0.166,0.510,0.250,0.565,0.411,0.337,0.271,185,145,102,94,0.437,0.229,0.464,0.344,0.252,0.210,157,128,81,72
0.233,0.076,0.384,1.42,0.221,0,0.3120,0.2635,0.104,-0.397,0.510,0.250,0.565,0.411,0.337,0.271,185,145,102,94,0.437,0.229,0.464,0.344,0.252,0.210,157,128,81,72
0.229,0.074,0.448,0,0.000,0,0.2972,0.2517,0.131,0.166,0.510,0.250,0.565,0.411,0.337,0.271,185,145,102,94,0.437,0.229,0.464,0.344,0.252,0.210,157,128,81,72
0.227,0.064,0.503,0,0.000,0,0.2940,0.2505,0.111,0.166,0.510,0.250,0.565,0.411,0.337,0.271,185,145,102,94,0.437,0.229,0.464,0.344,0.252,0.210,157,128,81,72
0.240,0.077,0.313,-0.52,0.062,0,0.2963,0.2546,0.155,0.341,0.510,0.250,0.565,0.411,0.337,0.271,185,145,102,94,0.437,0.229,0.464,0.344,0.252,0.210,157,128,81,72
0.227,0.066,0.451,0.85,0.046,0,0.2946,0.2592,0.139,0.06,0.510,0.250,0.565,0.411,0.337,0.271,185,145,102,94,0.437,0.229,0.464,0.344,0.252,0.210,157,128,81,72
0.240,0.068,0.250,0,0.000,0,0.2983,0.2687,0.111,0.166,0.510,0.250,0.565,0.411,0.337,0.271,185,145,102,94,0.437,0.229,0.464,0.344,0.252,0.210,157,128,81,72
0.235,0.070,0.313,0.85,0.046,0,0.3144,0.2883,0.105,0.06,0.510,0.250,0.565,0.411,0.337,0.271,185,145,102,94,0.437,0.229,0.464,0.344,0.252,0.210,157,128,81,72
0.244,0.065,0.290,0.85,0.046,0,0.3406,0.3153,0.131,0.06,0.510,0.250,0.565,0.411,0.337,0.271,185,145,102,94,0.437,0.229,0.464,0.344,0.252,0.210,157,128,81,72
0.226,0.069,0.294,0,0.000,0,0.3613,0.3373,0.105,0.166,0.510,0.250,0.565,0.411,0.337,0.271,185,145,102,94,0.437,0.229,0.464,0.344,0.252,0.210,157,128,81,72
0.235,0.069,0.250,2.53,0.140,0,0.3803,0.3557,0.083,-0.121,0.510,0.250,0.565,0.411,0.337,0.271,185,145,102,94,0.437,0.229,0.464,0.344,0.252,0.210,157,128,81,72
0.230,0.070,0.246,0.85,0.046,0,0.4003,0.3726,0.125,0.06,0.510,0.250,0.565,0.411,0.337,0.271,185,145,102,94,0.437,0.229,0.464,0.344,0.252,0.210,157,128,81,72
0.232,0.069,0.331,0,0.000,0,0.4095,0.3804,0.154,0.166,0.510,0.250,0.565,0.411,0.337,0.271,185,145,102,94,0.437,0.229,0.464,0.344,0.252,0.210,157,128,81,72
0.219,0.091,0.500,1.42,0.221,0,0.4136,0.3838,0.164,-0.397,0.510,0.250,0.565,0.411,0.337,0.271,185,145,102,94,0.437,0.229,0.464,0.344,0.252,0.210,157,128,81,72
0.214,0.087,0.385,0,0.000,0,0.4200,0.3888,0.092,0.166,0.510,0.250,0.565,0.411,0.337,0.271,185,145,102,94,0.437,0.229,0.464,0.344,0.252,0.210,157,128,81,72
0.209,0.097,0.322,-1.14,0.131,0,0.4265,0.3937,0.211,0.987,0.510,0.250,0.565,0.411,0.337,0.271,185,145,102,94,0.437,0.229,0.464,0.344,0.252,0.210,157,128,81,72
0.212,0.111,0.447,0.22,0.230,0,0.4187,0.3885,0.245,0.303,0.510,0.250,0.565,0.411,0.337,0.271,185,145,102,94,0.437,0.229,0.464,0.344,0.252,0.210,157,128,81,72
0.202,0.109,0.302,1.99,0.186,0,0.4199,0.3901,0.138,-0.326,0.510,0.250,0.565,0.411,0.337,0.271,185,145,102,94,0.437,0.229,0.464,0.344,0.252,0.210,157,128,81,72
0.202,0.125,0.401,-0.52,0.062,0,0.4350,0.4016,0.110,0.341,0.510,0.250,0.565,0.411,0.337,0.271,185,145,102,94,0.437,0.229,0.464,0.344,0.252,0.210,157,128,81,72
0.202,0.106,0.352,-1.14,0.131,0,0.4452,0.4123,0.269,0.987,0.510,0.250,0.565,0.411,0.337,0.271,185,145,102,94,0.437,0.229,0.464,0.344,0.252,0.210,157,128,81,72
0.202,0.119,0.411,-0.52,0.062,0,0.4497,0.4187,0.237,0.341,0.510,0.250,0.565,0.411,0.337,0.271,185,145,102,94,0.437,0.229,0.464,0.344,0.252,0.210,157,128,81,72
0.203,0.099,0.390,1.99,0.186,0,0.4609,0.4297,0.129,-0.326,0.510,0.250,0.565,0.411,0.337,0.271,185,145,102,94,0.437,0.229,0.464,0.344,0.252,0.210,157,128,81,72
0.209,0.125,0.470,-0.52,0.062,0,0.4626,0.4346,0.156,0.341,0.510,0.250,0.565,0.411,0.337,0.271,185,145,102,94,0.437,0.229,0.464,0.344,0.252,0.210,157,128,81,72
0.209,0.117,0.502,-1.14,0.131,0,0.4577,0.4338,0.288,0.987,0.510,0.250,0.565,0.411,0.337,0.271,185,145,102,94,0.437,0.229,0.464,0.344,0.252,0.210,157,128,81,72
0.205,0.115,0.350,1.99,0.186,0,0.4439,0.4251,0.211,-0.326,0.510,0.250,0.565,0.411,0.337,0.271,185,145,102,94,0.437,0.229,0.464,0.344,0.252,0.210,157,128,81,72
0.201,0.154,0.400,0,0.000,0,0.4204,0.4087,0.226,0.166,0.510,0.250,0.565,0.411,0.337,0.271,185,145,102,94,0.437,0.229,0.464,0.344,0.252,0.210,157,128,81,72
0.210,0.121,0.302,0,0.000,0,0.4016,0.3944,0.187,0.166,0.510,0.250,0.565,0.411,0.337,0.271,185,145,102,94,0.437,0.229,0.464,0.344,0.252,0.210,157,128,81,72
0.189,0.155,0.322,-0.42,0.180,0,0.3765,0.3735,0.292,0.318,0.510,0.250,0.565,0.411,0.337,0.271,185,145,102,94,0.437,0.229,0.464,0.344,0.252,0.210,157,128,81,72
0.171,0.112,0.275,0.85,0.046,0,0.3450,0.3468,0.108,0.06,0.510,0.250,0.565,0.411,0.337,0.271,185,145,102,94,0.437,0.229,0.464,0.344,0.252,0.210,157,128,81,72
0.164,0.114,0.228,0.85,0.046,0,0.3133,0.3178,0.129,0.06,0.510,0.250,0.565,0.411,0.337,0.271,185,145,102,94,0.437,0.229,0.464,0.344,0.252,0.210,157,128,81,72
0.146,0.097,0.210,0,0.000,0,0.3007,0.3037,0.172,0.166,0.510,0.250,0.565,0.411,0.337,0.271,185,145,102,94,0.437,0.229,0.464,0.344,0.252,0.210,157,128,81,72
0.145,0.102,0.217,0.85,0.046,0,0.2962,0.2989,0.163,0.06,0.510,0.250,0.565,0.411,0.337,0.271,185,145,102,94,0.437,0.229,0.464,0.344,0.252,0.210,157,128,81,72
0.124,0.101,0.352,1.42,0.221,0,0.2931,0.2946,0.124,-0.397,0.510,0.250,0.565,0.411,0.337,0.271,185,145,102,94,0.437,0.229,0.464,0.344,0.252,0.210,157,128,81,72
0.124,0.096,0.315,0,0.000,0,0.2963,0.2971,0.165,0.166,0.510,0.250,0.565,0.411,0.337,0.271,185,145,102,94,0.437,0.229,0.464,0.344,0.252,0.210,157,128,81,72
0.135,0.082,0.276,0,0.000,0,0.2872,0.2941,0.172,0.166,0.510,0.250,0.565,0.411,0.337,0.271,185,145,102,94,0.437,0.229,0.464,0.344,0.252,0.210,157,128,81,72
0.142,0.098,0.247,1.99,0.186,0,0.2769,0.2924,0.115,-0.326,0.510,0.250,0.565,0.411,0.337,0.271,185,145,102,94,0.437,0.229,0.464,0.344,0.252,0.210,157,128,81,72
0.133,0.095,0.333,0.85,0.046,0,0.2713,0.2953,0.096,0.06,0.510,0.250,0.565,0.411,0.337,0.271,185,145,102,94,0.437,0.229,0.464,0.344,0.252,0.210,157,128,81,72
0.136,0.104,0.327,-1.14,0.131,0,0.2604,0.2942,0.216,0.987,0.510,0.250,0.565,0.411,0.337,0.271,185,145,102,94,0.437,0.229,0.464,0.344,0.252,0.210,157,128,81,72
0.126,0.152,0.531,1.37,0.298,0,0.2478,0.2927,0.170,-0.510,0.510,0.250,0.565,0.411,0.337,0.271,185,145,102,94,0.437,0.229,0.464,0.344,0.252,0.210,157,128,81,72
0.127,0.101,0.389,0.85,0.046,0,0.2315,0.2871,0.135,0.06,0.510,0.250,0.565,0.411,0.337,0.271,185,145,102,94,0.437,0.229,0.464,0.344,0.252,0.210,157,128,81,72
0.123,0.141,0.396,-0.48,0.134,0,0.2249,0.2880,0.239,0.007,0.510,0.250,0.565,0.411,0.337,0.271,185,145,102,94,0.437,0.229,0.464,0.344,0.252,0.210,157,128,81,72
0.121,0.128,0.397,1.42,0.221,0,0.2251,0.2924,0.127,-0.397,0.510,0.250,0.565,0.411,0.337,0.271,185,145,102,94,0.437,0.229,0.464,0.344,0.252,0.210,157,128,81,72
0.123,0.163,0.327,-0.48,0.134,0,0.2223,0.2924,0.258,0.007,0.510,0.250,0.565,0.411,0.337,0.271,185,145,102,94,0.437,0.229,0.464,0.344,0.252,0.210,157,128,81,72
0.117,0.157,0.344,-0.52,0.062,0,0.2228,0.2938,0.230,0.341,0.510,0.250,0.565,0.411,0.337,0.271,185,145,102,94,0.437,0.229,0.464,0.344,0.252,0.210,157,128,81,72
0.121,0.165,0.513,1.42,0.221,0,0.2504,0.3147,0.147,-0.397,0.510,0.250,0.565,0.411,0.337,0.271,185,145,102,94,0.437,0.229,0.464,0.344,0.252,0.210,157,128,81,72
0.123,0.181,0.447,-0.52,0.062,0,0.2876,0.3421,0.126,0.341,0.510,0.250,0.565,0.411,0.337,0.271,185,145,102,94,0.437,0.229,0.464,0.344,0.252,0.210,157,128,81,72
0.124,0.176,0.185,-1.14,0.131,0,0.3251,0.3691,0.273,0.987,0.510,0.250,0.565,0.411,0.337,0.271,185,145,102,94,0.437,0.229,0.464,0.344,0.252,0.210,157,128,81,72
0.128,0.173,0.202,1.42,0.221,0,0.3488,0.3857,0.206,-0.397,0.510,0.250,0.565,0.411,0.337,0.271,185,145,102,94,0.437,0.229,0.464,0.344,0.252,0.210,157,128,81,72
0.129,0.198,0.315,1.37,0.298,0,0.3886,0.4154,0.180,-0.510,0.510,0.250,0.565,0.411,0.337,0.271,185,145,102,94,0.437,0.229,0.464,0.344,0.252,0.210,157,128,81,72
0.138,0.149,0.140,0,0.000,0,0.4353,0.4528,0.197,0.166,0.510,0.250,0.565,0.411,0.337,0.271,185,145,102,94,0.437,0.229,0.464,0.344,0.252,0.210,157,128,81,72
0.169,0.193,0.061,-0.42,0.180,0,0.4711,0.4815,0.336,0.318,0.510,0.250,0.565,0.411,0.337,0.271,185,145,102,94,0.437,0.229,0.464,0.344,0.252,0.210,157,128,81,72
0.188,0.135,0.017,0.85,0.046,0,0.4912,0.5016,0.211,0.06,0.510,0.250,0.565,0.411,0.337,0.271,185,145,102,94,0.437,0.229,0.464,0.344,0.252,0.210,157,128,81,72
0.162,0.140,0.152,0,0.000,0,0.4930,0.5080,0.197,0.166,0.510,0.250,0.565,0.411,0.337,0.271,185,145,102,94,0.437,0.229,0.464,0.344,0.252,0.210,157,128,81,72
0.196,0.129,0.073,1.99,0.186,0,0.4887,0.5103,0.146,-0.326,0.510,0.250,0.565,0.411,0.337,0.271,185,145,102,94,0.437,0.229,0.464,0.344,0.252,0.210,157,128,81,72
0.194,0.148,0.104,-0.52,0.062,0,0.4690,0.5005,0.270,0.341,0.510,0.250,0.565,0.411,0.337,0.271,185,145,102,94,0.437,0.229,0.464,0.344,0.252,0.210,157,128,81,72
0.196,0.179,0.496,0.2,0.291,1,0.4642,0.4949,0.355,0.180,0.510,0.250,0.565,0.411,0.337,0.271,185,145,102,94,0.437,0.229,0.464,0.344,0.252,0.210,157,128,81,72
0.168,0.146,0.250,0.85,0.046,0,0.4570,0.4874,0.238,0.06,0.510,0.250,0.565,0.411,0.337,0.271,185,145,102,94,0.437,0.229,0.464,0.344,0.252,0.210,157,128,81,72
0.167,0.183,0.528,0.2,0.291,1,0.4606,0.4831,0.421,0.180,0.510,0.250,0.565,0.411,0.337,0.271,185,145,102,94,0.437,0.229,0.464,0.344,0.252,0.210,157,128,81,72
0.172,0.129,0.389,-1.1,0.105,-1,0.4940,0.5029,0.311,0.192,0.510,0.250,0.565,0.411,0.337,0.271,185,145,102,94,0.437,0.229,0.464,0.344,0.252,0.210,157,128,81,72
0.192,0.176,0.411,-1.14,0.131,0,0.5217,0.5176,0.306,0.987,0.510,0.250,0.565,0.411,0.337,0.271,185,145,102,94,0.437,0.229,0.464,0.344,0.252,0.210,157,128,81,72
0.229,0.683,0.612,-1.19,0.219,1,0.5432,0.5304,0.512,0.586,0.510,0.250,0.565,0.411,0.337,0.271,185,145,102,94,0.437,0.229,0.464,0.344,0.252,0.210,157,128,81,72
0.226,0.191,0.490,-0.08,0.108,0,0.5594,0.5436,0.270,0.059,0.510,0.250,0.565,0.411,0.337,0.271,185,145,102,94,0.437,0.229,0.464,0.344,0.252,0.210,157,128,81,72
0.216,0.194,0.583,1.37,0.298,0,0.5678,0.5534,0.141,-0.510,0.510,0.250,0.565,0.411,0.337,0.271,185,145,102,94,0.437,0.229,0.464,0.344,0.252,0.210,157,128,81,72
0.192,0.190,0.715,0.2,0.291,1,0.5627,0.5555,0.318,0.180,0.510,0.250,0.565,0.411,0.337,0.271,185,145,102,94,0.437,0.229,0.464,0.344,0.252,0.210,157,128,81,72
0.201,0.727,0.728,0.2,0.291,1,0.5419,0.5449,0.337,0.180,0.510,0.250,0.565,0.411,0.337,0.271,185,145,102,94,0.437,0.229,0.464,0.344,0.252,0.210,157,128,81,72
0.173,0.690,0.553,-0.52,0.062,0,0.4884,0.5093,0.199,0.341,0.510,0.250,0.565,0.411,0.337,0.271,185,145,102,94,0.437,0.229,0.464,0.344,0.252,0.210,157,128,81,72
0.163,0.810,0.721,1.37,0.298,0,0.4253,0.4610,0.154,-0.510,0.510,0.250,0.565,0.411,0.337,0.271,185,145,102,94,0.437,0.229,0.464,0.344,0.252,0.210,157,128,81,72
0.170,0.754,0.415,-0.08,0.108,0,0.3620,0.4082,0.328,0.059,0.510,0.250,0.565,0.411,0.337,0.271,185,145,102,94,0.437,0.229,0.464,0.344,0.252,0.210,157,128,81,72
0.163,0.828,0.623,0.22,0.230,0,0.3083,0.3569,0.339,0.303,0.510,0.250,0.565,0.411,0.337,0.271,185,145,102,94,0.437,0.229,0.464,0.344,0.252,0.210,157,128,81,72
0.166,0.703,0.347,0.85,0.046,0,0.2480,0.2978,0.309,0.06,0.510,0.250,0.565,0.411,0.337,0.271,185,145,102,94,0.437,0.229,0.464,0.344,0.252,0.210,157,128,81,72
0.165,0.799,0.787,-1.19,0.219,1,0.1975,0.2424,0.418,0.586,0.510,0.250,0.565,0.411,0.337,0.271,185,145,102,94,0.437,0.229,0.464,0.344,0.252,0.210,157,128,81,72
0.140,0.710,0.445,-1.14,0.131,0,0.1650,0.2008,0.258,0.987,0.510,0.250,0.565,0.411,0.337,0.271,185,145,102,94,0.437,0.229,0.464,0.344,0.252,0.210,157,128,81,72
0.147,0.733,0.649,-1.14,0.131,0,0.1377,0.1660,0.316,0.987,0.510,0.250,0.565,0.411,0.337,0.271,185,145,102,94,0.437,0.229,0.464,0.344,0.252,0.210,157,128,81,72
0.161,0.812,0.595,1.37,0.298,0,0.1455,0.1589,0.195,-0.510,0.510,0.250,0.565,0.411,0.337,0.271,185,145,102,94,0.437,0.229,0.464,0.344,0.252,0.210,157,128,81,72
0.150,0.744,0.923,-0.52,0.062,0,0.1555,0.1585,0.145,0.341,0.510,0.250,0.565,0.411,0.337,0.271,185,145,102,94,0.437,0.229,0.464,0.344,0.252,0.210,157,128,81,72
0.140,0.741,0.922,1.37,0.298,0,0.1877,0.1746,0.088,-0.510,0.510,0.250,0.565,0.411,0.337,0.271,185,145,102,94,0.437,0.229,0.464,0.344,0.252,0.210,157,128,81,72
0.140,0.180,0.404,3.14,0.186,0,0.2255,0.1996,0.050,-0.486,0.510,0.250,0.565,0.411,0.337,0.271,185,145,102,94,0.437,0.229,0.464,0.344,0.252,0.210,157,128,81,72
0.150,0.160,0.421,-0.52,0.062,0,0.2479,0.2111,0.094,0.341,0.510,0.250,0.565,0.411,0.337,0.271,185,145,102,94,0.437,0.229,0.464,0.344,0.252,0.210,157,128,81,72
0.134,0.146,0.029,1.99,0.186,0,0.2553,0.2134,0.043,-0.326,0.510,0.250,0.565,0.411,0.337,0.271,185,145,102,94,0.437,0.229,0.464,0.344,0.252,0.210,157,128,81,72
0.154,0.156,0.026,3.14,0.186,0,0.2565,0.2094,0.040,-0.486,0.510,0.250,0.565,0.411,0.337,0.271,185,145,102,94,0.437,0.229,0.464,0.344,0.252,0.210,157,128,81,72
0.160,0.154,0.021,-0.08,0.108,0,0.2447,0.1922,0.067,0.059,0.510,0.250,0.565,0.411,0.337,0.271,185,145,102,94,0.437,0.229,0.464,0.344,0.252,0.210,157,128,81,72
0.129,0.154,0.162,1.42,0.221,0,0.2286,0.1696,0.077,-0.397,0.510,0.250,0.565,0.411,0.337,0.271,185,145,102,94,0.437,0.229,0.464,0.344,0.252,0.210,157,128,81,72
0.128,0.162,0.017,0.85,0.046,0,0.2112,0.1442,0.046,0.06,0.510,0.250,0.565,0.411,0.337,0.271,185,145,102,94,0.437,0.229,0.464,0.344,0.252,0.210,157,128,81,72
0.133,0.151,0.008,3.14,0.186,0,0.1986,0.1195,0.056,-0.486,0.510,0.250,0.565,0.411,0.337,0.271,185,145,102,94,0.437,0.229,0.464,0.344,0.252,0.210,157,128,81,72
0.156,0.241,0.053,-0.42,0.180,0,0.1852,0.0946,0.281,0.318,0.510,0.250,0.565,0.411,0.337,0.271,185,145,102,94,0.437,0.229,0.464,0.344,0.252,0.210,157,128,81,72
0.122,0.258,0.153,-0.42,0.180,0,0.1804,0.0789,0.334,0.318,0.510,0.250,0.565,0.411,0.337,0.271,185,145,102,94,0.437,0.229,0.464,0.344,0.252,0.210,157,128,81,72
0.133,0.215,0.151,-0.52,0.062,0,0.1933,0.0782,0.159,0.341,0.510,0.250,0.565,0.411,0.337,0.271,185,145,102,94,0.437,0.229,0.464,0.344,0.252,0.210,157,128,81,72
0.122,0.248,0.168,-1.14,0.131,0,0.2001,0.0769,0.367,0.987,0.510,0.250,0.565,0.411,0.337,0.271,185,145,102,94,0.437,0.229,0.464,0.344,0.252,0.210,157,128,81,72
0.112,0.277,0.424,-0.48,0.134,0,0.2104,0.0784,0.409,0.007,0.510,0.250,0.565,0.411,0.337,0.271,185,145,102,94,0.437,0.229,0.464,0.344,0.252,0.210,157,128,81,72
0.077,0.255,0.618,-1.19,0.219,1,0.2190,0.0787,0.257,0.586,0.510,0.250,0.565,0.411,0.337,0.271,185,145,102,94,0.437,0.229,0.464,0.344,0.252,0.210,157,128,81,72
0.077,0.200,0.465,1.42,0.221,0,0.2172,0.0726,0.175,-0.397,0.510,0.250,0.565,0.411,0.337,0.271,185,145,102,94,0.437,0.229,0.464,0.344,0.252,0.210,157,128,81,72
0.085,0.231,0.436,1.99,0.186,0,0.2082,0.0659,0.131,-0.326,0.510,0.250,0.565,0.411,0.337,0.271,185,145,102,94,0.437,0.229,0.464,0.344,0.252,0.210,157,128,81,72
0.078,0.220,0.711,-0.08,0.108,0,0.1900,0.0556,0.248,0.059,0.510,0.250,0.565,0.411,0.337,0.271,185,145,102,94,0.437,0.229,0.464,0.344,0.252,0.210,157,128,81,72
0.077,0.183,0.958,1.99,0.186,0,0.1765,0.0514,0.049,-0.326,0.510,0.250,0.565,0.411,0.337,0.271,185,145,102,94,0.437,0.229,0.464,0.344,0.252,0.210,157,128,81,72
0.065,0.192,0.741,-0.52,0.062,0,0.1528,0.0438,0.181,0.341,0.510,0.250,0.565,0.411,0.337,0.271,185,145,102,94,0.437,0.229,0.464,0.344,0.252,0.210,157,128,81,72
0.064,0.148,0.342,-0.79,0.151,-1,0.1252,0.0354,0.261,0.736,0.510,0.250,0.565,0.411,0.337,0.271,185,145,102,94,0.437,0.229,0.464,0.344,0.252,0.210,157,128,81,72
0.054,0.137,0.006,3.14,0.186,0,0.0987,0.0276,0.032,-0.486,0.510,0.250,0.565,0.411,0.337,0.271,185,145,102,94,0.437,0.229,0.464,0.344,0.252,0.210,157,128,81,72
0.045,0.188,0.195,1.37,0.298,0,0.0784,0.0219,0.059,-0.510,0.510,0.250,0.565,0.411,0.337,0.271,185,145,102,94,0.437,0.229,0.464,0.344,0.252,0.210,157,128,81,72
0.049,0.148,0.106,-0.42,0.180,0,0.0655,0.0179,0.284,0.318,0.510,0.250,0.565,0.411,0.337,0.271,185,145,102,94,0.437,0.229,0.464,0.344,0.252,0.210,157,128,81,72
0.057,0.160,0.196,1.76,0.409,0,0.0587,0.0156,0.094,-0.884,0.510,0.250,0.565,0.411,0.337,0.271,185,145,102,94,0.437,0.229,0.464,0.344,0.252,0.210,157,128,81,72
0.038,0.112,0.003,3.14,0.186,0,0.0563,0.0144,0.020,-0.486,0.510,0.250,0.565,0.411,0.337,0.271,185,145,102,94,0.437,0.229,0.464,0.344,0.252,0.210,157,128,81,72
0.035,0.116,0.193,1.42,0.221,0,0.0729,0.0209,0.095,-0.397,0.510,0.250,0.565,0.411,0.337,0.271,185,145,102,94,0.437,0.229,0.464,0.344,0.252,0.210,157,128,81,72
0.034,0.113,0.109,-1.1,0.105,-1,0.0873,0.0270,0.331,0.192,0.510,0.250,0.565,0.411,0.337,0.271,185,145,102,94,0.437,0.229,0.464,0.344,0.252,0.210,157,128,81,72
0.037,0.127,0.144,1.99,0.186,0,0.0986,0.0286,0.056,-0.326,0.510,0.250,0.565,0.411,0.337,0.271,185,145,102,94,0.437,0.229,0.464,0.344,0.252,0.210,157,128,81,72
0.025,0.155,0.133,1.69,0.290,0,0.1130,0.0326,0.049,-0.697,0.510,0.250,0.565,0.411,0.337,0.271,185,145,102,94,0.437,0.229,0.464,0.344,0.252,0.210,157,128,81,72
0.023,0.175,0.283,-1.14,0.131,0,0.1261,0.0392,0.301,0.987,0.510,0.250,0.565,0.411,0.337,0.271,185,145,102,94,0.437,0.229,0.464,0.344,0.252,0.210,157,128,81,72
0.024,0.196,0.533,1.69,0.290,0,0.1531,0.0533,0.127,-0.697,0.510,0.250,0.565,0.411,0.337,0.271,185,145,102,94,0.437,0.229,0.464,0.344,0.252,0.210,157,128,81,72
0.026,0.690,0.507,1.37,0.298,0,0.1782,0.0632,0.113,-0.510,0.510,0.250,0.565,0.411,0.337,0.271,185,145,102,94,0.437,0.229,0.464,0.344,0.252,0.210,157,128,81,72
0.029,0.742,0.664,0.2,0.291,1,0.2056,0.0766,0.324,0.180,0.510,0.250,0.565,0.411,0.337,0.271,185,145,102,94,0.437,0.229,0.464,0.344,0.252,0.210,157,128,81,72
0.031,0.743,0.515,-0.42,0.180,0,0.2361,0.0921,0.417,0.318,0.510,0.250,0.565,0.411,0.337,0.271,185,145,102,94,0.437,0.229,0.464,0.344,0.252,0.210,157,128,81,72
0.050,0.726,0.600,-0.48,0.134,0,0.2666,0.1063,0.198,0.007,0.510,0.250,0.565,0.411,0.337,0.271,185,145,102,94,0.437,0.229,0.464,0.344,0.252,0.210,157,128,81,72
0.054,0.752,0.566,-0.42,0.180,0,0.3037,0.1273,0.245,0.318,0.510,0.250,0.565,0.411,0.337,0.271,185,145,102,94,0.437,0.229,0.464,0.344,0.252,0.210,157,128,81,72
0.051,0.803,0.457,-0.42,0.180,0,0.3342,0.1471,0.436,0.318,0.510,0.250,0.565,0.411,0.337,0.271,185,145,102,94,0.437,0.229,0.464,0.344,0.252,0.210,157,128,81,72
0.057,0.826,0.698,0.2,0.291,1,0.3620,0.1697,0.343,0.180,0.510,0.250,0.565,0.411,0.337,0.271,185,145,102,94,0.437,0.229,0.464,0.344,0.252,0.210,157,128,81,72
0.046,0.815,0.615,1.76,0.409,0,0.3816,0.1888,0.070,-0.884,0.510,0.250,0.565,0.411,0.337,0.271,185,145,102,94,0.437,0.229,0.464,0.344,0.252,0.210,157,128,81,72
0.048,0.787,0.744,-0.42,0.180,0,0.3894,0.2033,0.258,0.318,0.510,0.250,0.565,0.411,0.337,0.271,185,145,102,94,0.437,0.229,0.464,0.344,0.252,0.210,157,128,81,72
0.048,0.804,0.987,-0.48,0.134,0,0.3958,0.2176,0.323,0.007,0.510,0.250,0.565,0.411,0.337,0.271,185,145,102,94,0.437,0.229,0.464,0.344,0.252,0.210,157,128,81,72
0.061,0.775,0.945,-0.52,0.062,0,0.3807,0.2144,0.161,0.341,0.510,0.250,0.565,0.411,0.337,0.271,185,145,102,94,0.437,0.229,0.464,0.344,0.252,0.210,157,128,81,72
0.056,0.713,0.221,3.14,0.186,0,0.3552,0.2035,0.101,-0.486,0.510,0.250,0.565,0.411,0.337,0.271,185,145,102,94,0.437,0.229,0.464,0.344,0.252,0.210,157,128,81,72
0.053,0.830,0.823,0.2,0.291,1,0.3372,0.1953,0.314,0.180,0.510,0.250,0.565,0.411,0.337,0.271,185,145,102,94,0.437,0.229,0.464,0.344,0.252,0.210,157,128,81,72
0.069,0.819,0.954,0.22,0.230,0,0.3199,0.1893,0.256,0.303,0.510,0.250,0.565,0.411,0.337,0.271,185,145,102,94,0.437,0.229,0.464,0.344,0.252,0.210,157,128,81,72
0.082,0.712,0.647,-0.52,0.062,0,0.2930,0.1735,0.153,0.341,0.510,0.250,0.565,0.411,0.337,0.271,185,145,102,94,0.437,0.229,0.464,0.344,0.252,0.210,157,128,81,72
0.081,0.720,0.199,1.99,0.186,0,0.2720,0.1624,0.101,-0.326,0.510,0.250,0.565,0.411,0.337,0.271,185,145,102,94,0.437,0.229,0.464,0.344,0.252,0.210,157,128,81,72
0.088,0.715,0.818,-0.52,0.062,0,0.2658,0.1611,0.231,0.341,0.510,0.250,0.565,0.411,0.337,0.271,185,145,102,94,0.437,0.229,0.464,0.344,0.252,0.210,157,128,81,72
0.089,0.713,0.400,1.69,0.290,0,0.2818,0.1764,0.105,-0.697,0.510,0.250,0.565,0.411,0.337,0.271,185,145,102,94,0.437,0.229,0.464,0.344,0.252,0.210,157,128,81,72
0.123,0.683,0.477,-0.48,0.134,0,0.3022,0.1934,0.237,0.007,0.510,0.250,0.565,0.411,0.337,0.271,185,145,102,94,0.437,0.229,0.464,0.344,0.252,0.210,157,128,81,72
0.122,0.217,0.393,-1.1,0.105,-1,0.3443,0.2333,0.249,0.192,0.510,0.250,0.565,0.411,0.337,0.271,185,145,102,94,0.437,0.229,0.464,0.344,0.252,0.210,157,128,81,72
0.176,0.231,0.275,2.1,0.128,0,0.3783,0.2708,0.072,0.02,0.510,0.250,0.565,0.411,0.337,0.271,185,145,102,94,0.437,0.229,0.464,0.344,0.252,0.210,157,128,81,72
0.161,0.712,0.129,1.69,0.290,0,0.4052,0.3041,0.093,-0.697,0.510,0.250,0.565,0.411,0.337,0.271,185,145,102,94,0.437,0.229,0.464,0.344,0.252,0.210,157,128,81,72
0.168,0.216,0.255,1.99,0.186,0,0.4322,0.3414,0.094,-0.326,0.510,0.250,0.565,0.411,0.337,0.271,185,145,102,94,0.437,0.229,0.464,0.344,0.252,0.210,157,128,81,72
0.198,0.765,0.899,-1.19,0.219,1,0.4404,0.3635,0.324,0.586,0.510,0.250,0.565,0.411,0.337,0.271,185,145,102,94,0.437,0.229,0.464,0.344,0.252,0.210,157,128,81,72
0.189,0.216,0.223,2.53,0.140,0,0.4326,0.3730,0.063,-0.121,0.510,0.250,0.565,0.411,0.337,0.271,185,145,102,94,0.437,0.229,0.464,0.344,0.252,0.210,157,128,81,72
0.189,0.245,0.136,-1.14,0.131,0,0.4067,0.3657,0.229,0.987,0.510,0.250,0.565,0.411,0.337,0.271,185,145,102,94,0.437,0.229,0.464,0.344,0.252,0.210,157,128,81,72
0.158,0.783,0.644,0.2,0.291,1,0.3846,0.3575,0.421,0.180,0.510,0.250,0.565,0.411,0.337,0.271,185,145,102,94,0.437,0.229,0.464,0.344,0.252,0.210,157,128,81,72
0.105,0.274,0.321,-0.52,0.062,0,0.3703,0.3510,0.251,0.341,0.510,0.250,0.565,0.411,0.337,0.271,185,145,102,94,0.437,0.229,0.464,0.344,0.252,0.210,157,128,81,72
0.121,0.240,0.312,-1.14,0.131,0,0.3613,0.3416,0.476,0.987,0.510,0.250,0.565,0.411,0.337,0.271,185,145,102,94,0.437,0.229,0.464,0.344,0.252,0.210,157,128,81,72
0.142,0.240,0.399,-1.1,0.105,-1,0.3834,0.3482,0.541,0.192,0.510,0.250,0.565,0.411,0.337,0.271,185,145,102,94,0.437,0.229,0.464,0.344,0.252,0.210,157,128,81,72
0.158,0.740,0.606,-1.19,0.219,1,0.4297,0.3690,0.465,0.586,0.510,0.250,0.565,0.411,0.337,0.271,185,145,102,94,0.437,0.229,0.464,0.344,0.252,0.210,157,128,81,72
0.147,0.683,0.514,-1.14,0.131,0,0.4927,0.4038,0.480,0.987,0.510,0.250,0.565,0.411,0.337,0.271,185,145,102,94,0.437,0.229,0.464,0.344,0.252,0.210,157,128,81,72
0.170,0.740,0.674,0,0.000,0,0.5501,0.4354,0.438,0.166,0.510,0.250,0.565,0.411,0.337,0.271,185,145,102,94,0.437,0.229,0.464,0.344,0.252,0.210,157,128,81,72
0.179,0.822,0.836,-1.19,0.219,1,0.6041,0.4681,0.496,0.586,0.510,0.250,0.565,0.411,0.337,0.271,185,145,102,94,0.437,0.229,0.464,0.344,0.252,0.210,157,128,81,72
0.149,0.723,0.739,0,0.000,0,0.6520,0.4989,0.196,0.166,0.510,0.250,0.565,0.411,0.337,0.271,185,145,102,94,0.437,0.229,0.464,0.344,0.252,0.210,157,128,81,72
0.127,0.321,0.928,-0.52,0.062,0,0.6827,0.5204,0.153,0.341,0.510,0.250,0.565,0.411,0.337,0.271,185,145,102,94,0.437,0.229,0.464,0.344,0.252,0.210,157,128,81,72
0.138,0.288,0.526,1.69,0.290,0,0.6836,0.5194,0.100,-0.697,0.510,0.250,0.565,0.411,0.337,0.271,185,145,102,94,0.437,0.229,0.464,0.344,0.252,0.210,157,128,81,72
0.110,0.281,0.910,1.76,0.409,0,0.6642,0.5051,0.083,-0.884,0.510,0.250,0.565,0.411,0.337,0.271,185,145,102,94,0.437,0.229,0.464,0.344,0.252,0.210,157,128,81,72
0.084,0.241,0.351,-0.08,0.108,0,0.6103,0.4648,0.092,0.059,0.510,0.250,0.565,0.411,0.337,0.271,185,145,102,94,0.437,0.229,0.464,0.344,0.252,0.210,157,128,81,72
0.074,0.227,0.108,1.99,0.186,0,0.5419,0.4116,0.061,-0.326,0.510,0.250,0.565,0.411,0.337,0.271,185,145,102,94,0.437,0.229,0.464,0.344,0.252,0.210,157,128,81,72
0.079,0.736,0.310,0.22,0.230,0,0.4638,0.3491,0.087,0.303,0.510,0.250,0.565,0.411,0.337,0.271,185,145,102,94,0.437,0.229,0.464,0.344,0.252,0.210,157,128,81,72
0.065,0.218,0.182,-1.14,0.131,0,0.4025,0.2966,0.196,0.987,0.510,0.250,0.565,0.411,0.337,0.271,185,145,102,94,0.437,0.229,0.464,0.344,0.252,0.210,157,128,81,72
0.061,0.216,0.114,-1.1,0.105,-1,0.3477,0.2486,0.367,0.192,0.510,0.250,0.565,0.411,0.337,0.271,185,145,102,94,0.437,0.229,0.464,0.344,0.252,0.210,157,128,81,72
0.059,0.210,0.149,-0.52,0.062,0,0.3165,0.2191,0.264,0.341,0.510,0.250,0.565,0.411,0.337,0.271,185,145,102,94,0.437,0.229,0.464,0.344,0.252,0.210,157,128,81,72
0.049,0.206,0.139,0,0.000,0,0.3127,0.2146,0.279,0.166,0.510,0.250,0.565,0.411,0.337,0.271,185,145,102,94,0.437,0.229,0.464,0.344,0.252,0.210,157,128,81,72
0.050,0.241,0.093,-0.48,0.134,0,0.3180,0.2202,0.251,0.007,0.510,0.250,0.565,0.411,0.337,0.271,185,145,102,94,0.437,0.229,0.464,0.344,0.252,0.210,157,128,81,72
0.046,0.190,0.023,1.42,0.221,0,0.3278,0.2339,0.132,-0.397,0.510,0.250,0.565,0.411,0.337,0.271,185,145,102,94,0.437,0.229,0.464,0.344,0.252,0.210,157,128,81,72
0.070,0.217,0.026,1.69,0.290,0,0.3579,0.2619,0.123,-0.697,0.510,0.250,0.565,0.411,0.337,0.271,185,145,102,94,0.437,0.229,0.464,0.344,0.252,0.210,157,128,81,72
0.107,0.202,0.055,-0.79,0.151,-1,0.3905,0.2932,0.317,0.736,0.510,0.250,0.565,0.411,0.337,0.271,185,145,102,94,0.437,0.229,0.464,0.344,0.252,0.210,157,128,81,72
0.093,0.266,0.241,-0.48,0.134,0,0.4227,0.3253,0.247,0.007,0.510,0.250,0.565,0.411,0.337,0.271,185,145,102,94,0.437,0.229,0.464,0.344,0.252,0.210,157,128,81,72
0.116,0.229,0.242,0,0.000,0,0.4263,0.3335,0.123,0.166,0.510,0.250,0.565,0.411,0.337,0.271,185,145,102,94,0.437,0.229,0.464,0.344,0.252,0.210,157,128,81,72
0.111,0.230,0.379,2.1,0.128,0,0.4060,0.3207,0.089,0.02,0.510,0.250,0.565,0.411,0.337,0.271,185,145,102,94,0.437,0.229,0.464,0.344,0.252,0.210,157,128,81,72
0.094,0.768,0.631,1.37,0.298,0,0.3755,0.2986,0.174,-0.510,0.510,0.250,0.565,0.411,0.337,0.271,185,145,102,94,0.437,0.229,0.464,0.344,0.252,0.210,157,128,81,72
0.122,0.696,0.646,1.99,0.186,0,0.3489,0.2792,0.099,-0.326,0.510,0.250,0.565,0.411,0.337,0.271,185,145,102,94,0.437,0.229,0.464,0.344,0.252,0.210,157,128,81,72
0.112,0.843,0.965,0.2,0.291,1,0.3186,0.2550,0.224,0.180,0.510,0.250,0.565,0.411,0.337,0.271,185,145,102,94,0.437,0.229,0.464,0.344,0.252,0.210,157,128,81,72
0.110,0.848,0.965,0.2,0.291,1,0.2903,0.2313,0.252,0.180,0.510,0.250,0.565,0.411,0.337,0.271,185,145,102,94,0.437,0.229,0.464,0.344,0.252,0.210,157,128,81,72
0.130,0.842,0.663,-0.42,0.180,0,0.2728,0.2170,0.286,0.318,0.510,0.250,0.565,0.411,0.337,0.271,185,145,102,94,0.437,0.229,0.464,0.344,0.252,0.210,157,128,81,72
0.124,0.858,0.716,-1.19,0.219,1,0.2666,0.2128,0.307,0.586,0.510,0.250,0.565,0.411,0.337,0.271,185,145,102,94,0.437,0.229,0.464,0.344,0.252,0.210,157,128,81,72
0.184,0.911,0.773,0.2,0.291,1,0.2637,0.2087,0.262,0.180,0.510,0.250,0.565,0.411,0.337,0.271,185,145,102,94,0.437,0.229,0.464,0.344,0.252,0.210,157,128,81,72
0.184,0.844,0.699,1.69,0.290,0,0.2826,0.2203,0.098,-0.697,0.510,0.250,0.565,0.411,0.337,0.271,185,145,102,94,0.437,0.229,0.464,0.344,0.252,0.210,157,128,81,72
0.215,0.808,0.612,-1.19,0.219,1,0.3024,0.2290,0.359,0.586,0.510,0.250,0.565,0.411,0.337,0.271,185,145,102,94,0.437,0.229,0.464,0.344,0.252,0.210,157,128,81,72
0.212,0.212,0.232,2.1,0.128,0,0.3395,0.2478,0.143,0.02,0.510,0.250,0.565,0.411,0.337,0.271,185,145,102,94,0.437,0.229,0.464,0.344,0.252,0.210,157,128,81,72
0.210,0.178,0.062,-0.79,0.151,-1,0.3738,0.2650,0.380,0.736,0.510,0.250,0.565,0.411,0.337,0.271,185,145,102,94,0.437,0.229,0.464,0.344,0.252,0.210,157,128,81,72
0.234,0.199,0.388,-1.19,0.219,1,0.4128,0.2841,0.319,0.586,0.510,0.250,0.565,0.411,0.337,0.271,185,145,102,94,0.437,0.229,0.464,0.344,0.252,0.210,157,128,81,72
0.236,0.139,0.167,-0.42,0.180,0,0.4334,0.2890,0.228,0.318,0.510,0.250,0.565,0.411,0.337,0.271,185,145,102,94,0.437,0.229,0.464,0.344,0.252,0.210,157,128,81,72
0.232,0.107,0.006,1.99,0.186,0,0.4478,0.2884,0.153,-0.326,0.510,0.250,0.565,0.411,0.337,0.271,185,145,102,94,0.437,0.229,0.464,0.344,0.252,0.210,157,128,81,72
0.235,0.099,0.014,0.85,0.046,0,0.4621,0.2896,0.210,0.06,0.510,0.250,0.565,0.411,0.337,0.271,185,145,102,94,0.437,0.229,0.464,0.344,0.252,0.210,157,128,81,72
0.246,0.105,0.008,1.99,0.186,0,0.4854,0.2986,0.098,-0.326,0.510,0.250,0.565,0.411,0.337,0.271,185,145,102,94,0.437,0.229,0.464,0.344,0.252,0.210,157,128,81,72
0.246,0.153,0.346,-1.19,0.219,1,0.4974,0.3033,0.322,0.586,0.510,0.250,0.565,0.411,0.337,0.271,185,145,102,94,0.437,0.229,0.464,0.344,0.252,0.210,157,128,81,72
0.642,0.112,0.002,-0.79,0.151,-1,0.5059,0.3046,0.379,0.736,0.510,0.250,0.565,0.411,0.337,0.271,185,145,102,94,0.437,0.229,0.464,0.344,0.252,0.210,157,128,81,72
0.666,0.113,0.004,0.85,0.046,0,0.5080,0.3015,0.169,0.06,0.510,0.250,0.565,0.411,0.337,0.271,185,145,102,94,0.437,0.229,0.464,0.344,0.252,0.210,157,128,81,72
0.282,0.145,0.005,0.85,0.046,0,0.5238,0.3115,0.204,0.06,0.510,0.250,0.565,0.411,0.337,0.271,185,145,102,94,0.437,0.229,0.464,0.344,0.252,0.210,157,128,81,72
0.638,0.151,0.070,0,0.000,0,0.5448,0.3250,0.389,0.166,0.510,0.250,0.565,0.411,0.337,0.271,185,145,102,94,0.437,0.229,0.464,0.344,0.252,0.210,157,128,81,72
0.330,0.180,0.096,0.85,0.046,0,0.5753,0.3425,0.306,0.06,0.510,0.250,0.565,0.411,0.337,0.271,185,145,102,94,0.437,0.229,0.464,0.344,0.252,0.210,157,128,81,72
0.280,0.195,0.130,0.85,0.046,0,0.6047,0.3585,0.259,0.06,0.510,0.250,0.565,0.411,0.337,0.271,185,145,102,94,0.437,0.229,0.464,0.344,0.252,0.210,157,128,81,72
0.280,0.208,0.304,0,0.000,0,0.6317,0.3722,0.358,0.166,0.510,0.250,0.565,0.411,0.337,0.271,185,145,102,94,0.437,0.229,0.464,0.344,0.252,0.210,157,128,81,72
0.641,0.684,0.534,-0.52,0.062,0,0.6556,0.3845,0.339,0.341,0.510,0.250,0.565,0.411,0.337,0.271,185,145,102,94,0.437,0.229,0.464,0.344,0.252,0.210,157,128,81,72
0.646,0.219,0.389,0,0.000,0,0.6761,0.3976,0.316,0.166,0.510,0.250,0.565,0.411,0.337,0.271,185,145,102,94,0.437,0.229,0.464,0.344,0.252,0.210,157,128,81,72
0.643,0.685,0.579,-1.19,0.219,1,0.6959,0.4131,0.447,0.586,0.510,0.250,0.565,0.411,0.337,0.271,185,145,102,94,0.437,0.229,0.464,0.344,0.252,0.210,157,128,81,72
0.620,0.190,0.625,-1.19,0.219,1,0.7134,0.4311,0.376,0.586,0.510,0.250,0.565,0.411,0.337,0.271,185,145,102,94,0.437,0.229,0.464,0.344,0.252,0.210,157,128,81,72
0.639,0.131,0.370,0.85,0.046,0,0.7239,0.4479,0.203,0.06,0.510,0.250,0.565,0.411,0.337,0.271,185,145,102,94,0.437,0.229,0.464,0.344,0.252,0.210,157,128,81,72
0.638,0.106,0.425,0.85,0.046,0,0.7384,0.4726,0.226,0.06,0.510,0.250,0.565,0.411,0.337,0.271,185,145,102,94,0.437,0.229,0.464,0.344,0.252,0.210,157,128,81,72
0.279,0.102,0.414,0.85,0.046,0,0.7413,0.4899,0.285,0.06,0.510,0.250,0.565,0.411,0.337,0.271,185,145,102,94,0.437,0.229,0.464,0.344,0.252,0.210,157,128,81,72
0.615,0.106,0.455,0,0.000,0,0.7391,0.5025,0.225,0.166,0.510,0.250,0.565,0.411,0.337,0.271,185,145,102,94,0.437,0.229,0.464,0.344,0.252,0.210,157,128,81,72
0.230,0.098,0.449,0.85,0.046,0,0.7338,0.5114,0.128,0.06,0.510,0.250,0.565,0.411,0.337,0.271,185,145,102,94,0.437,0.229,0.464,0.344,0.252,0.210,157,128,81,72
0.615,0.118,0.616,-0.42,0.180,0,0.7336,0.5202,0.341,0.318,0.510,0.250,0.565,0.411,0.337,0.271,185,145,102,94,0.437,0.229,0.464,0.344,0.252,0.210,157,128,81,72
0.230,0.101,0.452,0.85,0.046,0,0.7387,0.5332,0.210,0.06,0.510,0.250,0.565,0.411,0.337,0.271,185,145,102,94,0.437,0.229,0.464,0.344,0.252,0.210,157,128,81,72
0.606,0.108,0.417,-0.52,0.062,0,0.7517,0.5484,0.163,0.341,0.510,0.250,0.565,0.411,0.337,0.271,185,145,102,94,0.437,0.229,0.464,0.344,0.252,0.210,157,128,81,72
0.605,0.116,0.433,-0.42,0.180,0,0.7614,0.5589,0.241,0.318,0.510,0.250,0.565,0.411,0.337,0.271,185,145,102,94,0.437,0.229,0.464,0.344,0.252,0.210,157,128,81,72
0.590,0.079,0.080,0.85,0.046,0,0.7742,0.5718,0.295,0.06,0.510,0.250,0.565,0.411,0.337,0.271,185,145,102,94,0.437,0.229,0.464,0.344,0.252,0.210,157,128,81,72
0.120,0.085,0.064,-0.42,0.180,0,0.7843,0.5845,0.323,0.318,0.510,0.250,0.565,0.411,0.337,0.271,185,145,102,94,0.437,0.229,0.464,0.344,0.252,0.210,157,128,81,72
0.557,0.074,0.002,1.99,0.186,0,0.8012,0.6027,0.127,-0.326,0.510,0.250,0.565,0.411,0.337,0.271,185,145,102,94,0.437,0.229,0.464,0.344,0.252,0.210,157,128,81,72
0.554,0.071,0.004,0,0.000,0,0.8174,0.6214,0.258,0.166,0.510,0.250,0.565,0.411,0.337,0.271,185,145,102,94,0.437,0.229,0.464,0.344,0.252,0.210,157,128,81,72
0.554,0.069,0.009,-0.79,0.151,-1,0.8359,0.6425,0.457,0.736,0.510,0.250,0.565,0.411,0.337,0.271,185,145,102,94,0.437,0.229,0.464,0.344,0.252,0.210,157,128,81,72
0.554,0.081,0.074,0.85,0.046,0,0.8523,0.6639,0.307,0.06,0.510,0.250,0.565,0.411,0.337,0.271,185,145,102,94,0.437,0.229,0.464,0.344,0.252,0.210,157,128,81,72
0.102,0.082,0.169,0.85,0.046,0,0.8676,0.6846,0.334,0.06,0.510,0.250,0.565,0.411,0.337,0.271,185,145,102,94,0.437,0.229,0.464,0.344,0.252,0.210,157,128,81,72
0.085,0.084,0.249,0,0.000,0,0.8792,0.7019,0.251,0.166,0.510,0.250,0.565,0.411,0.337,0.271,185,145,102,94,0.437,0.229,0.464,0.344,0.252,0.210,157,128,81,72
0.090,0.089,0.231,-1.14,0.131,0,0.8897,0.7201,0.365,0.987,0.510,0.250,0.565,0.411,0.337,0.271,185,145,102,94,0.437,0.229,0.464,0.344,0.252,0.210,157,128,81,72
0.081,0.082,0.353,0.85,0.046,0,0.8987,0.7352,0.364,0.06,0.510,0.250,0.565,0.411,0.337,0.271,185,145,102,94,0.437,0.229,0.464,0.344,0.252,0.210,157,128,81,72
0.090,0.092,0.424,-0.52,0.062,0,0.9052,0.7462,0.336,0.341,0.510,0.250,0.565,0.411,0.337,0.271,185,145,102,94,0.437,0.229,0.464,0.344,0.252,0.210,157,128,81,72
0.094,0.091,0.281,-0.79,0.151,-1,0.9121,0.7571,0.485,0.736,0.510,0.250,0.565,0.411,0.337,0.271,185,145,102,94,0.437,0.229,0.464,0.344,0.252,0.210,157,128,81,72
0.103,0.092,0.460,-0.08,0.108,0,0.9182,0.7670,0.304,0.059,0.510,0.250,0.565,0.411,0.337,0.271,185,145,102,94,0.437,0.229,0.464,0.344,0.252,0.210,157,128,81,72
0.104,0.094,0.363,-1.14,0.131,0,0.9183,0.7711,0.361,0.987,0.510,0.250,0.565,0.411,0.337,0.271,185,145,102,94,0.437,0.229,0.464,0.344,0.252,0.210,157,128,81,72
0.107,0.089,0.356,0.85,0.046,0,0.9161,0.7739,0.469,0.06,0.510,0.250,0.565,0.411,0.337,0.271,185,145,102,94,0.437,0.229,0.464,0.344,0.252,0.210,157,128,81,72
0.126,0.088,0.344,0,0.000,0,0.9114,0.7752,0.311,0.166,0.510,0.250,0.565,0.411,0.337,0.271,185,145,102,94,0.437,0.229,0.464,0.344,0.252,0.210,157,128,81,72
0.129,0.094,0.372,-0.08,0.108,0,0.9101,0.7809,0.362,0.059,0.510,0.250,0.565,0.411,0.337,0.271,185,145,102,94,0.437,0.229,0.464,0.344,0.252,0.210,157,128,81,72
0.124,0.094,0.418,-0.79,0.151,-1,0.9112,0.7884,0.504,0.736,0.510,0.250,0.565,0.411,0.337,0.271,185,145,102,94,0.437,0.229,0.464,0.344,0.252,0.210,157,128,81,72
0.099,0.101,0.474,-0.52,0.062,0,0.9099,0.7934,0.241,0.341,0.510,0.250,0.565,0.411,0.337,0.271,185,145,102,94,0.437,0.229,0.464,0.344,0.252,0.210,157,128,81,72
0.111,0.107,0.405,-1.14,0.131,0,0.9101,0.7972,0.367,0.987,0.510,0.250,0.565,0.411,0.337,0.271,185,145,102,94,0.437,0.229,0.464,0.344,0.252,0.210,157,128,81,72
0.137,0.139,0.472,0.22,0.230,0,0.9123,0.8030,0.375,0.303,0.510,0.250,0.565,0.411,0.337,0.271,185,145,102,94,0.437,0.229,0.464,0.344,0.252,0.210,157,128,81,72
0.135,0.127,0.492,-0.52,0.062,0,0.9107,0.8049,0.320,0.341,0.510,0.250,0.565,0.411,0.337,0.271,185,145,102,94,0.437,0.229,0.464,0.344,0.252,0.210,157,128,81,72
0.168,0.137,0.303,-0.52,0.062,0,0.9111,0.8085,0.313,0.341,0.510,0.250,0.565,0.411,0.337,0.271,185,145,102,94,0.437,0.229,0.464,0.344,0.252,0.210,157,128,81,72
0.179,0.126,0.266,0.85,0.046,0,0.9050,0.8075,0.300,0.06,0.510,0.250,0.565,0.411,0.337,0.271,185,145,102,94,0.437,0.229,0.464,0.344,0.252,0.210,157,128,81,72
0.186,0.151,0.305,-0.52,0.062,0,0.8945,0.8029,0.279,0.341,0.510,0.250,0.565,0.411,0.337,0.271,185,145,102,94,0.437,0.229,0.464,0.344,0.252,0.210,157,128,81,72
0.188,0.154,0.080,-1.14,0.131,0,0.8781,0.7946,0.295,0.987,0.510,0.250,0.565,0.411,0.337,0.271,185,145,102,94,0.437,0.229,0.464,0.344,0.252,0.210,157,128,81,72
0.153,0.153,0.145,2.1,0.128,0,0.8624,0.7892,0.124,0.02,0.510,0.250,0.565,0.411,0.337,0.271,185,145,102,94,0.437,0.229,0.464,0.344,0.252,0.210,157,128,81,72
0.159,0.159,0.367,-0.42,0.180,0,0.8490,0.7830,0.333,0.318,0.510,0.250,0.565,0.411,0.337,0.271,185,145,102,94,0.437,0.229,0.464,0.344,0.252,0.210,157,128,81,72
0.234,0.111,0.101,-0.79,0.151,-1,0.8463,0.7800,0.379,0.736,0.510,0.250,0.565,0.411,0.337,0.271,185,145,102,94,0.437,0.229,0.464,0.344,0.252,0.210,157,128,81,72
0.227,0.178,0.334,0.22,0.230,0,0.8344,0.7715,0.220,0.303,0.510,0.250,0.565,0.411,0.337,0.271,185,145,102,94,0.437,0.229,0.464,0.344,0.252,0.210,157,128,81,72
0.226,0.206,0.520,-1.19,0.219,1,0.8178,0.7594,0.400,0.586,0.510,0.250,0.565,0.411,0.337,0.271,185,145,102,94,0.437,0.229,0.464,0.344,0.252,0.210,157,128,81,72
0.204,0.209,0.440,0.2,0.291,1,0.8006,0.7466,0.418,0.180,0.510,0.250,0.565,0.411,0.337,0.271,185,145,102,94,0.437,0.229,0.464,0.344,0.252,0.210,157,128,81,72
0.196,0.146,0.110,0,0.000,0,0.7851,0.7351,0.283,0.166,0.510,0.250,0.565,0.411,0.337,0.271,185,145,102,94,0.437,0.229,0.464,0.344,0.252,0.210,157,128,81,72
0.188,0.145,0.126,0,0.000,0,0.7741,0.7256,0.276,0.166,0.510,0.250,0.565,0.411,0.337,0.271,185,145,102,94,0.437,0.229,0.464,0.344,0.252,0.210,157,128,81,72
0.188,0.153,0.095,1.99,0.186,0,0.7734,0.7246,0.200,-0.326,0.510,0.250,0.565,0.411,0.337,0.271,185,145,102,94,0.437,0.229,0.464,0.344,0.252,0.210,157,128,81,72
0.179,0.163,0.027,0,0.000,0,0.7799,0.7282,0.242,0.166,0.510,0.250,0.565,0.411,0.337,0.271,185,145,102,94,0.437,0.229,0.464,0.344,0.252,0.210,157,128,81,72
0.195,0.141,0.160,-0.79,0.151,-1,0.7888,0.7323,0.362,0.736,0.510,0.250,0.565,0.411,0.337,0.271,185,145,102,94,0.437,0.229,0.464,0.344,0.252,0.210,157,128,81,72
0.183,0.127,0.172,1.99,0.186,0,0.8021,0.7390,0.135,-0.326,0.510,0.250,0.565,0.411,0.337,0.271,185,145,102,94,0.437,0.229,0.464,0.344,0.252,0.210,157,128,81,72
0.181,0.159,0.364,-1.19,0.219,1,0.8182,0.7474,0.481,0.586,0.510,0.250,0.565,0.411,0.337,0.271,185,145,102,94,0.437,0.229,0.464,0.344,0.252,0.210,157,128,81,72
0.181,0.114,0.340,0,0.000,0,0.8359,0.7570,0.347,0.166,0.510,0.250,0.565,0.411,0.337,0.271,185,145,102,94,0.437,0.229,0.464,0.344,0.252,0.210,157,128,81,72
0.162,0.122,0.407,-0.08,0.108,0,0.8538,0.7670,0.246,0.059,0.510,0.250,0.565,0.411,0.337,0.271,185,145,102,94,0.437,0.229,0.464,0.344,0.252,0.210,157,128,81,72
0.132,0.108,0.372,-1.14,0.131,0,0.8674,0.7738,0.333,0.987,0.510,0.250,0.565,0.411,0.337,0.271,185,145,102,94,0.437,0.229,0.464,0.344,0.252,0.210,157,128,81,72
0.122,0.110,0.333,0.85,0.046,0,0.8784,0.7816,0.272,0.06,0.510,0.250,0.565,0.411,0.337,0.271,185,145,102,94,0.437,0.229,0.464,0.344,0.252,0.210,157,128,81,72
0.126,0.096,0.303,0.85,0.046,0,0.8862,0.7908,0.281,0.06,0.510,0.250,0.565,0.411,0.337,0.271,185,145,102,94,0.437,0.229,0.464,0.344,0.252,0.210,157,128,81,72
0.118,0.088,0.079,0.85,0.046,0,0.8915,0.8042,0.313,0.06,0.510,0.250,0.565,0.411,0.337,0.271,185,145,102,94,0.437,0.229,0.464,0.344,0.252,0.210,157,128,81,72
0.121,0.083,0.051,1.99,0.186,0,0.9005,0.8206,0.157,-0.326,0.510,0.250,0.565,0.411,0.337,0.271,185,145,102,94,0.437,0.229,0.464,0.344,0.252,0.210,157,128,81,72
0.114,0.088,0.318,-0.52,0.062,0,0.9231,0.8449,0.314,0.341,0.510,0.250,0.565,0.411,0.337,0.271,185,145,102,94,0.437,0.229,0.464,0.344,0.252,0.210,157,128,81,72
0.136,0.086,0.266,-1.14,0.131,0,0.9409,0.8666,0.314,0.987,0.510,0.250,0.565,0.411,0.337,0.271,185,145,102,94,0.437,0.229,0.464,0.344,0.252,0.210,157,128,81,72
0.132,0.091,0.224,-1.14,0.131,0,0.9535,0.8832,0.450,0.987,0.510,0.250,0.565,0.411,0.337,0.271,185,145,102,94,0.437,0.229,0.464,0.344,0.252,0.210,157,128,81,72
0.103,0.082,0.329,-0.79,0.151,-1,0.9591,0.8932,0.490,0.736,0.510,0.250,0.565,0.411,0.337,0.271,185,145,102,94,0.437,0.229,0.464,0.344,0.252,0.210,157,128,81,72
0.102,0.090,0.191,-1.14,0.131,0,0.9572,0.8959,0.474,0.987,0.510,0.250,0.565,0.411,0.337,0.271,185,145,102,94,0.437,0.229,0.464,0.344,0.252,0.210,157,128,81,72
0.107,0.095,0.331,0.85,0.046,0,0.9528,0.8958,0.409,0.06,0.510,0.250,0.565,0.411,0.337,0.271,185,145,102,94,0.437,0.229,0.464,0.344,0.252,0.210,157,128,81,72
0.113,0.100,0.219,-1.14,0.131,0,0.9456,0.8918,0.480,0.987,0.510,0.250,0.565,0.411,0.337,0.271,185,145,102,94,0.437,0.229,0.464,0.344,0.252,0.210,157,128,81,72
0.121,0.117,0.361,-0.52,0.062,0,0.9407,0.8884,0.392,0.341,0.510,0.250,0.565,0.411,0.337,0.271,185,145,102,94,0.437,0.229,0.464,0.344,0.252,0.210,157,128,81,72
0.119,0.125,0.227,-1.14,0.131,0,0.9357,0.8816,0.478,0.987,0.510,0.250,0.565,0.411,0.337,0.271,185,145,102,94,0.437,0.229,0.464,0.344,0.252,0.210,157,128,81,72
0.118,0.144,0.231,0,0.000,0,0.9355,0.8808,0.440,0.166,0.510,0.250,0.565,0.411,0.337,0.271,185,145,102,94,0.437,0.229,0.464,0.344,0.252,0.210,157,128,81,72
0.121,0.156,0.250,-0.42,0.180,0,0.9376,0.8825,0.349,0.318,0.510,0.250,0.565,0.411,0.337,0.271,185,145,102,94,0.437,0.229,0.464,0.344,0.252,0.210,157,128,81,72
0.110,0.156,0.277,-0.42,0.180,0,0.9440,0.8887,0.231,0.318,0.510,0.250,0.565,0.411,0.337,0.271,185,145,102,94,0.437,0.229,0.464,0.344,0.252,0.210,157,128,81,72
0.110,0.141,0.296,-0.42,0.180,0,0.9472,0.8906,0.219,0.318,0.510,0.250,0.565,0.411,0.337,0.271,185,145,102,94,0.437,0.229,0.464,0.344,0.252,0.210,157,128,81,72
0.124,0.140,0.271,-0.42,0.180,0,0.9496,0.8907,0.280,0.318,0.510,0.250,0.565,0.411,0.337,0.271,185,145,102,94,0.437,0.229,0.464,0.344,0.252,0.210,157,128,81,72
0.161,0.106,0.122,0.85,0.046,0,0.9480,0.8859,0.088,0.06,0.510,0.250,0.565,0.411,0.337,0.271,185,145,102,94,0.437,0.229,0.464,0.344,0.252,0.210,157,128,81,72
0.161,0.105,0.050,0.85,0.046,0,0.9474,0.8826,0.072,0.06,0.510,0.250,0.565,0.411,0.337,0.271,185,145,102,94,0.437,0.229,0.464,0.344,0.252,0.210,157,128,81,72
0.164,0.097,0.006,0.85,0.046,0,0.9507,0.8838,0.142,0.06,0.510,0.250,0.565,0.411,0.337,0.271,185,145,102,94,0.437,0.229,0.464,0.344,0.252,0.210,157,128,81,72
0.170,0.104,0.035,0.22,0.230,0,0.9474,0.8768,0.258,0.303,0.510,0.250,0.565,0.411,0.337,0.271,185,145,102,94,0.437,0.229,0.464,0.344,0.252,0.210,157,128,81,72
0.155,0.080,0.001,1.99,0.186,0,0.9392,0.8635,0.106,-0.326,0.510,0.250,0.565,0.411,0.337,0.271,185,145,102,94,0.437,0.229,0.464,0.344,0.252,0.210,157,128,81,72
0.155,0.086,0.001,1.99,0.186,0,0.9300,0.8456,0.142,-0.326,0.510,0.250,0.565,0.411,0.337,0.271,185,145,102,94,0.437,0.229,0.464,0.344,0.252,0.210,157,128,81,72
0.125,0.120,0.030,0,0.000,0,0.9180,0.8220,0.267,0.166,0.510,0.250,0.565,0.411,0.337,0.271,185,145,102,94,0.437,0.229,0.464,0.344,0.252,0.210,157,128,81,72
0.130,0.124,0.045,-1.14,0.131,0,0.9086,0.8014,0.214,0.987,0.510,0.250,0.565,0.411,0.337,0.271,185,145,102,94,0.437,0.229,0.464,0.344,0.252,0.210,157,128,81,72
0.143,0.132,0.094,-1.14,0.131,0,0.8981,0.7782,0.350,0.987,0.510,0.250,0.565,0.411,0.337,0.271,185,145,102,94,0.437,0.229,0.464,0.344,0.252,0.210,157,128,81,72
0.147,0.153,0.213,0.22,0.230,0,0.8947,0.7645,0.329,0.303,0.510,0.250,0.565,0.411,0.337,0.271,185,145,102,94,0.437,0.229,0.464,0.344,0.252,0.210,157,128,81,72
0.186,0.140,0.251,0.22,0.230,0,0.8967,0.7581,0.203,0.303,0.510,0.250,0.565,0.411,0.337,0.271,185,145,102,94,0.437,0.229,0.464,0.344,0.252,0.210,157,128,81,72
0.177,0.102,0.057,-1.14,0.131,0,0.9024,0.7573,0.405,0.987,0.510,0.250,0.565,0.411,0.337,0.271,185,145,102,94,0.437,0.229,0.464,0.344,0.252,0.210,157,128,81,72
0.145,0.098,0.087,0,0.000,0,0.9008,0.7512,0.465,0.166,0.510,0.250,0.565,0.411,0.337,0.271,185,145,102,94,0.437,0.229,0.464,0.344,0.252,0.210,157,128,81,72
0.155,0.115,0.040,1.99,0.186,0,0.9092,0.7554,0.244,-0.326,0.510,0.250,0.565,0.411,0.337,0.271,185,145,102,94,0.437,0.229,0.464,0.344,0.252,0.210,157,128,81,72
0.155,0.087,0.031,-1.14,0.131,0,0.9159,0.7588,0.331,0.987,0.510,0.250,0.565,0.411,0.337,0.271,185,145,102,94,0.437,0.229,0.464,0.344,0.252,0.210,157,128,81,72
0.139,0.093,0.064,-1.14,0.131,0,0.9298,0.7659,0.399,0.987,0.510,0.250,0.565,0.411,0.337,0.271,185,145,102,94,0.437,0.229,0.464,0.344,0.252,0.210,157,128,81,72
0.141,0.106,0.004,-0.79,0.151,-1,0.9269,0.7573,0.436,0.736,0.510,0.250,0.565,0.411,0.337,0.271,185,145,102,94,0.437,0.229,0.464,0.344,0.252,0.210,157,128,81,72
0.114,0.095,0.011,0.85,0.046,0,0.9051,0.7350,0.300,0.06,0.510,0.250,0.565,0.411,0.337,0.271,185,145,102,94,0.437,0.229,0.464,0.344,0.252,0.210,157,128,81,72
0.101,0.128,0.163,0.22,0.230,0,0.8734,0.7041,0.323,0.303,0.510,0.250,0.565,0.411,0.337,0.271,185,145,102,94,0.437,0.229,0.464,0.344,0.252,0.210,157,128,81,72
0.113,0.096,0.084,1.99,0.186,0,0.8457,0.6799,0.168,-0.326,0.510,0.250,0.565,0.411,0.337,0.271,185,145,102,94,0.437,0.229,0.464,0.344,0.252,0.210,157,128,81,72
0.101,0.134,0.273,-1.19,0.219,1,0.8162,0.6586,0.376,0.586,0.510,0.250,0.565,0.411,0.337,0.271,185,145,102,94,0.437,0.229,0.464,0.344,0.252,0.210,157,128,81,72
0.077,0.116,0.382,-1.14,0.131,0,0.7888,0.6418,0.328,0.987,0.510,0.250,0.565,0.411,0.337,0.271,185,145,102,94,0.437,0.229,0.464,0.344,0.252,0.210,157,128,81,72
0.085,0.147,0.290,-0.79,0.151,-1,0.7525,0.6222,0.397,0.736,0.510,0.250,0.565,0.411,0.337,0.271,185,145,102,94,0.437,0.229,0.464,0.344,0.252,0.210,157,128,81,72
0.081,0.184,0.480,0.22,0.230,0,0.7086,0.5985,0.196,0.303,0.510,0.250,0.565,0.411,0.337,0.271,185,145,102,94,0.437,0.229,0.464,0.344,0.252,0.210,157,128,81,72
0.068,0.189,0.528,0.22,0.230,0,0.6647,0.5738,0.194,0.303,0.510,0.250,0.565,0.411,0.337,0.271,185,145,102,94,0.437,0.229,0.464,0.344,0.252,0.210,157,128,81,72
0.060,0.209,0.578,1.37,0.298,0,0.6303,0.5554,0.154,-0.510,0.510,0.250,0.565,0.411,0.337,0.271,185,145,102,94,0.437,0.229,0.464,0.344,0.252,0.210,157,128,81,72
0.063,0.157,0.422,0.85,0.046,0,0.6027,0.5370,0.155,0.06,0.510,0.250,0.565,0.411,0.337,0.271,185,145,102,94,0.437,0.229,0.464,0.344,0.252,0.210,157,128,81,72
0.081,0.202,0.566,1.69,0.290,0,0.5969,0.5333,0.106,-0.697,0.510,0.250,0.565,0.411,0.337,0.271,185,145,102,94,0.437,0.229,0.464,0.344,0.252,0.210,157,128,81,72
0.085,0.682,0.490,-0.48,0.134,0,0.5957,0.5306,0.286,0.007,0.510,0.250,0.565,0.411,0.337,0.271,185,145,102,94,0.437,0.229,0.464,0.344,0.252,0.210,157,128,81,72
0.083,0.750,0.575,0.22,0.230,0,0.6017,0.5337,0.129,0.303,0.510,0.250,0.565,0.411,0.337,0.271,185,145,102,94,0.437,0.229,0.464,0.344,0.252,0.210,157,128,81,72
0.068,0.228,0.498,-1.14,0.131,0,0.5991,0.5301,0.217,0.987,0.510,0.250,0.565,0.411,0.337,0.271,185,145,102,94,0.437,0.229,0.464,0.344,0.252,0.210,157,128,81,72
0.052,0.712,0.459,1.69,0.290,0,0.6061,0.5338,0.130,-0.697,0.510,0.250,0.565,0.411,0.337,0.271,185,145,102,94,0.437,0.229,0.464,0.344,0.252,0.210,157,128,81,72
0.053,0.233,0.646,-0.52,0.062,0,0.6219,0.5448,0.162,0.341,0.510,0.250,0.565,0.411,0.337,0.271,185,145,102,94,0.437,0.229,0.464,0.344,0.252,0.210,157,128,81,72
0.071,0.225,0.443,3.14,0.186,0,0.6622,0.5726,0.095,-0.486,0.510,0.250,0.565,0.411,0.337,0.271,185,145,102,94,0.437,0.229,0.464,0.344,0.252,0.210,157,128,81,72
0.071,0.769,0.699,-0.48,0.134,0,0.6963,0.5921,0.272,0.007,0.510,0.250,0.565,0.411,0.337,0.271,185,145,102,94,0.437,0.229,0.464,0.344,0.252,0.210,157,128,81,72
0.071,0.737,0.720,-0.48,0.134,0,0.7236,0.6081,0.264,0.007,0.510,0.250,0.565,0.411,0.337,0.271,185,145,102,94,0.437,0.229,0.464,0.344,0.252,0.210,157,128,81,72
0.084,0.236,0.175,1.99,0.186,0,0.7510,0.6207,0.117,-0.326,0.510,0.250,0.565,0.411,0.337,0.271,185,145,102,94,0.437,0.229,0.464,0.344,0.252,0.210,157,128,81,72
0.090,0.707,0.429,1.42,0.221,0,0.7860,0.6433,0.171,-0.397,0.510,0.250,0.565,0.411,0.337,0.271,185,145,102,94,0.437,0.229,0.464,0.344,0.252,0.210,157,128,81,72
0.117,0.690,0.499,-0.52,0.062,0,0.8223,0.6702,0.242,0.341,0.510,0.250,0.565,0.411,0.337,0.271,185,145,102,94,0.437,0.229,0.464,0.344,0.252,0.210,157,128,81,72
0.148,0.699,0.590,-0.52,0.062,0,0.8669,0.7068,0.279,0.341,0.510,0.250,0.565,0.411,0.337,0.271,185,145,102,94,0.437,0.229,0.464,0.344,0.252,0.210,157,128,81,72
0.148,0.193,0.522,-0.79,0.151,-1,0.9032,0.7365,0.330,0.736,0.510,0.250,0.565,0.411,0.337,0.271,185,145,102,94,0.437,0.229,0.464,0.344,0.252,0.210,157,128,81,72
0.149,0.204,0.559,-0.42,0.180,0,0.9272,0.7580,0.299,0.318,0.510,0.250,0.565,0.411,0.337,0.271,185,145,102,94,0.437,0.229,0.464,0.344,0.252,0.210,157,128,81,72
0.172,0.229,0.509,-0.42,0.180,0,0.9434,0.7795,0.335,0.318,0.510,0.250,0.565,0.411,0.337,0.271,185,145,102,94,0.437,0.229,0.464,0.344,0.252,0.210,157,128,81,72
0.175,0.231,0.540,0.22,0.230,0,0.9524,0.7971,0.284,0.303,0.510,0.250,0.565,0.411,0.337,0.271,185,145,102,94,0.437,0.229,0.464,0.344,0.252,0.210,157,128,81,72
0.218,0.206,0.445,0.22,0.230,0,0.9547,0.8082,0.256,0.303,0.510,0.250,0.565,0.411,0.337,0.271,185,145,102,94,0.437,0.229,0.464,0.344,0.252,0.210,157,128,81,72
0.261,0.188,0.481,0.22,0.230,0,0.9634,0.8212,0.247,0.303,0.510,0.250,0.565,0.411,0.337,0.271,185,145,102,94,0.437,0.229,0.464,0.344,0.252,0.210,157,128,81,72
0.289,0.165,0.425,-0.52,0.062,0,0.9700,0.8290,0.221,0.341,0.510,0.250,0.565,0.411,0.337,0.271,185,145,102,94,0.437,0.229,0.464,0.344,0.252,0.210,157,128,81,72
0.289,0.209,0.368,0.22,0.230,0,0.9711,0.8293,0.269,0.303,0.510,0.250,0.565,0.411,0.337,0.271,185,145,102,94,0.437,0.229,0.464,0.344,0.252,0.210,157,128,81,72
0.331,0.194,0.137,0.22,0.230,0,0.9710,0.8220,0.281,0.303,0.510,0.250,0.565,0.411,0.337,0.271,185,145,102,94,0.437,0.229,0.464,0.344,0.252,0.210,157,128,81,72
0.320,0.202,0.308,0.22,0.230,0,0.9631,0.8061,0.280,0.303,0.510,0.250,0.565,0.411,0.337,0.271,185,145,102,94,0.437,0.229,0.464,0.344,0.252,0.210,157,128,81,72
0.281,0.215,0.165,0.22,0.230,0,0.9422,0.7819,0.296,0.303,0.510,0.250,0.565,0.411,0.337,0.271,185,145,102,94,0.437,0.229,0.464,0.344,0.252,0.210,157,128,81,72
0.281,0.199,0.160,-0.42,0.180,0,0.9293,0.7636,0.300,0.318,0.510,0.250,0.565,0.411,0.337,0.271,185,145,102,94,0.437,0.229,0.464,0.344,0.252,0.210,157,128,81,72
0.281,0.169,0.173,-1.14,0.131,0,0.9100,0.7397,0.277,0.987,0.510,0.250,0.565,0.411,0.337,0.271,185,145,102,94,0.437,0.229,0.464,0.344,0.252,0.210,157,128,81,72
0.288,0.231,0.298,0.22,0.230,0,0.8853,0.7144,0.272,0.303,0.510,0.250,0.565,0.411,0.337,0.271,185,145,102,94,0.437,0.229,0.464,0.344,0.252,0.210,157,128,81,72
0.282,0.715,0.316,-1.19,0.219,1,0.8477,0.6783,0.433,0.586,0.510,0.250,0.565,0.411,0.337,0.271,185,145,102,94,0.437,0.229,0.464,0.344,0.252,0.210,157,128,81,72
0.282,0.227,0.353,1.42,0.221,0,0.8104,0.6489,0.230,-0.397,0.510,0.250,0.565,0.411,0.337,0.271,185,145,102,94,0.437,0.229,0.464,0.344,0.252,0.210,157,128,81,72
0.241,0.215,0.167,-1.1,0.105,-1,0.7696,0.6209,0.219,0.192,0.510,0.250,0.565,0.411,0.337,0.271,185,145,102,94,0.437,0.229,0.464,0.344,0.252,0.210,157,128,81,72
0.222,0.150,0.167,1.99,0.186,0,0.7287,0.6004,0.124,-0.326,0.510,0.250,0.565,0.411,0.337,0.271,185,145,102,94,0.437,0.229,0.464,0.344,0.252,0.210,157,128,81,72
0.213,0.245,0.384,-1.19,0.219,1,0.6784,0.5704,0.420,0.586,0.510,0.250,0.565,0.411,0.337,0.271,185,145,102,94,0.437,0.229,0.464,0.344,0.252,0.210,157,128,81,72
0.180,0.147,0.126,0.85,0.046,0,0.6354,0.5422,0.139,0.06,0.510,0.250,0.565,0.411,0.337,0.271,185,145,102,94,0.437,0.229,0.464,0.344,0.252,0.210,157,128,81,72
0.172,0.181,0.340,1.37,0.298,0,0.5972,0.5183,0.091,-0.510,0.510,0.250,0.565,0.411,0.337,0.271,185,145,102,94,0.437,0.229,0.464,0.344,0.252,0.210,157,128,81,72
0.168,0.134,0.191,-0.79,0.151,-1,0.5697,0.5018,0.299,0.736,0.510,0.250,0.565,0.411,0.337,0.271,185,145,102,94,0.437,0.229,0.464,0.344,0.252,0.210,157,128,81,72
0.166,0.158,0.364,-0.42,0.180,0,0.5513,0.4897,0.249,0.318,0.510,0.250,0.565,0.411,0.337,0.271,185,145,102,94,0.437,0.229,0.464,0.344,0.252,0.210,157,128,81,72
0.180,0.123,0.104,2.53,0.140,0,0.5234,0.4694,0.065,-0.121,0.510,0.250,0.565,0.411,0.337,0.271,185,145,102,94,0.437,0.229,0.464,0.344,0.252,0.210,157,128,81,72
0.162,0.141,0.299,1.42,0.221,0,0.5055,0.4538,0.090,-0.397,0.510,0.250,0.565,0.411,0.337,0.271,185,145,102,94,0.437,0.229,0.464,0.344,0.252,0.210,157,128,81,72
0.134,0.112,0.333,0.22,0.230,0,0.4957,0.4418,0.301,0.303,0.510,0.250,0.565,0.411,0.337,0.271,185,145,102,94,0.437,0.229,0.464,0.344,0.252,0.210,157,128,81,72
0.135,0.119,0.387,1.37,0.298,0,0.4995,0.4374,0.119,-0.510,0.510,0.250,0.565,0.411,0.337,0.271,185,145,102,94,0.437,0.229,0.464,0.344,0.252,0.210,157,128,81,72
0.140,0.109,0.356,-1.14,0.131,0,0.4973,0.4285,0.177,0.987,0.510,0.250,0.565,0.411,0.337,0.271,185,145,102,94,0.437,0.229,0.464,0.344,0.252,0.210,157,128,81,72
0.142,0.122,0.541,0,0.000,0,0.4957,0.4191,0.225,0.166,0.510,0.250,0.565,0.411,0.337,0.271,185,145,102,94,0.437,0.229,0.464,0.344,0.252,0.210,157,128,81,72
0.119,0.119,0.615,1.37,0.298,0,0.4915,0.4078,0.264,-0.510,0.510,0.250,0.565,0.411,0.337,0.271,185,145,102,94,0.437,0.229,0.464,0.344,0.252,0.210,157,128,81,72
0.121,0.093,0.440,0,0.000,0,0.4991,0.4046,0.293,0.166,0.510,0.250,0.565,0.411,0.337,0.271,185,145,102,94,0.437,0.229,0.464,0.344,0.252,0.210,157,128,81,72
0.130,0.113,0.528,-0.52,0.062,0,0.5186,0.4065,0.160,0.341,0.510,0.250,0.565,0.411,0.337,0.271,185,145,102,94,0.437,0.229,0.464,0.344,0.252,0.210,157,128,81,72
0.158,0.107,0.415,-1.14,0.131,0,0.5328,0.4046,0.258,0.987,0.510,0.250,0.565,0.411,0.337,0.271,185,145,102,94,0.437,0.229,0.464,0.344,0.252,0.210,157,128,81,72
0.155,0.108,0.524,1.42,0.221,0,0.5565,0.4090,0.204,-0.397,0.510,0.250,0.565,0.411,0.337,0.271,185,145,102,94,0.437,0.229,0.464,0.344,0.252,0.210,157,128,81,72
0.132,0.108,0.497,-1.14,0.131,0,0.5780,0.4109,0.263,0.987,0.510,0.250,0.565,0.411,0.337,0.271,185,145,102,94,0.437,0.229,0.464,0.344,0.252,0.210,157,128,81,72
0.157,0.099,0.406,0,0.000,0,0.6127,0.4235,0.207,0.166,0.510,0.250,0.565,0.411,0.337,0.271,185,145,102,94,0.437,0.229,0.464,0.344,0.252,0.210,157,128,81,72
0.139,0.094,0.380,-0.52,0.062,0,0.6380,0.4297,0.168,0.341,0.510,0.250,0.565,0.411,0.337,0.271,185,145,102,94,0.437,0.229,0.464,0.344,0.252,0.210,157,128,81,72
0.159,0.087,0.271,1.99,0.186,0,0.6718,0.4435,0.133,-0.326,0.510,0.250,0.565,0.411,0.337,0.271,185,145,102,94,0.437,0.229,0.464,0.344,0.252,0.210,157,128,81,72
0.165,0.074,0.194,0.85,0.046,0,0.6970,0.4499,0.135,0.06,0.510,0.250,0.565,0.411,0.337,0.271,185,145,102,94,0.437,0.229,0.464,0.344,0.252,0.210,157,128,81,72
0.156,0.084,0.352,1.42,0.221,0,0.7241,0.4596,0.171,-0.397,0.510,0.250,0.565,0.411,0.337,0.271,185,145,102,94,0.437,0.229,0.464,0.344,0.252,0.210,157,128,81,72
0.174,0.085,0.391,0,0.000,0,0.7366,0.4627,0.097,0.166,0.510,0.250,0.565,0.411,0.337,0.271,185,145,102,94,0.437,0.229,0.464,0.344,0.252,0.210,157,128,81,72
0.179,0.079,0.363,-1.14,0.131,0,0.7273,0.4493,0.294,0.987,0.510,0.250,0.565,0.411,0.337,0.271,185,145,102,94,0.437,0.229,0.464,0.344,0.252,0.210,157,128,81,72
0.164,0.081,0.403,2.53,0.140,0,0.7252,0.4376,0.140,-0.121,0.510,0.250,0.565,0.411,0.337,0.271,185,145,102,94,0.437,0.229,0.464,0.344,0.252,0.210,157,128,81,72
0.170,0.094,0.516,-0.08,0.108,0,0.7242,0.4269,0.248,0.059,0.510,0.250,0.565,0.411,0.337,0.271,185,145,102,94,0.437,0.229,0.464,0.344,0.252,0.210,157,128,81,72
0.164,0.095,0.539,-0.48,0.134,0,0.7192,0.4174,0.320,0.007,0.510,0.250,0.565,0.411,0.337,0.271,185,145,102,94,0.437,0.229,0.464,0.344,0.252,0.210,157,128,81,72
0.173,0.100,0.605,-1.19,0.219,1,0.7019,0.4036,0.441,0.586,0.510,0.250,0.565,0.411,0.337,0.271,185,145,102,94,0.437,0.229,0.464,0.344,0.252,0.210,157,128,81,72
0.163,0.090,0.429,-0.08,0.108,0,0.6951,0.3996,0.356,0.059,0.510,0.250,0.565,0.411,0.337,0.271,185,145,102,94,0.437,0.229,0.464,0.344,0.252,0.210,157,128,81,72
0.148,0.084,0.423,0,0.000,0,0.6748,0.3908,0.313,0.166,0.510,0.250,0.565,0.411,0.337,0.271,185,145,102,94,0.437,0.229,0.464,0.344,0.252,0.210,157,128,81,72
0.156,0.079,0.290,1.99,0.186,0,0.6605,0.3901,0.201,-0.326,0.510,0.250,0.565,0.411,0.337,0.271,185,145,102,94,0.437,0.229,0.464,0.344,0.252,0.210,157,128,81,72
0.139,0.083,0.157,-1.1,0.105,-1,0.6435,0.3870,0.363,0.192,0.510,0.250,0.565,0.411,0.337,0.271,185,145,102,94,0.437,0.229,0.464,0.344,0.252,0.210,157,128,81,72
0.119,0.081,0.136,0.85,0.046,0,0.6227,0.3846,0.227,0.06,0.510,0.250,0.565,0.411,0.337,0.271,185,145,102,94,0.437,0.229,0.464,0.344,0.252,0.210,157,128,81,72
0.113,0.089,0.313,-0.52,0.062,0,0.5976,0.3777,0.243,0.341,0.510,0.250,0.565,0.411,0.337,0.271,185,145,102,94,0.437,0.229,0.464,0.344,0.252,0.210,157,128,81,72
0.121,0.083,0.082,-1.14,0.131,0,0.5616,0.3640,0.304,0.987,0.510,0.250,0.565,0.411,0.337,0.271,185,145,102,94,0.437,0.229,0.464,0.344,0.252,0.210,157,128,81,72
0.121,0.078,0.051,1.99,0.186,0,0.5282,0.3480,0.160,-0.326,0.510,0.250,0.565,0.411,0.337,0.271,185,145,102,94,0.437,0.229,0.464,0.344,0.252,0.210,157,128,81,72
0.113,0.082,0.020,0.85,0.046,0,0.4892,0.3281,0.205,0.06,0.510,0.250,0.565,0.411,0.337,0.271,185,145,102,94,0.437,0.229,0.464,0.344,0.252,0.210,157,128,81,72
0.140,0.080,0.230,0.85,0.046,0,0.4645,0.3168,0.276,0.06,0.510,0.250,0.565,0.411,0.337,0.271,185,145,102,94,0.437,0.229,0.464,0.344,0.252,0.210,157,128,81,72
0.118,0.094,0.256,-1.1,0.105,-1,0.4448,0.3045,0.302,0.192,0.510,0.250,0.565,0.411,0.337,0.271,185,145,102,94,0.437,0.229,0.464,0.344,0.252,0.210,157,128,81,72
0.118,0.111,0.244,-0.08,0.108,0,0.4324,0.2941,0.180,0.059,0.510,0.250,0.565,0.411,0.337,0.271,185,145,102,94,0.437,0.229,0.464,0.344,0.252,0.210,157,128,81,72
0.113,0.124,0.428,-0.52,0.062,0,0.4096,0.2788,0.241,0.341,0.510,0.250,0.565,0.411,0.337,0.271,185,145,102,94,0.437,0.229,0.464,0.344,0.252,0.210,157,128,81,72
0.119,0.148,0.614,1.37,0.298,0,0.3957,0.2733,0.183,-0.510,0.510,0.250,0.565,0.411,0.337,0.271,185,145,102,94,0.437,0.229,0.464,0.344,0.252,0.210,157,128,81,72
0.105,0.145,0.568,1.37,0.298,0,0.3965,0.2816,0.143,-0.510,0.510,0.250,0.565,0.411,0.337,0.271,185,145,102,94,0.437,0.229,0.464,0.344,0.252,0.210,157,128,81,72
0.109,0.129,0.643,-0.42,0.180,0,0.4071,0.3023,0.292,0.318,0.510,0.250,0.565,0.411,0.337,0.271,185,145,102,94,0.437,0.229,0.464,0.344,0.252,0.210,157,128,81,72
0.109,0.114,0.535,0,0.000,0,0.4147,0.3337,0.175,0.166,0.510,0.250,0.565,0.411,0.337,0.271,185,145,102,94,0.437,0.229,0.464,0.344,0.252,0.210,157,128,81,72
0.112,0.100,0.504,2.53,0.140,0,0.3932,0.3641,0.180,-0.121,0.510,0.250,0.565,0.411,0.337,0.271,185,145,102,94,0.437,0.229,0.464,0.344,0.252,0.210,157,128,81,72
0.110,0.136,0.727,1.37,0.298,0,0.3855,0.4141,0.180,-0.510,0.510,0.250,0.565,0.411,0.337,0.271,185,145,102,94,0.437,0.229,0.464,0.344,0.252,0.210,157,128,81,72
0.107,0.114,0.677,-0.52,0.062,0,0.3757,0.4699,0.229,0.341,0.510,0.250,0.565,0.411,0.337,0.271,185,145,102,94,0.437,0.229,0.464,0.344,0.252,0.210,157,128,81,72
0.103,0.136,0.732,0.2,0.291,1,0.3648,0.5286,0.255,0.180,0.510,0.250,0.565,0.411,0.337,0.271,185,145,102,94,0.437,0.229,0.464,0.344,0.252,0.210,157,128,81,72
0.106,0.101,0.297,-1.14,0.131,0,0.3547,0.5875,0.303,0.987,0.510,0.250,0.565,0.411,0.337,0.271,185,145,102,94,0.437,0.229,0.464,0.344,0.252,0.210,157,128,81,72
0.110,0.092,0.320,3.14,0.186,0,0.3489,0.6451,0.207,-0.486,0.510,0.250,0.565,0.411,0.337,0.271,185,145,102,94,0.437,0.229,0.464,0.344,0.252,0.210,157,128,81,72
0.099,0.095,0.356,1.42,0.221,0,0.3524,0.7015,0.264,-0.397,0.510,0.250,0.565,0.411,0.337,0.271,185,145,102,94,0.437,0.229,0.464,0.344,0.252,0.210,157,128,81,72
0.114,0.117,0.379,-0.48,0.134,0,0.3723,0.7589,0.387,0.007,0.510,0.250,0.565,0.411,0.337,0.271,185,145,102,94,0.437,0.229,0.464,0.344,0.252,0.210,157,128,81,72
0.135,0.096,0.405,-0.52,0.062,0,0.4176,0.8222,0.428,0.341,0.510,0.250,0.565,0.411,0.337,0.271,185,145,102,94,0.437,0.229,0.464,0.344,0.252,0.210,157,128,81,72
0.140,0.108,0.332,-0.52,0.062,0,0.4998,0.8995,0.850,0.341,0.510,0.250,0.565,0.411,0.337,0.271,185,145,102,94,0.437,0.229,0.464,0.344,0.252,0.210,157,128,81,72
